500
0.0173699971875
0.000561597018656
3.73359132556e-13
8.36889063078e-05
0.00150849900735
5.32703092721e-07
2.76818771957e-06
2.73414583838e-06
0.00324454914127
0.0173699971875
0.0
0.0
0.000293722868737
0.00637758806072
4.14676287857e-08
0.0173699971875
4.24797801697e-07
0.0173699971875
0.0
0.0173699971875
6.20538506447e-19
0.0173699971875
9.8012315099e-09
0.0290620996432
0.0759622526239
0.0759622526239
0.00637758806072
0.0138043091064
3.23093585695e-09
2.88376180695e-05
0.000309390384814
2.04830153287e-07
0.000178250478794
3.20028764275e-06
4.52786968196e-05
0.00177992147522
0.000454821703545
7.66902688669e-09
0.0290620996432
0.0759622526239
0.000271286724131
1.85518980613e-05
0.0173699971875
1.17603167906e-13
3.4638191331e-06
1.87110214002e-12
0.0173699971875
0.00568923739922
0.0
0.0173699971875
9.37201498412e-10
0.0759622526239
7.65725144116e-05
0.00173155508027
0.0173699971875
0.00568923739922
0.0759622526239
0.0138043091064
4.78929809387e-05
0.00568923739922
0.000167483079223
0.00471626747912
0.0759622526239
0.00177992147522
0.0759622526239
1.03695203612e-06
0.0138043091064
0.000219607249825
0.0173699971875
2.3986464953e-10
1.15879875515e-09
0.0105714832333
0.000229495689633
0.000561597018656
0.00567280207218
0.00568923739922
1.69254753526e-05
0.00117354208317
5.23647851148e-06
0.00567280207218
0.0173699971875
0.0050798582915
0.00155061083751
1.45438657679e-06
0.0
0.0173699971875
0.000454821703545
0.00568923739922
0.0759622526239
4.49188082521e-05
0.0173699971875
0.000982139593533
0.0123709712329
0.00291774110621
0.00119514758659
0.00150849900735
0.00140016215123
2.98115036804e-05
0.000589651766857
7.19154650157e-09
0.00568923739922
0.0759622526239
0.0173699971875
0.0759622526239
0.000296516161085
0.0759622526239
0.00568923739922
0.0173699971875
0.0123709712329
0.000172777207494
0.00254428703401
0.0759622526239
0.00408696591145
0.00568923739922
0.0173699971875
0.0173699971875
3.95929443496e-08
0.00637758806072
0.0200706277057
0.0759622526239
9.16695160654e-05
0.000223066486018
0.0759622526239
0.00637758806072
6.64242865195e-05
3.13178930342e-06
0.0173699971875
0.0759622526239
1.69602634429e-06
6.52164322535e-05
0.0759622526239
1.19500787913e-05
0.0759622526239
0.000768586307079
0.00423877713398
0.00568923739922
0.0173699971875
0.000976176070036
1.55899702258e-08
0.0200706277057
0.0759622526239
0.0173699971875
0.000482668300327
8.79781130095e-09
0.000102517127873
0.0759622526239
4.08320561435e-09
0.00118365877515
0.0290620996432
0.00408696591145
0.000647036727552
1.50315118997e-05
0.00462298360878
0.00291774110621
1.55393262268e-07
2.58526750108e-05
0.00567280207218
0.00018228196513
6.67714935522e-05
1.70644303581e-06
0.0759622526239
2.73765332996e-11
0.00408696591145
0.00291774110621
0.0759622526239
0.0759622526239
0.0173699971875
3.86885606653e-12
0.000979636415763
0.0759622526239
6.02953925152e-06
9.86522744984e-07
0.0759622526239
0.00568923739922
1.3970890136e-09
0.0173699971875
0.0759622526239
9.07455403685e-06
0.00504960563304
5.69593588159e-09
0.000102623214309
9.83441068616e-07
0.00637758806072
7.05837319585e-05
0.0173699971875
4.23859470071e-11
0.0
0.0759622526239
0.000139705245633
0.0759622526239
0.000203661426124
0.000287657076978
4.9719673957e-16
0.0
0.00134612519486
4.14583121295e-05
0.00554676900314
0.0759622526239
0.00291774110621
4.85883540097e-06
0.000512113641647
0.0173699971875
0.000293722868737
1.60525642117e-05
0.00568923739922
0.00408696591145
0.0200706277057
5.79337082765e-08
0.0759622526239
0.00637758806072
2.37730386507e-06
1.04089569333e-06
3.40896048827e-05
0.0065561867678
0.0759622526239
0.00637758806072
0.0138043091064
0.0173699971875
0.00637758806072
0.0173699971875
2.75274237183e-05
0.0759622526239
7.31599497454e-05
1.02105252817e-10
0.00131018903988
0.00173155508027
0.0759622526239
2.70306087776e-06
0.000422273533653
0.000103214871832
0.000768586307079
1.65840046349e-05
0.0138043091064
6.10007327477e-06
3.50404942266e-08
0.00568923739922
0.00568923739922
2.50361871677e-05
0.0759622526239
9.9220904919e-13
0.0138043091064
0.0173699971875
0.00568923739922
7.7956314372e-10
0.000293722868737
0.0
0.0759622526239
0.0759622526239
0.0173699971875
0.000982623476853
0.00637758806072
9.68429238769e-05
0.000533687593308
0.00099186153255
0.00012730913971
0.000315957877907
1.73627655116e-05
0.0
0.000561597018656
0.0200706277057
0.0759622526239
0.0759622526239
0.000357637388615
0.0759622526239
0.000178250478794
0.00115940094405
3.97325458515e-05
0.000116032450846
0.0173699971875
0.0759622526239
0.000386080805406
0.0290620996432
0.0123709712329
1.65825675783e-05
4.22313090524e-08
0.0123709712329
5.91649354308e-05
0.0759622526239
0.000357637388615
7.29249007696e-12
0.00567280207218
2.34791017068e-07
0.00140016215123
0.0173699971875
0.00408696591145
0.0759622526239
0.00110630944349
0.0173699971875
0.0173699971875
0.00637758806072
0.0173699971875
0.00637758806072
1.43360407728e-10
0.0123709712329
0.00136241005404
3.83677525565e-06
0.0065561867678
2.02765231549e-06
0.0
7.68767050409e-05
0.00024520036468
1.45725401018e-05
0.0
1.93086344639e-06
0.0759622526239
2.76661313614e-06
5.48903708488e-13
0.00568923739922
0.00408696591145
0.0759622526239
2.32275595992e-12
0.0173699971875
0.0173699971875
0.0759622526239
5.44423869068e-05
0.0759622526239
0.0123709712329
0.000202456373511
0.00568923739922
2.30190867566e-05
1.57392832599e-05
9.32609707603e-08
1.38920662574e-09
0.0759622526239
0.0200706277057
0.0759622526239
9.14097635599e-07
0.0173699971875
3.0591765844e-07
0.00568923739922
0.0173699971875
5.58268568529e-13
0.00267289753376
2.17269914786e-05
0.0
0.0123709712329
3.11089394492e-05
0.00115940094405
6.23217800994e-08
0.0759622526239
0.00032746909259
1.73349009997e-12
0.00462298360878
3.41312004494e-06
0.00637758806072
0.0
0.00267289753376
4.92603495362e-07
0.0123709712329
0.00173155508027
0.0173699971875
0.00032302487944
9.13699735953e-12
0.00568923739922
0.0138043091064
4.18896668411e-07
3.058496863e-09
0.000220298375492
1.07809590332e-13
1.14934284516e-06
0.00173155508027
0.0759622526239
0.0759622526239
1.49106289495e-07
3.05710022915e-08
2.04957104985e-15
7.84917842351e-06
0.000140322385026
0.0
0.0759622526239
0.0759622526239
0.0138043091064
6.05352549137e-16
1.74307533863e-05
0.0173699971875
8.89202598214e-05
7.09053134274e-05
6.73103808172e-11
0.00593782456013
0.000522945965929
2.68984457027e-06
0.0759622526239
0.00408696591145
0.00408696591145
1.20884854015e-10
0.00554676900314
0.00554676900314
0.000198701770635
1.27427321027e-07
0.000367613948831
7.31599497454e-05
7.70960111595e-08
0.0
0.0138043091064
3.15222949e-06
1.16531105442e-06
0.00567280207218
0.00554676900314
6.62912560233e-05
0.00423877713398
0.00568923739922
0.0759622526239
8.73603555674e-05
0.0759622526239
0.00150849900735
4.06411164153e-13
0.0173699971875
0.0138043091064
0.0173699971875
0.000139705245633
0.00568923739922
0.000432638362336
0.0138043091064
0.00593782456013
6.45448247848e-10
0.00568923739922
6.19911221517e-07
0.0065561867678
0.00568923739922
2.06309038567e-05
0.0173699971875
0.000271286724131
1.96161032337e-05
0.0138043091064
6.16267921096e-05
8.91123384042e-06
0.000573689065954
0.00119514758659
0.0065561867678
0.000314394441433
0.000283389855706
0.000357637388615
7.0046823103e-06
0.00140016215123
0.0
0.0200706277057
0.00408696591145
0.0
2.12981055386e-05
0.00291774110621
0.00133258487675
0.0759622526239
0.0759622526239
2.97844923466e-05
6.6950241004e-08
3.86887680727e-16
0.0173699971875
0.0173699971875
1.82002421385e-05
6.48201536662e-05
0.0759622526239
0.000982139593533
0.0123709712329
5.83409279616e-06
1.12302319963e-06
0.0759622526239
0.0759622526239
0.000402861925655
0.0759622526239
1.21928624547e-07
2.08777618203e-07
2.42446213763e-06
6.06288981114e-10
1.59042175901e-08
0.0759622526239
0.000178250478794
1.9180928269e-08
0.0173699971875
0.0
3.8115550326e-05
0.000268398497505
0.000291079388552
0.00568923739922
0.000367613948831
0.000366465829018
0.000288406629647
0.0173699971875
6.77679091547e-06
0.00567280207218
8.87527359393e-05
0.0759622526239
0.00504960563304
8.45128496677e-13
0.0
5.92766705333e-06
4.85932697654e-08
1.17016433629e-07
0.000320216340349
2.92172647853e-05
2.82345426117e-09
0.00568923739922
0.0123709712329
2.1324513839e-05
0.0759622526239
0.000296516161085
4.63316263711e-06
0.00408696591145
0.00059065415908
0.00267289753376
3.22130020693e-05