500
6.3933436264e-26
8.83599583008e-13
4.12520961453e-09
1.71810688171e-06
1.22267264346e-06
2.26422709157e-12
8.67418588788e-10
4.18416592444e-15
1.51315234258e-05
4.09178148088e-07
0.000639473654849
0.00226547035736
1.95583299263e-30
7.37163871311e-22
0.0113662411344
3.57808323109e-20
1.17698831076e-14
8.18323062638e-55
6.14777705038e-13
0.00828098066232
7.46225385337e-29
0.011752300839
7.54664241992e-19
8.45869028778e-21
1.42421726483e-07
5.3899813658e-07
3.00185339329e-15
3.39991049393e-36
1.54554297023e-13
1.1498575342e-08
9.71444342725e-10
6.39841630475e-56
4.0805993296e-73
2.11704690305e-75
1.32092197028e-24
9.36116086231e-29
1.91847649597e-46
1.65759992403e-53
3.30842486566e-31
7.1119665601e-27
1.84620018706e-06
1.57764282956e-06
6.26271942563e-52
4.73936728924e-21
7.79983441944e-08
5.3519855588e-35
1.63565597588e-10
7.3543888372e-29
1.56943833275e-29
4.04488154479e-11
0.011752300839
0.00569438064195
1.49930077133e-47
5.56221661446e-12
1.0311463948e-09
5.49784511239e-08
2.45597452722e-09
1.07288293059e-36
6.56341928966e-07
2.17640910028e-59
1.83342124201e-20
3.38205961894e-11
1.2114759252e-08
9.39817364415e-37
4.81250540741e-21
1.74914568795e-16
0.00828098066232
3.19604811162e-41
3.31603922884e-21
2.0594968849e-28
5.41598523049e-23
0.00111635597895
7.04426578486e-05
0.011752300839
1.98387418009e-09
1.29304176223e-05
5.06894028233e-29
5.79602387603e-23
2.98389900704e-12
4.21174690444e-24
1.16432465952e-20
1.83396546856e-50
1.60012635311e-32
3.41302260432e-24
1.21684171019e-09
1.52000816866e-08
1.36899097859e-61
0.00188455811555
9.54412734871e-37
9.62041345174e-09
3.49660090075e-13
2.53867160036e-20
2.7110947341e-09
3.13857716536e-06
4.01003195917e-66
2.55296914325e-29
0.000684191192121
8.96440054205e-30
7.73990617516e-13
8.1421997316e-69
1.88537484006e-25
1.03802522863e-12
7.9458905459e-23
6.93231409021e-14
1.41437282817e-06
5.99000818765e-11
4.86036158771e-06
0.00013572650583
8.15040808007e-53
0.00194856801475
4.86036158771e-06
3.03972515163e-59
5.19624978665e-21
3.35195009052e-11
2.22558522669e-18
1.50008870588e-90
1.48709884865e-17
5.02094869515e-31
8.11280174565e-21
8.34685814895e-07
1.01806802556e-24
6.90435925996e-15
8.43239001165e-16
0.00220227725115
1.7212351241e-22
1.84947262417e-43
8.27257235094e-26
3.00647809419e-23
2.72219424138e-17
0.00828098066232
9.96366821109e-17
0.011752300839
1.22561491865e-26
3.90331103278e-29
3.37157007718e-06
2.8365943562e-42
0.000305407231548
1.64987451439e-09
6.85473824309e-17
1.44053157839e-05
8.53445473204e-21
9.19201277194e-06
8.46979861078e-11
4.13463904988e-05
3.35438849717e-13
6.02238937511e-29
3.89063686869e-49
2.72624770624e-31
1.31354119238e-19
1.03261423249e-06
3.65049308358e-05
8.70720111529e-14
2.86988875949e-07
1.14090436438e-12
1.29495744612e-12
2.81770322233e-23
8.00095845242e-05
8.28292610536e-24
0.00569438064195
1.0258585498e-17
5.46888378892e-15
4.03992361781e-09
7.52514570032e-39
1.82428749204e-39
9.5944663845e-29
1.83730823228e-11
5.40902271038e-14
5.57736130738e-22
7.68328494475e-08
2.18250004939e-10
1.15633268192e-07
1.04765632293e-12
1.17549160657e-13
2.93603571414e-40
2.79150092699e-11
1.39581246103e-11
6.86187391398e-09
2.58627799287e-24
6.25818726788e-37
0.000318649279446
1.46992603117e-09
9.05455837906e-06
0.00142211993234
1.48839062122e-20
1.20353484733e-49
5.75336304548e-27
1.95796591156e-18
1.11893730654e-28
1.12012395657e-35
3.83490526082e-12
3.16859128845e-52
3.7538159375e-29
2.44563382707e-20
1.62717335518e-09
2.81615015224e-07
0.0113662411344
7.68074042453e-06
4.09213539778e-14
0.0
2.18812818288e-17
2.53158813256e-12
4.70344344402e-14
9.283186896e-16
1.07177823729e-06
8.69160091743e-13
1.74291890421e-05
7.50715943867e-14
6.49511216224e-44
1.38385233277e-05
2.87082832762e-07
4.38177954037e-18
2.62409501902e-25
4.73161703999e-42
1.32567096664e-09
0.00016744480007
1.45514585602e-16
1.09001206795e-18
2.08957017026e-16
5.14547294111e-46
3.86411077085e-05
5.25418498201e-17
8.52571459227e-35
3.10713755606e-10
4.08331545258e-43
6.300555992e-16
1.45671756358e-11
2.83155122266e-38
7.89885994934e-11
1.82784863594e-06
4.61547376399e-27
4.00390024788e-19
6.75471271918e-27
0.00022574136996
3.29622085512e-06
7.64592123951e-17
4.94279220031e-09
5.16876020644e-12
9.18948324831e-12
3.60429619709e-06
1.11740111134e-11
2.37744662017e-15
0.0088182470845
1.47952130259e-19
5.79008440018e-38
5.2111309924e-05
1.87860330849e-17
0.00137301233779
5.45809113641e-74
1.49001025912e-09
1.11743064624e-17
4.50593875756e-53
8.5901044882e-22
0.00010254014771
4.87996847325e-26
2.29033941889e-12
1.06134202159e-33
0.00283861566155
1.35594396994e-17
1.23566390444e-33
1.46323105526e-16
1.37864382868e-30
0.0113662411344
1.48072523362e-06
1.14550309696e-08
3.55848155509e-20
3.57619330671e-06
3.47664341967e-12
2.20585813191e-09
1.7224001787e-11
0.011752300839
5.61679913684e-12
5.30263338448e-24
2.77290085814e-24
3.93022594755e-10
0.0113662411344
3.51050079654e-08
6.36813008861e-09
0.0088182470845
1.05629236213e-14
5.84900877484e-07
4.22116127477e-17
6.22185772991e-12
2.47166936468e-12
2.86787955158e-21
1.69699163106e-56
6.18631186497e-112
8.73091238087e-48
8.0616312555e-18
4.95273215596e-14
7.35497587862e-13
3.51171579511e-15
2.80526721674e-16
2.30854009386e-22
1.35316662951e-09
8.71168362179e-15
3.55030189242e-15
0.011752300839
0.000110109779679
8.61358585571e-08
1.04314637173e-19
1.31348738963e-20
1.67332994593e-08
2.28927753837e-35
1.97166639266e-29
2.38061131766e-07
9.54210935095e-26
4.03342739814e-18
9.47395335768e-37
2.28525341365e-10
2.03589039808e-12
6.30347070559e-08
1.61619562983e-28
1.75472727484e-20
8.7990651836e-07
1.38961750675e-08
3.04739491135e-16
2.34687436718e-27
1.15941287182e-19
4.66120367892e-12
3.00042508137e-10
6.05782252752e-05
8.06257095209e-10
4.49570604517e-07
0.000200329294158
0.00828098066232
2.37076216697e-41
0.00103578944362
2.40183650528e-41
1.33361751382e-36
7.31918140883e-12
3.66020532566e-06
1.73573292744e-27
0.000110109779679
1.88396183077e-18
9.42018381132e-24
0.000151133586482
0.0001503155202
0.00015348384892
4.01658246691e-07
1.69196859324e-11
4.16759341272e-34
9.33090309081e-09
5.79897600283e-11
1.64641991469e-43
0.000208661469198
6.82559973194e-18
3.86976871749e-24
1.57827246649e-18
1.30808952004e-20
1.64330974854e-26
5.44778760959e-36
1.47030848639e-08
2.79948081503e-09
0.00828098066232
9.67997102278e-12
4.5569912418e-12
2.23682821407e-16
2.36629946237e-14
1.07606708841e-49
0.00310952089066
9.08829534756e-15
1.34831768901e-08
2.83518979954e-64
1.34746881227e-10
9.07129372125e-21
0.00828098066232
9.18088380694e-68
1.35266046933e-24
7.86978325744e-09
1.61133406139e-35
4.08503678434e-06
9.37558591297e-10
2.57723529575e-06
5.09918887621e-08
3.09541558094e-05
1.51758361316e-11
6.00505764991e-15
3.63134799142e-11
0.000657641704978
8.98303215856e-32
5.63329496705e-09
0.0113662411344
1.05523359323e-17
8.14270447977e-55
2.17432002745e-51
0.000636038363999
1.57844843286e-07
1.69433137815e-33
3.75649798769e-14
9.10930760354e-07
0.00569438064195
7.36535504007e-12
5.15925128466e-19
1.3474298744e-08
6.32974294459e-13
4.42680430486e-30
1.67442572511e-05
9.10437311646e-18
0.00149973679858
3.84316327241e-08
3.3783450173e-12
0.00013474308664
8.41733293703e-21
6.27325686348e-15
4.23202102293e-10
5.17746072801e-16
1.00324143479e-07
3.62824104795e-35
3.34107527763e-23
1.31718325027e-32
2.79123370061e-09
0.011752300839
3.43973060351e-13
5.13567171656e-19
5.73005008674e-07
2.22545342631e-50
4.15374853446e-19
5.17134906355e-24
7.04343909034e-42
1.70890837841e-49
1.53468731435e-42
0.000479824059115
0.00283861566155
2.20623802219e-20
2.3639112305e-13
0.011752300839
1.85205830173e-16
4.6107923819e-05
4.54057184352e-32
4.37334396013e-05
0.0113662411344
5.86047041127e-49
1.03213703465e-40
1.30267535505e-26
8.20529776865e-18
1.26075003088e-14
4.28735215139e-52
5.63768602697e-05
9.32993147196e-41
2.05986657384e-11
2.18940542759e-36
7.15702404286e-09
2.05070539255e-20
6.6104172996e-10
6.51892620924e-07
0.00194856801475
1.46285842869e-12
1.93706321583e-09
3.37759186704e-06
0.00149973679858
2.50142848478e-06
1.2697160584e-07
3.13831581179e-14
6.16860051679e-07
1.28307179119e-05
0.00191099553746
2.17656319197e-45
1.02398117291e-05
7.80356317324e-45
4.32013518978e-70
8.9490083861e-46
6.0290136593e-50
4.8915908404e-29
8.61201504273e-26
1.1462613334e-16
4.42555115117e-05
2.42426200763e-39
2.36891899996e-28
1.72262710316e-07
5.95724178899e-11
0.000169197224954
2.44413904019e-13
3.41469955232e-48
1.66948874714e-12
5.50752454404e-15
0.000107514110099
0.0088182470845
2.91568619684e-37
6.17220138665e-05
7.87209152676e-22
1.53716523864e-06
9.7097583884e-12
1.89365095586e-15
1.49815739808e-20
1.30522739152e-20
0.0088182470845
1.06901104633e-08
4.93356893001e-15
1.96090260342e-42
1.66392380205e-50
0.00293503057222
1.02363169539e-05
0.011752300839
3.74303228847e-15
1.02380402708e-08
0.0113662411344
5.86367722794e-15
2.21736672846e-36
1.0971392773e-07
2.07141554438e-05