500
0.00132282502322
0.0183324590277
6.62523826963e-11
0.0
0.000430382507097
0.00272015392737
0.0232120680838
0.0
0.0232120680838
0.0021065162372
3.28059649095e-05
0.000589023722641
7.84181109564e-15
0.00104965946356
2.51376979694e-07
0.000941930930561
6.54077467394e-06
0.0
0.000402171723216
0.0
0.00181097834379
0.00181097834379
0.0
0.000692173475585
0.00594694204086
0.000273914327636
0.000541843103369
0.0
0.0
0.00132282502322
4.24968367152e-06
0.0
0.0
0.0021065162372
0.00132282502322
0.000215728783948
0.00316140700857
0.0
0.00582129528394
0.0021065162372
0.0183324590277
0.0
0.00225119090212
0.0
5.22124881278e-06
0.0
8.23533334655e-08
0.000354299922361
0.0
0.0021065162372
0.00281812926213
3.77472126169e-05
0.0
0.0232120680838
0.0
9.75332879603e-06
4.51662418224e-10
0.00915114886844
0.0
0.0
3.31462441831e-12
0.0
0.0
4.20204369207e-18
0.0
0.0232120680838
0.0232120680838
0.00915114886844
0.00915114886844
0.0
3.24784379919e-13
0.00582129528394
0.00104965946356
1.18072668812e-06
8.99202870835e-18
6.71725054666e-05
0.000402171723216
1.80459019465e-09
0.0232120680838
2.14746998224e-09
0.0
0.00594694204086
0.00582129528394
0.0
3.13307450384e-06
0.0
1.50795294801e-05
0.00016722243988
0.00066038244592
0.0
0.00104965946356
0.000361204983243
0.00225119090212
0.00316140700857
0.0232120680838
0.00272015392737
0.000396836255466
0.0021065162372
3.63945344135e-06
8.20865456451e-05
1.1023020239e-11
0.00594694204086
0.0232120680838
0.0232120680838
0.0
0.00225119090212
0.0232120680838
0.00582129528394
0.0021065162372
3.12894128184e-05
7.88964362694e-15
9.2588563316e-06
0.00582448792408
0.0021065162372
0.000149835641149
2.25643643643e-08
0.0
0.000361204983243
1.03877802416e-06
0.00316140700857
0.0
0.0
0.00594694204086
0.0
5.08315252637e-07
0.00016722243988
1.12934234101e-11
0.0232120680838
0.0
0.0232120680838
0.000361204983243
0.0
0.0
0.0
0.000360881216468
1.99225970274e-05
1.67264310547e-07
0.0
1.94553396139e-05
0.000360881216468
0.0
1.60908996356e-05
0.0183324590277
3.01463258307e-08
6.78779919715e-07
1.78699613766e-06
0.0
2.79902740389e-08
0.00582129528394
0.00915114886844
1.87665411072e-08
5.52635802148e-07
0.00092927921527
0.000911634192056
8.23696158747e-06
0.0
0.0
3.60236161822e-05
0.000361204983243
0.00316140700857
0.000234728252801
0.0112503284142
0.000361204983243
1.45344797508e-10
0.000106634086858
0.0
0.0
1.00185430587e-05
0.0
2.11881209281e-05
0.00915114886844
0.0112503284142
0.0
5.78115347923e-09
0.0232120680838
2.31745391695e-10
0.00281812926213
0.00582129528394
0.000787501669992
0.00340006225352
0.00225119090212
0.000293642224643
6.45038041294e-05
0.00582448792408
0.000911634192056
9.29846412554e-09
0.0
0.0
0.00582448792408
0.00272015392737
7.26008756839e-15
5.60164075853e-16
1.34851568543e-08
0.0
7.91829712749e-06
0.0232120680838
6.33902878963e-06
0.000941930930561
0.00316140700857
0.00594694204086
0.000867080605691
0.0021065162372
0.000429068398699
0.0
1.11715666046e-05
0.0
0.0232120680838
0.000589023722641
0.0
0.000574356317297
0.0
0.000482166934391
0.000137303628926
5.19291061345e-06
0.0
0.00594694204086
0.0
0.0002589613995
6.40008448287e-08
3.4337485043e-06
0.0
0.0232120680838
0.0
0.000361204983243
1.30131104276e-05
0.00915114886844
0.0
0.00582129528394
4.96699238893e-10
0.000360881216468
0.0183324590277
2.22913241789e-11
1.3276938055e-12
2.67549401161e-15
0.00594694204086
0.000210284208891
1.5041286951e-05
0.000941930930561
2.85361634279e-05
0.00915114886844
0.0
0.00016722243988
1.12360127276e-07
0.0
2.25050929693e-13
2.96856836134e-08
0.00095292296046
3.91315790428e-10
0.00594694204086
7.13669944841e-09
0.00104965946356
0.000103932108425
0.0021065162372
3.04560324723e-09
0.0232120680838
0.00582129528394
0.0
0.0232120680838
0.0232120680838
3.12894128184e-05
0.00594694204086
0.000177335293347
0.00582129528394
0.00281812926213
5.37789128995e-09
0.00582129528394
7.13360922931e-05
0.000401518810452
0.000867080605691
1.21931168825e-13
0.0
0.0021065162372
0.0
1.00298563986e-06
8.1513125744e-07
0.000361204983243
0.0
0.0
0.00582129528394
6.74636099161e-08
7.09589242653e-05
0.00216348542649
0.00582129528394
3.62274093992e-06
0.0
6.33049912491e-09
2.74283159918e-21
0.00594694204086
5.01143723771e-11
1.97950276797e-32
2.15648443395e-08
7.10576502136e-08
1.05042663152e-07
3.95379695119e-09
0.0112503284142
0.0232120680838
3.92600389598e-09
0.0
0.00594694204086
1.76885893013e-06
0.0
0.00340006225352
0.00181097834379
0.00272015392737
1.93216218331e-08
0.00594694204086
0.00582129528394
0.000867080605691
2.63592816724e-08
0.0
0.0
0.0
0.0
0.00281812926213
3.9773159292e-07
0.0
0.00013781040233
0.000867080605691
5.51931417215e-07
0.00272015392737
0.00915114886844
0.000231828900636
0.0
0.0021065162372
7.75924800964e-14
1.93772923002e-05
0.00915114886844
2.05894976996e-19
0.0
2.22678568306e-05
2.73008834431e-11
0.00594694204086
3.60236161822e-05
0.00281812926213
6.67465413627e-09
0.000692173475585
0.000277049985457
0.00181097834379
0.0
2.43550328395e-20
0.00132282502322
0.0232120680838
4.38733940113e-05
0.0
0.0
0.0232120680838
0.0
4.66040953098e-06
0.0
0.0112503284142
0.0232120680838
4.75436782558e-08
2.13374694096e-08
0.0232120680838
0.0
7.10298917151e-09
0.00095292296046
0.00594694204086
0.0
3.93466890731e-19
0.0
1.04735611612e-05
0.000215728783948
5.25594844796e-05
0.00281812926213
0.0232120680838
0.00594694204086
7.70829012196e-08
0.00582129528394
0.000430382507097
0.00594694204086
0.000215728783948
0.000574356317297
7.24076510913e-06
0.00132282502322
0.0232120680838
4.09740302269e-05
1.16835362154e-16
0.00915114886844
4.29172427465e-06
0.0
2.95747323119e-09
0.000151886249055
0.0112503284142
0.0233747289427
0.0
0.00340006225352
1.45825091855e-07
0.0
1.69148478871e-06
0.0
0.0
9.81721351531e-07
4.56076761507e-12
9.43341017372e-06
0.000229218155623
0.000361204983243
1.77737347628e-11
0.00594694204086
5.10420134173e-12
0.000116167965384
0.00316140700857
0.0
0.0
6.64453296978e-05
0.00181097834379
0.00594694204086
0.0
0.00594694204086
0.0021065162372
0.0
0.000692173475585
2.93740485015e-05
0.00272015392737
0.00132282502322
0.000977471173414
0.0112503284142
2.61429477993e-07
0.00594694204086
0.0
0.000941930930561
0.0021065162372
0.0
0.0021065162372
1.19563169369e-08
2.84976604509e-06
2.14045237733e-06
0.0
0.0
0.0002589613995
0.00582129528394
0.0
0.0
0.0
3.74315528741e-05
0.0
7.12556623377e-13
0.00181097834379
0.0
0.00594694204086
0.000429068398699
5.38011879801e-06
1.00409791655e-11
1.2669763863e-16
0.00594694204086
2.08398494637e-12
0.00225119090212
0.0112503284142
6.9704457789e-07
6.094046079e-12
0.0
0.000941930930561
4.36020716725e-14
0.00594694204086
0.0232120680838
0.000154031850924
0.0232120680838
1.27584377106e-06
3.44697028815e-07
8.19223388841e-08
0.00316140700857
2.55568350008e-15
7.24076510913e-06
0.000396836255466
0.0
0.00225119090212
1.19205906197e-05
0.00272015392737
1.414716848e-05
9.50793791004e-08
0.0
3.14320438891e-10
0.000724591446996
0.000977471173414
0.00594694204086
5.74094462944e-08
0.0
0.000361204983243
0.00316140700857
1.72381190788e-08
0.0
4.75194663154e-05
7.13360922931e-05
0.00181097834379
1.49336308266e-06
0.0
0.00225119090212
0.000215728783948
1.37038113676e-18
1.55690994861e-10
0.00915114886844
8.20865456451e-05
0.00915114886844
0.0002589613995
0.00272015392737
0.00594694204086
0.0
0.0
0.000402171723216
0.000361204983243