500
0.000288019407459
0.00218252158323
0.000181721732927
0.0109654451567
0.0105863720584
0.0109654451567
3.93466408454e-05
0.0109654451567
0.00218252158323
0.0109654451567
0.0109654451567
0.000193118498161
0.00705960285163
0.00680810731968
0.0105863720584
0.0105863720584
0.00705960285163
0.00680810731968
0.0105863720584
0.00346010457011
0.00680810731968
0.000185589998389
0.00346010457011
0.00680810731968
0.00705960285163
0.000197912309598
0.00680810731968
0.0109654451567
0.0105863720584
0.00680810731968
0.00346010457011
0.0109654451567
0.0105863720584
0.0105863720584
0.00680810731968
0.00346010457011
0.0105863720584
0.0109654451567
0.00223441093546
6.11519173117e-05
0.000460080341326
0.00346010457011
0.0109654451567
0.00680810731968
4.74810876943e-05
0.0
0.0105863720584
0.000185212831499
0.00346010457011
0.0105863720584
6.12023967759e-05
0.0109654451567
0.00218252158323
0.0109654451567
0.00104848503862
0.0
0.0109654451567
2.92803731166e-08
0.0105863720584
0.00104848503862
0.0109654451567
0.0109654451567
0.00680810731968
0.0105863720584
0.00209627305415
2.34543463952e-05
0.0105863720584
7.50570012874e-07
0.00680810731968
0.0105863720584
0.0105863720584
0.00705960285163
0.00218252158323
0.0105863720584
0.000181721732927
0.00223441093546
0.0109654451567
0.00346010457011
0.00680810731968
0.0105863720584
0.0109654451567
3.65728424609e-05
0.0
0.000185589998389
3.29318124575e-06
0.0105863720584
0.000460080341326
1.76661529379e-08
0.000185212831499
0.000475015296819
0.00705960285163
0.00346010457011
4.76064443251e-06
9.40560381137e-05
0.0109654451567
0.00705960285163
3.43010394429e-05
0.00705960285163
0.0109654451567
0.0105863720584
0.000297379938042
0.00680810731968
0.0105863720584
0.00680810731968
0.000296579677278
3.89182751011e-05
0.000178988621479
0.00705960285163
0.00680810731968
0.00218252158323
0.00705960285163
4.77531348715e-08
0.0109654451567
0.00140499543137
0.0109654451567
0.00017428669165
0.00680810731968
0.0105863720584
0.0
0.0109654451567
0.00218252158323
0.0105863720584
3.53415635971e-07
0.00680810731968
0.000296579677278
2.39958556193e-05
0.0
0.00218252158323
0.0109654451567
0.00209627305415
0.00332452699063
0.000963319680925
0.00209627305415
0.000191273083408
0.000455639235061
5.65991087918e-05
0.0109654451567
0.00332452699063
0.00332452699063
0.00680810731968
0.000316255873878
0.00705960285163
1.0515016231e-06
2.7128054181e-06
0.00332452699063
0.0109654451567
0.000296579677278
0.0109654451567
0.0109654451567
0.00218252158323
0.00332452699063
0.0
0.0105863720584
0.00346010457011
0.0105863720584
4.46015518419e-06
0.000288019407459
0.000293159929767
5.90192673178e-05
0.0105863720584
0.00218252158323
0.00209627305415
0.000281243154139
0.00346010457011
1.50558764912e-05
2.39180590639e-05
0.00332452699063
0.00218252158323
0.000183448487238
0.0109654451567
0.0105863720584
0.000603808616139
2.14506630457e-05
0.0105863720584
0.000278528943033
0.0109654451567
0.0109654451567
0.00705960285163
0.000315033777092
0.0109654451567
0.00346010457011
0.0109654451567
9.84637659545e-07
0.0109654451567
1.7978544199e-06
0.0109654451567
0.00680810731968
0.0105863720584
3.53970261198e-05
0.0105863720584
0.000316763637825
0.00705960285163
0.000657329322162
0.0105863720584
0.0105863720584
0.00029040245935
0.0109654451567
6.34254633648e-05
0.0105863720584
0.00218252158323
0.000102033187462
0.0109654451567
0.0109654451567
0.00209627305415
0.00705960285163
0.00209627305415
3.86567234543e-07
0.0109654451567
8.77192858076e-08
0.0109654451567
0.00218252158323
0.00332452699063
0.00705960285163
0.000293159929767
4.95116163281e-05
0.00680810731968
0.00223441093546
9.62503370504e-05
0.0109654451567
0.000288019407459
0.00214535630873
0.00680810731968
1.67660498876e-06
8.42128520236e-06
0.00705960285163
0.00134869451663
3.88952409382e-05
0.000316763637825
8.06327230672e-06
0.000579277320972
0.0109654451567
0.0109654451567
0.00029040245935
0.00332452699063
0.00705960285163
0.00680810731968
0.000297379938042
0.000293159929767
0.0105863720584
0.000316763637825
0.00705960285163
6.13427340699e-05
0.0105863720584
0.00705960285163
0.00680810731968
1.40990608989e-05
1.85091674162e-06
0.00346010457011
0.00017428669165
0.00332452699063
0.0105863720584
0.00705960285163
0.0109654451567
0.00209627305415
0.00346010457011
0.000181721732927
0.00680810731968
0.00680810731968
0.0109654451567
0.00680810731968
0.00705960285163
9.7851458001e-05
0.000603808616139
0.0105863720584
0.000963319680925
0.00346010457011
0.00209627305415
0.0105863720584
0.000475015296819
0.000281243154139
0.0109654451567
0.0109654451567
0.0105863720584
0.0109654451567
0.000278528943033
0.00214535630873
0.0109654451567
0.000102033187462
0.000924271901068
0.00680810731968
0.0105863720584
0.000527438983461
0.0109654451567
0.0105863720584
0.0105863720584
0.00705960285163
0.00680810731968
0.0
0.00680810731968
0.000330242124418
0.00705960285163
0.000296579677278
0.0109654451567
0.00332452699063
0.0109654451567
0.00209627305415
0.00680810731968
4.74810876943e-05
0.00332452699063
0.00218252158323
1.8679934662e-05
0.00705960285163
0.00332452699063
0.0105863720584
0.000657329322162
0.000963319680925
0.0
0.00680810731968
0.0109654451567
0.000455639235061
0.00346010457011
1.33020270359e-05
0.00218252158323
0.00705960285163
0.0109654451567
0.000193118498161
0.0105863720584
0.000120816593364
0.00104848503862
9.3636980116e-06
5.97775281909e-05
0.0109654451567
0.0105863720584
0.0
0.00680810731968
0.0109654451567
0.00218252158323
0.00705960285163
0.0105863720584
0.0109654451567
0.00332452699063
0.0105863720584
0.0109654451567
0.00209627305415
0.00140499543137
0.0109654451567
0.0109654451567
0.000330242124418
0.0105863720584
0.00134869451663
0.00346010457011
0.0109654451567
0.0105863720584
0.000175986256941
0.0109654451567
0.0105863720584
0.00332452699063
0.00332452699063
0.000296579677278
0.00680810731968
0.0109654451567
0.0
0.000475015296819
0.00680810731968
0.00705960285163
0.0105863720584
0.0109654451567
0.00104848503862
0.0109654451567
0.00705960285163
0.00029040245935
0.0109654451567
0.00680810731968
0.0105863720584
0.0109654451567
0.00346010457011
0.00680810731968
0.0109654451567
0.0109654451567
0.0105863720584
0.000455639235061
0.00332452699063
0.00214535630873
0.0109654451567
0.0109654451567
0.0109654451567
0.00680810731968
0.00218252158323
0.0105863720584
9.18910037484e-06
0.0109654451567
0.00680810731968
0.000185212831499
0.000924271901068
0.0105863720584
2.46063089803e-05
0.0109654451567
0.00680810731968
0.00680810731968
0.00705960285163
0.000281243154139
0.0105863720584
1.37348302498e-06
0.0109654451567
0.0105863720584
0.0109654451567
0.00218252158323
0.00209627305415
0.0105863720584
0.00209627305415
0.000175986256941
0.000297379938042
5.02323083274e-06
0.0109654451567
0.00705960285163
0.00705960285163
0.0109654451567
0.00705960285163
3.04016191149e-06
0.0105863720584
0.000293159929767
0.00705960285163
0.00680810731968
8.71522087921e-06
0.0105863720584
0.0105863720584
0.0105863720584
0.0109654451567
0.000296579677278
0.00332452699063
0.00680810731968
0.00680810731968
1.44837490744e-05
1.43968149243e-05
0.00218252158323
3.79102089014e-07
0.00705960285163
0.00680810731968
0.0109654451567
0.0105863720584
0.0109654451567
0.000281243154139
0.0109654451567
1.17045621168e-10
0.00223441093546
0.0109654451567
0.000288019407459
0.0109654451567
0.0105863720584
0.0105863720584
0.0109654451567
0.0109654451567
0.00680810731968
0.00332452699063
0.0109654451567
0.00209627305415
0.00332452699063
0.000117938053632
0.00705960285163
1.09036390988e-05
0.00218252158323
0.00346010457011
0.0
0.00346010457011
0.0109654451567
0.0
0.00680810731968
0.0105863720584
0.00680810731968
3.36317327018e-06
0.0105863720584
0.0109654451567
0.000305654632315
0.00705960285163
0.0105863720584
0.0109654451567
0.00705960285163
0.000281243154139
9.01674282435e-06
0.000293159929767
0.000455639235061
0.00346010457011
0.00218252158323
0.00680810731968
0.0109654451567
0.00346010457011
0.00680810731968
0.000153865559093
0.00680810731968
0.000330242124418
0.0109654451567
0.0105863720584
0.00209627305415
0.000505938956389
0.0105863720584
0.0105863720584
3.11485166202e-05
0.00332452699063
0.00223441093546
0.0109654451567
0.00029040245935
0.000316255873878
0.00705960285163
0.0105863720584
0.0105863720584
2.09523514148e-05
0.00332452699063
0.0109654451567
0.0109654451567
0.00332452699063