500
2.47700068675e-09
1.75284394558e-08
6.97877470904e-07
0.000124115877859
1.36825846369e-16
1.0342933107e-11
1.28585598348e-11
1.08148633436e-10
8.62690899439e-16
5.56121686549e-11
3.06611995033e-07
0.000397398461553
0.029812716763
2.16163638828e-07
0.0033593548104
3.04304789007e-05
0.000118685882537
9.21259753915e-08
1.92453487424e-09
1.05870290215e-08
1.86577046593e-65
2.68672954749e-10
0.00289527106404
1.89577685532e-05
6.06126807301e-17
6.84542221845e-06
0.029812716763
2.80603260416e-05
1.31278794362e-05
6.90281967438e-41
1.14226654548e-09
0.000129666951643
2.75176046444e-08
0.000789688873057
1.17371562604e-06
3.19542633969e-18
1.74714144963e-37
0.029812716763
0.0033593548104
0.00289527106404
2.42347773443e-15
9.08948890113e-05
6.05899101129e-08
3.44732024151e-06
1.57262123851e-21
8.81220549062e-13
0.000397398461553
2.46482277275e-07
9.85899784971e-08
4.16118203273e-11
0.00289527106404
4.08510491316e-30
1.31479795896e-19
0.0033593548104
4.21217549837e-22
1.34315419672e-06
4.59633706475e-10
7.52240228543e-31
0.000789688873057
1.95424907116e-17
1.35334303916e-08
3.9755285762e-05
0.000789688873057
0.000133330609822
3.89808546164e-23
0.00039949083235
7.57401208718e-19
2.49260832236e-08
2.96024515585e-08
3.50751360269e-09
2.24493089719e-16
2.36103604605e-11
2.685462251e-05
3.22591785132e-05
3.15761733649e-20
4.68751629942e-11
0.0033593548104
2.87033254629e-10
1.90919050508e-15
4.79477560644e-08
8.2704002938e-12
6.84489444886e-10
1.65746322591e-09
1.12873475408e-05
8.45910026596e-11
5.42582181993e-18
7.88906933755e-23
5.12074818875e-09
0.000789688873057
5.89999179216e-07
4.24227712655e-05
1.70585977016e-09
1.02373900505e-16
3.12482774388e-09
1.84073340141e-11
0.00289527106404
1.38270206357e-08
1.34315419672e-06
5.28630342444e-11
0.00090021570672
2.66818058523e-06
7.57884414104e-08
5.73511026197e-10
8.9275559138e-15
0.00118079135111
0.000551659865533
3.71008389715e-07
0.000397398461553
0.029812716763
1.7193222437e-13
5.76026395574e-06
1.3418637933e-15
3.42269853249e-07
0.00413201706564
6.46450271658e-06
1.89184917343e-06
0.00165564460729
8.6379041327e-05
6.87491640185e-07
6.68108494768e-09
6.6880684532e-08
1.59802689529e-17
3.82980761673e-18
1.06794402882e-10
1.86518523178e-15
1.03294998589e-06
4.69786994276e-06
5.32624463297e-10
3.16038912197e-08
0.00413201706564
1.76987164253e-06
1.98922371117e-07
1.08234510377e-16
8.21180598348e-23
1.52749726887e-13
0.000105648049072
8.98973364552e-06
5.34895300213e-08
7.37492440295e-27
1.46111240158e-29
1.78704090297e-06
8.20629734401e-25
0.00289527106404
3.9755285762e-05
0.000789688873057
1.97389319279e-08
1.15579459899e-11
0.029812716763
0.000115170523107
0.00103557668213
1.85135434993e-09
0.00676919265855
2.05649734231e-11
0.000486415538905
1.035197224e-07
0.000362221882534
7.45590750559e-17
6.08575354178e-08
1.478218352e-07
6.20364772415e-09
0.029812716763
0.00413201706564
4.12283502751e-05
7.35087359232e-07
3.43518411164e-15
1.82799547539e-10
0.000789688873057
1.07346919063e-05
0.0003041710838
4.02132774278e-05
1.27477859176e-14
2.37088172669e-09
2.23180761107e-07
1.41303469107e-19
1.17429809611e-13
9.05589010518e-14
0.000241283045023
1.49520485755e-05
3.61673315365e-07
0.000139545671177
0.00289527106404
1.13467746136e-07
5.61974414943e-07
0.00289527106404
1.40238973776e-08
0.00413201706564
7.31649456335e-07
5.04297681242e-05
3.48039657179e-06
1.20590936729e-10
8.91687586594e-05
9.15371667332e-05
1.89136972721e-13
4.16541139656e-08
1.13246268667e-15
7.35932006557e-05
1.33325347822e-31
2.17476416936e-08
0.000789688873057
0.0033593548104
2.1495160129e-09
0.000296465311521
4.85179491594e-05
1.24003767476e-12
3.69759751821e-13
1.21949939592e-07
1.73184963194e-17
1.72164720735e-10
1.78177396953e-13
2.23516482115e-11
0.00039949083235
1.74536547096e-09
3.04524297389e-15
1.7138267501e-13
9.81078561543e-08
2.05808278426e-07
3.52221224505e-16
4.86693754487e-06
9.20427803986e-10
2.01488559309e-08
6.51001894652e-06
1.55626912463e-05
2.77788465838e-61
2.09883376115e-09
3.65903947911e-06
3.87663019423e-09
4.33145318774e-09
1.08569008098e-17
6.37981451064e-15
2.21722897891e-16
5.71652316303e-05
9.09505251856e-07
4.8424529705e-06
1.24381386962e-07
1.4079121187e-05
4.76217861617e-05
0.00289527106404
1.39009268649e-11
1.84795737427e-21
8.77162101008e-06
2.48610542626e-19
1.5827320616e-05
1.67130623158e-13
0.029812716763
1.75391106781e-14
7.43648689325e-08
2.70266199212e-08
0.0033593548104
0.000198116259061
1.98124968104e-08
2.89189663735e-05
0.000438883963967
1.95888699165e-07
7.34551414404e-07
8.64778681518e-07
6.7557716841e-08
0.00676919265855
1.77120833432e-12
1.17371562604e-06
0.000597343252239
1.36628622994e-06
6.12601700551e-20
0.000417582850754
0.000656246284425
1.31080613493e-10
5.89487735913e-17
1.7223952197e-06
2.45050085204e-06
2.38663654809e-17
8.91687586594e-05
4.95484715614e-29
3.99344160343e-05
9.068009964e-12
6.4949303274e-07
1.59518598271e-13
2.08311235153e-07
1.23678790257e-10
5.45079398538e-05
1.5076691941e-06
4.04730869912e-08
2.73766104689e-12
9.24817229083e-23
2.80603260416e-05
0.000551659865533
2.17977634821e-18
3.67054739906e-09
0.00413201706564
1.28047675494e-16
1.78745990885e-27
1.09579474033e-18
5.17866713552e-13
0.0033593548104
0.00016470385791
4.75091339186e-09
8.48052379548e-08
3.30519898129e-12
0.00289527106404
1.35049557354e-10
1.58251237581e-10
3.58389966932e-22
7.61805818997e-14
0.029812716763
8.99800608831e-12
1.1226808611e-12
8.91687586594e-05
2.8058517123e-10
0.000397398461553
1.77206506868e-08
1.23055151857e-22
0.029812716763
0.029812716763
1.25461372932e-27
1.26998642172e-08
0.000551659865533
2.35772272483e-05
5.52626416231e-13
0.000397398461553
1.90109896339e-05
0.000246275333934
1.22892533459e-06
1.08902357917e-05
1.41143023073e-06
3.31109764266e-14
2.68504828149e-06
4.07779102975e-14
1.65628280349e-25
7.56416595789e-11
4.76217861617e-05
2.46415212534e-06
2.28666201354e-07
0.00039949083235
4.17002831048e-07
4.3586221734e-12
6.10883368969e-07
2.61397021799e-07
1.53403080546e-13
1.47618776418e-09
4.49789406726e-28
9.8450441062e-12
9.50718505848e-05
3.08931826393e-07
1.58215096569e-06
0.0033593548104
1.31278794362e-05
1.26277281766e-10
8.92916009647e-07
5.94904757461e-07
0.00413201706564
0.000302043198954
1.43578971684e-11
1.417192848e-07
0.000241283045023
9.8383210727e-11
2.46415212534e-06
1.40758532822e-30
2.20332821177e-05
2.74731763662e-17
0.000133330609822
1.46241986633e-07
9.50751405237e-08
4.65816140477e-15
6.12799948635e-16
0.00413201706564
6.73093425554e-17
4.14252364235e-16
4.50875563782e-12
3.23970089112e-32
0.00413201706564
4.09049923361e-16
0.000789688873057
0.0033593548104
3.94013106093e-21
2.74887604957e-15
0.000220268986447
1.81165596687e-05
0.000174727890337
0.029812716763
2.48614316318e-16
4.0756161707e-08
6.11937678423e-15
1.20140694451e-06
4.57741286259e-12
1.57467719525e-06
0.00289527106404
6.79531511746e-06
3.91692105235e-38
0.000551659865533
2.74548008608e-06
1.26324199038e-09
0.000266832672953
1.3421636475e-26
0.000486415538905
0.000397398461553
7.57107881958e-08
1.19228401325e-05
0.00289527106404
0.00103557668213
1.59451754492e-05
0.000789688873057
5.1390698084e-24
2.48672335912e-06
1.22940871867e-06
4.39002544602e-16
7.67173267326e-05
7.67173267326e-05
4.70669564572e-10
4.5444873875e-13
3.01046080549e-08
0.000174727890337
1.51307992536e-16
8.80822336612e-06
1.06022402059e-19
4.34991684592e-15
6.06809534285e-07
1.48922308892e-10
1.53071897668e-08
0.000486415538905
1.46645386391e-16
4.01485752874e-14
2.97593597645e-09
0.00118079135111
1.76676574052e-08
9.09246463414e-06
2.8174938375e-06
7.53688180146e-24
6.717224241e-19
0.000789688873057
4.61363540093e-07
3.73349647342e-09
6.64962486395e-06
2.16016848008e-13
0.000417582850754
1.1000928894e-09
8.79572180953e-06
7.26964644735e-06
0.00289527106404
6.71677359754e-13
8.84803411707e-06
2.66818058523e-06
0.000198116259061
0.00289527106404
1.39225305474e-07
3.04137375352e-11
2.8524741999e-17
0.000438883963967
0.000181494720455
0.029812716763
3.53579507347e-17
1.48739569707e-13
4.16927794783e-13
0.000174727890337
1.12132104219e-06
4.18892932248e-12
1.27201329391e-11
0.0033593548104
6.1779921441e-11
1.19977652782e-19
1.95832893118e-06
6.00231221095e-07
6.92966977296e-05
4.20136162707e-07
2.02115368378e-05
9.74872175639e-18
8.79047334095e-08
6.75781155989e-07
8.4211604785e-09
5.0149621573e-14
5.03393026664e-05
0.000438883963967
8.81209269982e-15
1.46717848219e-43
1.19462026805e-15
0.0033593548104
1.38895918862e-13
5.58660723927e-41
3.11347127067e-05
4.77759078907e-11
5.46543188394e-07
3.14685632301e-06
1.02708799917e-07
1.17692576651e-12
5.6533899874e-08
2.79387747518e-12
4.9021863127e-05
1.04741472734e-10
2.68571315525e-15
7.37799396183e-15
5.52271254996e-13
0.00289527106404
4.13762339463e-22
1.34262024351e-15
2.99446951453e-28
3.00339211045e-11
1.85908247113e-15
0.000246275333934
0.00103557668213
3.04304789007e-05
3.17706179168e-05
9.19654564387e-07
3.45358892604e-10