500
2.16437738456e-05
0.000230934027235
0.00168532603783
3.24402580371e-07
4.06426107645e-21
1.49363158596e-24
9.71652958339e-39
0.000105703305713
3.63465987608e-18
8.92093195161e-24
2.9676588056e-38
1.07352088971e-13
5.46371601888e-17
0.000234216369872
6.68478218905e-08
4.78258191132e-12
1.52476490725e-16
8.84601801557e-25
3.5607110567e-15
7.28366183887e-10
0.00122930926017
7.17399627367e-15
1.45276250952e-08
3.63712471706e-09
1.70810354215e-08
3.87075636704e-24
1.97981382725e-17
2.3024374013e-09
0.00301273702486
1.83105763997e-46
1.94528965114e-09
1.05863375199e-07
0.0131506471018
1.89310195601e-29
5.70354402433e-18
0.000114305394471
5.73875638413e-21
1.58355535709e-06
9.10389549511e-16
7.03395671861e-18
3.47693780111e-07
1.62373812343e-06
3.91011115622e-25
7.9459791568e-13
1.96497464366e-08
2.99956222339e-08
0.0057354847173
0.00675967841682
3.27877281894e-10
1.94600455219e-43
1.17256394581e-06
0.000935700711816
8.69910799608e-22
7.1321838689e-20
3.60587037344e-25
0.000119743400991
2.1023693441e-07
4.75658452856e-16
1.69017599232e-15
0.000907483251138
5.34688158526e-11
6.2214966478e-42
5.93833165765e-11
1.23158196562e-05
1.10604534035e-05
5.47093855368e-13
1.41298430779e-28
0.000332622101701
0.0170909552701
5.69168268036e-06
1.41921896743e-11
7.42264764833e-43
2.05295898981e-17
0.000230934027235
2.73994078248e-07
3.4425951379e-12
3.29546151629e-06
1.39194766263e-13
2.3670137241e-34
2.70333841372e-05
3.79431047603e-10
1.73485872435e-34
6.91306447903e-08
1.03813564096e-35
5.00227000959e-08
8.70513360312e-09
1.00224798431e-11
2.99840845205e-38
4.23026913229e-14
4.75345637481e-10
3.78542736574e-05
3.77300118928e-29
1.54154581358e-42
8.40120920794e-09
3.60917710413e-05
5.92095292409e-08
1.20443598307e-05
4.65262856632e-22
7.52100908298e-09
2.40374410811e-24
3.00125204345e-06
0.00138019226297
4.22468081285e-28
1.45213015494e-26
3.83105828847e-10
0.000729610689256
2.1784883236e-17
1.96637901099e-08
2.27066052936e-18
7.24259341896e-06
0.000532821627484
1.28680232498e-11
0.000192295877212
5.91021103396e-08
4.40842403707e-12
7.58164039967e-09
0.00757903337644
2.74802414833e-09
3.11073482455e-16
8.66304264418e-21
5.33486388521e-14
4.81760703755e-06
0.000126734599787
1.99391940325e-07
1.55061159587e-07
1.65426220443e-06
1.26869253876e-14
9.70235293953e-26
3.51913982733e-05
3.03747519239e-11
1.60518935583e-06
1.12063564194e-13
1.25220578605e-26
2.03389470044e-05
3.29802903739e-12
8.438539243e-25
0.000944442102191
1.69048432289e-33
5.10062664807e-33
2.6605697471e-06
2.05745164826e-10
0.010651614475
2.72097723534e-08
0.00091931357442
2.08630701445e-08
5.19999277997e-08
3.58232870629e-12
1.68895823469e-06
2.92692320417e-05
3.05535197946e-11
2.45385473725e-05
3.63889164013e-09
2.39797178777e-18
1.41597565965e-17
3.20858222281e-06
0.00241799935802
2.96227248544e-08
1.29616561397e-22
1.04714084862e-15
0.00211199054164
7.32198268168e-65
1.10108096254e-14
0.000110301937442
0.0011552304942
0.000105669367072
0.000246660565968
0.000163518843062
9.74950469877e-10
1.47149039749e-05
1.27242770791e-30
0.000112197979002
1.24694406129e-12
4.07635134251e-08
4.67001810984e-18
0.0012318602596
1.00519236955e-26
2.84160640285e-05
7.49385746951e-11
9.6538721191e-18
3.41177493669e-14
3.19936657506e-07
1.5476061654e-30
6.57985829141e-24
3.96159425389e-19
0.000343033579144
4.61437557841e-06
1.54733654796e-33
0.000415479957026
0.0131506471018
2.92659893613e-07
0.000367605211321
1.72888179914e-06
1.39381463915e-09
8.59333098237e-38
1.98173610502e-38
0.000135476546585
0.000232274474203
2.59514648617e-07
1.74643443017e-08
2.30218272468e-05
1.88055604032e-22
4.76572407863e-15
1.36793459601e-13
0.000415479957026
9.04374536021e-37
0.000195038788071
2.7696435722e-08
2.07573086805e-06
3.24168868423e-05
7.55701125745e-27
3.53694642675e-32
4.48276788058e-32
1.52470868154e-07
1.71304657e-08
0.00209416244132
1.09826490271e-07
2.16207593923e-07
2.14978075235e-08
0.000160326260389
3.93862141939e-07
3.04342517612e-07
1.73599466606e-14
3.09768739714e-05
6.60925326447e-11
1.12243056252e-28
1.52099891515e-19
7.48391008046e-36
0.00108560261486
5.44190180023e-37
1.22303841336e-15
5.09738228573e-14
1.21191115425e-17
8.34271784625e-07
4.63037605737e-12
1.82254978676e-06
1.8007230882e-14
0.000110301937442
4.1214341021e-24
7.08364821584e-18
8.92833983233e-43
4.73917571937e-09
4.8468932571e-21
9.77170266391e-13
0.000729610689256
1.46148165344e-14
3.91507533739e-10
1.56061154488e-15
0.010651614475
1.85259615577e-15
4.4349206493e-10
1.59217426188e-07
2.59427092264e-05
3.72605776486e-05
0.00757903337644
4.27409326055e-06
1.10705008451e-16
1.05086104316e-11
8.3050576863e-05
2.09339801687e-12
7.17118757758e-10
0.00136409749351
8.46143925231e-06
0.000367605211321
7.12612128213e-12
9.60250274894e-53
1.33914364842e-20
1.21411807318e-06
0.00301273702486
2.57875635232e-16
1.1809040341e-21
0.0001939142922
1.06634276088e-12
1.61710474406e-13
2.15371245861e-19
0.010651614475
2.25941955795e-07
4.44513711102e-12
3.24871276476e-12
1.67686752401e-26
6.50454932709e-57
8.73124721486e-20
8.45971101054e-21
1.02136871044e-05
0.00241799935802
0.0170909552701
5.97109258336e-08
3.68467517215e-16
5.66369301293e-18
3.53406287071e-09
8.44071907522e-11
0.000214907777309
3.22199066645e-06
0.000168097237731
2.19573158931e-06
0.00667552605846
5.07503826937e-10
9.14821585851e-05
0.000245973343055
0.00138019226297
1.79086643548e-05
0.010651614475
1.32008495876e-08
1.68127251954e-08
7.37637385779e-05
2.44661944085e-23
2.9741029356e-13
0.0131506471018
5.04708819163e-10
0.010651614475
0.00757903337644
1.41530896696e-08
4.18397767155e-13
4.12139744617e-40
0.00154253724105
6.43983318643e-12
2.76801232755e-12
7.28422329546e-11
8.23650675433e-15
1.12839384602e-14
7.24562468656e-10
5.02333060585e-27
1.58415573884e-55
2.19179868521e-05
3.53643283172e-31
8.94173086629e-30
2.01876341555e-06
0.000246660565968
2.1125722328e-06
0.00154253724105
3.04603748143e-08
0.0131506471018
5.89918681567e-37
6.9990782322e-11
6.58004475487e-05
2.30747239911e-09
1.98730228954e-29
2.0254021684e-08
2.74874016058e-09
3.15519031226e-07
0.000297103761584
5.12305568293e-13
0.000187475207756
5.29971568427e-10
5.80561681036e-13
1.93636548493e-15
3.62379566473e-08
7.64652235237e-33
4.49663277779e-11
3.64984276212e-09
5.47624690071e-06
1.76901553797e-14
4.72411361368e-07
6.37471338387e-11
0.00675967841682
7.63126051726e-06
0.000148463867343
0.010651614475
0.00757903337644
4.44590599445e-24
1.29014400469e-12
6.17874026132e-12
0.00168532603783
2.96978967867e-11
4.89777857569e-18
4.71694225278e-11
3.51575423433e-25
9.23626129494e-05
0.00667552605846
3.49131586067e-11
0.000349048445866
2.242809169e-10
1.29881018587e-07
2.98296103762e-05
1.53018526493e-05
1.41228380832e-06
0.000426610146522
1.11217611354e-17
0.000811877801746
6.20352542586e-06
1.29371406112e-07
1.11037344167e-07
2.040351967e-07
0.000415479957026
2.15283108413e-14
1.18976690019e-19
1.3887508681e-08
0.010651614475
7.92967666283e-10
0.000105020885884
3.77911914059e-09
0.000107288547337
0.00119917429615
1.16033128623e-16
3.96391888056e-12
3.03029119487e-11
1.88695238191e-13
2.94178711489e-28
0.000216869079211
5.09967255404e-15
3.46559573435e-11
2.99217206149e-05
0.0020807294544
3.5042839229e-05
3.83109646226e-34
5.37622033262e-09
2.86410916099e-07
3.66915882828e-20
9.33224766277e-11
6.82384981395e-09
0.0010695338317
1.01175744018e-05
7.91999999928e-18
3.46907833663e-16
9.07840907886e-25
6.53091848346e-53
8.2464786492e-38
1.52238334755e-13
0.0012318602596
8.74152100021e-24
0.00025290972276
1.50653889048e-12
0.000162162744159
1.65216361813e-05
0.00211199054164
1.98111354027e-07
9.38756809232e-18
2.03766782639e-18
4.0344635487e-12
1.27397929239e-17
2.2586124945e-15
0.0131506471018
0.00178848277205
1.98708332222e-07
0.000371129398659
0.00171064654463
8.8084920818e-12
5.87109940556e-23
5.31611953028e-12
7.33186272796e-11
4.66757233813e-17
0.000907483251138
7.885412828e-06
2.88893362416e-06
0.00168532603783
1.78756889796e-26
1.66522477044e-19
1.4049774562e-09
4.22286594372e-07
4.0489526015e-37
3.60802491933e-09
1.97979428479e-25
0.000142436302492
0.00030338903542
5.4750482791e-16
0.00211199054164
4.28445696868e-09
0.00301273702486
3.6882869302e-35
3.66287791163e-07
9.74310454166e-10
1.1942023753e-26
1.86936609245e-05
8.67313354927e-08
0.010651614475
5.24425321164e-07
3.76295574612e-20
4.30516186747e-15
1.86031911147e-15
7.06901351096e-06
2.19401627118e-08
6.66238245887e-15
3.97701564096e-62
1.8646962879e-05
3.75071280679e-20
0.00178848277205
6.58113169894e-05
0.000133269580407
4.68989329606e-22
0.0018679791743
2.2573486718e-08
1.45780773835e-33
0.000372209247603
0.000241746657656
5.51726081842e-06
1.08465815243e-22
0.0131506471018
1.01983091838e-07
9.25431051932e-13
0.000151897946171
1.93396856126e-12
4.96205383044e-06
5.26287750776e-16
4.44305583008e-20
6.56408038761e-13
9.59076768402e-12
0.000110279533974
3.90113564199e-22
1.24366789862e-27
6.04316625094e-22
2.59067011742e-08