500
1.18111457224e-05
1.26963308324e-10
0.0
5.71616815236e-13
1.37456485255e-05
2.08138803039e-10
1.50459389039e-08
2.10638315032e-05
1.32386022517e-07
4.70533449033e-07
0.0
1.04840897806e-11
0.0
1.86170216033e-26
2.01066754764e-06
0.0
2.80166861812e-13
1.55014648506e-06
2.93017996826e-05
4.88990291007e-13
5.42064639279e-09
0.0
1.0725100791e-10
3.57390924434e-07
3.24674840537e-17
9.90357432256e-11
1.06581596556e-24
1.0667811751e-05
1.13293705359e-07
2.09710200758e-05
0.0143698056979
5.28018885546e-22
7.05214840261e-15
1.64142627161e-14
2.94329605933e-06
0.00934654983788
1.71783039131e-12
1.39426076961e-10
5.77949581386e-14
4.03102251307e-07
5.63308823578e-11
1.0046500699e-16
4.54418925366e-13
1.79025445178e-05
8.17168913269e-07
1.41418506674e-05
3.91971679432e-12
5.3008730117e-06
1.2560531104e-28
1.07449846562e-27
0.00310861276369
3.0406342608e-06
7.39014455708e-06
2.02236344704e-10
0.00104594469477
5.402020864e-33
4.87209575712e-07
1.23531744289e-07
8.87243937115e-08
4.76455278934e-16
6.51879726382e-09
1.76423305961e-07
1.89185251959e-05
5.40133111579e-12
1.53655652509e-07
1.86105476464e-08
2.27357331903e-13
6.39974557247e-14
1.61403919862e-12
9.10331732082e-13
0.00388124948714
0.0
2.12525226587e-05
8.50048951e-05
0.0
9.06219586528e-05
5.35163051973e-32
1.06984989324e-27
1.23140437858e-14
4.1998896181e-13
2.98765936848e-19
5.06935278981e-05
0.0
6.41769374761e-06
5.72700446745e-09
2.09643491119e-06
0.000557454940859
6.34477461963e-06
4.65268974001e-07
7.56211679503e-07
3.15457421751e-12
1.2742137651e-06
0.0
2.30020971938e-09
2.32773304567e-08
1.43821695494e-13
0.0
0.0
2.24744609244e-08
1.28556660925e-07
7.57004001798e-17
2.99494756252e-08
9.06219586528e-05
2.153698265e-19
1.20381781426e-09
0.0
0.000309669675679
0.0
2.05427786038e-07
3.61516649977e-09
0.000151333790167
0.0
3.30787443619e-20
0.0006099624678
1.0861776914e-06
2.95003418766e-18
2.96532948703e-09
7.46207861055e-09
4.54322932704e-07
1.09699861094e-14
2.3476198735e-06
1.53421926087e-14
1.77167372187e-09
0.0
5.78599230183e-06
1.27741152482e-08
2.93017996826e-05
1.76736374124e-13
0.00934654983788
2.75461047338e-30
0.00934654983788
2.69829540278e-07
6.92343135495e-06
1.48640539128e-13
1.57279754222e-06
6.28046055929e-17
5.32522760583e-07
1.83703276375e-08
0.00388124948714
0.0
6.33375793584e-07
0.0
6.06593250572e-12
1.95914851119e-07
5.38098481591e-06
2.77807112049e-18
0.000259955164543
3.33102451679e-05
1.40519354135e-07
4.57357801897e-06
0.0
3.39659656742e-11
0.0
2.38547929817e-06
4.74006484807e-18
3.34241177961e-10
0.0
3.7820101527e-10
4.13073837068e-15
0.00934654983788
1.89185251959e-05
2.93772859751e-45
0.00934654983788
3.04997816615e-08
2.94329605933e-06
8.54074539043e-08
1.3251661352e-09
2.64711102205e-07
2.32868625009e-18
1.87102431941e-07
0.0143698056979
1.45289026738e-08
0.0
0.0
0.0
8.50048951e-05
3.56747142148e-05
1.2863275057e-06
4.56337729734e-09
0.0
7.39757944309e-07
3.07244857298e-14
6.5962239937e-09
2.37027976052e-22
1.69423578387e-14
2.93772149919e-09
9.84320067847e-05
1.71595073799e-05
9.93502598237e-19
6.11231364611e-06
5.60594633397e-16
0.0
0.0117825942998
0.0
4.52515561545e-06
6.60794028476e-08
1.6027672384e-17
5.95150346552e-06
2.88382950723e-19
0.0143698056979
1.75488187352e-21
2.12614672383e-12
0.00996416326329
1.73764835442e-08
1.14796573164e-29
1.10189527924e-08
3.03237501354e-18
7.89338979061e-09
1.63250544427e-10
2.5022574215e-06
0.0
1.8904836525e-08
8.53016234383e-08
2.12216563038e-19
1.02357451736e-09
0.0
1.33257266629e-11
0.0
3.00610833451e-20
4.83017783823e-19
0.0
3.44867219243e-05
0.0
4.50499034767e-05
0.0
3.19371752726e-13
3.84026286583e-07
0.000362585305372
5.4232652555e-07
0.0
4.3864480102e-15
1.50531367021e-09
0.0
1.36850245473e-14
2.0817796546e-08
1.10488713762e-16
1.218410945e-06
2.50223108536e-11
0.00026729547143
2.10638315032e-05
5.38162963513e-11
0.0
1.68903400926e-08
2.88394460404e-25
1.17928830383e-07
4.22897291085e-06
2.7117600409e-07
7.23218666789e-31
9.32900941289e-09
0.0
5.28855803996e-20
2.14387923935e-08
1.36026800739e-07
1.31535802587e-11
7.64574015632e-07
3.35184634894e-07
3.65576460386e-05
7.0366441299e-07
2.32038972114e-05
2.23799990904e-08
4.24392422309e-08
4.48694737093e-15
1.46708811884e-07
1.33721912479e-07
1.32215498268e-18
1.43616132276e-25
2.66676291733e-05
2.93163409183e-05
5.88819961468e-13
3.04403242166e-15
0.0
0.00934654983788
4.31877920959e-08
0.00934654983788
4.25576637542e-13
5.26926615677e-07
0.0
0.00613778988664
0.0
1.1657658297e-09
2.00525160395e-10
0.0
0.0
3.44784576979e-06
0.00388124948714
1.61398525613e-15
1.17621855179e-09
1.17285233857e-07
9.15010885227e-06
7.62387961903e-13
6.14660700592e-10
8.66143506312e-13
4.70146654886e-06
0.000117199216702
0.00388124948714
1.19172821394e-13
1.39790278663e-17
0.0
0.0
8.45631746993e-14
7.44913906731e-18
5.76891452035e-12
8.62307479948e-05
8.83148444616e-07
5.58864009336e-07
2.47323629199e-09
2.30088376438e-18
1.42261912295e-07
2.64593531594e-07
4.96790898674e-08
1.04369998827e-13
7.67000859667e-06
0.0
4.80844487754e-06
1.45119342086e-08
1.94026147719e-10
0.0143698056979
4.61697967735e-12
8.57039189263e-08
1.12859488997e-10
2.00521452138e-09
1.68439299262e-06
0.0
0.0
3.05747510995e-36
2.93017996826e-05
0.0
0.0
4.27115428094e-19
5.8491186335e-09
2.94207072921e-07
1.38885172663e-09
2.6564747618e-06
9.63131464981e-07
0.0
1.35252791118e-07
0.0
6.50181297748e-06
4.43341420153e-05
4.06797984697e-07
1.11782129792e-07
3.13778698836e-06
1.87182421303e-06
0.00934654983788
0.0
1.49060082957e-23
4.05480976915e-14
6.9645025962e-05
0.00934654983788
7.30557833007e-13
2.34521533627e-05
9.9297990925e-21
1.62838911297e-10
0.0
1.97927261653e-07
1.599451111e-09
3.90998002368e-08
1.75365226774e-07
0.0
6.34197711269e-16
2.05787583707e-14
5.9089418285e-11
2.21580770231e-07
0.0
4.64411930003e-15
0.000476100074061
4.35015747535e-31
3.7284058914e-08
0.0
6.42599740791e-06
0.0
3.29609627548e-08
2.22558932882e-12
0.0
0.0
0.0
0.00388124948714
2.64593531594e-07
1.27294734406e-10
2.93310791921e-06
1.75505173762e-07
3.45878988103e-07
0.0
1.72721525485e-05
8.88110282663e-16
1.09222971659e-05
0.000476100074061
3.04194056411e-08
0.0
2.9812573114e-13
3.35256598757e-08
3.88162885614e-46
8.22396391289e-15
0.0
8.97005320444e-06
0.00388124948714
2.11360798005e-08
7.20655001741e-06
0.0
1.35399957768e-10
2.16137569723e-14
7.33801109726e-12
1.03650735038e-13
1.68949446426e-07
0.000185966916293
8.0487955616e-25
2.02173684973e-22
7.64258925669e-14
1.05377516914e-12
1.91258840716e-15
0.0
5.65165569622e-06
4.45157774231e-17
4.59020421976e-05
2.67418153209e-15
0.0
1.04104973203e-06
0.000330132429578
4.34308508263e-06
2.46332745504e-05
4.19405516512e-25
2.17373046449e-05
2.65920909039e-05
0.0
0.0
8.08124847674e-06
5.81024576918e-06
1.03253655059e-16
6.95174272286e-08
1.17453624376e-08
1.28556660925e-07
3.76839650601e-09
6.35478290807e-21
0.0
2.06269040259e-14
9.65697881422e-10
0.0
0.0
9.14155764286e-27
9.84631398564e-33
0.0
0.0
5.81024576918e-06
0.000964591809544
0.0
1.5592462793e-14
3.45878988103e-07
5.16280028847e-06
0.000234467162475
0.0
1.94022365909e-05
7.22845247338e-34
3.00275880456e-05
0.00613778988664
1.18476547579e-10
0.00388124948714
0.0
0.000160616157613
1.18125291262e-07
0.0
2.8060107526e-19
2.40825696329e-07
0.00388124948714
4.40171526391e-10
2.8686836267e-14
5.50395449255e-06
1.85492238879e-22
4.62345022144e-07
0.0
6.32035991e-17
9.62577048795e-21
0.0
3.19107311794e-10
5.70092354106e-05
0.0
1.77663067099e-11
0.0
0.0
1.90180345504e-07
0.0
3.57290879485e-29
1.17038302857e-21
2.56326326016e-09
5.65165569622e-06
5.81322374109e-16
0.0
7.59970465789e-12
0.0
3.21488262746e-07
8.28251770006e-06
0.0
0.000362585305372
2.04484845743e-08
2.64573341222e-07
0.000259955164543
3.89766084219e-06
1.13940135592e-05
1.53845714922e-05
1.12383851708e-06
8.35547248268e-19