500
6.31579431528e-07
9.06932402809e-06
1.26975927342e-19
1.51902638612e-06
1.29657839517e-08
4.80561353435e-07
0.0
2.55751948721e-35
0.0
1.28766258914e-05
4.55290751911e-07
2.53868393935e-05
0.0
1.12846129836e-05
1.0569511661e-17
1.12662645917e-06
8.57467438914e-35
2.11310817954e-05
4.29521448944e-08
0.000957321870245
0.0
9.46562372917e-08
0.000985051664312
0.000635424335801
2.41273926263e-06
2.97570155435e-07
0.0158141135204
0.000985051664312
1.24474887005e-21
0.00656427557372
0.000756619952955
7.46934289607e-07
6.72660505678e-08
0.000635424335801
8.06225929535e-15
6.58991625002e-06
1.11199705781e-05
0.000985051664312
0.00663478120026
0.000174262200228
1.00678704969e-11
0.00700461856632
1.26198648512e-10
0.000244170087796
1.22568001342e-08
3.75553505183e-22
0.00663478120026
1.62714585119e-07
8.02886343733e-07
0.000985051664312
3.06199765226e-18
1.23430020478e-27
0.00286310567632
1.28577860906e-08
7.63422382246e-11
0.000958953574579
0.00393855240219
3.30238083084e-13
0.00010832150527
5.6526871414e-05
0.0
2.98297248848e-17
1.58991829046e-09
8.20590990798e-07
1.4051636821e-05
0.0
1.39469821034e-08
0.000244134818207
8.69542016469e-25
1.48643887056e-05
4.96226961761e-19
0.000244170087796
5.6526871414e-05
0.0
0.00286310567632
2.38753950552e-17
0.0
5.3896275463e-18
0.000174262200228
1.04764123459e-12
1.37057824855e-08
1.52719996645e-17
0.00250135221518
6.78503212451e-10
3.32433854828e-09
2.49637335796e-17
0.00663478120026
3.80535950684e-05
1.89166479699e-19
0.00167562930203
8.79301218944e-06
3.57270173473e-07
3.05396565249e-18
0.00656427557372
5.50494542196e-12
0.000148310735608
0.00557992721308
6.60286392564e-05
9.59059479266e-06
3.4097380228e-07
5.6072475334e-19
6.51773447309e-06
3.83914191608e-07
0.00286310567632
4.49370526192e-08
0.00152762480531
0.0
0.00393855240219
5.55730592142e-12
0.00663478120026
1.81729270527e-05
2.1578123796e-10
8.20133310877e-13
2.30241487882e-11
8.84370113259e-07
0.00286310567632
6.22244377913e-05
2.20012508478e-06
3.20413599193e-05
1.69785927485e-05
4.80348794671e-06
0.00250135221518
2.19609442085e-07
1.32844140873e-05
6.43857766413e-07
6.17459026166e-06
3.78801615543e-05
8.76860003349e-24
0.00393855240219
6.95495308679e-05
3.35726963705e-06
3.47104287655e-05
0.0
0.0
0.0
3.63577282467e-07
7.23702918199e-05
1.84756034361e-09
0.0
3.92914079077e-10
3.65845449398e-06
2.80388750764e-05
1.14353457537e-06
3.32215313789e-06
3.40074939171e-08
7.22024963279e-08
3.11426469687e-08
0.000199586472864
2.97874229168e-11
8.50721973451e-09
1.36041582026e-18
0.0
2.63098955248e-18
1.84382098189e-10
2.24448127443e-06
5.5820959739e-06
2.15297318946e-11
2.66676499309e-07
9.72076676357e-16
0.000174262200228
1.00051856335e-10
0.000263920233353
1.11199705781e-05
1.33004942102e-07
3.5793113996e-08
5.41790534164e-10
3.46120948361e-07
1.9175940727e-07
1.49623172408e-20
0.000182521622162
0.00393855240219
4.62390137629e-08
3.50852568895e-17
0.0
1.28766258914e-05
0.0
0.000183212503657
1.59630661379e-11
4.35690666819e-09
9.01695445495e-15
0.000985051664312
0.00700461856632
2.52158939738e-08
8.08349207036e-07
0.000392756342841
1.95087956897e-10
5.67450600703e-17
6.74365703313e-12
8.29726912399e-07
7.74087118614e-08
2.3989197321e-06
1.40376082789e-18
1.44432481127e-17
1.26364068481e-05
6.11985534043e-09
2.31880948126e-05
0.0
1.33023168119e-06
2.94802379049e-06
0.00167562930203
3.64736514405e-09
1.81489864677e-15
1.28766258914e-05
1.33020246257e-13
5.35751888433e-20
0.00152762480531
2.01329166241e-05
2.90472884154e-13
1.26364068481e-05
0.000486885092696
1.57338942025e-05
0.00700461856632
0.0
9.15312908531e-16
0.00700461856632
2.59235892476e-08
0.00393855240219
1.57111135825e-08
0.00663478120026
0.0
1.16178319265e-06
7.23702918199e-05
0.00700461856632
3.74045400166e-17
0.00557992721308
1.35510022915e-07
0.00152762480531
1.57418553259e-06
5.40460208022e-18
0.000985051664312
1.84761286076e-08
3.79335755587e-07
0.00250135221518
5.55263016931e-11
7.98172261943e-06
9.99601457757e-05
0.0
0.00286310567632
0.00663478120026
0.000182521622162
3.017161112e-09
3.45034687136e-06
9.91439372329e-18
4.97619341756e-05
0.000957321870245
0.00072094294239
0.000558509131361
2.2531408042e-10
2.96809102151e-09
7.78754400198e-07
3.9489270797e-12
0.000538722228294
0.000124731568042
3.84713818576e-06
7.27491335826e-05
2.44898719936e-08
0.000958953574579
5.26808202903e-09
2.44563229577e-11
0.0
1.08567478423e-24
4.3889923465e-08
0.000379469761576
8.98416326187e-12
4.95602903391e-18
3.13410558853e-21
1.11773745598e-14
6.3978375197e-13
2.01329166241e-05
2.91527425494e-12
4.97619341756e-05
3.35726963705e-06
0.000392756342841
0.000958953574579
0.000212172760858
2.01208538216e-12
0.000435091292571
3.48624645677e-07
2.99524345018e-05
0.0
0.0
0.00127874506694
2.39563193829e-12
0.00152762480531
5.14877633195e-09
6.25974889776e-14
6.50355984894e-11
0.00198446382509
0.0
0.00663478120026
2.85585602949e-13
1.42746082557e-17
8.02868088338e-19
0.00663478120026
1.37440694645e-08
3.13387623303e-15
7.06343939339e-07
0.0
7.50790749836e-07
0.00557992721308
1.19567793653e-09
1.46597686813e-13
1.53226082367e-06
1.09263350765e-08
0.0
1.42353142378e-05
0.000985051664312
5.36561964287e-09
0.000109310212531
2.45617148903e-16
0.0
5.58449151084e-05
0.00072094294239
0.000985051664312
7.28125384155e-09
2.08090391513e-06
9.31318442932e-05
7.37009468773e-19
2.11310817954e-05
4.24322978005e-11
0.00286310567632
1.13324239052e-35
0.000958953574579
0.0
1.62786988787e-07
0.00167562930203
0.0
9.0844635682e-06
9.06932402809e-06
2.58253896305e-06
1.09588184503e-07
3.42325950533e-13
0.0
0.00700461856632
7.37935018323e-21
0.000260549470886
6.70072620137e-22
2.20502839272e-10
3.78801615543e-05
4.08717797954e-09
9.67188409154e-12
3.61266056454e-09
0.000486885092696
4.19614203824e-07
4.90825721679e-21
0.000958953574579
2.73704632692e-05
2.24448127443e-06
3.08020780907e-06
0.000957321870245
0.00663478120026
0.00663478120026
4.95039230506e-06
1.63250660796e-10
3.71277926349e-12
1.94772260576e-09
0.00286310567632
5.48515231462e-07
5.16202118498e-06
7.98172261943e-06
0.0
0.00663478120026
0.00012848763504
0.00656427557372
1.4258487388e-05
6.10306666437e-05
6.68289244101e-08
0.0
8.36110780151e-08
4.456003362e-10
1.35812121802e-17
3.80535950684e-05
2.97090123671e-10
8.26408427698e-10
2.47319010712e-22
2.84438489519e-09
0.00152762480531
3.018014155e-13
0.00557992721308
2.27608270005e-07
1.62996291968e-24
7.98172261943e-06
2.36198074421e-11
0.0
0.00700461856632
1.64963482203e-06
8.0451719682e-12
3.17129157195e-06
4.5722025296e-10
4.48331445997e-05
3.46601691177e-07
0.0
1.44525354886e-15
0.00700461856632
0.000378958342302
0.000452669304436
0.00393855240219
0.00663478120026
1.6355078098e-12
3.21289608512e-10
2.41138113441e-29
0.0
1.65098717325e-13
0.000721984491875
3.45034687136e-06
1.45869292272e-06
2.22644515788e-09
7.48469432602e-08
1.40762631666e-14
5.65392411062e-12
0.0
2.62375111477e-17
8.73753687519e-07
0.00152762480531
7.68946827088e-21
2.3574702313e-26
7.78754400198e-07
1.98385452575e-11
1.26498817561e-16
4.66531145676e-07
0.00250135221518
0.00700461856632
0.00393855240219
0.00012848763504
2.12533932497e-11
0.000231143176899
3.28255274486e-06
8.66788363667e-11
0.00286310567632
5.88558009513e-22
5.23696433974e-06
3.71109163701e-11
0.000124731568042
9.54060366719e-07
0.0
1.60742811498e-10
2.19853674466e-06
0.000171503896777
1.07752772517e-08
0.0
5.52871425608e-12
0.0
3.28015674368e-07
1.65636651067e-14
1.96927675911e-15
7.77170192863e-08
2.76674468744e-11
4.13334223401e-13
4.04738944254e-16
1.41878621017e-10
3.89405270158e-07
3.43400808939e-13
9.67370339677e-29
9.33076612015e-15
0.00393855240219
2.82846184096e-10
1.20389326939e-10
0.00700461856632
3.80269159402e-05
3.69988476229e-18
4.92304517843e-09
4.62552458374e-11
3.6828684517e-23
0.0
0.000378958342302
1.0318095179e-11
1.54254772042e-14
0.000756619952955
8.14428810571e-16
4.77841900002e-11
2.8952483479e-07
5.81429179977e-09
0.000147011213499
0.0
9.23057810916e-11
0.000130837691929
4.89492047318e-07
8.86540907886e-28
0.000244134818207
5.06411545457e-19
1.05522379656e-21
0.0
0.0
0.0
0.00393855240219
8.68989443131e-07
3.48072978258e-06
3.72796631589e-08
0.00286310567632
2.77414600523e-12
1.99835869134e-11
6.4859101338e-06
1.57941261919e-06
0.00557992721308
0.00257161763784
1.1008709911e-09
0.0
1.36154989739e-07
1.06852233236e-16
5.49333237068e-18