500
4.97097318516e-07
7.88193932689e-06
1.59783810507e-21
1.46181079887e-06
3.07916046069e-09
1.69642389798e-07
1.18479408462e-13
1.95699591915e-40
1.02542981759e-28
5.39817779974e-06
5.38527810658e-08
2.02000398301e-05
5.77916627662e-19
5.48801306649e-06
1.75055967109e-17
1.06057958424e-06
3.01683521752e-32
4.96654782696e-05
6.33107874505e-09
0.00063330400103
3.85161413006e-17
1.33266706037e-07
0.000468301025508
0.000530007575294
5.36493061583e-07
1.48953195057e-07
0.0160304276316
0.000468301025508
4.22678486795e-22
0.00658273317578
0.000940085601801
7.07296390479e-07
1.77496338402e-08
0.000530007575294
1.32894843895e-14
5.97542225664e-06
9.59933269715e-06
0.000468301025508
0.00414064045688
0.000211757857812
1.31579745349e-13
0.00695432353113
2.31001683686e-10
0.000252265281848
1.12878017129e-09
7.10759778153e-23
0.00414064045688
3.14692363766e-09
4.22609257573e-07
0.000468301025508
5.219120551e-19
4.85190330375e-25
0.00381718837954
3.22778402e-09
3.62379255261e-11
0.000483890308184
0.00441664957624
1.02216852423e-13
6.58544534223e-05
0.000107283757632
5.26798091555e-09
4.65378401137e-18
5.19627666201e-10
3.32709739004e-07
4.20320975023e-06
2.69708929239e-29
4.18794301048e-10
0.000193580511638
1.67314320424e-27
2.60995817835e-05
4.51878271683e-21
0.000252265281848
0.000107283757632
3.75214817965e-32
0.00381718837954
7.55680779337e-17
2.21620834223e-07
1.45454098846e-19
0.000211757857812
2.22716799431e-13
3.8830104464e-09
1.05721830676e-19
0.00132485200488
6.27756094817e-11
4.04791318805e-10
1.07301305072e-17
0.00414064045688
3.48773329029e-05
1.73690378449e-19
0.00165646487354
6.32242525515e-06
1.09084723881e-07
2.67001891708e-18
0.00658273317578
3.74733751852e-13
7.17353118215e-05
0.0048812242272
9.59728053284e-05
2.37268795472e-06
2.67275570969e-07
5.82192589691e-23
1.03038408278e-05
5.96137484673e-08
0.00381718837954
1.07625189206e-07
0.00151806245104
1.29190808116e-25
0.00441664957624
1.59683672511e-12
0.00414064045688
1.44699909967e-05
6.84681946946e-11
9.23387838071e-14
2.09249352864e-11
5.22503186414e-07
0.00381718837954
0.000100918827062
7.0883922e-07
1.24519309323e-05
5.12207546612e-06
5.31415092751e-06
0.00132485200488
1.93319314946e-07
8.23090476166e-06
1.15627895801e-07
4.95287113359e-07
2.54223100745e-05
1.19619600726e-24
0.00441664957624
2.27393709246e-05
1.02477776113e-06
2.65562073025e-05
1.84514791019e-17
1.96270802164e-26
1.33302749579e-13
1.32883758294e-06
4.36575882866e-05
4.93811911654e-09
3.45168881792e-19
4.19550127894e-11
3.61997390623e-06
4.28235461378e-05
5.54305141195e-07
7.54075661939e-06
6.4935701851e-09
8.48968726635e-08
1.28706957681e-08
0.00042221116188
5.10654112803e-12
2.56342213007e-08
1.65410351386e-18
1.1161869553e-16
1.33131874656e-18
6.67653192752e-11
6.87450763082e-06
5.86127582712e-06
1.35601409645e-11
5.53674910109e-08
2.00838481091e-17
0.000211757857812
3.36183355052e-11
0.000156421999743
9.59933269715e-06
1.0398734484e-07
1.31087503016e-08
4.05707153423e-08
1.68620206456e-07
8.31618220183e-08
6.58598001607e-23
0.000155481506175
0.00441664957624
4.95432491255e-07
1.04402506714e-18
6.47893450458e-08
5.39817779974e-06
1.29662043888e-08
3.38227338461e-05
1.61266930517e-12
2.82335670786e-10
6.17347197509e-15
0.000468301025508
0.00695432353113
1.82496768814e-10
2.2650641523e-06
0.000333854027739
3.95228090453e-11
1.99058866369e-16
2.60507688456e-13
2.26994831541e-06
1.17408684924e-08
1.06317169623e-06
7.39746318418e-20
4.13745363607e-18
7.06500531429e-06
1.14380078563e-07
1.02794896157e-05
7.0827514361e-16
8.91373548239e-07
8.15678881209e-07
0.00165646487354
9.75550119471e-09
2.60064508008e-15
5.39817779974e-06
1.12650346148e-13
2.46291781868e-21
0.00151806245104
2.36930142341e-05
1.58878046782e-13
7.06500531429e-06
0.000290576751805
8.21248183933e-06
0.00695432353113
8.64708651668e-09
2.28273804922e-17
0.00695432353113
5.96185554718e-09
0.00441664957624
1.74660889915e-08
0.00414064045688
2.27197023331e-12
3.42618716397e-08
4.36575882866e-05
0.00695432353113
9.701433805e-21
0.0048812242272
1.89374047871e-07
0.00151806245104
1.68177783691e-06
3.67828626722e-22
0.000468301025508
1.70921584881e-08
1.67559823978e-06
0.00132485200488
2.22765560064e-12
3.15539435957e-06
9.1832572308e-05
1.41636497233e-26
0.00381718837954
0.00414064045688
0.000155481506175
1.17804817583e-08
6.79856190673e-07
6.57967735258e-19
3.41972907131e-05
0.00063330400103
0.000336583172278
0.000328359514807
8.96752437382e-11
3.10765718617e-09
8.57921900351e-07
2.20095779979e-12
0.000448708725295
0.000217159130166
1.02604835193e-06
0.000112511750505
1.30137498154e-07
0.000483890308184
7.11016265231e-12
2.70305446371e-13
2.85205944689e-06
1.2409099298e-21
6.54530808351e-09
0.000420391375129
4.06677347243e-12
5.63997841288e-19
1.33444910944e-22
1.25528277931e-15
8.16762610019e-12
2.36930142341e-05
8.16295275137e-13
3.41972907131e-05
1.02477776113e-06
0.000333854027739
0.000483890308184
0.000149810214774
7.14295984264e-13
0.000530829439225
2.32687185815e-07
3.91849955101e-06
2.28121466974e-24
3.17596474045e-11
0.00142326944524
1.09068778292e-12
0.00151806245104
1.07952301209e-09
9.65279309932e-17
7.96903869176e-11
0.00192811767887
1.15048069406e-41
0.00414064045688
1.75016163151e-12
1.93743275605e-17
7.29621165959e-19
0.00414064045688
2.47698268536e-09
2.00713263966e-17
3.84259382714e-07
1.56800283976e-13
1.26993002331e-06
0.0048812242272
6.51122692333e-11
7.17764006018e-16
1.17644886713e-06
1.21841185267e-08
1.06819126535e-13
7.6173781769e-06
0.000468301025508
1.29889164113e-09
9.30951173271e-05
8.62411417153e-16
1.38623712519e-28
1.90410462416e-05
0.000336583172278
0.000468301025508
3.77253002463e-09
5.39290703432e-06
8.33690867711e-05
8.20333208764e-19
4.96654782696e-05
1.46723362616e-11
0.00381718837954
2.04064260579e-36
0.000483890308184
5.09333248702e-12
5.56597089285e-08
0.00165646487354
2.0074836448e-10
1.11168449205e-05
7.88193932689e-06
2.99580285224e-06
1.69634531481e-08
1.30795868374e-13
1.77756736248e-39
0.00695432353113
2.55795370916e-19
0.000173233485262
7.79726271176e-22
2.7848365171e-11
2.54223100745e-05
4.52401903714e-09
3.07090587651e-12
1.34802011517e-09
0.000290576751805
4.52434383864e-07
3.22643128358e-22
0.000483890308184
1.66042387954e-05
6.87450763082e-06
6.94996795657e-06
0.00063330400103
0.00414064045688
0.00414064045688
5.06578494184e-06
7.9216063403e-11
8.49240298464e-13
8.25231054306e-10
0.00381718837954
1.15950281599e-07
6.81234288521e-06
3.15539435957e-06
7.81235348749e-07
0.00414064045688
0.000214915848742
0.00658273317578
7.99689833276e-06
5.76711387269e-05
5.34065694655e-08
1.11245246472e-20
5.03709394018e-08
1.37808392549e-10
3.45044900818e-19
3.48773329029e-05
1.19154866829e-10
2.82189770739e-13
4.09120622485e-24
1.21327699694e-08
0.00151806245104
8.05486329956e-16
0.0048812242272
2.46273798535e-08
2.33859394861e-26
3.15539435957e-06
4.00410461363e-11
2.28143753326e-11
0.00695432353113
6.47824880872e-07
1.30326377436e-11
9.45695195059e-06
1.35354637304e-10
1.72124180564e-05
4.41388820454e-07
2.50947292704e-12
6.44367752959e-17
0.00695432353113
0.000197306650911
0.000513724071038
0.00441664957624
0.00414064045688
2.52706901783e-11
2.44759800599e-09
9.4090003117e-32
2.87793108728e-32
6.4623928367e-13
0.00166274003189
6.79856190673e-07
6.15712673662e-07
2.51229077989e-09
1.42018265107e-07
6.55715237929e-15
5.0613724556e-12
5.58556868904e-12
7.10041619182e-18
1.87741562093e-06
0.00151806245104
6.14789902296e-22
3.76570476051e-30
8.57921900351e-07
1.72753590298e-12
1.88863550482e-19
9.04640074418e-07
0.00132485200488
0.00695432353113
0.00441664957624
0.000214915848742
3.67120253812e-10
0.000245712518752
2.15954319132e-06
2.37926356462e-11
0.00381718837954
4.40636808697e-23
1.44985604845e-05
2.93888468985e-12
0.000217159130166
5.51368577298e-07
7.78604592599e-12
1.2413877738e-11
1.19808705254e-06
0.000277143592946
5.80796297468e-09
1.40786696969e-06
1.66960793515e-12
8.68562216603e-17
3.15134862971e-07
1.3647469951e-14
2.335789417e-15
1.86852069679e-06
1.15918812962e-10
1.09942602419e-13
1.26193878315e-17
3.95995798224e-11
3.60813030044e-07
3.83868626004e-13
1.39023463387e-31
3.01487911422e-15
0.00441664957624
5.58022926083e-11
4.63871780785e-11
0.00695432353113
5.36105446171e-05
1.39229310129e-17
2.6594317745e-09
1.36216836279e-12
8.3550851794e-30
2.14607111498e-31
0.000197306650911
1.27157096809e-11
4.86091668453e-17
0.000940085601801
1.04060214395e-15
2.2437091403e-11
2.32261235212e-07
6.44251992912e-08
9.28400784495e-05
3.07777763785e-18
6.92645480469e-12
0.000106878870184
1.77639798509e-08
2.45667028503e-27
0.000193580511638
2.70905007977e-19
3.68599637447e-23
2.25495041678e-23
7.32582910983e-33
3.42459888152e-20
0.00441664957624
1.81042089577e-06
1.11245077936e-05
3.51450884066e-08
0.00381718837954
7.55429219572e-13
2.52553993097e-12
7.11905212597e-06
1.52872700958e-06
0.0048812242272
0.00173393445017
1.81571528453e-09
2.49525258113e-50
5.26064760421e-08
2.68564280158e-18
9.06605281214e-21