500
0.000226444417138
1.77962163883e-08
6.95859381705e-09
1.67268832278e-17
9.08394618988e-11
0.000485641874215
3.75584132909e-09
7.29470355487e-06
2.5703446015e-05
5.29203595803e-13
2.85580313569e-06
0.000546095234761
0.000120936966168
0.000247860580466
3.27283017495e-05
4.19678415341e-05
1.38837623461e-05
1.15653078769e-08
4.81643942663e-11
1.78196769673e-05
0.000309972419864
0.00030602090704
0.000166344075389
3.30568541805e-05
6.29821653379e-07
2.94719429876e-07
1.50217580391e-05
8.41218232412e-08
0.0
0.000659986773308
0.0013065491519
0.000248242152123
1.08416132151e-06
2.14452170489e-08
0.000704971321391
4.98313653842e-13
0.000518489032474
0.00102754537721
0.000309225132942
0.00132786299868
0.000659986773308
9.97007281414e-08
0.000218324165381
2.14347952945e-05
3.20890438328e-05
4.3605153533e-07
0.0
0.000297568131249
4.4576477229e-08
0.000438716250193
2.20558029193e-07
1.36742829018e-05
0.000173685748466
7.11551835065e-05
3.34951402659e-07
5.42826802948e-06
9.48072443854e-11
5.60492656011e-06
3.17179710267e-07
9.13373668629e-05
0.00060715995255
0.00519009706714
3.55873484606e-06
2.63355574111e-05
0.000287613350819
0.000901070845304
9.84131686664e-05
5.26337017035e-06
4.66443982238e-05
7.08246170135e-06
8.83599194893e-06
0.000124972896415
0.0
7.6417844418e-05
2.71968228947e-14
0.00519009706714
7.96031357106e-07
1.85398041507e-05
1.64504799702e-05
1.83896093455e-08
1.67924920284e-08
0.00519009706714
8.45930989414e-09
0.0
0.00102754537721
0.000148384163918
0.000358266300512
0.000106587068339
1.91369822803e-05
0.000280575089263
2.62673729274e-05
1.66140768699e-05
1.25564999874e-07
0.000523413752198
2.65979539551e-05
2.81034135136e-15
6.56218023759e-05
0.000805828603603
0.0
0.00177439215971
0.000197378026642
1.17750250577e-07
4.59814428101e-08
8.0385085587e-12
0.000822250283822
0.000155481171864
4.55738561994e-05
1.38679584716e-11
0.00023379468182
0.000140590085381
1.52165602644e-06
7.20596006456e-05
5.96147470607e-07
0.00109796869624
4.17786334788e-07
0.000351297564857
0.00166439382407
1.26992318454e-05
3.29513370895e-06
1.976770241e-06
2.3295273904e-05
9.08346932588e-07
8.71685142617e-06
2.85400931515e-07
0.00306379882825
3.344726736e-14
1.67177286485e-05
2.31589887848e-05
9.88949394268e-07
0.000393917366806
0.000410438801723
7.94976444877e-07
7.42261880668e-06
0.0
0.0
0.000111214216861
0.000472138217259
0.00205829490526
8.5550911977e-06
2.65039342577e-06
0.00120668552245
9.89778730655e-10
1.50025915737e-05
6.54736306128e-06
2.74511907501e-06
3.01311883933e-11
6.75143146339e-05
8.57602909655e-09
0.000208995033021
5.88281256068e-07
3.75478187258e-10
7.16388993586e-16
0.000287172050525
0.000653276362846
0.000668322171393
0.00205829490526
5.9907809213e-05
1.54588867236e-06
3.78580038813e-05
0.00153098522518
7.67457940409e-07
0.000878324119055
1.04169279223e-06
0.000750157375365
1.86896422319e-09
4.66393264134e-06
1.05057458067e-05
0.000476109009998
1.97998284947e-09
0.0
2.13010753005e-07
0.00302649699716
0.00120053349504
1.71053229461e-06
6.89870303197e-10
0.000148813531568
5.88119981351e-08
4.90940110009e-07
0.000172392205819
6.61140508229e-06
0.0
0.00107785189549
0.0
0.0
7.88072944099e-06
2.51397017706e-09
0.0
2.91330453967e-07
0.000223706386571
1.0755484718e-05
0.0
0.000913811962249
0.00023189781462
0.0
7.11551835065e-05
3.59816513257e-05
0.00519009706714
4.14106244708e-07
0.000416193773056
1.3165965313e-07
1.93805001861e-06
3.23678240284e-07
0.00115220829791
2.52003778636e-09
0.000141880933626
4.1231286139e-05
1.55022166953e-05
0.000280575089263
0.000111162522986
4.20622992044e-05
0.000612422160806
8.40700278396e-07
0.00125057838359
0.00302649699716
0.00132786299868
0.000103965047118
9.65167201673e-06
0.0
0.000106767584675
1.68070429969e-14
1.1816142192e-07
1.17910391051e-10
2.35440338599e-12
1.09897434533e-14
0.000269558082382
0.000138744846412
0.0
0.00166439382407
0.000614683665212
1.84423874228e-07
1.14977130388e-06
0.000651088163069
4.00971548619e-08
1.27425785547e-10
4.5136381882e-06
1.42275026476e-06
0.000913811962249
0.00306379882825
2.74424230962e-05
0.000384316319605
0.00104524218055
2.40618160303e-06
0.000578212062515
6.30379125294e-06
0.000823874942915
0.00139289784537
0.00205829490526
0.000139865637615
0.000165661391741
1.09154227891e-08
0.000539438084291
0.00166439382407
1.24640277306e-07
0.000469920454835
1.11876532926e-05
9.98357429312e-20
0.000241967692306
0.000142288469421
3.4470401669e-06
4.132569633e-10
3.78625702718e-10
2.98248268245e-07
3.12999937239e-06
0.000806968754552
0.00247080664877
2.32148983631e-06
0.0
3.91411838279e-05
3.96664050407e-07
0.000202867443905
0.000300705912239
0.000495955871782
1.57053537686e-06
7.97891008697e-05
6.99954217659e-11
5.36410586619e-08
2.43004947207e-06
3.84448961412e-06
0.000197679337612
5.50798330033e-11
0.00486835193541
6.4992784201e-06
8.1542786723e-09
1.10317545242e-05
3.83401182491e-06
3.41374221608e-06
0.0
2.81329000355e-06
0.000141527760711
0.000215500530446
0.000295347778626
2.71955749436e-05
0.000155481171864
3.54541962771e-09
3.04629404169e-07
2.79997030969e-26
2.06863494086e-05
2.9089875645e-05
6.04777590216e-08
0.0
0.000878324119055
1.50537093945e-05
9.54168101651e-08
2.27790292533e-19
7.04309262999e-06
6.81397428846e-09
9.44655233529e-06
0.00302649699716
0.000113100675159
0.000979875457289
0.000224770099767
2.14134851907e-05
3.90847984842e-10
1.5246878347e-06
0.000415971273441
5.27713701867e-14
0.000546095234761
2.82468147549e-05
0.0
0.000444536056164
0.00120025180058
8.28548760387e-11
0.000186461008259
3.12310287326e-06
1.38263172863e-09
0.000472138217259
3.22022267745e-08
1.33232094911e-09
0.00306379882825
0.00010315914033
1.52079863279e-06
0.000166344075389
7.09284781273e-08
1.19513681829e-07
1.52026272743e-08
0.0
8.29611750064e-05
1.21552655988e-06
3.42559655697e-05
4.00251259799e-07
5.96800241748e-05
3.45392346545e-10
3.17832430142e-07
0.000111502848835
0.000570991310456
0.0
2.28785071038e-06
0.000269558082382
3.89030238463e-06
3.00903962808e-05
0.000486362390355
3.13992122396e-06
2.07036737744e-05
0.00263563222252
0.000518489032474
9.35248103335e-06
8.12262203865e-09
1.89122394994e-05
8.83971965867e-06
0.000750157375365
4.78553781717e-11
1.17279633556e-05
3.24565875015e-05
0.00205829490526
0.00302649699716
1.20275642733e-05
0.000614683665212
6.02886966252e-05
3.82533342638e-07
3.3248843747e-05
1.55901268514e-05
0.00052989971139
0.000503870786038
7.64808159218e-05
9.58090573771e-05
2.77468793586e-09
0.0
0.0
3.26209293164e-05
1.30396739605e-05
0.000358266300512
0.000538791281958
4.77736366555e-09
2.01657796033e-11
0.000857162819396
2.05730679362e-05
2.45701525868e-06
2.64488624577e-08
2.12325674088e-05
3.55159602523e-10
0.0013065491519
0.0
4.24147135954e-10
1.02616383235e-05
0.000290713384626
0.00109796869624
0.000251392822703
3.30687391571e-06
6.66683131135e-07
1.13329268228e-07
0.000857162819396
0.00262680396824
0.000241481811561
2.49318341077e-05
0.000518103236543
1.82942118752e-06
3.2627124426e-06
9.35389602075e-07
2.84442358265e-07
4.17535642232e-05
3.21725427145e-06
0.000103966820652
1.50557432355e-05
4.65652429878e-17
7.49972494441e-10
0.000419445190097
0.000222466214593
0.000198617655443
3.467593303e-07
8.87565551113e-06
5.25419310173e-09
0.000281160200727
0.00262680396824
0.000419445190097
0.00205829490526
1.39620730823e-06
1.20471507251e-12
0.000182405705391
0.00247080664877
4.80598626741e-06
0.0
6.52436399056e-05
0.0
1.85636936856e-09
7.81971092462e-08
9.25625901877e-09
4.56061279406e-06
0.0
9.83293507073e-05
2.25123204696e-05
0.000168516017671
1.43638019976e-07
2.43389309415e-05
0.00030168831089
2.765931457e-05
0.0
9.77083970366e-05
0.000280575089263
0.00128643431579
8.93686084946e-07
8.27729975372e-06
0.00120668552245
0.000163264699302
2.84931760744e-05
0.00262680396824
0.00112412523485
8.98913716778e-14
2.84055542241e-06
5.3581503893e-05
0.000116929326486
0.0
1.38508728755e-05
0.00128643431579
7.08327293113e-05
0.00139289784537
0.00486835193541
0.00519009706714
0.000384177290758
0.00107785189549
7.21681029928e-12
0.000182106150293
0.00177439215971
1.66666893494e-08
2.80906517042e-06
7.24747649837e-06
0.0
0.000281332534107
0.00302649699716
4.55526178741e-06
0.00519009706714
0.00103469982809
9.28081371948e-09
0.00132786299868
1.55071902786e-05
1.75025612118e-06
0.000135848861055
0.000341686259306
3.58642982804e-06
0.00107785189549
1.37935878325e-08
2.12518606772e-08
0.000857162819396
0.000281160200727
0.00486835193541
1.18085471538e-08
8.27991864605e-07
0.00519009706714
8.49336905854e-08
3.93990320172e-05
1.63320441844e-06