500
1.4356385585e-08
0.0
0.00683313131313
4.46572502973e-24
0.0
8.40667158781e-10
1.17781456437e-13
6.94747558506e-10
8.17996312897e-11
0.0
0.0
2.61450627422e-08
1.22264535154e-07
1.5515065976e-10
0.0
6.32518303159e-12
0.00112264119779
1.97575543515e-14
0.0
4.25282411908e-29
3.01563888925e-10
5.23619384688e-08
1.03459699487e-20
0.0
1.43043366462e-06
0.0
2.3404341272e-38
0.0
0.0100271353793
1.3712423842e-31
1.00294557484e-22
0.00116216251155
0.0
8.0549356637e-06
0.0
0.0
3.62803873273e-09
0.00164388505818
1.85444005656e-08
9.5218728787e-05
0.0
0.00164388505818
4.04835154972e-22
0.00152673429671
6.80065699848e-05
3.70990965546e-07
1.92577513691e-13
8.05217984404e-06
0.000246442819458
0.0
7.60840354558e-14
3.88461067256e-19
0.0
9.62124789709e-05
0.000546656910206
0.00060064165222
0.0
3.22000340587e-17
3.6113129581e-22
0.0
3.7533148498e-11
7.46847227229e-28
2.71820955529e-05
6.04252768745e-08
7.5964407575e-08
1.71289418759e-07
8.22310732194e-10
0.0
0.000246442819458
1.23714585719e-20
1.02573398278e-16
6.17479915489e-15
3.15404834952e-08
1.32064028211e-12
0.0
0.0
2.71820955529e-05
1.23773216143e-26
2.99231996327e-09
5.91995815938e-14
7.81387790508e-17
4.43406944675e-14
0.00674516364107
0.0
0.00116216251155
0.0
0.00388438577757
1.7214555839e-19
0.00152673429671
0.0
0.00579533601007
0.0
0.0
0.00116216251155
6.15743849607e-05
0.00152673429671
0.0
2.27854465682e-11
1.91365572771e-11
0.00579533601007
6.33226596829e-15
2.80439277876e-21
0.0
7.03087137099e-16
2.91935846184e-07
0.0
0.0
0.0
9.22725760397e-28
0.0100271353793
4.38470023972e-11
2.96571591862e-12
0.000874319387609
5.0546225541e-12
8.56120560537e-05
5.31712702114e-06
0.000147245272794
0.0
0.0
0.000973332898183
4.11295367215e-06
1.06704860963e-09
9.83384486046e-13
0.0
0.00152673429671
0.0
0.0
0.000757354879987
4.50491469186e-07
0.0
1.00562877864e-08
0.0
0.0
0.00164388505818
0.0
4.2951985424e-10
0.000199002230046
1.85114693529e-12
2.06713200825e-05
0.0
7.29045587285e-08
3.2817418544e-18
5.6261086693e-08
1.03088015871e-26
1.53524832471e-05
0.0
1.74302698139e-18
0.0
0.0100271353793
9.94706234465e-06
3.21696781146e-14
0.0
0.00674516364107
1.13926283602e-06
0.00714294977352
2.47631025975e-07
0.0
7.88452041609e-06
5.12703821338e-06
3.32931886043e-14
0.0
0.000763276725972
6.46312679464e-05
6.73057894078e-22
0.000147245272794
2.89485552225e-16
0.00164388505818
0.0
0.00116216251155
0.0
2.91090978747e-19
0.00579533601007
4.81913789235e-07
2.07028030875e-06
0.0
0.00116216251155
5.95234932713e-23
6.16376716619e-09
3.58989570245e-33
0.00164388505818
7.1932084831e-12
2.8371787179e-17
3.02996411994e-16
1.13472114468e-14
0.0
2.7875788054e-10
1.07719605422e-08
0.0
0.0
3.59089653394e-09
0.0
0.0
0.0
0.0
1.87105472757e-10
0.0
0.000763276725972
0.0
4.41178143023e-08
5.34694679314e-17
0.000410597089337
3.19210278286e-17
0.0
0.00424999634955
0.00116216251155
5.64910695689e-38
9.61600511326e-24
4.28947713131e-10
5.61551361607e-07
2.21325956267e-12
0.0
1.6309319511e-09
0.000898576465682
1.38885012141e-11
1.76356205332e-14
2.4996344293e-17
0.0
0.00116216251155
8.61532935253e-20
0.0
0.000473378192691
0.000428464597652
0.0
0.0
8.54362229978e-15
3.25054899867e-45
2.54261813558e-18
3.06259556393e-08
0.000724800302259
0.0
0.00152673429671
0.00164388505818
0.00152673429671
1.29678755648e-06
0.000627413204762
0.0
4.30762205546e-09
1.21277406801e-06
2.38796363672e-26
0.0
0.000600268197021
2.34895849332e-23
0.0
5.06762477643e-15
8.3010754695e-12
0.000763276725972
2.59663654003e-19
6.5250227269e-14
0.000546656910206
1.69416209392e-05
0.0
4.43816698576e-24
0.00116216251155
0.000532943912365
3.8121180905e-15
0.00388438577757
0.000763276725972
9.8008724904e-16
0.0100271353793
0.00424999634955
0.0
0.00683313131313
9.19953058941e-18
5.15991700578e-36
4.25287245905e-14
0.0
1.07686273141e-06
1.60990705305e-11
4.67908295039e-15
4.647699523e-07
7.52994157806e-09
2.9012971595e-14
3.85093481897e-05
0.0
3.13488150488e-09
0.0
0.0
4.66945965256e-05
3.89613109891e-10
4.11604126995e-26
0.00714294977352
4.50766417864e-05
1.50004546652e-07
8.44694478069e-19
0.0
0.0
0.00579533601007
0.000127732829569
0.0
0.0
1.68186414226e-05
1.46874127659e-20
0.0
0.00714294977352
0.0
0.0
0.0
0.0
0.0
9.08593150794e-05
2.66883828355e-15
0.0
8.5541414575e-07
0.0
0.0
0.00116216251155
2.75126900057e-08
0.00579533601007
2.3662357531e-09
2.21721238481e-27
0.0
0.000874319387609
1.49945894667e-10
1.3336861051e-05
0.0
0.0
4.70180982043e-05
1.14217729905e-22
0.0
1.70762475004e-05
7.47588894005e-11
0.0100271353793
3.61373068291e-18
0.000156247248919
9.26941942516e-09
0.00714294977352
1.33801435522e-15
5.5831319451e-18
0.0
0.00116216251155
8.46046904321e-13
0.0
0.0
2.35354671111e-09
1.76871347402e-10
0.00116216251155
7.56015281775e-13
4.07365161556e-09
1.0595339389e-05
7.72485641708e-41
4.12668064141e-12
0.000532943912365
5.98876204637e-07
0.000410597089337
0.0
7.66768961339e-06
6.78304435752e-05
0.00714294977352
0.0
4.99620299318e-12
1.14469446616e-08
3.44760048826e-07
1.09256506235e-16
1.05246043777e-05
7.84934599126e-13
0.0
5.27473732975e-05
0.000588124241549
0.00112264119779
2.92362225351e-14
0.00388438577757
0.0
1.84150211207e-08
0.000466458612349
0.0
1.50426008246e-10
1.89898494421e-17
0.0
5.93322329767e-08
0.0
2.90412949263e-05
1.42326550803e-08
0.00116216251155
4.59008858052e-07
0.0
4.71993701492e-08
8.21044821098e-05
0.0
0.000199002230046
0.00164388505818
0.0
1.69565071114e-12
7.18068381669e-09
0.00683313131313
6.75463500128e-12
3.67198495791e-17
8.35680744969e-19
0.0
6.15743849607e-05
4.13061962111e-13
0.0
0.00164388505818
2.75235144824e-10
0.0
4.64664238384e-05
0.0
4.75184296635e-12
0.0
1.84566291526e-13
4.49133682344e-15
0.0
2.06713200825e-05
6.00729965366e-06
0.00683313131313
0.0
0.0
0.0
0.0
0.0
0.000546309025888
0.000898576465682
0.000199002230046
1.73760682362e-36
1.11545179035e-14
3.65304219666e-09
1.51190700235e-14
0.0
0.000763276725972
3.42828977679e-09
0.000724800302259
7.42932069898e-10
0.00411155595309
0.00116216251155
0.00683313131313
4.01231239899e-06
4.20404527879e-08
0.0
0.0
3.25519846639e-13
0.0100271353793
5.82218858543e-08
3.38749802246e-26
5.63253896471e-20
0.0
0.0
0.0
3.4618841935e-09
8.94634903652e-24
0.000532943912365
1.50317309029e-07
4.05632861363e-12
0.0
1.49491379592e-07
0.0
0.00112264119779
0.0
4.24554284557e-08
5.06882356229e-05
7.61421224184e-10
0.00037049390428
4.48808032821e-06
1.33208312837e-07
9.23164040282e-21
0.0
4.14416659599e-06
1.18898952973e-10
0.000410597089337
0.0
9.49015365865e-12
0.0
1.49869613226e-13
6.93800960454e-18
5.72640235357e-12
1.1689515029e-05
0.00164388505818
3.89753536866e-05
6.48068514455e-14
0.000410453057495
0.00152673429671
0.000973332898183
3.86270461573e-05
1.67831496508e-14
2.63719100805e-08
0.0
6.14791199562e-09
0.0
1.09458744779e-15
0.0
0.000154747992036
0.0
1.0595339389e-05
0.00112264119779
0.0
1.3007373302e-10
7.90990303881e-20
1.61641834034e-07
5.88448273068e-12
7.92536061448e-11
2.48174796509e-08
0.000769197922295
1.39091125283e-09
4.31825910634e-08
1.32386187703e-40
0.000199002230046
2.94646299847e-11
7.57026975472e-06
1.28664574429e-06
4.52988976749e-05
3.45707481697e-23
0.0