500
3.33802679177e-08
7.4534856052e-06
9.01546478563e-06
0.000409408399033
5.64868076278e-11
3.01176523589e-10
1.78998856087e-10
5.88344775173e-09
5.87111779543e-14
1.77629060984e-07
1.14369165733e-05
0.00236049833851
0.025530691385
2.72534029503e-06
0.0154696689136
0.000272022420702
0.000268892676576
4.04707018077e-07
7.78391436967e-08
3.51367285943e-05
0.0
3.8967551394e-10
0.0104704254647
0.000130210585081
4.98514255086e-15
9.18265839641e-05
0.025530691385
8.20214453182e-05
0.000204343466566
0.0
2.55335068267e-08
0.000910254832824
2.97732211778e-07
0.00503517993961
2.39246354095e-05
0.0
0.0
0.025530691385
0.0154696689136
0.0104704254647
7.36317058357e-09
0.000576192796462
1.10738943757e-05
5.29058639796e-05
6.86940766248e-18
4.00338585477e-11
0.00236049833851
5.93096207464e-06
0.0
1.14636638338e-09
0.0104704254647
0.0
1.61818097429e-12
0.0154696689136
0.0
1.62676889801e-05
1.41008010302e-08
0.0
0.00503517993961
0.0
2.58711358957e-07
0.000309805787476
0.00503517993961
0.00033021696947
2.59416979998e-19
0.00220985867302
2.93391785787e-16
2.70715820447e-07
4.14801411325e-07
1.98646984426e-06
1.11371440141e-12
4.95919597542e-10
0.00019519615151
5.05096532483e-05
5.630574896e-16
0.0
0.0154696689136
0.0
1.88290233802e-13
7.27781628571e-06
0.0
4.09974736799e-09
4.36076262827e-08
0.000111077371237
8.86286066177e-10
0.0
9.0737770106e-17
5.22646743502e-08
0.00503517993961
1.81855927314e-06
0.000323239937794
8.43117200509e-09
9.20966140013e-15
3.56103282094e-08
0.0
0.0104704254647
4.12730353885e-07
1.62676889801e-05
2.51920918311e-09
0.00128842664456
1.97429737485e-05
0.0
1.61551712362e-08
4.32536586332e-13
0.00274610612908
0.00323791080088
4.00698523588e-06
0.00236049833851
0.025530691385
5.90274336488e-10
5.65104804893e-05
2.67279945089e-14
3.5365530593e-06
0.00799744397012
0.000782724304023
1.46811978023e-05
0.00213778490511
0.000194005723661
7.08920969824e-06
1.35172369101e-07
8.14905393148e-07
0.0
4.17864350735e-13
2.19009706523e-09
6.14641040912e-13
0.0
4.49354753292e-05
3.41958738059e-08
3.90534995641e-07
0.00799744397012
2.178000137e-05
8.34465326526e-07
1.04290236737e-14
2.5007213669e-20
6.00853582724e-11
0.000524616717591
8.29505792369e-05
0.000183255466073
5.33064559556e-16
4.90639427005e-17
2.99792736663e-05
3.22667517328e-14
0.0104704254647
0.000309805787476
0.00503517993961
3.28379643643e-07
1.50144996724e-08
0.025530691385
0.000747595694165
0.00334613174418
3.57304993818e-08
0.00572763729071
2.00912122133e-10
0.00290602212695
1.83641066816e-06
0.00179403407577
7.91603091911e-11
8.67914560851e-07
3.44089761963e-07
9.90339716502e-08
0.025530691385
0.00799744397012
0.000379761529157
6.97188488603e-06
4.28168258421e-13
4.60622773384e-09
0.00503517993961
7.27408968016e-05
0.00130267747766
0.00032964293292
0.0
3.37237457914e-08
8.28993432133e-06
7.00017487888e-13
6.93922576555e-09
1.27691281452e-11
0.00173620423874
9.0252166026e-05
3.78755636491e-06
0.00112166174634
0.0104704254647
3.82829840075e-06
1.22970046127e-05
0.0104704254647
7.13267791425e-08
0.00799744397012
8.03904990478e-06
0.000371692152472
0.000617372945861
0.0
0.000602755071498
0.000606902591035
6.05536505416e-09
4.98985666968e-07
1.77108134163e-13
0.000401894657036
1.655878977e-21
2.66922128354e-07
0.00503517993961
0.0154696689136
3.74036092656e-08
0.00169488119897
0.000123395821586
1.80259062985e-11
2.4301859324e-11
1.33700655772e-06
0.0
9.16929530948e-08
7.25321298974e-12
9.40208897402e-10
0.00220985867302
7.96036112204e-08
1.7101430809e-13
7.79382317507e-12
2.65187738153e-06
7.6004724956e-06
1.38214250559e-13
4.46631126793e-05
1.91726348573e-08
1.07388186233e-06
5.76725655628e-05
0.000134940699792
0.0
4.50256489226e-08
2.98855824473e-05
9.20246574874e-08
7.55009880406e-08
1.16507075103e-14
1.05460119343e-12
7.10473910735e-15
0.00042265882632
1.28165530619e-05
6.33628636879e-05
5.88772318738e-06
0.000136573553383
0.000621106181615
0.0104704254647
9.58491998978e-09
3.52955186857e-19
4.77638135367e-05
0.0
0.000136751690178
3.96221559919e-10
0.025530691385
3.03216814886e-13
1.40276521861e-06
6.02581120695e-09
0.0154696689136
0.0011321517334
8.10789351077e-07
0.000189612062341
0.00269493581083
3.79768450049e-06
1.62891346449e-05
4.2310969063e-05
8.87680056378e-07
0.00572763729071
1.86125687207e-09
2.39246354095e-05
0.00121843954246
2.97984544857e-05
0.0
0.00117014874471
0.0014732368981
1.52051464283e-09
7.22912013445e-13
2.19140822898e-05
4.66618693754e-05
8.09484981596e-16
0.000602755071498
7.88151309811e-16
0.000279165529201
2.91980393273e-10
1.26039324565e-05
7.04384224443e-10
2.55325833483e-06
8.60234478263e-09
0.000291187137773
1.31843421329e-05
2.31758915862e-06
1.89486098965e-08
1.0033822477e-10
8.20214453182e-05
0.00323791080088
4.95126474475e-16
2.30588468296e-07
0.00799744397012
0.0
9.11047403294e-15
2.1246355168e-16
1.02606452721e-11
0.0154696689136
0.00112938877448
3.84792731915e-08
2.4003810433e-06
8.53689335455e-11
0.0104704254647
3.40843303065e-09
1.04959447176e-09
1.10533152737e-19
0.0
0.025530691385
2.02325089182e-10
2.8879547048e-11
0.000602755071498
5.88188663693e-09
0.00236049833851
2.92678033795e-07
2.36825150284e-18
0.025530691385
0.025530691385
0.0
2.80289777864e-07
0.00323791080088
0.000173843811983
1.71015882735e-11
0.00236049833851
0.000265847019596
0.000616051184825
1.37887244931e-06
0.000148071292716
4.58560854443e-05
3.04158548257e-11
5.53044665477e-05
2.12057772828e-12
0.0
0.0
0.000621106181615
1.65507579938e-05
1.18133406688e-06
0.00220985867302
1.56995008162e-05
0.0
6.38512162617e-05
2.50006208358e-06
8.0140075176e-11
2.07977316221e-08
0.0
4.24074473693e-10
0.000246014275887
3.33711870125e-06
1.7018685802e-05
0.0154696689136
0.000204343466566
4.03570097514e-09
3.0839890692e-06
1.51305528208e-05
0.00799744397012
0.000976109132739
8.90568392265e-10
1.48960941145e-06
0.00173620423874
9.70094799239e-10
1.65507579938e-05
9.40117607311e-19
0.000253922718002
0.0
0.00033021696947
6.72513652107e-06
1.51331592889e-06
2.4650340194e-13
4.81095719916e-12
0.00799744397012
0.0
3.91255961191e-14
1.29390784082e-08
0.0
0.00799744397012
0.0
0.00503517993961
0.0154696689136
1.93618806094e-19
1.49706490472e-13
0.000884176308066
0.000135310921756
0.00118620241327
0.025530691385
0.0
0.0
3.65045046351e-13
1.27853532179e-05
7.68461516212e-10
2.51901795214e-05
0.0104704254647
4.43531233888e-05
1.2692535316e-22
0.00323791080088
1.66115913133e-05
3.31214200017e-08
0.000628779612651
0.0
0.00290602212695
0.00236049833851
1.58936014604e-06
9.48358233438e-05
0.0104704254647
0.00334613174418
7.50669057002e-05
0.00503517993961
3.40876026027e-15
2.12797959637e-05
1.4735342177e-05
0.0
0.0007235531433
0.0007235531433
6.29612920874e-09
2.03364897875e-11
2.51067511315e-07
0.00118620241327
6.71354921287e-10
9.76414438168e-05
0.0
1.78962030445e-13
7.04684261543e-06
4.38434399644e-09
2.15022621914e-07
0.00290602212695
0.0
8.788740491e-11
1.56222312305e-06
0.00274610612908
1.62054326021e-06
0.000125894776896
3.30619716261e-05
0.0
4.13432332881e-15
0.00503517993961
2.99047273324e-06
7.20636758025e-08
0.000142985350248
0.0
0.00117014874471
2.4954955633e-08
0.000133435285295
6.54447254616e-05
0.0104704254647
3.91948457499e-08
7.25289314633e-05
1.97429737485e-05
0.0011321517334
0.0104704254647
1.02762929829e-05
8.27445304323e-07
9.20170191727e-10
0.00269493581083
0.000628972409246
0.025530691385
0.0
6.71451412147e-12
4.62561807455e-10
0.00118620241327
1.49084456681e-05
5.66933231679e-09
4.11538842856e-10
0.0154696689136
1.22217787776e-09
0.0
3.46818801837e-05
5.92756206199e-06
0.000608385606567
8.57498282183e-06
0.000170654381236
9.41742441746e-16
1.67400222022e-06
8.29165085877e-06
9.00895216647e-08
2.67104634997e-11
0.000773415479718
0.00269493581083
0.0
0.0
1.41338602071e-13
0.0154696689136
0.0
4.45197721744e-23
0.000275305778431
2.79276155881e-09
6.07774073435e-06
0.000114697161772
2.54310269057e-06
4.33094522104e-09
6.70115606284e-07
5.50468733617e-11
0.000388979374471
2.70340554618e-09
4.88089198199e-09
9.17393004993e-13
2.59740199722e-11
0.0104704254647
4.40644444645e-13
1.73993963002e-11
5.37612718849e-19
1.28713454893e-09
0.0
0.000616051184825
0.00334613174418
0.000272022420702
0.000227289798747
9.64462033198e-06
1.29136583555e-06