500
3.25781183823e-07
2.05977882827e-05
0.00906474820145
1.1568857127e-30
1.01814274824e-05
1.19533210789e-10
4.49172487508e-09
1.39983515359e-11
0.0333719818914
0.0118070249683
5.16623356114e-08
3.1718694073e-18
0.00133578867687
5.63230981151e-23
7.86010953298e-07
0.000242784495624
1.76633347979e-05
7.054628994e-10
0.00306792753736
0.0333719818914
7.11428398473e-37
9.08088151254e-09
1.36238023876e-05
1.16103109519e-05
0.00114430200344
6.80629811155e-20
0.0025734260593
0.00906474820145
0.00101367617656
0.0253111167002
0.022731639839
0.00114685990778
0.0333719818914
2.20266970592e-31
4.78049958235e-09
0.0253111167002
2.53707887479e-19
2.31762305187e-12
5.33749347635e-09
3.73672590913e-54
0.00525603046975
0.0160411217304
1.07286142719e-09
1.63572386517e-09
1.03705981134e-11
7.3932503928e-08
0.0333719818914
0.022731639839
4.68574830087e-13
8.94328782902e-08
5.98009924965e-22
1.84216287244e-06
5.04325194751e-38
0.0333719818914
1.11038816918e-12
1.39776466529e-05
0.0253111167002
0.0253111167002
1.14764635004e-16
0.000146220969746
1.29965632163e-05
3.40747804461e-14
0.0015204008138
3.7664817311e-13
0.0118070249683
1.6136771032e-13
1.12810133082e-07
0.0025734260593
8.88195774824e-10
1.19796232164e-06
0.0333719818914
0.0333719818914
3.1621451231e-18
0.00237133127499
1.97665629619e-07
4.0652725943e-05
1.28732752592e-05
3.76447193389e-10
1.25471832711e-18
4.64222843672e-11
1.10337080327e-11
0.0253111167002
0.0333719818914
0.0333719818914
2.27179883213e-38
1.27594113942e-05
0.0333719818914
4.68760009771e-05
0.00306792753736
4.84286052267e-06
2.39307902444e-05
0.0253111167002
1.57546558509e-08
1.75586403319e-06
1.0449598949e-08
0.0333719818914
0.00906474820145
0.0333719818914
6.27732480776e-11
1.48565539804e-06
1.49378772011e-11
1.51366895135e-05
0.022731639839
0.0175726861167
0.022731639839
3.29557596219e-06
3.09167803779e-21
1.3493947083e-09
0.000607230277249
1.19489471346e-26
0.0253111167002
0.0333719818914
6.37392013623e-21
0.022731639839
3.20328737988e-43
0.0160411217304
0.0253111167002
1.11381958139e-16
0.00404497452378
1.04675477164e-06
8.87923390214e-11
3.85688289994e-25
9.26268895114e-08
0.022731639839
0.0253111167002
1.37129861963e-07
8.32122060217e-13
2.0615593686e-05
0.0253111167002
4.53293878726e-13
0.0333719818914
2.80473177855e-11
0.00164327090029
0.022731639839
4.39027767483e-08
0.022731639839
0.022731639839
1.06378867701e-06
0.000183829443384
0.0175726861167
4.23291532794e-10
1.01435077736e-17
0.00275527250171
0.0333719818914
0.0333719818914
2.67497237241e-08
5.37669617483e-14
0.0175726861167
6.19401104148e-21
8.73639639016e-07
0.00525603046975
5.916178878e-09
0.0253111167002
1.27253091977e-05
0.00525603046975
0.022731639839
1.45477412129e-05
3.59694289334e-06
1.53933101886e-09
0.0333719818914
1.9790364883e-05
3.37511440026e-17
1.50044040458e-26
0.0253111167002
0.00196675701602
7.60180509402e-08
8.59066451006e-06
0.0333719818914
0.0333719818914
0.0175726861167
1.83987753974e-07
8.7477923973e-17
4.55732756e-05
5.65380051352e-11
1.89782322348e-11
2.27916866809e-08
1.48688252766e-07
6.82757977527e-11
1.04870855027e-12
1.97876518218e-05
6.59946938563e-09
0.0253111167002
6.87655741426e-13
1.44434560587e-05
7.95692719048e-22
3.34879187624e-05
0.000789881423086
0.0160411217304
0.022731639839
2.60918400958e-06
0.00525603046975
1.67938713556e-10
5.62171365949e-18
0.022731639839
1.34970518322e-08
0.000246223579767
4.0970921481e-06
3.35310409697e-24
0.0021299624304
1.36027849184e-05
1.14539396908e-06
2.19737049929e-10
2.11219988931e-11
8.09241382548e-09
0.0333719818914
1.24053420793e-12
0.0333719818914
2.25470215332e-08
0.0333719818914
1.42592986011e-12
0.0253111167002
7.83272970567e-10
4.31839559134e-05
9.5977160067e-31
8.44645944477e-18
3.83674608186e-15
0.022731639839
2.86936822876e-12
4.45152123616e-18
0.0253111167002
8.82706537714e-15
6.25292449224e-07
2.0905790033e-06
1.02352079998e-08
0.022731639839
9.92229222082e-07
9.6891621495e-08
1.76293703861e-06
0.000414729224727
0.00525603046975
1.77249552502e-13
0.00525603046975
1.51270486105e-08
5.08248248151e-05
0.000336780401415
8.07517376457e-13
0.022731639839
1.41235771935e-25
0.000111150276523
1.58613257368e-23
4.79259666097e-19
3.95932807475e-08
0.0253111167002
3.79896491612e-23
2.06485612137e-08
0.0118070249683
1.53999411115e-08
0.000424777319935
0.00013328872364
0.000183433131601
6.33977225112e-05
4.62579839626e-06
8.57530046898e-06
1.55265488071e-09
0.0160411217304
1.65030611587e-17
2.16752240667e-13
0.022731639839
8.68790394865e-15
0.0333719818914
0.0253111167002
0.0333719818914
3.28817105161e-10
1.1205064313e-13
2.63293381217e-09
0.0333719818914
3.05867697208e-18
6.48469310049e-06
2.37319927406e-18
2.38253354767e-05
0.00906474820145
6.93834569434e-11
1.95375568109e-11
5.55161312052e-07
0.022731639839
2.61081067701e-24
0.00184063900449
0.00024863906139
0.0104358865849
3.25936598213e-05
0.000106734053685
0.00306792753736
8.94985475552e-08
1.88617892015e-07
0.000495869194287
1.99792385599e-05
0.0104358865849
3.63052805761e-07
0.0333719818914
1.18657885883e-16
3.01759325584e-40
1.76076606225e-17
1.73468181015e-14
8.66546318852e-05
9.4362689771e-22
2.82822373167e-07
4.12241301109e-14
2.83579100763e-09
1.34826336251e-06
0.022731639839
3.55095451255e-22
2.75084625012e-08
1.71679908477e-18
1.33015317364e-05
0.0104358865849
8.75478452588e-21
2.339342994e-20
1.72681910723e-10
0.022731639839
9.45122055056e-32
1.41265934866e-05
1.97624226117e-16
0.0253111167002
2.81666990293e-18
0.0253111167002
0.022731639839
0.0333719818914
7.88221354753e-10
0.000642451173289
0.000136817038075
1.03798273012e-15
3.13919612642e-13
1.78662828988e-11
0.00288736668309
2.11455272936e-10
0.0333719818914
1.12229601555e-08
0.0160411217304
1.63049288616e-07
1.53246482384e-08
1.74773685666e-07
1.12570513345e-15
0.0333719818914
1.63068169068e-06
0.0253111167002
0.00270221470872
0.000361477170297
0.00218993511712
0.0333719818914
2.0130613848e-05
0.022731639839
0.00652470355733
0.022731639839
0.0104358865849
2.89489570045e-07
2.51633747285e-13
1.43949660277e-14
1.5736035671e-19
2.71503586199e-11
2.02059949106e-05
0.0002183839879
3.13994190349e-23
0.00022244122734
4.93337183914e-13
1.42536548332e-31
2.14363243678e-18
7.34263115016e-12
0.0175726861167
0.0333719818914
0.0160411217304
0.00339298849857
8.44959030976e-20
2.44159664032e-11
6.11983357105e-07
6.43631855661e-14
1.7407229057e-07
0.0025734260593
1.92690250923e-07
1.19311324925e-07
0.00525603046975
0.0118070249683
0.0253111167002
1.81542582493e-13
4.23851051366e-05
0.0253111167002
1.52669986054e-07
0.000208562370574
1.54969941606e-22
0.00111390905963
4.84042562393e-05
0.00652470355733
0.000157576984766
3.83659854989e-12
1.90061578188e-14
0.0253111167002
3.80559158862e-11
7.53186797874e-06
1.0012885359e-37
1.0435215713e-10
0.022731639839
9.34387761418e-06
2.26337096701e-07
6.40080854434e-08
1.36645549681e-08
1.28777651737e-10
1.23077225231e-06
2.31673991199e-05
6.31475103312e-08
3.40442741582e-05
8.50021093847e-32
8.11458536783e-13
8.61383926876e-17
4.08952454598e-20
9.83425221956e-09
0.0333719818914
1.93610780674e-08
0.000393825702588
1.1387075919e-13
0.0017866461176
0.022731639839
3.86113135566e-10
0.000240399168115
3.53507006805e-11
0.0253111167002
1.50297938536e-12
8.59647362667e-42
7.55835063716e-08
0.022731639839
1.7973388963e-16
0.0253111167002
3.30531312454e-21
6.3482495548e-16
0.0253111167002
3.59382885865e-14
7.42929226373e-10
8.49110039653e-08
1.38329188466e-11
2.02159434886e-25
0.00218993511712
0.0104358865849
3.58702753688e-05
0.0160411217304
2.01825460369e-13
0.0104358865849
0.022731639839
0.0253111167002
0.000190740006753
3.9025972575e-16
0.022731639839
0.0253111167002
2.18359136502e-11
0.0010131344071
1.77365504647e-07
1.25905136748e-16
1.74527131361e-09
2.81069958338e-19
1.26195221693e-40
1.34352984098e-17
1.58183250971e-16
9.92826694097e-09
2.9556717892e-13
1.51262394936e-05
1.06307272372e-05
0.0333719818914
1.92629727507e-05
0.00114430200344
5.48761269757e-09
0.00218993511712
1.48259614506e-06
0.0333719818914
5.96245608908e-26
1.81047013475e-08
0.0118070249683
5.49823080352e-14
0.0333719818914
0.0333719818914
0.0333719818914
1.4022955902e-16
3.25177171354e-09
0.0333719818914
0.0175726861167
3.61864047376e-15
0.0160411217304
1.57252006211e-08
3.71911347609e-07
1.52906427363e-08
0.022731639839
1.60837528688e-14
0.0333719818914
4.67460144841e-05
0.0253111167002
6.32366320924e-31
4.8406053872e-23
4.74786660789e-23
1.2224417782e-05
5.51108623153e-10
1.80705663969e-13
2.70930196471e-07
7.98262692959e-21
0.0104358865849
8.27523277278e-06
1.58826465075e-05
0.000263937657649
9.43184723445e-21
1.98168907464e-06
0.0333719818914
5.90792660329e-26
4.03338390023e-05
9.12520623082e-06
1.29194671815e-11