500
0.0
0.0
9.20820902521e-05
0.0
0.0
0.0
0.0
0.0
0.0
0.0
0.0
0.0
0.0
0.0
0.0
0.0
0.0
2.00363114073e-05
0.0
0.0
0.0
0.0
0.0
0.0
0.0
0.00163898500577
0.0
0.0
0.0
0.0
0.0
0.0
0.0
0.0
0.0
0.0
0.00196525300568
0.0
0.0
0.0
0.0
0.0
0.0
0.0
0.00267391954432
0.00196525300568
0.0
0.0
0.0
0.0
0.0
0.0
0.002119390752
0.0
0.0
0.0
0.0
0.0
0.0
0.0
0.0
0.0
0.0
0.0
0.0
0.0
0.0
0.0
0.0
0.0
0.0
0.0
0.0
0.0
0.0
0.0
0.0
0.0
0.0
0.0
0.0
0.0
0.0
0.0
0.0
0.0
0.0
0.0
0.0
0.0
0.0
0.0
0.0
0.0
0.0
0.0
0.0
8.01804056032e-05
0.0
0.0
0.0
0.0
0.0
0.0
0.0
0.0
0.0
0.0
0.0
0.0
0.0
0.0
0.0
0.0
0.0
0.0
0.0
0.0
0.0
0.0
0.0
0.0
0.0
0.0
0.0
0.0
0.0
0.0
0.0
0.0
0.0
0.0
0.0
0.0
0.0
0.0
0.0
0.0
0.0
0.0
0.0
0.0
0.0
0.0
0.0
0.0
0.0
0.0
0.0
0.0
0.000181329033262
0.0
0.0
0.0
0.0
0.0
0.0
0.0
0.0
0.0
0.0
0.0
0.0
0.0
0.0
0.0
0.0
0.002119390752
0.0
0.0
0.0
0.0
0.0
0.0
0.0
0.0
0.0
0.0
0.0
0.0
0.0
0.0
1.74978329138e-06
0.0
0.0
0.0
0.0
0.0
0.0
0.0
0.0
0.0
0.0
0.0
0.0
0.0
0.0
0.0
0.0
0.0
0.0
0.0
0.0
0.0
0.0
0.0
0.0
0.0
0.0
0.0
0.0
0.0
0.0
0.0
0.0
0.0
0.0
0.0
0.0
0.0
0.0
0.0
0.0
0.0
0.0
0.0
0.0
0.00196525300568
0.0
0.0
0.0
0.0
0.0
0.0
0.0
0.0
0.0
0.0
0.0
0.0
0.0
0.0
0.0
0.00022992887047
0.0
0.0
0.0
0.0
0.0
0.0
0.0
0.0
0.0
0.0
0.0
0.0
0.0
0.0
0.0
0.0
0.000115849794555
0.0
0.0
0.0
0.0
0.0
0.0
0.0
0.0
0.0
0.0
0.0
0.0
0.0
0.0
0.0
0.000141549338651
0.0
0.0
0.0
1.66666864206e-05
0.0
0.0
0.0
0.0
0.0
9.82509566204e-05
0.0
4.87777999837e-05
0.0
0.0
0.00196525300568
0.0
0.0
0.0
0.0
0.0
0.0
0.0
0.0
0.0
0.0
0.0
0.0
0.0
0.0
0.0
0.0
4.21735859008e-05
0.0
0.0
0.0
0.0
0.0
0.0
0.0
0.00267391954432
0.0
0.0
0.0
0.0
0.0
0.0
0.0
0.0
0.0
0.0
6.36383320125e-06
0.0
0.0
0.0
0.0
0.0
0.00196525300568
0.0
0.0
0.0
0.0
0.0
0.00196525300568
0.0
0.0
0.0
0.0
0.0
0.0
0.0
0.0
0.0
0.0
0.0
0.0
0.0
0.00196525300568
0.0
0.0
0.0
0.0
0.0
0.0
0.0
0.0
0.0
0.0
0.0
0.0
0.0
0.0
0.0
0.0
0.0
0.0
0.0
0.0
0.0
0.0
0.0
0.0
0.0
0.0
0.0
0.000307904094968
0.0
0.0
0.0
0.0
0.0
0.0
0.0
0.0
0.0
0.0
0.0
0.0
0.0
0.0
0.0
0.0
0.0
0.0
0.0
0.0
0.0
0.0
0.0
0.00196525300568
0.0
0.0
0.0
0.0
0.0
0.0
0.0
0.00196525300568
0.0
0.0
0.0
0.0
0.0
0.0
0.0
0.0
0.0
0.0
0.0
0.0
0.0
0.0
0.00196525300568
0.0
0.0
0.0
0.0
0.000204052105373
0.0
0.0
0.0
0.0
0.0
0.0
0.0
0.0
9.82509566204e-05
0.0
0.0
0.00196525300568
0.0
0.0
0.0
0.0
4.26482120893e-05
0.0
0.0
0.0
0.0
0.0
0.0
0.0
0.0
0.00267391954432
0.0
0.0
0.0
0.0
0.0
0.0
0.0
0.0
0.0
0.0
0.0
0.0
0.0
0.00267391954432
0.0
0.0
0.0
0.0
0.000112268755107
0.0
0.0
0.0
0.0
0.0
0.0
0.0
0.0
0.0
0.000252198518644
0.0
0.0
0.0
0.0
0.0
0.0
0.0
0.0
0.0
0.0
0.0