500
1.49444997107e-05
0.000220780659564
0.000982845847965
2.00042772638e-07
6.08512604797e-21
1.92614636297e-25
0.0
9.30467050106e-05
2.49544131713e-18
5.85753410443e-24
2.95028455223e-38
8.33120333247e-14
1.97525461178e-17
0.000153264444276
3.35136950881e-08
1.68671837619e-12
1.80584667886e-16
3.6470081534e-25
1.06705008545e-15
3.30345564446e-10
0.00139872954934
4.1845297788e-15
6.28447740778e-09
5.98093225056e-09
1.64593605018e-08
2.18329009585e-24
1.97304489593e-17
0.0
0.00202566835497
0.0
1.46321228365e-09
0.0
0.0115603249163
0.0
2.0796699911e-18
0.000136229446427
3.07142805759e-21
7.58119049987e-07
0.0
2.00388706465e-17
2.32981856581e-07
1.4315407987e-06
0.0
9.88625388415e-13
6.1496536066e-09
1.29310782452e-08
0.00564108264788
0.00680622893179
6.96372234236e-10
0.0
9.48785784168e-07
0.00120755524168
4.88904918934e-22
2.3105060761e-20
2.20214681588e-25
0.000115805981752
0.0
4.65497489935e-16
6.84131932188e-15
0.000466641843743
4.62537879201e-11
0.0
3.37643431719e-11
1.56148868519e-05
8.8972332179e-06
5.26987561473e-13
2.43774982305e-28
0.000256050014742
0.0156179224035
8.89274693642e-06
1.35277284517e-11
0.0
1.90241918163e-17
0.000220780659564
2.77726310511e-07
5.67294904665e-12
1.93527974474e-06
1.54305028787e-13
0.0
1.76520256743e-05
0.0
8.86301209461e-35
4.74970438772e-08
0.0
3.76190428292e-08
7.97009818655e-09
8.43679196992e-12
4.10651559568e-39
4.53965407552e-14
4.46006359649e-10
2.48489578869e-05
8.895521307e-30
8.57629857033e-43
2.39893176474e-09
3.20554863832e-05
4.36735084825e-08
9.28716605008e-06
0.0
7.46624780923e-09
2.17855437978e-24
2.72331390738e-06
0.00117069796227
5.16264043634e-28
6.49945981758e-27
2.90399300474e-10
0.000788371409906
2.27324231491e-17
2.76809706336e-08
2.5382860583e-18
7.07042105403e-06
0.000333935851915
2.98296603411e-11
0.000220971684717
5.40410699489e-08
5.05520493203e-12
4.0426392645e-09
0.00819175341753
1.61971486505e-09
4.31401846457e-16
1.3274952964e-20
2.51727799664e-14
4.16885418059e-06
7.90085042181e-05
2.00465325668e-07
8.83647721606e-08
2.43379576555e-06
9.50077982377e-15
4.45002530747e-26
3.13555624279e-05
4.0572773783e-11
1.05081318394e-06
1.84990403578e-13
9.95157229301e-27
1.59175102136e-05
6.2007485474e-12
1.98656142545e-24
0.000832219015021
2.57154201261e-33
7.36461791421e-33
1.32937386979e-06
5.95881752539e-10
0.0106799028201
1.4800473227e-08
0.0010273837396
1.08675313976e-08
9.1603356921e-08
8.87005824609e-13
1.20417195953e-06
1.86204571826e-05
4.73867766762e-11
1.8543096357e-05
2.71010341283e-09
3.93012592384e-18
2.79846047151e-17
1.7034021389e-06
0.00204545396463
3.50613429997e-08
9.8683905929e-23
4.19958788404e-16
0.00115110669941
0.0
3.68175873074e-14
9.82950357051e-05
0.0013071028064
0.000115164364398
0.000151772849958
0.000179455805674
1.10185492176e-09
1.48842915264e-05
1.34060061868e-30
9.79649550418e-05
1.04284606903e-12
5.79769359433e-08
6.91450060772e-18
0.00105606981709
1.7705373171e-27
7.79406594424e-06
3.93235346781e-11
3.41025589173e-18
1.33178153945e-14
1.27138434455e-07
0.0
5.17486724294e-24
0.0
0.000115419188692
4.14676960135e-06
7.30283004533e-34
0.000253551015002
0.0115603249163
4.3664629056e-07
0.000140405676328
1.67387194193e-06
1.46505914089e-09
3.54014841075e-38
2.87038354329e-38
9.17254487021e-05
0.000116749675712
1.9824268906e-07
0.0
2.45737781178e-05
1.11719136516e-22
0.0
1.07101275935e-13
0.000253551015002
1.94388204871e-36
0.000130771900945
3.43830213964e-08
1.33723995869e-06
2.14594502862e-05
5.83417414391e-27
2.20838903177e-32
0.0
1.7008979592e-07
1.84724657635e-08
0.00176588723514
1.07036716148e-07
1.40273082508e-07
1.28834478511e-08
5.88643434966e-05
4.02641071401e-07
2.84710014813e-07
2.0508083732e-14
2.67460631399e-05
8.78918137102e-11
7.35681124503e-29
2.88310013008e-19
5.367288238e-36
0.00104030623624
0.0
5.22860332871e-16
0.0
7.31259618656e-18
7.89244732598e-07
2.90487935851e-12
1.02069186524e-06
2.16885200077e-14
9.82950357051e-05
5.2848816064e-24
3.70159012079e-18
2.63554921685e-43
2.69338540695e-09
0.0
4.45920488681e-13
0.000788371409906
8.12061315103e-15
6.70266280802e-11
1.12951324345e-15
0.0106799028201
1.30438376479e-15
4.30874826888e-10
7.74415109019e-08
2.16711986757e-05
3.8577026224e-05
0.00819175341753
4.49484882253e-06
0.0
5.030550765e-12
4.81343906663e-05
1.18426101755e-12
4.59734201192e-10
0.00155513752768
1.17483537231e-05
0.000140405676328
9.76240151367e-12
6.87780664556e-52
0.0
1.42368928489e-06
0.00202566835497
5.84965138806e-16
9.49713388765e-22
0.000158067044788
9.02883190303e-13
1.46838937755e-13
1.04293892105e-19
0.0106799028201
2.86722503619e-07
3.66787649488e-12
2.33121112081e-12
0.0
0.0
9.46177339609e-20
4.86380154537e-21
0.0
0.00204545396463
0.0156179224035
3.9469968791e-08
0.0
2.42428214825e-18
2.0178561268e-09
9.62866380387e-11
0.000135606929068
8.92447777217e-07
0.00017704364612
1.45461822115e-06
0.00635435078182
4.33173923085e-10
6.23575925242e-05
0.000237091239129
0.00117069796227
1.88388753037e-05
0.0106799028201
2.00361887503e-08
1.81988185208e-08
8.70773956995e-05
0.0
1.97313876208e-13
0.0115603249163
3.27957673603e-10
0.0106799028201
0.00819175341753
4.776719152e-09
2.67014436606e-13
3.77562019815e-40
0.00143727994971
8.46696577095e-12
1.99268486042e-12
4.46822496183e-11
3.2197267857e-15
4.19975232624e-15
7.9119499777e-10
4.51813383525e-27
0.0
2.30705745065e-05
0.0
0.0
1.37894795039e-06
0.000151772849958
1.52682258512e-06
0.00143727994971
0.0
0.0115603249163
0.0
1.12671119927e-10
4.42859883234e-05
3.93706863208e-09
9.93727555799e-29
9.72688229466e-09
2.7356505335e-09
3.15476351225e-07
0.0002702720766
2.36577254009e-13
0.000154775773084
2.06077846304e-10
5.45926039699e-13
2.36393999248e-15
5.40226836349e-08
1.88936162779e-32
6.89337329985e-11
2.90590402477e-09
7.72318639579e-06
1.18231747277e-14
2.79974804369e-07
2.09111895503e-11
0.00680622893179
9.50269634987e-06
0.000151105637343
0.0106799028201
0.00819175341753
1.87338375628e-24
1.0762901617e-12
3.46754181899e-12
0.000982845847965
2.93909019982e-11
7.39942572837e-18
2.5949214705e-11
2.76794315151e-25
0.00010808996445
0.00635435078182
2.54384689417e-11
0.000231096492332
1.79360862843e-10
1.79447178075e-07
1.64108462269e-05
1.68691657495e-05
0.0
0.000337225805957
1.0177609601e-17
0.000700123291161
3.3190123441e-06
1.2305823907e-07
8.47946950565e-08
2.31135936471e-07
0.000253551015002
0.0
6.64711360582e-20
9.57941732128e-09
0.0106799028201
4.96847183917e-10
4.91059114909e-05
2.97972593764e-09
0.000141760353903
0.000753867424604
9.3395776621e-17
2.45916437307e-12
3.2659409533e-11
2.05901725194e-13
6.82590531009e-28
0.000194284959035
7.10410690492e-15
3.18822047702e-11
2.51241346023e-05
0.00106386898239
3.33105022826e-05
0.0
2.84038710111e-09
2.78190608841e-07
2.87127426692e-20
8.50149058523e-11
6.17271683529e-09
0.000702970678395
8.21755908624e-06
0.0
4.47373936785e-16
2.08125902562e-24
2.68511634036e-53
1.12015059664e-37
8.22208854126e-14
0.00105606981709
6.13617464454e-24
0.000205550501107
2.07177196431e-12
0.000136212968432
9.63008372561e-06
0.00115110669941
2.40758925591e-07
1.52196668083e-17
0.0
2.08059624456e-12
0.0
1.96272514967e-15
0.0115603249163
0.00188972796334
1.31422373265e-07
0.000267634455498
0.0010634396329
0.0
2.08683156759e-23
3.40495114871e-12
5.84924732349e-11
0.0
0.000466641843743
5.52382112654e-06
2.92265358713e-06
0.000982845847965
0.0
0.0
1.73848247368e-09
2.52296270924e-07
2.8324130125e-37
2.57102473871e-09
1.20287415681e-25
0.000134198210733
0.000291950616702
0.0
0.00115110669941
3.5835752753e-09
0.00202566835497
8.61260538152e-36
4.74333940659e-07
6.30106154274e-10
1.28701525132e-26
1.76197572442e-05
6.70869327894e-08
0.0106799028201
5.31682885264e-07
1.05618273114e-19
4.4430601558e-15
0.0
6.19693926315e-06
2.73271008718e-08
4.10055545708e-15
0.0
2.27022652148e-05
6.35354659474e-20
0.00188972796334
7.11271637759e-05
0.000114717508661
3.68411008062e-22
0.00193768394724
1.0279959067e-08
7.78114344179e-34
0.000230794279256
0.000203062708351
8.09122877501e-06
0.0
0.0115603249163
1.11036434246e-07
0.0
0.000132930994202
8.95105168771e-13
6.21438813662e-06
1.79289359795e-15
4.42618700865e-20
5.19468250056e-13
4.71470815996e-12
9.25619819425e-05
4.92362540416e-22
0.0
1.4730105283e-21
1.87846643716e-08