500
0.00107789641414
0.0616063051122
0.000392591451002
1.82687477685e-06
0.0616063051122
0.0616063051122
1.81192150448e-09
1.40268171514e-06
0.000249705046692
5.90565259233e-06
0.126556732074
0.00362216538312
3.58493980151e-06
0.00107316947835
0.000748376755443
0.000618231755333
3.57583788289e-05
0.0616063051122
0.000503227078855
0.00389469938037
0.00083381794616
0.00163202136392
0.126556732074
0.126556732074
8.49983151898e-05
0.000122794487897
7.97258808785e-06
0.126556732074
0.000618231755333
0.126556732074
0.000284015246199
0.000618231755333
0.00526045206196
3.76473196382e-07
8.98598225186e-09
2.23289329889e-07
0.0616063051122
0.126556732074
3.17339445457e-05
0.126556732074
3.17298383855e-05
0.126556732074
0.0616063051122
0.000697320454609
0.00201127985854
0.000618231755333
9.54707964422e-05
0.0132427142169
0.00150840832527
0.0216665452046
0.0616063051122
0.126556732074
0.00343363425268
6.58321283741e-09
0.126556732074
0.0616063051122
0.126556732074
0.000181094856019
0.000618231755333
0.000972362765302
0.000711056336259
0.00376753794066
3.33103040377e-05
4.8664852041e-05
0.000618231755333
0.000618231755333
0.00671627757023
0.0047740251641
4.99047274015e-05
0.00144283191111
0.000448007447598
0.00362216538312
6.44130081446e-05
0.126556732074
1.27069881781e-10
0.000157408399399
0.0616063051122
3.80512741996e-06
3.12917615737e-07
0.0616063051122
4.64747292047e-05
0.00278857105166
0.00186114777265
5.38399519902e-06
0.0616063051122
4.28306282956e-05
0.000172784449134
2.61718887545e-06
0.126556732074
0.000768552318098
0.000368625963901
5.26660168644e-08
0.126556732074
0.00130303465767
0.0616063051122
0.126556732074
0.00642970796813
0.00574616383674
0.000827388431532
0.000618231755333
7.18069827894e-05
4.1295978291e-06
0.126556732074
2.22422288338e-05
2.67655534438e-08
3.95902711806e-06
0.126556732074
1.4051890576e-09
3.17298383855e-05
0.000532342350297
0.000293698660374
0.126556732074
1.28696822385e-07
0.126556732074
0.00405914218364
0.00280077196157
0.0132427142169
5.39653695026e-06
6.1391725519e-05
3.48962190318e-05
0.0216665452046
0.000731147781413
0.0616063051122
0.000819760350961
0.000618231755333
8.47179721295e-06
0.126556732074
0.0616063051122
2.42309336204e-05
0.0616063051122
0.00496218614969
6.38075072529e-08
0.00526045206196
0.002190581948
6.37425490837e-05
0.0616063051122
4.93392152533e-05
0.126556732074
0.00343363425268
5.884732808e-05
0.000364005691369
1.38916467786e-09
0.126556732074
9.02286854268e-10
9.54031610337e-08
0.126556732074
0.000479031746693
0.00847491791078
0.0616063051122
0.000462393399404
0.000155960767916
5.68014883176e-06
5.0635293457e-12
0.00101011573843
0.000104031530614
0.126556732074
0.000618231755333
0.126556732074
8.51526653957e-08
0.000905704005758
2.22477072969e-05
1.32052919102e-05
0.126556732074
2.32784332246e-09
0.126556732074
0.000618231755333
5.93955355686e-09
0.00166404851155
3.0323729878e-05
0.00574616383674
0.000618231755333
0.000618231755333
6.79032269233e-05
1.95633077819e-05
1.04647345304e-07
0.000618231755333
0.00129552456359
4.93392152533e-05
0.126556732074
0.0616063051122
0.126556732074
1.72073105076e-09
0.126556732074
0.000145205974239
0.00405914218364
0.00107316947835
0.000207019845073
0.00526045206196
6.29434032373e-06
0.126556732074
0.00749723737875
8.42594513441e-06
0.0216665452046
0.000618231755333
0.126556732074
5.39653695026e-06
0.00119767272062
3.3381079854e-05
1.05442050155e-09
0.000122794487897
0.126556732074
0.126556732074
0.000177063232412
0.00362216538312
7.69041132524e-08
0.000168300459067
9.22123033378e-12
0.00280077196157
0.000468862078422
0.126556732074
0.126556732074
3.50674714741e-06
0.126556732074
1.10574033186e-06
0.0047740251641
0.000618231755333
0.0132427142169
0.126556732074
0.00278857105166
5.55286642486e-05
0.000209447564919
0.00129552456359
0.000618231755333
0.0616063051122
0.00121826749242
0.00278857105166
0.000618231755333
0.0616063051122
0.00139733180363
2.48396808482e-06
1.00307051954e-05
0.126556732074
0.126556732074
0.0616063051122
0.0122534926627
8.56980336725e-07
5.44853836843e-06
1.5243154573e-09
0.000257101703587
0.000570347712163
0.0616063051122
0.0616063051122
0.126556732074
0.00228796006939
0.126556732074
0.000437502629553
0.000618231755333
0.00115951110271
0.126556732074
9.99899542443e-06
0.00139733180363
0.126556732074
9.29415408081e-06
0.0616063051122
0.000268774759565
1.58555833487e-05
2.87083533074e-05
0.0020438780889
0.00574616383674
0.126556732074
0.126556732074
0.126556732074
0.0047740251641
6.24437228086e-07
0.00103392434473
7.8160636527e-05
2.57188342881e-12
0.0616063051122
0.000618231755333
7.79318404756e-10
7.06137270401e-05
2.99603190479e-12
0.0216665452046
0.0132427142169
0.000686548353892
0.00389469938037
0.0616063051122
0.126556732074
1.78150024579e-10
0.126556732074
0.000618231755333
4.52213931275e-08
0.126556732074
0.00115951110271
0.00036026126614
0.000310085021323
0.00389469938037
0.126556732074
3.58493980151e-06
0.00139733180363
1.64258425219e-06
5.85542916576e-06
3.43492319781e-05
1.26993368368e-07
0.126556732074
0.126556732074
0.000342805379706
0.126556732074
0.126556732074
0.000503227078855
0.126556732074
0.00139733180363
0.00688361569189
0.000342805379706
0.0616063051122
0.00332177102444
1.31450702336e-11
0.126556732074
7.33917028567e-08
0.0216665452046
0.126556732074
0.126556732074
0.0616063051122
0.00343363425268
0.00671627757023
0.000103292004809
0.00362216538312
3.30686598374e-06
0.00228796006939
0.000240915675836
0.00189593678562
0.126556732074
0.0616063051122
0.000181438561916
5.5570843907e-07
0.0047740251641
0.126556732074
3.40837065152e-07
0.00456028438016
0.126556732074
0.0616063051122
0.0616063051122
0.000369753227689
1.37668029495e-11
0.126556732074
0.00271165513008
0.0122534926627
9.54643851893e-10
2.09848146005e-05
0.000618231755333
1.66946773498e-10
0.126556732074
0.00129552456359
0.126556732074
0.0122534926627
0.0132427142169
0.000748376755443
6.12362336414e-05
1.0540796178e-05
7.09914385883e-07
1.92076403871e-06
0.0616063051122
0.0616063051122
0.126556732074
0.126556732074
0.00114669704848
0.126556732074
0.000748376755443
0.000124870242344
0.000618231755333
1.51987077323e-05
0.0616063051122
8.39311164843e-05
0.00574616383674
0.00201127985854
0.126556732074
0.00268472744406
1.63908923786e-06
0.000479031746693
8.84513408722e-05
0.000768552318098
0.0616063051122
1.25329792033e-06
9.89690298826e-07
2.47753622884e-12
0.126556732074
4.88520152623e-06
0.000618231755333
1.33308352036e-08
0.00105870399439
0.000336963525634
1.03660939069e-06
7.41294326781e-06
1.43336983778e-05
5.89372296481e-10
0.0616063051122
0.126556732074
1.1442349193e-06
3.17298383855e-05
3.42911832815e-05
0.126556732074
0.126556732074
1.53256732384e-06
0.00847491791078
1.74590041739e-06
0.00671627757023
0.000181004572117
3.35386349173e-06
0.126556732074
0.000618231755333
4.2706009878e-10
9.47723015367e-08
0.126556732074
0.00166404851155
0.000339204014605
0.00343363425268
0.00413407549346
0.126556732074
3.97226745892e-06
0.00139733180363
0.00405914218364
0.0616063051122
0.0616063051122
0.000239944032263
0.0616063051122
0.000294621137867
0.126556732074
0.0132427142169
0.000200622642264
0.0216665452046
0.00642970796813
3.35039167801e-06
5.79561988633e-06
8.21754050618e-06
0.00464623989475
0.00278857105166
4.08641160752e-08
0.000145205974239
0.126556732074
1.62249274545e-05
5.884732808e-05
8.18944174069e-06
0.00100581800833
0.0616063051122
0.00278857105166
0.0616063051122
0.00020150445638
0.00389469938037
0.0216665452046
2.40874870197e-05
0.0132427142169
0.0047740251641
0.00109169061271
9.62970259058e-05
0.126556732074
9.14355727056e-08
2.01240996858e-06
0.126556732074
0.000269773393039
1.44912541252e-06
0.126556732074
0.0122534926627
0.126556732074
0.0122534926627
6.57416743577e-05
0.00847491791078
0.00389469938037
0.00201127985854
0.126556732074
0.00847491791078
0.0011231242986
0.00030173201392
5.48907564494e-05
0.000124764215185
0.000618231755333
9.02366221316e-06
0.00405914218364
0.126556732074
0.000313472235471
2.59214349127e-06
0.0616063051122
8.69522575126e-06
0.126556732074
0.00150840832527
0.00362216538312
0.126556732074
3.40132040681e-07
0.00278857105166
0.0616063051122
8.78398155339e-06
0.0616063051122
0.00114669704848
0.00257229707987
1.44086289584e-06
0.00101011573843
1.56742225657e-05
8.02414556741e-05
0.0616063051122
5.95382715029e-05
1.1382325005e-05
0.126556732074
0.000731147781413
0.126556732074
0.00115951110271
0.126556732074
4.93392152533e-05
0.0616063051122
0.00332177102444
0.000212448948238
0.126556732074