500
3.32903960948e-25
6.40233345523e-13
2.58674737577e-09
8.49259738549e-07
4.77882832053e-06
1.51349313796e-12
8.98704387462e-10
3.64655382122e-15
7.81706428009e-06
2.65291477929e-06
0.000295246459881
0.00124097250234
2.78201520364e-30
9.68136914739e-22
0.00487766767948
5.19492088416e-20
8.64327528708e-14
6.0277141874e-54
4.7852109915e-13
0.00350292692707
1.10505891493e-28
0.00504117757703
5.95004191268e-19
8.00860872312e-21
8.61717377886e-08
2.83024468267e-07
2.77810142707e-15
7.0271297701e-36
0.0
6.60220801431e-09
6.24336852105e-10
3.27058938248e-55
1.39965572218e-71
2.29471263563e-74
3.44957639457e-24
1.58014490289e-28
0.0
1.11089177646e-52
5.95369480649e-31
0.0
9.9685554868e-07
8.54317551172e-07
3.07154873923e-51
9.12129596804e-21
4.67666504865e-08
1.36638870012e-34
0.0
1.26506964087e-28
4.6311973477e-29
2.70993245649e-11
0.00504117757703
0.00244281014328
0.0
3.91143505146e-12
6.56734653901e-10
3.27189544591e-08
1.51787313437e-09
2.6768604791e-36
3.70550215659e-07
9.86405116517e-55
1.3747482803e-20
2.2969299732e-11
6.15803188055e-09
2.866157968e-36
5.06784441874e-21
2.04504874821e-16
0.00350292692707
2.52741456076e-40
2.93072627485e-21
2.36110046843e-28
5.46787384275e-23
0.000443627990397
5.89542045494e-05
0.00504117757703
1.07883073948e-09
6.64482474079e-06
1.03655166539e-28
7.71686456211e-23
1.97913806214e-12
5.16194492106e-24
1.65653529637e-20
0.0
3.74641818804e-32
4.80896803849e-24
3.56345843874e-10
1.00324865493e-08
2.0841375235e-60
0.000735473474036
8.81782275003e-36
5.21567209893e-09
2.89985757743e-13
2.99143594296e-20
1.78812413937e-09
1.59616457182e-06
4.59136046274e-65
4.23581705152e-29
0.000411915532699
2.97578151623e-29
3.42819278149e-13
0.0
2.99623774508e-25
6.67882307019e-13
0.0
5.3587956591e-14
1.06937907151e-06
3.41415051219e-11
2.44966851839e-06
7.96514814996e-05
4.83455365978e-52
0.000628775305886
2.45638180688e-06
1.9808098624e-58
5.64715465359e-21
2.23317682147e-11
1.90226136943e-18
3.00795803315e-89
0.0
8.93237135296e-31
1.09725285576e-20
4.3907425202e-07
3.12976756528e-24
5.6145473407e-15
8.99449327678e-16
0.000954498621003
1.97880011088e-22
2.01160204019e-43
7.57980294961e-26
3.41731741586e-23
2.86613856594e-17
0.00350292692707
8.27382558868e-17
0.00504117757703
0.0
4.31426312046e-29
3.42258081584e-06
1.54160354237e-41
0.000157162895149
9.51568106378e-10
7.57910658112e-17
7.00209152628e-06
9.28579890713e-21
3.82114467721e-06
9.64639913968e-11
2.65697075647e-05
4.02322795624e-13
1.44265539331e-28
1.28210557348e-48
3.14965990356e-31
8.47351876967e-20
5.4424684237e-07
3.1517598222e-05
1.04302733052e-13
1.55516097961e-07
7.17148650564e-13
1.06102690858e-12
1.53827757483e-21
3.79832055373e-05
1.20017943955e-23
0.00244281014328
9.52393442614e-18
5.21197656074e-15
2.66340198972e-09
1.99193625782e-38
5.89384583822e-39
1.96279900985e-28
1.16888351465e-11
3.4998805515e-14
4.62217535189e-22
7.3654538105e-08
1.3804841188e-10
8.1070006188e-08
0.0
7.53185611972e-14
4.08687510605e-32
2.75736817314e-11
1.62223068614e-11
4.3491865741e-09
3.03667913982e-24
1.66283255937e-36
0.000239953975426
1.00396566808e-09
4.82199473307e-06
0.0006254538048
0.0
7.70177807169e-49
9.05465997753e-27
1.39368748084e-18
4.20282290774e-28
2.8047869842e-35
2.86219956912e-12
1.85402941523e-51
0.0
2.41938295264e-20
9.88474912853e-10
0.0
0.00487766767948
3.76530639276e-06
4.21142344432e-14
0.0
3.0697531785e-17
1.93943063215e-12
3.78187450295e-14
8.06940872406e-16
7.16249339929e-07
6.29642347274e-13
8.15094433388e-06
5.97459426838e-14
1.94533520927e-43
8.47856637513e-06
2.73560918486e-07
3.93568265852e-18
3.72662657621e-25
2.95736958287e-41
1.09422908206e-09
7.80328038533e-05
1.27454763756e-16
8.38646785528e-19
1.53535726015e-16
2.64287093035e-45
1.9707806672e-05
5.57418010745e-17
2.095730122e-34
1.63969923148e-10
1.61136973278e-42
4.80977921651e-16
7.5189138274e-12
7.65594733097e-38
4.93963626569e-11
4.6688819916e-07
8.21237288584e-27
4.5549002561e-19
1.61470951386e-26
0.000102566280612
1.73266769302e-06
7.10558301065e-17
5.40343772832e-09
3.08414054126e-12
1.12530181571e-11
1.47214510078e-06
8.73102237598e-12
4.32932093588e-15
0.0037279474443
0.0
1.75597176529e-37
2.50907513147e-05
1.44864052334e-17
0.000550894195816
1.89336066208e-72
1.2331851175e-09
1.67915459646e-17
1.11737982271e-52
9.54969395672e-22
4.65759038358e-05
9.54789506275e-26
3.671905778e-12
0.0
0.00124887143484
2.50251885856e-17
1.21283556761e-33
1.12384628522e-16
3.66636560829e-30
0.00487766767948
8.04130753952e-07
8.40365507757e-09
0.0
1.97358117055e-06
4.74338602339e-12
2.00051843457e-09
1.04575212888e-11
0.00504117757703
3.51946550924e-12
9.22402386035e-24
3.61040190539e-24
2.45955846629e-10
0.00487766767948
2.0092117498e-08
3.72316357613e-09
0.0037279474443
7.59302624169e-15
2.74448579228e-07
3.97958398226e-17
4.14372011042e-12
2.54220639347e-12
0.0
5.48033639419e-56
2.37690244135e-95
3.47930559619e-47
2.77454617913e-17
3.81938933984e-14
5.68369018288e-13
2.27470955275e-15
3.34884554011e-16
3.42971525785e-22
1.08381621739e-09
8.35922188269e-15
2.40524569787e-15
0.00504117757703
5.36167008761e-05
4.76394691789e-08
1.21307712575e-19
1.32230121324e-20
1.1192372947e-08
5.57401630955e-35
0.0
1.66361142359e-07
1.11074067956e-25
4.20645515321e-18
2.96168327807e-36
2.90042417707e-10
1.36145308532e-12
2.42364026366e-08
0.0
2.68758472209e-20
5.60889401074e-07
8.19543537723e-09
3.50249218931e-16
2.95999223233e-27
3.99468690936e-19
3.22876863802e-12
1.90479565924e-10
2.95063891117e-05
1.03383225684e-09
1.76998793658e-07
9.3182437081e-05
0.00350292692707
8.6348580158e-41
0.000605969983911
8.59240045803e-41
4.23879897243e-36
5.30400819884e-12
1.33654852475e-05
2.23094401063e-27
5.36167008761e-05
0.0
1.65605532379e-23
7.46214747853e-05
6.8610050867e-05
8.85827227201e-05
2.55066421394e-07
1.15178926782e-11
9.63961039682e-34
7.2100953069e-09
4.44115297826e-11
9.4490244553e-43
9.79959532478e-05
0.0
1.03204676686e-23
1.81486336917e-18
1.52677419824e-20
1.66146020018e-26
1.87995827559e-30
3.317568389e-08
1.32039970848e-09
0.00350292692707
7.20723635617e-12
0.0
1.93915422694e-16
1.62576149014e-14
6.28292636843e-49
0.00172799821173
6.43188785075e-15
7.96639749567e-09
0.0
9.13939587035e-11
1.41805534103e-20
0.00350292692707
0.0
1.50937355196e-24
6.2921124274e-09
5.68709802968e-35
1.94743353686e-06
6.6454086739e-10
1.68303661873e-06
2.76404069633e-08
2.3025268555e-05
1.00890310482e-11
3.72683244215e-15
1.06309814639e-11
0.000495188135586
1.99745968774e-31
2.76071291757e-09
0.00487766767948
0.0
1.51017201813e-53
6.68893297115e-51
0.000479126776889
7.85363172411e-08
3.58196262446e-33
2.938688978e-14
4.83510843867e-07
0.00244281014328
5.0275664623e-12
7.49198749514e-19
8.08746568363e-09
5.73511195948e-13
6.43510341495e-30
1.04833848313e-05
3.26209776683e-18
0.00100661194775
1.99299151714e-08
2.29172649335e-12
6.45680260198e-05
1.09466634861e-20
4.52900578004e-15
2.92127424177e-10
0.0
5.56993360255e-08
9.8266517459e-35
4.09942150522e-23
1.98080843253e-32
2.85785168426e-09
0.00504117757703
2.27145281243e-13
4.62740080467e-19
5.07758046383e-07
1.11273682343e-49
6.26046273216e-19
8.93115881061e-24
3.02881029645e-41
7.39781320847e-49
6.27823682159e-42
0.000218637329891
0.00124887143484
2.74848567906e-20
2.22327149631e-13
0.00504117757703
1.61909070063e-16
1.10670665795e-05
0.0
2.21495658629e-05
0.00487766767948
0.0
0.0
1.8807209647e-26
0.0
1.19325271919e-14
0.0
2.62609317509e-05
1.03598387471e-40
1.42963489571e-11
5.95734707401e-36
4.19677708604e-09
1.90871090032e-20
5.25594707566e-10
3.26632896074e-07
0.000628775305886
9.99902801275e-13
1.13316057145e-09
1.69356323775e-06
0.00100661194775
1.34198235927e-06
8.81145973372e-08
2.72970193046e-14
6.89923970495e-07
1.34194151712e-05
0.000878800150097
0.0
5.16850100181e-06
3.15440603832e-44
4.23473184726e-69
3.83465163379e-45
2.74043869276e-49
8.48305649799e-29
1.33067289097e-25
9.53966654399e-17
1.86638829506e-05
8.60070255056e-39
3.82610774858e-28
9.53853216276e-08
3.49847581725e-11
0.000101221074758
1.61706015157e-13
0.0
0.0
4.17048365458e-15
5.34572718264e-05
0.0037279474443
5.57484388795e-37
2.0798202479e-05
7.71239967711e-22
8.4370190308e-07
6.78401939138e-12
4.94331241558e-14
1.87840751365e-20
1.84732495186e-20
0.0037279474443
0.0
6.46503196664e-15
2.92394175415e-36
8.068598429e-50
0.00129073628784
5.11446029647e-06
0.00504117757703
0.0
1.05703644006e-08
0.00487766767948
4.40657209967e-15
6.27244117224e-36
6.47978686246e-08
1.32512669645e-05