500
9.3583041174e-44
1.3496569738e-27
7.00876909956e-15
1.93875972526e-11
2.9219785457e-07
2.21390327349e-15
1.11865144105e-10
1.59102279516e-26
1.1950714997e-09
6.44104436892e-06
3.46172979151e-07
0.00033271858292
1.08345164558e-46
2.51964001156e-34
0.000481052023125
3.72037917063e-31
0.0
7.22502952985e-89
3.40259381269e-26
0.000346036423918
5.3444223153e-39
8.13760396156e-05
1.65500528792e-29
4.53927459211e-41
2.3734436433e-07
8.99100445852e-08
2.60222547137e-25
8.08464024778e-58
0.0
1.77270278972e-15
1.53209574015e-13
6.93554649988e-87
2.96797745149e-96
2.08938775454e-124
1.41250481718e-32
2.58011917472e-41
0.0
4.18640113624e-79
4.08113810312e-52
0.0
7.43544565458e-13
8.071416198e-14
6.60133706526e-90
5.38956329904e-38
1.84417121945e-11
2.85635948721e-68
0.0
1.62613385835e-53
1.84697918131e-39
5.35500893381e-17
8.13760396156e-05
0.000492343711597
0.0
5.38662354543e-18
3.51303319176e-18
5.97177230205e-13
1.18746443529e-12
1.78073657211e-51
3.34535464986e-07
2.60302461842e-77
4.95132090438e-30
2.30962683337e-17
2.56746519831e-12
1.23170125814e-56
4.10563229352e-37
1.54491064654e-28
0.000346036423918
2.74074032966e-63
1.56895042675e-36
3.03268394389e-42
7.23246804109e-37
1.96834719129e-06
1.86177064417e-07
8.13760396156e-05
1.45046114824e-19
1.30637406272e-10
2.48734731839e-49
8.16802214656e-43
2.00033556011e-18
8.12685345431e-49
6.53716782074e-31
0.0
1.10579586649e-50
2.39746137498e-35
2.83202454511e-12
6.05931954699e-11
4.0941890914e-92
0.000333435438065
2.30836405075e-63
9.30179526159e-11
2.7116470657e-24
1.68629706007e-30
1.32926944194e-12
8.70094182472e-08
6.50745673073e-101
1.73220107319e-42
0.00113042978891
5.63142692389e-42
2.99479201835e-18
0.0
4.85467587882e-36
3.59933743313e-17
1.62734508952e-29
6.61622179275e-19
2.95330342952e-06
1.6993379063e-16
2.72837700131e-10
2.16582992363e-08
4.91953835548e-80
0.00017713475495
2.72835699354e-10
1.68801656043e-76
1.05807943014e-29
1.06826429817e-17
4.49032363126e-37
3.91931945348e-150
0.0
1.00182296935e-49
4.32165246309e-33
2.78301252413e-10
6.88035307745e-38
6.16998119165e-26
6.06093654489e-23
1.11301672374e-06
1.03180866088e-32
2.88598542708e-75
7.62917522148e-34
2.62830424582e-37
8.75233484243e-28
0.000346036423918
1.56166778342e-20
8.13760396156e-05
4.99025694834e-37
2.49681654259e-38
2.23570917104e-06
5.66576740642e-74
0.000106072928724
2.38510231036e-12
5.28749245692e-32
1.47796545814e-05
3.80923159676e-25
7.12784651818e-09
1.91729847532e-13
7.75781796211e-06
3.67819444478e-20
4.21894802992e-47
1.25402997569e-80
1.97556369252e-48
5.50191786781e-32
2.49860988332e-11
7.77953920073e-09
6.54202931999e-22
5.90112349561e-10
5.63522603113e-23
5.94977703914e-17
1.71574295922e-32
2.54274892079e-07
7.42418857078e-25
0.000492343711597
9.47515036256e-32
2.61508303385e-22
4.2323065168e-18
1.21568489089e-51
5.10616289657e-68
1.00735641971e-44
1.59838975386e-21
7.39251350164e-23
1.42381710777e-33
3.14686169616e-11
1.48571928684e-17
1.46892630415e-11
3.51924009925e-21
2.22827215127e-25
3.78329035136e-51
1.92152533057e-16
1.20487645073e-12
1.61009197773e-13
1.95144290338e-39
2.68945139214e-58
0.000769545633253
4.17663188029e-17
2.6045985605e-11
0.000355811421827
0.0
5.37674320548e-83
2.67100818749e-35
4.99903468518e-30
1.83769609625e-41
9.97446594955e-55
4.49888685241e-19
5.47109430788e-85
0.0
1.25724996063e-29
8.2979706264e-19
0.0
0.000481052023125
4.1547426344e-11
2.06208451189e-21
0.0
8.69917428169e-24
1.51374474195e-25
4.57719957296e-20
3.24373671549e-28
5.36816815248e-12
2.87577231923e-19
1.40790047161e-06
6.99441508439e-23
3.75313407638e-84
4.11255678968e-07
6.06256792341e-10
2.38303381834e-28
5.61191312664e-34
1.01019634031e-59
2.57488225168e-13
1.31169939555e-07
0.0
2.0765564482e-23
5.95344454767e-22
1.37172869178e-65
1.00385131429e-09
8.11745167066e-23
3.3939387259e-49
3.21113877169e-19
6.07883489967e-63
2.12456434414e-29
3.08083410164e-15
3.10805582926e-56
3.62221209191e-19
2.04543102823e-09
4.05361366145e-51
1.34403665158e-31
3.65057365653e-47
1.50287107767e-06
3.75832328899e-09
5.05265479545e-33
5.82915641842e-15
1.24874760396e-26
3.82388340849e-18
1.45633593245e-06
8.55407554517e-17
1.41746594906e-22
1.54010453634e-06
0.0
2.31213079729e-61
3.86347945701e-09
1.96879801825e-24
0.000244074580901
8.38770431878e-99
1.26918099298e-16
1.56276679067e-24
1.02198559158e-89
8.53833041464e-37
7.40198871298e-07
7.55110765529e-33
1.44124069081e-20
0.0
0.000347651041922
1.88709711191e-25
4.20099583413e-56
3.32086676315e-34
1.08840880066e-50
0.000481052023125
1.8936702597e-08
1.80524115539e-12
0.0
2.86112353909e-08
3.36495368173e-17
2.75477949091e-18
4.87888285018e-17
8.13760396156e-05
2.26118179128e-17
2.40631714744e-38
1.19916344036e-44
3.57439904398e-18
0.000481052023125
4.77006469295e-15
6.09237505501e-20
1.54010453634e-06
1.06995096518e-20
5.45947879626e-08
1.17399287018e-30
5.4587434875e-19
6.91521764869e-23
0.0
1.30430042275e-96
1.88381574523e-148
1.84380576637e-76
0.0
1.74016625521e-29
1.35992135498e-20
2.32668454334e-22
2.67602177982e-25
2.22852528155e-32
7.37146815572e-16
2.23229930949e-28
9.90133010272e-25
8.13760396156e-05
5.9207464817e-06
4.61466621485e-10
1.65864120534e-30
1.65823473337e-38
8.65234265862e-13
3.34032923565e-51
1.33925951065e-53
1.29286040586e-13
4.50314784027e-40
4.05695605953e-29
9.04811249052e-50
1.53524159519e-12
4.42509918967e-17
0.0
0.0
7.71892946468e-30
1.3677382077e-09
1.14382809479e-09
1.71313777226e-20
4.92697358211e-43
1.15786689377e-26
5.3806669628e-18
2.80502500981e-16
8.89536397326e-07
5.87541157132e-14
8.64485107246e-12
2.30550601906e-09
0.000346036423918
3.08175512027e-67
0.000304918533397
1.73657784593e-55
3.78791870744e-48
4.51288173364e-16
9.36262656555e-08
2.48063948357e-42
5.9207464817e-06
0.0
3.06242379938e-29
8.22853946234e-06
4.35748576869e-11
1.05860689279e-06
7.93550572191e-11
1.27811265188e-17
2.43547237933e-51
1.65425343524e-14
3.65309922402e-14
2.79787172096e-65
5.34597738819e-09
0.0
2.43025399142e-33
3.31977758632e-30
9.25452844454e-30
1.63601804174e-36
5.5301314309e-52
8.11706554897e-12
5.17434948911e-13
0.000346036423918
2.74217925763e-18
3.16164516068e-15
2.46047987751e-31
1.06009400946e-18
1.4662264135e-71
0.000454533880746
2.29319579788e-27
3.0409956951e-12
0.0
6.73736698551e-21
8.5241193613e-40
0.000346036423918
1.21207071377e-99
4.41934358073e-39
5.28048779598e-14
8.37386143377e-47
3.9862434014e-12
6.76898290533e-16
1.58847820538e-10
1.05306463244e-10
6.57181000285e-07
1.10191263481e-18
5.2824942047e-28
2.10382812016e-17
0.000127192801416
1.34633806453e-45
5.89783769139e-17
0.000481052023125
0.0
7.33778833459e-78
1.9810350059e-85
0.000751896439506
2.68863332167e-09
8.40206664261e-54
3.59783738469e-18
9.58650668103e-09
0.000492343711597
1.25562388024e-19
1.21074768446e-27
6.24602891847e-17
1.91208785151e-20
3.38497741426e-45
2.73730550295e-06
7.47005343809e-31
4.37652650034e-05
1.77235252575e-11
7.42603347903e-17
1.71015008469e-06
2.62382737685e-32
1.63040690009e-24
3.17621773011e-17
2.8688919836e-18
3.79541809056e-14
4.75268217467e-51
2.88176039699e-41
5.50272243482e-47
7.83311004503e-13
8.13760396156e-05
3.04775783615e-22
2.21062384161e-37
2.5801928114e-11
1.8832590277e-82
1.17242254566e-22
2.30753714964e-39
1.82967448252e-69
7.12087475668e-76
5.78411258645e-78
6.55179917504e-09
0.000347651041922
7.44242630738e-35
9.59540778247e-21
8.13760396156e-05
6.94500542875e-31
6.72946063975e-07
0.0
5.45517069557e-08
0.000481052023125
0.0
2.43873253446e-63
1.23443920295e-40
0.0
1.09247512409e-23
2.90794074147e-77
1.08610850992e-06
4.69290696963e-54
4.28306940522e-17
2.48292438411e-63
1.8156060134e-21
9.40857807678e-30
2.34533892275e-12
1.03244053173e-07
0.00017713475495
3.07854509807e-16
7.11499410144e-12
3.46440499729e-12
4.37652650034e-05
8.86755471575e-09
6.8301323838e-11
5.76745100953e-22
6.75195035214e-10
8.63626358269e-06
2.6601304828e-06
4.40830711183e-69
1.65073461355e-11
8.97128307326e-70
9.24889821918e-115
1.23291095276e-71
5.73820446209e-74
1.41307638651e-38
5.23230684303e-43
6.27949965331e-23
6.0094574735e-09
1.10718567156e-53
1.43654556016e-45
1.61114551892e-16
6.89230054647e-19
1.92396131249e-06
1.44549796695e-16
0.0
3.25585847798e-19
9.95576265523e-23
1.90133347187e-09
1.54010453634e-06
3.6347963624e-44
3.00698392318e-10
5.05658857429e-28
2.49854834823e-08
1.15910438641e-17
4.14701392652e-19
7.91868820846e-25
4.19554149769e-32
1.54010453634e-06
0.0
1.65842134667e-19
2.25635413181e-60
1.2453247084e-74
5.88095748483e-05
2.19818027583e-09
8.13760396156e-05
0.0
9.50048084836e-11
0.000481052023125
1.92037419982e-25
8.32925851978e-57
1.45286345847e-11
8.07031348977e-06