500
1.72905409814e-05
0.0452151674812
4.72466557509e-06
3.31429128463e-07
0.0452151674812
0.0452151674812
0.0
1.25335329782e-10
4.52785805812e-05
8.36331001196e-08
0.0449678181069
0.000463211623608
4.12627245593e-05
0.000144277160959
1.60327278882e-05
0.0272295645368
1.35948910275e-05
0.0452151674812
3.37933249317e-06
0.000386813646112
4.9660229086e-05
0.000231353988118
0.0449678181069
0.0449678181069
6.51597873474e-08
0.000143362464698
5.35461676063e-06
0.0449678181069
0.0272295645368
0.0449678181069
9.45388895375e-06
0.0272295645368
0.00130893946259
0.0
6.10291109141e-10
5.90657260877e-09
0.0452151674812
0.0449678181069
0.0
0.0449678181069
2.71640178218e-05
0.0449678181069
0.0452151674812
7.38323851868e-05
0.000341077240473
0.0272295645368
4.36601709967e-06
0.00734087080811
0.000365159972176
0.0036473593381
0.0452151674812
0.0449678181069
0.000137594556718
4.90298372211e-12
0.0449678181069
0.0452151674812
0.0449678181069
3.23900829902e-05
0.0272295645368
0.00245627821347
8.7525619678e-05
0.0015807928614
8.60320746338e-08
2.46883379399e-06
0.0272295645368
0.0272295645368
0.00076144712782
0.00572600921834
2.30042170016e-06
0.000213127529812
2.58844599239e-05
0.000463211623608
9.01302650972e-05
0.0449678181069
1.73670849996e-13
1.81313176854e-05
0.0452151674812
1.12022813455e-09
1.10412136888e-10
0.0452151674812
4.95150920065e-06
0.00214566983441
0.000280559269021
1.13226400062e-08
0.0452151674812
6.02714205667e-06
4.07231436318e-06
5.52306240325e-07
0.0449678181069
8.40632392458e-05
1.8853319737e-05
0.0
0.0449678181069
3.10725638724e-05
0.0452151674812
0.0449678181069
0.000164312478076
0.00317894532687
0.00182804235128
0.0272295645368
1.4869882148e-05
6.56483247697e-06
0.0449678181069
3.0822721424e-08
1.44517643987e-12
5.0226942816e-09
0.0449678181069
0.0
2.71640178218e-05
1.85725466288e-05
2.48820273231e-05
0.0449678181069
1.26088016501e-12
0.0449678181069
7.93954890759e-05
0.000182282107984
0.00734087080811
4.63819340637e-09
2.02591558984e-07
7.99013851275e-06
0.0036473593381
0.00289598407103
0.0452151674812
1.96400942172e-05
0.0272295645368
7.96688835682e-07
0.0449678181069
0.0452151674812
2.07503285018e-06
0.0452151674812
0.00802387501234
9.10716423077e-12
0.00130893946259
0.000538663945034
8.79048006412e-06
0.0452151674812
7.16967763664e-06
0.0449678181069
0.000137594556718
0.000347332929974
5.57437972202e-06
9.78925137385e-16
0.0449678181069
0.0
4.6435862194e-11
0.0449678181069
1.40153897088e-05
0.000633072777511
0.0452151674812
1.41528409645e-05
1.25235802563e-06
0.0
6.84814174763e-13
0.000447082344406
1.52582840602e-05
0.0449678181069
0.0272295645368
0.0449678181069
6.19509086564e-13
0.000105798806983
2.94128899486e-05
5.54223229265e-09
0.0449678181069
5.78500358097e-14
0.0449678181069
0.0272295645368
1.93688054231e-13
3.89401077465e-05
0.000575284088883
0.00317894532687
0.0272295645368
0.0272295645368
1.0745280464e-05
1.56474890825e-07
1.9132523492e-10
0.0272295645368
4.63284701487e-05
7.16967763664e-06
0.0449678181069
0.0452151674812
0.0449678181069
0.0
0.0449678181069
0.0
7.93954890759e-05
0.000144277160959
4.8959567331e-07
0.00130893946259
0.0
0.0449678181069
0.00228792361073
5.2920850516e-09
0.0036473593381
0.0272295645368
0.0449678181069
4.63819340637e-09
1.09704063836e-05
0.0
1.12271170028e-10
0.000143362464698
0.0449678181069
0.0449678181069
5.70813909191e-08
0.000463211623608
2.15410182278e-10
6.34375516184e-06
1.68100909536e-15
0.000182282107984
4.68822381493e-06
0.0449678181069
0.0449678181069
1.06531934433e-07
0.0449678181069
2.06536121919e-08
0.00572600921834
0.0272295645368
0.00734087080811
0.0449678181069
0.00214566983441
2.63576804101e-06
0.000265715497992
4.63284701487e-05
0.0272295645368
0.0452151674812
6.72841119176e-06
0.00214566983441
0.0272295645368
0.0452151674812
9.826865462e-05
1.50709290508e-08
2.35704595257e-08
0.0449678181069
0.0449678181069
0.0452151674812
0.00269693210248
9.53987791934e-08
9.46526660002e-07
8.95156700107e-11
3.67093910203e-06
2.463402973e-05
0.0452151674812
0.0452151674812
0.0449678181069
0.000299802455994
0.0449678181069
0.000146967547968
0.0272295645368
9.92183917816e-05
0.0449678181069
1.2507778095e-06
9.826865462e-05
0.0449678181069
6.69858003254e-10
0.0452151674812
3.16372993035e-05
4.28091101235e-06
4.60989521916e-08
9.32256677676e-05
0.00317894532687
0.0449678181069
0.0449678181069
0.0449678181069
0.00572600921834
9.25853628218e-12
0.000765058436718
1.18988858567e-05
2.99776869828e-14
0.0452151674812
0.0272295645368
6.350194815e-13
1.38595660843e-06
0.0
0.0036473593381
0.00734087080811
8.60799145992e-06
0.000386813646112
0.0452151674812
0.0449678181069
1.20448176985e-18
0.0449678181069
0.0272295645368
4.699952098e-08
0.0449678181069
9.92183917816e-05
3.19129174965e-05
3.37230145374e-05
0.000386813646112
0.0449678181069
4.12627245593e-05
9.826865462e-05
1.37714304673e-08
0.0
4.33823192366e-06
7.56678674091e-11
0.0449678181069
0.0449678181069
6.7899327825e-06
0.0449678181069
0.0449678181069
3.37933249317e-06
0.0449678181069
9.826865462e-05
0.00107619321887
6.7899327825e-06
0.0452151674812
0.000551841692114
3.68370252304e-16
0.0449678181069
5.59761991687e-10
0.0036473593381
0.0449678181069
0.0449678181069
0.0452151674812
0.000137594556718
0.00076144712782
5.36333575365e-07
0.000463211623608
1.72565197528e-06
0.000299802455994
5.50882643038e-07
0.000182641691984
0.0449678181069
0.0452151674812
4.4846338953e-07
6.57327799982e-11
0.00572600921834
0.0449678181069
2.82502351187e-11
0.00126813034703
0.0449678181069
0.0452151674812
0.0452151674812
4.38438911652e-06
4.8545013546e-18
0.0449678181069
0.000571264402944
0.00269693210248
0.0
3.27858243339e-08
0.0272295645368
1.424973035e-15
0.0449678181069
4.63284701487e-05
0.0449678181069
0.00269693210248
0.00734087080811
1.60327278882e-05
6.74353082882e-05
9.92133788164e-09
5.59121736891e-06
3.08150360469e-10
0.0452151674812
0.0452151674812
0.0449678181069
0.0449678181069
0.00014277629405
0.0449678181069
1.60327278882e-05
0.000189261962728
0.0272295645368
4.05671778116e-08
0.0452151674812
0.0
0.00317894532687
0.000341077240473
0.0449678181069
0.000163988898174
0.0
1.40153897088e-05
3.59825212142e-07
8.40632392458e-05
0.0452151674812
1.59121593558e-08
3.99131107886e-11
0.0
0.0449678181069
6.57258399092e-09
0.0272295645368
9.15894615987e-11
0.000934725076616
3.92667449927e-06
2.79288517504e-09
2.08583730164e-09
2.23825851498e-09
0.0
0.0452151674812
0.0449678181069
8.67932199721e-08
2.71640178218e-05
0.000156422997004
0.0449678181069
0.0449678181069
3.12696343527e-10
0.000633072777511
4.55780947869e-08
0.00076144712782
0.000187478020554
1.75640042985e-08
0.0449678181069
0.0272295645368
0.0
0.0
0.0449678181069
3.89401077465e-05
9.66809793137e-06
0.000137594556718
0.000692979751027
0.0449678181069
6.09372072543e-08
9.826865462e-05
7.93954890759e-05
0.0452151674812
0.0452151674812
9.72553385362e-07
0.0452151674812
4.33656443251e-06
0.0449678181069
0.00734087080811
0.000234596762045
0.0036473593381
0.000164312478076
4.20762413356e-08
2.37566862385e-09
5.98037333664e-08
0.000983384801208
0.00214566983441
3.0553374878e-11
0.0
0.0449678181069
1.69871525086e-08
0.000347332929974
1.56372584154e-08
0.00016354823242
0.0452151674812
0.00214566983441
0.0452151674812
2.45052903434e-06
0.000386813646112
0.0036473593381
4.3017227297e-06
0.00734087080811
0.00572600921834
6.92912809393e-06
8.93145278843e-08
0.0449678181069
0.0
0.0
0.0449678181069
1.58833321865e-05
6.92636560629e-09
0.0449678181069
0.00269693210248
0.0449678181069
0.00269693210248
0.00017460591098
0.000633072777511
0.000386813646112
0.000341077240473
0.0449678181069
0.000633072777511
5.4250199286e-05
0.000986988601241
3.43646888608e-05
5.47703015676e-06
0.0272295645368
2.92363074558e-07
7.93954890759e-05
0.0449678181069
2.73540415078e-06
1.90370861714e-10
0.0452151674812
4.10895770373e-08
0.0449678181069
0.000365159972176
0.000463211623608
0.0449678181069
6.03453065055e-10
0.00214566983441
0.0452151674812
5.1257813799e-08
0.0452151674812
0.00014277629405
0.015446249773
6.09316043986e-11
0.000447082344406
1.0561346243e-07
1.7308969819e-06
0.0452151674812
0.0
1.97756334957e-09
0.0449678181069
0.00289598407103
0.0449678181069
9.92183917816e-05
0.0449678181069
7.16967763664e-06
0.0452151674812
0.000551841692114
0.000389540524984
0.0449678181069