500
2.10506022693e-06
3.34381357295e-17
7.45239733236e-06
8.31777298641e-07
9.37708293617e-15
1.86614833004e-18
2.64385763358e-05
5.51133701602e-13
2.07807027724e-07
1.88229228702e-10
4.89868948437e-08
1.83143534631e-38
0.000236901856814
2.21222730928e-05
1.42637854463e-14
4.78700967284e-11
6.26357222959e-13
1.48603123374e-32
3.24288419484e-06
3.44830318724e-05
2.28358442146e-43
1.89712782301e-06
0.000211791070958
4.89299548699e-17
0.000135090661577
4.18623291834e-15
0.000755911425253
2.94748008238e-11
4.94673009542e-19
3.09008261365e-05
6.88893217696e-26
2.05924960601e-07
1.09239188443e-08
4.73144053999e-05
9.65506103008e-35
3.97356562682e-10
0.000188326606222
1.2010699471e-06
2.10455339643e-10
1.00735753826e-18
1.07133961171e-13
4.74607418295e-10
5.88301276817e-13
4.02440758676e-08
1.04407977176e-05
1.08364044819e-09
7.92186762578e-08
4.29430357083e-20
1.01504141471e-08
2.4649406801e-06
5.70512165625e-32
5.76146237342e-12
2.05949090446e-09
0.00058472942531
1.23929226837e-06
1.56150318939e-06
1.83763780304e-06
2.21171967946e-25
1.29203721449e-38
0.00019139527186
3.18431403487e-18
1.39659122165e-08
2.49597367088e-49
2.45927902692e-05
4.3765594042e-07
6.17609970476e-05
1.43963652273e-11
1.78844285937e-13
1.16571175483e-37
1.81882189298e-12
8.98936165193e-08
2.81746950903e-37
5.77030579483e-12
1.04083501986e-08
7.62542999545e-07
6.48447926624e-10
6.12280284147e-21
5.11755878158e-21
1.85400485321e-06
1.56758169029e-13
2.79187181196e-26
7.4545219551e-12
2.2103226902e-29
1.48712912299e-07
2.9970797832e-21
2.98662455031e-14
9.09547740662e-11
3.4494713587e-41
3.73585935624e-12
9.4351918197e-09
2.18647894246e-10
0.000127964008467
1.95579973653e-06
2.25995887661e-37
2.56564105138e-28
4.72549005338e-17
6.08968735182e-16
5.79477188471e-08
4.15476847204e-08
1.33825196809e-06
1.15831255073e-05
6.52951644145e-30
2.26358476382e-10
2.03782834219e-06
3.29246763699e-16
1.58059782353e-17
1.60064516354e-33
5.26995692579e-13
3.35387440339e-17
8.74625437136e-05
3.64839700683e-10
1.4090359332e-28
4.21593218039e-30
1.28568965463e-06
3.62245754403e-30
1.2536025504e-15
1.03423433365e-16
5.78613003838e-38
0.000178336055974
3.15314797265e-11
3.31120817131e-11
1.28446412991e-12
1.75860172591e-23
8.02534961855e-23
1.12187656452e-36
8.59862911153e-41
0.000815423606155
1.07370174096e-23
2.21668580252e-06
1.2210543962e-39
5.84527271077e-06
9.14230769875e-08
7.47517626388e-36
7.98672945761e-18
2.8230142576e-10
1.4458764197e-08
6.39334355782e-36
2.74566927085e-09
3.59037137794e-05
5.87324622057e-18
3.44828973019e-28
1.62131601832e-27
3.12046674342e-09
5.1544093174e-08
0.000244306326887
1.47042915612e-46
9.39242494554e-08
1.86149124381e-16
3.68308118683e-18
4.49958754256e-46
9.46943640577e-21
8.63052961472e-06
6.21995365684e-05
1.84119886343e-29
6.56398170321e-10
2.66834107849e-05
3.66199905583e-08
1.32098675251e-07
8.40749288516e-19
7.16274537854e-39
2.15279548573e-07
9.50237101251e-13
7.6025852446e-07
2.44950960499e-16
1.23778204432e-33
9.79371155437e-12
3.61316818238e-25
6.93270623978e-11
2.17058192014e-11
8.18271079718e-19
2.95022492689e-21
2.02315610093e-25
1.12983323128e-22
1.24202302409e-08
6.715226411e-14
6.92603724585e-07
1.06527822196e-12
9.01724072627e-56
1.97784300189e-13
1.89553377906e-10
1.28118422803e-23
3.66950195903e-13
1.58753386986e-31
6.14307939767e-21
8.0450715758e-36
2.29708281723e-08
7.89671120702e-13
0.000102303679593
1.85954103732e-06
1.71071737842e-14
1.80191186352e-05
2.01353045468e-08
5.17414534151e-17
8.04996652528e-07
5.43114182736e-05
0.000136181965519
6.63461162854e-11
3.2840565078e-09
1.43864036949e-33
1.23970314075e-11
6.07846974475e-28
0.000224404195355
1.60898430925e-14
1.86716805497e-07
4.85792966797e-05
4.64953904469e-22
2.47959633056e-14
1.62914155905e-50
0.000262387631141
1.23794763381e-10
2.41538329032e-10
1.41793141269e-48
3.74778042838e-10
3.66838124549e-24
5.57918241917e-07
9.93938775212e-27
4.78890338414e-05
3.9497929191e-30
8.81200923765e-12
1.57881674206e-24
0.000195067997848
1.69674485499e-23
1.89664934924e-42
0.000732918980661
1.13044373005e-19
1.116973584e-25
1.08431006398e-19
4.78808975718e-39
1.65029760003e-06
4.72280207556e-20
3.04063087883e-56
3.75913608361e-07
1.24883944813e-32
8.90934565898e-06
1.27838622921e-05
2.62959899716e-09
2.40626791328e-06
2.50588973224e-09
3.31674216068e-05
2.21727867499e-14
2.40829599975e-29
1.0925481292e-21
1.56353166527e-22
5.26656354972e-24
1.20303148558e-35
1.97873971274e-18
4.54088943157e-06
2.6144961874e-08
1.34199016271e-13
0.000903146439092
1.96531168873e-19
1.15493836715e-35
4.63018682763e-05
1.07029482458e-36
5.61395330011e-20
1.62409844039e-11
6.68580072704e-07
4.70368188806e-14
2.08676030389e-12
5.97643170621e-07
9.79763797046e-07
0.000346604499756
1.69431847795e-38
1.25261827314e-06
1.49336817111e-13
2.18028194088e-16
3.01866825612e-14
2.62022660753e-05
1.012786869e-06
6.78016306992e-06
3.69313443472e-23
2.04928442181e-06
3.33449245465e-14
2.53581384541e-07
1.01474666668e-08
1.54171312174e-09
1.66971652798e-05
3.61516177523e-16
6.76394293961e-06
4.24622615826e-13
7.70787119346e-15
1.36687574216e-11
2.2587109258e-27
2.04773978792e-21
6.50226659493e-05
7.55601877704e-12
4.28607616504e-05
3.24191602813e-23
6.32633207954e-25
3.06846932412e-06
1.29784917689e-30
9.21856136957e-07
1.45325556526e-17
0.000145813273332
4.04332328323e-12
5.65262055535e-38
2.34877237894e-38
8.134398894e-35
3.12699506337e-23
2.16288988849e-12
1.04403808985e-36
5.95378452357e-18
3.32754060504e-09
2.41451295558e-29
7.62590220129e-09
1.48270009312e-11
1.14431417484e-05
3.98807214289e-11
4.12723647879e-25
4.47061219359e-28
8.30437553751e-08
1.14998647989e-17
4.33266915439e-09
2.19573549902e-09
2.65357376192e-07
4.29251259448e-18
5.26718893743e-05
9.07584552184e-06
8.8496680046e-10
5.40828379851e-06
3.25680074056e-09
5.45996963149e-08
2.9520065492e-23
7.1476205212e-43
4.30222837047e-36
3.8754767506e-08
1.88203339381e-32
8.48695591318e-09
6.05367203735e-21
2.29695658362e-14
2.28929158058e-12
2.18434175877e-10
0.000903146439092
2.5104426364e-05
0.000262387631141
6.36129205972e-06
8.43223324235e-06
6.48820951764e-29
6.60579094273e-08
9.44236590409e-19
1.95739634708e-22
4.45763833844e-10
5.06647660499e-08
5.01103021872e-20
5.27547980242e-21
5.34438288228e-22
9.64582337497e-07
0.000365907818445
3.19679243661e-29
5.51507840028e-55
2.36245514195e-09
8.25399037789e-68
1.32721358292e-44
1.83456130315e-16
1.83292177458e-27
4.39457954594e-06
2.14275911804e-16
3.170720035e-23
1.33142218233e-05
2.03073977955e-06
2.90832647573e-10
6.96975334985e-05
2.74385838117e-19
0.000732918980661
0.000100450016507
1.9709549241e-17
5.77555010642e-37
2.52401128401e-05
3.72338907889e-10
1.05880313614e-10
2.52671367376e-19
9.2366898352e-05
0.0
1.83071339202e-40
5.15756839149e-12
3.58368971585e-14
0.000248545477985
1.77547404326e-16
5.67345059875e-08
5.24044636825e-05
4.28607616504e-05
2.03280760355e-13
6.97182595078e-15
7.45005308092e-19
1.10762549697e-11
2.59533791433e-17
6.94023022456e-20
8.49386784247e-47
2.50225247525e-17
4.29196666429e-09
2.51608431373e-40
1.52082044555e-26
2.51072563946e-16
2.83266327745e-07
5.73208933086e-12
2.49344604647e-08
7.05033771485e-13
1.04460773217e-11
7.02397637771e-24
5.53994720733e-07
6.0758864259e-15
2.22152175017e-13
1.49064638254e-19
2.42485590984e-06
2.21531041482e-09
9.8705291298e-05
4.93345806072e-16
2.81722968949e-43
4.43470691283e-08
3.81145975608e-22
5.50625534839e-37
7.35782563482e-07
1.21983295001e-10
4.55151917165e-13
2.647749502e-08
1.6116987289e-06
6.39279530799e-10
1.00396546059e-39
7.61330276898e-05
0.000661730382098
5.47620565382e-27
2.21543573706e-05
4.10029707181e-10
3.30997629056e-09
2.4037576108e-43
3.25856919333e-06
2.9545641681e-28
4.49503611183e-08
6.71563000066e-07
8.05800114867e-10
2.97241631735e-37
3.16444590844e-12
2.98543240718e-41
5.0622572065e-11
3.65054653946e-15
3.52267737801e-15
6.6837120728e-22
5.51832053605e-05
5.75623776693e-05
9.22042795375e-12
2.09140214487e-08
4.80967339998e-24
5.01637676603e-05
6.1515438506e-40
2.96290259399e-21
6.85707836783e-26
3.04620325849e-10
1.84861813171e-13
1.80579717261e-17
2.80401292063e-16
2.12920054338e-32
2.24682649028e-06
2.18630750431e-10
2.02665020523e-12
2.89247232148e-12
5.18930250803e-14
5.98112032386e-08
5.42318493599e-15
1.70699702499e-06
3.8018618634e-13
9.27233164215e-08
0.000527934514242
2.35172882343e-12
8.32721423408e-11
2.75849555136e-14
6.99552729872e-26
9.99602426332e-61
7.98775085586e-16
5.33660535837e-26
2.22962295081e-17
2.24927455243e-06
3.61168938876e-15
2.47045268711e-29
6.89639482732e-35
0.000195067997848
5.13968566154e-07
1.10330746326e-07
2.02760294445e-70
3.03511003669e-43
7.75284077535e-17
1.26747896955e-07
1.9399470866e-17
1.32731691243e-36
0.000100697660642
1.72767980856e-14
1.32499350029e-24
4.21702444758e-07
2.08178056146e-10
1.15522538963e-14
2.01828414221e-33
7.33582270229e-37
1.28170616069e-31
3.8397672043e-11
1.18996177713e-05
4.29353813439e-09
1.63026077906e-09
3.01200758436e-28
2.44211600812e-12
4.52140660245e-19
2.57085713576e-16