500
0.00363790103543
6.70719206161e-07
3.77968853627e-05
0.0
0.00664314923007
0.00664314923007
0.000861584751362
0.000356495262929
0.00664314923007
0.0
0.000311342912608
0.0066890029347
0.0066065396881
0.0245955652287
0.0066890029347
0.000109801693356
0.00664314923007
0.000224033705315
0.00363790103543
0.0245955652287
0.000935005383526
0.0066065396881
0.0
0.000954880815792
0.0245955652287
0.0066890029347
0.0
0.0
0.0066065396881
0.0
0.000582985994209
0.00664314923007
8.27634149728e-07
0.0
2.77949671407e-05
0.0066890029347
0.00664314923007
0.00202764392848
1.00258159243e-05
0.000863907105042
0.0245955652287
0.00218079975631
0.0
0.000371391305117
0.000328615498677
0.000375297333475
0.000861584751362
0.000325286688059
0.0245955652287
9.89704420443e-09
0.000863907105042
3.78204440449e-05
0.0066890029347
0.00664314923007
0.000935005383526
0.0245955652287
0.0066065396881
1.32750885064e-08
3.87958168263e-05
9.4692916585e-06
0.00202764392848
0.0
0.00218079975631
0.000233903239076
6.27197846782e-06
1.20645140715e-05
0.0
4.56169139955e-05
0.000325286688059
3.95410298627e-08
0.000202979705683
0.000581034053539
0.000375297333475
0.0245955652287
0.0245955652287
0.0066890029347
0.00188193351199
8.73989654653e-07
0.0245955652287
0.0245955652287
3.47826811017e-05
9.09601660497e-05
0.0
2.34297635922e-05
0.000143565891293
0.0066890029347
0.00202764392848
4.95818859696e-05
0.000240556011336
0.000683284508477
0.000249637934349
6.83062855707e-05
0.0066065396881
0.000249637934349
0.0066890029347
9.70793992477e-05
0.000944594071327
0.0245955652287
0.000935005383526
0.00188193351199
0.000735372069521
0.00664314923007
1.45291077563e-05
0.0066065396881
0.000448011864235
0.0245955652287
0.0
1.9798671687e-06
0.0245955652287
5.25378402995e-07
0.00141243263425
0.0
6.95089576904e-07
0.000214793959446
0.0245955652287
0.000311342912608
3.14948969367e-06
0.000143565891293
0.000356495262929
0.0245955652287
5.42610584848e-11
0.000603225879093
0.00105380659724
0.00218079975631
0.00054995555996
0.00141243263425
0.00141243263425
1.78910264822e-05
0.000683284508477
0.0245955652287
0.0066065396881
0.0245955652287
0.0245955652287
8.22394208211e-05
0.0245955652287
0.0066065396881
0.0066065396881
0.000863907105042
6.83062855707e-05
0.000375297333475
0.0
0.0245955652287
0.000357048449369
0.00105380659724
0.0
4.67062871402e-05
0.00363790103543
0.000935005383526
0.00664314923007
0.000131569914288
0.00218079975631
0.0245955652287
0.000610674401607
0.0245955652287
0.000807483977242
4.02737741593e-05
0.0245955652287
9.840483909e-05
8.34186343129e-05
0.00016608358944
0.00141243263425
0.00105380659724
5.80297414622e-07
0.00014226653175
0.000448011864235
0.0
0.0066890029347
0.000954880815792
0.0245955652287
0.0245955652287
0.0066890029347
0.000413103402217
0.000861584751362
0.000413103402217
0.0066065396881
0.000603225879093
2.69039605457e-05
0.000935005383526
0.0066065396881
5.2800688757e-05
0.000221230108285
0.0245955652287
1.31628451699e-05
0.0245955652287
0.0
6.13275217929e-06
1.99469365817e-05
0.0066890029347
0.0
0.0245955652287
0.000311342912608
1.07139270866e-06
0.0245955652287
0.000954880815792
3.76188537836e-06
0.00202764392848
0.00141243263425
0.00141243263425
0.000131569914288
8.1248752463e-09
0.0
0.0245955652287
0.0245955652287
1.12773891819e-06
0.0
0.000184673471427
0.000408450331962
0.00202764392848
0.0245955652287
0.000683284508477
7.42520896355e-07
6.73958547652e-07
0.0245955652287
0.000328615498677
0.0
0.0
0.00664314923007
4.84328875671e-06
3.29039598846e-09
0.000307846001744
4.31511690967e-06
0.00363790103543
0.0245955652287
0.0066890029347
2.89795837687e-06
0.000149805229025
9.64896876467e-05
7.68287738326e-06
3.12354217742e-05
0.000356495262929
0.000356495262929
0.0066890029347
0.0245955652287
0.0245955652287
0.0245955652287
0.0066890029347
1.31058857443e-08
8.99130658427e-06
0.000375297333475
0.00363790103543
4.74863071334e-05
0.000159645012599
0.000603225879093
0.00105380659724
0.0245955652287
1.36332520038e-05
0.0066065396881
0.0245955652287
0.0066065396881
0.000863907105042
0.0
0.0245955652287
0.0245955652287
0.00202764392848
0.0
0.00202764392848
0.0
0.0245955652287
0.000450498259979
0.0066065396881
0.0245955652287
0.0
0.000450498259979
0.00363790103543
0.0
0.00202764392848
0.00105380659724
2.48041815475e-05
0.000193943117422
0.000224033705315
0.0245955652287
0.0
1.90358060495e-05
0.000243518740028
0.0245955652287
0.0066890029347
0.0066890029347
0.0245955652287
2.84257883948e-05
0.0
0.00105380659724
0.0
0.0245955652287
3.84007888571e-06
0.000371391305117
0.00202764392848
0.000648663186755
0.0
0.0
0.000581034053539
1.0241423864e-07
0.0245955652287
6.67442156754e-09
0.00664314923007
0.0066890029347
0.0245955652287
0.000500280951192
4.31511690967e-06
0.000159645012599
0.0066890029347
7.62648805756e-05
3.03078994187e-05
5.0617601676e-06
6.48326258477e-06
0.00105380659724
0.0066065396881
0.00054995555996
0.0066065396881
1.24057629407e-05
0.0245955652287
1.43749433292e-06
0.00218079975631
0.00141243263425
0.000205882845998
7.96367412739e-05
0.00664314923007
0.0245955652287
0.0245955652287
0.000356495262929
0.0
0.0245955652287
0.0066890029347
0.0066065396881
0.000356495262929
0.000807483977242
0.0245955652287
0.00664314923007
0.0066890029347
0.000240556011336
0.000311342912608
0.0
0.0245955652287
4.97416833678e-07
2.04266310841e-06
0.00202764392848
0.00664314923007
0.000735372069521
0.0066065396881
0.00664314923007
0.00664314923007
8.34186343129e-05
1.1832924378e-08
0.00105380659724
7.77798911213e-08
0.000143565891293
0.0245955652287
0.000195338320607
0.0
0.00202764392848
0.0066065396881
0.0245955652287
0.00202764392848
0.0066890029347
4.26230694753e-05
0.0066065396881
0.00664314923007
0.000807483977242
0.0066890029347
0.0066065396881
0.0
0.000861584751362
0.0245955652287
3.17312494518e-05
0.000240556011336
2.97419588827e-05
2.55337722745e-06
0.0066890029347
0.000944594071327
0.0245955652287
0.00141243263425
8.34186343129e-05
1.07943150055e-06
0.000328615498677
0.000376059300883
0.000735372069521
0.000143885742908
0.0066065396881
0.0245955652287
0.00202764392848
2.13666972271e-05
0.0066890029347
0.00202764392848
0.0245955652287
0.0245955652287
6.9543775597e-05
0.0245955652287
0.0066890029347
5.96233144471e-07
0.00363790103543
0.0
0.0066065396881
0.000307846001744
0.0066065396881
0.000196378134784
2.62852582853e-08
8.61514309059e-05
3.12354217742e-05
1.41174736421e-06
0.0066065396881
0.000375297333475
0.0245955652287
0.000371391305117
0.0066065396881
0.0
1.44066699447e-05
0.00664314923007
0.0245955652287
5.55985859236e-07
0.0245955652287
0.000193943117422
0.000648663186755
9.89677769594e-06
0.00105380659724
0.0245955652287
0.0
0.0066890029347
0.0245955652287
0.0245955652287
0.0245955652287
2.29605537932e-06
0.000863907105042
7.88424978354e-08
0.0066065396881
0.000205882845998
0.0
0.000935005383526
2.46549180677e-05
1.9198275147e-05
0.0
0.00218079975631
4.02939148713e-08
0.0245955652287
0.0
0.0066065396881
0.0245955652287
0.0066065396881
0.0245955652287
0.0
4.55601182371e-05
0.00202764392848
1.12842963368e-06
2.48049960553e-05
0.0245955652287
3.05385479514e-12
0.000448011864235
0.0245955652287
0.0245955652287
0.000648663186755
0.00664314923007
0.00202764392848
0.0245955652287
0.00141243263425
0.000450498259979
0.0066890029347
0.000371391305117
5.51300456741e-07
0.0245955652287
0.0
0.00363790103543
0.0245955652287
1.59022392534e-05
0.0245955652287
0.000371391305117
0.00218079975631
0.0066065396881
5.01454555739e-05
5.99717078681e-06
0.0245955652287
0.00105380659724
0.0245955652287
4.10973608305e-05
1.72291758959e-06
5.2800688757e-05
0.000243518740028
3.57582380816e-07
2.65884840771e-07
1.24766806809e-08
0.0245955652287
0.00202764392848
0.0245955652287
0.0245955652287
0.0245955652287
0.0066065396881
0.00105380659724
1.60920548183e-07
0.0245955652287
9.9785244287e-07
2.21184773943e-08
0.000130723429537
6.9543775597e-05
0.0245955652287
2.60905339713e-06
6.5015465177e-06
0.000143885742908
0.0245955652287
0.000240556011336
1.1791740513e-05
3.17045004062e-05
0.00202764392848
2.41885081165e-05