500
1.13808398206e-07
2.43457408298e-17
0.00797074153538
0.0
2.97442716557e-05
0.000116025316997
0.000440262257528
0.0138203677917
0.0554454317337
3.95959438085e-07
9.65039972897e-13
2.70978165407e-05
7.24756143575e-05
2.03906470651e-06
1.11583044429e-25
0.00326422903626
1.06463647538e-28
1.10790582734e-05
1.08226152833e-09
7.52585996067e-19
5.92004176558e-11
0.000633925545186
0.0078486807742
2.78401170493e-07
0.00185965418875
3.00594440615e-21
6.47457286888e-06
0.0148591300992
1.58288700554e-05
0.0128062850333
1.64712972464e-21
0.0
0.0138203677917
3.69666213967e-13
0.0
0.00082097803712
7.57700086254e-08
1.30434393917e-24
1.00359350808e-11
2.98380165522e-13
0.000125723356423
6.33708262429e-07
0.000520293455624
2.67560389807e-14
9.94254766075e-09
2.29286575677e-11
0.000585077299241
0.000315871806441
0.000138177202774
8.36146193247e-05
8.27789686812e-16
2.12428756282e-18
5.68519984408e-06
2.5623995609e-08
3.47640260204e-05
3.37055479451e-08
0.0554454317337
3.34392135722e-09
0.0554454317337
8.7446482536e-11
3.09404588322e-11
1.58747135572e-06
0.00210341168035
0.0
7.29603209393e-05
6.54737408026e-20
0.000396079047011
1.03452703193e-17
3.52324654156e-11
4.93403769424e-09
1.57125053369e-08
6.08256645887e-06
0.00797074153538
0.0148591300992
0.000954371203765
1.17202735088e-06
7.8409241498e-06
4.92938972297e-18
1.14940583664e-09
2.25573282611e-19
0.0
3.25838784457e-07
0.000162229272169
0.000161022996947
0.0
9.47282404362e-07
0.00878000759176
0.00797074153538
1.00825364127e-10
0.00341974632784
1.90548793858e-10
0.0554454317337
1.30749044471e-06
8.45966265274e-08
1.49957687375e-08
0.00227455034548
5.15610440039e-07
2.1862930847e-05
1.48878652215e-06
9.85333198628e-08
8.53183340267e-09
0.0
1.51638849104e-05
0.000812168282995
2.08927048555e-14
0.00151877557388
0.000694536430728
0.0
4.3417463669e-07
4.82133595549e-11
3.87929574129e-09
3.86165597761e-08
0.000188842252896
0.00341974632784
7.87787485055e-06
1.50309317261e-15
1.04156631165e-09
4.63789543518e-12
2.19354990604e-15
1.14949275349e-10
4.54885915859e-07
0.0554454317337
2.18899906542e-12
7.01358518367e-08
0.00983152922219
5.38447009024e-32
1.72811256409e-06
3.51616434069e-09
1.72871851791e-13
2.32390850841e-17
4.12592003723e-16
2.04654784734e-09
1.20859132546e-12
7.44931688007e-14
2.22525640907e-07
3.6583971922e-13
1.8695229533e-19
0.0554454317337
0.0554454317337
0.000689481953599
0.000207776308763
1.09473274878e-16
0.00390299455231
2.13817290531e-17
0.000396079047011
0.000445343584957
0.0
3.23493424005e-05
0.00267676516304
0.000104943857671
0.00326422903626
0.0128062850333
1.26635243765e-13
0.000206996545681
0.000696549893215
0.000170974420614
9.2219816173e-05
4.59518933269e-09
1.16340615774e-20
0.00243126828957
0.0
0.0
3.61267524391e-05
0.0128062850333
0.0554454317337
0.0
5.01194160047e-09
5.70599232685e-09
0.000102619755514
1.41539540858e-07
7.21359952311e-09
6.79115764802e-05
3.71653115834e-05
0.00162540449719
3.80908633818e-20
1.85757101472e-19
0.0
1.11824857229e-10
0.0
0.0138203677917
7.70551735974e-05
1.53081908193e-06
0.0138203677917
0.0
1.34339509714e-07
4.76598172637e-16
0.000253261797009
1.68180009778e-18
1.38436077177e-06
6.99967734608e-16
3.28825025343e-17
8.06778834704e-10
0.00111004304494
0.0554454317337
4.74480208055e-12
1.30613156163e-09
0.0554454317337
0.0554454317337
1.41934783319e-13
0.00175492369028
0.0138203677917
0.0
9.61646297723e-05
0.000710611467099
1.14749443662e-19
4.86431280897e-06
0.0128062850333
6.64388895068e-15
0.000954371203765
1.58909402736e-23
1.0416343371e-08
3.34188536627e-13
0.00175492369028
3.4654107641e-11
3.48194030847e-05
0.00101986066526
2.92571447503e-19
9.69837254337e-18
3.58843989509e-17
0.00390299455231
3.10860996426e-09
0.0554454317337
1.26022916246e-05
3.9864182175e-13
9.06733457221e-05
0.00341974632784
1.08451999162e-20
5.37218789635e-09
1.08544350822e-11
1.92151966944e-10
0.000864891817471
0.00390299455231
7.1342574911e-12
0.0
3.32952808293e-08
2.95835368662e-05
3.03459437746e-10
0.0
1.48904764129e-12
0.000442019938358
0.0554454317337
1.31607548381e-06
6.05409406555e-18
1.58090262011e-07
0.0138203677917
1.56629380887e-31
0.00797074153538
0.0
8.32595172992e-06
4.30264706924e-08
4.56415312994e-15
1.11842708273e-09
0.000396079047011
0.0
0.000153986525477
4.90706224838e-07
3.62022708468e-09
1.78413176059e-11
1.84488657817e-10
3.22801621099e-05
0.00627096607151
0.000354735650422
6.30917410729e-05
3.40264286302e-08
0.0128062850333
0.0128062850333
0.000458157357315
2.32573847708e-10
0.00341974632784
0.000141236317882
0.000310695103693
8.23400815047e-11
0.00983152922219
6.51562173596e-11
0.000131605448787
1.23944867208e-17
0.00878000759176
0.0554454317337
1.45919485367e-08
0.0148591300992
5.59183444453e-14
1.12727865425e-15
9.55880943043e-20
0.0
0.0034320276612
0.00627096607151
4.82220330421e-05
3.59690269761e-07
7.47841637179e-09
0.0554454317337
1.94102695176e-07
0.00878000759176
6.07278192378e-11
6.8764972054e-05
1.90067675098e-07
0.00227455034548
3.93839951727e-11
5.16221620719e-06
3.87415743843e-14
1.07235283344e-08
1.75479132165e-10
9.54164155075e-35
5.26590645976e-09
1.09762343312e-12
6.79443291116e-08
1.86297755039e-21
1.23057839702e-06
0.0138203677917
2.8696440998e-07
8.75313248735e-07
2.76522920207e-14
0.0148591300992
8.43205263104e-12
0.000193150387815
3.74005288877e-05
2.65780633752e-33
1.52186370059e-06
1.95052533628e-07
0.0138203677917
0.0554454317337
0.000139966008213
1.96400019205e-08
0.000688040546817
1.08862774215e-14
2.84564636904e-12
4.20242939038e-06
0.00211269605073
0.000134981066546
0.0
0.00341974632784
0.0
1.15523648741e-14
6.16208301661e-06
8.85867939602e-07
2.28949923581e-10
0.000133896304847
0.00878000759176
1.99655138262e-09
1.71648921544e-19
2.34153451213e-05
4.05532910979e-05
2.14251584576e-18
1.02423395944e-05
0.0
0.000453873817048
0.00878000759176
0.000134981066546
0.00878000759176
0.0554454317337
4.43609488388e-37
0.000146373927942
0.000775297548815
0.0128062850333
7.8941390551e-05
5.65804384275e-06
1.09156246327e-14
1.95984528478e-09
0.0554454317337
5.98603988007e-11
2.54932603603e-05
0.0554454317337
1.49260828852e-19
0.000440262257528
0.00983152922219
5.07078065857e-08
8.40413315042e-13
2.33078342203e-31
0.00983152922219
2.57700751566e-06
8.14981695655e-08
0.0
2.25503083718e-06
1.49191428064e-08
0.0554454317337
3.09692983417e-12
0.000374000117355
5.52313701537e-05
0.00983152922219
1.38306416747e-10
0.000445343584957
1.74553096363e-09
1.8237122922e-08
2.03452766914e-24
8.42883370437e-14
4.74834288458e-07
0.000602159288023
0.0554454317337
0.0554454317337
0.00983152922219
0.000172493945063
2.46911048494e-05
0.0128062850333
0.000884711289076
0.00627096607151
5.85616573885e-06
4.82204235979e-05
0.0554454317337
0.00983152922219
1.16246365638e-05
0.0554454317337
1.99835742098e-05
5.50163077652e-11
2.55045500488e-05
0.000638620904975
0.0128062850333
2.16207254988e-13
8.05772041929e-21
1.26829973326e-11
0.00220879978625
1.70651039023e-08
9.97401717754e-08
2.54799120207e-10
0.000151425874446
0.0128062850333
5.56801413646e-13
0.000195743507648
0.0
8.50860894591e-05
0.00036390649424
0.0
2.70544534091e-24
2.11797746129e-13
9.64218565546e-08
5.67498051697e-07
0.0148591300992
0.00022639086839
0.0128062850333
0.000148164715526
0.000158777568448
1.16762128388e-15
0.000386389025454
0.00272662329867
0.0554454317337
2.46686699792e-17
0.000220473114836
9.2292621869e-08
0.00267676516304
4.67580357384e-06
0.0554454317337
0.000588466579662
0.00227455034548
4.40882044937e-07
2.59867755538e-09
1.132539541e-12
1.88010945305e-07
2.18294999515e-11
1.08480650073e-07
4.55768411776e-08
1.69207789943e-17
3.72610748238e-09
6.84910829137e-07
1.20946272688e-07
3.91685820958e-11
2.96143374242e-08
0.0148591300992
5.36985463012e-11
1.08005647798e-07
8.91783742105e-08
1.35686493266e-08
0.00983152922219
8.7477865909e-05
2.0167887276e-13
9.96587363197e-10
0.00983152922219
0.00089375045194
0.0554454317337
1.51785635404e-19
7.40466632681e-16
3.91570084929e-07
0.0554454317337
3.85352646683e-07
3.5448631535e-10
2.04759443173e-12
2.21694448223e-07
8.43838068694e-05
0.000212543170493
0.00370379734839
1.05382190139e-14
0.0034320276612
1.91587077966e-10
0.0138203677917
1.76553005999e-08
0.0078486807742
0.000812168282995
1.75762928103e-07
0.000192658351757
1.02862701619e-08
0.00370379734839
9.72253832945e-20
5.1520015579e-17
1.40296406993e-05
2.84592180127e-08
0.00878000759176
4.4114159076e-06
8.81801731864e-06
2.44766864338e-05
2.28235442363e-06
0.0
0.0148591300992
1.79099818592e-29