500
1.88232697734e-05
0.000335819023138
0.00115448863468
1.76164612165e-07
1.56068403662e-20
7.10559290177e-25
9.60667533619e-40
9.54294409066e-05
2.24539287039e-18
5.41145097875e-24
1.8279980663e-38
7.69944613479e-14
6.78776893526e-17
0.000320897818926
4.04057168819e-08
3.48724646856e-12
1.07788767663e-16
1.58871561077e-24
3.53722393467e-15
7.23176683448e-10
0.00124448723373
8.23775010528e-15
2.19562518176e-08
3.16142956517e-09
2.0333837934e-08
1.10720692483e-24
6.14122710072e-18
1.18416764162e-09
0.00394714175141
1.03119002377e-46
1.53589700042e-09
4.07368374858e-08
0.0125267346914
2.13823446965e-29
1.51908683704e-18
0.000119822509045
6.04778726912e-21
7.75285196477e-07
7.32982610703e-16
9.70516705617e-18
2.22191519186e-07
9.88436317812e-07
4.36720857962e-25
8.22419425328e-13
1.56865471937e-08
2.48900519465e-08
0.00433947946203
0.00711518254135
3.26513585587e-10
6.93574795175e-44
1.43731546754e-06
0.00112779773204
5.34872444693e-22
5.52295774249e-20
2.10159451378e-25
9.86652632784e-05
1.13161371855e-07
5.88442018088e-16
2.48455882488e-15
0.000377897808762
6.06419968989e-11
9.57877174779e-43
3.39500286101e-11
1.06278830256e-05
1.28286306514e-05
6.64760760323e-13
9.21562448992e-29
0.000321563135421
0.0163986255293
8.93298095512e-06
2.29443428461e-11
3.0642611459e-43
2.83459691331e-17
0.000335819023138
3.0086161466e-07
5.82108582841e-12
3.6097186613e-06
1.8294122425e-13
8.15519504726e-35
2.71095303569e-05
1.74086323056e-10
4.57090155456e-35
9.51463510357e-08
1.19170249866e-35
4.22543941489e-08
8.20195162901e-09
1.24567169345e-11
1.06002721311e-38
7.22438399029e-14
4.1167210331e-10
5.66335507885e-05
9.15360479778e-30
1.59470601569e-42
2.07624783291e-09
3.08695830266e-05
6.75734298241e-08
7.09787318576e-06
2.2107580892e-22
6.56271310078e-09
1.56489058519e-25
3.13887872464e-06
0.00145528155102
5.89649392525e-28
2.76126445702e-27
5.72405738295e-10
0.000752671138323
2.9067276074e-17
4.446642168e-08
1.90806612692e-18
6.579663268e-06
0.00063624563153
4.6431538885e-11
0.000169749899622
7.07166026445e-08
3.27096202923e-12
5.88100006647e-09
0.00771808492278
2.56780788286e-09
9.27953766021e-17
1.88351809981e-20
5.70320162292e-14
5.14112763147e-06
6.35650912479e-05
1.73192209767e-07
1.44525546053e-07
2.82980571052e-06
3.24461408311e-14
2.82556372975e-26
2.62103475451e-05
8.39951448185e-11
1.36976781682e-06
1.83006913233e-13
1.71064706912e-27
1.76079307665e-05
3.04609266645e-12
9.50195476386e-25
0.00088860994566
7.11674975278e-34
3.37999742543e-33
2.9882470365e-06
5.84325598317e-10
0.0105871112553
3.40467660598e-08
0.00108613232615
2.03065809881e-08
7.82951668788e-08
3.43812231171e-12
1.42145829802e-06
2.76705596058e-05
3.48382094009e-11
2.20929389276e-05
3.21398642515e-09
4.17439665264e-18
1.57494540973e-17
2.68278509696e-06
0.00279275166321
1.93590621246e-08
1.04074431023e-22
4.95889682336e-16
0.00159855502633
1.61940601277e-65
1.44260182937e-14
7.82028562758e-05
0.00133441716386
8.81920759112e-05
0.000189652297217
0.000144083672508
8.19795250211e-10
1.45261114489e-05
1.04451049346e-30
0.000103817387131
8.01333326455e-13
4.35851455733e-08
6.98956917223e-18
0.00116506883088
4.09039630794e-27
9.3240899354e-06
6.69617224325e-11
4.59542176109e-18
1.77505230013e-14
9.79629874498e-08
3.40278845484e-30
1.040286505e-23
6.88922354792e-19
0.000205868186888
3.62407336789e-06
8.52478145472e-34
0.000563815594811
0.0125267346914
4.27197213986e-07
0.000218672146675
1.26556602431e-06
1.06113966477e-09
3.59048191786e-38
3.83693358443e-38
0.000196447171338
0.000161827959062
1.60766184627e-07
7.39504337732e-09
2.24147682923e-05
1.53118437385e-22
2.97250678554e-15
1.89539608071e-13
0.000563815594811
1.95565454828e-36
0.00012632442122
3.31957836343e-08
1.12713241145e-06
3.87703720491e-05
2.50673376135e-27
5.18919785151e-33
4.8291228638e-32
1.6283162871e-07
1.77080644097e-08
0.00236513972963
5.81241051592e-08
1.52591283708e-07
2.43560971839e-08
6.03903027329e-05
4.45997374852e-07
2.88241138351e-07
1.96148641825e-14
2.93209525036e-05
1.32958456258e-10
8.54199414427e-29
2.59911744448e-19
6.02759317362e-36
0.000651990632365
1.15561869333e-36
9.68307978396e-16
2.10361377798e-14
6.56487409481e-18
5.04055724155e-07
6.64393033849e-12
1.29442967923e-06
2.17033583919e-14
7.82028562758e-05
1.31004010672e-23
3.68389758914e-18
8.10370035157e-43
4.36924564794e-09
4.77512730114e-21
9.62272230781e-13
0.000752671138323
2.07174868702e-14
1.42971359963e-10
2.83860326408e-15
0.0105871112553
8.74648004035e-16
3.64793913601e-10
7.70497075001e-08
4.11871460133e-05
4.55601386925e-05
0.00771808492278
3.15469706208e-06
1.23544893654e-17
7.39616662121e-12
4.99010781678e-05
2.84067856014e-12
9.01800951123e-10
0.00132678418318
1.18713721779e-05
0.000218672146675
6.63956871796e-12
5.94809340964e-52
1.48107068221e-20
1.43628860212e-06
0.00394714175141
3.36652797738e-16
2.84974167056e-21
0.000196785192246
7.34888517226e-13
1.53477431785e-13
3.59073261215e-19
0.0105871112553
2.33894579672e-07
6.81517107638e-12
3.52600454781e-12
2.05052718685e-26
1.19167073757e-56
3.25877413413e-20
9.95446845295e-21
9.28533466125e-06
0.00279275166321
0.0163986255293
1.09703824324e-07
5.86865937733e-16
1.60333202782e-18
2.84321850287e-09
1.20656474492e-10
0.000267841164749
7.68853625703e-07
0.000144935116523
1.07542408312e-06
0.00660695521697
8.24953533655e-10
6.24929143301e-05
0.000193290070423
0.00145528155102
1.62727716829e-05
0.0105871112553
9.24820715924e-09
1.27749800948e-08
9.52080233857e-05
1.14508646841e-23
3.80333219247e-13
0.0125267346914
1.15327808643e-09
0.0105871112553
0.00771808492278
6.47586134166e-09
3.39594540278e-13
2.93479084107e-40
0.00131578985948
6.23811742951e-12
1.73538030025e-12
6.99722410811e-11
5.94419710534e-15
1.20795216663e-14
5.91479173165e-10
3.575082867e-27
1.94829200382e-55
2.24429435842e-05
1.72933928344e-31
1.2231001804e-29
1.58503328931e-06
0.000189652297217
1.79959967148e-06
0.00131578985948
1.70993542277e-08
0.0125267346914
2.64599486607e-37
1.11008967377e-10
8.66936793152e-05
2.86799301353e-09
1.25392357325e-29
1.16401074512e-08
4.99153806699e-09
3.18410747659e-07
0.000379546689651
1.64999600611e-13
0.000173550126519
2.00125992991e-10
6.20405955736e-13
3.29325539628e-15
1.35076642122e-08
2.62682399233e-32
5.0436782414e-11
6.74868140914e-09
6.33360976911e-06
1.4738636909e-14
2.45463267735e-07
1.89186929482e-11
0.00711518254135
8.43501539467e-06
0.000141509045415
0.0105871112553
0.00771808492278
2.32134470679e-24
1.67081138355e-12
2.29188142168e-12
0.00115448863468
1.69218883893e-11
5.84236115671e-18
2.78006550324e-11
4.47901473747e-25
8.28737640844e-05
0.00660695521697
4.64359718687e-11
0.000435067286385
1.18061950041e-10
1.51868834476e-07
2.1588562541e-05
1.78472206689e-05
8.31191675482e-07
0.000430682976161
2.28644795195e-17
0.000716872307373
6.21735326103e-06
1.15678146541e-07
1.20222032064e-07
2.22744958913e-07
0.000563815594811
2.71041178935e-14
2.71420161893e-19
1.15904452443e-08
0.0105871112553
7.61618871944e-10
4.12740285582e-05
1.05600921815e-09
0.000124916326932
0.00084163102757
5.89173438874e-17
2.02725009675e-12
2.60961048749e-11
1.29174746678e-13
3.01583041581e-28
0.000159803973504
1.08728282948e-14
2.92579107898e-11
2.92263654867e-05
0.00136599800286
3.62297956278e-05
6.86127906696e-34
5.9449251472e-09
3.76619282543e-07
5.70962015294e-20
9.31326866853e-11
5.5317012631e-09
0.000619616226979
5.92391781066e-06
2.50762746094e-18
8.69677216426e-16
1.30634933971e-24
3.50704857676e-53
1.88483370796e-37
1.91160822009e-13
0.00116506883088
6.11763199676e-24
0.000258722076485
1.17778268708e-12
0.000174343422223
1.31659758779e-05
0.00159855502633
3.03165148986e-07
1.20315949942e-17
1.34210525178e-18
3.38113897867e-12
3.59425167803e-17
2.32917111482e-15
0.0125267346914
0.00190674501498
2.5000312819e-07
0.000547005353188
0.0013510368287
6.80214487062e-12
3.25401426494e-23
8.28645156593e-12
5.74526417205e-11
9.35219239953e-17
0.000377897808762
5.27100515062e-06
3.68636388615e-06
0.00115448863468
9.69802942694e-27
2.68368691596e-19
2.30815337253e-09
3.35763536656e-07
1.58845865427e-37
4.31247212508e-09
7.11937674833e-26
0.000141435185642
0.00033075559394
4.1709867671e-16
0.00159855502633
1.45037118298e-09
0.00394714175141
1.63161179839e-35
6.73612878646e-07
5.38156972277e-10
2.9719565619e-26
1.62691767607e-05
1.09819177966e-07
0.0105871112553
7.72369630339e-07
1.70991365698e-19
5.67693773672e-15
4.40610130195e-15
3.00008406358e-06
2.80052497748e-08
1.07034791671e-14
8.86504504017e-62
1.89440944922e-05
1.18184078408e-19
0.00190674501498
5.51889818547e-05
7.71253284473e-05
6.71807602688e-22
0.00117193622193
1.28650279109e-08
2.78716914973e-34
0.000280497675269
0.000110609813598
7.69964117176e-06
1.21409111653e-22
0.0125267346914
1.31875883841e-07
5.32241346182e-13
9.13164550683e-05
1.54705819563e-12
6.89273734826e-06
6.05481631122e-16
1.84139577072e-20
5.01230675827e-13
5.37733500017e-12
8.5490865706e-05
1.54407820657e-22
9.65419227648e-28
7.75439391457e-22
3.11504250795e-08