500
0.0505877910636
0.00243279161142
3.13172599884e-06
8.42553694458e-05
1.35675042616e-05
6.39455447573e-08
0.0505877910636
4.06925894293e-18
0.0505877910636
2.60125984985e-24
2.03563338776e-10
0.00172601098326
0.00169332605886
0.0373512605042
0.0505877910636
0.00243279161142
4.2497769685e-09
7.27286478839e-06
0.0373512605042
1.50521671265e-13
0.00123963515669
1.25994701964e-13
8.85344305326e-09
3.27619248004e-09
0.000780465246574
3.90285694507e-10
4.12393684994e-12
5.30658452694e-07
3.07983833437e-14
1.41974812161e-05
0.0505877910636
0.00172601098326
0.000683561708668
0.0373512605042
0.00123963515669
0.0110260376416
0.0505877910636
0.0505877910636
0.0505877910636
4.17041625505e-06
0.00243279161142
5.32143085582e-11
0.000759513009627
0.000354207083241
1.17835266994e-21
0.00123963515669
1.53609670946e-05
0.0505877910636
0.00370117014387
2.81899028849e-11
2.66424093421e-12
0.000116862386938
8.03259834715e-06
0.0505877910636
0.00791899010617
0.000764149251967
0.00016708996087
0.0505877910636
1.66289609737e-14
3.55883861377e-18
7.05061492805e-06
3.71645410054e-14
2.64461491607e-06
0.00146242039429
0.000117263940351
2.11472044338e-06
0.000483632417864
0.00791899010617
6.93407519365e-05
0.00123963515669
1.33698810539e-08
0.0505877910636
0.00791899010617
0.000764149251967
1.20325361984e-13
1.63562564778e-15
0.0505877910636
0.0505877910636
4.38738868481e-14
5.46737141603e-05
0.000106593700797
4.96393568685e-26
6.66583373407e-07
0.00370117014387
0.0505877910636
1.02489651277e-07
0.0373512605042
0.0505877910636
7.61684788404e-06
5.28628129043e-10
1.5907269923e-07
8.16175911597e-06
1.43523537132e-06
0.0505877910636
3.76657424744e-06
1.06373672744e-12
1.15098341869e-07
0.00370117014387
3.62019104718e-06
0.00791899010617
5.4305440309e-07
0.000766613746844
1.14322125257e-07
1.89651377229e-11
0.000764441123979
6.98845025225e-09
1.47749644479e-12
1.39640933562e-13
0.0505877910636
3.55421380623e-11
3.53424313742e-09
1.2605979805e-05
0.0505877910636
1.1483536866e-05
1.61122671376e-06
0.000538236942888
0.000117263940351
0.000806701389138
2.30304931058e-06
2.26207513676e-09
0.00370117014387
4.99867669352e-16
0.0505877910636
0.00742942185127
5.73702053971e-39
3.58260071527e-13
1.51323044983e-17
1.79059141994e-08
1.58977256427e-06
7.81493123397e-05
0.0505877910636
2.31810021733e-21
3.2980828469e-10
0.0505877910636
0.00712649636348
7.36661012797e-08
3.32721973216e-05
0.0505877910636
1.33852976009e-12
0.000759513009627
0.0505877910636
0.0505877910636
6.02333339524e-09
6.61481919835e-15
1.26335802412e-12
1.83143766701e-11
0.00243279161142
5.52354966969e-09
7.14937570752e-11
0.0505877910636
0.00370117014387
0.000970240680355
0.000503897799892
0.0505877910636
2.64247889626e-06
0.0505877910636
9.47663825031e-10
0.00370117014387
0.00113926951444
9.37457355439e-11
9.72408244512e-06
1.12020256954e-07
1.90643132137e-07
0.0505877910636
9.81658258814e-05
0.00101746737611
0.0505877910636
1.19711352025e-07
0.000683561708668
0.000159411765847
0.0505877910636
7.03343811061e-05
1.24617499846e-10
0.00791899010617
1.91120083953e-09
2.59007344879e-05
1.23135872272e-10
0.0373512605042
0.0373512605042
0.0505877910636
0.0505877910636
3.81304465486e-10
0.00742942185127
3.89274195795e-12
0.000353784956842
0.0505877910636
9.90649522458e-18
4.21710507026e-08
5.153386131e-10
0.0505877910636
0.0505877910636
1.14727543141e-05
0.000163217262803
8.60546253232e-07
3.99112892532e-07
0.000719288945353
7.33291933504e-05
8.03213661991e-07
1.73470620388e-07
0.0505877910636
2.45204198537e-05
7.96746423446e-06
0.00542966864426
1.67599701162e-05
0.0373512605042
0.0505877910636
0.0505877910636
0.000503897799892
1.57844443156e-06
3.14755741429e-05
0.000266429562021
9.02077316746e-08
0.00147190933634
0.0505877910636
2.23687122273e-06
6.63814951429e-08
3.35994887493e-14
0.00243279161142
9.68773195779e-10
0.00370117014387
1.31708179523e-26
1.04176154162e-08
2.96010480554e-09
0.001554073907
2.1283303804e-14
2.16489696045e-06
0.0505877910636
4.91836545512e-10
0.00791899010617
0.0505877910636
0.00791899010617
0.00169332605886
0.001554073907
1.53890380126e-13
0.000106593700797
0.0505877910636
5.53666085852e-11
0.00468427008162
0.0505877910636
1.67632667575e-08
0.00468427008162
2.48096055531e-07
0.000354207083241
0.0505877910636
1.54098308922e-18
0.0505877910636
5.84431553053e-10
1.05459468834e-05
6.69681075406e-09
0.0373512605042
0.00542966864426
0.0505877910636
0.000353784956842
7.81493123397e-05
4.60363056742e-11
0.0110260376416
5.89204316734e-07
0.000148641329663
1.14986388461e-09
7.48915485431e-07
0.000503897799892
0.0373512605042
0.000780465246574
0.00742942185127
0.0505877910636
0.00172601098326
1.63301809417e-07
9.20666927594e-09
8.78794835268e-12
2.38738447061e-08
0.00468427008162
4.00286039115e-19
0.0505877910636
0.0505877910636
9.88163829988e-13
0.000227051027845
0.00172601098326
3.87985148674e-08
5.38888094014e-06
0.0110260376416
0.0505877910636
0.00791899010617
5.19535701498e-26
5.15931571092e-10
7.96746423446e-06
2.79602988144e-09
0.00172601098326
7.14449462025e-09
5.69431797635e-06
3.45935112544e-06
4.6197806036e-09
1.14466177292e-06
1.66504771617e-09
1.9187169859e-05
8.25459061959e-11
5.67200964486e-08
2.58890695773e-08
6.48621067494e-15
1.84743885254e-06
2.78595459186e-06
1.46688119857e-06
0.000766613746844
8.83597333685e-19
9.66690466985e-09
0.0505877910636
1.00072434543e-10
0.00791899010617
0.0505877910636
2.91628508496e-21
0.0505877910636
1.00571129178e-18
4.49343669137e-08
4.61878436799e-13
0.0505877910636
0.000499230461384
4.87409549068e-06
2.53154704254e-09
0.000806701389138
2.24614561593e-06
7.58235047536e-05
0.0505877910636
1.2673522645e-07
1.69754272229e-10
0.0505877910636
0.0505877910636
4.81995259663e-05
0.00712649636348
0.000503897799892
2.3819450443e-08
2.77468338258e-09
1.24786475103e-11
3.60123555434e-05
5.41121177723e-20
0.000227051027845
0.000354207083241
3.34963511915e-09
9.04100135853e-11
0.000354207083241
0.00791899010617
1.30022154907e-11
1.61005332291e-19
4.88307636918e-07
1.85748647715e-07
0.000530247542299
2.60721010745e-05
0.0373512605042
1.46136725027e-11
0.0373512605042
0.000253391583217
1.8566600082e-08
4.41340820946e-23
0.0505877910636
0.00131617835487
1.40718354418e-05
3.77404742584e-10
0.000354207083241
1.27615991627e-08
3.77230374884e-07
0.00712649636348
1.65382985408e-06
0.00113926951444
0.00791899010617
0.0505877910636
2.1077483917e-06
0.0505877910636
0.000109828794504
1.07449030819e-05
3.3399699954e-11
1.62095405411e-14
0.0505877910636
1.32515320151e-22
5.90641475803e-13
0.00113926951444
0.0505877910636
8.26770105346e-06
3.59513487934e-07
7.23032230511e-13
0.00791899010617
0.0373512605042
2.77935843436e-07
0.0505877910636
1.8145224037e-17
3.92777777907e-10
1.40387687064e-14
0.0505877910636
1.02312833361e-08
0.0373512605042
1.91194943405e-13
1.13123687683e-06
1.3252285983e-06
0.0505877910636
0.000175327290567
1.00918535794e-10
0.0505877910636
0.0505877910636
0.0505877910636
5.54247082434e-10
0.000167019655321
0.0505877910636
0.00370117014387
0.0505877910636
2.48032306551e-12
2.43505825685e-16
0.0505877910636
0.00791899010617
0.000766613746844
1.32080760397e-09
0.0110260376416
0.0110260376416
0.0505877910636
3.31324322603e-16
0.000227051027845
2.1193554678e-12
0.0505877910636
0.0505877910636
0.0505877910636
1.93942153455e-10
6.89886355204e-19
7.37568291786e-21
5.5798632117e-09
0.0505877910636
1.91355668092e-12
0.000107689756275
2.99659990594e-10
0.0505877910636
2.58014507222e-12
0.000162231283788
5.04296712661e-07
0.0373512605042
3.28846028649e-06
5.78524656904e-09
3.23948997129e-11
0.000218575320036
5.31164282295e-06
0.001476092659
0.00791899010617
0.000167145832969
3.42810417198e-12
3.68374529859e-15
1.69069276624e-11
5.03505888901e-09
0.0373512605042
0.0505877910636
1.24376128296e-06
0.0505877910636
8.13339434155e-06
1.36453784959e-07
1.63643515706e-06
1.02274150581e-05
0.00791899010617
0.000405337282391
9.81283450916e-05
0.000683561708668
0.000483632417864
0.0505877910636
0.000353784956842
5.73336167899e-18
4.69805413486e-14
8.58137634185e-16
1.27577880884e-36
3.61923164304e-12
4.22952623686e-05
0.0373512605042
0.000109828794504
1.42123563651e-14
3.39971953561e-09
0.0373512605042
2.85150210272e-05
7.56950162599e-06
0.000119240734696
3.06432259756e-20
4.93428454148e-08
2.57027176847e-08
0.00742942185127
6.31333415434e-13
9.53530919561e-11
0.0505877910636
3.4343071349e-08
0.00035416906251
0.00791899010617
5.56053009931e-07
1.73850404147e-05
0.0505877910636
5.10803741822e-07
4.41001939935e-07
0.0505877910636
1.18614050105e-06
0.00172601098326
2.46914300674e-05
2.07086341352e-07
0.0505877910636
0.000764149251967
0.001554073907
6.5436668335e-09
1.04378011412e-08
0.00169332605886
0.001554073907
0.0505877910636
0.0505877910636
0.00542966864426