500
0.000129212147555
4.00200838745e-15
6.04961837687e-19
1.84235618524e-07
3.32292290604e-14
9.23641815084e-16
0.000106622613309
0.000131620411591
9.76077416247e-51
6.81122862513e-41
4.58361379707e-11
1.95419221017e-15
1.16110617956e-12
2.69282619049e-12
9.92757245057e-32
4.18448124487e-06
4.16128720528e-14
9.98243776286e-13
6.89108760811e-28
1.96074655523e-30
2.49510442883e-07
1.02741160167e-09
8.16743683456e-06
5.21197637166e-11
1.65411022045e-10
2.38500854531e-32
2.3173868084e-18
8.64850304288e-07
3.66393234314e-08
0.000202459886192
1.50666480148e-08
8.38076083181e-34
5.40245654674e-29
0.000102079962376
7.04305409159e-08
4.14015947563e-17
0.00190573685741
6.55900572168e-05
6.47966852793e-08
2.91887450946e-18
1.1626377643e-06
3.05779938253e-53
8.92695856911e-08
1.82019792606e-22
2.43566280937e-06
8.56019256871e-12
1.24253029155e-12
5.41265308071e-34
1.81807921682e-12
4.05559668403e-11
0.000131620411591
2.1758157104e-05
0.000307689914271
0.00047665590747
3.32190717795e-17
1.45599622915e-08
3.4001711001e-13
7.59722895237e-26
7.86714409036e-06
0.000869167463291
1.46629083076e-40
0.00137707429894
4.25332423498e-05
1.11566241318e-07
6.78993596101e-50
5.51100214673e-11
1.38694855113e-22
3.6624644123e-06
3.79222157363e-28
3.8491502365e-44
1.45558305836e-77
4.2612462362e-10
4.87669463705e-90
4.32554520306e-06
7.94611203133e-07
5.54137804122e-50
2.41483046218e-25
2.52933352757e-10
0.000497301719695
1.5120261951e-50
1.37968197622e-55
0.00803565847702
5.42697007129e-08
3.18141309604e-13
1.35484649621e-05
0.00120578764235
4.72429264116e-13
0.00047665590747
3.28752157749e-12
1.64715812408e-07
1.60755047149e-10
6.65555510518e-25
7.73605996843e-40
5.69561562647e-12
1.80971217546e-05
4.02902586153e-05
1.16136595759e-32
2.04092196516e-15
9.12702322311e-10
4.55144584024e-09
9.55944216128e-05
4.39302723342e-31
0.000182596637695
9.37765621948e-07
0.000615748501786
7.48590340659e-20
0.000497301719695
5.65830296839e-28
8.18866733722e-07
1.03926490183e-07
1.33180068194e-08
5.73483047839e-14
0.00137707429894
2.78184285723e-31
7.50475074007e-12
1.80971217546e-05
2.49624423126e-20
6.68307508488e-13
2.77997718113e-38
0.00120578764235
6.32843499298e-07
1.21948093999e-07
4.25332423498e-05
3.24075362176e-20
5.36336878105e-09
0.00803565847702
5.70211835784e-11
1.05596535346e-17
0.00120578764235
8.84251116846e-21
2.42805304601e-21
0.000188402903995
6.74031262586e-09
1.46470688797e-10
6.35042092642e-18
1.25564608326e-31
1.60846135075e-07
1.83830623532e-16
2.2376627776e-59
0.000716336580291
0.000451964575161
2.65741941812e-07
0.000173995255404
3.55140611057e-10
0.000451256956972
3.74002220173e-22
5.62555786164e-12
1.5825761037e-21
3.71743967296e-12
5.58395226708e-06
8.23134890831e-14
8.16743683456e-06
5.49213065103e-42
7.19960757487e-07
1.87664653027e-25
0.000202459886192
5.17069282483e-19
6.2536088238e-14
1.48281609894e-09
3.29680608872e-46
1.36500774211e-06
3.88795536551e-32
1.01133941836e-26
5.82073210691e-14
1.39699284556e-06
1.88334622293e-30
0.00190573685741
4.10788621412e-05
5.68684060424e-07
1.04362344584e-53
6.92053668272e-06
2.82482136897e-05
5.28662812938e-27
5.86471749418e-06
1.40661453216e-25
6.29762358014e-17
2.00906365829e-30
7.38611415035e-07
3.44871617181e-11
3.10950126716e-40
1.6398377606e-27
4.2648484282e-08
0.000125003663528
2.19399309768e-09
2.45073800101e-11
2.11624676104e-37
6.17055672863e-36
8.16743683456e-06
5.14898865177e-06
2.94632583565e-12
1.13873301997e-05
1.88602626413e-18
7.90250567197e-38
1.68885812017e-14
8.61352320603e-05
1.66919208282e-09
1.80971217546e-05
3.02789017845e-08
0.00803565847702
1.38694702571e-59
5.52246052559e-14
0.00803565847702
0.00190573685741
0.000321405161836
0.00803565847702
2.03422767885e-09
5.15531399994e-10
1.7009173703e-33
3.19693622909e-06
3.85755807871e-05
4.0975581172e-14
2.85512160339e-09
9.09243515274e-05
5.35917249057e-16
7.99691983821e-12
8.68806676267e-05
5.69778711261e-06
3.8862541818e-08
2.27902453798e-18
2.96382165815e-20
1.41282499722e-05
2.75025225084e-14
0.000122865538789
0.0
0.00803565847702
3.94870373275e-21
0.00129571516017
3.78236103405e-14
2.93151807182e-33
1.74925961296e-11
4.63913629447e-07
5.15030212392e-06
1.59465619728e-11
0.000869167463291
2.59322219758e-44
5.96996567434e-13
5.4897209509e-11
2.1758157104e-05
1.58573720395e-42
1.55254851496e-78
4.10788621412e-05
0.000117940081598
0.000115150636421
0.00803565847702
4.04061351978e-07
6.07828709711e-14
6.1105922102e-25
0.000414783178464
3.79691691465e-35
1.23542626512e-08
2.36912495181e-05
2.65308768351e-15
1.02474056619e-06
1.6104155289e-23
7.39869897968e-23
3.21315410721e-06
7.22963346738e-07
9.91762680999e-11
0.00190573685741
1.0718663485e-13
0.00129571516017
1.17353504857e-17
4.12588564749e-05
6.48212135351e-21
0.00293623326181
4.08950887478e-17
3.18256219928e-08
0.00127365527334
0.00127365527334
0.00190573685741
4.96783496992e-16
1.00215740335e-07
1.75076922833e-05
7.51222468426e-09
1.02111740885e-24
0.000414783178464
8.22700658856e-18
6.98415773488e-12
4.91543686237e-13
2.27963055124e-58
2.98566545577e-05
1.85654509177e-14
6.67592030301e-05
1.06592464364e-14
8.09599908415e-12
0.000544831089765
3.60744760736e-07
3.4318412529e-28
4.24417762769e-07
5.89381877949e-19
4.52909163532e-08
2.55728368919e-12
6.175122891e-16
8.21374883478e-12
3.68616085118e-34
0.000202459886192
7.13806710571e-31
0.000451964575161
1.18000460939e-24
3.16489344524e-10
2.35801456288e-33
4.35312926665e-11
0.000101543751409
6.7020317695e-09
0.000265761647889
8.55294141035e-10
4.16785422334e-07
9.55178292047e-14
9.04205746972e-11
2.56696310004e-05
0.00190573685741
0.00137707429894
1.07904336624e-11
9.35687219081e-14
0.00803565847702
0.0
0.000716336580291
8.64994219542e-10
4.29831042835e-10
4.24930038735e-72
0.000497301719695
1.20398956349e-05
3.43003827237e-20
5.49147741626e-11
1.44137856194e-14
5.14604119937e-09
1.86940926394e-13
2.33139157322e-13
0.000716336580291
0.00803565847702
9.72227081678e-14
6.22928286549e-29
1.12143684317e-08
0.000106622613309
5.53908944707e-29
0.000451964575161
2.50222655767e-09
6.4119573001e-26
9.82592535814e-05
0.00803565847702
7.22083117556e-12
8.44119931094e-37
1.74990085987e-15
1.13864006673e-32
0.00803565847702
2.1199058142e-13
4.70235159734e-10
1.46811377208e-14
0.00072023801985
6.92949041718e-07
1.3107349749e-11
4.22868335036e-06
1.47135129277e-08
2.32513278001e-42
1.39143367771e-16
2.16580958952e-10
4.2069430855e-37
1.99132969408e-28
3.13474178669e-10
4.1923536918e-08
3.61080092983e-18
5.81093599906e-61
0.00072023801985
1.20949313942e-05
8.20849287915e-06
1.55332680974e-08
4.43318259827e-05
0.00803565847702
5.29524707859e-07
9.25329500245e-15
0.00190573685741
9.49908874672e-40
2.28107961092e-35
0.00127365527334
1.31719939335e-33
0.000476982583446
3.52907852734e-10
2.75568000066e-08
6.15166968133e-23
8.15484002499e-11
2.12836178922e-15
2.38490984217e-09
1.84487729067e-05
5.77064693315e-06
0.000185478910844
7.48565243885e-07
9.55944216128e-05
1.33182090886e-15
1.7714918653e-55
1.04500198757e-13
5.39448882149e-18
1.16969289339e-16
0.00803565847702
0.000138245837692
0.00803565847702
1.14552202242e-33
3.96192687064e-11
7.30029066839e-31
0.000106622613309
1.92258506025e-06
7.1017693239e-23
0.00803565847702
2.58539399667e-05
7.12276858437e-16
4.35774683158e-11
1.38189067786e-08
7.20320574049e-07
3.63827686404e-09
1.3508543166e-14
6.3344413682e-24
3.67854382071e-25
6.55900572168e-05
3.59929577394e-56
7.02177476875e-13
7.13982633539e-12
4.38783419643e-08
2.32477823346e-09
2.20414351143e-05
4.43447554569e-19
0.000307689914271
6.67055913869e-53
8.71035391106e-20
1.04631620899e-12
1.95158405346e-05
9.41279821618e-29
6.46033980651e-20
4.91325890471e-11
1.47058371313e-46
0.00176149148291
2.18343657215e-14
1.4353748157e-21
1.09407017664e-07
3.99550199955e-32
1.01216577227e-06
2.12248509892e-06
1.13736647408e-06
1.38671611497e-12
0.000117940081598
3.21307536352e-07
8.5464267783e-17
0.00803565847702
9.27199886742e-11
0.000414783178464
1.15298594713e-25
2.8553504786e-19
2.801005888e-05
2.09928989066e-09
1.64415897541e-06
1.22417292629e-16
1.31375370294e-20
4.51427250467e-09
1.54430099239e-05
1.26288896524e-14
6.88276841452e-24
1.01923085829e-41
1.49057289973e-16
0.000125003663528
1.97607412852e-32
1.83646098037e-08
3.12150983362e-05
9.59742873901e-05
8.55560163757e-06
5.72794934611e-25
0.000716336580291
9.93376904733e-07
8.79424972555e-06
6.61224415139e-09
9.17548453895e-13
0.000544831089765
0.000497301719695
6.76366724744e-08
1.8292365905e-08
4.54881595552e-06
3.8183771662e-23
0.00803565847702
0.000202459886192
6.22331893061e-08
7.21553822548e-12
1.40037468557e-39
0.00803565847702
3.46248028544e-29
1.44435211515e-93
7.52978467799e-12
3.14722061602e-39
7.23708934584e-26
2.24427940449e-25
0.000414783178464
0.00803565847702
0.000544831089765
6.79647774854e-07
1.01426012252e-68
9.89226038703e-08
6.04326432034e-26
3.45438731715e-07
0.00190573685741
0.000112307954542
1.0174203593e-05
3.54755930927e-05
0.000687274135413
2.75214414642e-28