500
0.000728369480364
0.0
0.0
0.0
0.0
0.0
0.0
0.0
0.000324754633609
0.00264294513551
0.0
0.0
0.0072706624412
0.0
0.0
4.6532808903e-05
0.000753764148115
0.000361481838375
0.0
0.00347497979766
0.0
0.0
8.11266323889e-05
0.0
0.0
0.0
0.0
0.0
0.0
0.0
0.0
0.0
0.0
0.0
0.0
0.0
0.0
0.0
0.0
0.0
0.00269927039263
0.0
0.0
0.0
0.0
0.0
0.0
0.0
0.0
0.0
0.0
0.0
0.0
0.0
0.000138899813118
0.0
0.00269927039263
0.0
0.000346440557324
0.0
0.0
0.0
0.0072706624412
0.000728369480364
0.0
0.0
0.00284113489144
0.00269927039263
0.0
0.0
0.0
0.0
0.0
0.0
0.0
5.80471102786e-05
0.0
0.0
0.0
0.0
0.0
0.0
0.0
0.0
0.0
0.0
0.0
0.000728369480364
0.0
0.0
0.0
0.0
0.00347497979766
0.00269927039263
0.0
0.0
0.0
0.000255526275821
0.0
0.00347497979766
0.0
0.0
0.000220017657642
0.0
0.0
0.00347497979766
8.94146519779e-05
0.0
0.0
0.00269927039263
0.0
0.0
0.0
0.0
0.0
0.0
0.00284113489144
0.0
0.0
0.0
0.000400861410001
0.0
0.0
0.000728369480364
0.0
0.0
0.0
0.0
0.0
0.0
0.0
0.0
2.784466423e-05
0.0
0.0
0.0
0.0
0.0
0.0
0.0
0.0
0.00014184262999
0.0
0.0
0.0
0.0
0.0
0.0
0.0
0.00269927039263
0.0
0.0
0.00037294174377
0.0
0.0
0.0
0.0
0.0
0.0
0.0
0.000220017657642
0.0
0.0
0.0
0.00347497979766
0.000220017657642
0.0
2.32643860661e-05
0.0
0.0
0.0
0.0
0.0
0.00428193314381
0.0
0.000315907602045
0.0
0.0
0.0
0.0
0.0
0.0
0.0
0.0
0.0
0.0
0.00102319402765
9.67345774316e-11
0.0
0.0
0.0
0.00297168347844
0.0
0.000106492317864
0.0
0.0
0.0
0.0072706624412
0.0
0.0
0.0
0.0
0.0
0.0
0.0
0.0
0.0
0.0
0.00141887515927
0.0
0.0
0.0
0.00269927039263
0.0
0.0
0.0
0.0
0.0
1.11911915681e-05
0.00269927039263
0.0
0.0
0.0
0.0
0.0
5.65344126461e-05
0.0
0.00045209398035
0.0
0.00199606090609
0.0
0.0
0.0
0.0
0.0
3.06624748115e-09
0.0
0.0
0.0
0.0
0.00284113489144
0.0
0.0
0.0
0.0
0.00297168347844
0.0
0.0
0.0
2.83746469558e-05
0.0
0.0
0.0
0.0
0.0
0.0
4.29127074745e-05
0.000400861410001
0.0
0.0
0.0072706624412
0.0
0.0
0.0
0.0
0.0
0.000728369480364
0.0
0.0
0.0
0.0
0.0
2.07486801321e-05
0.0
0.00269927039263
0.0
0.0
0.0
0.000912635373644
0.0
0.0
0.000951691163724
0.0
0.0
0.0
0.0
0.0
0.0
0.0
0.0
4.74692488327e-06
0.0
0.0
0.0
0.0
0.0
0.0
0.0
0.0
0.0
0.0
0.0
0.0
0.00347497979766
0.0
0.0072706624412
0.0
0.000753764148115
0.0
0.0
0.00035114547465
0.0
0.0
0.0
0.0
0.0
0.0
0.0
0.0
3.00407777391e-06
0.0
5.6237932262e-05
0.0
0.0
0.0
0.0
0.0
0.0
0.0
0.0
0.0
0.0
0.0
0.0
0.00269927039263
0.0
0.0
0.0
0.0
0.0
0.0
0.0
0.0
0.0
0.0
0.0
0.0
0.0
0.0
0.0
0.0
0.0
0.0
0.0
0.0
0.0
0.0
0.0
0.00297168347844
0.0
0.0
0.0
0.0
0.0
0.0
0.0
1.04329809499e-05
0.0
0.0
0.000400861410001
0.0
0.0
0.0
0.0
0.000252720483431
0.0
0.0
0.0
0.00428193314381
0.0
0.0
1.74717664783e-06
0.0
0.0
0.0
0.0
0.0
0.000912635373644
0.0
0.0
0.0
0.0
0.0
0.0
0.00269927039263
0.0072706624412
0.0
0.0
0.0
0.0
0.0
0.0
0.0
0.0
0.00199606090609
0.0
0.0
1.42946860729e-05
0.0
0.00199606090609
0.0
0.0
0.0004943229992
0.0
0.0
0.0
5.02259012423e-10
0.00141887515927
0.0072706624412
0.0
0.0
0.0
0.0
0.0
0.0
0.0
0.0
0.00297168347844
0.0
0.0
0.0
0.00347497979766
0.00297168347844
0.0
6.53022298012e-08
0.0
0.0
0.000728369480364
0.0
0.0
0.0
0.0
0.0
0.000335498027778
0.0
0.0
0.0
0.0
0.0
0.0
0.0
0.0
0.0072706624412
0.0
0.00297168347844
0.000753764148115
0.00264294513551
0.0
0.0
1.43566271593e-08
0.0
5.04243928789e-05
0.0
0.0
0.000106492317864
0.0
0.000150264279364
0.0
0.00347497979766
2.37572601073e-06
0.0
0.0
0.0
0.0
0.0
0.0
0.0
0.000951691163724
0.0
0.0
0.0
0.0
0.0
0.00297168347844
0.0
0.0
0.0
0.0
0.0
0.0
0.0
5.48290977659e-06
0.000753764148115
0.0
0.0
0.0
0.0
0.0
0.00141887515927
0.0