500
1.80510885315e-05
0.0410601935596
1.55316517524e-05
2.57262237931e-07
0.0410601935596
0.0410601935596
0.0
3.28341083124e-10
0.0
8.11250335365e-08
0.0486601747873
0.000373298888543
2.74270995357e-05
0.000149405687383
3.8505168561e-05
0.0224687805947
8.13971895661e-06
0.0410601935596
4.11515484267e-06
0.000528516378484
5.68775099109e-05
0.000194991557291
0.0486601747873
0.0486601747873
1.29430087305e-07
0.000163966940548
4.07792628656e-06
0.0486601747873
0.0224687805947
0.0486601747873
1.44545406485e-05
0.0224687805947
0.000946639261896
0.0
5.89600897458e-10
0.0
0.0410601935596
0.0486601747873
0.0
0.0486601747873
2.61549855547e-05
0.0486601747873
0.0410601935596
0.0
0.000111928577903
0.0224687805947
0.0
0.00674076373243
0.000403292646107
0.00370089601775
0.0410601935596
0.0486601747873
0.000161160309948
1.19239936669e-11
0.0486601747873
0.0410601935596
0.0486601747873
3.43341279417e-05
0.0224687805947
0.00390517143755
5.51111112992e-05
0.00140663429022
5.04871842378e-08
1.03527380287e-06
0.0224687805947
0.0224687805947
0.000648807927459
0.00330047645688
5.67802231935e-07
0.000240345451123
2.72331032662e-05
0.000373298888543
7.10135627992e-05
0.0486601747873
0.0
1.51960278781e-05
0.0410601935596
0.0
1.51062160483e-09
0.0410601935596
0.0
0.000563853564296
0.00011509622504
1.04678699263e-08
0.0410601935596
0.0
2.94099893386e-06
9.1675133406e-07
0.0486601747873
8.58478783247e-05
2.448792081e-05
0.0
0.0486601747873
7.846365416e-05
0.0410601935596
0.0486601747873
0.000401719945298
0.00296702617113
0.00140991819882
0.0224687805947
0.0
0.0
0.0486601747873
2.27003333493e-07
8.80011860242e-13
2.33510207581e-09
0.0486601747873
0.0
2.61549855547e-05
1.08719256149e-05
2.22988760558e-05
0.0486601747873
7.86419776897e-13
0.0486601747873
0.0001349191641
0.000272021422078
0.00674076373243
0.0
2.0314043676e-07
0.0
0.00370089601775
0.00292532408196
0.0410601935596
1.83298157575e-05
0.0224687805947
1.48048733733e-06
0.0486601747873
0.0410601935596
1.42989520143e-06
0.0410601935596
0.00791771134044
8.1703215592e-12
0.000946639261896
0.000499593196965
1.69923793532e-05
0.0410601935596
3.28327600295e-05
0.0486601747873
0.000161160309948
0.000298449779184
2.5809618398e-06
0.0
0.0486601747873
0.0
0.0
0.0486601747873
1.03135858337e-05
0.000763371999684
0.0410601935596
1.41583889244e-05
2.0295684818e-06
0.0
1.06246388564e-12
0.000371106767433
0.0
0.0486601747873
0.0224687805947
0.0486601747873
2.55461737207e-12
8.09690311171e-05
2.31353261481e-05
1.50050491981e-08
0.0486601747873
0.0
0.0486601747873
0.0224687805947
2.37912632368e-13
2.86241167477e-05
0.000324295553438
0.00296702617113
0.0224687805947
0.0224687805947
1.02282828206e-05
2.57456928697e-07
4.3887466579e-11
0.0224687805947
2.38203590178e-05
3.28327600295e-05
0.0486601747873
0.0410601935596
0.0486601747873
8.87095847599e-15
0.0486601747873
0.0
0.0001349191641
0.000149405687383
1.5882338974e-06
0.000946639261896
2.32892873167e-08
0.0486601747873
0.00312753457527
8.1973049477e-09
0.00370089601775
0.0224687805947
0.0486601747873
0.0
0.000100143347461
6.80624020974e-09
1.05452479441e-09
0.000163966940548
0.0486601747873
0.0486601747873
0.0
0.000373298888543
0.0
2.85271476822e-06
0.0
0.000272021422078
3.10363106409e-06
0.0486601747873
0.0486601747873
3.89069721895e-07
0.0486601747873
5.59068982158e-09
0.00330047645688
0.0224687805947
0.00674076373243
0.0486601747873
0.000563853564296
7.6905414228e-07
0.0
2.38203590178e-05
0.0224687805947
0.0410601935596
1.93791959547e-05
0.000563853564296
0.0224687805947
0.0410601935596
0.000154254944337
1.68358709905e-09
3.2537700848e-08
0.0486601747873
0.0486601747873
0.0410601935596
0.00212641289228
0.0
1.17944921322e-06
0.0
8.67263438702e-06
4.5224878625e-05
0.0410601935596
0.0410601935596
0.0486601747873
0.000313002036369
0.0486601747873
0.000161867264737
0.0224687805947
4.85800884584e-05
0.0486601747873
8.75660697211e-07
0.000154254944337
0.0486601747873
0.0
0.0410601935596
8.28930164337e-06
5.7978878359e-06
8.15724030593e-08
7.08873444032e-05
0.00296702617113
0.0486601747873
0.0486601747873
0.0486601747873
0.00330047645688
1.96250679439e-10
0.000237826643811
1.86217365174e-05
0.0
0.0410601935596
0.0224687805947
0.0
1.0519199944e-06
0.0
0.00370089601775
0.00674076373243
6.07786664979e-06
0.000528516378484
0.0410601935596
0.0486601747873
0.0
0.0486601747873
0.0224687805947
0.0
0.0486601747873
4.85800884584e-05
2.41312764403e-05
0.0
0.000528516378484
0.0486601747873
2.74270995357e-05
0.000154254944337
5.01399647467e-10
0.0
1.18031054608e-07
1.92785773456e-10
0.0486601747873
0.0486601747873
5.04327972269e-06
0.0486601747873
0.0486601747873
4.11515484267e-06
0.0486601747873
0.000154254944337
0.00129387059693
5.04327972269e-06
0.0410601935596
0.000417061816183
0.0
0.0486601747873
7.01210906255e-10
0.00370089601775
0.0486601747873
0.0486601747873
0.0410601935596
0.000161160309948
0.000648807927459
0.0
0.000373298888543
1.89316293233e-06
0.000313002036369
0.0
0.000192572261486
0.0486601747873
0.0410601935596
7.40076628242e-07
2.03564465027e-11
0.00330047645688
0.0486601747873
0.0
0.00124993767716
0.0486601747873
0.0410601935596
0.0410601935596
4.73859405385e-06
9.64734616415e-19
0.0486601747873
0.000708331122008
0.00212641289228
0.0
0.0
0.0224687805947
0.0
0.0486601747873
2.38203590178e-05
0.0486601747873
0.00212641289228
0.00674076373243
3.8505168561e-05
9.15028408141e-05
9.16279225633e-09
9.46277712073e-06
0.0
0.0410601935596
0.0410601935596
0.0486601747873
0.0486601747873
0.000298727876257
0.0486601747873
3.8505168561e-05
0.000335138590644
0.0224687805947
0.0
0.0410601935596
2.79402209879e-06
0.00296702617113
0.000111928577903
0.0486601747873
0.000134607931834
4.80582579084e-08
1.03135858337e-05
0.0
8.58478783247e-05
0.0410601935596
0.0
2.44194808978e-12
0.0
0.0486601747873
5.05435755225e-09
0.0224687805947
0.0
0.000766740907164
8.68651984376e-06
1.90694595933e-09
0.0
0.0
0.0
0.0410601935596
0.0486601747873
9.97772252838e-08
2.61549855547e-05
5.75473658637e-05
0.0486601747873
0.0486601747873
0.0
0.000763371999684
0.0
0.000648807927459
4.42230325188e-05
0.0
0.0486601747873
0.0224687805947
0.0
0.0
0.0486601747873
2.86241167477e-05
1.31696079811e-05
0.000161160309948
0.000586551067708
0.0486601747873
0.0
0.000154254944337
0.0001349191641
0.0410601935596
0.0410601935596
2.25871436917e-06
0.0410601935596
7.5800053655e-06
0.0486601747873
0.00674076373243
0.00024448753112
0.00370089601775
0.000401719945298
2.79986066039e-08
3.80873066172e-09
0.0
0.000934390975226
0.000563853564296
0.0
0.0
0.0486601747873
0.0
0.000298449779184
1.68354108422e-08
0.000119209445057
0.0410601935596
0.000563853564296
0.0410601935596
4.10014994977e-06
0.000528516378484
0.00370089601775
0.0
0.00674076373243
0.00330047645688
2.67582016062e-05
4.55983916525e-07
0.0486601747873
0.0
0.0
0.0486601747873
1.23999360531e-05
0.0
0.0486601747873
0.00212641289228
0.0486601747873
0.00212641289228
6.06519900689e-05
0.000763371999684
0.000528516378484
0.000111928577903
0.0486601747873
0.000763371999684
0.000136680685434
0.00131702395087
5.56498055771e-05
2.01541271573e-06
0.0224687805947
1.15614860748e-07
0.0001349191641
0.0486601747873
2.55477189288e-06
1.45950376289e-09
0.0410601935596
0.0
0.0486601747873
0.000403292646107
0.000373298888543
0.0486601747873
3.83028026894e-10
0.000563853564296
0.0410601935596
1.19180105469e-07
0.0410601935596
0.000298727876257
0.0170340739291
5.16151292067e-09
0.000371106767433
0.0
0.0
0.0410601935596
4.46295386709e-07
0.0
0.0486601747873
0.00292532408196
0.0486601747873
4.85800884584e-05
0.0486601747873
3.28327600295e-05
0.0410601935596
0.000417061816183
0.000597931760185
0.0486601747873