500
1.19411203295e-06
2.2027034582e-06
0.0
7.82124383135e-08
6.20889627334e-08
1.66264643966e-07
0.0
5.17183234622e-35
0.0
4.6571082371e-06
1.8009832314e-07
2.55409035198e-05
1.54107301759e-17
1.35749030865e-05
6.39118066479e-18
2.22168531845e-07
4.49887735824e-33
0.000112767608877
1.21470584562e-08
0.000386867057635
1.88219232463e-15
0.0
0.000504260305876
0.000307749709821
3.33983911898e-06
1.83329239216e-07
0.0124740978775
0.000504260305876
0.0
0.00484072742625
0.00138557777864
2.5141299914e-06
4.23761262832e-08
0.000307749709821
3.38452226039e-13
6.4045087764e-07
1.79384111353e-05
0.000504260305876
0.0024644311057
8.33966800162e-05
1.33213369261e-12
0.00428001612416
1.76509569579e-09
0.00013976797585
0.0
0.0
0.0024644311057
1.43988175543e-08
1.1762300185e-06
0.000504260305876
7.41893022819e-21
4.3831123937e-27
0.00133697678123
1.79363737164e-09
2.80540570442e-11
0.000407053156936
0.00242001900336
0.0
7.04671236913e-05
4.71744450669e-05
1.638601167e-08
8.22823837579e-16
0.0
2.26694329036e-07
1.71826875288e-06
0.0
1.4208556188e-10
9.39844228687e-05
8.9822807665e-28
1.61766388402e-05
0.0
0.00013976797585
4.71744450669e-05
0.0
0.00133697678123
2.77042634168e-17
3.68081233592e-07
0.0
8.33966800162e-05
5.05664433122e-13
5.72752543073e-09
1.89319898934e-17
0.00133454907963
3.48859296923e-10
4.38028584032e-10
2.54275998362e-17
0.0024644311057
6.8544519998e-06
2.29523466955e-18
0.00056743879995
3.17818839238e-06
4.48499899599e-07
4.02915017269e-19
0.00484072742625
1.48863065453e-12
5.68190444191e-05
0.00529909193123
4.21844067133e-05
1.74780186635e-06
7.05121045543e-08
0.0
2.62828546504e-06
1.71226447485e-07
0.00133697678123
4.649030104e-08
0.000790951264474
3.3453328264e-26
0.00242001900336
1.41052119299e-11
0.0024644311057
4.7713347983e-06
1.19328630055e-10
2.29586331205e-14
4.80708763605e-11
7.15973344953e-07
0.00133697678123
3.22825917633e-05
2.77448389012e-06
7.32926549481e-06
8.8537729223e-06
6.99525228612e-06
0.00133454907963
5.83561356986e-07
5.46172220837e-06
1.56725932075e-07
0.0
2.66793528179e-05
1.85332173496e-22
0.00242001900336
1.79984177417e-05
4.22408467199e-07
5.84419526949e-06
0.0
0.0
9.82644954317e-14
1.53621723636e-06
8.85769338799e-05
1.22276909338e-09
4.3785023761e-17
2.35427755713e-10
7.61515817007e-06
5.14651346452e-05
2.33781558596e-07
1.70575202721e-05
5.71344902736e-09
0.0
2.29606736305e-08
0.000305586635795
0.0
1.92265669323e-08
3.68549193694e-18
2.07750522178e-18
2.22089742501e-18
1.53479503621e-11
6.28085148425e-06
6.88174701442e-06
6.38681022692e-12
6.01609014811e-07
1.81920029445e-16
8.33966800162e-05
4.75144949811e-10
0.000144437383762
1.79384111353e-05
1.17646639737e-07
6.39051591721e-08
5.10162805317e-09
6.91728335502e-08
3.66002363452e-08
3.59445247435e-19
0.00017783883673
0.00242001900336
8.08862857051e-08
1.82320183613e-17
4.71207072986e-08
4.6571082371e-06
5.59324046936e-08
4.1039152176e-05
9.26311549092e-11
1.59219538682e-09
3.70124234328e-15
0.000504260305876
0.00428001612416
1.8283634391e-08
7.45235561422e-07
0.000216852501358
5.1007226702e-11
5.17506313993e-17
8.01140621647e-12
6.58484040072e-07
5.16248381701e-08
1.83307912354e-07
4.64684922902e-19
3.87549335777e-17
7.86018298834e-06
1.55018365753e-09
3.91368579707e-06
2.29459250076e-16
1.1015680378e-06
1.10962478739e-06
0.00056743879995
8.96522407495e-09
1.27295546887e-14
4.6571082371e-06
7.0452888608e-13
4.07872031562e-20
0.000790951264474
4.05744714344e-05
3.71168452253e-13
7.86018298834e-06
0.000539975964775
1.24317749989e-05
0.00428001612416
3.77653170342e-09
3.47582532688e-17
0.00428001612416
1.26795296464e-09
0.00242001900336
1.44809231716e-08
0.0024644311057
0.0
1.8005718291e-08
8.85769338799e-05
0.00428001612416
0.0
0.00529909193123
1.61977474214e-07
0.000790951264474
6.42790671642e-07
0.0
0.000504260305876
5.41835599564e-08
6.1917527537e-07
0.00133454907963
1.05362049465e-10
1.50569434792e-06
2.58745377322e-05
4.78831383604e-25
0.00133697678123
0.0024644311057
0.00017783883673
4.49900343953e-10
8.18966418787e-07
3.39062500066e-18
3.57721746847e-06
0.000386867057635
0.000363002908988
0.000380626389077
1.37182925693e-11
3.5997853309e-09
3.70012627325e-07
1.6729933974e-11
0.000234629324214
8.81551094614e-05
1.0377803835e-06
4.83143026468e-05
1.29501750822e-07
0.000407053156936
2.34551837551e-09
7.26862945968e-12
2.35143254366e-06
0.0
1.40555432647e-08
0.000291324364892
3.48967613307e-11
1.75751298616e-16
3.13825210157e-22
2.17710623775e-14
1.84364110437e-11
4.05744714344e-05
1.20271236566e-13
3.57721746847e-06
4.22408467199e-07
0.000216852501358
0.000407053156936
0.000236391616984
3.36062846012e-13
0.000245476792675
9.22383710336e-08
3.77220566914e-06
3.61858152078e-22
1.50887042375e-10
0.000887046132488
2.16116570347e-11
0.000790951264474
8.39112292192e-09
1.61211217004e-12
1.01665716642e-11
0.00203729182546
0.0
0.0024644311057
0.0
3.34597340401e-17
5.26357119768e-19
0.0024644311057
3.70520405209e-09
7.31137723264e-16
3.08953242023e-06
1.8868305564e-13
0.0
0.00529909193123
2.25652349382e-11
1.63434420432e-13
6.03349904993e-06
3.34694877978e-08
4.02876848338e-13
1.75320655236e-06
0.000504260305876
4.92083443297e-10
0.000446038463786
8.59664083057e-17
4.38334055084e-30
7.58918706746e-06
0.000363002908988
0.000504260305876
3.93738129911e-08
3.48761597072e-06
2.51828889156e-05
5.31166169119e-17
0.000112767608877
3.39954498166e-12
0.00133697678123
1.76920704026e-34
0.000407053156936
4.77352257881e-10
3.43309025288e-07
0.00056743879995
8.38465764893e-10
5.81526187679e-06
2.2027034582e-06
4.77039825888e-06
9.62693998174e-09
4.69531344413e-13
2.43791946644e-37
0.00428001612416
4.66981071306e-21
0.000109990407468
4.1276605493e-20
6.50126627197e-11
2.66793528179e-05
1.06245921901e-09
1.37098798929e-12
3.37645772966e-10
0.000539975964775
2.62900249829e-07
9.4762876124e-20
0.000407053156936
6.75291441671e-06
6.28085148425e-06
1.89113725402e-06
0.000386867057635
0.0024644311057
0.0024644311057
0.0
3.49057512244e-10
1.0830986031e-09
1.07470206659e-10
0.00133697678123
5.92634001133e-07
4.92996116904e-07
1.50569434792e-06
5.23319077791e-07
0.0024644311057
0.000236739970508
0.00484072742625
1.79859829781e-06
4.37894505265e-05
1.48882602456e-08
2.15019027121e-20
3.12898461356e-08
3.94427479284e-12
1.64100958349e-18
6.8544519998e-06
1.09805482495e-09
2.68291615062e-11
1.36734026323e-23
3.0162517142e-09
0.000790951264474
2.04069717249e-14
0.00529909193123
8.91106093069e-09
0.0
1.50569434792e-06
0.0
5.70425616862e-11
0.00428001612416
2.65054684143e-06
1.78018375598e-11
9.320776076e-06
6.17361485943e-11
1.06001144543e-05
7.18387845389e-07
6.84079470872e-11
3.60181735274e-16
0.00428001612416
0.000131458077852
0.000799686663397
0.00242001900336
0.0024644311057
1.85456215531e-12
5.14541757525e-11
0.0
1.453568336e-35
1.57254327054e-13
0.000810722248618
8.18966418787e-07
5.6503125915e-07
2.68601312183e-09
1.24113370175e-07
1.48771967726e-14
0.0
1.2444666453e-12
5.76741013061e-17
9.76744862044e-08
0.000790951264474
2.40529215446e-21
0.0
3.70012627325e-07
7.01425623565e-11
5.77716561723e-17
4.32916660715e-07
0.00133454907963
0.00428001612416
0.00242001900336
0.000236739970508
1.93285260462e-10
0.000168585220867
1.07586026782e-06
0.0
0.00133697678123
2.76155308638e-22
0.0
4.75222669259e-11
8.81551094614e-05
1.49346039694e-06
2.05002372919e-12
9.89875294181e-10
2.7022688461e-06
6.20565797905e-05
0.0
1.95635742848e-06
7.90688793245e-12
2.45376143206e-17
3.38984484767e-07
4.55790227659e-15
2.6027591517e-16
5.17711371755e-07
7.4909200761e-11
2.83583163095e-13
0.0
1.41080450454e-11
2.44232481272e-08
2.133272854e-13
1.25268085541e-28
1.23830674418e-14
0.00242001900336
2.84816095658e-10
2.52044828783e-11
0.00428001612416
5.25910636476e-05
2.68776180637e-18
1.11759840907e-09
1.57910962755e-12
4.15764058404e-25
6.83557024756e-32
0.000131458077852
0.0
0.0
0.00138557777864
6.71406613865e-16
2.16257068942e-11
1.86570950777e-07
1.39935557796e-08
8.58839768342e-05
2.59817269716e-17
1.53800955481e-12
2.28045666011e-05
6.76224547288e-08
0.0
9.39844228687e-05
8.87533252074e-20
1.05740329314e-19
1.02439719271e-23
0.0
9.18623885289e-19
0.00242001900336
9.7611426678e-07
5.24562590377e-06
2.2809758847e-08
0.00133697678123
2.8779992987e-13
1.39985632809e-11
5.06650500794e-05
5.01122460045e-07
0.00529909193123
0.0020732884165
6.59576419524e-09
0.0
8.3205052402e-08
0.0
9.2150416747e-20