500
5.55357509866e-24
1.30679878961e-35
1.15093974826e-05
5.48024255106e-26
2.77055361965e-29
8.8977358297e-10
0.000191526659489
1.67089036126e-12
4.30761441526e-25
0.000213350673398
1.04788372031e-09
1.41692339461e-22
6.29443972111e-05
6.04177643907e-13
1.83077965519e-19
0.0
1.14541637427e-62
2.86111371244e-22
4.67875161689e-18
1.4170150115e-05
1.2714938997e-13
1.75085362804e-25
2.21372518587e-21
7.19102821839e-47
3.77743465811e-07
4.32683702191e-135
3.32904911327e-40
1.33845857727e-17
7.3216796109e-38
1.80576640673e-19
8.06151086265e-23
8.0151370949e-23
1.45425943948e-53
1.04095231761e-18
9.75349020662e-60
1.06536817194e-91
4.71012983049e-15
3.90620238834e-13
8.70307579383e-11
4.10503660677e-08
0.000491479516723
1.47706807889e-23
4.19303835889e-06
6.44134389758e-06
3.30207052513e-31
2.06034981106e-05
0.0
9.08742191063e-11
4.84303271599e-65
0.00332799385633
2.62635314595e-06
3.38905044996e-40
2.73233917948e-12
5.377508039e-22
3.71027447232e-12
0.0
1.77584336651e-19
5.68461520044e-17
1.60821565453e-06
2.07449392812e-15
2.20852544237e-21
1.96506209885e-08
4.00963590635e-35
0.0
1.04903815319e-31
6.78426661061e-08
1.45200607006e-10
4.30036998204e-08
1.15093974826e-05
2.30106133886e-06
6.45020647348e-45
1.79979420452e-14
8.23452207348e-06
0.000491479516723
4.65325417614e-08
8.01879026819e-57
8.14067035044e-13
3.76766812849e-43
1.18583448451e-11
1.07180886416e-70
4.84794103518e-67
5.30009144028e-20
3.79064315522e-12
0.000157824192197
2.20489414351e-51
0.000139728903182
2.37201729356e-18
1.68232260813e-08
1.72639257976e-34
2.55383921967e-17
7.55528258375e-10
8.5898315438e-30
6.04374520611e-37
5.71300410114e-16
0.0
8.82807531203e-25
1.40119198611e-32
1.81672718128e-06
5.56593392898e-35
1.77389258897e-12
4.28678316847e-30
7.12682622547e-06
1.10429306614e-28
9.57100330733e-37
7.31938945818e-13
4.28643915111e-07
0.000180891903752
2.71573722675e-12
0.00155920800993
9.19328881886e-07
1.50889988882e-23
2.83205242879e-13
2.58276249284e-08
1.67642785906e-17
0.0
7.55794336777e-06
0.0
4.28402001699e-76
3.65053999833e-16
1.25675981032e-33
2.90792786169e-28
3.36379888305e-09
1.54973815913e-10
9.40889819874e-11
9.70046720474e-16
7.78858507006e-16
1.45859168201e-41
5.63790191192e-07
2.62230042726e-33
0.0
1.18258555237e-05
1.69371019459e-32
2.13911983871e-09
6.38240206275e-15
1.88600757255e-36
1.73125316103e-27
6.27852323722e-48
1.00633205947e-79
1.67378669298e-26
9.89943199436e-11
1.34398146966e-34
0.00354159725832
3.53493576206e-20
5.29396774386e-13
4.32376831645e-11
9.58828191183e-12
5.03771085464e-38
2.65298347776e-30
2.6960021825e-35
0.00016417557364
4.35721573575e-18
1.5276868861e-07
3.90846466296e-11
2.96916589344e-19
8.96479205439e-21
8.22645135833e-17
8.433738965e-08
3.83589597409e-17
7.60867951217e-15
1.23439340118e-08
1.18069964995e-23
5.71808023689e-14
0.00332799385633
1.91258271886e-40
5.84979173628e-18
1.4430935795e-09
5.8751112298e-50
0.000491479516723
3.65498266809e-23
0.000491479516723
3.77362421081e-22
7.82147875365e-196
7.71369568289e-19
2.75124363191e-21
0.000213350673398
5.5476284936e-44
5.92379465029e-41
4.83550330934e-10
7.66343327316e-12
7.80809491792e-54
1.17474323233e-36
1.3239361813e-15
1.49021083751e-08
3.0350086124e-08
2.28875152964e-15
4.52053232358e-08
0.0
3.26469649362e-14
3.27914537382e-09
0.000218247765007
1.08531187581e-37
6.78974447356e-07
4.34218042589e-38
4.98577484779e-82
2.24441206692e-27
2.601120505e-18
2.97073171481e-18
9.76245131834e-07
0.0
8.03904933085e-26
1.0047046733e-65
1.04632251836e-05
4.39443423249e-67
3.64699824473e-09
8.12306099276e-06
3.08674480427e-25
2.48505764395e-29
0.0
9.74332245131e-40
1.10660050871e-05
9.67478469209e-67
3.46625815701e-10
0.0
1.52525447915e-25
0.0
3.6545513277e-27
1.31281452701e-64
6.63463011542e-16
3.39191398006e-06
1.37774412916e-15
2.96752690684e-08
5.53161766728e-38
4.71763599271e-07
1.0893878252e-32
7.4028285964e-27
5.86703532838e-10
0.000491479516723
4.44784034597e-07
6.46618336375e-07
0.000213350673398
0.000491479516723
1.97875901466e-34
2.26258567477e-19
6.32391825426e-17
2.35243833599e-27
2.4901354887e-09
5.70998877014e-54
0.00354159725832
1.73762226027e-27
9.5669523601e-18
2.51787177915e-19
1.05171342297e-18
0.0
3.92410826583e-31
8.92074075179e-35
1.70793563267e-48
1.04403953294e-56
6.60741881347e-19
8.90446628766e-07
0.0
4.76161294243e-13
2.2691204881e-29
6.63766617898e-36
0.000139728903182
5.12513738037e-17
9.33573238573e-12
1.82898826931e-30
3.62323896214e-11
2.54433595231e-15
4.75336984784e-07
1.45015287965e-64
7.51323971609e-16
0.0
0.00022639230487
0.0
9.37726250385e-22
0.0
4.83172433286e-28
3.95768825237e-25
1.16663296831e-11
3.1929494877e-09
1.9752175955e-38
0.00332799385633
1.06597080292e-34
9.48376377288e-27
1.17433823671e-09
0.00354159725832
2.30856850503e-43
1.09853499052e-23
1.8320667842e-20
0.0
0.0
1.59632564857e-50
2.41694690395e-37
1.59992507814e-16
7.31956811173e-17
0.000213350673398
8.95405282356e-07
3.86174471899e-16
5.03100694083e-10
3.17032404204e-35
0.000218247765007
5.90400377888e-06
0.0
9.5745606281e-30
2.92273966182e-16
3.9944463454e-22
4.46567505187e-13
2.85627724534e-26
6.35943658196e-29
3.30174563611e-14
2.17308759416e-32
1.95190011201e-20
4.68219239282e-33
0.0
0.0
4.50724421066e-15
2.94069321907e-24
3.14549065799e-21
1.25561935156e-15
6.11033422533e-53
3.40966070053e-59
0.0
8.03701010598e-10
2.01422598606e-86
1.52595782962e-30
0.0
3.85750307215e-28
1.06445037499e-17
5.75927745898e-07
1.03799634825e-09
0.0
2.11159942088e-06
1.25851487328e-40
5.31156298686e-08
4.81893116675e-48
2.89689123955e-29
2.12358324888e-09
4.52781928941e-08
1.7497340854e-18
1.21612410872e-11
1.35689478071e-30
5.13307891494e-08
1.45614255445e-10
2.66227255736e-14
5.01988806222e-25
7.45314133108e-15
2.58018862801e-33
7.17804092909e-24
1.50230726968e-11
6.01129129227e-06
0.0
9.94659552416e-38
6.52670516263e-07
5.0512572775e-12
5.38045940436e-43
0.0
1.85082453083e-39
1.12525443629e-05
1.00346778088e-18
5.16672164764e-18
1.89180301147e-20
1.32943828239e-08
2.27543757933e-08
2.00136659564e-08
0.0
5.38576502015e-11
2.30726271792e-16
5.76380388801e-52
1.43537680828e-05
6.30337774041e-11
1.97349098669e-14
1.28997728449e-09
1.29877665585e-42
2.34147184769e-07
4.49837992159e-07
3.24079941206e-08
0.00155920800993
1.78041367937e-34
0.0
3.0267312423e-50
8.65625657942e-47
0.000139728903182
6.5451849334e-23
5.19799601966e-36
2.42285162346e-38
6.29443972111e-05
0.0
3.2950313477e-23
3.82316200495e-28
8.45392583091e-29
0.0
0.0
0.0
0.00332799385633
0.00332799385633
2.27620124284e-09
2.71132682364e-25
7.98295122847e-25
2.08160258163e-05
4.56950796461e-26
9.80891314224e-25
3.7630305229e-55
0.000388157118321
0.0
1.08480861933e-26
5.76388751493e-18
2.83555421934e-62
1.75431457442e-27
9.75324900914e-11
0.0
3.80862029344e-11
0.0
0.0
6.339803867e-25
7.93050428319e-53
7.99848678137e-20
4.00933388697e-43
4.66020671121e-58
1.97255450799e-24
9.95334490667e-19
3.03247342645e-15
0.00332799385633
1.9381716991e-24
0.0
6.87318274783e-29
3.41152714645e-08
0.0
1.11523159814e-14
4.29580394149e-24
5.69464491153e-16
0.0
6.31522716259e-43
1.06473686916e-06
2.74908625132e-08
7.72249226021e-06
0.00016417557364
1.01188917347e-24
9.57702947356e-27
9.98976627476e-06
6.95985673558e-24
3.51694649463e-07
0.0
6.1384211677e-29
2.86705132979e-30
3.83032715309e-08
6.98931141207e-06
0.0
3.70805784395e-24
0.00016417557364
1.49717651853e-17
1.4170150115e-05
0.000139728903182
0.00332799385633
1.20499069879e-38
0.00332799385633
0.0
8.8919375453e-25
1.09033599078e-11
7.72249226021e-06
6.23188716863e-27
1.15093974826e-05
1.74296998677e-29
5.9053529923e-19
0.000106433767119
1.06825278138e-06
9.36239346991e-15
0.0
7.21178167724e-30
9.52451208861e-54
0.000491479516723
0.0
1.17640201236e-27
3.98511229101e-10
2.88473469207e-28
1.06711082395e-09
4.22667596732e-33
1.19583389285e-24
7.05574733699e-21
1.26621662581e-14
3.47174855425e-42
5.76206972329e-13
9.62065594813e-06
1.15267538629e-22
5.44116876943e-07
2.07726916731e-08
3.96598781449e-17
6.54637454308e-30
1.61303051527e-69
1.59820329356e-63
9.57009815595e-09
1.07736707623e-66
7.92437030774e-31
1.47816676906e-14
3.97726222594e-20
1.11603849332e-05
0.00354159725832
5.90342721983e-06
9.08674192886e-41
0.00350447837902
2.0763967144e-16
8.73465424995e-25
0.00155920800993
0.000491479516723
9.26632263924e-15
0.000139728903182
0.0
5.25718822569e-09
6.98292880471e-91
4.09810552329e-11