500
0.0
0.0
0.0545598059984
0.0
0.0545598059984
0.0545598059984
0.0
0.00136904108411
0.00742893293945
0.00218324490229
0.0545598059984
0.00806943523556
0.000110766690122
0.0
9.49595577296e-06
0.0
0.000516067120678
1.06294480936e-06
0.000140391468877
0.00153044706183
0.00818465099535
0.0545598059984
0.00742893293945
0.0
0.0
0.0
0.0545598059984
0.0
0.000258174601664
0.00818465099535
9.80399037163e-07
0.0545598059984
0.0545598059984
0.00143811476173
0.00818465099535
0.0
0.000325450895017
0.0545598059984
0.0545598059984
0.0545598059984
0.0
0.00274058011927
0.0545598059984
0.00806943523556
0.00223328907523
0.0545598059984
0.00806943523556
0.0545598059984
0.0545598059984
0.0
0.000325450895017
2.31722278502e-05
2.51487537357e-05
0.0545598059984
0.00742893293945
0.0
0.00806943523556
0.000248899600545
0.00806943523556
0.00742893293945
0.00806943523556
0.0
0.0545598059984
0.0545598059984
0.0
0.0545598059984
0.000109922686536
0.00742893293945
0.00274058011927
0.0545598059984
0.0545598059984
0.0545598059984
0.00742893293945
5.8376597789e-05
0.0545598059984
0.00818465099535
0.000259582285379
0.00742893293945
0.00806943523556
0.0545598059984
0.0545598059984
0.0
0.000216519194123
0.000661915927632
4.60957948399e-06
0.0
0.0545598059984
0.0
0.0545598059984
0.00742893293945
0.0
0.0545598059984
0.0545598059984
0.0545598059984
0.00013011561883
9.96610087417e-07
7.09755535665e-05
0.0545598059984
9.13150283879e-06
0.0
0.00806943523556
0.00806943523556
9.76792236097e-06
0.0
0.0
0.00013011561883
0.00223328907523
9.32008614995e-06
0.0
8.53893547085e-08
0.0545598059984
0.00153044706183
0.0
0.000855009005112
0.00136904108411
0.00013011561883
0.00153044706183
0.0
0.000275149204351
1.27792648008e-05
7.90102258392e-05
0.0545598059984
0.00136904108411
2.764354625e-05
0.00136904108411
0.0545598059984
0.00153044706183
2.20595674308e-06
0.0
0.0545598059984
0.0545598059984
0.00818465099535
9.46821539768e-05
0.0545598059984
0.0
0.00218324490229
0.0
0.00153044706183
0.000275149204351
0.0
0.0545598059984
0.0
4.3018746307e-05
0.00806943523556
0.0
0.000216519194123
1.4294756697e-09
1.1876346719e-13
1.03693822905e-05
0.00143811476173
0.0
0.0545598059984
0.00818465099535
5.8376597789e-05
0.00136904108411
0.0545598059984
0.00818465099535
0.0
0.000275149204351
0.000110766690122
0.0545598059984
0.00806943523556
0.0545598059984
0.0545598059984
0.0
0.0
0.0545598059984
0.0
0.0545598059984
0.00153044706183
0.00818465099535
0.00818465099535
9.32008614995e-06
0.00806943523556
0.0545598059984
0.00742893293945
0.000407998781741
0.0545598059984
0.00806943523556
0.00742893293945
1.05175965197e-09
0.0
0.0545598059984
0.00742893293945
2.77936350967e-05
0.00223328907523
0.0545598059984
0.0
2.7908205907e-07
0.00742893293945
0.000248899600545
0.0
0.00806943523556
6.86706704934e-07
0.000263594342162
0.00153044706183
0.00136904108411
0.0
4.34047283819e-06
0.0545598059984
0.0545598059984
0.00218324490229
0.00153044706183
0.000616825463224
0.001288923585
0.0545598059984
0.000110766690122
3.62949171741e-05
0.0545598059984
3.60007383705e-05
0.0
0.000855009005112
8.04553909056e-08
0.0
0.0
0.0
0.00742893293945
0.00806943523556
0.0
0.0
0.00153044706183
5.43006021917e-05
0.0
0.0545598059984
0.0
0.00806943523556
0.0
0.00218324490229
0.000258174601664
0.0
0.00818465099535
0.000248899600545
0.00153044706183
0.00136904108411
0.00742893293945
5.43006021917e-05
0.0545598059984
0.0545598059984
0.0
0.0545598059984
0.0545598059984
0.00223328907523
0.0
0.000516067120678
1.79197219378e-05
0.00818465099535
0.0
0.0
1.52106510578e-07
0.0545598059984
0.0545598059984
0.0
0.0
0.0
0.0545598059984
0.00806943523556
0.0545598059984
0.0
0.0545598059984
0.0545598059984
0.0545598059984
2.80211483414e-05
0.001288923585
0.0
0.0545598059984
0.000110766690122
0.0545598059984
0.0
0.0545598059984
0.0
0.00047370659058
0.0
0.0
0.00274058011927
0.0545598059984
0.0
0.0545598059984
0.0545598059984
0.00742893293945
0.0545598059984
0.0545598059984
0.000275149204351
0.0
0.0545598059984
0.00153044706183
0.0
0.0545598059984
0.0545598059984
0.00178327393606
0.00818465099535
0.0545598059984
0.0545598059984
0.000110766690122
0.0
0.0545598059984
0.0545598059984
0.0545598059984
0.0
0.000661915927632
0.0545598059984
0.0
0.00742893293945
0.0
0.0545598059984
0.0545598059984
0.00818465099535
0.0
0.0545598059984
3.72562237824e-05
0.0545598059984
0.0
0.0545598059984
0.0545598059984
0.0545598059984
0.0
0.0
0.00818465099535
0.0545598059984
0.00806943523556
0.0
2.04352554325e-05
0.0
0.00818465099535
1.40866743012e-05
0.0
0.0545598059984
0.000259582285379
6.78693007832e-12
0.0
0.0545598059984
0.00818465099535
7.64263510603e-05
0.00047370659058
0.00818465099535
0.00806943523556
0.0
0.0
0.0545598059984
0.00218324490229
0.0
0.00806943523556
0.00806943523556
0.0
0.000110766690122
0.0
0.0
0.0545598059984
0.0545598059984
0.0
0.0545598059984
1.79197219378e-05
0.0545598059984
0.0545598059984
0.0545598059984
0.0545598059984
0.000292476433307
0.0545598059984
0.0545598059984
0.0
0.00806943523556
0.0545598059984
0.0
0.0545598059984
0.0545598059984
0.000110766690122
0.0545598059984
4.6068499653e-05
0.00274058011927
0.00136904108411
0.0545598059984
0.0545598059984
0.0
0.00013011561883
0.00218324490229
0.00818465099535
0.00818465099535
0.00806943523556
0.0545598059984
0.0545598059984
0.0545598059984
0.00742893293945
0.00742893293945
0.0545598059984
5.8376597789e-05
0.0545598059984
0.0
0.0
0.0
4.76839032983e-05
4.27124447518e-07
0.0
0.0
0.000153198789663
0.0
0.0
0.00818465099535
0.0
0.0
0.0545598059984
8.24028273644e-09
0.000248899600545
0.0
0.000258174601664
0.0545598059984
0.00136904108411
0.0545598059984
0.00178327393606
4.26374125056e-06
0.00017476533956
0.00806943523556
0.0
1.70089483094e-06
0.0545598059984
0.0
0.0545598059984
0.0
0.0
0.00806943523556
5.60614696373e-06
0.0545598059984
0.0545598059984
0.00178327393606
5.8376597789e-05
0.0545598059984
0.0545598059984
2.30823747957e-08
0.0545598059984
0.0545598059984
0.00818465099535
0.0545598059984
2.764354625e-05
0.00047370659058
0.0
0.000275149204351
0.0
1.79197219378e-05
0.0545598059984
0.0545598059984
0.0545598059984
0.00806943523556
1.41459085931e-08
0.0
0.0545598059984
0.00818465099535
0.00818465099535
0.000110766690122
1.63715282297e-08
0.0
0.001288923585
0.00218324490229
0.00143811476173
0.0545598059984
0.0545598059984
0.00742893293945
0.0545598059984
0.0545598059984
0.00818465099535
0.00047370659058
1.12655095183e-06
0.0545598059984
0.0545598059984
0.00818465099535
0.00742893293945
0.0
0.0
1.35626891399e-05
0.00818465099535
0.0545598059984
0.0545598059984
0.0545598059984
0.0
0.0545598059984
1.60055642952e-05
0.0
0.00818465099535
0.00136904108411
0.0
0.0545598059984
0.00274058011927
0.000120250966007
0.000616825463224
0.000159608388329
0.00806943523556
0.00742893293945
4.32520647989e-05
0.00143811476173
0.00153044706183
0.0
0.0545598059984
0.00818465099535
0.00806943523556
0.0545598059984
3.3734616767e-06
7.90102258392e-05
0.0545598059984
0.0
0.0
0.000159608388329
0.0
0.00047370659058