500
6.50819376879e-10
4.31800502251e-08
9.31157931326e-12
8.27149265726e-05
9.37496738254e-26
0.0
1.94141081676e-06
0.0
6.42556436008e-10
2.09107040741e-11
6.10930919409e-17
2.04631256939e-07
3.07149374573e-12
4.7631751291e-22
4.10558640766e-10
0.0
9.43154558775e-07
3.62961654969e-09
1.56631678191e-17
0.00445849668813
0.0
6.55299166253e-06
0.00115396384869
2.69331731379e-34
6.30477733654e-08
7.69856648387e-06
0.0
5.13796505409e-09
1.19094357265e-08
0.0
1.71136418811e-06
7.26999294505e-07
1.53427688959e-16
4.4537581976e-37
0.00115396384869
0.0178339867525
0.000246499148803
0.0
0.00179387424937
4.60764204802e-11
0.000151657087421
1.28876388565e-06
0.00183585157746
1.66419043387e-24
2.14451508197e-13
0.0
7.32802959819e-12
5.94465122677e-07
7.91070570105e-07
2.65458041205e-15
3.31164061759e-09
0.00183585157746
9.36292546696e-06
0.0
5.50486378726e-22
2.13922952217e-21
1.1775501833e-05
0.0146343597175
3.27006985842e-05
3.04746415144e-06
8.63409023379e-09
3.09301651931e-10
0.00655661277666
3.9563524362e-10
0.0
0.000952411090352
7.20802417823e-05
1.09470218425e-16
0.0
0.0
0.000819093656617
0.000536616270253
3.93784940984e-09
0.00445849668813
2.80024140514e-09
1.41301106345e-15
1.13123440466e-17
6.71152908701e-15
3.13566087429e-07
0.0
7.84596787812e-31
1.04877162047e-14
0.00293102611699
0.00293102611699
9.29999779147e-06
1.67669649986e-07
8.02097487916e-14
4.60860967088e-08
8.14039147603e-11
6.87195201215e-06
2.32297960096e-09
3.36288133068e-52
0.00361906192516
0.000151657087421
1.06456015498e-08
6.9717899098e-12
9.70096831787e-06
0.000153139741021
8.42097506856e-23
9.02443420475e-16
1.88809692694e-12
0.0
0.00644910186
7.49989512313e-25
4.21408581603e-15
0.0178339867525
0.0178339867525
4.18706347038e-28
2.33849448731e-08
4.25825258724e-12
1.02120395305e-08
0.0
6.24226560807e-05
1.59499449225e-05
4.13353173387e-07
0.00655661277666
1.36119469207e-07
9.60149449187e-05
0.0
0.000113436153517
3.35514276163e-21
2.24009552461e-19
1.36387100282e-09
3.41911389114e-37
3.119922912e-12
1.76995344473e-06
0.00115396384869
1.62564798082e-29
2.04609261937e-08
0.0
7.8546002695e-10
5.55981794032e-13
9.35246770457e-05
6.46413339627e-05
0.0178339867525
2.19081217276e-08
2.90723184717e-13
8.64776199475e-07
1.40136825763e-06
0.0
1.02087918909e-14
2.43413952801e-07
0.0
1.8953581192e-05
0.000576981924346
0.00183585157746
3.24615358353e-19
0.0
2.12942737779e-14
4.3311145214e-11
1.11036061811e-14
1.5148899335e-07
0.00108338338603
6.5620569981e-15
2.75968535032e-26
7.88634121587e-08
0.0
3.90478307487e-05
1.50246782437e-05
6.16247872007e-05
4.11472717809e-05
6.86175775039e-06
2.19081796428e-11
0.0
0.00445849668813
0.0178339867525
7.04874546273e-27
2.78716300545e-10
1.24055919671e-09
1.80852529855e-05
1.00171266011e-14
2.40962974769e-14
0.00655661277666
8.39034058657e-37
1.59499449225e-05
9.04689233046e-13
0.0
8.48964691902e-29
9.83773177567e-05
0.0178339867525
0.00115396384869
0.00115396384869
1.12368268829e-35
7.39735467927e-20
1.25127045115e-10
2.42203313863e-15
4.01004273088e-15
9.95564672465e-22
3.11693097564e-10
0.0
0.00655661277666
5.4703271928e-08
0.0178339867525
3.48058552778e-17
0.00115396384869
2.34296054941e-14
4.50821188784e-43
1.80852529855e-05
6.67436237661e-15
3.06871800625e-06
2.00504837658e-21
2.39154848477e-06
1.62460813826e-06
0.0
0.0
2.48097668849e-34
6.90806855552e-16
4.60592050651e-25
7.25114846406e-41
0.00115396384869
0.00183585157746
0.0178339867525
9.35246770457e-05
0.0
7.73440309767e-25
5.02387792824e-24
0.000399716354443
0.00319441494
2.38472766952e-07
0.0
0.000372550492296
1.03806290391e-09
0.00445849668813
3.64633703041e-06
4.3016821746e-10
8.09089217917e-05
3.69123493175e-14
1.37673824953e-31
1.43169352513e-11
2.0432335619e-23
0.00183585157746
3.20817898756e-06
4.62469943338e-07
0.0178339867525
2.34443496162e-18
3.57884142798e-08
0.00183585157746
8.10517053611e-16
1.64882018133e-08
1.70584348621e-05
0.0
0.000253062645522
0.002227934746
3.06871800625e-06
2.42715098081e-13
2.60505664508e-05
0.00445849668813
1.83939525484e-16
0.00115396384869
5.79938971827e-09
1.04192742281e-09
3.52614651797e-09
2.33307259832e-06
0.00445849668813
9.41585669913e-38
1.19391319519e-50
0.000184120503008
3.16093011911e-09
3.75117165457e-08
8.34807281009e-19
7.32386020782e-09
0.0
2.05564689299e-10
0.0
0.0
0.00183585157746
2.09438980477e-15
5.84282105942e-07
3.69878275675e-06
6.9688479678e-15
2.28191023728e-07
0.0
0.0
9.4752862393e-12
0.0178339867525
4.83784618834e-11
2.11197047567e-05
6.7743368485e-22
9.53891067806e-07
1.51991767065e-07
0.00038107177112
3.98296581746e-10
0.000576981924346
0.0146343597175
0.0
2.44456639675e-32
1.17257946831e-06
5.88442711302e-06
6.16740412596e-10
1.08125243683e-25
2.53360129441e-16
3.81429440121e-07
2.12532069718e-06
9.80423181245e-05
0.00183585157746
0.0
0.000246499148803
2.83859124608e-48
1.29032303748e-09
4.43900217819e-19
1.1106267406e-23
2.51315848225e-18
6.11633345183e-41
0.0178339867525
3.27441874283e-09
9.9627502259e-09
5.59590487282e-14
1.4040063394e-14
2.20656961763e-20
2.13220618794e-26
6.95946565353e-20
0.00445849668813
5.02347530988e-06
2.14001495122e-24
2.26380775983e-19
0.0
0.00676642438551
0.0
0.0
1.59218296824e-13
1.1653879438e-07
9.80423181245e-05
4.18719543333e-35
0.0178339867525
0.0
0.0
4.37927190862e-05
0.0
1.65979133278e-05
0.000556983686499
0.000350151136159
0.0178339867525
0.00204566318632
1.59035552127e-10
6.49360679273e-13
0.000372550492296
5.64528075018e-07
0.0
4.01845933012e-10
2.85372624776e-05
2.13870985071e-17
2.75171991065e-11
9.32869617097e-22
3.22390167181e-06
2.86967051146e-22
7.12239676409e-07
0.0178339867525
0.000819093656617
6.73174532575e-05
0.00445849668813
0.0
4.30111556568e-19
1.34615456806e-23
1.08922122853e-06
0.000576981924346
0.0178339867525
7.96394536567e-13
0.0
1.64836376723e-08
4.28832503693e-07
8.01559258384e-12
4.01471339167e-22
4.84996457392e-07
3.29851895277e-37
0.0
1.76336079706e-09
8.20720176822e-07
0.0
0.0
4.60103554754e-69
3.60967539015e-20
5.04339176545e-13
0.00115396384869
8.05243729981e-14
1.87117351504e-07
0.00655661277666
0.0
1.06406497839e-10
4.43630987958e-08
8.82629571818e-15
2.18810541035e-22
4.29666853383e-27
1.74060969391e-07
4.88240151078e-05
8.97086021206e-13
0.0
3.93427639278e-23
0.0
2.25786656202e-16
0.000246499148803
0.0
0.00445849668813
1.86094617747e-11
6.26369515142e-05
4.83677520434e-08
0.0178339867525
3.24143031716e-14
7.76515006897e-14
0.0178339867525
7.39205819089e-06
2.67599659359e-09
0.0
0.00644910186
0.0178339867525
5.17780745631e-13
7.28958592443e-05
9.92937301777e-16
0.000576981924346
0.00655661277666
8.35725217329e-08
0.0
0.000144160483565
0.0
1.88519596599e-08
4.38194002298e-06
2.41424580324e-09
2.07788080007e-28
1.58957540501e-28
7.89785574132e-07
2.53749123768e-05
4.93044858333e-12
0.0
1.31906989409e-08
0.000238102772588
6.09150101018e-26
1.18180153527e-09
0.00655661277666
3.09231133672e-17
5.18937410254e-09
0.00182821704157
0.0
1.60937689455e-09
1.24177422781e-15
9.25259383137e-07
4.84116261506e-08
0.0
0.00115396384869
0.00655661277666
0.00644910186
8.56160785993e-13
0.00115396384869
0.00655661277666
0.000399716354443
2.03559802462e-07
0.0178339867525
3.48506102112e-15
0.00183585157746
3.00256387767e-22
0.0
1.06935650141e-09
4.62035434652e-35
4.60860967088e-08
1.99925459147e-14
3.99684211941e-12
8.62906113745e-07
2.48190518797e-11
0.000144263317932
1.170222252e-06
0.0
0.0
0.0178339867525
7.34649458076e-26
4.60882401161e-10
0.000576981924346
0.0
0.0
5.7127238799e-14
0.0
6.57663996756e-10
0.0
0.0
0.000144160483565
0.00445849668813
0.0
5.18251645411e-06
6.73174532575e-05
4.07107342219e-13
0.00115396384869
9.51152922644e-08
6.80662978122e-11
0.0
5.64528075018e-07
4.29469585979e-09
8.54483952791e-10
2.42369763002e-34
2.5058542696e-16
0.000290097436385
1.97723329888e-11
1.83797392861e-18
2.16372315119e-06
5.2464608346e-09
9.35246770457e-05
0.00115396384869
0.0178339867525
0.0178339867525
1.08153198539e-08
0.00204566318632
0.000144160483565
1.31735076124e-06
2.82797385825e-09