500
0.000488222112393
0.000375126166189
3.61572014877e-06
0.00175756774608
0.00574211231461
0.000488222112393
0.0
0.0205059721656
0.00703813265307
0.000688210621409
0.00529843032878
0.00233000649969
0.00574211231461
5.63852132136e-05
0.00574211231461
7.04730013507e-07
0.00233000649969
0.000462698613267
0.0232529011156
0.000270686956252
0.007227312548
0.00175756774608
0.0
0.000688210621409
0.000107607775116
0.0205059721656
0.00529843032878
0.0232529011156
0.00529843032878
0.00020361321387
0.0205059721656
0.0664693553999
0.0232529011156
0.0232529011156
0.000138982786781
0.00233000649969
0.000326328033459
0.000697230856452
0.00159507313009
0.00150125856058
0.0232529011156
5.43444479152e-05
0.0
0.0232529011156
0.0205059721656
0.000122261799395
5.07892413643e-05
0.00034517499814
6.73226796983e-05
0.000688210621409
6.31171493871e-05
0.00529843032878
0.00594550705238
4.99908133468e-06
0.00703813265307
0.00289632058262
0.00327324136922
0.0222177500714
0.0664693553999
0.00529843032878
0.00097892371773
0.00594550705238
0.00594550705238
0.000417770582524
2.19918310101e-06
0.00716136356382
0.000326328033459
0.0232529011156
0.00529843032878
2.47736702357e-05
0.00111408998195
0.0664693553999
0.000691003929041
0.00703813265307
0.00138865790624
0.000393634314042
6.61066070215e-06
0.000791938681326
0.00138865790624
0.0
0.000172753299985
0.000791938681326
0.0
0.00169018795731
0.00233000649969
0.000758740698118
0.0134027951794
0.0664693553999
0.000758740698118
0.0205059721656
0.0
0.00703813265307
0.0205059721656
0.000488671058327
0.000531350901227
0.0232529011156
0.00209422231355
0.00529843032878
0.0010999954439
0.000393634314042
3.49904363263e-07
0.000272249311498
9.20980519211e-05
0.0232529011156
0.0232529011156
0.000758740698118
0.0664693553999
5.70249953453e-06
0.00529843032878
0.000499551317223
0.000688210621409
0.00803264308571
0.000417770582524
0.00233000649969
0.000555219375848
0.0664693553999
0.000152539050078
0.00703813265307
0.00283853637716
0.000758740698118
0.00233000649969
0.000691003929041
0.0232529011156
0.000462698613267
0.000147506141314
0.00529843032878
0.00529843032878
0.000688210621409
0.000450401614094
0.0664693553999
0.0664693553999
0.000101847287428
0.00703813265307
0.00703813265307
0.00233000649969
0.00289632058262
0.00594550705238
0.000462698613267
0.000279120396417
0.00289632058262
0.000393634314042
1.70644063255e-05
3.16789987852e-05
0.000963392432577
0.00529843032878
0.000305288917383
0.00283853637716
0.000196521210907
0.00097892371773
0.0664693553999
0.000115148439119
0.0232529011156
0.0134027951794
0.00108147935469
0.00529843032878
0.000697230856452
0.0
0.00603281163942
0.000557906990139
0.00703813265307
2.9352214992e-05
0.0232529011156
0.00381810307379
0.00289632058262
0.000963392432577
0.0232529011156
0.0664693553999
1.70620512158e-06
0.00703813265307
0.00381810307379
0.0
7.30621998163e-05
0.00233000649969
0.0664693553999
0.00283853637716
2.88783537301e-05
5.95326720952e-06
0.0664693553999
0.0664693553999
9.89116311865e-05
0.00703813265307
0.000963392432577
0.000963392432577
0.00703813265307
0.00097892371773
0.00703813265307
0.00703813265307
0.0232529011156
0.000295432760515
0.0664693553999
0.000354476710609
0.00289632058262
0.000162841651072
0.000517108379783
0.00529843032878
0.000417770582524
0.0
0.000163429036621
0.000305238298407
0.00175756774608
0.000557906990139
0.000791938681326
0.0205059721656
0.0664693553999
0.00126866603493
0.000535963279538
0.00529843032878
0.0664693553999
0.00703813265307
0.000462698613267
0.0205059721656
2.82871929014e-06
0.000462698613267
0.00233000649969
0.0232529011156
2.8686561532e-06
0.00169018795731
0.00283853637716
0.000417770582524
0.00574211231461
0.000590784321261
0.00381810307379
0.00233000649969
0.0664693553999
0.00179336781406
3.37359234589e-05
0.0664693553999
0.0134027951794
0.00594550705238
0.00138865790624
0.00574211231461
0.000162841651072
0.00233000649969
0.0
0.0232529011156
0.00440468770723
0.000529991854641
0.00452173338887
0.0232529011156
0.00703813265307
0.00529843032878
0.000392457284716
0.0232529011156
3.59070495475e-05
0.000174089583943
0.00529843032878
0.00381810307379
0.00034517499814
0.0232529011156
0.0205059721656
0.00097892371773
0.0134027951794
0.000462698613267
1.58597881497e-05
0.00529843032878
0.00097892371773
0.0664693553999
0.00233000649969
0.0232529011156
0.0232529011156
0.0205059721656
0.0205059721656
0.0232529011156
0.00716136356382
0.0232529011156
0.0664693553999
0.0232529011156
0.00529843032878
0.00574211231461
0.000963392432577
0.00703813265307
0.00034517499814
0.00703813265307
9.65823103002e-05
0.00703813265307
0.0205059721656
0.0664693553999
0.000115148439119
0.000462698613267
0.0
0.00703813265307
0.00716136356382
0.0664693553999
0.00138865790624
0.0
0.00529843032878
4.71299211736e-06
7.00384087059e-05
1.53168607674e-06
0.00703813265307
0.0232529011156
0.0664693553999
1.66947529671e-05
0.000758740698118
0.000535963279538
0.00594550705238
0.00233000649969
0.00703813265307
0.0664693553999
0.00529843032878
0.000138982786781
0.000326328033459
0.00803264308571
0.0205059721656
2.45290258385e-07
0.0232529011156
0.00703813265307
0.00703813265307
0.00703813265307
0.00283853637716
0.00703813265307
0.0
8.65418069846e-05
0.000558360891566
0.00703813265307
0.0205059721656
0.000758740698118
0.000791938681326
0.000393634314042
8.14574157605e-05
0.00703813265307
0.00574211231461
3.48643168458e-05
0.000691003929041
0.00529843032878
0.00233000649969
0.0232529011156
0.00703813265307
1.73346222457e-05
0.0664693553999
0.0232529011156
0.0664693553999
0.00155872246558
0.00129827701254
0.00529843032878
0.0664693553999
0.0
0.000139354409512
0.00703813265307
0.0664693553999
0.000162841651072
0.0664693553999
8.88601865673e-07
0.00283853637716
0.000519430694626
0.0232529011156
1.16507914672e-07
0.0664693553999
0.00381810307379
0.0
0.0
0.000134164335246
0.0232529011156
0.00034517499814
0.0232529011156
0.00703813265307
0.000206280052106
0.000557906990139
0.00155872246558
0.00529843032878
2.37147825365e-05
0.00159507313009
0.000688210621409
0.00175756774608
5.46809923591e-05
0.0
0.00126866603493
0.00452173338887
0.0232529011156
0.000383870222141
0.00703813265307
0.0664693553999
4.04014727814e-07
0.0232529011156
0.0205059721656
0.0232529011156
0.000791938681326
1.83592949137e-05
0.0232529011156
0.0664693553999
0.00703813265307
0.0664693553999
0.0232529011156
0.00703813265307
0.00138865790624
0.0232529011156
0.0205059721656
0.000305288917383
0.000691003929041
0.00440468770723
0.00703813265307
0.00265621243261
0.000462698613267
0.00381810307379
0.00138865790624
0.0
0.000147898825107
0.00289632058262
0.0232529011156
0.000107607775116
0.0232529011156
5.28251937256e-06
0.000139354409512
0.0664693553999
0.0134027951794
0.0
0.00529843032878
0.00703813265307
0.000153654840839
0.00174969594473
0.0
0.00703813265307
2.52143617281e-06
0.000462698613267
0.00034517499814
0.000189581622504
0.00174969594473
0.00381810307379
0.000152539050078
0.000215716641029
0.0232529011156
0.00209422231355
0.00233000649969
0.00212415019721
0.00452173338887
0.000557906990139
0.00703813265307
0.00529843032878
0.00574211231461
0.000519430694626
0.000199410560238
0.00440468770723
0.00703813265307
0.0205059721656
0.00703813265307
0.000107607775116
0.000245118399082
0.0232529011156
0.00529843032878
0.00265621243261
0.00150125856058
0.000688210621409
1.90960575936e-05
0.0232529011156
9.6996703737e-06
0.00381810307379
0.000791938681326
0.00175756774608
0.00174969594473
0.0664693553999
6.87540708327e-05
0.000963392432577
0.00175756774608
0.00529843032878
0.00703813265307
0.00529843032878
0.00381810307379
0.00529843032878
0.00703813265307
1.12264402583e-05
3.98796720577e-06
0.000295432760515
0.0134027951794
0.000323505076098
0.00529843032878
0.00289632058262
0.00138865790624
0.00138865790624
1.46203802738e-08
0.00529843032878
0.00169018795731
0.000237880562659
0.000791938681326
0.000113961023327
0.000215462352235
0.00381810307379
0.00020361321387
0.00529843032878
0.000791938681326
0.00529843032878
2.49242741961e-05
0.00574211231461
0.00703813265307
0.0134027951794
0.00703813265307
0.000758740698118
0.0232529011156
0.00703813265307
0.00452173338887
0.00233000649969
4.75928005332e-05
2.00393856848e-05
0.00703813265307
1.20778027419e-05
0.000557906990139
0.0664693553999
0.000356618731328
0.00289632058262
0.00574211231461
0.00034517499814