500
0.000216090258771
3.40829976543e-11
5.09154638781e-16
0.000325272345374
6.31967662592e-11
5.23257536851e-09
3.61687494076e-07
5.4916459783e-10
0.00176388944061
6.59903373717e-44
6.05663771285e-05
0.0
8.04445642959e-05
4.67375044907e-14
0.000288942407337
0.0
8.88755624821e-05
4.82924455375e-07
0.020430945624
4.03148463809e-05
1.81379193546e-10
0.0
0.0
0.000676461230816
0.00769899838663
8.50169799822e-19
2.72445559743e-10
8.76711708067e-14
2.32183386756e-31
0.00490746348918
1.15828162979e-07
0.000288942407337
2.31250107374e-07
1.48418326253e-15
2.05253185703e-20
1.65158756285e-16
5.29204987978e-19
5.04722992003e-06
1.17542367112e-14
2.80110940376e-11
0.00628525487755
1.68905320127e-09
1.73397797008e-05
0.00110486434714
9.42211336561e-06
0.0015559703234
0.00628525487755
2.31395029853e-10
0.00176388944061
6.89695796296e-15
0.00066168704769
4.4690614296e-08
2.66446786282e-06
0.0
2.9940931231e-11
0.00375018830759
4.4852018389e-11
1.54840327408e-18
0.00161735817025
9.65358872114e-06
2.69924732196e-08
0.00628525487755
5.99675229922e-05
9.84437954231e-06
2.98625138082e-12
4.2436578839e-13
0.000284115363735
1.21698956874e-17
1.43505373432e-16
1.39139777901e-06
0.00785637172426
0.00125917778019
7.37357754363e-13
6.12731824036e-05
3.46062965616e-18
1.05956635959e-05
0.00628525487755
0.0
3.17338748626e-05
1.53253149103e-05
5.34491396926e-08
6.07408957325e-11
0.0
0.00490746348918
3.91826474248e-08
5.11375041897e-05
8.9562334096e-17
1.06768272635e-09
6.22486621087e-05
0.000288942407337
0.00253736741411
1.46294843297e-10
0.000288942407337
2.15679227398e-05
8.02694124975e-05
5.10537417424e-10
3.53064554056e-18
0.00375018830759
1.6238446099e-06
0.0012774733972
4.01052340905e-10
1.2193788029e-11
4.36677166734e-05
0.00290446197966
0.00769899838663
2.70392625108e-06
3.65422559618e-10
7.55034937152e-23
0.000256907337923
0.00769899838663
4.61644096177e-06
7.09135870316e-20
0.00146764652153
7.88523497289e-07
1.55047502254e-06
0.0012774733972
0.000676461230816
0.000274452236116
6.57663973696e-08
0.00490746348918
4.55317917532e-10
0.0
0.000506027405766
0.00161389814611
1.77978097604e-09
0.00287546167263
1.14552011332e-06
6.13135251841e-05
0.0012774733972
1.0401862598e-13
3.30297633981e-13
5.25686411273e-05
5.2443659708e-05
2.72474281073e-09
1.05145608903e-12
0.0
0.00107954872519
2.6868000653e-05
0.0
0.00490746348918
8.4701510213e-05
9.07090520858e-09
8.38586572632e-05
7.9860181789e-25
0.023838168999
5.8973554904e-16
1.06066984174e-07
0.000514476978006
2.92979961136e-18
0.0001038474543
0.00769899838663
1.80051619277e-05
7.08706557409e-06
0.00490746348918
0.023838168999
0.00213758098954
1.13614029997e-13
0.000264295563805
0.000642427141102
7.79832788048e-11
2.52325853653e-11
6.80709339756e-08
2.36875824169e-05
0.000703340785405
0.0161334855468
2.06380609197e-05
0.023838168999
5.66352252595e-43
5.87042775727e-07
1.51241503307e-06
1.26742414172e-08
0.00213747494629
8.43669783259e-08
9.99178912627e-11
0.00365621301366
1.36441956788e-11
0.00769899838663
0.000164802676811
0.0
0.00066168704769
2.24016923185e-27
2.7941093269e-21
8.06586275824e-06
8.88755624821e-05
1.22286685954e-08
3.63297538832e-05
8.27042140345e-06
1.82437842703e-06
3.49254048686e-07
5.05319119711e-10
4.98732559632e-05
0.003174757386
6.31615730762e-24
0.00769899838663
4.43568790605e-05
0.0
0.000526755922822
9.58735066316e-14
6.05663771285e-05
2.61521352417e-09
0.00107954872519
1.85507649836e-13
1.38374900641e-09
0.00785637172426
2.04105732778e-14
1.68410935224e-14
0.00769899838663
5.84004105849e-05
4.83837969698e-07
0.0015559703234
1.9373908081e-05
1.07873924587e-13
4.76780841446e-07
6.59791364817e-27
1.90300086669e-10
0.000399155107138
0.0
2.83152417352e-11
2.63212433054e-06
1.00043221026e-21
6.94912081224e-12
0.000323945681551
5.99675229922e-05
1.46480502781e-05
0.000276846454091
4.22692987446e-07
9.21165712726e-11
0.00114354931467
7.01513051668e-05
0.0013700075609
5.6536938185e-06
0.00146764652153
1.22443630469e-05
0.000581326993972
1.91022134958e-42
0.00212361932325
0.00212361932325
2.06545487491e-05
5.78694137919e-07
0.00365621301366
1.99716574567e-09
6.91745303943e-12
5.02013441627e-07
0.00011030021089
2.29333827344e-26
1.71971664339e-16
3.70566260818e-05
0.000135451528997
7.41277263286e-18
5.87670465756e-10
0.00146764652153
1.0613412877e-19
1.61184069271e-07
0.00365770116594
0.00103620061813
0.0
7.76305435019e-10
0.023838168999
7.49279861242e-11
9.29632619041e-11
0.000506027405766
0.0
2.8721318675e-23
2.05105158589e-11
8.66271518822e-08
1.26532014491e-13
0.0161334855468
0.00769899838663
7.2404225695e-07
0.00490746348918
0.0
5.2997395552e-10
1.53288116906e-05
0.00628525487755
5.43322484269e-14
3.09158051982e-05
0.00628525487755
0.00769899838663
0.0161334855468
6.37850762149e-14
0.00213758098954
0.00628525487755
8.45113081455e-08
7.39402234264e-20
0.00769899838663
4.94352638805e-07
1.64290686412e-06
0.000703340785405
1.3595028742e-11
2.12838240606e-08
1.42310806435e-07
1.91193696001e-06
2.43309704633e-05
4.03811243601e-18
0.000882518064947
0.0012774733972
7.82210467321e-06
0.00490746348918
4.80351832127e-21
0.000888706878706
0.00287546167263
3.0311122275e-07
1.27378017403e-08
0.00213747494629
0.00769899838663
2.15544706787e-08
1.78858463945e-07
0.000304492966545
0.00769899838663
0.00490746348918
1.29191674754e-15
4.46329260508e-22
0.0
0.0
1.44527044479e-18
4.34458365594e-12
4.71451621886e-24
8.81361532539e-06
0.00490746348918
0.000642427141102
0.00628525487755
0.00463015594641
9.05522957043e-06
0.000460347023911
1.90053066852e-05
0.0
0.00490746348918
1.36663763825e-08
3.00455263376e-11
3.22718503681e-20
2.3230644714e-14
2.44117827648e-07
0.0
0.00490746348918
1.65714391658e-05
0.023838168999
1.81661272376e-07
1.41609161296e-16
1.37468462832e-21
0.000384511001238
4.18086362256e-08
0.0
7.87044294394e-06
7.09577973564e-10
0.00490746348918
2.56576993854e-08
2.61639217066e-13
0.00628525487755
4.22311238721e-11
1.37767311715e-08
9.31412033206e-09
4.77634358028e-08
9.25450748961e-07
4.14858873109e-12
0.00769899838663
1.05670390592e-17
0.0
6.02886082043e-06
3.21760909011e-06
0.000306927389654
3.76269440845e-08
0.00025724066212
4.03805220962e-09
0.000242864148541
0.023838168999
1.27224672207e-07
0.00628525487755
3.60639220086e-05
9.99164271367e-07
0.0
1.28615534268e-09
8.68298220252e-05
1.10464644811e-07
0.00769899838663
0.00769899838663
8.38905936183e-09
7.5401029752e-35
2.75536159208e-18
0.0
0.00146764652153
1.30871147846e-07
0.00769899838663
0.00066168704769
0.0012774733972
7.50722015036e-13
1.47082448727e-11
3.09138354613e-06
0.00769899838663
1.11559683549e-05
3.10882740299e-20
0.0015559703234
1.51600333712e-11
8.15460299256e-11
0.0161334855468
1.48480930677e-10
1.65714391658e-05
3.464945197e-19
1.41785522791e-12
0.00769899838663
7.25260812078e-26
2.22888631303e-10
0.00769899838663
5.86898373239e-11
1.05550891535e-13
0.023838168999
4.81196946732e-16
2.11915520529e-09
2.70008121166e-08
2.09782886987e-16
1.82235723487e-06
3.41742252578e-15
0.00490746348918
3.18167938425e-06
4.43568790605e-05
0.00628525487755
0.000387227386735
0.00628525487755
4.70837681381e-13
2.96593657123e-09
4.41980295369e-10
1.29805389857e-05
9.19618956323e-05
0.0012359537086
1.00692025046e-09
0.023838168999
0.0012774733972
2.50176206278e-11
0.00628525487755
0.00226706533412
0.000878103047444
0.00103620061813
4.69156711578e-09
4.9264312243e-07
0.000176576168384
1.26851742618e-09
7.34986595502e-10
3.6937729884e-05
2.19336309339e-12
9.38350963574e-07
0.00490746348918
0.00290446197966
4.35865559089e-13
1.11291680473e-06
6.9004076854e-06
0.00769899838663
1.20697794541e-07
0.00176388944061
0.00769899838663
5.2443659708e-05
0.000151163022704
1.64615820276e-06
0.000242864148541
1.97344799305e-07
1.75409159182e-05
2.57609089113e-05
1.49632924679e-09
0.00628525487755
4.15607408076e-08
0.0
4.51178537598e-07
4.25322206266e-06
0.00628525487755
1.46074517689e-07
9.8082895432e-20
5.44326627547e-15
1.67691459102e-08
0.00290446197966
0.023838168999
0.00769899838663
2.83146554866e-07
2.8854704621e-08
1.52774108622e-05
2.38019503124e-07
2.9239802759e-06
4.55048905575e-11
1.90168514037e-14
0.000888706878706
3.84961354376e-10
0.00213758098954
0.0
1.05956635959e-05
0.00146764652153
2.7620429627e-11
3.91111362357e-09
0.000888706878706
0.00490746348918
2.76124884445e-05
0.023838168999
0.000888706878706
0.000660241461522
5.19446597129e-06
2.76404852776e-08
0.00490746348918
0.00628525487755
0.0013700075609
7.59238375081e-10
5.34598645413e-06
2.67283399549e-12
1.51599502122e-09
0.00039120589858