500
0.0
0.00033169142776
0.0
0.0
0.0
0.0
0.0
4.20111210543e-05
0.0
0.0
0.0
0.0
0.00873612426033
1.29394995229e-05
0.0
0.0
0.0
0.0
0.0
0.000319303217828
0.0
0.0
0.00873612426033
0.0
0.0
0.0148957175841
0.0
0.0
0.00107145197833
0.0
0.0
0.0
0.0
0.0
0.0
0.0
0.0
0.0
0.0
0.0148957175841
0.0
0.0
0.0
0.0
0.0
0.0
0.0
0.0
0.0
0.0
0.0
8.79244626897e-05
0.0
0.0
0.000190568714837
3.34199012281e-05
0.0
0.0
0.0
0.0
0.0
0.0
0.0
0.0
0.0
0.0
0.0
0.0
0.0
0.0
0.0
0.0
0.00107145197833
0.0
0.0
0.00132530648892
0.0
0.00021038190635
0.0
0.0
0.0
0.0
0.0
0.0
0.0
0.0
0.0
0.0
0.0
0.0
0.0
0.0
0.0
0.0
0.0
0.000731737327966
0.0
0.0
6.8664762111e-05
0.0
0.0
0.0
0.00304823433509
0.0
0.0
0.0
0.0
0.0
0.000450012799983
0.0
0.0
0.0
0.0
0.000123040566786
0.0
0.0
0.0
0.0
0.0
0.0
0.0
0.0
0.0
0.0
0.0
0.0
0.0148957175841
0.0
0.0
0.0
0.0
0.0
0.000998214855988
0.0
0.0
0.0
0.00132530648892
0.0
0.0
0.0
0.0
0.0
0.0
0.0
0.0
0.0
0.0
0.0
0.0
0.0
0.00021038190635
0.0
0.00692253360961
0.00107145197833
0.0
0.0
0.0
0.0
0.0
0.0
0.0
0.0
0.0
0.0
2.10203026044e-05
0.0148957175841
0.0
0.0
0.0
0.0
0.0
0.0
0.0
0.0
0.0
0.0
0.0
0.0
0.00304823433509
0.0
0.0
0.00132530648892
0.0
0.0
0.0
0.0
0.00107145197833
0.0
0.0
0.0
0.0
0.0
0.0
0.00692253360961
0.000585050700531
0.0
0.0
4.67543964209e-05
0.0
0.0
0.0
0.0
0.0148957175841
0.0
0.00873612426033
0.00304823433509
0.0
0.0
0.0
0.0
0.0
0.0
0.00109486041731
0.0
0.0
0.00845663265306
0.0
0.0
0.0
0.0
0.0148957175841
0.0
0.000199496949626
0.0
0.0
0.0
0.0
0.0
0.0148957175841
0.0
0.0
0.0
0.0
0.0
0.0148957175841
0.0
0.0
0.0
0.0
0.0
0.0
0.000256935378413
0.00132530648892
0.00845663265306
0.0
0.0
0.0
0.0
0.0
0.00845663265306
0.0
0.0
0.0
0.0
0.0
0.0
0.0
0.0
0.0
0.0
0.0
0.0
0.0
0.0
0.0
0.0
0.0
0.0
0.0
0.0
0.00845663265306
0.0
0.0
0.0
0.0
0.0
0.00021038190635
0.0
0.0
0.0
0.0
0.0
0.0
0.0
0.0
0.0
0.0148957175841
0.0
0.0
0.0
0.0
1.61058710616e-05
0.0
0.0
0.0
0.0
0.0
0.00845663265306
0.0
0.0
0.0
0.0
0.0
0.0
0.00107145197833
0.0
0.0
0.0
0.0
0.0
0.0
0.0
0.0
0.0
0.0
0.0
0.0
0.0
0.0
0.0
0.0
0.0
0.0
0.0
0.0
0.0
0.0
0.0
0.0
0.000676596533167
0.0
0.0
0.0
0.00033169142776
0.0
0.0148957175841
0.0
0.0
0.0
0.0
0.0
0.0
0.0
0.0
0.0
0.0
0.0
0.0
8.83146013951e-05
0.0
0.0
0.0
0.0
0.0
0.0
0.0
0.0
0.0
0.0
0.0
0.0
0.0
0.00304823433509
0.0
0.0
0.0
0.0
0.0
0.0
0.0
0.0
0.0
0.0
0.0
0.000273087527979
0.0
4.008953792e-05
0.0
0.0
0.0
0.0
0.0
0.0
0.0
0.0
0.0
0.0
0.0
0.0
0.0
0.0
0.0
0.0
0.0
0.0
0.0
0.0
0.00506371948346
0.0
0.0
0.0
0.0
0.0
0.0
0.0
0.0
0.0148957175841
4.79782785272e-05
0.0
0.0
0.0
0.0
0.000414557502545
0.0
0.0
0.000190568714837
2.0035967438e-05
0.0
0.00304823433509
0.0
0.0
0.0
0.0
0.0
0.0
0.0
0.0
0.0
0.0
0.0
0.0
0.0
0.0
0.0
0.0
0.00033169142776
0.0
0.0
0.0
0.0
0.00692253360961
0.00107145197833
0.0
0.0
0.0148957175841
0.0
0.0
0.0
0.0
0.0
0.0
0.0
0.0
0.0
0.0
0.0
0.0
0.0
0.0
0.0
0.0
0.0
0.0
0.0
0.0
0.0
0.0
0.0148957175841
0.0
0.0
0.0
0.0
0.0
0.0
0.0
0.00234688422638
0.0
0.0
0.0
0.0
0.00692253360961
0.0
0.0
0.0
0.0
0.00873612426033
0.0
0.0
0.000273087527979
0.0
0.0
0.0
0.0
0.0
0.0
0.0148957175841
0.00873612426033
0.0
0.0
0.0