500
0.00101594888405
0.000902173318732
5.11954539208e-06
0.0042329133131
0.00320670516006
0.00101594888405
2.10892949186e-08
0.0147709628616
0.023731801361
0.00193159387061
0.0151339080588
0.00656644542319
0.00320670516006
9.72900507783e-05
0.00320670516006
1.30474626818e-06
0.00656644542319
0.000868237548607
0.0180297169755
0.000194399762257
0.00696372103844
0.0042329133131
5.10227480999e-09
0.00193159387061
0.000234362671603
0.0147709628616
0.0151339080588
0.0180297169755
0.0151339080588
0.000571588589778
0.0147709628616
0.0556232474428
0.0180297169755
0.0180297169755
0.000498472286785
0.00656644542319
0.000430453246682
0.00147132970558
0.00347174552508
0.000934445900904
0.0180297169755
0.000129750828367
1.37033328359e-06
0.0180297169755
0.0147709628616
0.000235465945957
9.66129775392e-05
0.000702997504341
0.000161522199919
0.00193159387061
0.000105036005868
0.0151339080588
0.00429917624308
2.81824183015e-06
0.023731801361
0.00715464619572
0.00385459963169
0.0252148037853
0.0556232474428
0.0151339080588
0.00151325494123
0.00429917624308
0.00429917624308
0.000688986194784
2.90133441318e-07
0.00544883348117
0.000430453246682
0.0180297169755
0.0151339080588
6.24436971281e-05
0.000331896080377
0.0556232474428
0.00147308750272
0.023731801361
0.00305808355341
0.00150484887001
9.2247246353e-06
0.00321338125529
0.00305808355341
1.03107573047e-05
0.000338641422555
0.00321338125529
0.0
0.000947366185254
0.00656644542319
0.00142692969933
0.0119821562082
0.0556232474428
0.00142692969933
0.0147709628616
3.1150650816e-06
0.023731801361
0.0147709628616
0.000839782040056
0.00098518096325
0.0180297169755
0.00519594593324
0.0151339080588
0.000801926110386
0.00150484887001
4.70195261346e-07
0.000689938676149
0.000159159057842
0.0180297169755
0.0180297169755
0.00142692969933
0.0556232474428
1.10258427036e-06
0.0151339080588
0.000280693264349
0.00193159387061
0.00511604198624
0.000688986194784
0.00656644542319
0.000235294107639
0.0556232474428
0.00049922214678
0.023731801361
0.00262663849899
0.00142692969933
0.00656644542319
0.00147308750272
0.0180297169755
0.000868237548607
0.000975023640532
0.0151339080588
0.0151339080588
0.00193159387061
0.000533021024946
0.0556232474428
0.0556232474428
0.00019910313624
0.023731801361
0.023731801361
0.00656644542319
0.00715464619572
0.00429917624308
0.000868237548607
0.000175114466029
0.00715464619572
0.00150484887001
2.86131639575e-05
0.00013703098024
0.0020210772472
0.0151339080588
0.000699246504078
0.00262663849899
0.00071863572895
0.00151325494123
0.0556232474428
0.00020017027325
0.0180297169755
0.0119821562082
0.00383634034827
0.0151339080588
0.00147132970558
0.0
0.00341902077096
0.00219130649132
0.023731801361
8.04012062212e-05
0.0180297169755
0.0108578611948
0.00715464619572
0.0020210772472
0.0180297169755
0.0556232474428
2.89097522969e-07
0.023731801361
0.0108578611948
0.0
3.4238363064e-05
0.00656644542319
0.0556232474428
0.00262663849899
4.66839228077e-05
1.26231829278e-05
0.0556232474428
0.0556232474428
5.9134303745e-05
0.023731801361
0.0020210772472
0.0020210772472
0.023731801361
0.00151325494123
0.023731801361
0.023731801361
0.0180297169755
0.000337052593184
0.0556232474428
0.000614392560061
0.00715464619572
0.000289168436654
0.000375640000615
0.0151339080588
0.000688986194784
0.0
0.000164734590208
0.00103985978532
0.0042329133131
0.00219130649132
0.00321338125529
0.0147709628616
0.0556232474428
0.00305313278123
0.000700415875014
0.0151339080588
0.0556232474428
0.023731801361
0.000868237548607
0.0147709628616
1.025976596e-05
0.000868237548607
0.00656644542319
0.0180297169755
3.23410324015e-06
0.000947366185254
0.00262663849899
0.000688986194784
0.00320670516006
0.000287474581573
0.0108578611948
0.00656644542319
0.0556232474428
0.000978704587706
6.32420864333e-05
0.0556232474428
0.0119821562082
0.00429917624308
0.00305808355341
0.00320670516006
0.000289168436654
0.00656644542319
0.0
0.0180297169755
0.00336456862205
0.000289966849276
0.00329222930621
0.0180297169755
0.023731801361
0.0151339080588
0.000163726077834
0.0180297169755
6.67703804749e-05
0.000164453634932
0.0151339080588
0.0108578611948
0.000702997504341
0.0180297169755
0.0147709628616
0.00151325494123
0.0119821562082
0.000868237548607
2.29630437303e-05
0.0151339080588
0.00151325494123
0.0556232474428
0.00656644542319
0.0180297169755
0.0180297169755
0.0147709628616
0.0147709628616
0.0180297169755
0.00544883348117
0.0180297169755
0.0556232474428
0.0180297169755
0.0151339080588
0.00320670516006
0.0020210772472
0.023731801361
0.000702997504341
0.023731801361
0.000127622363005
0.023731801361
0.0147709628616
0.0556232474428
0.00020017027325
0.000868237548607
1.53805614963e-07
0.023731801361
0.00544883348117
0.0556232474428
0.00305808355341
4.45597810936e-08
0.0151339080588
0.0
0.000187133720701
4.47271896562e-06
0.023731801361
0.0180297169755
0.0556232474428
2.88629454496e-05
0.00142692969933
0.000700415875014
0.00429917624308
0.00656644542319
0.023731801361
0.0556232474428
0.0151339080588
0.000498472286785
0.000430453246682
0.00511604198624
0.0147709628616
5.50001874984e-07
0.0180297169755
0.023731801361
0.023731801361
0.023731801361
0.00262663849899
0.023731801361
3.49994286786e-06
0.000163845449339
0.000500358974891
0.023731801361
0.0147709628616
0.00142692969933
0.00321338125529
0.00150484887001
0.000138858703573
0.023731801361
0.00320670516006
0.000116656573803
0.00147308750272
0.0151339080588
0.00656644542319
0.0180297169755
0.023731801361
9.01375594609e-05
0.0556232474428
0.0180297169755
0.0556232474428
0.00090025152974
0.000993803211916
0.0151339080588
0.0556232474428
2.81027793216e-08
0.000196184089752
0.023731801361
0.0556232474428
0.000289168436654
0.0556232474428
2.08742955238e-06
0.00262663849899
0.00124889772051
0.0180297169755
3.60707437076e-09
0.0556232474428
0.0108578611948
0.0
0.0
0.000235818208599
0.0180297169755
0.000702997504341
0.0180297169755
0.023731801361
0.000435645597969
0.00219130649132
0.00090025152974
0.0151339080588
1.98009150148e-05
0.00347174552508
0.00193159387061
0.0042329133131
7.37812204555e-05
6.45913499494e-05
0.00305313278123
0.00329222930621
0.0180297169755
0.000294434532583
0.023731801361
0.0556232474428
6.11847633845e-07
0.0180297169755
0.0147709628616
0.0180297169755
0.00321338125529
8.07548566422e-06
0.0180297169755
0.0556232474428
0.023731801361
0.0556232474428
0.0180297169755
0.023731801361
0.00305808355341
0.0180297169755
0.0147709628616
0.000699246504078
0.00147308750272
0.00336456862205
0.023731801361
0.00144884619908
0.000868237548607
0.0108578611948
0.00305808355341
2.25286161039e-06
0.000238893804722
0.00715464619572
0.0180297169755
0.000234362671603
0.0180297169755
1.49060682742e-05
0.000196184089752
0.0556232474428
0.0119821562082
0.0
0.0151339080588
0.023731801361
7.59979557911e-05
0.00126834040937
1.57655962912e-06
0.023731801361
3.30813399575e-06
0.000868237548607
0.000702997504341
0.000339149262727
0.00126834040937
0.0108578611948
0.00049922214678
0.000719722057097
0.0180297169755
0.00519594593324
0.00656644542319
0.00204740986462
0.00329222930621
0.00219130649132
0.023731801361
0.0151339080588
0.00320670516006
0.00124889772051
0.000578184029311
0.00336456862205
0.023731801361
0.0147709628616
0.023731801361
0.000234362671603
7.67856271929e-05
0.0180297169755
0.0151339080588
0.00144884619908
0.000934445900904
0.00193159387061
3.79332733322e-05
0.0180297169755
1.38385811416e-05
0.0108578611948
0.00321338125529
0.0042329133131
0.00126834040937
0.0556232474428
1.95176510565e-05
0.0020210772472
0.0042329133131
0.0151339080588
0.023731801361
0.0151339080588
0.0108578611948
0.0151339080588
0.023731801361
5.68811966263e-05
9.64957074227e-06
0.000337052593184
0.0119821562082
0.000141442306331
0.0151339080588
0.00715464619572
0.00305808355341
0.00305808355341
1.63386886097e-10
0.0151339080588
0.000947366185254
0.00072920820705
0.00321338125529
0.000213248011078
0.000348340957273
0.0108578611948
0.000571588589778
0.0151339080588
0.00321338125529
0.0151339080588
2.98352944107e-05
0.00320670516006
0.023731801361
0.0119821562082
0.023731801361
0.00142692969933
0.0180297169755
0.023731801361
0.00329222930621
0.00656644542319
7.95587483417e-05
1.56597762135e-05
0.023731801361
1.98987197746e-05
0.00219130649132
0.0556232474428
7.87146193481e-05
0.00715464619572
0.00320670516006
0.000702997504341