500
0.0120497319546
0.000301135479559
6.32581292532e-06
0.00345608692475
0.0624164354605
2.37203667312e-06
0.0
0.000524387390015
0.0120497319546
2.20657534124e-05
5.99199906694e-11
0.0
0.000130674921168
7.94947294637e-09
0.00115100917267
0.0120497319546
7.30488211456e-08
0.00115100917267
1.04522635992e-14
1.53856542665e-05
0.0
3.43256964685e-09
4.77065020341e-11
0.0
0.0
0.0
5.17451487839e-06
0.000226900364978
0.000165731286517
0.0624164354605
0.0120497319546
0.00160135776975
0.0624164354605
9.85088210049e-07
0.00398392249967
1.19216369217e-05
2.10835329808e-05
0.0624164354605
0.000180826733581
0.0120497319546
0.0
0.00540954373342
0.000326289839973
0.000178041451359
0.0
0.0
2.35166904313e-09
0.000445119669144
0.000181626446445
0.0144866853745
1.00849714706e-05
0.0624164354605
0.0
0.000825539275563
5.75623898947e-06
0.0
3.83551292178e-07
0.000154414770474
6.51197402576e-10
0.0
0.000161844132796
6.84350918976e-09
0.0
0.00192321834969
0.000339560077039
0.0
1.05475433019e-05
5.38220300949e-08
0.0
0.00160135776975
4.0346773498e-06
0.000339560077039
3.4848078072e-09
0.0197529050229
2.14149238412e-07
8.48831866008e-05
0.000144499742142
0.000207862857796
0.0
5.7754335803e-07
0.0
9.825515596e-07
0.0624164354605
0.000697526299069
2.88205074946e-07
0.00189181093683
8.89439659208e-08
2.9039298282e-05
0.0
0.0
0.00398392249967
6.37302290267e-06
0.0
2.0744991595e-06
1.14845104359e-05
0.0624164354605
8.69635247739e-07
4.1105178231e-10
0.0624164354605
0.00069240622238
2.18029862582e-08
0.00189181093683
0.0
0.0
0.000102268576747
1.49894200738e-08
0.000362269562323
1.91726765381e-07
6.22547183239e-12
0.0
0.0
0.000326289839973
0.0
0.0197529050229
0.00205219624222
0.000207933566825
2.11678224543e-06
0.0
5.35385726377e-10
0.0
1.05475433019e-05
0.000825539275563
0.0624164354605
1.1766081836e-07
0.000108821715608
0.0
0.00066891008214
6.47796113743e-06
0.000152691772512
8.48831866008e-05
0.000787449906543
3.6159043669e-09
7.30019152583e-06
0.00398392249967
0.000799648765492
0.00498098175963
0.0
2.36874370309e-09
2.16957277634e-06
0.0136317836225
0.0
1.9799879647e-13
0.0
0.000184661111879
0.0136317836225
0.00162096443778
0.0624164354605
0.0120497319546
0.0
0.0
2.7062775714e-05
0.0120497319546
0.000154554627889
0.0
4.16649416846e-06
0.0
0.0144866853745
1.22937314531e-08
6.07428599427e-05
0.0197529050229
0.0624164354605
3.84471209078e-06
0.0
1.57859953069e-07
0.0624164354605
1.62329780808e-06
0.000262841472621
2.46086038536e-07
0.0
2.55087248895e-07
0.00398392249967
0.000259102865329
0.0120497319546
0.0
0.00036766689548
0.00010457978938
1.31001886899e-05
0.0
3.12367917394e-06
0.0624164354605
0.0120497319546
0.00115100917267
0.0
0.0
9.2187873674e-10
3.75713389192e-06
0.000633144546009
2.0607437124e-06
0.000825539275563
0.0624164354605
0.0120497319546
0.000165731286517
0.0
2.47807849479e-14
0.0
0.0
0.0
1.40522586131e-10
8.00546749071e-14
0.00066891008214
0.000120593135153
0.0624164354605
1.28658169736e-07
0.000100256645618
0.0624164354605
8.67058937303e-05
1.68520821623e-19
0.00303010424613
1.38792091439e-07
0.0
6.63267092085e-06
2.31194615559e-05
2.6575219275e-06
0.000524387390015
0.0
0.0
1.457010887e-10
0.0624164354605
0.00345608692475
5.80324444785e-07
0.0
0.0120497319546
0.0
1.60822223295e-06
1.57105516275e-06
1.36225201697e-08
7.25325808126e-05
3.45929114854e-05
0.00046404794631
0.00189181093683
0.0
3.22381236901e-10
0.0
0.0
2.98927851333e-05
0.000326289839973
0.0144866853745
0.00036766689548
1.80958829078e-06
0.000376893847046
1.74847826102e-05
0.000799648765492
0.0120497319546
0.000817195192171
0.00205219624222
0.0
0.0
6.16575672118e-11
3.72038389584e-05
7.2551804786e-07
0.000738434668156
0.0
0.0
0.0
7.3640221891e-05
9.53128570303e-13
4.90280150581e-05
0.0
0.000531790902395
0.0
0.0624164354605
0.0
2.72786219525e-07
0.0
2.36412307941e-07
0.0120497319546
2.0218910964e-11
0.00165672306391
0.000715836542873
0.000180826733581
0.0
6.3387346742e-06
0.0120497319546
3.06204438661e-19
0.0
0.0
0.0
0.000349373541137
0.0624164354605
0.000817195192171
5.00907503393e-05
6.62927969115e-05
1.57458958314e-05
3.73947578348e-10
0.00398392249967
3.91219694657e-06
7.02264858928e-06
0.000787449906543
3.02566567254e-05
0.00189181093683
4.04602898055e-09
0.000560734998883
0.000718561387022
9.05689131569e-08
0.0624164354605
7.69612008558e-05
0.0120497319546
6.65438603146e-14
0.000128243454664
0.0120497319546
2.26680806582e-07
0.0
8.24148462881e-08
0.0
0.000157844477826
0.0
0.0
0.00162096443778
3.99471510446e-11
0.0
0.0
2.68555404886e-11
6.87287786443e-06
8.92521550005e-09
0.0
0.000108821715608
2.7062775714e-05
0.000410640341454
0.0
0.0
0.0624164354605
0.000120397978607
6.66780594401e-07
2.05644407654e-05
0.00115100917267
1.07217445005e-07
0.0197529050229
0.0
0.0
0.0
0.0
0.0197529050229
0.000299222643539
0.0120497319546
7.47273656795e-05
1.76846399819e-09
2.47436648428e-11
1.05371927549e-05
0.0
0.0013830247038
0.0120497319546
0.0
0.000787449906543
7.39561908205e-07
0.00160135776975
0.000422616059044
0.00498098175963
0.00261120164798
0.00574904599744
0.0
0.000799648765492
3.57160538315e-09
3.13692216498e-06
0.0
0.0
0.000787449906543
0.0
0.0120497319546
2.00974512868e-06
7.59771119552e-08
1.44684353417e-05
0.00498098175963
1.34062203224e-05
0.0120497319546
0.0120497319546
7.11045380456e-07
0.0
4.14548005577e-06
0.0120497319546
0.0624164354605
2.14720950039e-12
0.0144866853745
1.30996750685e-16
0.0624164354605
4.57830395112e-06
0.0624164354605
0.0624164354605
0.0120497319546
0.0013830247038
0.0624164354605
0.00115100917267
4.80295828009e-07
0.000475523177635
0.000376893847046
0.000721537453341
6.03886520328e-05
8.43299133128e-09
2.2771176489e-10
0.00130311379951
1.80646124807e-05
0.00132620768289
0.0624164354605
0.0
1.3061653864e-05
0.00648801221482
2.7062775714e-05
8.71133825967e-08
0.000120291508897
3.19087099183e-05
0.000475523177635
0.0624164354605
0.000825539275563
0.0
0.000787449906543
0.0
5.41611015715e-05
1.03430071111e-07
8.50247357353e-07
0.0136317836225
0.0
3.29705324093e-05
0.0
1.28590791012e-07
0.0
1.35804989498e-05
0.0
0.0
1.03738647683e-06
0.00189181093683
0.0624164354605
0.00119475386914
0.0120497319546
0.000362269562323
0.000207862857796
0.0
7.17863093772e-06
4.8897368143e-07
0.0
1.32890300268e-05
3.44224004726e-09
0.0
0.00398392249967
0.0197529050229
4.75925280534e-06
0.0
0.0624164354605
0.0624164354605
0.0
0.00398392249967
5.39801747581e-06
0.000524387390015
0.00345608692475
0.000817195192171
0.0
0.00106853829897
0.000266091226369
0.0136317836225
0.0624164354605
0.000207862857796
0.000101693524099
0.0624164354605
0.0
0.000339560077039
0.000376893847046
0.00205219624222
0.000154414770474
0.0624164354605
0.0
0.0
0.000138469936867
0.0197529050229
6.70370933793e-09
6.87945815777e-06
3.42595794338e-05
0.0
0.0
0.000138839079035
7.48729323742e-07
1.21380369022e-06
0.000817195192171
0.0
1.2432869562e-09
0.000738434668156
0.0624164354605
0.0
1.38547013074e-05
4.80437987331e-05
9.22078254994e-11
2.25211318791e-05
0.0
0.0120497319546
2.13147515433e-09
0.000787449906543
5.77270932608e-14
0.0
0.0
0.0
0.0120497319546
1.74304191137e-05
0.0624164354605
0.0
0.0
0.0
0.000326289839973
0.0
0.0012735114324
0.0197529050229
0.0
4.01386021527e-05
6.44628212749e-05