500
0.00528124546378
0.0
0.0
0.0
3.43464899605e-06
0.0
0.00396093409784
0.00391378012048
0.0
0.0
0.0
0.0
0.0
0.0
0.0
0.0
0.0
0.0
0.0
0.0
0.017884624453
0.0
0.0
0.0
0.0
0.0
0.0
0.0
0.0
0.0
0.0
0.0
0.0158574324971
0.0
0.0
0.0
0.0
0.017884624453
0.0
0.0
0.0
0.00528124546378
0.0
0.0
1.07663690592e-06
0.00102506960146
0.0
0.0
0.0
0.0
0.0
0.0
0.0
0.0
0.0
0.0
0.0
0.0
0.0
0.0
0.0
0.0
0.0
0.0
0.0
0.0
0.0
0.0
0.0
0.00528124546378
0.0
0.0
0.0
0.0
0.0158574324971
0.0
0.0
0.0
0.0
0.0
0.0
0.0
1.966322978e-05
0.0
0.00528124546378
0.0
0.017884624453
0.0
0.0
0.0
0.0
0.0
0.0
0.0
7.97140732949e-05
0.0
0.0
0.0
0.0
0.000163759163786
0.0
0.0
0.0
0.0
0.0
0.0
0.00119438937134
0.0
0.0
0.0
0.0
0.0
0.0
0.0
0.0
0.0
0.0
0.00135971848845
0.0
0.0158574324971
0.0
0.017884624453
0.0
0.0
0.0
0.0106052685353
0.0
0.0
0.0
0.0
0.0
0.0
0.0
2.35009780364e-05
0.0
2.65807901747e-06
0.0158574324971
0.0
0.0
0.0
0.0
1.40511515207e-05
0.0
0.0
0.0
5.75423925091e-05
0.017884624453
0.0
0.0
0.0106052685353
0.0
0.0
0.0
0.00396093409784
0.0
0.0
0.0
1.37829496747e-05
0.0
0.0
0.0
0.0
0.0
0.0
0.0
0.0
0.0
0.0
0.00217161716706
0.0
0.0
0.0
0.0
0.0
0.0
2.70481351539e-05
3.90340051217e-05
0.0
0.0
0.0
6.23139993645e-06
0.0
0.00528124546378
0.0158574324971
0.0
0.0
0.0
0.0
0.017884624453
0.0
1.677611804e-05
1.40720703356e-05
0.0
0.0
0.0
0.0
0.0
0.0
0.0
0.0
0.0
0.0
0.0
0.0
3.53126162238e-06
0.0
0.0
0.0
0.0158574324971
0.0
0.0
0.0
0.0
0.0
0.000103270085785
1.92389423659e-05
0.0
0.0
0.0
0.0
4.76518066911e-05
0.0
0.0
0.0
0.0
0.00135971848845
0.0
0.000806289208938
0.0106052685353
0.0106052685353
0.0
0.0
0.0
0.0
0.0
0.000158418672553
0.0
0.000775723114664
0.0
0.0
0.0
0.0
0.0
0.0
0.00528124546378
0.0
0.0
0.0
0.0
0.0
0.0
0.0
0.0
0.0
0.0
0.000337754996126
0.0
0.0
0.0
0.0
0.0
0.0
0.0
0.0
0.0
0.0
0.0
8.59790364165e-07
0.0158574324971
0.0
0.0
0.0
0.0
0.0
0.0
0.0
0.0
0.0
0.0
0.0
0.0158574324971
0.0
0.0106052685353
0.0
0.000378269885606
0.0
0.000118450175147
0.0
0.0
0.0
0.0
0.0
0.0
0.0
0.0
4.70112569611e-05
0.0
0.0
0.0
0.0
0.0
0.0
0.0
0.0
0.0
0.0
0.0
0.0
0.0
0.000337754996126
0.0
0.0
0.000158418672553
0.0
0.0
0.0
0.0
0.0
0.0
0.0
0.0
0.00217161716706
0.0
0.0
0.0
0.0
0.0106052685353
0.0
0.0
0.0
0.00119438937134
0.0
0.0
0.0
0.000158418672553
0.0
0.0
0.0
0.00528124546378
0.0
0.0
0.0
0.00025295508416
0.0
0.0106052685353
0.0
0.0
0.0
0.017884624453
0.0
0.0
0.0
0.0
0.0
0.017884624453
0.0
0.000337754996126
0.0
0.0
0.0
0.0
0.0
0.00528124546378
0.0158574324971
0.0
1.12749440537e-07
0.0
0.0
0.0
0.0106052685353
0.0
0.0
0.017884624453
0.0
0.0
0.0
0.0
0.0
0.0
7.35965928887e-05
0.00154931037809
0.0
0.0
0.0
0.0
0.0
0.0
0.0
0.0
0.0
0.0
0.0
0.0
0.0
0.0
0.0158574324971
0.017884624453
0.0
0.0
0.0
0.0158574324971
0.0
0.0
0.0
0.0
0.0
0.0
0.0
0.0
0.0
0.0
0.0
0.0
0.0
0.0
0.0
0.0
0.0
0.0
0.0
0.0
0.0
0.0
0.0
0.017884624453
0.0
0.0
0.017884624453
0.0106052685353
0.0
0.0
0.0
0.0
0.0
0.0
0.0
0.0
0.0
0.0158574324971
0.0
0.0
0.00154931037809
0.0
8.29314665007e-05
0.0
0.0
0.0
0.0
0.0106052685353
0.0
0.0
0.0
0.0
0.0
0.0
0.017884624453
0.0
0.0
0.0
0.0
0.0
0.0
0.0
0.0
0.0
0.0
0.0
0.0
0.0
0.0
0.0
0.0158574324971
0.0
0.0
0.0
0.0
0.0106052685353
0.0
0.0
0.00528124546378
0.0
0.0
0.0
0.0
7.31108755562e-06
0.0106052685353
0.0
0.0
0.0
0.0
0.0
0.0
0.0158574324971
0.017884624453
0.0
3.02908868708e-08
0.0
0.0
0.0
0.0