500
0.0267454943148
0.000716970651586
9.76194357792e-06
0.00104069806136
0.00645894181299
0.00996894617745
0.00645894181299
0.0
0.076523833421
0.000205420583964
0.076523833421
0.0267454943148
0.076523833421
0.0267454943148
0.00189523531543
0.076523833421
0.076523833421
0.0267454943148
0.0267454943148
0.00645894181299
0.076523833421
0.0267454943148
0.076523833421
0.076523833421
0.000716970651586
0.0109097488204
0.0073019170635
3.80104501141e-05
0.076523833421
3.18417565938e-06
4.46176391637e-05
0.00727982457062
0.076523833421
0.076523833421
0.000649413809017
0.00375157536845
0.0
0.0267454943148
8.65870489668e-05
2.84659234505e-05
0.0
0.076523833421
0.076523833421
0.076523833421
0.000111953765945
0.000716970651586
0.00154997870431
0.076523833421
0.000899009099097
0.076523833421
0.00996894617745
0.0267454943148
0.076523833421
0.00996894617745
0.0267454943148
0.000524740836603
0.076523833421
0.076523833421
0.000273095686696
0.000392740750742
0.0073019170635
0.00645894181299
0.00275254978018
0.0267454943148
0.0073019170635
0.0267454943148
0.076523833421
0.00217238066639
0.000345003784341
0.000822229217873
0.0073019170635
0.0267454943148
0.0267454943148
2.22282599977e-05
0.076523833421
3.32347562447e-06
0.076523833421
0.076523833421
0.000523162240089
0.000273095686696
0.0267454943148
0.076523833421
2.50491287726e-06
0.076523833421
0.0267454943148
0.076523833421
0.076523833421
0.00996894617745
0.00410321779531
5.17937546601e-06
0.00154997870431
0.000603824455756
0.076523833421
0.00012404217355
0.000714923571589
4.5192562135e-08
0.00375157536845
0.0073019170635
0.000524740836603
0.00375157536845
0.076523833421
0.076523833421
0.0267454943148
0.0
0.00189523531543
0.0267454943148
0.00375157536845
0.0267454943148
0.0267454943148
0.00189523531543
0.0267454943148
0.076523833421
0.0267454943148
6.6562161268e-05
0.00275254978018
0.076523833421
0.0267454943148
0.00410321779531
0.076523833421
0.00275254978018
0.076523833421
0.0267454943148
0.0267454943148
0.076523833421
0.00243610072025
0.00275254978018
0.0267454943148
0.0267454943148
0.0
0.000270360719947
0.0073019170635
0.076523833421
0.076523833421
0.076523833421
0.0267454943148
0.000228626523127
0.076523833421
0.076523833421
0.076523833421
0.076523833421
0.0267454943148
0.00727982457062
0.00217238066639
0.00996894617745
0.0267454943148
0.00727982457062
0.0109097488204
0.00275254978018
0.076523833421
0.00645894181299
0.0267454943148
4.60711395309e-07
0.076523833421
0.076523833421
0.000265611430158
0.000149172967092
0.076523833421
0.0267454943148
0.00217238066639
0.00410321779531
0.00643898819246
1.68576244267e-05
0.00410321779531
0.0267454943148
0.0073019170635
0.0267454943148
4.26672404539e-08
0.076523833421
0.000273095686696
0.00645894181299
0.0267454943148
0.0267454943148
0.00375157536845
0.00727982457062
0.00243610072025
0.00274426061078
0.00996894617745
0.0267454943148
0.0073019170635
0.00645894181299
0.00645894181299
0.00643898819246
0.00275254978018
0.0
0.0267454943148
0.00375157536845
0.076523833421
0.076523833421
0.00141747548047
0.076523833421
0.0267454943148
0.0267454943148
0.076523833421
0.076523833421
0.076523833421
0.0
0.00217238066639
0.00645894181299
0.0267454943148
0.0267454943148
0.076523833421
0.0267454943148
0.076523833421
0.076523833421
0.00645894181299
0.076523833421
0.0267454943148
0.00996894617745
0.00275254978018
0.076523833421
0.0
0.0267454943148
2.87294676488e-05
0.00410321779531
0.0267454943148
0.0267454943148
7.64243778028e-05
0.00375157536845
0.0267454943148
0.0109097488204
0.0073019170635
0.00243610072025
0.076523833421
0.076523833421
0.0267454943148
0.000534559557258
0.076523833421
5.90445804314e-05
0.0267454943148
0.0109097488204
0.0073019170635
0.0267454943148
0.0073019170635
7.41835490372e-05
0.00645894181299
0.0267454943148
0.0073019170635
0.0109097488204
0.076523833421
0.076523833421
0.0
0.000100591709619
0.076523833421
0.00727982457062
0.0267454943148
0.000921247668275
0.00275254978018
0.000102801100887
0.076523833421
0.0109097488204
0.076523833421
0.076523833421
0.076523833421
0.000228626523127
0.00024588047148
0.000198096140969
0.000175746021398
0.00996894617745
0.00645894181299
0.0267454943148
0.0267454943148
0.00243610072025
0.076523833421
0.076523833421
6.98613532991e-06
7.77995572031e-05
0.00275254978018
0.0
0.0267454943148
0.076523833421
0.00645894181299
0.076523833421
0.0
9.67118767226e-05
0.0073019170635
0.076523833421
2.24795626321e-05
0.076523833421
0.0109097488204
0.076523833421
0.00189523531543
0.0109097488204
0.076523833421
0.076523833421
0.00996894617745
0.00996894617745
0.00727982457062
0.0267454943148
0.0073019170635
0.076523833421
0.076523833421
0.0109097488204
0.00031106098746
0.0109097488204
0.00189523531543
0.0267454943148
0.076523833421
0.00375157536845
0.0267454943148
0.076523833421
3.08013909039e-07
2.83098297766e-05
0.0267454943148
0.00996894617745
0.076523833421
0.076523833421
0.076523833421
0.00275254978018
0.076523833421
0.0
0.076523833421
0.076523833421
0.00243610072025
0.0267454943148
0.0
0.076523833421
0.0267454943148
0.076523833421
0.00996894617745
0.0267454943148
0.000233974255263
5.41361948797e-06
0.076523833421
0.000345003784341
0.076523833421
0.076523833421
0.076523833421
0.076523833421
0.00645894181299
0.00645894181299
3.91042790355e-05
0.00375157536845
0.000175746021398
0.076523833421
0.076523833421
0.076523833421
0.0267454943148
0.00141747548047
0.00375157536845
7.52521950098e-05
0.076523833421
0.0073019170635
0.076523833421
0.076523833421
0.00645894181299
0.00104069806136
0.076523833421
0.076523833421
0.00410321779531
0.076523833421
0.076523833421
0.0073019170635
0.0267454943148
0.0267454943148
4.69031488919e-06
0.0
0.0109097488204
0.076523833421
0.0267454943148
0.076523833421
0.0
0.076523833421
0.00375157536845
0.000921247668275
0.076523833421
0.076523833421
0.076523833421
0.00375157536845
0.076523833421
0.076523833421
2.90389791975e-05
0.076523833421
0.0109097488204
0.0073019170635
0.076523833421
0.0267454943148
0.0267454943148
0.076523833421
0.00996894617745
0.076523833421
0.0267454943148
0.076523833421
0.00996894617745
0.0109097488204
0.00275254978018
0.076523833421
0.00375157536845
0.00141747548047
0.0267454943148
0.000311328819643
0.0073019170635
0.0109097488204
0.076523833421
0.00012404217355
0.00375157536845
0.076523833421
0.00104069806136
0.0073019170635
0.076523833421
0.076523833421
0.00643898819246
0.076523833421
2.84787618604e-05
0.0267454943148
0.0267454943148
0.000714923571589
0.0267454943148
0.0267454943148
7.74870137516e-07
0.0073019170635
4.45057118916e-05
0.076523833421
0.00645894181299
0.0267454943148
0.076523833421
0.0267454943148
4.6206234409e-05
0.0267454943148
0.000102390019136
0.000649413809017
0.00996894617745
0.076523833421
0.00375157536845
0.0267454943148
0.0267454943148
0.076523833421
0.00996894617745
0.0073019170635
0.00375157536845
0.076523833421
0.076523833421
0.00996894617745
0.00727982457062
0.076523833421
0.00103756977528
0.076523833421
0.0267454943148
0.0073019170635
0.076523833421
0.0267454943148
0.0
0.076523833421
0.076523833421
0.00727982457062
0.076523833421
0.0267454943148
0.076523833421
0.076523833421
0.0267454943148
0.076523833421
0.0073019170635
0.000227966561664
0.00996894617745
0.00243610072025
5.18349018827e-06
0.000921247668275
0.0267454943148
0.076523833421
0.00727982457062
0.000340324605349
0.076523833421
0.0109097488204
0.076523833421
0.0267454943148
0.00996894617745
0.00996894617745
0.00996894617745
0.0267454943148
0.0267454943148
0.0267454943148
0.0
0.00996894617745
0.0267454943148
0.076523833421
0.0267454943148
0.00996894617745
0.076523833421
0.0267454943148
0.076523833421
0.00242860616881
0.076523833421
0.0267454943148
0.00996894617745
0.000265611430158
0.00410321779531
0.00645894181299
7.00540754812e-06
0.00217238066639
0.076523833421
0.076523833421
0.000921247668275
0.076523833421
0.076523833421
0.076523833421
0.0267454943148
0.0109097488204
0.00243610072025
0.0073019170635
0.00645894181299
0.0