500
0.0
0.0
3.17957632e-05
0.0
0.0
0.0
0.00137017083043
0.00305455416316
0.0
0.0
0.0
0.0
0.0
0.0
0.0
0.0
0.0
0.0
0.0
0.0
0.0
1.10847759427e-05
0.0
0.0
0.0
0.0
0.0
0.0
0.0
0.0
0.0
5.87142050084e-07
6.20453428188e-06
0.00392662634903
0.0
0.0
0.0
0.0
0.000169597182656
0.0
0.0
0.0
0.00305455416316
4.46076697639e-06
0.0
0.0
0.0
0.0
0.0
0.0
0.0
0.000119399965315
0.0
0.000162512885122
0.0
0.0
0.0
0.0
0.0
0.0
0.0
0.0
0.0
0.0
0.0
0.0
7.831468859e-05
0.0
0.0
0.0
0.0
0.0014551338489
0.0
0.0
0.0
0.0
0.0
0.0
0.0
0.00010858769977
0.0
0.000119399965315
0.0
0.0
0.0
0.0
0.0
0.0
0.00392662634903
0.0
0.000234471045985
0.0
0.0
8.56847399041e-07
0.0
0.0
0.0
0.0
0.0
0.0
0.0
0.0
0.0
0.0
0.0
0.0
2.67721562404e-05
0.0
0.0
0.0
0.0
0.0
0.0
0.0
0.0
0.0
0.0
0.0
0.0
0.0
0.0
0.0
0.0
0.0
0.00132348402297
0.0
0.0
0.00305455416316
0.0
0.0
0.0
0.0
0.0
0.0
0.0
0.0
9.21707261927e-06
0.0
0.0
0.0
0.0
0.0
0.0
0.0
0.0
0.0
0.0
0.0
1.23483263484e-05
0.0
0.0
0.0
0.0
0.0
0.0
0.000199633242521
6.24545039285e-06
0.0
0.0
0.000622801189233
0.0
0.0
0.0
0.0
0.0
0.00137017083043
0.0
0.0
0.0
0.0
0.0
0.0
0.0
0.0
0.0
0.0
0.0
0.0
0.0
0.0
0.0
0.0
0.0
0.0
0.0
0.0
0.0
0.0
0.0
0.0
8.56847399041e-07
0.0
0.0
0.0
0.0
0.0
0.0
0.0
0.0
0.0
0.0
0.0
0.0
0.0
0.0
0.0
0.0
0.0
0.0
0.00132348402297
0.00344930993736
0.0
0.0
0.0
0.0
0.0
0.00392662634903
0.0
0.00392662634903
0.0
0.0
0.0
0.0
0.0
0.0
0.0
0.000119399965315
0.0
8.53233752152e-06
0.0
0.0
0.0
2.42002000015e-05
0.0
0.0
0.0
0.0
0.0
0.0
0.0
0.00161828904091
0.0
8.31606251143e-06
0.0
0.0
0.0
0.0
0.0
0.0
0.0
0.0
2.66100725034e-05
0.0
0.0
0.0
0.0
0.0
0.0
0.0
0.0
0.000162512885122
0.0
0.0
0.0
0.0
0.0
0.0
0.0
0.0
0.0
0.0
0.0
0.0
0.000672300032362
0.0
0.0
0.0
0.0
0.0
0.0
0.0
0.0
0.0
0.0
0.0
0.0
0.0
0.0
0.0
0.0
0.0
0.0
0.0
0.0
0.0
0.0
0.0
0.0
0.0
0.0
0.0
0.0
0.0
0.0
0.00344930993736
0.0
0.0
0.0
0.0
0.0
0.0
0.0
0.0
0.0
0.0
0.0
0.00305455416316
0.0
0.00053745185734
0.0
0.0
0.0
0.0
0.0
0.0
0.00305455416316
0.0
0.0
0.0
0.0
0.0
0.0
0.0
0.0
0.0
0.0
0.0
0.0
0.0
0.0
0.0
0.0
0.0
0.0
0.0
0.0
0.0
0.0
0.0
0.0
0.0
0.00344930993736
0.0
0.0
0.0
0.0
0.0
0.0
0.0
0.0
0.0
0.00344930993736
0.0
0.0
0.0
0.0
0.0
0.0
0.0
0.0
0.00344930993736
0.0
0.0
0.0
0.0
0.0
0.0
5.25448748394e-06
0.0
0.0
0.0
0.00305455416316
0.0
0.0
0.0
0.0
0.0
0.0
0.0
0.0
0.0
0.0
0.0
0.00053745185734
0.0
0.0
0.0
0.0
0.00344930993736
0.00137017083043
0.0
0.0
0.0
1.801783667e-06
0.0
0.00305455416316
0.0
0.0
0.0
0.0
0.0
0.0
0.0
0.000274186662134
0.0
0.0
0.0
0.00161828904091
0.0
0.0
0.0
0.0
0.0
0.0
0.0
0.000157282856266
0.0
0.00305455416316
0.0
0.0
0.0
0.0
0.0
0.0
0.0
0.00344930993736
0.0
0.0
0.0
0.0
0.0
0.0
0.0
0.0
0.0
0.0
0.0
0.00161828904091
0.00305455416316
0.0
0.0
0.0
0.0
0.0
2.55929094778e-06
6.2054042235e-07
0.0
0.0
0.0
0.0
0.0
0.0
0.0
0.0
0.0
0.0
0.0
0.0
0.0
0.0
0.0
0.0
0.0
0.0
0.0
0.0
0.0
0.0
0.0
0.0
0.0
0.0
0.0
0.0
0.0
0.0
0.0
0.0
0.0
0.0
0.0
0.0
0.000234471045985
0.0
0.00161828904091
0.0
0.0
0.0
0.0
0.000222199388002