500
2.52549938449e-23
5.245281098e-14
1.80666813902e-44
6.81428203109e-17
4.60002937914e-40
7.53619175474e-09
7.68942062112e-18
3.28701916089e-09
0.00172715865054
0.0119750778816
2.32906754172e-20
1.7356485269e-11
4.13138169311e-18
3.22686528975e-09
1.43992250882e-05
0.00109575345541
6.28331325503e-06
4.14536107333e-11
0.000112003588919
0.000105545059039
0.000115038160431
1.10983008064e-17
1.25385479107e-14
9.25103994503e-37
6.90424506779e-22
1.21300187553e-12
3.79106837076e-24
6.29192915455e-21
0.0139200253154
6.33300660309e-05
0.000736946611131
9.11597708102e-06
2.16545088145e-14
1.75519417009e-44
9.0600703194e-26
2.65203530812e-05
1.7595229057e-07
3.1383379471e-07
1.42213366461e-20
0.0184134489492
0.0139200253154
1.31011890976e-19
2.26693706249e-44
1.78883593021e-05
5.29839539596e-22
1.02368739154e-08
3.41716755588e-11
0.00109575345541
1.23967079296e-06
7.69022353801e-08
4.11501471039e-14
1.39884550395e-09
2.91657742842e-06
1.03624229966e-07
3.17005660223e-08
3.43975155732e-12
5.04133317986e-09
4.09581381479e-07
1.12647066161e-29
2.67610766291e-15
1.25485917619e-20
1.29668263326e-06
1.44056775215e-19
1.83319144151e-16
1.32410808825e-08
0.0090528063333
2.62116871838e-39
7.70272698987e-09
9.55807752956e-05
2.56909695985e-08
6.02108577917e-10
0.0184134489492
2.97070740973e-09
5.26359269115e-05
1.5450550429e-17
0.00132813754199
3.58907668185e-05
1.56790539014e-08
1.64934381359e-06
2.02094727133e-58
4.70628040851e-06
1.24836284831e-18
4.36553375965e-13
4.72431846829e-06
1.91960251953e-07
5.74363380062e-10
2.79340762834e-32
1.26182109524e-10
0.0212059447983
5.45177792513e-11
1.41805819694e-09
4.95961481857e-05
3.00918861275e-16
1.56550462875e-11
1.19916309877e-06
0.000212044745194
4.52729609203e-16
0.00193981674306
0.000374341131024
2.84293088311e-11
0.00172715865054
4.93444321841e-36
1.59368126321e-11
7.041283114e-18
1.17231230145e-06
3.97717641203e-13
0.000851424556926
2.26330507222e-10
9.37010235469e-05
6.43429108061e-16
0.0241090909091
2.49468428925e-05
4.28479184031e-29
2.0967288763e-41
0.000110268213272
3.04134112953e-24
0.0241090909091
2.02578874612e-09
0.00109575345541
5.52170924296e-05
5.54320796797e-11
3.07326926478e-13
0.000287890542608
2.51527348253e-10
1.21509255024e-08
1.8964503362e-09
3.13703674719e-23
0.000639767726648
6.08424122528e-05
1.10453299584e-09
2.79443811329e-48
2.76021656009e-27
1.34946692409e-25
3.56871473178e-30
2.23374767183e-10
9.66107611304e-08
1.6258406903e-15
1.05068802169e-10
0.0184134489492
3.83962405297e-16
0.000305613429338
3.2472844045e-19
0.0139200253154
5.37778926643e-08
0.00109575345541
9.6141104135e-10
9.8145217967e-31
1.93219532958e-09
0.00244792645653
5.00993707226e-42
3.06472565262e-07
1.90279917926e-33
2.70687041535e-10
0.000909847082237
3.42019482355e-11
8.2670641486e-05
1.15733619784e-13
0.000246589425007
3.97700175347e-21
5.90184644229e-21
0.00162011537393
4.43130114344e-11
2.63633049601e-19
1.35591318165e-09
5.05533717503e-07
4.3835333343e-18
1.06487715581e-26
2.47885061824e-15
1.59798460034e-07
0.00292674203611
1.74073573486e-06
0.00244792645653
1.72011404138e-06
0.0184134489492
1.68645184333e-10
9.16141846148e-12
3.35624135817e-20
7.63942734073e-10
1.19239185731e-09
9.22824778495e-07
0.0212059447983
3.27373678946e-32
3.15374538043e-26
8.97736041276e-26
0.0090528063333
1.22076104727e-40
4.44955127585e-37
5.81282860405e-05
0.0184134489492
2.65812502845e-41
2.88213642577e-11
1.52216920269e-05
4.14508910629e-05
5.54197291689e-17
1.19754598407e-39
3.95074048858e-06
2.04954233935e-46
0.0119750778816
2.448162347e-07
2.84212444045e-20
0.000261028153117
3.73580913232e-06
3.69042744295e-15
3.4581922459e-08
2.17505890012e-06
6.88981664154e-06
8.83009252243e-08
1.4032616086e-13
4.53836760868e-10
0.0
2.21983853642e-37
5.58573704152e-10
8.08612585303e-06
0.000971483241149
3.34878243588e-07
1.909011681e-22
3.78513666592e-15
1.01101718532e-05
1.65876761361e-26
3.89912092929e-06
1.5359060203e-07
9.00964975769e-24
0.0184134489492
6.066574774e-05
1.16154554437e-47
6.92161881552e-20
7.84570150349e-40
2.52727950497e-24
1.43248846114e-49
8.88712555707e-36
7.31958466737e-21
1.81589261337e-15
9.21386607489e-28
0.000399991491308
4.4049184943e-09
4.27018387163e-09
0.00430142459212
2.12124900931e-08
9.12101999839e-17
3.5785677792e-55
3.88422627285e-08
0.000534277087517
4.83874057115e-06
3.23079848799e-07
2.69643759175e-18
4.16046883422e-07
0.00193981674306
7.15060193419e-18
0.00244792645653
1.00295738263e-15
1.981896466e-32
4.88130611219e-41
1.07490058649e-43
8.00356534223e-25
0.0184134489492
1.66355818503e-37
1.20847035694e-06
3.21991710815e-41
1.71766764845e-05
0.0139200253154
4.79737541267e-19
9.10076202907e-19
1.23931043254e-26
0.0
1.26457767367e-27
1.97960302487e-08
4.70248635769e-06
1.38802468091e-18
7.22553204202e-07
3.20067539914e-05
1.21667353029e-07
0.0212059447983
1.43699951908e-15
7.04167617625e-15
2.37369235482e-05
1.6508068632e-05
1.17518913472e-14
0.0
0.000100192432423
0.0184134489492
1.14075363911e-05
2.58220143576e-26
4.26405770868e-11
5.23481433913e-08
5.52170924296e-05
6.87515843777e-13
5.50609552648e-07
3.54842720955e-26
9.36230217465e-13
8.66061058735e-06
0.0212059447983
7.25106428871e-05
1.94154239719e-12
2.27017607226e-08
9.46059451873e-06
0.0212059447983
7.90157979581e-36
2.40307911352e-05
2.31765217648e-09
1.6411146513e-19
1.23824574134e-44
3.26289341713e-67
9.60357306453e-12
0.0241090909091
0.0212059447983
0.000534277087517
0.0090528063333
2.73646356e-13
8.31651686548e-17
8.27675630412e-21
9.06416466194e-08
3.32065823764e-22
2.22819131912e-10
1.36118124e-14
0.0184134489492
2.43479135583e-05
1.83650556219e-12
1.02429269956e-10
0.0212059447983
3.67277601883e-21
2.5213760439e-08
2.98895189906e-16
0.000119478067859
1.81107407843e-06
0.000736946611131
3.67415368853e-16
3.24474349041e-10
2.77420144098e-12
1.97792562345e-10
0.00130919086857
1.31532329377e-05
0.0184134489492
3.68923784911e-20
4.17982657958e-08
4.80862828421e-11
0.00235194468831
0.0
2.25345152839e-17
0.0119750778816
0.000128754539524
4.48660032143e-33
8.41646268922e-23
1.46810270631e-12
0.0
1.28103381197e-06
1.63912304585e-06
7.98780165376e-05
1.79845815539e-06
4.63894622456e-08
2.65700853047e-56
3.57857603679e-20
3.94491263503e-07
9.96252227766e-15
4.49556460312e-29
2.48248693915e-05
2.18039616938e-12
0.0
1.47640923002e-05
1.07807680395e-18
1.58435239896e-07
1.6297376807e-21
3.86584013468e-17
1.25896424779e-30
2.05298983736e-07
1.345097723e-05
5.2831059022e-08
3.5366075356e-20
6.17962539436e-13
4.86051582624e-18
6.14938492224e-11
6.62065115189e-11
2.69775141216e-15
0.0139200253154
1.03728424839e-32
3.33868982082e-14
7.87180580738e-13
1.3202698053e-10
3.24851199315e-21
0.000295634396371
1.07638869748e-48
2.5891072401e-07
0.0212059447983
1.21486852336e-07
0.000971483241149
2.34123819697e-21
0.00162011537393
2.03062185906e-14
5.61104007331e-05
4.05931877339e-05
4.33635131301e-23
2.25315526924e-33
8.3707557289e-21
3.37490700663e-18
0.000178124851164
7.7094349045e-25
1.11075831302e-22
8.51790524893e-13
4.53328331837e-11
1.59325289531e-39
9.33740213768e-11
2.11260065516e-58
6.74707588975e-31
2.56159623653e-29
4.84213071209e-24
6.48567550082e-08
1.04335012027e-09
5.20993005097e-13
0.0119750778816
0.00162011537393
3.37148710037e-10
4.58482457984e-26
3.15498868823e-09
0.0090528063333
4.91167427872e-17
5.36334247259e-08
0.00536091954022
2.37227821023e-11
1.77386059732e-05
0.000217334692483
4.74813532042e-14
0.000101757924917
1.68105571869e-27
4.06763785082e-15
3.6344122771e-10
0.0
4.38294741675e-09
1.66658367375e-10
2.38810231085e-10
0.000806177134506
9.10216293123e-06
0.0212059447983
1.0582486314e-42
2.35591576537e-23
1.08715112174e-59
1.01135719552e-11
1.84356069046e-05
6.7324806688e-16
1.2619218204e-07
0.0184134489492
1.14239523687e-18
1.76117182407e-18
4.73273576649e-20
2.82162109915e-20
5.49306055321e-44
4.2817122141e-07
0.0241090909091
3.2451263214e-15
4.00937403176e-29
0.0139200253154
2.75062960717e-06
1.66452480403e-09
0.0212059447983
0.000367724369148
0.0184134489492
8.16087570171e-17
7.92314847258e-19
1.9755893591e-28
6.20176174152e-15
8.84017781455e-12
9.5945295219e-05
3.62658650199e-06
0.0241090909091
6.65424332648e-06
0.000724474141968
9.12614817012e-12
7.69660259874e-21
1.78735773364e-24
1.04410666472e-17
0.00112324743785
4.63117984338e-90
5.66100081063e-18
5.15904586777e-13
1.83905242472e-29
0.0212059447983
1.13728447371e-09
9.40504780861e-15
5.71768280401e-13
0.0139200253154
4.28924146533e-07
6.87789904104e-07
1.18282502555e-06
0.00132813754199
1.24671830987e-06
5.06429762037e-10
1.647201878e-07
1.13151313014e-18
1.14719464737e-08
1.80810447096e-11
4.05243454333e-23
1.01593635961e-11
5.22831401593e-23
9.45989053474e-12
0.00244792645653
0.000990306269442
5.60646277694e-14
1.00944263657e-15
5.24542520287e-11
2.03433666746e-16
0.0184134489492
0.00162011537393