500
8.54409948228e-06
9.30318012749e-05
6.76185912034e-05
1.05144213098e-07
1.14602533829e-21
1.38884944294e-26
8.92418744196e-40
5.62085959744e-05
2.59543985568e-20
2.40877509213e-25
5.8883785482e-40
4.13428577793e-14
9.58450763199e-17
0.000214143641917
5.88919125676e-09
6.64016190041e-14
1.8561066881e-17
3.03203419163e-25
3.04191552205e-15
1.40123997857e-10
6.52044298591e-05
9.04969796066e-16
5.75511101091e-09
8.28155353335e-10
3.83186852635e-09
9.05395883154e-25
2.62679710314e-17
3.93058849963e-10
0.00172519444374
1.86410221467e-49
9.5458558534e-10
1.8318179683e-07
0.00422361670193
9.79251776552e-33
2.96877584257e-18
2.15511293131e-05
3.86207640209e-22
1.04119561078e-07
1.44596559195e-17
3.23681303495e-18
1.50220836553e-07
1.88699441718e-06
1.07093224279e-25
7.54242469392e-14
3.23823694679e-10
1.26887511725e-09
0.00607944828307
0.00518352958873
0.0
3.61544688601e-47
1.84805213039e-07
5.50289030291e-05
1.00324765259e-21
1.64161408322e-20
1.46813180193e-26
7.29741236132e-05
1.25408564303e-07
1.98980093161e-17
1.10370950306e-17
0.000179495551526
5.46844050212e-11
1.5575117785e-42
2.95432811959e-12
1.01085782701e-05
1.10308035778e-05
4.99371937793e-15
7.9484708894e-29
0.000415170680419
0.00893618719569
5.95828756081e-07
3.50827208408e-11
6.77113227173e-44
2.80061757564e-17
9.30318012749e-05
2.0569898142e-07
3.86605447758e-14
7.42895568683e-07
9.61221563128e-15
2.06611152665e-35
1.05984906285e-05
2.94353173143e-11
2.58839146659e-37
3.57500249259e-08
2.92986008884e-37
2.02466953311e-08
5.088208724e-10
1.56276383683e-12
4.10538830888e-41
9.23277799116e-16
7.5405636429e-12
1.22905855238e-05
9.09370468374e-30
1.5401631822e-44
1.10164632667e-09
1.2616228063e-05
4.84552688626e-08
3.55764891086e-06
1.14256816859e-22
5.00956558814e-08
4.22435521122e-25
4.66833775034e-06
0.000568755030638
1.0962866998e-29
1.0343430497e-28
9.27621451066e-11
0.000432319096893
4.40374861333e-18
1.63506232743e-08
2.06231876468e-20
3.49039588031e-06
0.000159237017022
2.81534253156e-11
0.000186230669499
3.68253516228e-09
1.34658602239e-13
1.02610299509e-09
0.0095638065187
9.51581509111e-09
3.27627360453e-16
7.50697933777e-22
2.00801353439e-15
1.51483351891e-06
0.00025097472825
1.6285767814e-08
1.05141032065e-06
2.63525343638e-06
9.68797696561e-15
9.27600197758e-28
3.17141529772e-05
2.75120685397e-12
4.68392894312e-08
8.72178350566e-15
1.40862614114e-28
6.43692456117e-06
1.14180418949e-12
5.54529757404e-26
0.00092647884936
6.2321370542e-36
1.21971557842e-34
2.31111961457e-06
6.97675455199e-11
0.000807610328246
7.42283488367e-09
0.00151641662539
4.25205887923e-09
6.38944516041e-08
0.0
9.16189074997e-07
7.22118577575e-06
6.00402882267e-13
9.7092112386e-07
1.16678664265e-09
2.42540062957e-18
1.37905698976e-17
1.54548405024e-07
0.00299781331133
4.24346801239e-07
2.22627996647e-23
6.85291058678e-17
0.00143838408945
1.26151117335e-66
8.45937394025e-16
2.89056859221e-05
0.000151839832942
0.0
0.000118565409563
4.70041873115e-05
5.58250084006e-10
1.86429000568e-05
2.00198051198e-31
4.61584874679e-05
1.57783076695e-13
3.20970908284e-07
5.41856429024e-19
0.000753460918897
5.3384128165e-30
1.51031531729e-06
5.64965031035e-11
3.16072222893e-18
1.51945271974e-14
1.23202306233e-07
6.86550876429e-32
0.0
1.97445102557e-20
0.00016534427011
3.15668448399e-07
4.06050981823e-36
0.0003244721598
0.00422361670193
3.80100593078e-07
1.1409138014e-05
4.53306204092e-07
6.93274866417e-09
7.48268629394e-41
7.13598241135e-39
4.90320680793e-05
1.39007400862e-05
7.25805572509e-08
5.79653401024e-08
5.12340616651e-06
7.29283518187e-24
3.99448885578e-17
7.98550965475e-13
0.0003244721598
6.00901977922e-37
4.63839406458e-06
1.29618962207e-08
1.22843727835e-07
8.94394456252e-06
1.7874911428e-28
5.86455711682e-34
9.43419016841e-34
1.94884914933e-07
8.93650662415e-09
0.00068104550608
1.95825402436e-07
7.84265237624e-08
3.56880853881e-08
1.64222441111e-05
2.73997510588e-07
2.23177804918e-07
2.29640825509e-15
3.30780158141e-05
1.54955935427e-11
9.87249754011e-29
7.74052747513e-21
2.8259832583e-37
0.00176528956433
2.62164479597e-37
6.00271157445e-16
1.07595803709e-15
3.7729707642e-18
2.04658500624e-07
7.82932536271e-14
1.05189554662e-07
3.52304477721e-16
2.89056859221e-05
7.80534242871e-24
7.63274399579e-19
0.0
1.05509975992e-10
9.71282956446e-22
3.852586281e-13
0.000432319096893
3.12680920053e-15
3.20246274578e-11
6.17861597717e-15
0.000807610328246
9.99270645618e-16
1.0447615658e-11
1.20563851635e-07
1.97197007302e-05
1.23953904976e-05
0.0095638065187
4.78308462416e-07
4.44465235228e-18
3.21607712347e-12
1.88359321063e-05
1.57030520255e-12
1.36887778251e-10
0.00113511999066
3.49086832656e-06
1.1409138014e-05
4.50704616725e-11
8.41973968318e-54
3.7905820422e-21
1.30510798539e-06
0.00172519444374
2.67074299641e-17
3.11406292341e-22
0.0
3.14774845275e-14
1.73339271912e-14
1.23661139507e-21
0.000807610328246
1.76345769622e-07
2.58405139285e-12
1.5698503577e-13
1.82049394835e-26
1.28876808911e-57
4.43456393389e-20
4.48276746924e-21
3.4797330619e-06
0.00299781331133
0.00893618719569
1.62740438364e-07
2.93932834073e-16
4.90909461396e-21
5.89650846346e-09
2.38281262916e-11
0.000202461435656
2.78535560864e-06
8.72156551063e-05
1.57308437399e-07
0.00289303284751
7.71923038179e-11
8.04343140494e-05
0.000255533739203
0.000568755030638
1.93310368289e-06
0.000807610328246
1.14233110018e-08
2.9304333757e-09
0.0
9.18403017594e-25
1.87575440668e-14
0.00422361670193
2.993903892e-10
0.000807610328246
0.0095638065187
3.35525839875e-10
4.93493776537e-13
0.0
0.000239149724906
8.37774679316e-12
4.76540124101e-14
0.0
6.66108326499e-17
3.49315359227e-15
9.99626765146e-10
1.36065248935e-28
0.0
4.51557436693e-06
3.82511218906e-31
3.17641548383e-31
1.53196206909e-07
0.000118565409563
9.28604034743e-07
0.000239149724906
2.28614920043e-08
0.00422361670193
1.15709699969e-39
1.51300357399e-11
2.08710960238e-05
2.99709019995e-11
1.08478796897e-30
7.66287362304e-09
2.27100271545e-10
4.08842938224e-08
0.000378642917682
5.5619088865e-15
0.000338264794756
5.84598971659e-12
2.45302771458e-14
2.63946607349e-17
5.86994878235e-08
0.0
1.71532604563e-11
3.16394627972e-09
1.3415793744e-05
9.95269118456e-15
7.00690067362e-09
2.59853586243e-14
0.00518352958873
1.57699302786e-05
8.06624201549e-06
0.000807610328246
0.0095638065187
4.65477393954e-27
5.16351019364e-13
9.01904145928e-13
6.76185912034e-05
1.44732473398e-11
6.07577225047e-19
6.15372975953e-12
2.30321674974e-27
1.20220117518e-05
0.00289303284751
1.83602262694e-12
0.000147839701673
1.54441162675e-10
5.63030282726e-08
1.46905396654e-05
6.86702385445e-06
1.37785345461e-07
0.00025491332988
7.31277973569e-18
0.000699913193889
5.63929378676e-06
0.0
7.96013755404e-09
2.33651788686e-07
0.0003244721598
9.55020761744e-15
1.87032958798e-20
3.02279919002e-09
0.000807610328246
3.0370559495e-11
1.5245868045e-05
7.66841415069e-10
0.000101069502963
0.000800746474777
1.40699975959e-16
2.57180992223e-13
3.75207658164e-12
7.54734281587e-14
3.78841942586e-29
1.93364553606e-05
1.0412692163e-14
1.07856780096e-11
9.68793680388e-06
0.000124702172639
8.08091343776e-06
1.04457504992e-35
1.35547639583e-09
2.6263312511e-07
1.62505326568e-20
2.7261432945e-11
3.02472215636e-10
0.000153043575511
3.36366021642e-06
1.23583765318e-17
4.784476711e-17
5.53160105236e-27
2.46308734558e-56
1.27501697785e-39
8.23627490783e-14
0.000753460918897
3.28072372551e-27
0.000249984806878
9.38685517162e-14
0.000125901824517
2.47035122172e-05
0.00143838408945
3.55469040309e-07
7.08381813592e-19
4.42453523579e-20
0.0
2.51909845369e-18
1.02094164335e-16
0.00422361670193
0.0012355987318
2.27822863768e-07
0.000226731369383
9.09951114318e-05
1.95179887989e-11
1.56874449718e-26
6.64928829191e-12
3.1111038936e-11
6.9048241973e-18
0.000179495551526
2.13762787374e-06
1.88403905829e-06
6.76185912034e-05
3.29100853699e-27
5.02703106091e-20
1.4887732688e-09
1.71156090772e-07
1.8861631798e-39
8.5798139246e-10
4.21550149079e-28
2.00522831487e-05
9.46507134117e-05
5.13934557138e-18
0.00143838408945
9.72381243669e-10
0.00172519444374
7.58417520752e-36
2.22515381718e-07
2.30743094713e-11
4.14574293421e-27
1.451922056e-05
3.8734604181e-08
0.000807610328246
5.34402558811e-08
2.4036237537e-21
2.16523315484e-15
2.91751748219e-15
2.54067528975e-06
1.76816448551e-08
2.52396138324e-15
3.66776322573e-64
2.44961467817e-06
5.36495733033e-20
0.0012355987318
0.000149023611217
0.000221701061072
1.3234143356e-21
0.00216715824112
3.58647242514e-09
1.1169155127e-38
8.052602815e-05
0.000151832979975
9.50808606666e-06
1.13185014069e-23
0.00422361670193
3.68751174013e-08
2.59245345768e-12
0.000172491695301
4.29908282352e-12
7.67292570255e-06
5.5643986099e-16
8.55077563188e-21
1.31495383305e-13
4.18531563333e-12
0.000339082249473
2.74572911338e-23
0.0
1.08913930524e-21
4.23090861153e-08