500
0.00969421487603
2.81431259156e-17
2.15141502684e-42
6.11070035174e-09
8.07794310621e-06
5.31076658258e-76
0.00132692307693
0.00398076923078
2.19943538074e-40
3.78748069063e-37
1.86421972384e-22
1.47243471025e-25
8.49605621591e-31
4.53323370306e-46
7.23518221127e-100
4.81945374037e-11
3.52601123485e-19
1.58881441261e-39
4.40287244864e-15
7.22541659026e-14
0.0531975308643
3.71500283444e-28
7.78614983434e-08
3.57754407758e-22
1.14222966359e-11
3.65100100956e-12
3.17902639374e-36
2.14537123566e-11
6.73692046401e-81
1.36671483696e-40
7.09034370662e-07
8.18961570315e-98
0.0355425531914
6.74917233227e-11
2.08225764504e-41
7.94743069716e-07
6.14453409134e-19
0.0531975308643
0.0
1.1518225279e-16
1.93435912415e-28
0.00969421487603
1.87248280829e-21
5.2376781304e-24
1.61712885576e-06
0.00190451427251
3.3486771399e-10
1.21012438812e-08
9.34506760341e-23
4.14929116066e-12
1.14048475326e-36
1.72709427052e-43
1.17280701192e-11
1.3726081444e-118
1.71091919148e-18
8.31964121217e-28
2.57304912186e-55
9.76585458581e-62
2.7483178068e-17
6.78322555149e-09
5.90546644839e-20
5.28050417188e-25
5.63025240848e-17
5.79531059674e-10
5.32542251312e-12
1.02369122774e-21
1.14701510133e-49
1.10955678298e-17
2.26088740836e-27
0.00969421487603
1.94234160468e-53
2.05502777269e-09
0.0
1.02725837527e-20
0.0355425531914
1.23291376428e-89
5.86953646729e-45
3.66429527652e-39
1.59939369962e-35
0.0
1.60034030361e-07
2.7501012145e-18
5.01699347849e-05
2.34796043034e-62
0.00969421487603
0.0
0.0531975308643
4.52299999553e-21
3.35917887781e-29
8.30084741439e-35
2.53255205862e-92
8.66142589239e-12
5.63381783582e-40
1.1635960054e-18
8.21758844487e-05
4.38170854773e-18
7.8315456671e-17
2.68450611415e-16
4.27479190807e-23
0.00035081350881
5.06520089377e-43
6.84679593911e-55
2.66546611557e-67
0.0
1.44686787757e-29
4.10533413503e-37
0.00334439151803
2.18064549658e-36
2.18260211046e-62
5.86644885205e-46
1.216449028e-21
2.25618561033e-06
1.77501757055e-22
7.29338100322e-14
4.91515104796e-25
1.39261534661e-09
6.05800189219e-33
0.000718585467101
5.94743653731e-10
0.0355425531914
1.00344663465e-25
0.0531975308643
2.07160998268e-08
2.16698215037e-51
1.30930513118e-26
0.0273342151676
1.22873309899e-53
1.95136738898e-16
4.17019829296e-21
9.26957840351e-29
6.18556385495e-35
6.2886440057e-26
1.19213849729e-09
3.90930942276e-05
2.82971010435e-11
1.01731115758e-06
0.0355425531914
1.19220532222e-13
8.59610384237e-16
2.23072038223e-51
1.24695400302e-85
2.36093810752e-05
1.60653845167e-10
0.0
7.009670881e-26
6.17169474412e-05
0.0531975308643
5.31672542155e-09
2.62773479416e-31
0.0273342151676
1.91083452595e-11
2.20035665708e-50
5.83620608621e-19
0.00132692307693
1.15240600527e-10
1.49058971236e-71
3.05815258222e-26
0.000101965290913
3.55996507974e-13
1.22856942938e-52
3.1935509489e-16
4.07138648653e-29
5.37467059879e-11
1.70253132535e-19
1.51290495939e-17
2.08195186261e-53
2.9037047554e-14
1.94478485756e-69
0.0056600497963
6.70182652758e-05
1.23725363254e-34
3.88161511141e-20
1.57953000346e-13
2.95946319427e-10
7.71217128202e-07
4.46537329496e-05
5.89185362559e-05
1.5151035273e-14
8.94002009778e-35
1.39912768084e-32
3.76855115363e-06
6.96554889803e-08
0.00969421487603
0.0355425531914
5.05660403451e-12
4.36205632308e-36
1.31676605112e-30
1.81428713544e-86
0.0531975308643
9.0910168608e-30
6.43383774536e-05
9.62198148097e-06
1.23092768095e-14
2.86743476147e-36
2.32622078766e-43
3.52140449086e-12
1.91237417287e-48
7.77224219657e-71
6.11504242565e-18
8.75712126696e-14
1.11914930467e-18
1.51884695419e-27
5.94641799028e-06
3.29913417978e-38
1.54959302399e-05
3.06342835661e-37
1.99214404913e-16
2.59881049183e-18
0.0355425531914
8.53899719505e-25
3.92038826745e-06
4.33183952283e-06
5.40188107813e-13
1.23621300431e-19
0.000209769560692
5.65564194978e-05
9.16507942254e-126
2.73980496261e-15
3.64882280809e-66
2.26620877411e-31
1.83896987923e-05
9.383203135e-11
2.68811871352e-20
6.09781680717e-48
1.45048848574e-48
0.000718585467101
1.50199775879e-40
0.000369227094847
0.0273342151676
0.0273342151676
1.16242696925e-12
1.73867012984e-05
1.62722369799e-24
1.30804707123e-23
7.67985346423e-13
0.00111782903977
2.43208776186e-27
0.000359428720181
2.95003675235e-49
2.61405132247e-15
1.54161694981e-22
1.03626594404e-28
3.71031890647e-10
3.38272194068e-22
0.00969421487603
6.96359871453e-15
5.68265191969e-23
2.67576605212e-84
2.47885877244e-32
8.47370674758e-54
1.03028709755e-14
1.68223090503e-51
1.948118535e-16
3.48327750406e-61
2.11421341292e-43
0.000542616874983
9.17405898454e-100
8.9716455862e-76
4.02074325591e-29
3.53220976272e-12
1.36001616174e-20
2.39981888875e-27
7.01283611555e-14
2.61064705982e-23
1.49801068611e-27
4.0618390887e-22
3.86029250918e-16
1.5458760733e-06
0.0355425531914
3.38718990661e-12
4.295725756e-103
2.92648153479e-60
7.38461806593e-21
9.73063450683e-29
5.42483121093e-08
8.68691980314e-07
2.43937298719e-18
3.44481697918e-28
1.7465185632e-12
2.92777031082e-07
0.0355425531914
3.24102658936e-39
0.0273342151676
7.91586411978e-77
0.004596842918
1.77053961851e-24
0.000237496995502
5.4234346994e-17
3.13812862051e-09
2.98380178791e-38
1.38158145183e-11
4.47797978605e-38
3.73753378714e-91
6.53559083565e-53
1.06598481461e-48
6.79616301788e-05
6.09342867807e-21
7.04979690286e-62
8.02195447872e-37
1.39409523411e-30
2.24435586412e-13
2.21942058297e-13
1.59674499952e-06
2.10974972699e-15
7.70020083206e-07
9.16881023361e-35
1.31738740779e-21
6.42136103616e-12
5.67999916295e-23
0.000542616874983
1.09368035228e-34
2.9853112301e-67
0.00111782903977
2.7415432792e-26
3.08139420641e-39
0.0
2.27364462666e-13
2.40073379285e-20
2.49933831165e-05
1.04732205925e-06
4.06933022144e-56
0.0056600497963
1.02132569394e-23
8.0332101519e-08
9.12905240233e-18
3.17293022371e-19
0.0273342151676
2.72531683383e-15
2.85164429445e-17
8.4542421313e-07
0.00334439151803
1.4913885273e-07
1.30279340854e-27
1.6229115202e-08
0.00111782903977
1.05818421554e-146
2.88481974609e-29
2.01710490003e-59
0.00969421487603
8.95111832288e-74
2.36511453129e-17
7.23188415366e-108
0.000569504324057
2.30057305546e-16
0.0273342151676
1.45405815134e-16
4.30793062118e-26
6.02393932962e-25
0.0531975308643
0.0
2.88160016722e-39
2.64467968125e-42
5.00883810551e-07
1.99050885461e-54
0.0531975308643
7.99606024532e-12
0.000542616874983
2.53809626483e-36
3.17272679101e-36
7.91766388301e-25
2.07697960857e-11
2.1965655191e-59
0.00969421487603
0.0355425531914
1.13131581122e-28
3.27896829383e-08
3.25913221574e-29
3.76561143321e-09
1.62607854897e-26
0.0273342151676
1.07889737633e-29
1.10130618746e-37
0.0531975308643
2.61631415431e-11
2.08420439914e-13
8.66596613702e-16
5.4356114468e-37
8.41408920242e-12
4.57789483975e-47
6.78419418772e-05
0.00157517482518
6.00010612387e-17
1.86233106145e-35
1.62646833389e-28
4.06850583309e-23
1.36752127856e-34
6.27430379903e-12
9.71759742362e-15
1.01575987696e-20
1.45076250194e-08
4.24856336116e-19
7.28976745832e-08
4.67319573012e-25
4.10226601849e-15
7.69505670819e-14
0.0355425531914
0.0531975308643
2.15685895172e-10
8.82664931956e-58
9.14884056507e-41
0.0355425531914
2.64358705365e-21
4.73558405412e-10
1.92018116492e-47
3.59318959828e-52
0.000222638148999
1.42050113234e-31
6.60407503292e-28
2.42279466573e-16
2.0379579003e-12
5.85202809749e-36
1.33672431137e-16
1.36140215045e-31
3.28726769286e-44
3.48140733467e-11
5.88330411491e-60
1.25516882038e-27
5.1536871762e-08
1.71138253095e-94
1.59570627942e-28
1.53056735116e-37
3.76819721846e-39
4.87988805174e-30
8.20200316978e-12
0.0531975308643
2.8243545693e-17
5.04383604603e-11
0.0531975308643
0.0273342151676
7.83451111676e-06
0.0
1.84802912027e-10
4.5297063744e-79
1.05331900811e-07
8.31359487827e-21
1.40409350423e-20
9.46011712671e-57
1.28681487649e-09
0.0355425531914
1.55440694544e-40
5.74037393923e-21
0.00157517482518
2.71996172604e-133
0.000559112014958
4.31272145584e-09
4.10347581088e-53
4.37287072078e-21
9.5120637728e-09
0.0273342151676
4.3940535851e-98
3.28853065076e-06
2.09131490214e-32
1.29391401385e-15
1.29491840112e-27
5.47054799788e-63
0.0531975308643
0.0
2.45432751717e-40
1.1134455476e-45
2.92925572549e-13
7.27037809614e-09
1.75464456949e-13
5.44349544449e-22
3.83685299411e-08
4.06718605364e-16
1.84077378806e-35
1.21359600865e-133
2.50426647712e-06
3.25111751953e-37
2.36218990499e-15
3.45994544967e-32
0.0355425531914
2.1024080161e-14
1.86624225698e-94
2.00512540608e-27
7.32064929517e-41
0.0273342151676
4.78260246564e-75
1.40216651644e-28
0.00969421487603
2.76711425659e-99
6.90854286369e-06
2.84650393873e-30
1.21169048272e-15
7.93560677044e-06
0.0273342151676
2.3699969685e-06
1.41391843998e-09
1.80113088888e-11
2.21665323481e-23
1.86772990949e-30
7.60078194252e-33
0.0355425531914
0.0531975308643
2.47674827283e-07
7.89284745563e-09
2.13303029805e-12
4.66686092586e-33
1.35639141179e-34
2.75490191215e-33