500
0.0
0.0
0.0
0.0
0.0
0.0
0.0
6.89653948609e-08
0.0
0.0
0.0
0.0
0.00352312553864
0.0
0.0
0.0
0.0
0.0
0.0
0.0
0.0
0.0
0.00352312553864
0.0
0.0
7.83795098387e-05
0.0
0.0
1.0860900893e-06
0.0
0.0
0.0
0.0
0.0
0.0
0.0
0.0
0.0
0.0
7.83795098387e-05
0.0
0.0
0.0
0.0
0.0
0.0
0.0
0.0
0.0
0.0
0.0
0.0
0.0
0.0
0.0
3.99534628783e-08
0.0
0.0
0.0
0.0
0.0
0.0
0.0
0.0
0.0
0.0
0.0
0.0
0.0
0.0
0.0
0.0
1.0860900893e-06
0.0
0.0
0.0
0.0
0.0
0.0
0.0
0.0
0.0
0.0
0.0
0.0
0.0
0.0
0.0
0.0
0.0
0.0
0.0
0.0
0.0
0.0
1.41226188507e-05
0.0
0.0
0.0
0.0
0.0
0.0
2.99746484994e-05
0.0
0.0
0.0
0.0
0.0
4.98557148367e-06
0.0
0.0
0.0
0.0
2.17730177513e-06
0.0
0.0
0.0
0.0
0.0
0.0
0.0
0.0
0.0
0.0
0.0
0.0
7.83795098387e-05
0.0
0.0
0.0
0.0
0.0
0.0
0.0
0.0
0.0
0.0
0.0
0.0
0.0
0.0
0.0
0.0
0.0
0.0
0.0
0.0
0.0
0.0
0.0
0.0
0.0
6.31834280764e-05
1.0860900893e-06
0.0
0.0
0.0
0.0
0.0
0.0
0.0
0.0
0.0
0.0
0.0
7.83795098387e-05
0.0
0.0
0.0
0.0
0.0
0.0
0.0
0.0
0.0
0.0
0.0
0.0
2.99746484994e-05
0.0
0.0
0.0
0.0
0.0
0.0
0.0
1.0860900893e-06
0.0
0.0
0.0
0.0
0.0
0.0
6.31834280764e-05
0.0
0.0
0.0
1.55286856886e-07
0.0
0.0
0.0
0.0
7.83795098387e-05
0.0
0.00352312553864
2.99746484994e-05
0.0
0.0
0.0
0.0
0.0
0.0
5.85106855402e-05
0.0
0.0
0.000926274525024
0.0
0.0
0.0
0.0
7.83795098387e-05
0.0
0.0
0.0
4.04664350413e-11
0.0
0.0
0.0
7.83795098387e-05
0.0
0.0
0.0
0.0
0.0
7.83795098387e-05
0.0
0.0
0.0
0.0
0.0
0.0
0.0
0.0
0.000926274525024
0.0
0.0
0.0
0.0
0.0
0.000926274525024
0.0
0.0
0.0
0.0
0.0
0.0
0.0
0.0
0.0
0.0
0.0
0.0
0.0
0.0
0.0
0.0
0.0
0.0
0.0
0.0
0.000926274525024
0.0
0.0
0.0
0.0
0.0
0.0
0.0
0.0
0.0
0.0
0.0
0.0
0.0
0.0
0.0
7.83795098387e-05
0.0
0.0
0.0
0.0
0.0
0.0
0.0
0.0
0.0
0.0
0.000926274525024
0.0
0.0
0.0
0.0
0.0
0.0
1.0860900893e-06
0.0
0.0
0.0
0.0
0.0
0.0
0.0
0.0
0.0
0.0
0.0
0.0
0.0
0.0
0.0
0.0
0.0
0.0
0.0
0.0
0.0
0.0
0.0
0.0
6.82337609185e-05
0.0
0.0
0.0
0.0
0.0
7.83795098387e-05
0.0
0.0
0.0
0.0
0.0
0.0
0.0
0.0
0.0
0.0
0.0
0.0
0.0
0.0
0.0
0.0
0.0
0.0
0.0
0.0
0.0
0.0
0.0
0.0
0.0
0.0
2.99746484994e-05
0.0
0.0
0.0
0.0
0.0
0.0
0.0
0.0
0.0
0.0
0.0
0.0
0.0
0.0
0.0
0.0
0.0
0.0
0.0
0.0
0.0
0.0
0.0
0.0
0.0
0.0
0.0
0.0
0.0
0.0
0.0
0.0
0.0
0.0
0.00043148221547
0.0
0.0
0.0
0.0
0.0
0.0
0.0
0.0
7.83795098387e-05
0.0
0.0
0.0
0.0
0.0
2.46278347355e-05
0.0
0.0
0.0
0.0
0.0
2.99746484994e-05
0.0
0.0
0.0
0.0
0.0
0.0
0.0
0.0
0.0
0.0
0.0
0.0
0.0
0.0
0.0
0.0
0.0
0.0
0.0
0.0
0.0
6.31834280764e-05
1.0860900893e-06
0.0
3.984117807e-10
7.83795098387e-05
0.0
0.0
0.0
0.0
0.0
0.0
0.0
0.0
0.0
0.0
0.0
0.0
0.0
0.0
0.0
0.0
0.0
0.0
0.0
0.0
0.0
0.0
7.83795098387e-05
0.0
0.0
0.0
0.0
0.0
0.0
0.0
1.12740624679e-07
0.0
0.0
0.0
0.0
6.31834280764e-05
0.0
0.0
0.0
0.0
0.00352312553864
0.0
0.0
0.0
0.0
0.0
0.0
0.0
0.0
0.0
7.83795098387e-05
0.00352312553864
0.0
0.0
0.0