500
3.28739729383e-07
0.000446352463136
2.23607973519e-10
5.7775529567e-05
0.00512865325471
3.28739729383e-07
0.0
0.0102122638088
0.0190838665332
0.001252984298
0.000196940003063
0.00547058012284
0.00512865325471
2.98411544146e-05
0.00512865325471
0.0
0.00547058012284
2.81444918282e-07
0.0174980615905
1.53369673504e-09
0.000438502351649
5.7775529567e-05
9.70037726196e-15
0.001252984298
1.54168687615e-07
0.0102122638088
0.000196940003063
0.0174980615905
0.000196940003063
0.000219708084948
0.0102122638088
0.0364061501429
0.0174980615905
0.0174980615905
2.57918162123e-05
0.00547058012284
1.9669313063e-07
0.000677159371396
2.23597981143e-05
5.92965996956e-06
0.0174980615905
7.3938960082e-06
8.24612171738e-08
0.0174980615905
0.0102122638088
7.96724929949e-08
6.45622023546e-08
2.30511042129e-07
2.10911065922e-07
0.001252984298
1.89154606019e-05
0.000196940003063
0.00232150738067
9.82176171958e-07
0.0190838665332
6.53300010631e-05
1.24048937066e-05
0.00149708300252
0.0364061501429
0.000196940003063
6.70310531757e-07
0.00232150738067
0.00232150738067
1.07268037684e-07
7.96550488219e-10
0.00304981872677
1.9669313063e-07
0.0174980615905
0.000196940003063
5.42362579152e-06
9.49865083401e-08
0.0364061501429
4.69173923195e-07
0.0190838665332
9.59136489227e-07
7.47261512964e-05
1.54434960986e-09
0.000152433908267
9.59136489227e-07
1.43419299957e-05
1.13495080278e-07
0.000152433908267
0.0
0.000890278866431
0.00547058012284
3.14546015911e-07
0.000470152374825
0.0364061501429
3.14546015911e-07
0.0102122638088
4.64016556027e-07
0.0190838665332
0.0102122638088
2.67960465748e-06
6.56099383154e-06
0.0174980615905
0.00231416984776
0.000196940003063
2.25413795213e-05
7.47261512964e-05
5.36333383091e-11
0.000812155219264
5.03077226769e-08
0.0174980615905
0.0174980615905
3.14546015911e-07
0.0364061501429
1.54349560334e-09
0.000196940003063
0.000156116412237
0.001252984298
0.0029121042378
1.07268037684e-07
0.00547058012284
4.68245708459e-08
0.0364061501429
1.73263703773e-05
0.0190838665332
0.000199287759343
3.14546015911e-07
0.00547058012284
4.69173923195e-07
0.0174980615905
2.81444918282e-07
8.02434389825e-05
0.000196940003063
0.000196940003063
0.001252984298
2.20346609364e-06
0.0364061501429
0.0364061501429
1.31971381662e-07
0.0190838665332
0.0190838665332
0.00547058012284
6.53300010631e-05
0.00232150738067
2.81444918282e-07
4.78409879164e-09
6.53300010631e-05
7.47261512964e-05
7.69195421434e-09
5.31839739335e-05
1.91686635185e-05
0.000196940003063
4.49745159502e-07
0.000199287759343
3.67524670992e-05
6.70310531757e-07
0.0364061501429
6.76402361325e-08
0.0174980615905
0.000470152374825
0.00272017398555
0.000196940003063
0.000677159371396
0.0
2.81946307965e-05
0.000106667012513
0.0190838665332
2.13189724876e-06
0.0174980615905
0.00665893033672
6.53300010631e-05
1.91686635185e-05
0.0174980615905
0.0364061501429
1.36168707966e-08
0.0190838665332
0.00665893033672
0.0
6.15555548659e-09
0.00547058012284
0.0364061501429
0.000199287759343
1.64146066085e-08
1.75245149192e-08
0.0364061501429
0.0364061501429
1.65785885485e-09
0.0190838665332
1.91686635185e-05
1.91686635185e-05
0.0190838665332
6.70310531757e-07
0.0190838665332
0.0190838665332
0.0174980615905
7.5303632447e-08
0.0364061501429
9.69881197182e-05
6.53300010631e-05
9.64640568763e-08
7.13774067185e-05
0.000196940003063
1.07268037684e-07
0.0
2.60038986993e-08
3.51698016497e-05
5.7775529567e-05
0.000106667012513
0.000152433908267
0.0102122638088
0.0364061501429
0.00193822603806
2.20574945408e-07
0.000196940003063
0.0364061501429
0.0190838665332
2.81444918282e-07
0.0102122638088
1.17259883563e-06
2.81444918282e-07
0.00547058012284
0.0174980615905
2.63488611028e-10
0.000890278866431
0.000199287759343
1.07268037684e-07
0.00512865325471
1.91075907395e-06
0.00665893033672
0.00547058012284
0.0364061501429
0.000910204322569
9.54221032774e-06
0.0364061501429
0.000470152374825
0.00232150738067
9.59136489227e-07
0.00512865325471
9.64640568763e-08
0.00547058012284
0.0
0.0174980615905
0.000137881180548
0.00016086847053
2.02081663242e-05
0.0174980615905
0.0190838665332
0.000196940003063
3.28819371482e-08
0.0174980615905
4.52386458433e-08
6.47546326088e-09
0.000196940003063
0.00665893033672
2.30511042129e-07
0.0174980615905
0.0102122638088
6.70310531757e-07
0.000470152374825
2.81444918282e-07
4.32561023571e-08
0.000196940003063
6.70310531757e-07
0.0364061501429
0.00547058012284
0.0174980615905
0.0174980615905
0.0102122638088
0.0102122638088
0.0174980615905
0.00304981872677
0.0174980615905
0.0364061501429
0.0174980615905
0.000196940003063
0.00512865325471
1.91686635185e-05
0.0190838665332
2.30511042129e-07
0.0190838665332
4.54292218394e-08
0.0190838665332
0.0102122638088
0.0364061501429
6.76402361325e-08
2.81444918282e-07
1.75722829448e-10
0.0190838665332
0.00304981872677
0.0364061501429
9.59136489227e-07
5.49240214508e-12
0.000196940003063
0.0
1.5694064268e-05
2.34484513428e-08
0.0190838665332
0.0174980615905
0.0364061501429
1.01185764908e-07
3.14546015911e-07
2.20574945408e-07
0.00232150738067
0.00547058012284
0.0190838665332
0.0364061501429
0.000196940003063
2.57918162123e-05
1.9669313063e-07
0.0029121042378
0.0102122638088
0.0
0.0174980615905
0.0190838665332
0.0190838665332
0.0190838665332
0.000199287759343
0.0190838665332
9.13085019513e-09
5.59392972666e-08
9.69743528474e-09
0.0190838665332
0.0102122638088
3.14546015911e-07
0.000152433908267
7.47261512964e-05
4.74536056737e-08
0.0190838665332
0.00512865325471
6.26815337024e-06
4.69173923195e-07
0.000196940003063
0.00547058012284
0.0174980615905
0.0190838665332
7.02899159116e-06
0.0364061501429
0.0174980615905
0.0364061501429
8.7825322897e-07
3.18391303083e-05
0.000196940003063
0.0364061501429
4.63446740327e-12
3.14763076571e-08
0.0190838665332
0.0364061501429
9.64640568763e-08
0.0364061501429
3.47546321488e-08
0.000199287759343
1.33429682555e-05
0.0174980615905
9.99695309413e-14
0.0364061501429
0.00665893033672
0.0
0.0
5.35351508899e-08
0.0174980615905
2.30511042129e-07
0.0174980615905
0.0190838665332
0.000156240720552
0.000106667012513
8.7825322897e-07
0.000196940003063
4.41723173488e-08
2.23597981143e-05
0.001252984298
5.7775529567e-05
4.30361315785e-07
1.89545804111e-09
0.00193822603806
2.02081663242e-05
0.0174980615905
5.58390199958e-06
0.0190838665332
0.0364061501429
9.6364071975e-09
0.0174980615905
0.0102122638088
0.0174980615905
0.000152433908267
1.49828139447e-09
0.0174980615905
0.0364061501429
0.0190838665332
0.0364061501429
0.0174980615905
0.0190838665332
9.59136489227e-07
0.0174980615905
0.0102122638088
4.49745159502e-07
4.69173923195e-07
0.000137881180548
0.0190838665332
0.000851505304738
2.81444918282e-07
0.00665893033672
9.59136489227e-07
1.03063616359e-06
3.71282331025e-08
6.53300010631e-05
0.0174980615905
1.54168687615e-07
0.0174980615905
1.18512714337e-06
3.14763076571e-08
0.0364061501429
0.000470152374825
0.0
0.000196940003063
0.0190838665332
5.95221843934e-08
0.000407012855108
5.97101357903e-09
0.0190838665332
5.80499440573e-10
2.81444918282e-07
2.30511042129e-07
7.62469736512e-08
0.000407012855108
0.00665893033672
1.73263703773e-05
2.46821148693e-05
0.0174980615905
0.00231416984776
0.00547058012284
0.000101211898612
2.02081663242e-05
0.000106667012513
0.0190838665332
0.000196940003063
0.00512865325471
1.33429682555e-05
4.5656646183e-05
0.000137881180548
0.0190838665332
0.0102122638088
0.0190838665332
1.54168687615e-07
4.45479141185e-08
0.0174980615905
0.000196940003063
0.000851505304738
5.92965996956e-06
0.001252984298
2.62353004774e-08
0.0174980615905
6.49932246378e-08
0.00665893033672
0.000152433908267
5.7775529567e-05
0.000407012855108
0.0364061501429
5.2131278847e-09
1.91686635185e-05
5.7775529567e-05
0.000196940003063
0.0190838665332
0.000196940003063
0.00665893033672
0.000196940003063
0.0190838665332
3.91423906788e-06
1.26230991287e-08
7.5303632447e-08
0.000470152374825
6.5953820408e-07
0.000196940003063
6.53300010631e-05
9.59136489227e-07
9.59136489227e-07
1.21017794126e-15
0.000196940003063
0.000890278866431
1.71119855714e-05
0.000152433908267
5.4409388916e-05
3.14332042344e-07
0.00665893033672
0.000219708084948
0.000196940003063
0.000152433908267
0.000196940003063
2.10172710381e-08
0.00512865325471
0.0190838665332
0.000470152374825
0.0190838665332
3.14546015911e-07
0.0174980615905
0.0190838665332
2.02081663242e-05
0.00547058012284
1.85413850154e-08
1.12848752188e-07
0.0190838665332
5.39968077011e-09
0.000106667012513
0.0364061501429
1.85619683929e-06
6.53300010631e-05
0.00512865325471
2.30511042129e-07