500
0.00361575385016
3.8852396116e-07
1.02068867056e-10
1.43084525324e-09
2.23147341706e-08
1.37537727704e-11
0.00361575385016
0.0
0.00361575385016
1.50944352755e-55
0.0
0.000345302732031
0.00023831180837
0.0280925637463
0.00361575385016
3.8852396116e-07
0.0
1.77624603468e-11
0.0280925637463
0.0
0.000130876953011
2.27287085592e-32
4.8048969182e-24
4.18347465007e-21
9.03686704487e-07
0.0
9.89099453596e-30
1.08360909024e-13
1.13725792876e-36
2.65432594847e-07
0.00361575385016
0.000345302732031
8.35731656675e-06
0.0280925637463
0.000130876953011
0.00181948927866
0.00361575385016
0.00361575385016
0.00361575385016
9.21873374365e-12
3.8852396116e-07
0.0
5.24606966767e-06
2.13625175142e-06
0.0
0.000130876953011
2.68810549215e-11
0.00361575385016
3.70951239595e-05
7.4600440398e-30
3.55069511494e-22
1.35415080569e-08
1.91315772908e-11
0.00361575385016
0.000681874462225
9.90992327664e-10
5.01282542222e-06
0.00361575385016
0.0
0.0
2.19820621218e-11
4.02487219093e-32
2.46251127257e-13
0.00062504904792
3.18459539559e-12
4.91351429491e-12
2.27017635902e-07
0.000681874462225
7.64801768767e-10
0.000130876953011
0.0
0.00361575385016
0.000681874462225
9.90992327664e-10
0.0
5.81406288489e-38
0.00361575385016
0.00361575385016
1.43019219176e-27
1.09444842589e-11
6.35804535322e-08
0.0
3.73826174654e-14
3.70951239595e-05
0.00361575385016
1.34467362291e-14
0.0280925637463
0.00361575385016
0.0
8.95606298171e-22
3.56974680459e-15
1.01873733289e-10
2.100421128e-19
0.00361575385016
7.69271135133e-16
5.34379694623e-20
1.42627215464e-17
3.70951239595e-05
2.47872128572e-11
0.000681874462225
2.18461391713e-13
9.88463665594e-06
1.03639673412e-18
6.72748955598e-23
2.56002046782e-11
1.2841168873e-20
5.89965689561e-30
2.6312030703e-22
0.00361575385016
1.34818591607e-24
4.81919828235e-21
5.28562398214e-13
0.00361575385016
2.14077784714e-10
1.67142105547e-14
7.42462254646e-09
3.18459539559e-12
1.88110637264e-05
1.56111631218e-11
5.52127248728e-18
3.70951239595e-05
1.48892568807e-43
0.00361575385016
0.00612745313222
0.0
1.80616863349e-21
2.38533642316e-37
1.17619786239e-15
7.07810893976e-11
1.01326906464e-08
0.00361575385016
0.0
1.17258628606e-23
0.00361575385016
0.00442408335275
2.55446190713e-18
0.0
0.00361575385016
5.49090833709e-32
5.24606966767e-06
0.00361575385016
0.00361575385016
3.9445966603e-18
7.67768501933e-45
1.02918719383e-29
5.8944454924e-35
3.8852396116e-07
0.0
2.52526638874e-24
0.00361575385016
3.70951239595e-05
1.19646113622e-05
1.00435519348e-07
0.00361575385016
2.22374963143e-10
0.00361575385016
6.45163060554e-20
3.70951239595e-05
5.80280219219e-06
3.03971736822e-24
3.42984584996e-09
0.0
4.18240985746e-15
0.00361575385016
3.67848475599e-12
0.0016550828883
0.00361575385016
4.97114373212e-16
8.35731656675e-06
8.95453642542e-11
0.00361575385016
1.63382712522e-08
1.80523924778e-25
0.000681874462225
1.60578068277e-20
4.0031765239e-12
6.41285773783e-18
0.0280925637463
0.0280925637463
0.00361575385016
0.00361575385016
7.53999867895e-21
0.00612745313222
1.98960783012e-24
7.46615820942e-11
0.00361575385016
0.0
2.51698141841e-16
9.29186602479e-12
0.00361575385016
0.00361575385016
1.43969036608e-12
2.97726518618e-08
3.26127200455e-16
3.35561148494e-08
2.7089734006e-06
4.83505347708e-07
4.82152478714e-16
5.58477517507e-15
0.00361575385016
5.56404574232e-11
1.22686373334e-13
0.00143481924089
4.2527648082e-09
0.0280925637463
0.00361575385016
0.00361575385016
1.00435519348e-07
3.03273069658e-16
5.97844560144e-09
8.01585301268e-11
5.37341516407e-16
3.04967361585e-09
0.00361575385016
6.3646168741e-09
5.04158116171e-19
8.02919938745e-26
3.8852396116e-07
4.68231649649e-19
3.70951239595e-05
3.88130864639e-68
4.86339474807e-21
2.21629190901e-20
0.00291608872582
2.29499140826e-30
8.26521691405e-10
0.00361575385016
0.0
0.000681874462225
0.00361575385016
0.000681874462225
0.00023831180837
0.00291608872582
1.21333596424e-36
6.35804535322e-08
0.00361575385016
0.0
4.62842173498e-05
0.00361575385016
4.06342675812e-21
4.62842173498e-05
7.08474317325e-14
2.13625175142e-06
0.00361575385016
5.07407690509e-37
0.00361575385016
1.09921920636e-22
2.18054831305e-09
0.0
0.0280925637463
0.00143481924089
0.00361575385016
7.46615820942e-11
1.01326906464e-08
0.0
0.00181948927866
4.87092311825e-12
3.72108286118e-13
1.11320729106e-27
1.8683270517e-11
1.00435519348e-07
0.0280925637463
9.03686704487e-07
0.00612745313222
0.00361575385016
0.000345302732031
5.92405803539e-11
1.54359903272e-17
8.60523288721e-27
0.0
4.62842173498e-05
0.0
0.00361575385016
0.00361575385016
2.34740530734e-22
1.19789520811e-07
0.000345302732031
3.32813538887e-15
3.60930711828e-15
0.00181948927866
0.00361575385016
0.000681874462225
2.5167670376e-55
7.75222622933e-21
1.2268731965e-13
3.77794578058e-16
0.000345302732031
0.0
3.19462302009e-11
8.52497735116e-13
1.14956906955e-26
6.38320051447e-13
1.0179563241e-21
5.32710270377e-12
1.17795351091e-23
1.05532863469e-14
5.12858323038e-14
7.31155725125e-36
2.29423643297e-11
4.50387699247e-12
5.54598845254e-18
9.88463665594e-06
7.29603209412e-49
1.99617466322e-20
0.00361575385016
9.13954557023e-24
0.000681874462225
0.00361575385016
1.91532243191e-50
0.00361575385016
0.0
2.98431534854e-20
2.88370913783e-31
0.00361575385016
5.30430508539e-08
1.74755099006e-07
2.45941824159e-19
1.88110637264e-05
2.63492550805e-21
9.07516216967e-09
0.00361575385016
9.6406264562e-21
6.86860988547e-17
0.00361575385016
0.00361575385016
4.86449836018e-09
0.00442408335275
1.00435519348e-07
1.17472876172e-15
1.67958510928e-17
8.14325635945e-31
6.42005810998e-12
0.0
1.19789520811e-07
2.13625175142e-06
5.58677789248e-10
3.27818177484e-25
2.13625175142e-06
0.000681874462225
6.10704143216e-26
1.02774667797e-49
3.54442926449e-14
3.79438477087e-20
1.9703733356e-07
9.48778812325e-11
0.0280925637463
2.06505721159e-30
0.0280925637463
0.0
2.98763657155e-15
2.02348107466e-44
0.00361575385016
0.000995837551495
1.91499885511e-13
1.13940716499e-18
2.13625175142e-06
2.61905488055e-15
5.10010840365e-10
0.00442408335275
3.6355965132e-11
5.80280219219e-06
0.000681874462225
0.00361575385016
4.13111719922e-13
0.00361575385016
5.09352347105e-08
5.04658803092e-13
1.93768089712e-28
1.75145918174e-33
0.00361575385016
8.45109617486e-51
1.91437311262e-24
5.80280219219e-06
0.00361575385016
0.0
2.64063796031e-10
0.0
0.000681874462225
0.0280925637463
4.11343025865e-20
0.00361575385016
9.42340380783e-42
9.04436786502e-21
0.0
0.00361575385016
2.59557238321e-14
0.0280925637463
0.0
1.22106292934e-17
1.59239814935e-05
0.00361575385016
5.39580898469e-07
0.0
0.00361575385016
0.00361575385016
0.00361575385016
3.07219072016e-23
4.21045517913e-09
0.00361575385016
3.70951239595e-05
0.00361575385016
5.93232117503e-31
0.0
0.00361575385016
0.000681874462225
9.88463665594e-06
1.36729737766e-25
0.00181948927866
0.00181948927866
0.00361575385016
8.77851940791e-30
1.19789520811e-07
3.68289048335e-22
0.00361575385016
0.00361575385016
0.00361575385016
0.0
1.54159253983e-48
1.8434982962e-29
7.65857625698e-23
0.00361575385016
2.20542261685e-34
3.1291414373e-11
4.19072556661e-16
0.00361575385016
0.0
1.66814047649e-07
1.6265310771e-09
0.0280925637463
6.88945139393e-15
2.44212334059e-20
7.40692711706e-23
0.000303889864271
1.08338205748e-13
0.00117788470457
0.000681874462225
0.0
5.74332880045e-29
1.40004870188e-34
4.27541830848e-23
8.23541940535e-21
0.0280925637463
0.00361575385016
0.0
0.00361575385016
5.25740725393e-17
9.86150456246e-12
1.3708552964e-11
1.29059971025e-11
0.000681874462225
7.58591316064e-09
1.42369641513e-10
8.35731656675e-06
2.27017635902e-07
0.00361575385016
7.46615820942e-11
8.35258023342e-41
2.19078349168e-36
4.18617542537e-39
0.0
3.66838525864e-28
1.27806197658e-05
0.0280925637463
5.09352347105e-08
3.22213185035e-32
0.0
0.0280925637463
1.28420093464e-12
2.20127045546e-13
6.98645870963e-12
0.0
5.35637149186e-09
5.02787173917e-19
0.00612745313222
1.8879160178e-29
1.35600820185e-19
0.00361575385016
1.4860805928e-09
0.0
0.000681874462225
3.29911250323e-16
1.9069341567e-10
0.00361575385016
8.37713085828e-09
4.8846724622e-13
0.00361575385016
9.4522027574e-14
0.000345302732031
6.5304026582e-13
1.92424584807e-18
0.00361575385016
9.90992327664e-10
0.00291608872582
2.04670500681e-14
8.92390384675e-21
0.00023831180837
0.00291608872582
0.00361575385016
0.00361575385016
0.00143481924089