500
8.73349303809e-06
0.000296316287755
0.000155904151845
2.79299293189e-13
9.28160734813e-05
3.58810656479e-07
1.79386292606e-05
9.81115270857e-08
1.1307671576e-18
3.96132935993e-05
7.09878549823e-05
8.7252087348e-13
3.02942988111e-07
0.0416984652021
0.000232250877527
1.32205134789e-06
0.0416984652021
2.57009606812e-08
0.0263470487269
1.36619269348e-05
2.912813759e-06
2.2152763277e-11
0.0416984652021
0.0416984652021
1.64561301877e-33
1.40393535947e-08
0.0416984652021
2.26369057707e-07
6.71737052615e-07
0.0171145547999
2.8077872388e-17
0.00035423421193
9.71776205936e-07
0.0416984652021
2.4243279093e-06
0.00179378946535
0.000204026709947
2.27456071018e-06
9.77673187034e-05
1.20907965437e-06
0.000433433320271
2.4243279093e-06
0.000430631037805
0.0416984652021
6.04941897761e-15
9.61208011571e-26
1.04242712075e-09
0.0416984652021
0.0232048693458
1.43678829635e-08
4.50643812692e-15
0.00064992673124
1.10306770815e-05
5.47705680475e-11
8.03712372851e-09
0.0224339434539
0.000356616734853
7.14537477444e-08
0.0416984652021
1.62584457512e-05
6.41552443267e-10
0.000109250156564
0.0416984652021
6.73204931836e-10
0.000144092530859
9.41260584475e-06
0.00104131618562
1.3279575384e-06
1.64625392227e-06
0.00104253343254
1.34893248207e-13
2.66093041825e-13
0.0171145547999
0.00018725507924
0.000107620780876
3.75530735875e-08
0.000361671133166
0.0308243274595
0.00200253759353
0.00366710173744
0.0416984652021
0.000155904151845
1.83618201866e-15
6.01058710146e-06
0.0416984652021
2.71990596951e-07
1.71496018812e-05
2.78065425061e-05
0.0263470487269
0.000433433320271
0.000618166560358
4.65838357446e-10
4.83158347913e-05
1.07803998059e-06
0.0232048693458
1.20909591487e-08
2.27579603927e-16
3.37176724989e-06
2.80140321914e-06
0.000206970073398
0.000148693025483
0.00139280797872
0.00266138687102
0.00127066210215
2.36490118145e-05
9.13005638336e-06
0.000590190394662
0.000430631037805
0.0416984652021
0.0263470487269
0.0308243274595
0.00583310250496
3.40431094009e-06
0.000103341027885
1.07703117315e-14
0.00189865173436
8.29219991551e-10
0.0224339434539
0.0224339434539
0.000268489803904
0.000356616734853
0.0416984652021
0.00571778528174
2.21544918114e-21
0.0232048693458
6.28007432852e-05
2.22286305343e-17
0.000361671133166
0.000278434734538
0.0416984652021
2.98900101144e-07
5.20275951352e-05
7.78822537383e-05
0.000142954770769
0.0308243274595
2.50350008735e-09
0.000375739632162
0.000682240431098
1.38023577619e-05
1.99157184675e-07
0.0416984652021
4.80875563356e-05
1.88070783167e-06
5.28184619329e-08
1.98119919107e-06
4.80907987023e-10
5.74889469207e-15
0.00515755913638
1.27048140777e-05
0.000559345467358
0.000447224276974
1.34677237861e-08
0.0416984652021
0.000113788347874
1.84701976599e-05
1.62319192152e-05
5.91095631859e-05
8.36295818097e-06
0.000278434734538
9.07901609343e-08
0.000124182287781
0.0416984652021
0.0224339434539
0.0224339434539
1.86379231022e-07
2.64054375523e-11
3.44169151396e-06
1.08834313975e-06
0.0416984652021
1.63408551249e-05
6.25301299946e-12
2.6338754284e-06
4.33772377096e-17
0.0022430551203
0.000264326088477
0.00012130032033
1.09668680104e-06
1.01142314343e-08
1.30806983044e-07
0.0308243274595
0.000682240431098
0.000612912221211
0.000356616734853
0.000320924603367
0.0416984652021
0.000268710925087
1.05317797644e-07
6.38544607462e-06
0.0416984652021
3.40363185516e-05
0.000228800527115
1.23600859225e-14
0.0416984652021
0.00266138687102
5.19735514192e-05
3.57463577753e-07
0.0224339434539
5.80391426998e-06
1.13748742415e-12
0.000268489803904
0.00139260356724
3.31852211457e-05
8.39521813107e-07
0.00104253343254
5.84031375035e-07
2.6516194313e-18
0.0224339434539
5.83616286483e-06
8.47566864545e-12
3.22692706678e-06
6.24208437356e-05
0.000323113630885
9.53256206902e-13
0.0416984652021
0.000682240431098
1.17844954429e-09
0.0232048693458
3.13486836757e-06
0.000829134032583
7.87500000892e-06
0.0224339434539
0.0224339434539
0.000416488276394
4.09324142827e-10
0.0232048693458
8.58928644318e-07
6.66412948561e-05
2.83634248014e-08
8.08130753669e-06
7.16826127832e-08
1.01967242459e-07
0.0171145547999
0.0416984652021
1.49365946048e-12
2.60780631005e-10
0.000124182287781
0.0308243274595
0.000559345467358
0.00266138687102
0.000154093509733
0.00320284317952
2.57509839914e-16
2.235842056e-08
2.89067043023e-07
0.0224339434539
6.3753275768e-05
0.0232048693458
0.0263470487269
0.000134761237717
3.45442174806e-05
0.000268489803904
0.0224339434539
1.11753044799e-09
0.0308243274595
1.0269591597e-06
2.79495833999e-07
0.000416488276394
0.0224339434539
1.85582566953e-07
0.0416984652021
0.000559345467358
5.5632326327e-07
9.74405606653e-11
6.94211118106e-05
1.31159155666e-07
0.000307011444847
0.000150417578943
0.000330660471135
0.0224339434539
0.0416984652021
0.0308243274595
7.26733248616e-05
0.0232048693458
0.0416984652021
0.0416984652021
0.0416984652021
1.1747314712e-35
7.14206811873e-05
0.0308243274595
0.000682240431098
2.80261550478e-20
0.0416984652021
0.0416984652021
0.0416984652021
4.78554863649e-12
0.000590190394662
0.000202674169356
3.41808686182e-06
0.0232048693458
1.21226287652e-13
1.82564953291e-11
7.17742228152e-05
7.3539648099e-07
0.0308243274595
4.37901080588e-08
0.0224339434539
6.62378375532e-05
0.000612912221211
0.0232048693458
1.00002213705e-05
0.0416984652021
0.0224339434539
0.0308243274595
0.000743211565796
5.99859974399e-13
6.68287814077e-07
4.15616384214e-12
0.000330660471135
0.000239380881087
0.000219042841051
7.30699748766e-08
0.0416984652021
3.95397874134e-20
4.31344684762e-06
4.02021938257e-05
0.0232048693458
0.000864868228327
0.0416984652021
0.000196544254094
0.0171145547999
2.08524876424e-05
0.000439909146034
0.000267354431087
0.000214634841364
0.0416984652021
3.06030973551e-05
0.000142075426711
3.46510689067e-11
0.0416984652021
0.0308243274595
2.32727449213e-21
0.0416984652021
3.78724542048e-05
0.0416984652021
0.0416984652021
0.0416984652021
0.000485543651932
0.0416984652021
3.00530555556e-21
4.43732176346e-05
3.82150186557e-08
0.0224339434539
9.26285174342e-06
1.74376918087e-08
0.000508292224619
7.52473447975e-06
0.0416984652021
0.000436280373878
4.46213269337e-08
6.33499412204e-11
0.000829134032583
7.73021272752e-06
0.000590190394662
0.000618166560358
0.000161120889844
5.20433654575e-05
0.000590190394662
0.0232048693458
0.0416984652021
0.0416984652021
9.63040291155e-10
0.00139260356724
0.000250973153505
2.42682635446e-05
0.0308243274595
0.0308243274595
6.87533624575e-10
0.0263470487269
0.000156539176364
1.83363251769e-10
1.85320059251e-05
1.07299416791e-07
0.0416984652021
0.00142746677491
1.32564483574e-22
0.00697703138727
7.6811397114e-06
0.000101951505944
2.84712688205e-05
0.00266138687102
6.78373754168e-08
1.4249275648e-06
0.000450381026103
2.39263134543e-05
0.0416984652021
0.000200093991226
1.24281538565e-17
0.0416984652021
9.92497624723e-08
6.43999742941e-14
0.000304487799056
3.23829906426e-05
3.41387995332e-07
4.71412860817e-05
0.000829134032583
1.1453447098e-24
2.67415174503e-18
0.0224339434539
0.00021446884903
0.00142746677491
1.42117953923e-07
7.7147544913e-09
8.30693316384e-07
3.89088091968e-05
0.00232013605227
0.0416984652021
0.0416984652021
2.16173443061e-08
1.94141923249e-10
3.64448377925e-08
0.00354527111494
0.000508292224619
0.000296316287755
2.04342343194e-11
6.35255778478e-14
0.000485543651932
2.1267905254e-08
0.0416984652021
2.84336995932e-08
8.95210104945e-18
0.0224339434539
0.00016294309729
0.0308243274595
0.000624277530081
5.55383957085e-06
0.00354527111494
1.4145778447e-08
4.05917224463e-06
0.0416984652021
0.0232048693458
0.000433433320271
3.31593205941e-18
3.65244137856e-07
0.0171145547999
0.0224339434539
0.0308243274595
1.42152360369e-05
6.5752948772e-05
5.22002777858e-09
0.0171145547999
0.0224339434539
0.0308243274595
4.58839551736e-05
8.51328976541e-08
5.70698600447e-11
1.52711122136e-09
0.0171145547999
3.37059560298e-13
0.000263824936811
0.0416984652021
0.000120450749537
0.000265667492265
0.0416984652021
0.00137184413971
1.32499036207e-09
0.0224339434539
0.000107316382271
3.62279127584e-06
1.92803631739e-08
3.09132516844e-05
3.15443031731e-09
0.0308243274595
0.000559345467358
5.64089458085e-05
0.000276844536141
3.1553004847e-11
8.99602203112e-11
6.8616109384e-05
3.49887679171e-19
0.0171145547999
2.1786359578e-07
0.0224339434539
1.68880514327e-09
0.000239380881087
0.000612912221211
0.0416984652021
1.02508811885e-07
6.77590012992e-07
0.00016294309729
4.09824673371e-11
0.000442600580108
0.00354527111494
7.09878549823e-05
9.93433648664e-20
6.51077795628e-07
0.000296316287755
3.94769439621e-09
6.82579859654e-06
2.54911122557e-05
2.45490335606e-05
7.41370192232e-06
6.47591988223e-05
9.04867548468e-20
7.8803654886e-16
0.000433433320271
0.0308243274595
0.00515755913638
0.0308243274595
0.0416984652021
0.000559345467358