500
6.26593910485e-06
0.00030173411776
7.63838275748e-05
9.47721919939e-13
0.000169372755185
6.98887735349e-07
1.83210189766e-05
3.2540685781e-07
2.81849230312e-19
5.45385434646e-05
5.39273310311e-05
6.05065497628e-13
4.90331710829e-07
0.038478071865
0.00012790169344
6.98063887457e-07
0.038478071865
3.66670470275e-08
0.0304767495158
8.31691507038e-06
6.62978393234e-07
1.18573236064e-11
0.038478071865
0.038478071865
0.0
6.50958877905e-09
0.038478071865
3.74189329835e-07
9.90474137208e-07
0.0191821520312
1.8004667283e-16
0.000252419119361
5.38121465029e-07
0.038478071865
7.53737356114e-06
0.0012266682032
9.59892240092e-05
1.87835282537e-06
0.000110718294672
1.67538440419e-06
0.000375718198765
7.53737356114e-06
0.000344483178277
0.038478071865
3.51550141065e-15
5.3039418368e-25
1.51495868334e-09
0.038478071865
0.023314892103
9.46349309913e-09
0.0
0.000297864844489
1.65824825784e-05
1.06412634316e-10
1.21262111162e-08
0.0200398905367
0.000275555617936
1.07902125931e-07
0.038478071865
8.89159190072e-06
8.92215415852e-10
0.000182446587138
0.038478071865
5.26222634002e-10
0.00018657783963
1.21282146003e-05
0.00109818179479
1.40536634794e-06
8.73425876365e-07
0.000751269914592
1.4499641851e-13
4.5407111378e-14
0.0191821520312
8.04145087834e-05
3.26387590323e-05
1.55856328671e-08
0.000272672971658
0.0288585538987
0.00178653024533
0.0032802062776
0.038478071865
7.63838275748e-05
2.18542892624e-15
2.65225777441e-05
0.038478071865
7.03855610402e-08
3.13788373528e-05
2.12676187124e-05
0.0304767495158
0.000375718198765
0.000501182573781
1.08032250494e-09
5.52748941556e-05
1.61950144142e-06
0.023314892103
5.72339281791e-09
2.3875932586e-17
3.76246538013e-06
7.90547674848e-07
9.59401791674e-05
0.000132397189233
0.000922617253538
0.00227890190272
0.0011109263567
1.4989439706e-05
1.02962599595e-05
0.000478682903281
0.000344483178277
0.038478071865
0.0304767495158
0.0288585538987
0.00636158131066
3.48294606136e-06
0.00011887934325
7.41299117623e-15
0.001695654248
2.3928584046e-10
0.0200398905367
0.0200398905367
9.18808089688e-05
0.000275555617936
0.038478071865
0.00529209120617
0.0
0.023314892103
4.25146177268e-05
7.12136199238e-18
0.000272672971658
0.000248620959629
0.038478071865
1.54133876377e-07
3.37083485533e-05
0.000108029975181
0.000169255762844
0.0288585538987
1.63353702939e-09
0.000275444807461
0.000472687549472
1.16093253097e-05
9.58247539066e-08
0.038478071865
1.18115914436e-05
4.30503877192e-07
4.28359552494e-08
2.11002602753e-06
2.0571490711e-10
6.13361535446e-15
0.00449874061556
1.21208208191e-05
0.000522919416791
0.000668764354102
2.62750438496e-08
0.038478071865
7.12864549966e-05
2.50735419498e-05
8.98420075593e-06
1.90961956732e-05
7.17420049348e-06
0.000248620959629
0.0
0.000260090644214
0.038478071865
0.0200398905367
0.0200398905367
2.94706570788e-07
2.978282812e-11
2.34228155527e-06
4.04785133408e-07
0.038478071865
1.39857009699e-05
1.27927843303e-11
1.46303092753e-06
2.71068808483e-17
0.00126418519145
0.000275076280747
8.35023647814e-05
7.38408325429e-07
2.39928979631e-08
2.14144964047e-07
0.0288585538987
0.000472687549472
0.000483398700299
0.000275555617936
0.000153084060513
0.038478071865
0.000225988100826
1.64247541805e-07
1.51011676e-06
0.038478071865
2.2590308859e-05
0.000115498837611
1.18106901266e-13
0.038478071865
0.00227890190272
6.8444084355e-05
1.51170850334e-07
0.0200398905367
6.05849334185e-06
2.25593312259e-12
9.18808089688e-05
0.00132794006345
2.9073864382e-05
6.13244506424e-07
0.000751269914592
3.59789495955e-07
9.1340340688e-19
0.0200398905367
5.78664435576e-06
7.64366470917e-12
1.95816614569e-06
4.45270050217e-05
0.00029216503368
1.50135360038e-12
0.038478071865
0.000472687549472
8.52028271406e-10
0.023314892103
1.0672606509e-06
0.000644531600399
3.84866759011e-06
0.0200398905367
0.0200398905367
0.000406384047378
4.07095300643e-10
0.023314892103
3.16029994655e-07
4.85756462584e-05
1.49546404351e-08
3.09184330366e-06
8.18635438045e-08
5.47045267497e-08
0.0191821520312
0.038478071865
5.81275178907e-13
4.48483144179e-10
0.000260090644214
0.0288585538987
0.000522919416791
0.00227890190272
8.68505171472e-05
0.00269418585214
4.70292555632e-16
1.07576418881e-08
2.52820215702e-07
0.0200398905367
8.80273547221e-05
0.023314892103
0.0304767495158
6.680276981e-05
2.2598514337e-05
9.18808089688e-05
0.0200398905367
5.33832546675e-10
0.0288585538987
9.5189273063e-07
3.14215439656e-07
0.000406384047378
0.0200398905367
1.92672621001e-07
0.038478071865
0.000522919416791
5.10003029795e-07
1.28029578754e-10
5.78236487672e-05
2.42798917281e-07
0.000259925664394
0.000113489875365
0.000359636875083
0.0200398905367
0.038478071865
0.0288585538987
5.21996331701e-05
0.023314892103
0.038478071865
0.038478071865
0.038478071865
5.89082141332e-35
5.14912108196e-05
0.0288585538987
0.000472687549472
0.0
0.038478071865
0.038478071865
0.038478071865
0.0
0.000478682903281
0.000204937236603
2.04449455496e-06
0.023314892103
0.0
1.92432569833e-11
6.36236742263e-05
4.11398851327e-07
0.0288585538987
9.90117256533e-08
0.0200398905367
5.08741841438e-05
0.000483398700299
0.023314892103
9.66309908276e-06
0.038478071865
0.0200398905367
0.0288585538987
0.000566955154344
1.8722414404e-13
4.99082967823e-07
0.0
0.000359636875083
0.000253225116811
0.00022630058832
1.3501052677e-07
0.038478071865
2.19605692442e-20
1.9285522177e-06
1.25192643473e-05
0.023314892103
0.000448039215163
0.038478071865
0.000213526078086
0.0191821520312
1.31669647481e-05
0.000372160113635
0.000204504728744
0.000209485337737
0.038478071865
1.25010730018e-05
0.000177213164723
1.26364723879e-10
0.038478071865
0.0288585538987
3.93231304675e-21
0.038478071865
2.9340798015e-05
0.038478071865
0.038478071865
0.038478071865
0.000350989531669
0.038478071865
7.72898155517e-21
1.92525260007e-05
2.35303992643e-08
0.0200398905367
6.64001156022e-06
2.28830034393e-08
0.000367259743281
7.4696026298e-06
0.038478071865
0.000359012177461
0.0
1.54370821961e-10
0.000644531600399
2.48316127618e-06
0.000478682903281
0.000501182573781
0.000188950521085
6.74650798734e-05
0.000478682903281
0.023314892103
0.038478071865
0.038478071865
8.57983574649e-10
0.00132794006345
0.000194183769969
3.41259652717e-05
0.0288585538987
0.0288585538987
1.40409695219e-09
0.0304767495158
0.000194792343022
1.69722696055e-10
1.18416855545e-05
7.12843483825e-08
0.038478071865
0.00132854519936
2.49714696368e-22
0.00599832082075
1.00485874928e-05
0.000150209059725
3.28244851574e-05
0.00227890190272
5.31284574855e-08
1.95966730059e-06
0.000704821598756
1.57245267321e-05
0.038478071865
8.24636322609e-05
9.231291479e-18
0.038478071865
6.99008953695e-08
9.24493517278e-14
0.00022868463784
3.69716121266e-05
1.10441877999e-07
3.57399029724e-05
0.000644531600399
0.0
9.05472024167e-18
0.0200398905367
0.000153844205682
0.00132854519936
1.41951843998e-07
1.35576233029e-08
1.12706135477e-06
4.87219477514e-05
0.00147078354958
0.038478071865
0.038478071865
3.98790542136e-08
5.82355843194e-11
1.91784877132e-08
0.0028194415162
0.000367259743281
0.00030173411776
1.14529354553e-10
3.94750541516e-15
0.000350989531669
1.88956626627e-08
0.038478071865
5.16477667846e-09
2.14558300198e-17
0.0200398905367
7.98201033097e-05
0.0288585538987
0.000653208421345
1.89210593597e-06
0.0028194415162
1.04811875988e-08
0.0
0.038478071865
0.023314892103
0.000375718198765
6.22493891564e-19
3.18893474268e-07
0.0191821520312
0.0200398905367
0.0288585538987
4.31832159743e-06
4.0758790361e-05
1.18353885934e-09
0.0191821520312
0.0200398905367
0.0288585538987
5.94477621155e-05
3.02133099495e-08
0.0
3.97906565088e-10
0.0191821520312
4.97100279707e-13
0.000114157842382
0.038478071865
5.98650774823e-05
0.000214101096776
0.038478071865
0.00120420174225
6.11600019045e-10
0.0200398905367
0.000159037012224
2.00141898648e-06
8.04746437443e-08
1.51195520174e-05
3.77626639961e-09
0.0288585538987
0.000522919416791
6.42260962627e-05
0.000170994886615
6.16737881597e-11
2.997187373e-10
4.78302274283e-05
1.78775988846e-19
0.0191821520312
2.94570660058e-07
0.0200398905367
1.05288350157e-09
0.000253225116811
0.000483398700299
0.038478071865
8.94138215187e-08
4.19084528671e-07
7.98201033097e-05
4.30044627678e-11
0.00016247745824
0.0028194415162
5.39273310311e-05
0.0
6.33508514364e-07
0.00030173411776
3.91126614809e-09
5.29955690074e-06
2.0498111007e-05
1.58229553539e-05
1.02464545121e-05
8.38763549295e-05
0.0
5.528655831e-15
0.000375718198765
0.0288585538987
0.00449874061556
0.0288585538987
0.038478071865
0.000522919416791