500
0.00188705243777
1.76345658876e-11
0.0
0.0
0.0
0.0
0.0
2.34659500724e-06
0.000489149604738
0.0030012550354
0.0
0.0
0.00789563960291
0.0
0.0
0.000151263306961
0.00338051019452
0.000476276392204
0.0
0.00600902042646
0.0
0.0
2.24291035843e-05
1.53593376608e-05
0.0
3.23899551523e-09
0.0
0.0
1.54752213127e-07
0.000665988830894
0.0
0.0
0.0
0.0
8.71256968743e-10
0.0
0.0
3.66956214941e-05
0.0
0.0
0.00972964664632
0.0
0.0
0.0
8.77085580388e-06
0.0
0.0
3.77001560464e-07
0.0
0.0
0.0
5.05580676846e-06
0.0
0.0
0.000214210510111
4.07849268521e-05
0.00972964664632
0.0
0.00075674882944
0.0
0.0
0.0
0.00789563960291
0.00188705243777
0.0
0.0
0.00624506637953
0.00972964664632
0.0
0.0
0.0
0.0
0.0
0.0
0.0
0.000261777070224
0.0
0.0
0.0
1.59461652495e-07
0.0
0.0
0.0
1.91837295058e-11
0.0
0.0
0.0
0.00188705243777
0.0
0.0
0.0
0.0
0.00600902042646
0.00972964664632
0.0
0.0
0.00029173896392
0.000637597828217
0.0
0.00600902042646
0.0
0.0
0.000882494648201
0.0
0.0
0.00600902042646
5.04961995367e-05
0.0
0.0
0.00972964664632
0.0
0.0
0.0
3.10117616354e-07
0.0
0.0
0.00624506637953
0.0
0.0
0.0
0.00024935381996
0.0
0.0
0.00188705243777
4.66627428671e-06
0.0
0.0
0.0
0.0
1.10564319976e-07
0.0
0.0
0.000166735066011
0.0
0.0
0.0
0.0
0.0
0.0
0.0
0.0
8.72081807262e-05
0.0
0.0
0.0
0.0
0.0
0.0
0.0
0.00972964664632
0.0
0.0
0.00154967688072
0.0
0.0
0.0
0.0
0.00016034227708
0.0
0.0
0.000882494648201
0.0
0.0
0.0
0.00600902042646
0.000882494648201
0.0
7.47511581354e-05
3.71720864131e-05
0.0
0.000980069078685
1.73951463007e-06
0.0
0.0044994369623
0.0
0.000516835733909
2.96810518732e-09
0.0
0.0
0.0
0.0
1.01400137128e-06
1.36802863995e-06
0.0
0.0
0.0
0.00261901427408
0.0
0.0
3.38480732616e-07
0.0
0.00834021953196
0.0
0.000367842398911
0.0
3.0014795921e-05
0.0
0.00789563960291
0.0
5.62337379727e-05
0.0
0.0
0.0
0.0
0.0
0.0
0.0
0.0
0.00251833202953
0.0
0.0
5.41797748617e-09
0.00972964664632
0.0
0.0
0.0
3.06702398892e-05
0.0
2.08804633676e-05
0.00972964664632
0.0
0.0
1.41463516199e-08
0.0
0.0
0.000208212309934
0.0
0.000762288231692
0.0
0.00178238611696
0.0
0.0
0.000665988830894
0.0
3.78304990509e-06
0.0
0.0
0.0
0.0
0.0
0.00624506637953
0.0
3.91770045563e-06
0.0
0.0
0.00834021953196
0.0
0.0
0.0
2.50807949631e-05
0.0
0.0
0.0
0.0
0.0
0.0
5.1704573817e-05
0.00024935381996
0.000159845240208
0.0
0.00789563960291
3.64687153253e-08
1.46808823451e-06
0.0
0.0
0.0
0.00188705243777
0.0
4.27804145527e-09
3.42956055346e-07
0.0
0.0
1.94046851081e-05
0.0
0.00972964664632
0.000480785706064
0.0
0.0
0.00137437754082
0.0
7.08281100908e-11
0.00190098923386
0.0
0.0
0.0
0.0
0.0
0.0
1.48482919058e-05
0.0
3.34620286496e-06
0.0
0.0
0.0
0.0
0.0
0.0
0.0
0.0
0.0
0.0
0.0
0.0
0.00600902042646
0.0
0.00789563960291
1.525543578e-06
0.00338051019452
0.0
0.0
0.00095254184786
9.23491379213e-07
0.0
0.0
0.0
0.0
0.000364545856982
0.0
0.0
7.76692786455e-07
0.0
0.000244300096546
0.0
0.0
0.000291420033633
0.0
0.0
0.0
2.47233174352e-09
0.0
0.0
0.0
3.48700780334e-06
0.0
0.00972964664632
0.0
8.33133917847e-09
2.87546323513e-06
0.0
0.0
0.0
0.0
6.36143750366e-07
0.0
0.0
0.0
3.15034008913e-08
0.0
0.0
0.0
0.0
0.0
5.11881173263e-08
0.0
9.57191726815e-06
4.94029769189e-07
0.000246603922564
4.58923285939e-17
0.00834021953196
0.0
0.0
0.0
4.78843742784e-06
1.79963968805e-07
0.000480785706064
0.0
6.45849467763e-06
0.0
0.0
0.00024935381996
0.0
0.0
0.0
0.0
0.000113346460304
0.0
0.0
0.0
0.0044994369623
3.98355039639e-05
1.21968370101e-07
1.29786666851e-05
0.0
0.0
0.0
0.0
0.0
0.00137437754082
0.0
0.0
0.0
5.74467442061e-07
0.0
4.83902824951e-06
0.00972964664632
0.00789563960291
0.0
0.0
0.0
0.0
0.0
0.0
0.0
0.0
0.00178238611696
0.0
0.0
4.81715328871e-05
0.0
0.00178238611696
0.0
0.0
0.000924533461262
0.0
0.0
6.6921903788e-05
6.39168311674e-10
0.00251833202953
0.00789563960291
2.24543561409e-06
1.01574316258e-06
0.0
0.0
0.0
0.0
2.36089221489e-08
0.0
0.00834021953196
0.0
0.0
0.0
0.00600902042646
0.00834021953196
0.0
2.0506125402e-07
0.0
0.0
0.00188705243777
0.0
0.0
0.0
0.0
0.0
0.000707786752197
0.0
0.0
0.0
0.0
0.0
7.30270427633e-06
0.0
0.0
0.00789563960291
0.0
0.00834021953196
0.00338051019452
0.0030012550354
0.0
0.0
1.52227660259e-08
0.0
1.11578828393e-05
2.40269475144e-08
0.0
0.000367842398911
1.1434990224e-05
0.000640127189735
0.0
0.00600902042646
2.26689553756e-06
0.0
2.36211813503e-05
0.0
0.0
0.0
0.0
0.0
0.00190098923386
0.0
0.0
3.99809230587e-06
0.0
0.0
0.00834021953196
0.0
0.0
0.0
0.0
0.0
0.0
0.0
3.38999153105e-05
0.00338051019452
0.0
2.73249915242e-11
0.0
0.0
4.19182004786e-06
0.00251833202953
0.0