500
1.36549292657e-05
0.000105235222808
2.59330555454e-05
1.07528010612e-13
0.000129008675514
4.45001428218e-07
1.75008296806e-05
3.04066004132e-07
3.58561755248e-19
3.3828807857e-05
5.87846779217e-05
4.60453859429e-13
2.59941573925e-07
0.0268718583832
0.000171200150967
9.1350389144e-07
0.0268718583832
2.68217235379e-08
0.0254964124316
9.97340880433e-06
1.14986006786e-06
8.09643576492e-12
0.0268718583832
0.0268718583832
1.23676718563e-33
5.68750459746e-09
0.0268718583832
1.29733992666e-07
4.81078890223e-07
0.0145333
8.23798621656e-17
0.000137350890882
1.20003087774e-06
0.0268718583832
3.08674203427e-06
0.00127096582787
0.000109596079431
1.44959916289e-06
7.60455183009e-05
1.41331927816e-06
0.000347876169833
3.08674203427e-06
0.000229217993037
0.0268718583832
8.76169155102e-16
3.06175246532e-26
5.04282991827e-10
0.0268718583832
0.0241281
1.17402517204e-08
4.19885271302e-15
0.000394120479296
8.17595330799e-06
3.13962881887e-11
5.95970588732e-09
0.0187663
0.00029201164259
1.28977483678e-08
0.0268718583832
1.1688370948e-05
3.05847991195e-10
7.96671498472e-05
0.0268718583832
3.03756456403e-10
0.000112787106922
7.13663560332e-06
0.0010189124478
1.40582926825e-06
1.65114000607e-06
0.000616968868793
5.82940693096e-13
1.3615414164e-13
0.0145333
0.00014615492673
5.47682103971e-05
3.69805654988e-08
0.000144969682466
0.0299132
0.0013916509344
0.0038915118287
0.0268718583832
2.59330555454e-05
9.66334847016e-16
1.4193165133e-05
0.0268718583832
1.71976240595e-07
1.34366277461e-05
2.29445359814e-05
0.0254964124316
0.000347876169833
0.000398849465563
5.42799862463e-10
4.4296648152e-05
1.20566644772e-06
0.0241281
1.85752322658e-08
4.81391443248e-17
2.42786827961e-06
5.02546837071e-07
0.000143474825602
7.41133037964e-05
0.000986564628068
0.00170719491549
0.000824589915996
2.19675376333e-05
1.71645451815e-05
0.000226854160178
0.000229217993037
0.0268718583832
0.0254964124316
0.0299132
0.00585782845941
2.1964689572e-06
6.41772324822e-05
2.4654754182e-14
0.000912202158542
1.78618535101e-10
0.0187663
0.0187663
0.000146409791213
0.00029201164259
0.0268718583832
0.00482456437242
5.29952173863e-22
0.0241281
1.80781020364e-05
1.43852052295e-17
0.000144969682466
0.000166978638235
0.0268718583832
1.62109775568e-07
4.83246915281e-05
8.09655280511e-05
0.000134548888143
0.0299132
1.11610296615e-09
0.000376811811377
0.000413397859286
1.41900471132e-05
9.94558357191e-08
0.0268718583832
2.80365291626e-05
9.90423631064e-07
2.49022225461e-08
1.9808125302e-06
3.94387786767e-10
2.2344035443e-15
0.00378135893206
2.9500773728e-06
0.000300582934748
0.000484684159216
9.43513148701e-09
0.0268718583832
4.18950997718e-05
1.30310313613e-05
1.4573248686e-05
2.17172345802e-05
3.40791652979e-06
0.000166978638235
1.65892958703e-08
0.000104068618633
0.0268718583832
0.0187663
0.0187663
3.63609648571e-07
1.11739422805e-11
1.9676638137e-06
8.80728688357e-07
0.0268718583832
1.79275639045e-05
6.14005370939e-12
8.02334304779e-07
6.1882060348e-18
0.00170791446769
0.000178507454064
3.97092719367e-05
6.00381786356e-07
1.03491475308e-08
1.00519469234e-07
0.0299132
0.000413397859286
0.000554509383494
0.00029201164259
0.000174709300682
0.0268718583832
0.000253127264135
1.08437604603e-07
3.80550043411e-06
0.0268718583832
2.21615886678e-05
0.000170016115876
7.8369776081e-14
0.0268718583832
0.00170719491549
4.39805465085e-05
9.9067132786e-08
0.0187663
5.49613657068e-06
2.04853971857e-12
0.000146409791213
0.00120551447308
4.84617265325e-05
3.54349542818e-07
0.000616968868793
2.11502991205e-07
1.24083822173e-18
0.0187663
2.81130301095e-06
4.10372757835e-12
3.35637346856e-06
5.78688791028e-05
0.000281736127164
1.7017197458e-12
0.0268718583832
0.000413397859286
4.85392867497e-10
0.0241281
1.73980973013e-06
0.000492494455305
3.54998125114e-06
0.0187663
0.0187663
0.000243190397733
2.70151241737e-10
0.0241281
3.22838839082e-07
3.26130562097e-05
1.07491586576e-08
3.52634289956e-06
6.24660361039e-08
4.27481935406e-08
0.0145333
0.0268718583832
7.27497827309e-13
1.88930321675e-10
0.000104068618633
0.0299132
0.000300582934748
0.00170719491549
0.000103619389165
0.00305005838387
3.82460635082e-16
1.64858526268e-08
2.88079064194e-07
0.0187663
6.20959713679e-05
0.0241281
0.0254964124316
6.79161906373e-05
4.13721786147e-05
0.000146409791213
0.0187663
5.51438428372e-10
0.0299132
7.50159047663e-07
1.9081659419e-07
0.000243190397733
0.0187663
9.3170499233e-08
0.0268718583832
0.000300582934748
2.5929351377e-07
8.55080734866e-11
2.61193055081e-05
5.71155326088e-08
0.000209988180002
0.000112495343183
0.000269407860848
0.0187663
0.0268718583832
0.0299132
6.81512591411e-05
0.0241281
0.0268718583832
0.0268718583832
0.0268718583832
1.01027220957e-35
3.69741806327e-05
0.0299132
0.000413397859286
5.72307738545e-20
0.0268718583832
0.0268718583832
0.0268718583832
4.66994534087e-12
0.000226854160178
0.000183073663075
2.5730156215e-06
0.0241281
1.95230028994e-14
3.08397666622e-11
6.63590323126e-05
4.62873418938e-07
0.0299132
1.29940635933e-07
0.0187663
5.1857008611e-05
0.000554509383494
0.0241281
5.15524560163e-06
0.0268718583832
0.0187663
0.0299132
0.000594857435454
5.38778909902e-14
4.33046596174e-07
2.92002765565e-12
0.000269407860848
0.000191479930523
0.00010825738658
9.02029853502e-08
0.0268718583832
3.22483531814e-20
4.88564812516e-06
2.15621578235e-05
0.0241281
0.000588813804777
0.0268718583832
0.000144334700854
0.0145333
1.37663864969e-05
0.000172907099302
0.000149134200695
0.000212248140381
0.0268718583832
2.04188418322e-05
5.78720496852e-05
7.24055232537e-11
0.0268718583832
0.0299132
4.39031943814e-21
0.0268718583832
1.88475889471e-05
0.0268718583832
0.0268718583832
0.0268718583832
0.000135933791214
0.0268718583832
2.70262773739e-21
2.09526721644e-05
1.42914299265e-08
0.0187663
7.39107357883e-06
4.11080282975e-08
0.000334656902399
2.94463744006e-06
0.0268718583832
0.000233375005543
5.67408712802e-08
8.90026250241e-11
0.000492494455305
7.28196134739e-06
0.000226854160178
0.000398849465563
0.000149384697423
4.5214737653e-05
0.000226854160178
0.0241281
0.0268718583832
0.0268718583832
8.13066940616e-10
0.00120551447308
0.000171700333425
1.20259241634e-05
0.0299132
0.0299132
4.1645820737e-10
0.0254964124316
0.000171943737645
1.83272997317e-10
1.69180716671e-05
4.43626607656e-08
0.0268718583832
0.00061061880112
3.25152800338e-23
0.00512859557994
5.87172674404e-06
6.30368125869e-05
2.58446564943e-05
0.00170719491549
5.50937145991e-08
8.27854963767e-07
0.000331342416996
1.48283997781e-05
0.0268718583832
0.000111591531024
2.33815678076e-18
0.0268718583832
1.46801689321e-07
1.11165958731e-13
0.000125619792266
4.90923481727e-05
9.30762183335e-08
4.66246714815e-05
0.000492494455305
5.62964207603e-24
1.6124798987e-17
0.0187663
0.000167305424771
0.00061061880112
1.22940050636e-07
2.94787386239e-09
6.21835526708e-07
3.25785914389e-05
0.00219589002988
0.0268718583832
0.0268718583832
1.09426615635e-08
6.45351827527e-11
5.85309704776e-08
0.00302673142232
0.000334656902399
0.000105235222808
6.20052600822e-11
9.63094435242e-15
0.000135933791214
5.52403853077e-09
0.0268718583832
2.12530750172e-08
9.35079712309e-18
0.0187663
9.98630692209e-05
0.0299132
0.000521032053741
5.72120155098e-06
0.00302673142232
4.78959571994e-09
1.87458077673e-06
0.0268718583832
0.0241281
0.000347876169833
4.50083312609e-18
3.39997493194e-07
0.0145333
0.0187663
0.0299132
2.19512583173e-06
5.17655978983e-05
2.54010584842e-09
0.0145333
0.0187663
0.0299132
2.88797908322e-05
4.27105842331e-08
5.98898334885e-11
6.13501549687e-10
0.0145333
1.8272470832e-12
0.000146480910516
0.0268718583832
0.000112448861624
0.000236396089213
0.0268718583832
0.000842100298237
1.36572728331e-09
0.0187663
6.32916844849e-05
3.31787130531e-06
4.3976960846e-08
1.67637928577e-05
2.31201490737e-09
0.0299132
0.000300582934748
3.18936914791e-05
0.000165187869488
4.26160896967e-11
1.24015278376e-10
2.26356862891e-05
8.49248864161e-20
0.0145333
1.8810094292e-07
0.0187663
1.96587942688e-09
0.000191479930523
0.000554509383494
0.0268718583832
1.04775949561e-07
2.79732010158e-07
9.98630692209e-05
2.68206513595e-11
0.000349490496814
0.00302673142232
5.87846779217e-05
5.76140460881e-20
8.41935598332e-07
0.000105235222808
3.43199511357e-09
2.48458084827e-06
1.12392409483e-05
1.84708810674e-05
1.07245349611e-05
3.10632926533e-05
3.16368964086e-20
1.73144646488e-15
0.000347876169833
0.0299132
0.00378135893206
0.0299132
0.0268718583832
0.000300582934748