500
4.95994133948e-24
1.39531480865e-35
1.27629861709e-05
1.51139195791e-25
5.04144910626e-30
1.20372663548e-09
0.000157777555786
2.24879642822e-12
0.0
0.00025914357986
2.51233109069e-09
2.97816940411e-22
0.000136500497067
3.14656429005e-13
5.61931144817e-20
1.53492562249e-163
3.71438393333e-63
2.52338691226e-22
3.11125866403e-17
3.05428968584e-05
2.06917046408e-13
1.9999161566e-25
1.56964961652e-21
2.99037509208e-45
7.65375683886e-07
1.83596598061e-137
1.48496462554e-40
3.70764236283e-18
2.19456108739e-39
6.81943204467e-19
7.21572440438e-22
3.35602360758e-21
2.2316793176e-52
1.04730549387e-18
2.36762213673e-59
4.41455584455e-92
1.44386776812e-14
4.59708270011e-13
4.32315156612e-11
1.8368417847e-07
0.000508412772904
0.0
3.51194805438e-06
4.64477900009e-06
2.95873497876e-31
1.14566580034e-05
7.36099308539e-86
8.77520812236e-12
8.36864235731e-66
0.00354988625097
2.86719283441e-06
1.0347590939e-40
8.40010832277e-13
8.1659726379e-22
8.10147505181e-13
8.478564142e-34
7.39402583799e-20
1.66449246506e-17
1.09196919265e-06
1.27784187998e-14
8.66757657657e-21
2.91968981706e-08
1.41636865471e-34
1.46909226551e-35
1.07470842573e-31
5.56877496965e-08
2.72895208585e-10
2.40949266191e-08
1.27629861709e-05
3.16938880618e-06
7.22227061058e-47
1.83120807621e-14
9.2656017634e-06
0.000508412772904
3.11113922736e-08
1.10526050461e-56
3.82149010362e-12
2.16149884475e-42
7.43764390271e-12
4.75843249028e-71
3.80099378257e-68
2.58525850455e-20
3.72375296605e-12
0.000146421154757
1.63951615902e-53
0.000119510555267
1.71562229429e-18
3.85744990109e-08
6.22697013229e-35
2.75306030641e-17
3.46089336209e-10
8.58663452943e-30
1.98643886751e-36
1.44463492275e-15
5.58527501637e-28
4.09819235247e-24
2.75848051786e-31
2.33798199878e-06
2.25203194853e-35
1.13458582213e-12
7.25037286074e-30
1.6553137525e-05
1.36108557396e-27
1.3152560562e-36
1.53540319661e-12
1.02345016941e-06
0.00024058711794
8.26456207882e-13
0.00120160701242
5.89351341797e-07
1.77484433619e-24
2.77308059467e-13
5.70433852196e-08
9.84709120797e-17
1.29074624441e-113
7.11779689678e-06
3.57138643166e-67
3.60651278184e-76
1.0716300361e-16
3.51358605812e-34
1.6335257298e-29
2.65706288815e-09
1.52142091927e-10
1.86007345679e-10
1.16449119686e-15
2.07997689418e-16
3.31795081211e-42
2.20647942287e-07
2.17105241749e-33
1.2774987083e-63
1.38880873447e-05
3.07931175823e-32
4.63926040829e-10
5.38342742973e-15
9.1551192412e-36
6.44692796966e-28
7.34637852752e-48
1.20605271837e-79
1.11994208849e-25
4.97189896782e-11
2.27748168707e-34
0.00325847767813
3.61351831466e-20
1.0935984727e-12
1.42654152876e-10
1.23685115237e-11
0.0
6.52361636434e-30
2.28633086303e-35
0.000298992332215
3.28497576858e-18
3.98603242208e-07
4.48581692183e-11
7.14660759324e-20
7.03847021376e-21
9.56548491327e-17
4.10941765813e-08
4.68622361135e-17
5.50839018474e-15
7.86076468473e-09
2.24418421982e-23
1.24449254956e-13
0.00354988625097
4.12513391492e-41
1.48902303356e-17
1.96508501734e-09
2.68809249539e-51
0.000508412772904
3.19596888004e-23
0.000508412772904
4.40991199745e-22
1.2814642831e-196
5.35356313621e-18
9.70955851579e-22
0.00025914357986
1.72888208389e-43
1.1868707027e-42
1.41060076004e-09
8.98639649146e-12
9.5061054085e-54
2.68100834306e-37
1.65210245295e-15
2.53285548704e-08
1.95128231629e-08
1.27918380263e-15
3.22288677224e-08
1.70738049862e-58
2.29744485487e-14
8.46524907726e-09
0.000270869998603
7.62134509771e-38
3.53109974517e-07
3.2736344746e-38
3.39971522739e-81
8.49081484095e-28
1.55219594198e-17
0.0
2.77961935913e-07
3.97232821908e-17
1.9273176654e-26
1.16596671539e-64
9.82530775579e-06
6.22250026864e-68
2.05932915435e-08
1.1876634225e-05
2.39152662406e-24
8.05722425441e-30
6.11204511893e-81
3.81135617345e-41
1.60826360824e-05
1.74908659808e-65
3.65574615848e-10
4.96496499997e-52
3.78698685244e-25
1.51369934607e-56
3.43687017575e-28
2.38524948979e-64
2.89479313025e-16
4.94830229624e-06
3.38202974169e-15
1.2685620112e-08
1.28476220193e-37
6.011853621e-07
4.85119631796e-32
2.81753355772e-27
4.74827202106e-10
0.000508412772904
8.52648232525e-07
1.23178989309e-06
0.00025914357986
0.000508412772904
3.57518665353e-35
4.36157460059e-19
3.86636272604e-17
0.0
1.30421926109e-09
1.17363012742e-54
0.00325847767813
2.51574876882e-27
2.01677008241e-17
7.64763159862e-19
1.42805202821e-18
6.75926098129e-42
5.60447462878e-32
4.30496393719e-34
9.11556548217e-49
2.30608563685e-55
1.99224458292e-18
2.62374667545e-07
1.28824000097e-23
4.54386405768e-13
1.07931344685e-29
1.87726492509e-36
0.000119510555267
4.17379207176e-17
2.27504536333e-11
1.8415671419e-30
9.19032518172e-11
4.70026202879e-14
2.94328979818e-07
2.13157057829e-64
3.68731506704e-16
2.75155463617e-20
0.000307799947713
1.09713449066e-26
2.11081423475e-21
1.11376218568e-44
2.59873645975e-28
1.08111862697e-24
1.63214314892e-12
3.35410021787e-09
3.2120064627e-39
0.00354988625097
1.07205935825e-34
2.64757343992e-26
7.87213323816e-09
0.00325847767813
2.82156699432e-43
2.59719097758e-23
3.62954978032e-20
3.56990470644e-68
7.13023273234e-57
3.02422691045e-51
4.65443911378e-37
1.57714270051e-16
2.23299680387e-17
0.00025914357986
4.71757429201e-07
3.33227515052e-16
3.37696907867e-10
6.60994983755e-35
0.000270869998603
9.9345699325e-06
8.88402915981e-43
3.33940572631e-29
9.69097838039e-17
5.77284830728e-22
3.18152193075e-13
1.14723848633e-25
3.8153193364e-29
6.70650198835e-14
5.51529616127e-32
1.26454478145e-19
5.66601765691e-33
1.20953122793e-21
5.8557887154e-18
1.8553118574e-15
1.59158385226e-24
2.63726395702e-21
1.66104547445e-15
7.04280023449e-53
1.20548945912e-59
1.59219842053e-41
3.4047382819e-09
1.49516856122e-88
3.38180173511e-30
5.3198588278e-62
9.22645802802e-29
1.59097780493e-18
4.64650712058e-07
6.6557880445e-10
1.34088781126e-22
1.04531035913e-06
3.87844285556e-41
3.54214173126e-08
1.80712431358e-47
4.31403306399e-30
1.21667920668e-09
7.84234225127e-08
4.25136352008e-19
5.03209864455e-12
1.89651367187e-30
4.25375764413e-08
2.32227649047e-11
1.24688122714e-14
1.33148735996e-25
6.62026181958e-15
1.12794840108e-32
2.55268044655e-22
7.74154514821e-12
3.39442606475e-06
6.48484037097e-50
5.09679541834e-38
4.08952667247e-07
2.95619408029e-12
9.16872556676e-43
1.17091991101e-27
3.06701042208e-39
1.81641339859e-05
7.52045533407e-18
4.05579143981e-18
1.13882754822e-19
5.53514028841e-09
3.47201029201e-08
2.75253196524e-08
9.19333768371e-32
8.30057478108e-11
1.79403700391e-15
1.50000978866e-51
1.4413507308e-05
6.14073715701e-11
1.96294183356e-14
1.78091109484e-09
2.38683951195e-42
1.94878246051e-07
3.79365771998e-07
4.71898833424e-08
0.00120160701242
6.03422964196e-35
6.3240453995e-78
2.35261163602e-48
3.32110798709e-47
0.000119510555267
1.18591152746e-22
1.18426476104e-34
3.56780294997e-39
0.000136500497067
4.0632263219e-59
7.29750709861e-23
4.72291107077e-28
2.15271387831e-29
4.10978316947e-26
2.60126617863e-43
1.54503911452e-47
0.00354988625097
0.00354988625097
1.88020290884e-09
6.74302240993e-26
6.42641591572e-26
1.66657271236e-05
1.43748973841e-25
1.07891254564e-24
3.477330705e-55
0.000338025789553
1.29015915529e-55
1.64571551895e-26
1.00166794988e-18
1.02184472364e-61
4.05053273442e-27
5.45094389727e-11
4.04418588086e-49
5.59236482392e-11
7.44406837739e-89
1.06748743856e-47
2.60351240952e-25
3.60029549771e-54
8.03582939434e-20
1.36292249588e-43
1.38497896999e-58
4.34931161665e-23
5.14432364798e-19
1.28372668664e-14
0.00354988625097
4.20381720185e-24
1.55472336306e-29
1.3913071315e-29
1.77506446534e-08
6.37289508856e-44
2.93850238919e-15
1.67193294264e-23
6.54467901434e-16
6.17432574642e-70
5.20010843076e-43
1.38940707017e-06
8.36054433635e-08
1.48952684377e-05
0.000298992332215
2.88093348968e-25
1.71748633479e-26
1.31256555709e-05
2.81938548694e-23
7.8887424537e-07
1.55263952083e-67
6.10680753713e-29
1.51139720447e-32
2.48524656101e-08
1.22000870846e-05
1.02471866427e-31
3.26159439993e-24
0.000298992332215
4.3023204518e-17
3.05428968584e-05
0.000119510555267
0.00354988625097
2.3745556338e-39
0.00354988625097
1.18039970116e-60
1.6409946949e-24
1.89437371193e-11
1.48952684377e-05
8.19950801514e-27
1.27629861709e-05
6.05898138392e-29
1.14960012618e-18
5.99031382211e-05
7.55992618579e-07
2.46932107919e-14
4.36718410079e-48
6.02903528115e-29
2.48156223516e-52
0.000508412772904
4.59650427121e-43
1.33164599743e-27
1.14034578703e-09
4.65698191467e-28
2.47701973536e-09
5.49505133164e-33
9.71019096798e-24
3.55522692732e-20
1.86431304826e-14
1.75682741314e-40
4.64787248008e-13
1.63293425028e-05
5.49270879004e-22
7.09278230845e-07
7.4212556052e-08
1.72333150389e-17
3.43938304859e-31
6.33104990215e-68
5.42917669279e-64
2.21232784452e-08
9.55736157255e-66
1.08453239557e-29
8.50392963624e-15
1.02537581318e-19
7.69995540784e-06
0.00325847767813
1.29795118407e-05
2.69979027677e-40
0.00314463111761
2.88241152487e-16
6.61759860339e-25
0.00120160701242
0.000508412772904
2.87977145613e-15
0.000119510555267
4.18574246218e-54
1.63411422849e-09
1.18661594687e-88
7.67822363712e-11