500
0.0145361320301
0.0
0.0
3.73190651129e-07
5.06840517004e-06
4.00706298884e-06
0.0
4.60056801954e-05
0.0
0.000188742866239
0.0
1.88205044866e-06
7.08549338206e-05
0.0
0.000265611831898
0.0
0.00847575979357
0.0
0.000916490994756
0.0
0.0
0.00649303997755
0.00268725151878
0.000222498634402
0.0
4.9850097493e-06
0.000203474318439
0.00268725151878
0.0145361320301
0.0
0.0158917764329
0.0220989018327
0.00763199567478
0.00284149274431
0.0220989018327
0.0
0.0
0.0
0.0
5.7974485321e-05
0.00197112488413
0.0
0.0
0.0
0.00604982946182
0.00034808903538
0.0
0.0
0.0
0.00763199567478
0.0
0.0
0.00022395348693
0.0
4.61526844176e-05
0.0
0.0
0.0
0.0
0.0
0.0
0.0
5.88407569425e-06
0.0
4.4555471898e-05
0.0
0.0
0.0
0.0
0.000686706519296
0.0
1.03366333207e-05
0.0
0.000697793584633
0.00357219661638
0.00649303997755
0.0
9.69909369295e-05
0.0
0.0
0.0
0.0
0.0
0.0
0.0
0.0
0.0
3.20234981042e-07
0.0
0.0
4.11367489416e-05
0.0
0.0
0.0
0.0
0.000166514608925
0.00116587599331
0.000808618191989
0.0
0.00398041967554
0.0
0.0
0.000160332762485
0.00649303997755
7.1889921395e-05
0.0
0.0
0.0
0.0220989018327
0.0
0.0
6.27905553044e-05
0.0
0.0
0.00649303997755
0.0
0.0
0.000275029455471
0.00213793064497
0.0
0.0
0.00116587599331
7.9586085508e-05
0.0
0.0
0.0
7.08549338206e-05
0.0
2.67676954629e-05
0.0
0.0
8.45659518242e-05
0.0
6.57735152843e-06
0.0
0.0
0.00436486785276
1.3547495685e-07
0.0
0.0
0.0127575484617
2.38266159569e-05
0.0
0.0
0.0220989018327
0.0
0.0
0.0
0.0127575484617
0.0
0.0
0.0
0.00649303997755
0.0
0.000573772734046
0.00847575979357
0.0
0.0
0.0
0.0
0.0
0.00649303997755
0.000400470775897
0.00457901061914
0.0
0.0
0.0
0.00413859720826
0.0
0.0220989018327
0.000361968386019
0.00285912352751
0.0
0.00436486785276
0.000310183261645
9.75228142343e-05
0.0
0.0
1.26543588409e-05
0.0
0.00266984214721
0.000388181621765
0.00177008602041
1.58422266822e-06
0.0
0.000275029455471
0.0
0.0
0.0
2.982668012e-05
0.00116587599331
3.44995299675e-05
0.0
0.0
0.0
0.0
0.0
0.0
0.00938271604937
0.0
0.0
0.0
0.0
0.0
0.0
0.0
0.000634094510224
0.0
0.0
0.0
8.89108997106e-05
0.0
0.0
0.000141197718599
0.0
0.0
0.000795497033688
0.000300554708281
0.0
0.0
0.0
0.0
0.0
0.0
0.00356899603244
0.0
0.0
0.0127575484617
3.4136321315e-06
0.00398041967554
0.0
0.0
0.0
0.0158917764329
0.0
0.00649303997755
0.00398041967554
0.00847575979357
0.00436486785276
5.85452092681e-05
7.86192671095e-06
0.0039986528583
1.06711398899e-08
0.00938271604937
0.0
0.0
0.0
0.00436486785276
0.00649303997755
0.000388181621765
0.0
0.0
0.0
0.0220989018327
0.00207885195408
0.00065262994432
0.0
0.0
0.0
0.000303227127404
0.0
0.0
0.0
0.000321002513458
0.000160238729694
0.0
0.0
0.000249511785683
0.0
3.83349545307e-05
0.0
0.0
0.0
0.00436486785276
0.0145361320301
0.0
0.0
0.0
1.13717799156e-05
0.0
0.0
0.0
4.61526844176e-05
0.0
0.0
0.0
0.0
0.000495242184908
0.0
0.0
0.000272456243424
0.0
0.00649303997755
0.0
0.00847575979357
0.0
0.0
0.0
0.0
0.00457901061914
8.40869960061e-06
0.0
0.0
0.0
0.0
0.00649303997755
0.0
0.0
0.0
0.0
0.0145361320301
0.0
0.0
0.0
0.00436486785276
0.00357219661638
0.0
0.0
0.00847575979357
0.00649303997755
3.84115642906e-05
0.0
0.0
0.0
0.000656524910723
0.0
0.0
0.0
0.00938271604937
0.0
0.0
0.0
0.00457901061914
0.00357219661638
0.0
2.0837016415e-05
3.68961453601e-06
0.000659514322871
9.86581193844e-05
0.0
0.0
0.000686706519296
0.000106698193011
0.0
0.0
0.0
2.2174091257e-05
0.0
0.0
0.0
0.0
0.0
0.0
0.0
0.0
0.0
0.000133514788916
0.000151929935165
0.0
0.0
0.0
0.00649303997755
0.0
0.0
0.00649303997755
0.0
0.0
0.0
0.0
0.0
0.0
0.000181206016932
0.0
8.89108997106e-05
0.0
0.0220989018327
0.0
0.00197112488413
0.00604982946182
0.0127575484617
1.85887615363e-06
3.13827683363e-05
0.00357219661638
0.00847575979357
0.0
0.0
0.000256057844379
0.00314433941155
0.0220989018327
0.000256476558858
0.0
0.0
0.0
0.0
0.0
0.0
0.00047697524849
0.0
0.00398041967554
7.07252189044e-06
0.0
0.0
0.0
0.00649303997755
0.0
0.0
0.0
0.0
0.0
0.0
0.0
0.0
0.000845203980074
6.27905553044e-05
0.00763199567478
0.0
0.00436486785276
0.0
0.0
0.0039986528583
0.000300554708281
0.0
0.0
0.0145361320301
0.0
0.0
0.0
0.0
0.000170920306427
0.0
0.0
0.0
0.00938271604937
0.0
0.0
0.0
0.00129421814239
0.0
0.0
0.00022395348693
0.0
0.00413859720826
0.00207885195408
2.40911556562e-05
0.0
0.0
0.0
0.00938271604937
0.0158917764329
0.00649303997755
0.0
0.0
0.0
0.0
0.0
0.0
0.0145361320301
0.00938271604937
0.0
0.00649303997755
0.0220989018327
0.0
0.0
0.0
2.38266159569e-05
0.0
0.000398742328838
0.000359205888242
0.0
0.0
0.0
0.0
1.26379157873e-05
0.00436486785276
0.0039986528583
0.0
0.0
0.000153514506629
0.0
0.0
0.00604982946182
0.00398041967554
0.0220989018327
0.00436486785276
0.00436486785276
0.0
0.000656524910723
0.000165618831442
0.0
0.0220989018327
0.0
0.000495242184908
0.0
0.0127575484617
0.0
0.00938271604937
0.0
0.0
0.0
0.0