500
0.0
0.0
0.0
0.0
0.0033510978175
0.0
0.0
0.0
0.0
0.0
0.0
0.0
0.0
1.99625210286e-05
0.0
0.000164345986977
0.0
0.000123645588276
0.0
0.0033510978175
0.0
0.0
0.0
0.0033510978175
0.0
0.0
0.0
0.0
0.0
0.0
0.0
0.0
0.0
0.0
0.00874159663865
0.000422777421803
0.00459083027852
0.0
0.0
0.0033510978175
0.0
0.0
0.0
0.0
0.0
0.0
0.0
0.0
0.0
0.0
0.0
1.20695667098e-05
0.0
0.0
0.0
0.0
0.0
4.96986233073e-05
0.00459083027852
0.0
0.0
0.0
0.0
0.0
0.00459083027852
0.00459083027852
0.0
0.0
9.78331513827e-06
0.0
0.0
0.0
0.0
0.0
0.0
0.0
0.0
0.0
0.0
0.0033510978175
0.0
3.68819919371e-05
0.0033510978175
0.0
0.0
0.0
0.0
0.0
0.0
0.0
0.0
0.0
0.00874159663865
0.0
1.2146974235e-05
0.000665472889677
0.000104581870529
3.88375589852e-06
0.0033510978175
0.00439235667281
0.0
0.0
0.0
0.0
0.0
0.0
0.0
0.0
0.00874159663865
0.0
0.0
0.0
0.00459083027852
0.0
0.0
0.0
0.0
0.0
0.0
0.00459083027852
0.0033510978175
0.0
0.0
0.0
6.30722163637e-05
0.0
0.0
0.0
0.00439235667281
0.0
0.0
2.7267686372e-05
0.0033510978175
0.000703849896787
0.0
0.0
0.0
0.0
0.0
0.0
0.0
0.0
0.0
0.0
0.0
0.0
0.0
0.0
0.0
0.0
0.0
0.000422777421803
0.0
0.0
0.0
0.0
0.0
0.0
0.0
0.0
0.00439235667281
0.0
0.0
0.0
0.0
0.0
0.0
0.00439235667281
0.0
1.51750050087e-05
0.0
0.0
0.0
0.0
0.0
0.0
0.0
0.0
0.0
0.0
0.0
0.0
0.0
0.0
0.0
0.0
0.0
0.0
0.0
0.0
0.0
0.0
0.0
0.0
0.0
0.0
0.000151412145997
0.0
0.0
0.0
0.0
0.00459083027852
0.0
0.0
0.0
0.0
0.0
0.0
0.0
0.0
0.0
0.0
0.0
0.0
0.0
0.0
0.0
0.0033510978175
0.0
0.0
0.0
0.00078110708973
0.0
0.000422777421803
0.0
0.00439235667281
0.0
0.0
0.0
0.0
0.0
0.000123645588276
0.000151412145997
0.0
0.0
0.0
0.0
0.0
0.0033510978175
1.50976316703e-06
0.0
0.0
0.0
0.0
0.0
0.0
0.0
0.0
0.0
0.0
0.0
0.00459083027852
0.0
0.0
0.0
9.78331513827e-06
0.0033510978175
0.0
0.0
4.14930724983e-06
0.0
0.00078110708973
4.10211496127e-06
0.0
1.90513333792e-06
0.000221093882511
0.0
0.0
0.0
0.0
0.0
0.0
0.0
0.0
0.0
0.0
0.0
0.0
1.85438408327e-05
0.0
0.0
0.00459083027852
0.0
0.0
0.0
0.0
1.14843273306e-05
0.0
0.0
0.0
1.31555379926e-05
0.0
1.64734767323e-05
0.0
0.0
0.0
0.0
0.0
0.0
0.0
0.0
0.0
0.0
0.0
0.0
0.0
0.000221093882511
0.00016407516561
0.0
0.0
0.0
0.0
0.00459083027852
0.0
0.0
0.0
0.0
0.0
0.0
0.0
0.0
0.000369896589515
0.0
0.0
0.00016407516561
0.0
0.0
0.0
0.0
0.0
0.0
0.0
0.00459083027852
0.0
0.0
0.00439235667281
0.0
0.0033510978175
0.00439235667281
0.0
0.0
0.0
0.0
0.0033510978175
0.0
0.0
0.0
0.0
0.0
0.0
0.0
0.0
0.0
0.0
0.0
0.0
0.0
0.0
0.0
0.0
0.000665472889677
0.00439235667281
0.0
0.0
0.0
0.0
0.00459083027852
0.0
0.0
0.000293655581451
0.000123645588276
0.0
0.0
0.0
0.0
0.00078110708973
0.00016407516561
0.0
0.0
0.0
0.0
0.0
0.0
0.00459083027852
0.0
0.0
0.00459083027852
0.0
1.84117349327e-05
0.0
0.00439235667281
0.0
0.0033510978175
0.0
0.0
0.0
0.0
0.0
0.0
0.0
0.0
0.0
0.000422777421803
0.0
0.0
0.0
0.0
0.00459083027852
0.0
0.0
2.95742384195e-05
0.0
0.0
0.0
5.04499415583e-05
0.0
0.0
0.0
0.0
2.01164901559e-05
0.0
0.00439235667281
0.0
0.0
0.0
0.0
0.0
0.0
0.0
0.0
0.0
0.00459083027852
0.0
0.0
0.0
0.0
0.0
0.00439235667281
0.0
0.0
7.97047806054e-06
2.39411312643e-05
0.00078110708973
0.0
0.0
0.0
0.00459083027852
0.0
0.0
0.0
0.0
0.0
0.000960900995413
0.0
0.0
0.00591251516604
0.00078110708973
0.0
0.0
0.0
0.0
0.000165146980392
0.0
0.0
6.50995533511e-05
4.88149787427e-05
0.0
0.0
0.0
0.0
0.0
1.14843273306e-05
0.0
0.0
0.0
0.0
0.000164179044265
0.0
0.0
0.0
0.00459083027852
0.0
0.0
0.0
0.0
0.0
0.0
0.0
2.95742384195e-05
0.0
0.0
0.0
0.0
1.07946193169e-05
0.0
0.00591251516604
0.000293655581451
0.0
0.000123645588276
0.0