500
0.0
0.0
0.0
0.0
0.0
0.0
0.000394646989537
0.000145883211547
0.0
0.0
0.0
0.0
0.0
0.0
0.0
0.0
0.0
0.0
0.0
0.0
0.0
6.33278587636e-07
0.0
0.0
0.0
0.0
0.0
0.0
0.0
0.0
0.0
0.0
0.0
0.00195267538645
0.0
0.0
0.0
0.0
1.50909381033e-05
0.0
0.0
0.0
0.000145883211547
0.0
0.0
0.0
0.0
0.0
0.0
0.0
0.0
0.0
0.0
0.0
0.0
0.0
0.0
0.0
0.0
0.0
0.0
0.0
0.0
0.0
0.0
0.0
2.07245942052e-05
0.0
0.0
0.0
0.0
0.00112415977749
0.0
0.0
0.0
0.0
0.0
0.0
0.0
4.34396308864e-06
0.0
0.0
0.0
0.0
0.0
0.0
0.0
0.0
0.00195267538645
0.0
0.0
0.0
0.0
0.0
0.0
0.0
0.0
0.0
0.0
0.0
0.0
0.0
0.0
0.0
0.0
0.0
0.0
0.0
0.0
0.0
0.0
0.0
0.0
0.0
0.0
0.0
0.0
0.0
0.0
0.0
0.0
0.0
0.0
0.0
0.000155042928409
0.0
0.0
0.000145883211547
0.0
0.0
0.0
0.0
0.0
0.0
0.0
0.0
6.47905116487e-07
0.0
0.0
0.0
0.0
0.0
0.0
0.0
0.0
0.0
0.0
0.0
0.0
0.0
0.0
0.0
0.0
0.0
0.0
4.13084560759e-05
0.0
0.0
0.0
6.58547024918e-05
0.0
0.0
0.0
0.0
0.0
0.000394646989537
0.0
0.0
0.0
0.0
0.0
0.0
0.0
0.0
0.0
0.0
0.0
0.0
0.0
0.0
0.0
0.0
0.0
0.0
0.0
0.0
0.0
0.0
0.0
0.0
0.0
0.0
0.0
0.0
0.0
0.0
0.0
0.0
0.0
0.0
0.0
0.0
0.0
0.0
0.0
0.0
0.0
0.0
0.0
0.000155042928409
0.00039406667208
0.0
0.0
0.0
0.0
0.0
0.00195267538645
0.0
0.00195267538645
0.0
0.0
0.0
0.0
0.0
0.0
0.0
0.0
0.0
0.0
0.0
0.0
0.0
0.0
0.0
0.0
0.0
0.0
0.0
0.0
0.0
0.000127674937172
0.0
1.89714552091e-06
0.0
0.0
0.0
0.0
0.0
0.0
0.0
0.0
0.0
0.0
0.0
0.0
0.0
0.0
0.0
0.0
0.0
0.0
0.0
0.0
0.0
0.0
0.0
0.0
0.0
0.0
0.0
0.0
0.0
0.0
1.34505843705e-05
0.0
0.0
0.0
0.0
0.0
0.0
0.0
0.0
0.0
0.0
0.0
0.0
0.0
0.0
0.0
0.0
0.0
0.0
0.0
0.0
0.0
0.0
0.0
0.0
0.0
0.0
0.0
0.0
0.0
0.0
0.00039406667208
0.0
0.0
0.0
0.0
0.0
0.0
0.0
0.0
0.0
0.0
0.0
0.000145883211547
0.0
1.01621684308e-05
0.0
0.0
0.0
0.0
0.0
0.0
0.000145883211547
0.0
0.0
0.0
0.0
0.0
0.0
0.0
0.0
0.0
0.0
0.0
0.0
0.0
0.0
0.0
0.0
0.0
0.0
0.0
0.0
0.0
0.0
0.0
0.0
0.0
0.00039406667208
0.0
0.0
0.0
0.0
0.0
0.0
0.0
0.0
0.0
0.00039406667208
0.0
0.0
0.0
0.0
0.0
0.0
0.0
0.0
0.00039406667208
0.0
0.0
0.0
0.0
0.0
0.0
0.0
0.0
0.0
0.0
0.000145883211547
0.0
0.0
0.0
0.0
0.0
0.0
0.0
0.0
0.0
0.0
0.0
1.01621684308e-05
0.0
0.0
0.0
0.0
0.00039406667208
0.000394646989537
0.0
0.0
0.0
0.0
0.0
0.000145883211547
0.0
0.0
0.0
0.0
0.0
0.0
0.0
0.0
0.0
0.0
0.0
0.000127674937172
0.0
0.0
0.0
0.0
0.0
0.0
0.0
0.0
0.0
0.000145883211547
0.0
0.0
0.0
0.0
0.0
0.0
0.0
0.00039406667208
0.0
0.0
0.0
0.0
0.0
0.0
0.0
0.0
0.0
0.0
0.0
0.000127674937172
0.000145883211547
0.0
0.0
0.0
0.0
0.0
0.0
0.0
0.0
0.0
0.0
0.0
0.0
0.0
0.0
0.0
0.0
4.5763958645e-07
0.0
0.0
0.0
0.0
0.0
0.0
0.0
0.0
0.0
0.0
0.0
0.0
0.0
7.35673144581e-07
0.0
0.0
0.0
0.0
0.0
0.0
0.0
0.0
0.0
0.0
0.0
0.0
0.0
0.0
0.000127674937172
0.0
0.0
0.0
0.0
0.0