500
0.0
0.0
0.00059349516437
0.0
0.0
3.29773310103e-05
0.0
0.0
0.0
0.0
0.0
0.00397094053915
1.60302482722e-07
0.0
0.0
0.0
0.00108073865816
0.0
0.00030931762448
0.0
0.0
0.000153758565418
0.0
0.0
0.000135653043804
0.0301808104276
0.0
0.0
0.0
0.0
0.0178835174741
0.0
0.00156229270031
0.0
0.0
0.000102502112495
1.32477051026e-05
0.00915991087571
0.0
8.62655033536e-06
0.0
0.0
1.57486137862e-05
0.0
0.0
0.0
0.0
0.0
0.000283107960732
0.000210638123758
0.000508969997543
9.20167693538e-05
5.42435754e-05
0.0
0.0
0.0
0.0
3.57679265552e-06
1.85253314746e-05
0.0
0.0
0.00191044137758
5.33692394276e-10
0.0
0.0
0.0
0.0
0.0
0.0
0.000158641152384
0.0
0.0
0.0
0.000192675302755
0.0
5.10655197493e-12
0.0
0.000333246556464
0.0
0.0
0.0301808104276
0.000550480529663
0.0
0.0
0.0
0.0
0.0
5.01657039591e-05
1.96180611196e-05
0.0178835174741
0.0
0.0
0.000279868830141
0.0
0.0
0.0178835174741
3.44707898416e-05
0.0
0.0
0.0
0.0
1.41590813124e-07
0.0
0.0
3.53389470846e-05
0.0301808104276
0.0
0.0
0.0
3.95025250821e-09
0.0
0.00915991087571
0.0
0.000588599150846
0.0
3.69516588904e-06
0.0
0.00147027384292
0.0
2.72844975271e-07
0.0
0.0
0.0
0.0
0.0
0.0
0.0
0.0
0.0
0.0
0.0
0.0
0.0
3.76221010721e-06
0.0
0.0
0.0178835174741
0.0
0.0
0.0
0.0
0.0
0.00915991087571
0.0
0.0
0.000212734422169
1.34445331338e-05
0.0
0.0
0.0
0.0
6.14184853804e-05
0.0
0.0178835174741
0.0
0.0
0.0
0.0
0.0
0.0
0.0178835174741
0.0
0.0
0.0
0.0
0.0301808104276
0.0
0.0
0.0
0.0301808104276
0.00207488259839
0.0301808104276
0.0
0.0
0.000106425920617
0.0
0.0
0.0057165748845
0.0
0.0
8.1088808914e-10
0.0
0.0
0.00128913282657
1.6929143347e-05
0.0
0.0
0.0301808104276
1.1389195279e-07
0.0
9.82489940838e-06
0.0
0.0057165748845
0.0
0.0
0.0178835174741
0.0
0.0
0.0
0.00121657810494
0.0
0.0
0.0
0.0
0.0
0.0
1.08980351808e-05
0.00106692899005
0.0
0.0
0.0
0.0
0.0
0.0
0.0
0.0178835174741
0.0
0.0
0.0
0.0
0.000469437434843
0.0
0.000293257266152
0.0
0.0
0.000508969997543
0.0
0.0
0.00534197487063
0.0
0.0301808104276
0.0
0.00318003427366
0.0
8.59617306249e-06
0.0
0.0
0.0
0.0
0.0178835174741
0.0
0.0
0.0
0.0
0.0
0.00144315307162
0.0
0.0
0.0
0.0
3.46044563541e-07
5.42491027591e-09
5.6994333882e-08
7.29051323897e-05
0.00526174436232
0.00534197487063
0.0
0.0
0.00397094053915
0.0
0.0
0.0
0.0
0.00121657810494
0.0
0.00108073865816
3.31114933699e-07
0.0
0.0
0.0
0.0
7.29281370482e-09
0.000874129625533
0.0
4.57550347497e-05
0.0
0.0
0.0
2.09922928794e-05
0.0
0.0
0.0
0.0
0.0
0.0
0.0
0.00526174436232
0.0
0.0
0.0
0.0
0.0
0.0
4.28627489351e-05
0.0
0.0
0.000566648282786
0.0
0.0178835174741
0.0
0.0
0.0
0.0301808104276
0.00202737692748
0.0
0.0
0.0
0.0
0.0
0.0
0.0
0.0
0.0
0.0
0.0178835174741
0.00156229270031
0.0
0.00318003427366
0.0
4.50540815883e-08
0.0
0.0
0.0
0.0
0.000463755463674
0.0
0.0
0.0
0.0
0.0
0.000208627834411
0.0
0.0
0.0
4.23755264605e-06
0.0
0.0
0.0
0.0
0.0
9.10810836117e-06
0.00318003427366
0.0
6.4335008736e-08
0.00158839937768
0.0
0.000163465912046
0.0
0.0
0.0
0.0
0.0
0.0
0.0
0.0
0.0
9.7655183657e-06
0.0
0.0
0.0
0.0
0.0
0.0
0.000118999133332
0.0
0.0
0.0
3.00964999564e-09
0.0
0.0
0.0
0.0
0.0
0.0301808104276
0.00156229270031
6.85915323083e-11
2.62094351481e-06
0.0
0.0
0.0
0.0
0.0
0.0
0.0057165748845
0.00318003427366
0.0
9.69641570647e-05
0.0
0.0
0.0
0.0
0.0
0.00534197487063
0.0
0.0
0.0
0.0
0.0
9.35131840457e-05
0.0178835174741
0.0
0.0
3.71464760264e-07
0.0
0.0
0.0
0.0
0.0
0.0
0.000135284182611
1.36514226423e-06
3.76049176314e-07
0.0
0.00014342001427
0.0
0.0
0.0
0.0
0.0
4.07936010002e-05
0.0178835174741
0.00113139654358
0.0
0.0
0.0
0.00191044137758
0.0
0.0
5.76846520848e-08
5.14517294595e-05
7.32928023694e-08
1.43400800329e-05
0.0
0.0
0.00147027384292
0.0301808104276
0.0
0.0
0.0
0.0
0.0
0.0
0.0
0.0
0.000193356835937
0.0
0.0
0.0
0.0
0.0
0.000324258417187
0.0
6.82062759643e-10
2.82156738237e-05
0.0
0.0
0.0
0.000441762746387
0.00164699950141
0.0
0.0
0.0
0.0
0.0
0.000588599150846
0.0
0.0
0.0
0.0
0.0
0.0
0.0
0.000430391552533
0.0
0.0
0.0
0.000931214526248
7.06252059288e-06
4.38943562473e-05
6.44091892139e-06
0.000566648282786
0.0
0.00318003427366
1.30297168522e-05
0.000235708556217
0.0
0.0
0.0
1.63604614464e-07
0.000463755463674
0.0
2.57665875633e-05
0.0
0.0178835174741
0.0
0.0
0.0
0.0057165748845
0.0
0.0