500
0.000412439655524
1.04270758511e-12
5.41461487001e-25
2.87059716165e-19
3.64568695173e-16
3.09479017585e-12
5.16289505629e-08
3.70267991561e-07
9.54393968835e-05
0.00339664804469
1.98398062162e-07
3.80055844861e-20
0.00781725888325
2.48229419431e-76
5.17803946657e-17
4.63373311769e-06
0.000779696775596
0.0001429987724
1.65060121748e-15
0.00138649535729
2.23896626374e-08
4.38378801618e-32
2.930624164e-05
1.66868573012e-06
3.12929475491e-20
6.24020509306e-10
3.42359576979e-60
1.3972513807e-24
1.84481988646e-08
8.50160957698e-05
3.10532878593e-33
1.9933797793e-19
1.1708810514e-26
3.56620613459e-08
9.86899118712e-13
1.42167789733e-16
1.32856282499e-33
2.40100045531e-05
1.04729619166e-19
9.57726040697e-40
0.00188207695962
1.58301324618e-56
8.26332402269e-43
1.50438383154e-17
3.65523730682e-05
1.92358083666e-06
4.53662469277e-23
2.96330557007e-07
8.68051641148e-10
4.58662453005e-11
4.49589189541e-12
9.01240938723e-07
1.99978006857e-32
1.40757103095e-26
4.27558276288e-05
7.38833140129e-05
0.00188207695962
7.99088756372e-15
7.69511524325e-05
4.21842113891e-13
1.79930069209e-09
3.22564499516e-11
0.00781725888325
0.000412439655524
1.29189641713e-27
6.40291524205e-19
0.00194520913071
0.00188207695962
1.08754602333e-43
2.11609062252e-12
1.20842490898e-27
4.37336335448e-42
2.08898512242e-11
1.08846163696e-13
2.94776253555e-11
3.51855488211e-05
5.48483123504e-41
8.52088682665e-10
3.3875616929e-13
7.53233884294e-10
8.24131107293e-14
1.07655287998e-07
2.73297390519e-07
4.2148336454e-16
1.8365344154e-34
1.56981078255e-06
6.26140431783e-15
0.000412439655524
8.94180400694e-09
1.5244918673e-14
3.68666006346e-27
3.32598155263e-22
0.00138649535729
0.00188207695962
3.92763828737e-15
5.57829653001e-16
4.06596238297e-05
0.000213022806559
2.68513891747e-30
0.00138649535729
2.70817768565e-21
1.43035803009e-10
0.00013874839195
1.38498377216e-11
4.96593609471e-21
0.00138649535729
6.26395635159e-05
5.29480306891e-14
8.83981552226e-14
0.00188207695962
3.47396621138e-18
4.31402962627e-10
1.23092815498e-51
1.99667508943e-08
4.61039745582e-14
1.30098668421e-18
0.00194520913071
1.73905984201e-20
1.33487130806e-27
3.5378196921e-11
0.000482991871351
1.12666645153e-16
2.74317013266e-12
0.000412439655524
4.03191103536e-08
4.57892799046e-22
2.46691923777e-31
6.2861366559e-09
7.5635372708e-20
7.82104738073e-09
1.80690884113e-24
4.41320793431e-39
8.39948029581e-05
3.95109434365e-53
1.95435052632e-21
1.12646094236e-09
1.19289717172e-18
3.89026662855e-21
1.17485172132e-10
2.86778416688e-12
9.39158386523e-18
0.000341105958477
8.08745578583e-25
1.83179324087e-11
5.01369926896e-18
1.37092565954e-07
4.63071421551e-19
1.87448138854e-11
9.08218748623e-20
0.00188207695962
7.23635210728e-12
5.00258191456e-12
0.000127524143655
6.43551997551e-14
3.95240250386e-09
9.69011110797e-09
4.23900299744e-08
6.05926270242e-05
1.90353974777e-16
1.12503766661e-25
0.00013874839195
5.24304816755e-13
1.46359338849e-07
8.44751992598e-08
0.00138649535729
0.00013874839195
3.09213263937e-08
1.20783052681e-06
2.52152804613e-06
3.210886747e-21
0.000445079956998
2.35181998931e-08
1.28316089331e-38
0.00353072625698
4.62986270312e-19
7.5580474444e-05
3.72810498036e-11
1.99467549263e-13
2.38038069433e-07
9.58339245104e-22
3.76021348402e-29
2.34500370444e-07
4.29543166132e-08
3.74276060162e-15
1.29304529401e-30
1.19625593695e-28
0.000924330238194
3.80598668359e-13
1.42798189489e-05
1.27140597308e-08
1.30167790774e-28
0.00302639575282
8.69853463502e-19
5.98760533606e-05
1.26351531823e-27
7.2622760461e-08
5.75568130598e-10
0.00781725888325
2.22089806505e-13
9.35164252181e-07
8.163213499e-20
3.2972301298e-08
4.09712314026e-15
2.31304752086e-11
4.99353616789e-25
7.43030613597e-26
2.88144706541e-36
6.88626425946e-08
0.000779696775596
1.43539357657e-13
1.39340122261e-44
9.73752040836e-12
0.00188207695962
2.95855529163e-19
1.04938757174e-22
3.71345821865e-15
7.21680859681e-08
2.12376952231e-45
1.35616907288e-06
0.00188207695962
2.80454355718e-26
1.21762014821e-08
4.02136207989e-10
1.93204743544e-13
3.23346223748e-19
1.10054445313e-05
2.63367749175e-10
5.14657101455e-05
2.17270740472e-15
0.000724299622738
1.32910724874e-10
6.63166719608e-23
8.50160957698e-05
5.28337570565e-25
1.04365833712e-07
1.38056389488e-12
6.60371043255e-13
1.45064808063e-12
2.30465169466e-12
3.44434409324e-30
0.00194520913071
2.07197721082e-08
9.15967554901e-06
1.80798893211e-19
4.78208550176e-32
0.00302639575282
2.35713118697e-40
2.57472085118e-16
3.74797559554e-18
2.2100284719e-05
2.35997145833e-13
9.43624803288e-21
7.33283430184e-35
1.37998933538e-16
1.05763872182e-32
9.83337434673e-31
1.47487556198e-05
0.000482991871351
2.4380021364e-05
2.29580423729e-13
0.00781725888325
5.71032696622e-08
2.76307449536e-08
2.88320398417e-18
8.37297813573e-39
3.19629326616e-10
0.000412439655524
1.53638143266e-16
6.97929943348e-14
9.72286103878e-09
4.18644584593e-15
2.60316168272e-19
4.38274715273e-06
5.45110807885e-17
0.00188207695962
1.87062197375e-05
4.38812990134e-10
5.23125158995e-11
0.000609887213298
3.03158831397e-12
1.76844132715e-14
0.000355370144222
1.93436017739e-37
6.37417378371e-13
8.78513061315e-16
1.24281516293e-11
2.00761691315e-59
8.91363467876e-13
4.56766853391e-07
8.3908405312e-29
1.56274944867e-06
2.22769019716e-06
1.05139146146e-37
1.35810468438e-09
1.21366506038e-15
1.5356688947e-49
4.10173359325e-10
6.30271849253e-52
2.02793976553e-50
6.49663829241e-60
4.78510445549e-20
3.06302089504e-28
4.35765868686e-15
0.00138649535729
9.14392049002e-25
0.00781725888325
5.09811580395e-08
0.000779696775596
1.00966100233e-15
2.49755079034e-12
0.000204133538524
5.82177451948e-08
2.17014176319e-21
3.69496416248e-15
1.03675998871e-15
2.31967584966e-17
0.000293138694128
1.09731099389e-08
2.0144135807e-30
1.17499284697e-06
4.03885740394e-45
4.34679759849e-05
1.90167884228e-65
8.12911485875e-45
0.000135499857921
8.15870775165e-31
1.36317678103e-06
2.36029211641e-13
2.37556978084e-12
6.41762937647e-06
2.90209806488e-12
4.64182706337e-10
1.06091620966e-08
5.59739053765e-28
0.00188207695962
7.13745338175e-31
1.86007002224e-09
7.63766446521e-08
1.23423934021e-07
5.69541001122e-19
1.31215380897e-11
1.40439973872e-16
9.97132509964e-08
4.69627920034e-37
1.28160968562e-15
8.09989201272e-16
7.82460262022e-11
7.32423611043e-16
4.22933108825e-19
4.51914715468e-13
2.8672685252e-26
2.27275222792e-22
7.16961849523e-09
1.65740172499e-06
4.74453007302e-07
1.62913959449e-06
3.23264338543e-05
1.50848362572e-25
0.00302639575282
4.3321018415e-22
2.4724094063e-30
1.79010258262e-13
1.29759981055e-06
1.70664397312e-10
1.87062197375e-05
3.04727717379e-15
3.6552404848e-06
5.62377098556e-23
4.3779923064e-15
0.000482991871351
4.21763765853e-12
7.42818674446e-09
2.83990073173e-21
6.04127575312e-10
4.48348310869e-05
7.20871073291e-23
8.03753943625e-25
8.69389114055e-19
0.00353072625698
7.56241124469e-06
4.95345604577e-08
1.19149651688e-06
4.11800728551e-19
5.80513959985e-15
6.74207120938e-32
1.37579148498e-40
1.46299227625e-39
0.000609887213298
1.10911635737e-25
2.37882995458e-26
8.33031281447e-16
1.57372964033e-07
3.86941655286e-10
3.50622875801e-07
0.00188207695962
0.00781725888325
6.05654230037e-09
9.05648469822e-13
3.49676352352e-14
1.92455439157e-29
4.11731492947e-14
6.00812069092e-13
1.09015552626e-05
1.01028633748e-24
0.000724299622738
2.30172867526e-30
1.59940668235e-14
6.27921779882e-07
3.81240875548e-16
0.000724299622738
2.9839594991e-09
9.13605158229e-23
0.000388137345003
1.93309226165e-06
2.51022395754e-05
3.41717925873e-06
2.57374115697e-12
0.000779696775596
0.00781725888325
1.53610842224e-09
5.52029077661e-08
1.27967007765e-73
6.57124831909e-16
6.81557735743e-13
2.27581707874e-18
1.21135627821e-09
8.63857214973e-27
0.00302639575282
1.61188979506e-14
1.43631701324e-21
4.88909780709e-10
0.00138649535729
0.00302639575282
1.20480353134e-18
1.80731908829e-09
4.03372971434e-06
2.41537287063e-25
0.000412439655524
3.33823514317e-18
8.82684291892e-32
1.48870422024e-22
7.97152464284e-11
9.89778218605e-36
0.000125003279164
5.65275036084e-20
9.01958794835e-08
1.92195503532e-15
2.64711983123e-19
2.00127981619e-13
8.19168748847e-06
1.07216416752e-29
1.94336923736e-20
0.00781725888325
4.36563720241e-07
0.00302639575282
0.000779696775596
0.00339664804469
7.11733705446e-66
6.10881285414e-15
2.73239992294e-09
7.61992761954e-17
2.68762630707e-05
3.83477785411e-10
1.83308114961e-07
5.98760533606e-05
7.10080603592e-07
3.86921073653e-05
7.37822402154e-31
0.00138649535729
7.73057554645e-08
2.35513601675e-14
5.2946396075e-06
2.62963886308e-10
7.17642537519e-09
1.69762768762e-32
1.10666335585e-58
9.60966632766e-10
0.000355370144222
2.81946181336e-15
9.09981821924e-20
4.02176202981e-07
1.19864772692e-16
1.5641815204e-14
0.00302639575282
1.29059253911e-23
1.35510548081e-23
3.27641336312e-14
8.69243025814e-36
3.77848178777e-26
2.81949404561e-16
6.92155234664e-16
7.3853699492e-07
0.000779696775596
1.68315768001e-15
1.93140459241e-14
7.66323908051e-14
4.76900897838e-13
7.16144838727e-06
0.000779696775596
1.53166044287e-43