500
0.000287819651236
6.38128151749e-09
1.94395428901e-09
1.46327280516e-19
2.44132317761e-11
0.00102318787972
3.33005371536e-10
4.01523391068e-06
4.76961986517e-07
3.10154577912e-14
1.88400324891e-06
0.000741998056696
0.000136694767589
0.000275233354224
3.86741137407e-05
7.61834152285e-05
1.09810317186e-05
2.17090741547e-09
3.22578974297e-12
1.66524849296e-05
0.000481144777456
0.000511593939858
0.000350075680596
2.4353975745e-06
2.16632264699e-07
9.36603558894e-08
6.82119279041e-06
1.66180204282e-07
5.31716288821e-19
0.00095043753758
0.002562272323
0.000265333379674
5.47784087449e-07
5.5845987674e-09
0.00138161742907
1.9731255369e-14
0.00110110722377
0.00153360453717
0.000402647252778
0.00285560688299
0.00095043753758
1.85756140835e-08
0.000337347044473
1.78924117765e-05
2.74461956642e-05
2.68309696293e-07
4.18069221179e-31
0.000426067783439
1.24630604096e-08
0.000635282933277
2.24841878734e-07
1.46613199403e-05
0.000239060947272
7.95338058154e-05
2.8995291898e-07
4.20282779317e-06
1.15442478932e-11
5.94204490668e-06
8.77627816999e-08
0.000136522659096
0.00123583763754
0.0112622006438
2.20192534478e-06
2.74828000819e-08
0.000409591103366
0.00197993622632
0.000140939406713
2.96391274919e-06
3.91927464492e-05
5.67998033813e-06
1.31081083468e-05
0.000136694767589
1.04273582878e-20
8.67566859634e-05
9.77071184171e-16
0.0112622006438
5.72845866993e-07
1.33966779253e-05
2.10247453151e-05
3.97002486466e-09
1.9062008232e-09
0.0112622006438
6.19977284892e-09
7.05154334126e-44
0.00153360453717
0.000159632302173
0.000552081887423
0.000162353631497
1.61484327957e-05
0.000307733826626
4.34436737094e-05
1.34837225185e-05
3.06975742261e-08
0.00116492892063
2.30597143538e-05
1.61029324337e-16
8.97722985049e-05
0.000862046841679
2.73821659357e-12
0.00384318419595
0.000273021506896
2.89996629153e-08
1.20138620857e-08
1.10611037826e-12
0.00165166083566
0.000167918022312
4.47209257682e-05
9.80841722926e-13
0.000529600683047
0.000200852034821
7.49953147278e-07
9.49600797124e-05
3.96757979861e-07
0.00168019908852
1.4768091686e-07
0.000523336859866
0.00350787282315
1.50110021606e-05
2.00982656178e-06
1.6549579475e-06
1.75926333292e-05
9.23346520409e-07
6.91158769151e-06
1.77752407308e-07
0.00662630597163
3.08397081292e-16
1.49164106871e-05
2.45014855392e-05
1.03212161608e-06
0.000551243262732
0.000579855563261
3.57981717525e-07
6.33730673705e-06
1.29209848786e-13
1.8414991372e-06
9.18549233106e-05
0.000855793697734
0.00407711714701
6.91158769151e-06
2.36627381779e-06
0.00257752394397
1.68675221611e-10
2.11498926086e-05
5.58938422228e-06
2.30735365192e-06
3.91436014264e-12
7.98850279482e-05
1.8920978714e-09
0.000271515061833
2.93172801637e-07
6.72690443346e-11
2.86847974044e-17
0.000594995548388
0.00145482270543
0.00095043753758
0.00407711714701
5.08687687293e-05
7.09358230772e-07
3.85022026935e-05
0.00341374822829
6.91517332765e-07
0.00187146360846
7.38320086117e-07
0.00166149215016
5.24474412653e-10
3.78879655515e-06
1.11777743845e-05
0.000615151119285
2.82822754432e-10
9.7280096109e-08
1.27885429067e-07
0.00662630597163
0.00169922891147
8.01217511607e-07
1.79928192676e-10
0.000204285436087
2.06723162898e-08
3.01631893639e-07
0.00028003318142
7.3555624585e-06
2.86537521318e-06
0.00147444302408
1.3890797863e-08
1.07013155969e-09
3.81532919745e-06
1.92421877029e-10
6.1242633578e-07
1.15389643451e-07
0.000231700755495
1.60622004678e-05
3.11287547641e-100
0.00208868706302
0.000506221220163
1.90116170391e-17
7.95338058154e-05
4.07958133367e-05
0.0112622006438
2.71653859632e-07
0.000947542283897
4.68817197802e-08
8.93405026313e-07
2.14430677491e-07
0.00161538243079
3.58853586104e-10
0.000159875156098
4.95813352688e-05
1.80059776002e-05
0.000307733826626
0.00017082063105
5.28883930741e-05
0.00132789186536
7.05354458758e-07
0.00191888508879
0.00662630597163
0.00285560688299
0.000242470450904
7.56547974876e-06
1.30842742287e-11
0.000149264609827
7.33178837486e-16
5.98086263754e-08
1.96055327236e-11
4.48110277567e-17
4.94932602509e-16
0.000633113543822
0.000145704651648
2.35453989243e-28
0.00350787282315
0.00123583763754
4.78886344645e-08
8.34100535113e-07
0.00138984134234
8.73447595185e-09
2.1477433116e-11
4.04816350232e-06
9.34016310435e-07
0.00208868706302
0.00662630597163
3.00871872394e-05
0.000851175023266
0.00210045408357
2.03654149084e-06
0.001259753987
3.90469655234e-06
0.00170818154867
0.00280719541269
0.00407711714701
0.000163412381254
0.000134607998014
3.12501069617e-09
0.00122891431225
0.00350787282315
1.00198857998e-07
0.000492072813211
1.22462381124e-05
2.149078203e-22
5.90699957828e-06
0.000323345289757
4.10358822337e-06
2.98960347041e-11
4.64034029135e-11
1.34963233065e-07
3.42715682103e-06
0.00107766384425
0.0052958527648
9.84228309276e-07
9.60303157569e-28
6.18367338256e-05
3.38784458853e-07
0.000299588729746
0.000659554932268
0.000694670566268
6.73059452929e-07
8.82297289266e-05
9.92043040939e-12
5.15981301101e-08
3.07234698607e-06
2.45148066922e-06
0.000429886375386
7.77547822715e-12
0.0102795925339
5.55398253792e-06
1.20587374917e-09
4.73957181441e-06
2.14074163733e-06
3.59217771733e-06
6.52042175043e-11
1.71348670048e-06
0.000199350496143
0.000274990649596
0.000396531236206
6.27356218732e-05
0.000167918022312
3.23074192122e-10
1.31022536271e-07
3.19503203597e-30
1.31751186105e-05
3.32119511929e-05
1.32415556011e-08
3.63839163947e-38
0.00187146360846
1.13403494255e-05
4.96738186358e-08
1.15526499772e-21
7.20221582265e-06
2.7539463409e-09
6.54572283517e-08
0.00662630597163
0.000157936208025
0.00191719298904
0.000465201239987
2.19919799105e-05
4.61697841154e-11
7.73007755756e-07
0.000850904602896
2.17083832716e-15
0.000741998056696
5.57599444668e-07
2.8562975916e-45
0.000921078286049
0.0023988407375
1.08113322479e-11
0.000156118443801
1.93872218723e-06
4.50689289916e-10
0.000855793697734
7.15354911405e-09
3.22024185537e-10
0.00662630597163
0.000237588495517
5.49449515965e-07
0.000350075680596
3.55355751679e-08
4.11774543578e-08
2.35252271287e-09
1.86889929131e-15
6.66723061834e-05
6.7243656944e-07
3.39801319074e-05
6.69955719941e-10
6.01239716728e-05
1.25734803641e-10
2.10515438912e-07
0.000157269258367
0.000795042807104
5.52503118029e-07
1.27463739048e-06
0.000633113543822
2.02486342768e-06
4.00561274083e-05
0.000539109185061
1.34002291975e-06
1.78884797577e-05
0.00580207398495
0.00110110722377
7.93337588899e-06
1.28736382195e-09
1.1432221754e-05
6.96826700743e-06
0.00166149215016
8.28085494603e-12
9.54268947221e-06
3.40722862833e-05
0.00407711714701
0.00662630597163
7.82237135289e-06
0.00123583763754
4.86266994814e-05
1.72336297583e-07
3.27578874522e-05
1.24504173488e-05
0.00116492892063
0.000937597507075
7.90670233885e-05
0.000131256055556
1.0714636338e-09
1.45663529789e-21
1.88993339542e-13
4.18786384392e-05
1.53522858753e-05
0.000552081887423
0.000817763176892
4.46233012575e-09
2.53345515433e-12
0.00190645262128
3.06281774623e-05
2.20124244193e-09
1.33859958127e-08
1.7131380879e-05
3.34916811593e-11
0.002562272323
5.29267515587e-19
2.71086916723e-11
1.01732403836e-05
0.00031719399479
0.00168019908852
0.000286276996755
2.21162529235e-06
2.2150738755e-07
5.36657875221e-08
0.00190645262128
0.00554291754283
0.000357769263195
3.27393959448e-05
0.00112099260351
1.30250483984e-06
1.85754935795e-06
8.67194790825e-07
1.01746084923e-07
3.94430074583e-05
3.32812261581e-06
0.00013695827857
1.20790892538e-05
1.70556654559e-19
9.32144478607e-11
0.000967012330826
0.000230233224067
0.000283990162779
9.95064296192e-08
5.13109945598e-06
3.42995788859e-09
0.000434424098933
0.00554291754283
0.000967012330826
0.00407711714701
1.54912015102e-06
6.48404353032e-14
0.000245011303704
0.0052958527648
4.37843107696e-06
8.5568507065e-124
0.000104654424225
8.31225921542e-30
5.47498746305e-10
2.59368153549e-08
3.24032699967e-09
2.73605358511e-06
8.35902486e-36
0.000139771444769
1.7718744684e-05
0.00018962447436
5.24974143502e-08
2.68605736708e-05
0.000621727843081
2.23719687496e-05
9.50241566583e-34
0.000123582774277
0.000307733826626
0.0028239049092
5.60030043583e-07
7.65176231771e-06
0.00257752394397
0.000123646822376
2.79676934946e-05
0.00554291754283
0.00249431289427
5.16409857908e-15
1.85522555438e-06
4.41394921485e-05
0.000118766912297
3.1620193359e-28
1.18704145461e-05
0.0028239049092
0.000101473633668
0.00280719541269
0.0102795925339
0.0112622006438
0.000855969511247
0.00147444302408
7.97548731574e-13
0.000373926127451
0.00384318419595
9.05287578232e-12
1.28777308839e-06
8.20190615255e-06
1.5997220594e-21
0.00031719399479
0.00662630597163
3.61245055551e-06
0.0112622006438
0.00226120233453
5.74921423112e-09
0.00285560688299
1.24504173488e-05
6.20475838254e-07
0.000162311852239
0.000341907127946
1.62596277579e-06
0.00147444302408
7.13479761414e-09
7.7661834209e-09
0.00190645262128
0.000434424098933
0.0102795925339
2.22066929122e-09
4.27658975974e-07
0.0112622006438
1.35626130854e-08
5.67028016514e-05
7.82975500685e-07