500
0.00389285714286
1.89756697376e-17
1.65892062343e-44
6.38772049277e-10
3.73709842648e-06
6.64704887858e-77
0.00421428571429
0.00209174311926
2.9204188431e-41
1.44762825814e-37
2.20193500657e-22
1.32364048835e-25
2.64576394523e-31
3.27415516599e-47
2.32585940937e-100
1.67694682675e-11
9.35223064583e-20
9.95550349308e-40
3.06157529672e-15
3.01304334429e-14
0.0120293398534
1.2027450205e-28
1.0532111321e-08
2.70784325966e-22
5.28178147981e-12
1.26382855824e-12
1.88507376726e-35
8.91831101812e-12
6.9840873818e-83
7.17332082951e-41
8.51219217226e-07
1.51046777444e-99
0.00903426791278
3.32475984509e-11
6.70193481305e-42
4.48106248232e-07
2.43324401168e-19
0.0120293398534
3.19278516202e-75
1.56338448947e-18
1.52991273078e-28
0.00389285714286
1.47463645648e-21
2.833468445e-24
8.14553933071e-08
0.00082743762192
6.53814980052e-11
5.12775272571e-09
3.60868407353e-24
8.25626515511e-14
1.55902665095e-37
3.81959819825e-44
4.06371069007e-12
3.73431696637e-118
5.94562190636e-19
3.3921962287e-28
1.23099377739e-54
2.21304448727e-62
2.89142947003e-17
3.31890144294e-09
1.31518417499e-19
1.95967902731e-26
2.00761563117e-18
6.39435001397e-11
3.07347775681e-12
7.72688328215e-22
1.87166699417e-49
1.46411842093e-18
3.27442453448e-28
0.00389285714286
1.02783345962e-54
9.96492618519e-10
4.16613787372e-12
1.20731125499e-20
0.00903426791278
1.53353993859e-90
1.16422575813e-44
1.19576772993e-38
7.02924237632e-35
3.03721799405e-19
2.36961144167e-08
1.57397413077e-21
2.01406368366e-05
1.26520962879e-62
0.00389285714286
4.75242815779e-76
0.0120293398534
1.23302079408e-20
1.9441709253e-29
2.75371982723e-34
7.83724915585e-93
4.66887552128e-13
2.23051055136e-39
2.60269423685e-20
5.44439400452e-05
2.91159118191e-18
1.18697043687e-16
2.50647621937e-17
1.68229426568e-22
0.000151676745208
1.76598746538e-43
1.57741546032e-54
1.67275570811e-67
6.05998506831e-48
5.2263898195e-30
1.24752999711e-38
0.000645386098729
8.21139442478e-37
2.73297502831e-63
5.87256017352e-47
1.3427738019e-22
1.14987643891e-06
1.06579071763e-22
9.43387179742e-15
1.05065562343e-24
7.45040241451e-10
4.52823754956e-33
0.00081461317741
5.25437852014e-10
0.00903426791278
1.17861005113e-26
0.0120293398534
1.4302158983e-10
8.05768154624e-52
3.72169085414e-27
0.00646577017118
6.54491860767e-54
9.19071781822e-17
2.54364443525e-22
5.9801483758e-29
4.9406745063e-36
1.76870130714e-26
4.11663546599e-09
5.22355593421e-07
1.06793669145e-12
3.19321333071e-07
0.00903426791278
1.1254766968e-13
2.93042564898e-16
2.63434841967e-51
2.53379025422e-86
4.02812736732e-05
9.52252532182e-11
2.58063510668e-17
1.10664328993e-27
9.13599486746e-06
0.0120293398534
5.52818732652e-09
5.32034898324e-31
0.00646577017118
1.39677895223e-11
3.91837711562e-51
2.29378437904e-19
0.00421428571429
2.53697296856e-10
3.19181777222e-72
1.04780081675e-26
8.01789241534e-06
3.78841044274e-13
3.21854288293e-53
1.45101144751e-16
3.45609174626e-29
3.29853461298e-10
1.18268198284e-19
9.33319769539e-19
7.40673269396e-54
5.46908643001e-15
5.31134538197e-70
0.000741246202969
2.9393066258e-06
5.26916783224e-36
1.26289448016e-20
2.84014799518e-13
8.17704508644e-11
1.64855399211e-07
5.49426230495e-05
2.25333462945e-05
1.12782498937e-14
8.52925895543e-36
1.72912685578e-32
5.86350887677e-06
9.99674483164e-08
0.00389285714286
0.00903426791278
2.19917515651e-12
2.48470536833e-37
2.24153206487e-30
5.59232760079e-87
0.0120293398534
1.26572226348e-29
1.63878882142e-05
2.62637283494e-06
8.03399886872e-15
1.44618952003e-37
2.23988711753e-44
4.61571156424e-11
3.87207793793e-48
6.54437545772e-71
1.04825668241e-18
7.71702313088e-14
1.82131049333e-19
6.76854960895e-28
2.19730326035e-06
1.15058619431e-38
4.27680356577e-06
2.41128317738e-37
1.38453647154e-16
4.11460513717e-18
0.00903426791278
5.78807904183e-25
4.06418687874e-06
3.64088535955e-06
4.55955345327e-13
4.48304651386e-20
0.000202128288071
1.703968351e-05
3.67857896079e-126
1.56738594801e-15
3.49603610114e-66
3.09567219446e-32
7.25451124332e-05
1.16243561114e-10
6.88815276987e-21
1.08562810978e-48
1.78824536779e-49
0.00081461317741
2.25494403458e-40
0.000437854582858
0.00646577017118
0.00646577017118
4.81080298187e-13
6.09997128437e-06
3.10587262747e-24
4.21868527413e-24
9.95468566474e-13
0.000212002645382
1.91654748689e-28
0.00043406670991
0.0
5.23226014809e-15
1.54755941363e-23
3.32533627122e-29
2.01721669036e-10
9.14211715038e-24
0.00389285714286
6.95548256524e-15
4.03949546679e-23
2.46591654381e-82
2.52420360266e-32
1.6784341715e-55
9.95205295705e-15
1.71731578564e-51
3.35564208853e-17
5.19777931579e-62
5.93187874176e-45
0.000488375846629
5.33315586731e-100
7.03674596151e-76
5.40498638126e-30
3.67787189974e-12
4.60927644708e-21
9.44896135471e-28
5.2938051705e-14
4.1965687182e-24
3.16746157833e-28
1.5394183002e-22
6.20420801688e-17
3.72660318964e-08
0.00903426791278
3.10670372161e-13
4.6875686605e-105
3.16260205928e-62
3.31171798962e-21
7.61406245094e-29
5.01550258203e-08
8.58661393382e-07
9.26715028599e-19
5.53165126178e-28
1.66176485887e-12
6.27264121235e-08
0.00903426791278
1.21941686786e-39
0.00646577017118
7.02167892397e-77
0.000793417180021
5.77824228308e-25
0.000175911118593
2.8063626577e-17
2.31685505856e-09
1.50747534103e-38
7.45791791464e-13
2.9396224865e-38
6.89959765887e-92
3.11048029582e-53
2.20524960878e-50
6.38634519265e-05
5.84850398844e-21
3.51989433686e-62
5.81977906343e-37
1.08459152116e-30
1.3834503916e-13
2.45716256064e-13
8.88457743204e-07
4.00326238669e-15
1.91566877302e-07
8.08330333125e-36
1.27413054585e-20
6.70261328127e-12
4.05098909634e-23
0.000488375846629
7.26282224858e-34
5.91606456463e-67
0.000212002645382
1.15172632801e-27
4.91166671301e-39
3.36344071845e-26
1.1991276932e-14
3.88298548249e-20
3.29997685554e-05
2.26524288282e-06
2.21409544405e-56
0.000741246202969
2.7078121282e-23
6.78397197089e-08
4.348111872e-17
6.93039015799e-20
0.00646577017118
1.20536652569e-15
4.055590541e-18
9.42165752603e-07
0.000645386098729
1.50297614435e-07
6.25067552314e-27
5.93224486408e-09
0.000212002645382
1.46962525524e-147
5.59355806064e-30
3.92820536136e-60
0.00389285714286
1.42267893173e-73
9.92383092083e-18
1.20380489285e-108
3.64270473612e-05
9.13187991486e-17
0.00646577017118
1.90931066843e-17
3.2655303306e-26
8.217867318e-26
0.0120293398534
3.38395453172e-29
5.43097213431e-40
1.66966572721e-42
7.65557965157e-07
1.99427725357e-54
0.0120293398534
1.10841834292e-12
0.000488375846629
1.10675092308e-36
7.7286607061e-36
7.04203357154e-25
5.97443024061e-12
4.75464383934e-60
0.00389285714286
0.00903426791278
5.09835432666e-28
4.03463567341e-09
5.66325681931e-29
1.1344689825e-09
1.974910218e-27
0.00646577017118
3.36990710245e-30
7.06708915425e-37
0.0120293398534
4.07464922469e-11
4.54189504648e-14
4.71217341839e-16
3.14537126465e-38
9.78368834682e-12
1.55439179046e-47
3.13298795236e-05
0.00267447916667
6.23040458729e-19
1.35248158577e-35
1.82810201318e-29
6.87168364546e-23
2.83451925065e-34
2.19623481499e-10
3.86969489726e-15
5.8879758107e-21
4.14027012375e-09
1.99225417461e-19
5.28023784152e-08
1.14055715107e-25
2.11763975773e-15
2.50624987996e-14
0.00903426791278
0.0120293398534
2.01617515169e-10
3.27001654265e-59
7.18838493606e-41
0.00903426791278
1.40076620175e-21
2.98736651553e-10
5.81936620731e-48
2.20930083553e-53
3.96340404107e-06
3.35403957557e-32
7.76472890082e-28
3.78737821111e-16
1.32936686368e-13
1.01080510327e-36
1.80964007487e-16
5.66871718995e-32
6.36484363872e-46
2.40702212801e-11
5.04426166715e-60
4.31268046359e-28
7.63512360658e-09
8.15807206314e-95
3.61563497451e-29
4.46380351703e-38
1.66922768384e-39
1.41630855732e-30
3.55943095447e-12
0.0120293398534
1.78847972281e-17
1.56168507038e-10
0.0120293398534
0.00646577017118
4.52989742062e-06
1.04455164827e-18
1.21183311109e-11
1.16323440458e-79
9.02046707389e-09
7.08244924947e-21
9.42181229423e-22
6.38851186557e-57
5.57336920228e-10
0.00903426791278
8.19189970861e-41
8.44339972354e-22
0.00267447916667
3.393073493e-133
5.96759609974e-05
3.91037598949e-10
6.03883326621e-54
1.7423837148e-21
1.38260441575e-08
0.00646577017118
1.33295127288e-98
1.47018083457e-06
5.40508751574e-33
1.57797101372e-15
1.03107709849e-27
4.99113692463e-63
0.0120293398534
4.67584728127e-41
8.7486832678e-41
2.84953449731e-46
5.25991452431e-14
1.49892457989e-09
9.87416872097e-13
5.75050332816e-22
1.69450567388e-09
2.0189318686e-16
7.93823285016e-36
8.47084375903e-134
2.02155697203e-06
1.22145581882e-37
9.68552287768e-17
2.11438183643e-33
0.00903426791278
1.45055543264e-14
5.96689339731e-95
5.20857732406e-28
2.04630582199e-40
0.00646577017118
1.03701246848e-74
6.57064479912e-29
0.00389285714286
2.82602583075e-99
2.38327293734e-06
4.70536724887e-30
7.22567825126e-16
1.11470311602e-06
0.00646577017118
8.97916911655e-07
1.31806490328e-09
1.31297634125e-11
1.10640637108e-23
1.27525921001e-30
6.46034357828e-34
0.00903426791278
0.0120293398534
1.73416825904e-07
2.48400356224e-09
6.32179170276e-13
7.02861320432e-34
3.86013509352e-35
6.87068867501e-33