500
0.0
0.000214952319365
0.0
0.0
0.0
0.0
0.0
0.000674485085772
0.0
0.0
4.3186012577e-07
0.0
0.00611238073252
0.0
0.0
0.0
0.0
0.0
0.0
0.000445620080725
0.0
0.0
0.00611238073252
0.0
0.0
0.0100443250194
0.0
0.0
0.000852933255211
0.0
0.0
0.0
0.0
0.0
0.0
0.0
0.0
0.0
0.0
0.0100443250194
0.0
0.0
0.0
0.0
0.0
0.0
0.0
0.0
0.0
0.0
0.0
5.15084450761e-05
0.0
3.52329401446e-05
0.000127111279785
0.000126072411981
0.0
0.0
0.0
0.0
0.0
0.0
0.0
0.0
0.0
0.0
0.0
0.0
0.0
0.0
4.20252431649e-05
0.0
0.000852933255211
0.0
0.0
0.000398961679295
0.0
0.000145500197194
0.0
0.0
0.0
0.0
0.0
0.0
0.0
0.0
0.0
0.0
0.0
0.0
0.0
0.0
0.0
0.0
0.0
0.000808176191215
0.0
0.0
2.34362193342e-05
0.0
0.0
0.0
0.00104378503187
0.0
0.0
0.0
0.0
0.0
0.000287892091705
0.0
0.0
0.0
0.0
3.72844968627e-05
0.0
0.0
0.0
0.0
0.0
0.0
0.0
0.0
0.0
0.0
0.0
0.0
0.0100443250194
0.0
0.0
0.0
0.0
0.0
4.97919492559e-05
0.0
0.0
0.0
0.000398961679295
0.0
0.0
0.0
0.0
0.0
0.0
0.0
4.27337965794e-07
0.0
0.0
0.0
0.0
0.0
0.000145500197194
0.0
0.0040718156098
0.000852933255211
0.0
0.0
0.0
0.0
0.0
0.0
0.0
0.0
0.0
0.0
2.66069015617e-05
0.0100443250194
0.0
0.0
0.0
0.0
0.0
0.0
0.0
0.0
0.0
0.0
0.0
0.0
0.00104378503187
0.0
0.0
0.000398961679295
0.0
0.0
0.0
0.0
0.000852933255211
0.0
0.0
0.0
0.0
0.0
0.0
0.0040718156098
0.000733270123436
0.0
0.0
3.53388002529e-05
0.0
0.0
0.0
0.0
0.0100443250194
0.0
0.00611238073252
0.00104378503187
0.0
0.0
0.0
0.0
0.0
0.0
0.000754156440886
0.0
0.0
0.00632448562324
0.0
0.0
0.0
0.0
0.0100443250194
0.0
7.2790870644e-05
0.0
0.0
0.0
0.0
0.0
0.0100443250194
0.0
0.0
0.0
0.0
0.0
0.0100443250194
0.0
0.0
0.0
0.0
0.0
0.0
0.000193801367022
0.000398961679295
0.00632448562324
0.0
0.0
0.0
0.0
0.0
0.00632448562324
0.0
0.0
0.0
0.0
0.0
0.0
0.0
0.0
0.0
0.0
0.0
0.0
0.0
0.0
0.0
0.0
0.0
0.0
0.0
0.0
0.00632448562324
0.0
0.0
0.0
0.0
0.0
0.000145500197194
0.0
0.0
0.0
0.0
0.0
0.0
0.0
0.0
0.0
0.0100443250194
0.0
0.0
0.0
0.0
8.97778812321e-06
0.0
0.0
0.0
0.0
0.0
0.00632448562324
0.0
0.0
0.0
0.0
0.0
0.0
0.000852933255211
0.0
0.0
0.0
0.0
0.0
0.0
0.0
0.0
0.0
0.0
5.5454389849e-07
0.0
0.0
0.0
0.0
0.0
0.0
0.0
0.0
0.0
0.0
0.0
0.0
0.0
0.000844558730214
0.0
0.0
0.0
0.000214952319365
0.0
0.0100443250194
0.0
0.0
0.0
0.0
0.0
0.0
0.0
0.0
0.0
0.0
0.0
0.0
3.52329401446e-05
0.0
0.0
0.0
0.0
0.0
0.0
0.0
0.0
0.0
0.0
0.0
0.0
0.0
0.00104378503187
0.0
0.0
0.0
0.0
0.0
0.0
0.0
0.0
0.0
0.0
0.0
0.000157527510025
0.0
2.12250827967e-05
0.0
0.0
0.0
0.0
0.0
0.0
0.0
0.0
0.0
0.0
0.0
0.0
0.0
0.0
0.0
0.0
0.0
0.0
0.0
0.0
0.0033225969549
0.0
0.0
0.0
0.0
0.0
0.0
0.0
0.0
0.0100443250194
0.0
0.0
0.0
0.0
0.0
0.000397870209203
0.0
0.0
0.000127111279785
9.71819274781e-06
0.0
0.00104378503187
0.0
0.0
0.0
0.0
0.0
0.0
0.0
0.0
0.0
0.0
0.0
0.0
0.0
0.0
0.0
0.0
0.000214952319365
0.0
0.0
0.0
0.0
0.0040718156098
0.000852933255211
0.0
0.0
0.0100443250194
0.0
0.0
0.0
0.0
0.0
0.0
0.0
0.0
0.0
0.0
0.0
0.0
0.0
0.0
0.0
0.0
0.0
0.0
0.0
0.0
0.0
0.0
0.0100443250194
0.0
0.0
0.0
0.0
0.0
0.0
0.0
0.00169482691816
0.0
0.0
0.0
0.0
0.0040718156098
0.0
0.0
9.98227991791e-08
0.0
0.00611238073252
0.0
0.0
0.000157527510025
0.0
0.0
0.0
0.0
0.0
0.0
0.0100443250194
0.00611238073252
0.0
0.0
0.0