500
1.88427426046e-07
0.0529785079249
3.50600292102e-06
1.64346413486e-08
0.0529785079249
0.0529785079249
1.95562051267e-15
1.12238637283e-10
9.15844203724e-06
3.53613447617e-09
0.0321114480555
0.000673600475285
1.19056082417e-07
4.61251685328e-06
2.6589067199e-06
0.019255205235
7.85953337524e-06
0.0529785079249
7.49631715459e-08
0.000135967198996
8.05274190849e-05
0.000174104863554
0.0321114480555
0.0321114480555
3.7729484064e-10
8.89825449619e-05
4.99799803501e-06
0.0321114480555
0.019255205235
0.0321114480555
5.97012213662e-08
0.019255205235
0.00160912897943
0.0
2.00790270164e-10
3.96016041245e-10
0.0529785079249
0.0321114480555
1.02618079566e-06
0.0321114480555
1.84957230776e-05
0.0321114480555
0.0529785079249
8.43203570782e-06
0.000369164080118
0.019255205235
3.83227668457e-06
0.000925792805161
0.000221909219566
0.00160876500479
0.0529785079249
0.0321114480555
1.53300178049e-06
2.39688025322e-13
0.0321114480555
0.0529785079249
0.0321114480555
7.33326818538e-07
0.019255205235
0.00391377813631
1.14574751149e-05
1.70482252267e-05
1.03692476058e-07
1.48480674254e-05
0.019255205235
0.019255205235
4.23598392142e-05
0.00430896794014
6.05343923889e-07
8.31081313427e-05
1.2121339914e-05
0.000673600475285
2.24972534839e-05
0.0321114480555
4.98928327175e-16
0.000100372232122
0.0529785079249
3.99512196123e-12
1.06163925422e-10
0.0529785079249
2.45163015527e-05
0.000740087260747
2.945587788e-05
9.85175633316e-12
0.0529785079249
4.14234284808e-08
3.28946197141e-08
1.51396241974e-08
0.0321114480555
4.16739044053e-05
8.34612471859e-06
3.40505352647e-10
0.0321114480555
4.03136291412e-05
0.0529785079249
0.0321114480555
0.000197649454163
9.89025622445e-05
0.000760937129721
0.019255205235
1.68928239742e-05
2.98359401294e-06
0.0321114480555
4.17592308115e-09
4.05944344076e-17
2.71520387008e-14
0.0321114480555
4.24788424443e-15
1.84957230776e-05
1.41570341365e-05
3.4756039349e-06
0.0321114480555
6.16346212169e-18
0.0321114480555
5.53396250478e-05
4.83460496783e-05
0.000925792805161
1.05582788386e-10
1.35295240789e-09
2.25911516222e-06
0.00160876500479
0.00629086460538
0.0529785079249
2.18920072695e-05
0.019255205235
1.32996557138e-09
0.0321114480555
0.0529785079249
1.38745201257e-08
0.0529785079249
0.00566411669563
2.26266082965e-16
0.00160912897943
3.62090532546e-05
8.37057002895e-06
0.0529785079249
1.39496818994e-06
0.0321114480555
1.53300178049e-06
4.16179789431e-06
5.0346725439e-08
2.36700071767e-16
0.0321114480555
7.20514140706e-16
2.59559837459e-13
0.0321114480555
3.0383240875e-06
4.96490892946e-05
0.0529785079249
5.61375711631e-08
8.79647849895e-08
3.45373190587e-08
5.94565137122e-12
0.000952909942033
3.57411834925e-06
0.0321114480555
0.019255205235
0.0321114480555
6.66472187773e-17
2.71859959555e-05
1.42901351382e-07
2.07990819813e-10
0.0321114480555
6.90691519507e-15
0.0321114480555
0.019255205235
1.81681209281e-17
1.70870389167e-06
0.000162447734262
9.89025622445e-05
0.019255205235
0.019255205235
5.63672563961e-07
1.28968332753e-07
7.75810001136e-14
0.019255205235
1.46225696918e-06
1.39496818994e-06
0.0321114480555
0.0529785079249
0.0321114480555
7.98928487002e-19
0.0321114480555
1.12862567644e-06
5.53396250478e-05
4.61251685328e-06
1.62262902525e-07
0.00160912897943
0.0
0.0321114480555
0.00298086848936
5.12884706597e-13
0.00160876500479
0.019255205235
0.0321114480555
1.05582788386e-10
7.14032763287e-06
6.73920392132e-08
1.31774062453e-10
8.89825449619e-05
0.0321114480555
0.0321114480555
1.34639369293e-08
0.000673600475285
0.0
1.97035387567e-05
0.0
4.83460496783e-05
5.88260153314e-08
0.0321114480555
0.0321114480555
2.50942722111e-07
0.0321114480555
2.37402204931e-11
0.00430896794014
0.019255205235
0.000925792805161
0.0321114480555
0.000740087260747
1.04615874655e-06
8.72326485659e-05
1.46225696918e-06
0.019255205235
0.0529785079249
2.42778452238e-06
0.000740087260747
0.019255205235
0.0529785079249
0.000459153825826
4.62985224917e-11
3.30288409059e-10
0.0321114480555
0.0321114480555
0.0529785079249
0.00374925230494
2.72488786463e-08
1.763376318e-08
2.76939705515e-09
3.51006277862e-07
5.66056376017e-06
0.0529785079249
0.0529785079249
0.0321114480555
2.67340444629e-05
0.0321114480555
2.37499479636e-05
0.019255205235
9.84032347016e-05
0.0321114480555
4.05551944621e-07
0.000459153825826
0.0321114480555
8.48597169588e-09
0.0529785079249
8.14846190248e-05
3.68641721363e-08
2.21393373161e-09
5.2208835313e-06
9.89025622445e-05
0.0321114480555
0.0321114480555
0.0321114480555
0.00430896794014
5.75106214792e-14
0.00025007411779
0.0
2.2001942645e-16
0.0529785079249
0.019255205235
0.0
1.07483437128e-08
0.0
0.00160876500479
0.000925792805161
5.27599919608e-08
0.000135967198996
0.0529785079249
0.0321114480555
8.66636394619e-20
0.0321114480555
0.019255205235
0.0
0.0321114480555
9.84032347016e-05
1.63237040775e-07
6.65158896394e-05
0.000135967198996
0.0321114480555
1.19056082417e-07
0.000459153825826
2.89604196208e-09
3.62991586444e-06
1.6906576544e-06
7.45949099889e-13
0.0321114480555
0.0321114480555
3.51919890881e-07
0.0321114480555
0.0321114480555
7.49631715459e-08
0.0321114480555
0.000459153825826
0.00156652220258
3.51919890881e-07
0.0529785079249
0.000918035657078
7.99258872142e-16
0.0321114480555
0.0
0.00160876500479
0.0321114480555
0.0321114480555
0.0529785079249
1.53300178049e-06
4.23598392142e-05
2.83504187016e-07
0.000673600475285
1.64588338577e-08
2.67340444629e-05
1.91891090405e-06
0.000131411140141
0.0321114480555
0.0529785079249
4.75348842993e-08
2.14070098547e-11
0.00430896794014
0.0321114480555
0.0
0.00149047367321
0.0321114480555
0.0529785079249
0.0529785079249
2.84442511024e-06
2.23189831914e-21
0.0321114480555
0.000523659894439
0.00374925230494
1.01410196608e-13
7.5387199291e-09
0.019255205235
1.20151027814e-16
0.0321114480555
1.46225696918e-06
0.0321114480555
0.00374925230494
0.000925792805161
2.6589067199e-06
1.49785675017e-05
1.28990821952e-12
6.53106359078e-06
1.7394593535e-12
0.0529785079249
0.0529785079249
0.0321114480555
0.0321114480555
1.6109720019e-05
0.0321114480555
2.6589067199e-06
8.08481801126e-05
0.019255205235
7.87729426153e-08
0.0529785079249
2.85871934339e-08
9.89025622445e-05
0.000369164080118
0.0321114480555
1.31191088005e-06
8.95152296345e-08
3.0383240875e-06
8.98052496225e-08
4.16739044053e-05
0.0529785079249
1.63431394192e-09
3.86236975489e-15
2.03929859683e-17
0.0321114480555
1.86870839407e-12
0.019255205235
1.03581341509e-10
0.000769359763806
1.00150934292e-06
1.06314933356e-11
4.61727252154e-12
0.0
8.75570184407e-11
0.0529785079249
0.0321114480555
3.98190700946e-08
1.84957230776e-05
7.7226939766e-05
0.0321114480555
0.0321114480555
3.6600923774e-10
4.96490892946e-05
1.00467258743e-08
4.23598392142e-05
4.43617959747e-05
2.20269380137e-08
0.0321114480555
0.019255205235
5.17578702006e-15
1.09444370729e-09
0.0321114480555
1.70870389167e-06
3.69825454955e-05
1.53300178049e-06
0.000273067428848
0.0321114480555
1.06475473818e-08
0.000459153825826
5.53396250478e-05
0.0529785079249
0.0529785079249
6.50401152702e-07
0.0529785079249
6.3707107051e-08
0.0321114480555
0.000925792805161
0.000333132519909
0.00160876500479
0.000197649454163
2.0153759552e-10
3.03736210696e-13
7.77756815573e-08
0.000655208656107
0.000740087260747
1.38511126438e-14
1.12862567644e-06
0.0321114480555
1.5481983753e-07
4.16179789431e-06
2.12433344154e-12
2.96365555621e-06
0.0529785079249
0.000740087260747
0.0529785079249
1.53977015136e-08
0.000135967198996
0.00160876500479
4.20517289402e-06
0.000925792805161
0.00430896794014
4.12800133067e-06
1.9391008916e-08
0.0321114480555
1.62217562626e-14
0.0
0.0321114480555
1.73113334646e-05
2.02440532248e-10
0.0321114480555
0.00374925230494
0.0321114480555
0.00374925230494
1.48308753634e-05
4.96490892946e-05
0.000135967198996
0.000369164080118
0.0321114480555
4.96490892946e-05
6.17707966619e-06
0.00300206101109
4.1924200725e-05
3.95047190973e-06
0.019255205235
2.9084659586e-08
5.53396250478e-05
0.0321114480555
1.81106035209e-06
8.97796315526e-10
0.0529785079249
0.0
0.0321114480555
0.000221909219566
0.000673600475285
0.0321114480555
2.91813485714e-11
0.000740087260747
0.0529785079249
6.20511844396e-11
0.0529785079249
1.6109720019e-05
0.0251143124124
2.2607737369e-10
0.000952909942033
3.50277143854e-08
1.1725139303e-07
0.0529785079249
0.0
2.58675125867e-10
0.0321114480555
0.00629086460538
0.0321114480555
9.84032347016e-05
0.0321114480555
1.39496818994e-06
0.0529785079249
0.000918035657078
0.00159499640981
0.0321114480555