500
0.0
0.0
0.0
0.0
0.0027956082737
0.0
0.0
0.0110206059138
0.0
0.0
0.0027956082737
0.0
0.0
0.0
0.0
0.0
0.0
0.0
0.0
0.000803127470213
0.0
0.0
0.0
0.0
0.0
0.0
0.0
0.0
0.0
0.0027956082737
0.0
0.0
0.0
0.0
0.0
0.0027956082737
0.0
0.0
0.0027956082737
0.0
0.0
0.0
0.0
0.0
0.0
0.0
0.0
0.000543410418891
0.0
0.0
0.0
0.0
7.7613707844e-08
0.0
0.0
0.0
0.0
0.0
0.0
0.0
0.0
0.0
0.000249364562792
0.0
0.0
0.0
0.0
0.0
0.0
0.0
0.0027956082737
0.0
0.0
0.0
0.0
0.000460971032999
0.0
0.0
0.0
0.0
0.0
0.0
0.0
0.0
0.0
0.0
1.87481496306e-05
0.0
0.0
0.0
0.0
0.0
0.0
0.0
0.00269465449511
2.83790852068e-07
0.0
0.0
0.0
2.15235072889e-06
0.0
0.0
0.0
0.0027956082737
0.0
0.0
0.0
0.0
0.00113328173269
0.0
0.000249364562792
0.0
0.000385215857905
0.0
0.0
8.40018342912e-05
2.1226509618e-06
0.00137424728985
0.0
0.0
2.70361583895e-07
3.85937441664e-05
0.0
0.0
0.0
0.0
0.0
0.0
0.0
0.0
0.0
8.6271630135e-06
0.0
0.0
0.0
0.0
0.0
0.0
0.00445425881717
0.00756243641957
0.0
0.000761705829845
9.0681356525e-07
0.0027956082737
0.0
0.0
0.0
0.0
0.0
0.0
0.0
0.0
0.0
0.00269465449511
0.0027956082737
0.0
0.0
0.0
0.0
0.0
0.000407442631859
0.0
0.0
0.0
0.0
0.0
0.0
0.0
0.0110206059138
0.0
0.00445425881717
0.0
0.0027956082737
0.0
0.0
0.0
7.53438903179e-06
0.0
0.0
0.000761705829845
0.0
0.0
0.0
0.000392090534779
0.0
0.0
0.00269465449511
0.0
0.0
0.0
0.0
0.0
0.0
0.0
0.0
0.0
0.0
0.000162904549618
0.0
0.0
0.0027956082737
0.0
0.0
0.0
0.0
2.78415860562e-05
0.0
0.0
0.0
0.0
0.0
0.0
0.0
0.0
0.0
0.0
0.0
4.44967752353e-09
0.0
0.0
0.0
0.0
0.0
0.0
0.0
0.0
0.0
0.0
0.0021675446855
0.0
0.0
0.0
0.0027956082737
0.0
0.0
0.0
0.0027956082737
0.0
0.0
0.0
0.0
0.0
0.0
0.0
0.0
0.0
0.0
0.0
0.00104475600438
9.03458217935e-06
0.0
0.0
0.0
0.000460971032999
0.0
0.0
0.0
0.0
0.0
0.0
0.0
0.0
0.0
0.0
0.0
0.0
8.5394919145e-05
0.0
0.0
0.000653752166758
0.0
0.0027956082737
0.0
0.0
0.0
0.0
0.0
0.0
0.0
0.0
0.0
0.000761705829845
0.000166613511987
0.0
0.00756243641957
0.000701397990652
1.58040260637e-06
0.0
0.0
0.0
0.0
0.0
0.0027956082737
0.0
0.0
0.0
0.0
0.0
0.0
0.000241800853549
0.0
0.0
0.0
0.0
0.0
0.0
0.0
0.0
0.0
0.0
0.0
0.0
0.00104475600438
0.00137424728985
0.0
0.0
0.0027956082737
0.0
0.0
8.05554843731e-06
0.0
0.0
0.0
0.0
0.0
0.0
0.0
0.0
0.0
0.000241800853549
0.0
0.0
0.00120017596647
0.0
0.0
0.0
0.0
0.0
0.00137424728985
0.000543410418891
0.0
0.0
0.0
0.0
0.0
6.48385011933e-05
0.00445425881717
0.0
0.0
0.0
0.0
0.0
5.02037956048e-07
0.0
0.0
0.0
0.0
0.0
0.0
0.0
0.0
0.00269465449511
0.0
0.000460971032999
0.0
0.0
0.0
0.0
0.0
0.00120017596647
0.0
0.0
0.000407442631859
0.00103344228476
0.0
0.0
0.0
0.0
0.0
0.0
0.0
0.0
0.00269465449511
0.0
4.16910596022e-07
0.0
0.0021675446855
0.0
9.45131589412e-07
0.0
0.000460971032999
0.0
0.0
0.0
2.40721767929e-09
0.0
0.0
0.0
0.0
0.0
0.0
0.0
0.0
0.00756243641957
0.0
0.0
0.0
0.0
0.0
0.0
0.0
0.0
0.0
0.0
0.0
0.0
0.0
0.00756243641957
0.0
0.0
0.0
0.0
0.0
0.0
0.0
0.0
0.0
0.0
0.0
0.0
0.0
0.0
0.0
0.0
0.000665223091398
0.00269465449511
0.0
0.0027956082737
0.0
0.0
0.0
0.000701397990652
0.0
0.0
0.0
2.21379946129e-06
0.0
0.00103344228476
0.0
0.0
0.0001620269152
0.0
0.000392090534779
0.0
0.0
0.0
0.0011181948854
7.29127326541e-07
0.0
0.0
0.0
0.000392090534779
0.0
0.0
0.00756243641957
0.0
0.0
0.0
0.0
0.0
0.0
0.0
0.000600455574879
0.0
0.0
0.0
0.0
0.0
0.0
0.0
0.0
0.0
0.0
0.0
0.0
0.0
0.000761705829845
0.0027956082737
0.0
0.0
0.0
0.0
0.0
0.0
0.0
0.0
0.0
0.000249364562792
0.0
0.0