500
9.25219586937e-08
1.70983333365e-17
0.00636009088374
0.0
2.50597954472e-05
0.000120127270255
0.000335797427532
0.0109800279261
0.0451707619379
3.65688682194e-07
0.0
2.14660673817e-05
5.26555721583e-05
1.76390611118e-06
5.2550137234e-26
0.00264399862366
8.20773634319e-29
9.61408426315e-06
6.49423350331e-10
3.94622320364e-19
4.4539839432e-11
0.000524222881643
0.00610791358455
2.19989227925e-07
0.00147524652055
2.30151708993e-21
4.87280861857e-06
0.0127361717133
1.26108217734e-05
0.0106458641092
0.0
0.0
0.0109800279261
2.86848547754e-13
0.0
0.000673414082866
6.17412533539e-08
6.99593899036e-25
6.03059496334e-12
1.67427219371e-13
0.000106010664455
4.41284729794e-07
0.000417782414495
1.81509064533e-14
6.78925271292e-09
2.64779357389e-11
0.000481760456647
0.000230367537612
9.78981628874e-05
7.38156680761e-05
4.91073935221e-16
1.1858689431e-18
4.3285978661e-06
0.0
3.10647950787e-05
2.05667109701e-08
0.0451707619379
2.24219325756e-09
0.0451707619379
0.0
1.95662953845e-11
1.20364750287e-06
0.00215032073437
0.0
5.47022279458e-05
0.0
0.000323274377889
6.21098543235e-18
2.60726768139e-11
4.09720497394e-09
1.31351036423e-08
4.38128663866e-06
0.00636009088374
0.0127361717133
0.000791942166381
9.13515627657e-07
6.7543102606e-06
3.15743806527e-18
0.0
1.14974840929e-19
0.0
2.34415376576e-07
0.000123010324603
0.000142214624186
2.1673467968e-12
7.29093156896e-07
0.0075999321425
0.00636009088374
7.49264788386e-11
0.00275532800408
2.36047389106e-10
0.0451707619379
1.01744622614e-06
5.81302638437e-08
1.10431433857e-08
0.00190074263256
3.29861806742e-07
1.74137376458e-05
1.26835495572e-06
6.63902379655e-08
7.18923260452e-09
0.0
1.05835730178e-05
0.000666878719639
1.27351734564e-14
0.00120770442976
0.000553861522907
0.0
3.7420600148e-07
4.29448521691e-11
2.58910465477e-09
3.24396263744e-08
0.000150967127287
0.00275532800408
6.76785284959e-06
0.0
7.72556609544e-10
2.32600616136e-12
1.3189160153e-15
0.0
3.07277132469e-07
0.0451707619379
1.49462176361e-12
1.0574604954e-07
0.00816645839748
0.0
1.4185741164e-06
3.06319127586e-09
1.09089112926e-13
1.33937482607e-17
2.62213824028e-16
1.39156452821e-09
6.83109450314e-13
5.42855210761e-14
1.75138340145e-07
2.73742397721e-13
1.23808441571e-19
0.0451707619379
0.0451707619379
0.000553451092911
0.000140241715493
4.34841859545e-17
0.00328489745782
1.51162665936e-17
0.000323274377889
0.000381171342829
0.0
2.79380684753e-05
0.00231830682027
7.90088044219e-05
0.00264399862366
0.0106458641092
9.63115702982e-14
0.000173759564479
0.000578320074066
0.000150418304694
0.000127461521199
4.29672746958e-09
0.0
0.00213972993489
0.0
0.0
3.1203178373e-05
0.0106458641092
0.0451707619379
0.0
4.25757023796e-09
3.88615326008e-09
7.75224005178e-05
2.24879593344e-07
4.97434114043e-09
5.1672150175e-05
3.22915923278e-05
0.00128401078772
3.60705358228e-20
0.0
0.0
9.67017968073e-11
0.0
0.0109800279261
6.14376815981e-05
1.21773808642e-06
0.0109800279261
0.0
8.24447337776e-08
2.74877959329e-16
0.000202967982007
1.38706390729e-18
1.09453424269e-06
5.0557765689e-16
1.87676292305e-17
5.39373570019e-10
0.00084752834605
0.0451707619379
3.52589521515e-12
9.23460762155e-10
0.0451707619379
0.0451707619379
6.73775266453e-14
0.001394901994
0.0109800279261
0.0
7.13131584147e-05
0.000547000412745
7.29384716324e-20
4.58383799946e-06
0.0106458641092
3.6661832481e-15
0.000791942166381
6.68592950554e-24
8.27349840507e-09
0.0
0.001394901994
0.0
2.57314754117e-05
0.000840235148555
0.0
0.0
4.42065172845e-17
0.00328489745782
2.47203280165e-09
0.0451707619379
9.71350413853e-06
3.02048940637e-13
7.08052235599e-05
0.00275532800408
5.71625308783e-21
4.04886565608e-09
0.0
1.54118263273e-10
0.000703909055626
0.00328489745782
4.72488765514e-12
0.0
3.10014902765e-08
2.44890585708e-05
1.8023885483e-10
0.0
1.16945448595e-12
0.000357340299841
0.0451707619379
9.67027121117e-07
5.30477770866e-20
1.18541678588e-07
0.0109800279261
6.71513622192e-32
0.00636009088374
0.0
6.50672691067e-06
3.82600337889e-08
3.48801457982e-15
9.06512418988e-10
0.000323274377889
0.0
0.000125014258991
4.14762591807e-07
3.14392208609e-09
1.35549753732e-11
1.22587546786e-10
2.42581090185e-05
0.00526872711932
0.000258663849506
4.78902535849e-05
2.91030048273e-08
0.0106458641092
0.0106458641092
0.000353848837657
1.60603875795e-10
0.00275532800408
0.000100060301441
0.000240247366421
6.76212306845e-11
0.00816645839748
4.54553226565e-11
9.58626119697e-05
0.0
0.0075999321425
0.0451707619379
1.14922091358e-08
0.0127361717133
3.95148261568e-14
8.15209641922e-16
0.0
1.64519846886e-25
0.00235724526877
0.00526872711932
4.10456166501e-05
2.89797032508e-07
5.73113463693e-09
0.0451707619379
1.37214626143e-07
0.0075999321425
4.37553381449e-11
5.02802345052e-05
1.38918601514e-07
0.00190074263256
2.82401792246e-11
4.35105280652e-06
2.5886976436e-14
6.89545234791e-09
1.25267847489e-10
0.0
4.14429614215e-09
7.96974630014e-13
5.95034929358e-08
0.0
1.0627980555e-06
0.0109800279261
1.98659243987e-07
6.68319773791e-07
2.00110789388e-14
0.0127361717133
6.54747626045e-12
0.000161614846829
2.83804218756e-05
1.3623009008e-33
1.1448285313e-06
1.49804401931e-07
0.0109800279261
0.0451707619379
0.000114203706555
1.43336662492e-08
0.00052069550321
7.88965092026e-15
2.07954536934e-12
3.01194678341e-06
0.00159388756575
0.000112082425574
0.0
0.00275532800408
0.0
6.40308474456e-15
3.62195280711e-06
6.86867532595e-07
0.0
0.0001029988788
0.0075999321425
1.31305216308e-09
1.00525564681e-19
1.81409598863e-05
2.88587069571e-05
1.36342305609e-18
8.48133884308e-06
0.0
0.000398895950992
0.0075999321425
0.000112082425574
0.0075999321425
0.0451707619379
0.0
0.000113635701578
0.000639977481345
0.0106458641092
7.42565216363e-07
4.3169507836e-06
6.17110380323e-15
0.0
0.0451707619379
4.26218431433e-11
1.81500859027e-05
0.0451707619379
9.90116859184e-20
0.000335797427532
0.00816645839748
3.7845541085e-08
6.27919740323e-13
1.47070003729e-31
0.00816645839748
2.15532639366e-06
6.83840771355e-08
0.0
3.08025663079e-06
1.11530618787e-08
0.0451707619379
2.15116865289e-12
0.000285965495682
4.55004230049e-05
0.00816645839748
8.81484251821e-11
0.000381171342829
1.38338292876e-09
1.41611128278e-08
1.01843424885e-24
0.0
3.45752518453e-07
0.000479571343324
0.0451707619379
0.0451707619379
0.00816645839748
0.000148081662294
1.7900709463e-05
0.0106458641092
0.00076796812736
0.00526872711932
4.82273601976e-06
4.01555204825e-05
0.0451707619379
0.00816645839748
8.7801473742e-06
0.0451707619379
1.57742054067e-05
3.958142285e-11
2.0725610144e-05
0.00053374008846
0.0106458641092
0.0
5.50530139202e-21
0.0
0.0017076903713
1.25629566444e-08
7.31304855933e-08
1.82899602662e-10
0.000126136220107
0.0106458641092
3.80763542511e-13
0.000163582102776
0.0
6.04760860548e-05
0.000279113457021
0.0
1.63307279712e-24
0.0
7.55014591462e-08
4.90016028482e-07
0.0127361717133
0.000191493255553
0.0106458641092
0.00012175123544
0.000135212034708
8.06243775554e-16
0.000311055164128
0.00223305310822
0.0451707619379
0.0
0.000175305410685
7.27112531997e-08
0.00231830682027
3.64295989926e-06
0.0451707619379
0.000471186987901
0.00190074263256
3.48374370439e-07
1.5044061149e-09
7.86093467504e-13
1.22375109255e-07
1.20934866032e-11
0.0
3.95531213423e-08
0.0
2.82378521244e-09
5.02186669225e-07
8.62473474999e-08
3.26389666932e-11
2.43777139062e-08
0.0127361717133
0.0
9.1274893346e-08
7.45329132372e-08
8.78340944322e-09
0.00816645839748
6.79367643099e-05
1.52086182404e-13
7.53930074985e-10
0.00816645839748
0.000775003137656
0.0451707619379
9.35589334047e-20
5.71841388973e-16
2.58675833272e-07
0.0451707619379
2.81494047739e-07
2.83706966078e-10
1.29167780063e-12
1.73082700558e-07
6.27017514192e-05
0.000187805729792
0.00300848855754
1.84101516916e-15
0.00235724526877
1.48965127175e-10
0.0109800279261
0.0
0.00610791358455
0.000666878719639
0.0
0.000136006014321
0.0
0.00300848855754
8.58176651114e-20
0.0
1.20550653575e-05
4.80073750277e-08
0.0075999321425
3.47560311997e-06
6.7893706448e-06
1.83264118219e-05
1.84942306438e-06
0.0
0.0127361717133
0.0