500
2.11033599421e-51
2.84200117352e-11
2.26574614951e-05
1.86425808478e-63
4.56665053838e-13
4.63536816744e-25
5.16272201475e-30
4.11369065851e-29
1.55145407096e-16
0.0135276679842
1.12345639818e-08
3.62449306869e-36
9.02328979904e-24
1.17390148964e-09
3.51176291e-30
6.82249886064e-05
7.9560425307e-67
4.97519235029e-16
1.46407769577e-08
2.10859844363e-27
8.11070031818e-78
1.91630463528e-78
9.42776782004e-09
0.0135276679842
1.75233773271e-06
5.80011063318e-16
1.08541989887e-13
5.48042692685e-38
0.0135276679842
2.63386975628e-71
7.81560193795e-15
5.73936154679e-06
9.78960630885e-57
8.85187487858e-15
2.44000251254e-07
2.39767539913e-17
0.000131844842799
1.81356991863e-16
1.72081196196e-10
9.8391142131e-39
7.59776365714e-11
1.33179656111e-17
5.12480781892e-28
6.07290678888e-62
6.4184059085e-06
2.26585545493e-39
2.70442936772e-79
5.70857278091e-18
3.87981797419e-16
4.66148667321e-26
3.40152424489e-58
2.30464642888e-09
4.61565519472e-36
9.18459188323e-66
7.93146764154e-57
0.000220294191677
1.13764040494e-40
1.48991638828e-20
0.00023358628552
3.01542530966e-28
7.68717857423e-19
7.93743695973e-32
9.47532759408e-33
1.36531967793e-09
0.000225805067795
5.09940339144e-16
6.67697948394e-13
1.54188657096e-15
0.000120728105513
1.02948113203e-51
4.2382703711e-09
1.80768894913e-06
1.20443657799e-09
2.61500439488e-100
9.54539679841e-29
4.191694715e-24
6.75511195393e-13
1.2428969221e-30
1.00400237829e-24
7.15380165929e-14
2.68058436118e-06
3.18493781331e-135
1.23534488339e-10
0.00706057411934
0.00706057411934
1.52323887545e-06
1.52418732376e-83
2.05846326723e-37
2.29307378826e-15
3.02530937381e-13
5.29854448977e-16
1.57921158955e-15
3.79007924244e-10
2.15541164605e-14
3.46531144149e-19
2.04898921965e-117
3.26729852005e-06
1.95022994583e-21
1.74688622549e-06
2.06377913946e-10
2.23954379691e-14
1.25107700756e-11
5.45202432027e-65
2.69699259949e-20
6.94090553418e-15
5.73246114674e-24
6.98204408741e-05
4.2875238473e-14
3.19676531055e-56
3.37047165346e-25
2.18358590102e-05
3.55847917949e-70
8.95462712086e-39
4.43290519048e-27
2.13973676623e-86
1.22197557571e-19
3.02223331609e-28
1.75175113792e-61
4.5662678535e-10
1.63094991327e-22
7.18375071086e-09
4.99678896847e-35
1.29695456434e-51
2.93053421641e-11
5.09741120526e-26
3.92845628953e-16
1.9574708532e-39
7.42613818882e-06
8.34077105357e-07
5.61554967981e-29
2.89502876653e-17
1.09082998457e-20
1.95689999312e-32
2.25673894794e-05
1.37376136857e-34
2.98781840648e-05
8.2866198736e-16
3.54775087796e-26
3.5836410443e-05
1.06814699934e-78
5.08358860662e-55
2.33661765185e-45
1.87965911005e-28
3.34243327137e-92
0.0135276679842
2.01457524193e-08
3.90179506007e-05
3.47567785176e-18
1.46281928843e-20
1.11608633417e-22
0.000181973923153
6.92025646675e-27
1.51040978363e-14
5.62744556172e-58
2.66291757651e-21
2.63879178883e-22
4.88491811488e-11
6.42308591748e-29
0.000146343215024
1.17645913709e-88
1.55875386785e-05
4.79013852326e-45
5.78267187981e-12
8.4557341507e-78
3.85266373041e-13
1.50906071919e-29
5.49756907375e-49
0.00706057411934
7.32810509235e-07
1.13632325826e-23
4.7058404593e-31
1.40611096147e-08
1.10713879155e-32
9.50808561972e-08
1.56709552431e-75
0.0135276679842
0.0135276679842
2.90033159937e-37
5.29107764461e-26
2.87884624673e-17
2.47278670602e-79
7.04804652663e-25
1.45326079975e-29
1.25830903031e-09
3.35044090806e-08
2.44434739064e-70
1.80686194216e-10
8.85763500163e-28
2.01839981029e-19
7.39627709462e-22
1.04656294086e-07
1.89953679778e-16
2.02584693418e-34
8.31605338353e-08
0.00055087333131
7.8779731619e-10
2.95927017205e-30
4.91398409119e-16
3.25122382077e-09
8.60618284422e-06
7.92517649675e-28
2.94904709999e-13
9.64354305464e-22
1.33859530954e-13
2.65341412367e-07
5.283398694e-07
3.31825819835e-16
3.10140907385e-17
1.62787698265e-07
3.37877774232e-25
8.0183251527e-29
1.62801999367e-18
6.20977104973e-44
5.77458584866e-16
7.159457468e-39
4.06624573624e-26
5.91103520265e-34
1.56169082582e-64
1.50921339404e-08
2.68487722502e-09
4.22435833493e-31
1.24560521785e-31
9.7641033339e-10
2.66877932913e-29
5.8653582791e-07
1.42328920257e-19
4.0836488591e-174
7.37148092201e-32
3.47062859253e-37
3.74655798267e-43
3.31597244872e-16
0.0
1.82344475715e-17
5.03447172511e-15
2.03966930172e-12
7.60810985677e-36
1.368756281e-24
7.85891433695e-20
2.55080125436e-63
2.55263657407e-27
6.97156293515e-27
4.78482992277e-07
2.09711695048e-11
2.11764212267e-41
3.50381063403e-58
3.28267817733e-33
2.06842862172e-111
2.70662586267e-14
0.000294288042269
3.89535865957e-15
0.00158079698054
4.10066164806e-21
2.0249352353e-16
1.00702792951e-50
2.7828886627e-38
1.9217449072e-48
7.49461151412e-07
4.03156704691e-15
2.59256661645e-33
7.97750058486e-22
1.61780666433e-12
4.90061644518e-44
4.57351717252e-53
5.11030951796e-26
2.67511171588e-78
4.8805690932e-16
1.07000460047e-24
2.61308584724e-102
7.89183564425e-15
4.69543928279e-36
2.9922641175e-17
1.63964681917e-55
4.44356992722e-20
2.67486743716e-57
5.80966907354e-15
5.84882201985e-10
3.41545626486e-116
5.99837949612e-28
3.38604796257e-48
1.43781238711e-20
1.09681924897e-14
2.91648770397e-16
1.31258564012e-97
1.24392077858e-56
2.03705744325e-18
2.50071613134e-06
1.36238502035e-11
1.73917560113e-17
6.39356921902e-40
4.79360104914e-17
7.99155509584e-30
1.08823599959e-14
1.65398940139e-50
2.43348572502e-21
5.05276270945e-25
2.07867293281e-51
1.7092373231e-21
2.59331158686e-21
4.17326909956e-08
1.33583322947e-16
1.41638580611e-22
1.04767558495e-09
6.79632036571e-34
0.000430875465898
2.71673578712e-45
7.55356306079e-23
3.40959362149e-65
7.79760469623e-39
1.89174508665e-23
0.000109284168325
2.02089001546e-19
2.70291191989e-29
2.22071473345e-23
1.7549737264e-17
9.75506205692e-12
8.05106166358e-53
2.43996985158e-16
4.34528183528e-72
6.49735147965e-35
0.0135276679842
7.33816765005e-29
6.34406254015e-21
7.13340636271e-18
1.84229638046e-34
1.33443811799e-10
2.70364657195e-20
5.992774925e-169
2.34111695653e-27
1.51783511256e-07
1.6459955834e-39
8.37211871508e-27
1.83704453692e-45
0.0135276679842
3.48674794806e-10
4.31245062013e-11
3.47258308669e-31
0.0
1.04470587502e-17
3.01393785706e-33
2.23869690131e-06
8.51942589346e-11
1.97521961166e-64
2.32447378316e-09
1.17223841855e-18
2.99842100595e-27
2.90304368137e-32
5.80359406899e-12
2.71685559735e-65
1.59779163013e-29
1.16879353796e-25
6.11247064632e-08
4.17767924328e-05
1.26521392244e-13
7.34406759401e-32
3.17396340242e-33
1.09938208026e-08
4.72051283023e-09
1.64001827948e-11
2.85820579372e-35
8.38954226166e-10
1.92936167211e-37
1.94353270212e-69
1.87874629041e-08
0.0135276679842
5.12830669211e-19
0.00036533132013
1.27754355365e-18
3.10636927814e-15
1.19224034563e-29
9.74306340622e-31
1.32886622441e-37
4.25228518399e-29
8.17142894586e-17
2.76498766876e-49
4.98293119545e-24
1.08821841226e-09
0.00138372093023
1.58246752274e-166
1.09393343335e-07
1.95966627007e-14
5.07324336657e-45
1.77399571138e-09
3.69802602963e-40
0.0002952842386
4.44368048542e-39
6.19044530834e-18
9.86379695148e-06
1.35790628144e-27
0.0135276679842
3.44150547434e-36
1.89968356279e-05
3.39587920063e-40
1.41595000772e-11
3.85843196226e-26
3.93678956822e-07
0.0135276679842
0.00706057411934
1.80918199858e-15
5.97699882588e-46
6.97330094995e-10
5.92114875008e-09
8.63063337958e-24
0.0135276679842
0.0004367613599
1.66875949364e-08
0.000273153625004
9.46540798698e-39
0.00129025674654
1.06893007438e-28
1.11544413843e-05
8.40890248747e-21
0.000108123309897
6.65004377525e-26
0.0
1.77666962908e-53
6.41038112296e-33
9.32144935555e-40
1.55696255145e-38
6.42899160003e-29
1.78178723033e-44
1.00306525627e-75
4.19243534741e-16
9.73707218799e-68
0.0135276679842
5.41271685673e-33
6.30726054119e-14
2.73902998551e-43
1.86505775691e-152
7.17836670267e-16
8.62575790776e-24
8.26672574284e-06
3.62275828517e-36
2.86111952073e-11
4.35136526479e-82
7.83536263823e-08
9.22303181481e-05
7.93464005774e-29
9.59208601992e-62
1.31728551579e-13
1.68362457382e-07
2.00352650886e-33
1.44295967267e-56
6.06704848894e-22
1.35464051023e-11
2.20823731376e-19
1.22543511427e-37
1.67889673549e-09
0.00113350799389
4.06955240783e-11
0.000107241241928
8.58009980513e-23
1.26413914882e-20
4.84113482493e-27
0.000110814938702
1.11274978733e-19
0.00023358628552
7.30595028042e-21
1.80451358659e-37
5.96925744314e-18
2.15320612138e-14
4.53048418312e-22
0.00706057411934
1.74534322556e-12
6.49042327281e-11
2.05901645402e-05
2.26259202163e-37
9.90705063157e-11
3.93474608373e-73
2.57418685469e-35
4.90973766934e-18
1.44850793201e-11
0.0135276679842
1.99374989707e-14
8.3234435955e-48
0.000273153625004
9.59662890589e-36
4.93154718558e-41
0.000597066785469
1.51584777749e-16
6.65228465577e-37
3.18619235124e-12
4.50052243335e-19
1.61341989594e-23
5.99544233218e-08
7.1573578018e-06
8.85701313459e-33
6.45366102006e-25
2.96632867752e-38
6.10634258368e-36
3.66744144488e-11
8.17807524346e-10
6.03332654961e-12
3.69994944276e-26
3.9457073405e-19
1.71275020562e-07
1.17983343289e-85
2.59327271466e-39
5.25663985264e-24
1.18904910884e-17
1.21161811291e-28