500
0.000101786912523
2.36246886538e-15
2.44898572269e-28
5.72739821933e-22
1.31846982934e-15
0.0
2.93435395203e-09
1.76242212685e-08
6.64596704884e-06
0.00687883305258
4.96553339386e-07
2.05915754629e-24
0.00423611752955
0.0
9.05387284386e-18
3.04279270775e-07
6.78759485078e-05
1.0119994725e-06
9.45090944544e-18
0.000382318119591
0.0
1.33163862105e-35
5.33240909468e-06
4.68139388153e-07
0.0
1.30844351901e-11
0.0
9.98757064088e-28
5.2013822597e-10
3.40450768235e-05
0.0
5.0616640904e-22
2.55145412846e-29
5.49549806295e-12
3.34210488889e-14
0.0
4.14785979154e-37
1.79077434374e-05
0.0
3.56515863375e-42
0.000428055221539
0.0
2.59838340654e-51
0.0
3.65499275872e-06
0.0
6.21249735368e-26
1.40830548899e-08
1.29506014084e-10
0.0
8.22224681544e-14
2.66498598499e-07
2.881209288e-35
0.0
5.23939108701e-06
1.52710761256e-05
0.000428055221539
4.03781664807e-17
3.26484042312e-06
1.11865577045e-14
2.775712119e-10
3.48644663283e-16
0.00423611752955
0.000101786912523
1.27253991035e-30
0.0
2.78421323285e-05
0.000428055221539
0.0
0.0
2.6975388949e-33
0.0
9.1486701771e-13
4.52049733947e-16
7.0056562532e-13
4.38071388152e-06
0.0
9.58566613154e-11
2.24539487789e-14
1.40081340588e-11
4.10565439827e-17
1.63444363908e-08
1.72913390524e-08
1.02587656978e-17
8.44553026463e-41
5.48886503312e-07
0.0
0.000101786912523
1.49968285954e-10
0.0
1.04076125686e-32
7.01201225914e-25
0.000382318119591
0.000428055221539
1.41144477493e-16
5.19526361872e-21
4.22113880731e-05
0.000279051435896
1.39409097432e-36
0.000382318119591
6.30580345689e-20
2.12513678642e-14
3.44791929602e-06
5.21700873153e-13
6.63996052037e-24
0.000382318119591
1.38505106453e-06
4.08864176626e-16
0.0
0.000428055221539
4.26834039859e-19
7.245321526e-09
2.04248513294e-57
6.58807422221e-10
0.0
0.0
2.78421323285e-05
2.52981557963e-25
1.0784175233e-32
9.10058433402e-12
0.000152220427816
2.46495893512e-19
7.78967514105e-12
0.000101786912523
2.26649449787e-08
3.15143912554e-25
1.04855536342e-33
1.1647803709e-09
3.61470989299e-21
6.06281703226e-12
0.0
0.0
6.67582904415e-07
0.0
7.79836293328e-24
1.64403020615e-09
3.44189114787e-25
0.0
1.62733440157e-11
1.43088131101e-12
4.08986704374e-23
0.000106876781832
1.41014336415e-26
4.23705349819e-12
0.0
4.80139737139e-08
3.27628952655e-20
4.9932641594e-12
1.16219127763e-20
0.000428055221539
1.1104893445e-13
1.60436337476e-14
6.97830830925e-05
7.60430831913e-17
1.11054930158e-09
1.00826128915e-08
9.22340863859e-10
4.790190587e-05
3.54012149354e-17
1.04580091165e-29
3.44791929602e-06
1.41527536063e-17
2.03265180442e-07
4.26229357989e-08
0.000382318119591
3.44791929602e-06
4.24746318214e-09
1.6980510325e-09
4.13064146027e-07
0.0
5.85346871276e-05
5.32019921267e-10
9.09554385536e-48
0.00456627115644
1.1437108988e-23
4.71789001788e-05
4.93932920207e-14
2.61848801089e-14
1.26413656453e-07
1.05260702697e-23
1.67625309285e-32
3.27209193207e-11
9.19452152103e-10
6.56254671927e-16
0.0
0.0
0.000186983731165
3.59348883003e-16
1.45523920022e-06
2.28928054788e-09
4.12749543022e-31
0.000332147225192
0.0
1.07847175071e-06
5.5490118669e-33
8.75292539692e-10
2.55147936511e-11
0.00423611752955
6.08890784702e-14
1.11508272245e-06
3.62172457405e-22
5.75785987137e-11
3.726644159e-18
1.89358528877e-11
1.9082527707e-33
2.76456541328e-29
0.0
2.4253234008e-08
0.000259584827286
2.02523254056e-15
0.0
4.50199612975e-12
0.000428055221539
1.28284488263e-21
1.20592882208e-23
5.15943388591e-18
1.47564651027e-08
3.11256891395e-49
2.13306914061e-07
0.000428055221539
1.35367187335e-27
9.62256680187e-10
1.29401625379e-11
3.85934764879e-16
9.38091307242e-22
2.81054498962e-07
1.8153736199e-12
7.68129590846e-06
4.86330142015e-18
0.000167751935652
1.23893167837e-11
0.0
3.40450768235e-05
1.20069341108e-27
6.53338297634e-10
8.13457357723e-13
5.79899331008e-14
1.49462578675e-13
3.51607730157e-11
0.0
2.78421323285e-05
2.6927560715e-11
7.17237259236e-05
0.0
0.0
0.000332147225192
6.26165860853e-46
2.52932061687e-17
0.0
1.70714269329e-06
1.29569525175e-13
1.73249708498e-21
0.0
7.81493788924e-19
0.0
0.0
1.04484326404e-05
0.000152220427816
4.44301087182e-07
1.39794408733e-15
0.00423611752955
2.58684011515e-08
1.73545626654e-11
0.0
0.0
4.62196888439e-12
0.000101786912523
1.36038286706e-17
6.65103052832e-16
1.97894909106e-10
1.23169536867e-14
2.0592403655e-21
1.26484771392e-06
0.0
0.000428055221539
2.45757742704e-07
0.0
8.42729118619e-13
8.67492318335e-05
6.10406694787e-13
1.37838898324e-19
0.000208492147258
0.0
2.26225131657e-14
2.25293342979e-18
2.41703014831e-12
0.0
2.06523125879e-14
8.26634721776e-10
5.32203775713e-30
4.28413770083e-09
3.15492566033e-06
1.19894289489e-41
8.06269794846e-10
0.0
0.0
1.2899425315e-11
0.0
0.0
0.0
0.0
8.8236886071e-29
6.00782709465e-17
0.000382318119591
2.15091304319e-27
0.00423611752955
5.96483783504e-10
6.78759485078e-05
1.23925140388e-16
3.4710635745e-14
2.08130761223e-05
0.0
0.0
9.24708863587e-17
0.0
2.33002501131e-18
0.000178519797396
6.98310477636e-10
5.35854803861e-33
3.95656869512e-09
0.0
1.18426366123e-06
0.0
0.0
0.0
5.71568501291e-31
2.33400066819e-08
0.0
1.66249893396e-13
1.6558988942e-06
2.44070115347e-12
0.0
5.69305698477e-09
1.18426109257e-36
0.000428055221539
7.13813085044e-34
0.0
3.42557745823e-11
2.26625585978e-09
7.42218571172e-21
2.3247048879e-13
5.98920351646e-19
4.34235460631e-08
0.0
9.46667333337e-17
0.0
2.90882847687e-10
7.52096170106e-18
8.60294907611e-24
2.24907018519e-15
0.0
2.79080205759e-26
4.98519407213e-11
8.14251896777e-07
1.70055944955e-07
1.35605725686e-06
1.30594088513e-06
5.22377637234e-30
0.000332147225192
2.94246240687e-26
1.58660015249e-32
5.615081349e-14
0.0
6.26453701358e-12
2.45757742704e-07
8.70094281181e-17
1.49926494884e-08
0.0
2.61601227837e-16
0.000152220427816
0.0
0.0
6.16457640358e-21
0.0
5.82259831245e-06
1.20155922553e-25
0.0
0.0
0.00456627115644
1.94277878767e-07
3.5561585107e-09
2.55061885545e-09
2.42872036934e-21
3.88180610064e-17
2.249220259e-34
8.6299896764e-42
0.0
8.67492318335e-05
0.0
2.16548221823e-30
0.0
1.55984546338e-09
4.05575310014e-10
1.57771022491e-08
0.000428055221539
0.00423611752955
3.28505743231e-10
5.03281862568e-15
2.46863251978e-14
1.232161317e-36
6.20624956479e-16
3.15228428559e-14
3.51883859243e-07
0.0
0.000167751935652
0.0
0.0
6.8329703112e-08
6.23494172866e-16
0.000167751935652
7.98156467095e-11
2.3765312112e-25
0.000150834396479
3.24709485988e-07
2.16873044472e-05
1.89833465224e-06
2.51050141641e-15
0.000259584827286
0.00423611752955
1.01252999808e-11
5.78412677861e-10
0.0
0.0
3.29282255351e-15
8.51531527804e-21
3.7711231232e-12
0.0
0.000332147225192
1.85440101749e-16
4.33689233747e-24
3.47392816784e-13
0.000382318119591
0.000332147225192
0.0
2.70566442162e-10
1.65788712202e-05
1.5066637544e-28
0.000101786912523
3.87362533151e-20
0.0
1.32692681404e-22
1.15316749091e-11
0.0
3.03743730885e-06
0.0
1.56248009594e-09
2.31103422164e-21
4.04268490855e-23
2.09853677066e-15
1.71475841543e-08
0.0
0.0
0.00423611752955
1.66054634169e-10
0.000332147225192
6.78759485078e-05
0.00687883305258
0.0
0.0
6.1639390529e-12
8.38129234814e-19
1.76509893881e-07
2.36657971031e-13
1.50229950205e-09
1.07847175071e-06
8.95703852185e-10
4.73072889614e-05
6.50705217641e-35
0.000382318119591
6.70064979252e-10
0.0
4.54192437803e-08
1.23283333869e-11
1.57745762813e-09
1.14515185494e-34
3.13373795305e-59
9.74115106223e-13
0.000208492147258
5.5083043231e-17
0.0
6.65316146259e-09
2.6813137724e-19
1.02719042328e-16
0.000332147225192
9.08694180585e-27
7.13709375933e-25
1.2651753993e-15
0.0
1.57482598767e-29
4.46551977921e-18
6.79357109965e-19
2.67961215062e-09
6.78759485078e-05
5.0186201883e-20
5.16239622076e-17
2.08182283027e-13
3.16423354291e-15
4.03707278157e-06
0.000259584827286
4.95289933995e-45