500
0.00265801462396
3.08785773814e-07
6.65334809512e-11
9.76440456944e-10
2.93336948614e-08
1.40830704633e-11
0.00265801462396
0.0
0.00265801462396
3.43335608389e-56
0.0
0.000215125892478
0.000435012597115
0.0278236055177
0.00265801462396
3.08785773814e-07
0.0
9.33908114289e-12
0.0278236055177
0.0
9.75047271656e-05
1.08363694042e-32
4.15768017015e-24
3.33167103922e-21
1.10407635321e-06
0.0
7.19680389962e-30
1.42456519157e-13
1.40387985829e-36
1.99401852372e-07
0.00265801462396
0.000215125892478
4.77809436875e-06
0.0278236055177
9.75047271656e-05
0.00112874561137
0.00265801462396
0.00265801462396
0.00265801462396
4.4781982853e-12
3.08785773814e-07
0.0
3.43706291205e-06
0.000128734881135
0.0
9.75047271656e-05
1.75309492656e-11
0.00265801462396
2.72877955433e-05
6.11341835956e-30
3.38621660008e-22
6.51543983158e-09
2.41827399823e-11
0.00265801462396
0.000504520140382
6.12194824447e-10
2.7799525947e-06
0.00265801462396
0.0
0.0
2.20128155643e-11
2.75323351334e-30
1.71040357924e-13
0.000668923331572
2.85137520664e-12
3.62241119278e-12
3.60193423677e-07
0.000504520140382
9.99741039764e-10
9.75047271656e-05
0.0
0.00265801462396
0.000504520140382
6.12194824447e-10
0.0
6.45482590646e-38
0.00265801462396
0.00265801462396
2.54957368109e-27
7.8284975576e-12
9.54559179034e-08
0.0
1.26897042065e-14
2.72877955433e-05
0.00265801462396
7.27634494651e-15
0.0278236055177
0.00265801462396
0.0
8.43727250579e-22
1.66801446614e-15
7.93235248768e-11
1.32375938627e-19
0.00265801462396
6.59399014703e-16
2.9357230448e-20
2.18341401384e-17
2.72877955433e-05
2.62901206119e-11
0.000504520140382
2.5444898947e-13
6.5134886109e-06
5.36445438676e-19
6.37745282448e-23
1.5415080655e-11
1.76269026795e-20
3.00653983295e-30
3.05433037725e-22
0.00265801462396
1.83024357415e-24
1.74852578113e-21
3.5011585051e-13
0.00265801462396
1.85537722587e-10
7.76929649949e-15
5.03135953997e-09
2.85137520664e-12
1.16459549992e-05
7.16793853616e-12
3.45606372158e-18
2.72877955433e-05
8.97924500985e-44
0.00265801462396
0.00474752236774
0.0
2.26115125482e-21
8.00171569641e-37
9.82680106868e-16
9.00389994751e-09
7.16175181936e-09
0.00265801462396
0.0
1.07488861917e-23
0.00265801462396
0.00531617119458
1.21832726551e-18
0.0
0.00265801462396
3.27721508397e-32
3.43706291205e-06
0.00265801462396
0.00265801462396
2.31466632069e-18
2.75789452656e-45
7.38162529021e-30
2.20783376224e-35
3.08785773814e-07
0.0
1.06032102925e-24
0.00265801462396
2.72877955433e-05
1.3798072627e-05
7.09074368013e-08
0.00265801462396
2.66466682524e-10
0.00265801462396
4.91004917938e-20
2.72877955433e-05
4.0003049847e-06
4.22257334271e-24
2.11554030079e-09
0.0
4.20509585192e-15
0.00265801462396
2.32315317194e-12
0.00123387110203
0.00265801462396
6.83808651666e-16
4.77809436875e-06
1.42049820003e-10
0.00265801462396
1.00640595292e-08
8.81219892983e-26
0.000504520140382
6.51815866034e-21
3.75956496381e-12
6.74903076248e-18
0.0278236055177
0.0278236055177
0.00265801462396
0.00265801462396
6.04836175203e-21
0.00474752236774
6.52337509557e-25
5.41593392345e-11
0.00265801462396
0.0
2.64564141578e-16
1.0718346267e-11
0.00265801462396
0.00265801462396
7.92698120295e-13
1.8505151821e-08
3.83153583947e-16
0.0
0.000167801824833
2.11892869557e-07
6.41811676071e-16
3.28544396082e-15
0.00265801462396
3.07564804134e-11
8.3712677626e-14
0.000865955613157
2.52510377534e-09
0.0278236055177
0.00265801462396
0.00265801462396
7.09074368013e-08
4.49044061339e-16
5.12250708166e-09
6.4945946324e-11
7.64957350781e-16
2.99965377933e-09
0.00265801462396
2.72281067915e-09
6.62405182342e-19
6.44766563274e-26
3.08785773814e-07
3.2363892939e-19
2.72877955433e-05
6.57667929608e-68
3.93857885374e-21
7.87173015005e-20
0.00311738812699
1.38921232289e-30
5.43682232399e-10
0.00265801462396
0.0
0.000504520140382
0.00265801462396
0.000504520140382
0.000435012597115
0.00311738812699
8.06781070083e-37
9.54559179034e-08
0.00265801462396
0.0
6.00880789814e-05
0.00265801462396
2.53027572443e-21
6.00880789814e-05
4.21831457665e-14
0.000128734881135
0.00265801462396
7.02081662241e-37
0.00265801462396
6.43100759758e-23
2.07258475701e-09
0.0
0.0278236055177
0.000865955613157
0.00265801462396
5.41593392345e-11
7.16175181936e-09
0.0
0.00112874561137
3.55950683428e-12
1.18764266842e-13
8.34385353316e-28
1.1929701284e-11
7.09074368013e-08
0.0278236055177
1.10407635321e-06
0.00474752236774
0.00265801462396
0.000215125892478
3.62061336704e-11
1.64007965296e-17
5.98664075547e-27
0.0
6.00880789814e-05
0.0
0.00265801462396
0.00265801462396
1.8155487613e-22
1.84832378995e-07
0.000215125892478
3.35809386416e-15
2.294596157e-15
0.00112874561137
0.00265801462396
0.000504520140382
1.87230821545e-55
2.77513525695e-21
8.37133973762e-14
3.21129097491e-16
0.000215125892478
0.0
2.53265084639e-11
7.53321549376e-13
1.35267602339e-26
4.77699996921e-13
6.77783699982e-22
6.24595132199e-12
1.20075922693e-23
5.81192797026e-15
5.51186098522e-14
1.63199296085e-35
2.43457280674e-11
6.36882953107e-12
1.69126739977e-18
6.5134886109e-06
7.1617157727e-49
1.32933340718e-20
0.00265801462396
8.25467884658e-24
0.000504520140382
0.00265801462396
1.58297009039e-50
0.00265801462396
0.0
4.4644249877e-20
4.32096142796e-32
0.00265801462396
3.72163549631e-08
1.14700213788e-07
1.5444375682e-19
1.16459549992e-05
6.88859899022e-22
1.00525726815e-08
0.00265801462396
8.39908882786e-21
3.89746527066e-17
0.00265801462396
0.00265801462396
2.28169344909e-09
0.00531617119458
7.09074368013e-08
9.05367814273e-16
2.28874221117e-17
3.71429665342e-31
5.13762250663e-12
0.0
1.84832378995e-07
0.000128734881135
0.0
1.07141875475e-25
0.000128734881135
0.000504520140382
4.79601478815e-26
5.22944706208e-50
3.58561139124e-14
5.65683616724e-20
1.31791110018e-07
4.96497422599e-11
0.0278236055177
2.80974430166e-30
0.0278236055177
0.0
2.02083855548e-15
5.54609384844e-44
0.00265801462396
0.000929968806766
4.06542742714e-13
1.55106640472e-18
0.000128734881135
2.39851327977e-15
2.78148004837e-10
0.00531617119458
3.80726592113e-11
4.0003049847e-06
0.000504520140382
0.00265801462396
1.69686475608e-13
0.00265801462396
3.02636157637e-08
2.83361956747e-13
1.2609929187e-28
1.97480604164e-33
0.00265801462396
3.17724436014e-51
1.38646177033e-24
4.0003049847e-06
0.00265801462396
0.0
4.29064732249e-10
0.0
0.000504520140382
0.0278236055177
3.60938984029e-20
0.00265801462396
5.96452007766e-42
7.31759398351e-21
0.0
0.00265801462396
1.45620716824e-13
0.0278236055177
0.0
5.82976628771e-18
2.04590757483e-05
0.00265801462396
6.11123358772e-07
0.0
0.00265801462396
0.00265801462396
0.00265801462396
1.29395508219e-23
3.67982572879e-09
0.00265801462396
2.72877955433e-05
0.00265801462396
3.61973386154e-31
0.0
0.00265801462396
0.000504520140382
6.5134886109e-06
5.89085175161e-26
0.00112874561137
0.00112874561137
0.00265801462396
6.44034799745e-30
1.84832378995e-07
4.65303920742e-22
0.00265801462396
0.00265801462396
0.00265801462396
0.0
4.15689620556e-48
0.0
1.03474405137e-22
0.00265801462396
2.09264109054e-34
3.07991202703e-11
5.19371078833e-16
0.00265801462396
0.0
1.85856277618e-07
2.04340842847e-09
0.0278236055177
4.68584910997e-15
1.43079160957e-20
3.6349638116e-23
0.000602906028628
7.00415444533e-14
0.00126782529119
0.000504520140382
0.0
2.97020833202e-29
7.176672434e-35
3.04293890356e-23
1.3793082137e-20
0.0278236055177
0.00265801462396
0.0
0.00265801462396
2.91829919553e-17
6.37686229998e-12
5.05892335083e-12
1.36295351348e-11
0.000504520140382
5.67379544041e-09
9.22435066937e-11
4.77809436875e-06
3.60193423677e-07
0.00265801462396
5.41593392345e-11
1.80059638017e-41
2.42410954526e-36
4.29258480283e-39
0.0
2.65382901198e-28
8.06955896241e-06
0.0278236055177
3.02636157637e-08
6.72792397809e-33
0.0
0.0278236055177
7.50616695824e-13
1.59503402456e-13
4.18564964816e-12
0.0
2.35489478362e-09
6.59075691228e-19
0.00474752236774
1.56921507465e-29
9.48797725582e-20
0.00265801462396
2.00747928421e-09
0.0
0.000504520140382
2.2946775778e-16
1.52568892706e-10
0.00265801462396
5.1576333073e-09
7.82829939575e-13
0.00265801462396
5.3759829606e-14
0.000215125892478
4.65963602253e-13
1.66475317107e-18
0.00265801462396
6.12194824447e-10
0.00311738812699
3.066336372e-14
6.97054039779e-21
0.000435012597115
0.00311738812699
0.00265801462396
0.00265801462396
0.000865955613157