500
0.0
2.26002465671e-05
1.18998183873e-05
0.0
0.0
1.18998183873e-05
8.19799681453e-10
0.0
0.0
0.0
0.0
1.74834526204e-08
0.0
0.0
0.0
0.0
4.10901988323e-11
0.0
0.0
0.0
2.67424608715e-14
0.0
0.0
9.76054571137e-11
1.25104103564e-08
1.44186562693e-05
0.0
0.0
0.0
0.0
0.0
0.0
0.0
0.0
0.0
0.0
0.0
0.0
0.0
1.04494718742e-07
1.20596728194e-11
0.0
0.0
0.0
1.18998183873e-05
0.0
0.0
0.0
0.0
0.0
0.0
3.5837313719e-11
0.0
0.0
0.0
0.0
5.0339817768e-07
3.67455930421e-05
0.0
0.0
0.0
2.43764867191e-08
0.0
3.67455930421e-05
0.0
0.0
0.0
0.0
1.83095068237e-08
0.0
0.0
2.27288335981e-21
0.0
0.0
0.0
7.92454697462e-10
0.0
2.26002465671e-05
0.0
0.0
6.95588056642e-13
0.0
0.0
1.35044823888e-07
0.0
0.0
0.0
0.0
0.0
0.0
0.0
1.27851730766e-05
0.0
0.0
8.44908807229e-08
0.0
0.0
1.76184811548e-09
0.0
0.0
1.54220404306e-10
0.0
1.45340496347e-22
0.0
0.0
0.0
0.0
0.0
0.0
2.16395623167e-07
0.0
1.42711247573e-07
0.0
8.86251575525e-14
0.0
1.39648804983e-08
0.0
0.0
0.0
0.0
6.7794169466e-08
0.0
0.0
0.0
2.52938978609e-09
0.0
0.0
0.0
0.0
0.0
0.0
0.0
0.0
0.0
0.0
0.0
0.0
0.0
0.0
0.0
0.0
0.0
0.0
0.0
0.0
3.67455930421e-05
0.0
0.0
0.0
1.65637631234e-08
0.0
4.17937274067e-10
1.59234628695e-20
1.03703849861e-05
1.16105183634e-07
0.0
5.71845102858e-11
0.0
0.0
0.0
0.0
0.0
0.0
0.0
0.0
0.0
0.0
2.57018501857e-09
0.0
0.0
0.0
0.0
0.0
0.0
1.95876085167e-06
0.0
0.0
0.0
0.0
0.0
0.0
0.0
0.0
2.51073091248e-05
3.59678581813e-07
0.0
3.20003577635e-11
1.73685370097e-06
0.0
0.0
3.52099588722e-07
2.2665442901e-11
0.0
0.0
0.0
0.0
1.79680245676e-08
8.64672067222e-13
0.0
0.0
0.0
3.85534553109e-10
3.52099588722e-07
3.39107763368e-15
4.05533600212e-14
0.0
0.0
0.0
8.20356625628e-06
0.0
3.53635853011e-10
0.0
1.70365011946e-05
0.0
0.0
0.0
0.0
0.0
0.0
8.55994941551e-06
2.23942460663e-09
0.0
9.17693534736e-12
0.0
1.07115751958e-05
0.0
3.27116077045e-06
0.0
1.81008704049e-14
0.0
0.0
0.0
0.0
7.67374520686e-06
0.0
0.0
0.0
0.0
0.0
0.0
6.27054769875e-09
0.0
3.16456708761e-05
0.0
0.0
0.0
6.68844024577e-08
0.0
0.0
1.72715275995e-06
9.68339054004e-08
0.0
0.0
0.0
0.0
0.0
0.0
0.0
7.67374520686e-06
1.73685370097e-06
0.0
0.0
0.0
0.0
5.51039027283e-12
0.0
2.51073091248e-05
0.0
0.0
0.0
0.0
0.0
0.0
0.0
1.18998183873e-05
0.0
0.0
0.0
0.0
0.0
0.0
0.0
0.0
1.18998183873e-05
7.00782978941e-08
0.0
1.10389407487e-06
0.0
0.0
0.0
0.0
0.0
0.0
4.60278457851e-07
0.0
0.0
0.0
4.3281632995e-09
0.0
0.0
0.0
0.0
0.0
0.0
3.17008450468e-08
0.0
0.0
0.0
0.0
0.0
0.0
0.0
1.44186562693e-05
0.0
8.76401617763e-18
5.48360302166e-09
5.84879105971e-06
0.0
2.37145110472e-10
1.49287761073e-13
1.18998183873e-05
0.0
0.0
0.0
0.0
0.0
0.0
0.0
0.0
3.52099588722e-07
0.0
0.0
3.66740761936e-08
0.0
0.0
1.73685370097e-06
0.0
1.73685370097e-06
0.0
0.0
0.0
0.0
0.0
0.0
2.48509186414e-06
1.30506575508e-08
0.0
0.0
0.0
0.0
0.0
0.0
0.0
0.0
3.67455930421e-05
0.0
1.7556744934e-05
1.73685370097e-06
0.0
0.0
0.0
0.0
0.0
0.0
5.59327050376e-07
0.0
0.0
0.0
0.0
0.0
0.0
0.0
0.0
0.0
0.0
0.0
0.0
0.0
0.0
2.33823741483e-07
0.0
0.0
0.0
0.0
0.0
0.0
0.0
0.0
0.0
2.0147806288e-12
0.0
7.86207772467e-10
0.0
0.0
8.73898043808e-12
0.0
3.03041545033e-07
0.0
0.0
0.0
0.0
0.0
0.0
0.0
0.0
0.0
9.54184005577e-09
0.0
0.0
0.0
0.0
4.30596224425e-08
0.0
0.0
0.0
2.34248928247e-06
0.0
0.0
0.0
0.0
0.0
1.65396451549e-09
0.0
0.0
0.0
0.0
0.0
0.0
0.0
0.0
0.0
0.0
0.0
0.0
0.0
1.42430996495e-05
0.0
2.16889336409e-08
0.0
0.0
0.0
0.0
3.83367695956e-09
0.0
0.0
0.0
0.0
1.12704640922e-10
2.43382161068e-08
3.67455930421e-05
2.9326341162e-08
0.0
0.0
0.0
0.0
0.0
0.0
0.0
0.0
0.0
0.0
0.0
0.0
0.0
0.0
0.0
0.0
0.0
0.0
0.0
3.67455930421e-05
0.0
0.0
0.0
9.08617452962e-15
0.0
0.0
0.0
0.0
0.0
1.81909449471e-08
1.22269282806e-09
0.0
0.0
0.0
0.0
0.0
0.0
0.0
0.0
0.0
0.0
0.0
0.0
0.0
0.0
3.48432895801e-08
0.0
0.0
0.0