500
4.65096673298e-06
5.51747338745e-11
6.63040372123e-19
3.95937241008e-13
1.55353419709e-05
3.36834876229e-10
2.93954473286e-09
7.66060123654e-06
1.41433353768e-07
4.71964671689e-07
1.75917653458e-39
9.60735455374e-12
6.83768615285e-24
0.0
1.66794179905e-06
4.48468693731e-31
4.81549268159e-13
3.00741673632e-06
2.85144601582e-05
1.30055062403e-12
1.14209014818e-08
0.0
6.48821571341e-11
3.77509174391e-07
0.0
4.49217466731e-11
4.53537192173e-26
1.01392336069e-05
8.48549944384e-08
2.49433258872e-05
0.0152406284413
2.79684588716e-22
1.33433033138e-14
3.9410317356e-15
2.39338460087e-06
0.00952095203325
2.25055950871e-13
2.33831726114e-10
0.0
1.0115565885e-06
3.65588779727e-11
0.0
1.92725873831e-13
1.59804509153e-05
2.65682684138e-06
7.09849590467e-06
1.72277067416e-12
5.98035212599e-06
1.75096966299e-28
4.71125470202e-28
0.0035331895048
1.59692871695e-06
2.30690956404e-05
5.86697853036e-10
0.00149665271138
1.70275861072e-32
1.33435250345e-06
5.35841799452e-08
9.39540165204e-08
3.42585963791e-16
8.81296122044e-09
1.21417105735e-07
2.28212362907e-05
1.80987169342e-13
7.766464487e-08
0.0
4.60836410149e-14
4.02236282965e-15
0.0
3.13753916991e-13
0.00255786771043
4.11175810496e-22
3.20540060966e-05
8.19463502256e-05
2.87401692272e-13
7.73598007727e-05
4.72180042136e-33
2.21717695239e-27
2.87290660108e-15
0.0
1.91040018456e-20
4.17046883057e-05
1.52975355873e-14
2.15608126144e-05
1.74516708948e-09
1.54591609614e-06
0.00083951771158
1.05315810381e-05
1.05779473059e-06
6.89335531932e-08
2.46228551281e-13
2.20454140898e-06
0.0
5.28154550396e-10
1.62837022417e-08
1.79055647634e-13
9.62012716827e-51
9.84845133583e-13
2.35240263868e-08
3.2301694649e-07
3.59003782907e-16
1.16105453793e-08
7.73598007727e-05
1.6359970466e-19
1.81921968148e-09
4.70871529531e-18
0.000336454615748
0.0
2.98585106569e-07
4.548520013e-09
0.000248490434488
4.11514243885e-13
1.30557842448e-19
0.00084344949708
3.16463319099e-06
2.03747612507e-18
0.0
1.65037651169e-09
6.05282643006e-07
1.05266509958e-14
2.62753899395e-06
0.0
0.0
2.2646081125e-13
1.5321209783e-05
3.0070005186e-09
2.85144601582e-05
8.01215202201e-13
0.00952095203325
1.12053277544e-30
0.00952095203325
2.40063408236e-07
2.34459870614e-05
0.0
4.66146127686e-07
0.0
1.36976660505e-06
2.32577524915e-08
0.00255786771043
4.84675227913e-24
7.0726441169e-07
2.54704620671e-18
3.53484478243e-12
1.02709410304e-07
4.09133369223e-06
6.00400842854e-19
0.000140898077468
1.234207977e-05
2.10527010955e-07
0.0
2.980442228e-24
0.0
5.95372365581e-30
8.15605684899e-06
4.8498079108e-18
8.989840306e-10
1.81521707945e-15
5.30963910029e-10
9.63444729252e-15
0.00952095203325
2.28212362907e-05
0.0
0.00952095203325
1.58207764005e-08
2.39338460087e-06
1.79868221541e-07
3.81749192294e-10
4.89101152541e-07
6.20830671956e-19
1.41575856139e-07
0.0152406284413
5.88594144391e-09
3.49904374815e-13
0.0
0.0
8.19463502256e-05
5.81177320413e-05
8.63604138726e-07
0.0
9.69557505414e-14
1.21041774173e-06
0.0
3.10250617902e-09
4.4240166968e-22
2.62747223646e-15
0.0
0.000155234117582
1.9447516344e-05
2.92601662015e-18
5.40616304071e-06
0.0
1.30249622199e-15
0.0120469155535
0.0
3.8312014693e-06
1.65370950492e-07
0.0
1.11559830759e-05
6.28042611944e-20
0.0152406284413
1.49917078538e-21
5.91299407351e-13
0.00898806292692
2.16157268066e-08
0.0
4.3323883016e-09
7.58522158715e-18
2.79441194343e-09
1.69956248051e-10
2.73648218895e-06
1.46939757317e-13
2.05728249747e-08
4.91353314739e-08
4.90920847601e-19
1.26014621125e-10
1.38435577855e-20
6.17147158595e-11
4.37683807017e-14
0.0
3.02942949944e-19
1.51386846276e-25
2.75805779782e-05
0.0
4.5644415701e-05
3.76055153268e-29
8.0502101143e-14
7.37705720346e-07
0.000524453955019
4.36537526102e-07
1.29041923782e-26
0.0
2.63137472761e-10
4.4662679112e-39
7.67684800314e-16
1.5605648417e-08
2.72461300471e-16
4.03338326604e-06
3.97129502225e-11
0.00045183688372
7.66060123654e-06
1.10495946362e-11
6.4956922587e-09
1.27684898778e-08
0.0
3.57459825815e-08
5.94412355754e-06
6.81420618569e-08
9.25611850453e-33
1.7710937864e-08
7.82980022875e-28
8.56337793829e-21
1.04523627338e-08
3.86739191071e-08
0.0
4.31214115455e-07
2.63302386756e-07
0.000126038160744
1.12424550027e-06
3.63066484547e-05
8.42097595898e-08
2.53394318415e-08
1.90507288718e-14
1.77924421391e-07
1.25396860365e-07
0.0
0.0
1.72459843796e-05
8.0078382506e-06
5.50731574242e-14
8.64027065826e-16
5.46436889991e-30
0.00952095203325
1.07540436455e-08
0.00952095203325
4.53316012017e-13
2.51259585009e-07
0.0
0.00412100908902
1.06566330257e-17
8.83035220966e-09
1.38441472578e-10
6.9235372244e-29
0.0
3.7359775519e-06
0.00255786771043
0.0
2.14528885851e-09
8.4090788038e-08
1.78578982819e-05
3.70635825366e-12
1.11178074405e-09
8.63514247367e-13
6.58454284229e-06
0.000123720728833
0.00255786771043
1.45502179385e-13
0.0
1.36082525751e-30
0.0
6.30733348562e-15
4.44976524468e-17
3.528908822e-11
0.000156429544265
1.31534435011e-06
6.66331820088e-07
9.83971371918e-10
4.87409837975e-18
3.31202764759e-07
4.45394311968e-07
3.34255455063e-08
3.02099948749e-14
4.78479233608e-05
0.0
2.57282959953e-06
1.00546096754e-08
4.15372482859e-10
0.0152406284413
1.51720699135e-13
5.59538690601e-08
1.55596946403e-10
1.80110650187e-09
9.77507640304e-07
1.49134396998e-14
0.0
0.0
2.85144601582e-05
9.26994580078e-21
3.97327385668e-37
8.50940586326e-19
1.39655032962e-08
1.45647587688e-06
1.34624579021e-09
9.60582691038e-07
9.16215784304e-07
1.81714996946e-10
3.12121014065e-07
1.11679724115e-20
9.51503360517e-06
5.78259951137e-05
7.12963282964e-07
1.73503795306e-07
2.25942650754e-06
3.18259878387e-06
0.00952095203325
0.0
0.0
8.01905812971e-14
6.55544997081e-05
0.00952095203325
4.01936327812e-14
2.72184552977e-05
0.0
0.0
0.0
5.18006457073e-07
3.64370476316e-10
1.67795137667e-08
1.91281246151e-07
0.0
1.53842602633e-16
0.0
0.0
2.20864709183e-07
5.30793478448e-28
4.89597509511e-15
0.000538578470731
5.3807043362e-30
1.0918639628e-08
0.0
2.21247127413e-06
1.52374241739e-12
1.67315806449e-08
3.26874105152e-12
0.0
0.0
1.72571829142e-30
0.00255786771043
4.45394311968e-07
3.40560458539e-11
1.88051886501e-06
1.49969681602e-07
4.70903047468e-07
0.0
3.20684438273e-05
7.36500572561e-17
2.75137783421e-05
0.000538578470731
1.26759805379e-07
9.54458581087e-15
8.9131356392e-13
1.63903184567e-08
0.0
2.39819824484e-15
6.81996161232e-20
3.01948820161e-06
0.00255786771043
6.24211847972e-08
3.33053425982e-06
1.90543572329e-15
1.05834056501e-10
7.90757178108e-15
2.11290672758e-11
1.72570383703e-13
1.83098619123e-07
0.000329441587459
0.0
2.8995652494e-23
7.77232973119e-13
2.02972864057e-12
1.64926783507e-15
1.97353539656e-30
5.11157156438e-06
5.73128616894e-17
0.000119278397404
9.11172588813e-16
0.0
8.30536007939e-07
0.000317623200688
3.4461456057e-06
2.25451674974e-05
1.5444414864e-24
2.50291620642e-05
2.76069791499e-05
8.05652201568e-19
4.52876492112e-12
9.46854345388e-06
2.54378779358e-06
6.06078973292e-16
3.78380488488e-07
2.10969298732e-09
3.2301694649e-07
2.51620240352e-09
0.0
7.22563713108e-28
2.14609353858e-14
3.39439836587e-09
3.64521780144e-14
3.81264588126e-22
0.0
8.42560042891e-34
1.34012144852e-15
0.0
2.54378779358e-06
0.00135889085641
1.59768867258e-15
9.58463697054e-15
4.70903047468e-07
7.05309558607e-06
9.03907922906e-05
0.0
2.52635688298e-06
0.0
7.90724975509e-06
0.00412100908902
5.48013123377e-11
0.00255786771043
1.03578429066e-28
0.000174016044975
5.97680613455e-08
0.0
3.89751627714e-18
4.89668480751e-07
0.00255786771043
7.03690145516e-10
3.27122053006e-15
6.65833277342e-06
7.88656045426e-23
3.44608682403e-07
8.89831906812e-21
7.25877398205e-17
4.93307180902e-20
1.06130508084e-18
1.28717641868e-09
4.4402938221e-05
2.06801974208e-13
2.3569421938e-11
1.36506378387e-21
2.9082806018e-23
2.8477416811e-07
0.0
0.0
6.04859124319e-23
1.1425310372e-09
5.11157156438e-06
2.6375017747e-16
7.90778051144e-19
1.5219374136e-11
1.52296404165e-26
5.97069580446e-07
2.62555599161e-06
0.0
0.000524453955019
9.86483411635e-09
2.45746819736e-07
0.000140898077468
5.59229183214e-06
6.42824594934e-06
1.71926135074e-05
1.30465273313e-06
9.71759880183e-19