500
0.0
0.00078985000841
0.002349881056
0.0
0.0
0.002349881056
6.90797555962e-06
0.0
0.000903767541251
3.25407069382e-05
2.57277789703e-20
9.09323597853e-06
0.00114940217041
0.0
3.05343271824e-06
1.67749712842e-07
2.99168108724e-08
0.00300076015883
0.000109147529552
3.83475769031e-09
0.0
5.51550910956e-05
0.0
4.7230923208e-08
4.85022935825e-05
0.000323909290415
1.34708555215e-06
1.4256511084e-05
0.00027474533254
0.000820227883364
0.0
0.0
2.43348023915e-09
0.00300076015883
0.00235774012479
1.01671854677e-06
0.0
0.0
1.58747083087e-05
4.32811007687e-05
2.61144769235e-08
1.8728570366e-10
0.0
0.000147214837253
0.002349881056
2.89463280271e-07
0.0
4.69985203453e-07
4.9437249977e-09
7.18977493843e-05
0.000110705557614
2.0189702449e-08
1.85640528278e-05
3.52051869452e-13
0.0
0.000564895043668
0.000130728009948
0.00299075770764
0.0
1.47882909153e-06
1.68375316944e-05
7.47889674216e-05
9.30552431386e-05
0.00299075770764
0.000568935746183
0.0
0.00319366616904
0.0
4.55726248426e-05
0.00114940217041
1.85640528278e-05
1.83207723568e-17
0.00235774012479
9.91745409768e-05
0.0
1.35052631627e-07
2.93804436138e-09
0.00078985000841
0.00114940217041
2.56397771024e-08
1.60333058536e-09
7.96217310655e-07
1.73180210869e-06
7.2049060021e-05
0.00319366616904
0.000194962674385
6.89814253428e-05
0.0
5.15865364428e-05
0.0
0.0
0.000559522001985
0.000279325513829
6.8698501646e-05
9.1177745904e-05
3.52190746973e-14
2.24259639464e-10
4.16860319935e-07
0.000159139033613
4.86264845337e-06
2.5904598442e-08
0.000220257311376
3.36555599437e-17
0.000903767541251
0.0
0.00300076015883
0.0
1.25848797028e-06
4.11734631402e-09
0.000165504219858
0.0
4.08939454483e-05
0.000399243280554
2.2504495323e-09
1.24557568062e-05
5.84284996402e-05
2.50141559198e-05
4.28344374874e-08
0.0
4.93147509589e-05
0.0
5.29198156137e-09
6.10659632495e-05
0.0
3.55400007171e-07
0.000177951317777
3.14583907684e-06
0.0
0.00235774012479
5.17708154619e-05
0.000568935746183
0.000159139033613
7.89916239672e-09
6.13765067417e-05
8.45949119718e-08
0.000586705136163
0.0
0.000159139033613
1.33535309219e-13
2.78004067671e-09
0.0001318037325
0.000373481986194
0.00319366616904
0.00118958706296
0.0
0.00299075770764
0.0
0.00235774012479
3.23871430971e-10
6.94794296613e-05
0.00300076015883
4.1034361732e-08
5.63628157383e-16
1.27554519805e-05
0.000183856981249
0.00319366616904
2.33672949769e-08
5.68514230352e-07
0.0
0.0
3.11082331725e-10
0.0
3.64338986678e-05
0.00300076015883
0.000568935746183
0.000279325513829
2.50800441019e-07
9.11547284815e-06
2.05694499002e-05
3.46815406871e-06
1.2364514252e-06
3.266321459e-05
6.9229579009e-05
0.000368394453285
0.000430730439381
0.000194424827225
6.25586235567e-06
0.000145906926014
1.16613022184e-06
5.45846955457e-19
0.0
0.000848551937889
4.22565731057e-05
0.00318302070313
7.28263908979e-05
4.23113463819e-12
4.30433996529e-09
0.000744045215406
1.6908057171e-10
0.0
0.000741323712001
5.03650240939e-08
0.000679633191021
1.28816080778e-08
1.11396570433e-12
3.09047594341e-09
1.86356112027e-05
3.72576715917e-09
3.20575117429e-06
0.000903767541251
0.0
1.60791319883e-06
0.000741323712001
4.99287226661e-11
3.50880738523e-11
2.44566876316e-07
0.000124007594186
3.80793902189e-05
0.000584720331483
0.00104760354978
3.84686459167e-07
0.00111494949227
0.000226189745483
9.71324164236e-05
3.88868347538e-05
6.48575767502e-06
5.76696175605e-14
5.40972006041e-05
3.40029580736e-08
0.000354964121281
8.36739133806e-06
0.000601209725047
0.0
2.84588560626e-08
0.000583110744464
0.0
6.54653989029e-05
0.0
0.0
0.000823117074827
0.000223298529954
1.44588152537e-08
9.61041204567e-09
0.00107632184165
7.30797852512e-05
1.68980442569e-05
0.000903767541251
0.000552245300183
4.1903403609e-11
0.000396089437427
3.75552066934e-07
7.33445360314e-05
0.00118562180553
1.26081393178e-09
1.47373728071e-08
0.0
0.0001645680857
8.66442104248e-08
7.49232533622e-08
0.000700370065621
5.8745865581e-05
0.00300076015883
0.0
6.74526573773e-05
1.9348791723e-07
0.0
0.0
0.0
0.00107632184165
0.000744045215406
1.81376315963e-09
0.000549230001098
0.000903767541251
7.85590513194e-17
1.35497422063e-07
4.6957713289e-19
0.00318302070313
1.38665037263e-06
8.78706790189e-05
1.26872039255e-08
0.0
0.0
0.0
0.0
0.002349881056
4.06524288699e-05
1.08874816429e-06
0.0
4.84114027796e-06
0.000443846105739
0.00104392639701
7.16956083317e-08
0.0
0.002349881056
0.000130039029888
1.12476217985e-06
0.000195528142315
0.0
5.84313035863e-08
0.00107997519368
0.00300076015883
0.0002647938507
0.0
1.85314659667e-05
9.30211622368e-05
7.0579250111e-06
0.0
6.92583729884e-06
0.0
0.000820227883364
0.000280327487206
3.32757808094e-08
0.0
0.0
0.0
4.35335200357e-08
1.98415361775e-05
0.000903767541251
0.0
8.39582334966e-05
0.0
0.0
0.000323909290415
5.87329641975e-08
2.55948146029e-13
4.39515105785e-05
0.000377783243363
8.29896635337e-16
1.2294375953e-07
0.0
0.002349881056
2.563399147e-05
2.40623484791e-07
1.8005794176e-07
0.0
0.0
0.000129768549247
0.00319366616904
0.0
0.000741323712001
0.00104760354978
3.43789248061e-05
1.53962926858e-05
0.000147536669646
0.0
0.000744045215406
0.000679633191021
0.000744045215406
0.0
0.00026558015514
0.0
1.20898453977e-09
0.000102243585742
5.51799531499e-09
0.00084568144701
4.58421651606e-06
0.00118958706296
0.0
0.000523483663199
0.000903767541251
0.0
6.58712067211e-10
1.58214283679e-07
0.0
0.00299075770764
0.0
0.00060636962758
0.000744045215406
0.0
0.0
0.0
0.0
2.19898538676e-05
7.97668004338e-07
0.000550290765845
0.0
5.22507653841e-05
0.000109540320485
5.57816425328e-08
0.0
1.70577195701e-06
2.08865251476e-08
0.000147536669646
8.52696489671e-12
0.000586705136163
0.000848551937889
8.52712101132e-06
0.000177345467653
0.00118958706296
1.57276937109e-05
0.0
3.90313479677e-07
0.0
6.49009476579e-09
0.0
0.0
0.0
2.67453645404e-05
0.0
1.04545431698e-07
1.06595903665e-05
0.0
1.60697156676e-06
1.68949000409e-07
3.24204969512e-09
3.31883380969e-05
2.96104317206e-05
2.23341713332e-06
1.5760775167e-08
0.0
0.00300076015883
0.0
9.76774862504e-08
0.0
7.13936185451e-05
0.000699020001397
6.21846174742e-05
0.0
0.0
6.16008389795e-07
0.00319366616904
2.92917178164e-06
0.000552245300183
0.00107997519368
0.000375127914615
2.69384844896e-05
0.000176777282493
0.00235774012479
1.81014138121e-09
0.000393659714726
8.10905356386e-06
7.01087691773e-07
3.56352029241e-05
0.0
0.000702857654778
1.14719600329e-14
0.0
2.51877709515e-06
0.000443846105739
0.0
1.0291656917e-07
2.92057943133e-07
0.0
0.0
0.0
0.000243717973403
0.0
1.63427051636e-05
0.0
0.000185566267736
0.0
7.80760851985e-09
2.8786567845e-07
9.66297734233e-06
0.00235774012479
5.67171709438e-07
2.67926064035e-05
1.3418865773e-08
0.000167656565587
0.00299075770764
8.44774381621e-06
0.00235774012479
2.58003924776e-17
0.000702857654778
4.61583369688e-06
0.00235774012479
5.02771736941e-05
1.08953812637e-11
0.0
2.1459766047e-11
4.93147509589e-05
4.58438813737e-10
1.04531441454e-08
0.000568935746183
0.000564895043668
0.00104392639701
0.000903767541251
3.0581826135e-06
0.000144842817615
1.76905401481e-15
0.00299075770764
0.00319366616904
0.0
1.85982956899e-05
0.0
6.91482928895e-08
0.00104760354978
7.26153574454e-05
1.70058236424e-09
0.0
4.4520317582e-06
5.18843224655e-07
3.23454980401e-07
0.0
0.0
1.00976255981e-10
0.0
0.000903767541251
7.17922820141e-11
4.85166152881e-08
0.000564895043668
4.81840240501e-10
0.0
7.16932376718e-06
0.000153184958445
0.0
0.00019479119944
0.0
0.00235774012479
0.000396089437427