500
8.12733953707e-05
0.0042872936099
3.35005150508e-05
0.000296425157091
1.3144838921e-06
2.22878044073e-08
3.23142257503e-06
0.0046853967129
0.00161036783745
0.000100309332627
0.0303558546861
0.0358831063616
0.000320135638656
0.00774601225831
0.0079236963426
1.62815654333e-08
0.00580864533655
3.55497373254e-08
7.98087769801e-08
0.000376674681312
0.0360522399008
0.0428593061757
6.62156246685e-13
0.00931553618587
6.03478618202e-18
9.52744203441e-09
3.28232358643e-12
7.05364018958e-09
0.00673103356831
1.3709779713e-05
1.4847359767e-08
0.00884420899909
3.40535777888e-06
0.0360522399008
0.0428593061757
1.90196992427e-05
0.000814205874366
1.34030962305e-07
0.00666522692348
2.04675174977e-05
0.0360522399008
0.00666522692348
0.0428593061757
6.78581073154e-09
0.0360522399008
7.39825781872e-09
0.00105494786793
9.79286032281e-10
0.00130646392632
0.007439540511
9.90914814789e-08
1.09061810396e-20
0.00135289617378
0.00169753895324
1.92522524909e-08
0.00218620726641
0.000229576684793
3.27628441228e-05
0.0360522399008
7.70511973821e-08
0.0428593061757
9.18339825884e-07
3.6976272235e-05
2.26339576382e-05
0.0046853967129
1.0922260563e-09
4.18211966963e-09
2.49461572181e-18
0.00690538256793
2.38520632008e-15
3.26461148361e-11
0.0428593061757
0.00129485048623
7.46383251632e-09
1.50360782559e-08
0.00110788027813
9.46496563874e-10
0.00779106642204
1.72344902141e-17
0.00520574080975
3.12501761646e-07
1.38964394122e-10
7.41694493826e-09
5.39543331888e-07
4.98104751083e-14
0.0303558546861
0.0076719990914
6.71322512747e-21
0.0428593061757
6.07316500784e-07
0.0358831063616
2.2871807535e-06
0.0239507887453
6.00688603088e-05
0.0428593061757
0.0303558546861
0.00673103356831
0.000296219075313
0.0428593061757
1.79809681068e-05
5.52833146766e-05
0.000420620854764
0.0303558546861
3.68144861232e-05
0.00142518590212
0.000153019271107
0.0239507887453
0.00931553618587
2.46048938816e-05
0.0046853967129
0.0076719990914
0.00231954126217
1.10591573382e-15
0.00884420899909
0.00191442330326
0.0428593061757
0.0076719990914
0.000291836980117
1.01958841337e-09
5.03471832428e-10
8.83151881768e-05
1.39222314251e-05
0.0360522399008
0.00109199056049
1.58008987912e-12
0.0360522399008
0.0360522399008
0.0428593061757
0.007439540511
0.00666522692348
0.00176693583428
9.20046880841e-19
0.00028500194006
1.67410940009e-08
0.0360522399008
0.000383847608938
0.00638272908785
2.20330057565e-05
7.82913647522e-11
2.73778059049e-05
3.25358456686e-06
8.64806677956e-06
0.00783600985046
7.46909338108e-15
0.00606168368375
0.0428593061757
0.0428593061757
4.76123649379e-10
0.0428593061757
0.000392464015517
0.00103808345732
0.0303558546861
3.09280753202e-07
0.00163551503415
0.0303558546861
4.96814821216e-05
0.0079236963426
0.0358831063616
0.000383847608938
0.000840758277398
3.62147856173e-19
1.04349675551e-07
0.0428593061757
0.001457361674
0.0303558546861
0.0360522399008
0.0303558546861
0.0004684334601
0.00690538256793
2.10839687576e-17
0.00148630484883
0.0428593061757
0.00606168368375
1.3453951939e-05
2.6269107189e-06
1.61524618734e-06
0.0239507887453
9.95985290594e-14
1.22195725361e-09
0.00690538256793
0.00124287095261
1.16752279804e-07
0.0239507887453
0.0360522399008
0.0360522399008
3.20540909329e-05
0.0303558546861
4.40212697757e-07
0.0360522399008
0.00774601225831
0.00884420899909
7.2176107061e-05
0.00947067622495
0.0360522399008
1.45631165073e-09
0.00625308217825
0.000393292733019
9.59303842141e-05
4.25866866676e-08
0.00779106642204
3.62661120556e-06
1.26682057851e-09
2.96411085118e-17
0.000471155378774
0.00638272908785
0.0079236963426
2.20090848781e-05
8.5144028241e-05
5.58075018406e-25
0.0303558546861
0.000192667661868
0.0004684334601
1.34656010776e-07
1.63592392153e-12
6.58260248107e-05
0.00150697106667
0.0239507887453
1.55373272441e-07
0.00128491725747
9.5651070768e-11
0.00251160553989
0.0428593061757
5.62434715735e-07
0.0303558546861
0.0428593061757
0.0360522399008
0.00139127734376
1.08998894239e-07
0.000218832746871
4.52327982037e-10
9.534785281e-06
8.48052876597e-10
0.007439540511
2.07115851438e-08
0.0428593061757
0.00606168368375
0.0303558546861
0.0360522399008
0.000255128309166
0.00690538256793
1.25022454743e-19
4.03862121626e-07
4.91139156036e-09
2.79737101211e-06
0.00191442330326
0.0360522399008
0.0358831063616
2.51828884575e-12
3.44788356875e-09
0.00884420899909
0.00148427574236
1.42390017564e-08
8.92848342128e-07
0.0360522399008
0.0076719990914
0.0040733822853
0.000203340061975
0.0303558546861
0.0428593061757
0.0358831063616
0.0428593061757
0.000962048024842
1.53720046145e-06
0.0358831063616
4.52092150629e-11
6.59109112328e-08
0.00174255100348
4.46198339587e-10
1.20601623636e-07
2.83318394257e-07
0.0303558546861
0.0428593061757
0.0358831063616
0.0303558546861
0.0428593061757
1.5061819217e-07
9.90524665008e-07
1.55553716697e-10
2.77488918629e-06
0.00045462983745
0.00625308217825
8.99354233959e-07
2.89767452445e-06
2.07025927709e-09
0.0076719990914
0.0360522399008
2.67185912743e-11
0.000230334271245
1.77354134123e-11
1.33152537061e-18
8.83688860556e-07
0.0360522399008
0.0076719990914
0.0303558546861
0.000166784248647
5.41604107445e-21
5.54608272592e-05
4.72206851069e-06
5.97840535748e-09
1.08425815409e-05
1.13913233525e-09
4.44585785248e-06
0.0428593061757
0.0358831063616
0.00195114353229
1.37346420095e-07
0.00048630718993
1.13726913308e-05
3.61161087729e-10
3.52645071446e-19
0.00157129231788
0.00106982478712
0.00165517152209
0.0360522399008
2.65999792429e-09
0.0303558546861
0.0360522399008
8.6837778736e-05
1.78956111709e-05
6.28549381723e-14
0.00119558645193
1.28762970672e-05
0.0360522399008
1.16730271469e-05
0.00931553618587
9.6909355567e-09
8.53627995838e-08
3.21398308329e-08
0.000443358421261
8.06871102181e-06
0.0303558546861
9.59654570822e-05
0.0358831063616
9.21878048269e-06
0.000974363155776
5.83884895361e-09
4.97319504925e-05
9.0184025523e-05
5.02407116895e-05
0.00673103356831
0.0428593061757
1.70790556596e-05
0.0360522399008
1.58725736403e-05
0.0303558546861
1.20903665026e-10
5.07808212517e-05
5.38486319745e-07
0.0303558546861
0.0303558546861
0.000290663352134
0.00690538256793
0.0239507887453
6.37732926617e-05
0.0046853967129
3.72755491688e-09
2.29142891629e-14
0.0428593061757
1.91552758266e-06
2.14521926675e-15
2.38239244234e-06
0.00442794795616
0.0360522399008
2.45000843494e-06
0.00106423286069
5.98444597911e-09
5.66141863331e-07
1.68181491299e-06
1.75885733617e-06
0.0360522399008
1.59630899045e-05
0.00116643048209
0.00143749178108
0.0360522399008
8.69243458923e-05
3.92846832862e-07
0.0303558546861
1.61259502619e-08
1.6019673759e-11
0.00520574080975
5.98674378494e-05
0.0360522399008
0.0076719990914
1.62971924492e-10
9.32857588878e-09
1.7521367031e-10
0.0428593061757
0.000461820790551
0.0428593061757
6.03343381666e-07
0.000566910308079
0.000855729875157
0.00606168368375
2.80829593407e-06
0.0428593061757
9.56057713307e-06
0.00931553618587
0.0303558546861
0.0428593061757
0.000542146042009
8.85101355961e-06
3.26336668683e-07
0.0360522399008
0.00625308217825
0.00947067622495
3.91322227957e-09
0.0428593061757
0.0303558546861
0.000185110006593
0.0428593061757
0.000466992682453
1.99531346894e-05
0.0079236963426
0.00115200783361
0.00494235208772
6.55830940242e-05
1.23588799932e-05
7.19744489524e-07
8.98445106101e-09
0.00779106642204
0.00130646392632
0.0303558546861
1.66062709807e-05
0.00109896671449
2.44386336689e-06
3.6107003291e-09
0.00251160553989
0.0358831063616
0.007439540511
4.46222084336e-10
0.0358831063616
1.66996558381e-12
0.000173435860219
0.000126192212511
0.000189493285289
0.0239507887453
0.00520574080975
5.77958685498e-05
0.0360522399008
3.02312018877e-06
4.56551023813e-16
0.0428593061757
0.0303558546861
9.44570165316e-06
8.19179806457e-08
0.0303558546861
0.0303558546861
1.7981532679e-05
0.0239507887453
9.20652854183e-06
1.85491257353e-08
2.91856336739e-06
3.47930564672e-07
1.49659218967e-05
4.42854830973e-13
8.41762858769e-17
5.98456370025e-07
0.0303558546861
3.1480961711e-09
0.0428593061757
0.00645350511806
4.72538822064e-05
0.0428593061757
0.000209509752436
9.84967451952e-08
0.0076719990914
0.00153455470736
1.10005978708e-06
0.00947067622495
8.85045340508e-12
0.00779106642204
0.00144813544792
1.1810480812e-05
0.0360522399008
0.0360522399008
3.0761183912e-08
3.55217462141e-07
7.20861776609e-05
0.00666522692348
1.37677477814e-07
7.20339897715e-10
0.0303558546861
2.0739403605e-05
0.000311689375618
0.000181981637603
0.00172957004212
0.00143131120593
3.36183608019e-05
0.0076719990914
5.20163047359e-07
0.0428593061757
1.28543033566e-07
0.00143131120593
5.89493415797e-06
0.00884420899909
1.08564943952e-12
1.82089828637e-05
3.11103782187e-08
0.00606168368375
0.00010788299874