500
0.0136080818609
0.00032998027713
1.59542188432e-15
9.3140863104e-05
0.000959523157524
9.83383217752e-08
2.11778440631e-06
1.00712031114e-06
0.00174689007976
0.0136080818609
5.58490016236e-13
8.0976750042e-08
0.00014078070338
0.00452413737045
7.83123517557e-09
0.0136080818609
5.06534169126e-07
0.0136080818609
4.84705503693e-12
0.0136080818609
5.67086060997e-22
0.0136080818609
3.77137187271e-10
0.0477417503586
0.0922605504588
0.0922605504588
0.00452413737045
0.0183745879818
3.37997772807e-10
3.43982903679e-06
8.59400978149e-05
1.23309738309e-07
4.50162139709e-05
1.96269120555e-06
1.18184504224e-05
0.00141706070032
0.000219759843738
2.58274267116e-10
0.0477417503586
0.0922605504588
0.000193359052508
1.37590853333e-05
0.0136080818609
3.16790790786e-15
2.37007691709e-06
2.34826766988e-14
0.0136080818609
0.00365061014989
6.15832847812e-09
0.0136080818609
5.86025667396e-11
0.0922605504588
2.28863730686e-05
0.00141246576604
0.0136080818609
0.00365061014989
0.0922605504588
0.0183745879818
1.70929732536e-05
0.00365061014989
9.47500484895e-05
0.00303463580046
0.0922605504588
0.00141706070032
0.0922605504588
9.65968769703e-07
0.0183745879818
8.04430627906e-05
0.0136080818609
3.27260071722e-11
3.30999885024e-11
0.0108811355409
7.82401737654e-05
0.00032998027713
0.00759490547666
0.00365061014989
7.51141127659e-06
0.000860733971149
2.05986262161e-07
0.00759490547666
0.0136080818609
0.00622487695367
0.000962644610769
4.02233104358e-07
4.37464652912e-17
0.0136080818609
0.000219759843738
0.00365061014989
0.0922605504588
7.35759971075e-06
0.0136080818609
0.000892545087162
0.0120318039908
0.00255182228359
0.000512804555417
0.000959523157524
0.00162265390254
1.12519052709e-05
0.000222569704099
2.3395799408e-11
0.00365061014989
0.0922605504588
0.0136080818609
0.0922605504588
0.000124481135493
0.0922605504588
0.00365061014989
0.0136080818609
0.0120318039908
5.95667167355e-05
0.00290248343951
0.0922605504588
0.00268672318998
0.00365061014989
0.0136080818609
0.0136080818609
1.28298647834e-08
0.00452413737045
0.0200317726771
0.0922605504588
5.48433354237e-05
0.00011691307005
0.0922605504588
0.00452413737045
2.76695873201e-05
4.98267123296e-07
0.0136080818609
0.0922605504588
2.73461670855e-07
1.69120547151e-05
0.0922605504588
1.1940953889e-06
0.0922605504588
0.000370497477845
0.00395499003742
0.00365061014989
0.0136080818609
0.00088197252785
5.04423246565e-10
0.0200317726771
0.0922605504588
0.0136080818609
0.000258136807271
6.30451706118e-10
0.000104828898283
0.0922605504588
6.81289729114e-11
0.00120822108042
0.0477417503586
0.00268672318998
0.000220128817876
2.74338705067e-06
0.00446713468762
0.00255182228359
2.51172740067e-08
6.08432998271e-06
0.00759490547666
5.08712560709e-05
3.0519288203e-05
6.99691739545e-07
0.0922605504588
1.45587465472e-12
0.00268672318998
0.00255182228359
0.0922605504588
0.0922605504588
0.0136080818609
1.05630433368e-14
0.000613489149371
0.0922605504588
3.84295211928e-06
3.5503372614e-07
0.0922605504588
0.00365061014989
5.67199648636e-11
0.0136080818609
0.0922605504588
2.01699376148e-06
0.00448155360721
9.81269262209e-11
6.80737834891e-05
1.18059979991e-07
0.00452413737045
2.49323160516e-05
0.0136080818609
1.30968731038e-12
1.10426087304e-08
0.0922605504588
3.27217405604e-05
0.0922605504588
9.47980619593e-05
0.000114866761727
9.57842129773e-19
2.31779695432e-18
0.000553035042526
2.85641065004e-05
0.00718571355558
0.0922605504588
0.00255182228359
2.33216195866e-06
0.000179013258884
0.0136080818609
0.00014078070338
4.08115936265e-06
0.00365061014989
0.00268672318998
0.0200317726771
4.72401056113e-09
0.0922605504588
0.00452413737045
2.64746280699e-07
5.1080451237e-07
1.26137164836e-05
0.00453885497592
0.0922605504588
0.00452413737045
0.0183745879818
0.0136080818609
0.00452413737045
0.0136080818609
9.17455715746e-06
0.0922605504588
2.15802832841e-05
1.25165623596e-11
0.000814095062598
0.00141246576604
0.0922605504588
2.16875960613e-07
0.000208333352385
4.11987930353e-05
0.000370497477845
2.81597519538e-06
0.0183745879818
2.06360616941e-06
2.25601833273e-08
0.00365061014989
0.00365061014989
3.90410904058e-06
0.0922605504588
2.14544641776e-14
0.0183745879818
0.0136080818609
0.00365061014989
1.71309115132e-11
0.00014078070338
6.97707006509e-08
0.0922605504588
0.0922605504588
0.0136080818609
0.000533496461975
0.00452413737045
4.64588511475e-05
0.000305202505613
0.000258595784344
4.68384965033e-05
0.00014488971135
5.50023484671e-06
4.36199723481e-05
0.00032998027713
0.0200317726771
0.0922605504588
0.0922605504588
0.000131747585803
0.0922605504588
4.50162139709e-05
0.000580750366551
2.00955139639e-05
4.32579001016e-05
0.0136080818609
0.0922605504588
0.000108678067076
0.0477417503586
0.0120318039908
1.81810888639e-06
1.61401642163e-09
0.0120318039908
1.6703028748e-05
0.0922605504588
0.000131747585803
5.74296819377e-14
0.00759490547666
3.36183939631e-08
0.00162265390254
0.0136080818609
0.00268672318998
0.0922605504588
0.000589997933004
0.0136080818609
0.0136080818609
0.00452413737045
0.0136080818609
0.00452413737045
2.43251669787e-11
0.0120318039908
0.000722055103875
1.85621887382e-06
0.00453885497592
1.64280880773e-07
1.10527210265e-11
6.99585542714e-05
0.00022215105226
2.99995521054e-06
3.46664134708e-11
1.55871409441e-06
0.0922605504588
2.67172646924e-07
4.15114626927e-15
0.00365061014989
0.00268672318998
0.0922605504588
9.12263607945e-14
0.0136080818609
0.0136080818609
0.0922605504588
1.15401293848e-05
0.0922605504588
0.0120318039908
6.8249155717e-05
0.00365061014989
8.37683841555e-06
1.95245581882e-05
4.84696402708e-08
4.73892613082e-11
0.0922605504588
0.0200317726771
0.0922605504588
7.0615266017e-07
0.0136080818609
1.41483737602e-08
0.00365061014989
0.0136080818609
3.61619671759e-14
0.00231541547936
3.1648183498e-06
4.77213681647e-15
0.0120318039908
2.31186168421e-05
0.000580750366551
1.06636095828e-08
0.0922605504588
8.74099870655e-05
1.30264339456e-14
0.00446713468762
9.83866174431e-07
0.00452413737045
7.90537630123e-08
0.00231541547936
3.31119992092e-08
0.0120318039908
0.00141246576604
0.0136080818609
0.000153140485455
2.46117487214e-13
0.00365061014989
0.0183745879818
5.91559150599e-08
6.24804638787e-11
8.04430627906e-05
1.06732649026e-16
2.61975544702e-07
0.00141246576604
0.0922605504588
0.0922605504588
6.44975738591e-09
1.95775812866e-09
1.47889832052e-18
1.07393749519e-06
9.99296139273e-05
1.46938657286e-06
0.0922605504588
0.0922605504588
0.0183745879818
2.09125544501e-18
2.6796981072e-06
0.0136080818609
3.27753843216e-05
2.32946373726e-05
7.64110036625e-13
0.00908266129033
0.000492668705896
4.2221725964e-07
0.0922605504588
0.00268672318998
0.00268672318998
1.9685773478e-11
0.00718571355558
0.00718571355558
0.000109211641501
1.97156748861e-08
0.000132176177783
2.15802832841e-05
5.5393816092e-09
1.35361570739e-10
0.0183745879818
7.43869880403e-07
3.66199761511e-07
0.00759490547666
0.00718571355558
3.55576294887e-05
0.00395499003742
0.00365061014989
0.0922605504588
9.69044797688e-05
0.0922605504588
0.000959523157524
5.31697936249e-15
0.0136080818609
0.0183745879818
0.0136080818609
3.27217405604e-05
0.00365061014989
0.000320966873405
0.0183745879818
0.00908266129033
8.2783953718e-11
0.00365061014989
3.87256768433e-08
0.00453885497592
0.00365061014989
2.48665699181e-05
0.0136080818609
0.000193359052508
5.85231149504e-06
0.0183745879818
2.45344665455e-05
4.58888390144e-07
0.000221848003777
0.000512804555417
0.00453885497592
0.000145015062251
0.000130507502326
0.000131747585803
1.22285400247e-06
0.00162265390254
9.11044594667e-12
0.0200317726771
0.00268672318998
7.8602137874e-09
1.80042424821e-05
0.00255182228359
0.00068315282708
0.0922605504588
0.0922605504588
1.2233539131e-05
1.00533606022e-08
9.18711644168e-16
0.0136080818609
0.0136080818609
1.69761131166e-05
7.12139086531e-05
0.0922605504588
0.000892545087162
0.0120318039908
1.48390071483e-06
4.99634189692e-08
0.0922605504588
0.0922605504588
0.000241229810772
0.0922605504588
6.14676212306e-08
1.96118447359e-08
1.00869454564e-06
1.59882807182e-11
4.21133849603e-08
0.0922605504588
4.50162139709e-05
1.10674573994e-09
0.0136080818609
4.58339024466e-07
7.01522666189e-06
7.83644954115e-05
0.00024502363879
0.00365061014989
0.000132176177783
0.000141526032633
0.000124077495313
0.0136080818609
2.76673096417e-06
0.00759490547666
2.5695867685e-05
0.0922605504588
0.00448155360721
6.91347806884e-15
3.0508094142e-09
2.11372589458e-06
1.0508171235e-08
2.43402362809e-08
0.000312706981828
7.50947820853e-06
5.09578343362e-09
0.00365061014989
0.0120318039908
9.49856197082e-06
0.0922605504588
0.000124481135493
1.55985285731e-07
0.00268672318998
0.000348029963428
0.00231541547936
1.30833044361e-05