500
1.19734594004e-06
3.56652082107e-06
7.33460093106e-08
6.05865213634e-05
7.28594783074e-14
2.51691313188e-21
4.1342342218e-06
7.8632078679e-38
4.6372640614e-09
1.97873394468e-07
0.0
0.0
1.05412483818e-09
1.38745991564e-16
1.12242947745e-05
0.0
3.7998728564e-06
6.02827294307e-09
2.97668862659e-12
0.00573681542702
4.63631218227e-07
2.80464930208e-05
0.0143170958918
8.71394863137e-26
4.88205386952e-09
0.000246822552984
0.0
1.08113355004e-05
1.37043111733e-06
3.22201925935e-16
6.16997005279e-05
0.000267653840077
2.94922956576e-10
2.212788175e-24
0.0143170958918
0.0170607902264
0.00458897853803
2.85854470291e-11
0.0
0.0
0.000225559152361
5.80785646115e-07
0.0139180130795
0.0
1.270351029e-07
7.94803623383e-29
1.48743940761e-10
3.66373819916e-05
0.000236644098857
1.03911800352e-11
6.19541851312e-05
0.0139180130795
0.000550117168346
1.76603091217e-15
4.51302615348e-14
0.0
5.80400102447e-06
0.00329243320159
0.000221748910353
4.0170619457e-05
3.121277707e-06
0.0
0.00658486640318
3.17322935599e-07
5.81548046879e-17
0.00230937019806
0.000535416014433
1.77381514408e-11
2.94975444377e-10
5.56221887375e-13
0.00151285236137
4.26837826462e-05
1.0138321605e-06
0.00573681542702
3.9668105636e-06
1.31845296099e-10
3.87215495256e-12
2.71006321668e-08
1.92857129076e-07
9.38652173656e-09
4.90599520291e-17
4.07701981599e-10
0.00152249682532
0.00152249682532
4.22857584991e-05
2.2132175801e-05
2.04342609968e-07
0.000126345728128
1.72134059432e-08
2.67934765032e-05
1.30717067569e-07
3.52561109515e-33
0.00139809195663
0.000225559152361
6.99777998398e-07
8.14750157187e-11
3.98301533636e-05
0.000159872008246
1.17996134301e-16
3.18613460565e-14
6.32499676877e-09
0.0
0.0101679212378
7.30414135214e-15
1.29417290414e-07
0.0170607902264
0.0170607902264
3.35113334377e-17
5.45114033953e-09
1.13293168337e-08
3.02005882678e-06
1.15069555517e-20
0.000162605841603
0.0038509849135
4.67998187918e-06
0.00658486640318
9.73227602288e-07
0.000332335788673
2.72288086885e-08
1.2654206154e-05
6.73766620812e-17
5.96307793695e-14
1.15633812187e-05
0.0
1.09561564531e-10
9.1472980509e-05
0.0143170958918
6.5053712148e-19
1.40014608816e-07
0.0
3.18441345854e-07
6.90462092232e-08
0.00143573305137
9.59037319132e-05
0.0170607902264
2.36966897409e-05
1.04068921147e-08
3.99280755297e-06
4.54923569659e-05
0.0
0.0
4.36086252044e-06
5.50794281302e-09
0.00114346376201
0.00243599492051
0.0139180130795
2.11043963391e-13
2.25911973759e-19
3.48082537e-09
7.43649359389e-08
7.22568838516e-11
8.02093894132e-06
0.000323359465138
1.65906425855e-11
4.16926111104e-19
8.16296238629e-07
2.16392529308e-38
0.000225269959563
8.25094091807e-05
0.00154307757858
0.000588140219707
0.000184647322827
1.32801365147e-06
7.12509937303e-16
0.00573681542702
0.0170607902264
1.13359725116e-15
8.0123538139e-09
2.6953166193e-08
0.000590181162679
3.44788556268e-09
8.11680524423e-09
0.00658486640318
2.76126161242e-19
0.0038509849135
9.35243733423e-10
4.8904543625e-24
2.1371724147e-17
0.00157640025362
0.0170607902264
0.0143170958918
0.0143170958918
1.49478140097e-25
2.11347977017e-13
7.07348843673e-08
3.61284342474e-12
3.95811693636e-11
4.81835639146e-14
3.75057713755e-07
0.0
0.00658486640318
0.0
0.0170607902264
1.10357400896e-12
0.0143170958918
3.00312601017e-09
8.87549216678e-32
0.000590181162679
1.40653342695e-12
0.000117508356421
2.60595073969e-12
2.00585485805e-05
0.000129171036873
1.6823119288e-09
3.04321424654e-15
0.0
5.43219270871e-15
1.73674845831e-19
4.06168543847e-26
0.0143170958918
0.0139180130795
0.0170607902264
0.00143573305137
6.78327026122e-07
9.59640032019e-16
0.0
0.00072094607577
0.0081219370863
0.000183515104861
4.27265443557e-21
0.00114054870146
7.37116158991e-07
0.00573681542702
4.21434001863e-05
3.12932208995e-06
0.000142165060266
3.51923511461e-08
4.40968740871e-18
2.20304924568e-07
1.1937686873e-14
0.0139180130795
1.29776072246e-05
1.27068090424e-05
0.0170607902264
1.49082689869e-14
3.13286605453e-06
0.0139180130795
7.08275450189e-10
6.17052704424e-06
6.02547731027e-05
0.0
0.00106223214697
0.00391966293627
0.000117508356421
1.32251094306e-08
0.00086655780411
0.00573681542702
2.2115420981e-12
0.0143170958918
1.7973797401e-06
1.13635967456e-06
4.33105548865e-06
3.0779311268e-05
0.00573681542702
6.52903401238e-22
7.48292198521e-32
0.00140166525666
2.66444053692e-11
0.0
5.99753357795e-21
2.36871766687e-07
1.60121724334e-27
2.9826284958e-08
0.0
2.07660735515e-24
0.0139180130795
2.6066747639e-12
1.35857207747e-05
9.28910797625e-05
2.63123345001e-09
3.34839272476e-06
9.25872021122e-38
3.83189072222e-09
1.96765100008e-08
0.0170607902264
8.98470780285e-07
0.000204921821149
1.24614714778e-16
0.000545757964023
0.000145647938492
0.000767326142839
1.06813245288e-07
0.00243599492051
0.00329243320159
8.48144939758e-09
6.51055171147e-23
7.1023041292e-05
9.03017813719e-05
7.01542814171e-07
3.01419116586e-18
2.77828524683e-11
3.38195538315e-05
2.89666978716e-05
0.00188395989842
0.0139180130795
1.05450102819e-21
0.00458897853803
1.3302576218e-35
3.5489199701e-09
2.05397922376e-14
2.1128002769e-15
1.19674177944e-10
3.35208024974e-29
0.0170607902264
1.86646985571e-07
0.0
6.70786250511e-10
1.78539548241e-10
4.35181021889e-14
3.57506659557e-18
2.06062057028e-12
0.00573681542702
6.39957061427e-05
2.65069335924e-18
9.93299777206e-14
2.79800368528e-13
0.0053377326147
1.3340418195e-07
4.81975224765e-24
9.65011648153e-10
2.14596705939e-05
0.00188395989842
9.31045976776e-23
0.0170607902264
1.01788418135e-23
1.66349594535e-22
0.000847000729246
1.96686528949e-16
9.58392279349e-05
0.00131801531483
0.000891335865919
0.0170607902264
0.00249426757696
5.65058601944e-08
1.06439850152e-07
0.00114054870146
0.000389725390592
0.000110021855141
2.69210177765e-06
9.89599014056e-05
3.11761916784e-11
2.14450522271e-07
8.20767762688e-17
4.50231151786e-05
3.57042111544e-15
0.00015055832411
0.0170607902264
0.00151285236137
0.000180435990277
0.00573681542702
0.0
7.88431489714e-12
7.39599977943e-17
6.08031518889e-06
0.00243599492051
0.0170607902264
1.48443641448e-07
2.24335227721e-07
0.0
4.22525444689e-05
1.33152628292e-07
3.5333124029e-13
5.69319509389e-08
0.0
4.08255074694e-22
1.96239516771e-07
3.78480098879e-05
0.0
5.92889190923e-18
1.15141505355e-49
3.53055582375e-10
5.27123882863e-10
0.0143170958918
1.86915954246e-08
1.21723463873e-05
0.00658486640318
5.13297603867e-06
2.66292687621e-07
2.99544594833e-05
1.66474722119e-13
1.08328929968e-16
1.64680783179e-16
5.29284874944e-07
4.19023237406e-05
3.31499928757e-09
1.64461905039e-13
8.69696767173e-19
7.69788727153e-12
6.61705419487e-12
0.00458897853803
0.000117398771899
0.00573681542702
7.7229816665e-07
0.000118311145912
7.55714680307e-07
0.0170607902264
3.33072251286e-11
1.0835370832e-11
0.0170607902264
4.80242994809e-05
1.28396945236e-07
0.0
0.0101679212378
0.0170607902264
2.04453002918e-08
3.94618055519e-05
0.0
0.00243599492051
0.00658486640318
4.95831651736e-08
0.0
0.0032893077857
1.0593428225e-26
3.91270643167e-06
0.000110934977404
4.70762596946e-06
9.67668384663e-23
1.20473247119e-18
0.000281260452705
0.00374364038629
8.5310171433e-09
2.02572334282e-13
0.000148734961342
0.00077654261046
2.07634955182e-18
4.47139426287e-07
0.00658486640318
1.3399428167e-11
4.76849027767e-06
0.000756426180684
1.77638488859e-05
2.51708931646e-08
2.18846347308e-09
9.11979961621e-05
1.528822063e-05
0.0
0.0143170958918
0.00658486640318
0.0101679212378
4.43618742375e-06
0.0143170958918
0.00658486640318
0.00072094607577
0.000565722889255
0.0170607902264
5.45141566291e-11
0.0139180130795
2.84641618054e-17
1.57221429436e-05
2.28083807039e-08
2.51134833986e-23
0.000126345728128
0.0
1.3730309593e-08
1.67574760814e-06
0.0
0.000360338005569
0.000495268987395
4.78312288408e-07
4.55685904685e-31
0.0170607902264
1.2530912115e-18
1.93045381051e-07
0.00243599492051
1.10131208796e-05
3.44742506983e-12
3.06058717015e-10
3.95911353661e-16
3.12065410538e-06
3.60658647074e-15
0.0
0.0032893077857
0.00573681542702
9.48984238514e-10
0.000250599692822
0.000180435990277
9.81599618728e-12
0.0143170958918
8.51886701648e-07
1.09846866381e-06
3.23896074347e-13
0.000389725390592
1.21793924292e-07
1.02025346931e-05
6.64159268716e-21
1.23542654652e-10
0.0
1.37010521864e-09
4.8560177299e-12
5.02112390353e-05
7.37406549888e-07
0.00143573305137
0.0143170958918
0.0170607902264
0.0170607902264
2.50845364584e-07
0.00249426757696
0.0032893077857
2.9539042753e-06
7.15023566499e-07