500
0.0
0.0
0.0
0.0
0.00723834460263
0.0
0.0
0.0
0.0
0.0
0.0
0.0
0.0
0.0
0.0
0.000491052902804
0.0
0.000579649005497
0.0
0.00723834460263
0.0
0.0
0.0
0.00723834460263
0.0
0.0
0.0
0.0
0.0
6.24375732656e-06
0.0
0.0
0.0
0.0
0.00821364977647
0.000291620283836
0.0103311521625
0.0
0.0
0.00723834460263
0.0
0.0
0.0
0.0
0.0
0.0
0.0
0.0
0.0
0.0
0.0
0.0
0.0
0.0
0.0
0.0
0.0
0.000137756745086
0.0103311521625
0.0
0.0
0.0
0.0
0.0
0.0103311521625
0.0103311521625
0.0
0.0
3.31771804846e-05
0.0
0.0
0.0
0.0
0.0
0.0
0.0
1.00116769774e-05
0.0
0.0
0.00723834460263
0.0
0.000194636484916
0.00723834460263
0.0
0.0
0.0
0.0
0.0
0.0
0.0
0.0
0.0
0.00821364977647
0.0
7.33581793342e-05
0.00172825083187
0.000341764039157
2.29275028643e-05
0.00723834460263
0.0101293174461
0.0
0.0
0.0
0.0
0.0
0.0
0.0
0.0
0.00821364977647
0.0
0.0
0.0
0.0103311521625
0.0
0.0
0.0
0.0
0.0
0.0
0.0103311521625
0.00723834460263
0.0
0.0
0.0
0.000319687736642
0.0
0.0
0.0
0.0101293174461
0.0
0.0
3.09628475243e-05
0.00723834460263
0.000454886601488
0.0
0.0
0.0
0.0
0.0
0.0
0.0
0.0
0.0
0.0
0.0
0.0
9.34108516207e-06
0.0
0.0
0.0
0.0
0.000291620283836
0.0
0.0
0.0
0.0
0.0
0.0
0.0
0.0
0.0101293174461
0.0
0.0
0.0
0.0
0.0
0.0
0.0101293174461
0.0
5.6533458222e-05
0.0
0.0
0.0
0.0
0.0
0.0
0.0
0.0
0.0
0.0
0.0
0.0
0.0
0.0
0.0
0.0
0.0
0.0
0.0
0.0
0.0
0.0
0.0
0.0
0.0
0.0
0.000755451929928
0.0
0.0
0.0
0.0
0.0103311521625
0.0
0.0
0.0
0.0
0.0
0.0
0.0
0.0
0.0
0.0
0.0
0.0
0.0
0.0
0.0
0.00723834460263
0.0
0.0
0.0
0.00196844751475
0.0
0.000291620283836
0.0
0.0101293174461
0.0
0.0
0.0
0.0
0.0
0.000579649005497
0.000755451929928
0.0
0.0
0.0
0.0
0.0
0.00723834460263
0.0
0.0
0.0
0.0
0.0
0.0
0.0
7.26922958773e-08
0.0
0.0
0.0
0.0
0.0103311521625
0.0
0.0
0.0
3.31771804846e-05
0.00723834460263
3.04997771479e-05
0.0
0.0
0.0
0.00196844751475
5.04782170272e-06
0.0
3.21392141687e-05
0.000533216151165
0.0
0.0
0.0
0.0
0.0
0.0
0.0
0.0
0.0
0.0
0.0
0.0
7.33031985033e-05
0.0
0.0
0.0103311521625
0.0
0.0
0.0
0.0
1.51908714205e-05
0.0
0.0
0.0
6.45239242902e-05
0.0
4.04470617159e-06
0.0
0.0
0.0
0.0
0.0
0.0
0.0
0.0
0.0
0.0
0.0
0.0
0.0
0.000533216151165
0.000805371400267
0.0
0.0
0.0
2.00303257255e-06
0.0103311521625
0.0
0.0
0.0
0.0
0.0
0.0
0.0
0.0
0.000448013396047
0.0
0.0
0.000805371400267
0.0
0.0
0.0
0.0
0.0
0.0
0.0
0.0103311521625
0.0
0.0
0.0101293174461
0.0
0.00723834460263
0.0101293174461
0.0
0.0
0.0
0.0
0.00723834460263
0.0
0.0
0.0
0.0
0.0
0.0
0.0
0.0
0.0
0.0
0.0
0.0
0.0
0.0
0.0
0.0
0.00172825083187
0.0101293174461
0.0
0.0
0.0
0.0
0.0103311521625
0.0
0.0
0.00074071813496
0.000579649005497
0.0
0.0
0.0
0.0
0.00196844751475
0.000805371400267
0.0
0.0
0.0
0.0
0.0
0.0
0.0103311521625
0.0
0.0
0.0103311521625
0.0
6.6574001258e-06
0.0
0.0101293174461
3.49666915761e-05
0.00723834460263
0.0
0.0
0.0
0.0
0.0
0.0
0.0
0.0
0.0
0.000291620283836
5.85887324785e-05
0.0
0.0
0.0
0.0103311521625
0.0
0.0
7.70644214631e-06
6.3105666254e-08
0.0
0.0
0.000104408288562
0.0
0.0
0.0
0.0
7.83827106991e-05
0.0
0.0101293174461
0.0
0.0
0.0
0.0
0.0
0.0
0.0
0.0
0.0
0.0103311521625
1.22560229921e-05
0.0
0.0
0.0
0.0
0.0101293174461
0.0
0.0
0.000204462605263
1.11317434797e-05
0.00196844751475
0.0
0.0
6.24375732656e-06
0.0103311521625
0.0
0.0
0.0
0.0
0.0
0.00183220038671
0.0
0.0
0.00694643815346
0.00196844751475
0.0
0.0
0.0
0.0
0.000259117868862
0.0
0.0
0.00029493122036
3.09628475243e-05
0.0
0.0
0.0
0.0
0.0
1.51908714205e-05
0.0
0.0
0.0
0.0
0.000752212542373
0.0
0.0
0.0
0.0103311521625
0.0
0.0
0.0
0.0
0.0
0.0
0.0
7.70644214631e-06
0.0
0.0
0.0
0.0
0.0
0.0
0.00694643815346
0.00074071813496
0.0
0.000579649005497
0.0