500
0.0
0.0
0.0
7.49311165579e-05
0.0
0.0
0.0
0.0
0.0
4.49453278856e-05
0.0
0.0
0.0
0.0
0.0
0.0
0.0
0.0
0.0
0.0
0.0
9.22243387676e-05
0.0
0.0
0.0
0.0
0.0
0.0
0.0
0.0
0.0
0.0
0.0
0.0
0.0
0.0
0.0
0.0
0.0
0.0
0.0
0.0
0.0
0.0
0.0
0.0
0.0
0.0
0.0
0.0
0.0
0.0
0.0
0.0
0.0
0.0
6.47200123072e-07
0.0
0.0
0.0
0.0
0.0
0.0
0.0
0.0
0.0
0.0
7.87622470709e-06
0.0
0.0
0.0
0.0
0.0
0.0
0.0
0.0
0.0
0.0
0.0
0.0
0.0
0.0
0.0
0.0
0.000104054585811
0.00176851280719
0.0
0.0
0.0
0.0
0.0
0.0
0.000119784830228
0.0
0.0
0.0
3.79308339215e-07
0.0
0.0
0.0
0.00730392948515
0.0
0.0
0.0
0.0
0.0
0.0
0.0
0.0
0.0
9.18324226878e-06
0.0
0.0
0.0
0.0
7.22846871282e-07
0.0
7.23786155486e-06
0.0
0.0
0.0
0.0
0.0
0.0
0.0
5.84904591823e-06
3.3444784511e-06
0.0
0.0
0.0
0.0
0.0
0.0
7.37887086884e-05
0.0
0.0
0.0
0.0
0.0
0.0
0.0
0.0
1.31955520944e-05
0.0
0.0
0.0
0.0
0.0
0.0
0.0
0.0
0.0
0.0
0.0
0.0
0.0
0.0
0.0
0.0
0.0
0.0
0.0
0.0
0.0
0.0
0.0
0.0
0.0
0.0
0.000184802022762
0.0
0.0
0.0
0.0
0.0
0.0
0.0
0.0
0.0
0.0
0.0
1.64820132407e-06
0.0
0.0
0.0
0.0
0.0
0.0
0.0
0.0
0.0
0.0
0.0
0.0
0.0
0.0
1.13727218902e-05
0.0
0.0
0.0
0.0
0.0
0.0
3.14900530199e-06
0.0
0.0
0.0
0.0
4.53499158151e-05
0.0
0.0
0.0
0.0
0.000316479619744
0.0
0.0
0.0
0.0
1.25052629183e-05
0.000184802022762
0.0
0.0
0.0
0.0
0.0
0.0
1.19426974053e-06
0.0
0.0
0.0
0.0
0.0
0.0
8.81132187248e-07
0.0
0.0
0.0
0.0
0.0
0.0
0.0
0.0
0.0
0.0
0.0
2.37298539769e-06
0.0
3.2045689097e-05
0.0
0.0
0.0
0.0
0.0
0.0
0.0
0.0
0.0
0.0
0.0
0.0
0.0
0.0
0.0
0.0
0.0
0.0
0.0
0.0
0.0
0.0
0.0
0.0
0.0
0.0
0.0
4.08920629028e-05
0.0
0.0
0.0
0.0
3.55252013367e-06
0.0
0.0
1.73134765241e-06
0.0
0.0
0.0
0.0
0.0
0.00517946922625
0.0
0.0
0.0
0.0
0.0
0.0
5.1107427506e-07
0.0
0.0
0.0
0.0
1.71753446986e-05
0.0
0.0
0.0
0.0
0.0
0.0
0.0
0.0
0.0
0.0
0.0
0.0
0.0
0.0
0.0
2.26864670739e-06
0.0
0.0
0.0
0.0
0.0
0.0
0.0
0.0
0.0
0.0
0.0
0.0
0.0
0.0
0.0
0.0
4.49453278856e-05
0.0
0.0
0.0
0.0
0.0
0.0
0.0
0.0
0.000104228356581
0.0
0.0
0.0
0.0
0.0
0.0
0.0
0.0
0.0
0.0
0.0
0.0
0.0
0.0
0.0
0.0
0.0
0.0
0.0
0.0
1.57592906497e-06
0.0
0.0
0.0
0.0
0.0
0.0
0.0
0.0
0.0
0.0
0.0
0.0
0.0
0.0
0.0
0.0
0.0
0.0
0.0
0.0
0.0
0.0
0.0
0.0
0.0
0.0
0.0
0.0
0.0
0.0
0.0
0.0
0.0
0.0
0.0
0.0
0.0
0.0
0.0
0.0
0.0
0.000104054585811
0.0
0.0
0.0
0.0
0.0
0.0
0.0
0.0
0.0
0.0
0.0
0.0
0.0
0.0
0.0
0.0
0.0
0.0
0.0
0.0
0.0
1.89404399727e-06
0.0
0.0
0.0
0.0
0.0
0.0
0.0
0.0
0.0
0.0
0.0
0.0
0.0
0.0
0.0
0.0
0.0
0.0
0.0
0.0
0.0
0.0
0.0
0.0
0.0
0.0
0.0
0.0
0.0
0.0
0.0
0.00517946922625
0.0
0.0
0.0
0.0
0.0
0.0
2.83644380608e-06
0.0
0.0
0.0
0.0
0.0
0.0
0.0
0.0
0.0
0.00176851280719
0.0
0.0
0.0
0.0
0.0
0.000303324004339
0.0
0.0
0.0
0.0
0.0
0.0
0.0
0.0
0.0
0.0
0.0
0.0
2.68931594467e-09
0.0
0.0
2.67092306056e-06