500
0.00332894057893
0.0179453395894
0.0
0.0179453395894
2.76198253512e-06
0.0
8.159128676e-11
0.0154715472406
0.0
4.21610892686e-06
0.0179453395894
0.00979516973887
1.04941421084e-06
0.008597294945
6.72149488608e-05
0.0
9.08930254591e-05
0.000110145267783
0.0
0.000444002384472
0.0
0.00469269265492
0.0179453395894
8.46327011555e-14
7.78064052425e-05
1.76911713983e-18
0.0
0.00979516973887
0.00651926339042
0.000935565609391
0.0179453395894
0.0194398148148
2.15325899865e-09
0.0179453395894
0.000178404719964
0.0
0.00979516973887
2.01235823314e-07
0.0
9.38411523885e-08
6.89326884591e-08
1.20575965434e-05
0.0154715472406
0.00300647941376
4.79544513717e-17
1.02816587969e-06
9.19363834793e-08
0.0
0.00558215509864
0.000118819778375
1.92682150899e-07
0.00363166319875
0.0
2.41827672372e-09
5.60651986761e-08
0.0179453395894
0.000835519994369
0.0
0.0
0.00113648078289
0.00829913421274
1.39563158093e-07
3.9765565769e-13
0.0
0.000261290776234
0.0
0.0
0.0194398148148
3.94729563821e-17
0.0
1.42906393422e-06
0.0
9.34672338206e-07
3.39392085389e-17
1.84162223641e-12
0.0
0.0
1.5667118238e-06
7.03105450476e-14
1.0921348308e-15
0.0
1.33345937972e-05
0.0154715472406
6.90812700002e-08
6.77030330476e-05
0.0
5.49039101619e-06
0.0
0.00068695190551
1.51698079706e-07
0.0
7.44034815373e-05
0.000110145267783
6.00826289749e-09
0.000461388586943
5.3328442009e-06
0.0
2.70142115435e-11
3.15022857417e-09
7.44712764563e-05
1.12726458654e-05
5.15955549465e-08
6.38630666167e-06
0.0
0.000879191755552
2.69190173877e-05
1.26132691082e-09
0.00979516973887
0.0
0.00125811263696
0.000988717893724
0.000908242667199
6.50210743766e-05
0.0154715472406
0.0
0.00979516973887
0.008597294945
0.0
1.42978684987e-05
1.16968908265e-09
3.65052425248e-10
0.0
4.97193962806e-06
6.03857954788e-08
3.4699757983e-09
0.0
0.00979516973887
9.80792605607e-09
0.0179453395894
8.44568476872e-09
6.3306827094e-10
0.00193244131475
0.000193905953977
0.000545398493491
0.000116010431829
0.000748000174332
0.0
1.50252392298e-07
4.05736264621e-07
0.00125811263696
1.89488079592e-12
0.00451140006538
0.000294412624216
0.00469269265492
3.22106406312e-07
3.55602655643e-07
0.000186800087192
1.55988685818e-05
0.0
0.0
2.62340312423e-14
0.0
0.000197841094201
1.90637024845e-09
0.0154715472406
0.00829913421274
0.00979516973887
0.00979516973887
0.00147359353179
0.0154715472406
0.00300647941376
0.0
0.00300647941376
9.79317128278e-10
2.26577320856e-09
0.0
0.0
8.07741251908e-14
0.00345028811757
0.00105315832566
0.0
0.0
1.22539643386e-05
0.0
0.0
1.9109991681e-09
5.49931905985e-05
0.00345028811757
8.46788071082e-28
0.0
0.00100810345679
0.0
0.0
0.0
9.8952138746e-16
0.0
4.28658463377e-05
0.0
0.0
1.27436653978e-06
7.49096503069e-05
1.70221873396e-09
1.09342307828e-05
0.0194398148148
0.00038220051167
1.16116230503e-05
7.1719385184e-13
0.000265339826287
0.00484840093781
0.000988717893724
2.2964613965e-07
0.000796814826843
0.0
0.000135720045389
1.47836025162e-06
0.00280294302031
0.00158270557877
6.5353379831e-06
0.0
0.0
0.0
0.0
0.00829913421274
6.5349049862e-07
2.42811660087e-05
0.00714679725628
0.0013695125017
9.24398555326e-07
0.0
2.6186158046e-06
7.56396545569e-09
0.0
0.0
0.0154715472406
0.0179453395894
0.000988717893724
0.000988717893724
0.00300647941376
0.0
0.0
0.000654316764842
0.0
0.0
7.01061054201e-05
0.0
0.00100810345679
0.00156157584463
6.14735125077e-13
6.34806391878e-10
0.0
2.45572419388e-05
8.2406832709e-10
0.00111325286384
0.000307219673887
0.0179453395894
8.09603909636e-11
0.000237481026758
0.0
0.00651926339042
0.0
5.49972583806e-13
2.28357157676e-20
5.82236448752e-05
0.00143905526727
4.31427681872e-05
0.00147359353179
2.93144331722e-07
0.0179453395894
4.53458030292e-05
3.18978475609e-07
0.0
0.00979516973887
1.01535261509e-16
1.99270760138e-07
2.49376759853e-08
0.0
0.0
0.00147359353179
0.0154715472406
0.000188901762626
1.1377259566e-08
0.0
0.0179453395894
0.0
0.000133283320087
4.94029218897e-05
0.0
0.0
0.0
1.30868238075e-05
0.0
0.000395670941045
4.48939027604e-08
0.0
9.61503632115e-05
0.0
1.04685862217e-06
0.00484840093781
4.69765934972e-06
9.17092079198e-07
0.0
0.00979516973887
0.008597294945
0.00979516973887
0.0113950648109
0.00979516973887
0.000666669442517
4.34905364485e-07
0.0154715472406
6.74629417167e-07
1.95072988634e-18
0.0
6.65672325156e-13
0.00829913421274
5.74684109791e-10
4.73641508503e-06
0.0
1.96500324436e-08
0.0194398148148
2.24496663758e-08
0.0113950648109
0.000758670932316
0.00193244131475
0.008597294945
3.35625722475e-08
0.0
0.0
0.0
0.0179453395894
1.74353509453e-07
1.46833761673e-06
0.0
0.0
0.000108165290043
1.5270752145e-10
0.0
3.12545646909e-06
0.0
0.000991598890184
4.06931184436e-09
1.83779407553e-05
0.0
0.000389156057753
0.0
0.00280294302031
3.27933744375e-05
0.0113950648109
1.84769097092e-06
3.15264599911e-07
0.00469269265492
3.29910992791e-13
8.63516984549e-24
1.95330766301e-11
0.0
0.0
3.05342466771e-08
2.22436435402e-16
8.87143372563e-08
0.00829913421274
3.62210911149e-07
0.0154715472406
1.2859485059e-11
0.00484840093781
0.0179453395894
0.0
1.50006254648e-06
0.0
0.0
4.05053387572e-15
0.0
0.00651926339042
1.38861554951e-06
4.48219545081e-18
5.65538554241e-14
0.0
0.0
1.16880033061e-19
0.0
0.0179453395894
0.0
1.84654043854e-10
0.008597294945
0.00193244131475
0.000201007580437
0.0
0.0
0.0
0.000389840467528
1.6253032059e-09
0.000569565084944
0.00280294302031
0.0
0.00154043897116
0.0154715472406
5.45612366608e-08
9.71498845851e-05
4.98772209024e-09
0.0
1.8241308877e-06
5.41333584177e-11
0.00278165025903
0.00829913421274
0.0
0.0
7.6845306729e-07
0.0
0.00175308550879
4.52241315038e-18
5.34054816887e-12
2.54838659826e-06
0.0
5.01868963216e-06
5.82321527211e-05
0.0
1.62514020417e-05
0.0
0.00829913421274
5.44320390173e-06
0.0
0.0113950648109
0.0
1.32517895258e-07
2.28662095131e-06
6.98742177698e-05
6.777855934e-08
0.0
0.000464252319892
0.0
2.00291678331e-16
3.05878789299e-11
0.0154715472406
2.03740427753e-06
0.000937622664919
0.00829913421274
0.00651926339042
3.63247669469e-11
1.07491906501e-10
1.63074710571e-05
0.00931327160495
0.00484840093781
0.0179453395894
0.00125811263696
0.00829913421274
0.00174400088966
1.94303719315e-05
9.96442068643e-09
0.0194398148148
0.0
0.00300647941376
0.00143905526727
0.0
0.000748000174332
0.0179453395894
0.0
4.94028088984e-05
0.00280294302031
0.0
4.40152588711e-05
1.17583570995e-05
1.38146620732e-15
0.0
1.31965046784e-14
1.72760577922e-09
0.00469269265492
5.88030327314e-06
1.20954186637e-12
5.82321527211e-05
0.000350759582344
0.00174400088966
1.7742830699e-08
2.14238712444e-05
0.00143905526727
0.00363166319875
4.36827771031e-05
0.0
0.0
1.93727616792e-08
1.55132492415e-07
0.008597294945
4.62859522464e-13
0.0
3.12122482096e-06
0.000101632546421
0.0
0.00267431182189
0.000237479535089
7.69005691708e-07
0.0
0.00300647941376
0.00651926339042
0.000592004341562
1.62514020417e-05
1.34038199719e-05
0.000395670941045
4.95605346303e-06
0.00300647941376
0.00267431182189
0.008597294945
0.000324412134476
1.83919330322e-07
0.0179453395894
0.00484840093781
0.0113950648109
0.00979516973887
0.00195712223861
0.00558215509864
0.0
0.0
8.69167937486e-08
0.00174400088966