500
0.00331991086527
1.25727658787e-06
1.18552778266e-05
0.000136257750396
0.00134817121376
0.00134817121376
0.000207735095014
0.000781291478672
0.00134817121376
2.19054183899e-08
0.000110392173835
0.00181557818345
0.00206568472665
0.00717068513853
0.00181557818345
3.10884950491e-05
0.00134817121376
5.21842657421e-05
0.00331991086527
0.00717068513853
0.0007305247324
0.00206568472665
5.19300791992e-08
0.000290379273806
0.00717068513853
0.00181557818345
1.3992949524e-09
1.12935957417e-11
0.00206568472665
3.38125816312e-05
0.000159037240933
0.00134817121376
7.55170768668e-07
0.000525772016028
7.84312698956e-05
0.00181557818345
0.00134817121376
0.000680807441373
2.039334578e-06
0.000318658385341
0.00717068513853
0.000498962315586
0.000136257750396
0.000151094206361
0.000482420258774
8.86306421079e-05
0.000207735095014
0.000244634435838
0.00717068513853
2.44910717508e-09
0.000318658385341
1.02761522312e-05
0.00181557818345
0.00134817121376
0.0007305247324
0.00717068513853
0.00206568472665
3.30955449096e-09
1.32351293469e-05
2.53209287001e-06
0.000680807441373
0.0
0.000498962315586
6.19949350609e-05
1.948370849e-06
1.18848457702e-05
0.000525772016028
9.72325716748e-06
0.000244634435838
1.16200637204e-08
5.32936813036e-05
0.000809249755508
8.86306421079e-05
0.00717068513853
0.00717068513853
0.00181557818345
0.00143259450252
7.85717103615e-07
0.00717068513853
0.00717068513853
6.45879337012e-05
2.58484633452e-05
0.0
4.19062024642e-05
4.18104477325e-05
0.00181557818345
0.000680807441373
1.38066916159e-05
9.24540415516e-05
0.00180633990901
6.82551667186e-05
1.67202044608e-05
0.00206568472665
6.82551667186e-05
0.00181557818345
2.06855318648e-05
0.00144182185611
0.00717068513853
0.0007305247324
0.00143259450252
0.000227917849016
0.00134817121376
3.40144611325e-05
0.00206568472665
0.000142963512932
0.00717068513853
4.42281920164e-05
1.43850950559e-06
0.00717068513853
1.00076743626e-06
0.000525901708266
2.4711367265e-16
2.70825785919e-07
6.14757978032e-05
0.00717068513853
0.000110392173835
1.02256173894e-06
4.18104477325e-05
0.000781291478672
0.00717068513853
0.0
0.000144568103297
0.000294980964149
0.000498962315586
0.000386673348693
0.000525901708266
0.000525901708266
4.59576613214e-06
0.00180633990901
0.00717068513853
0.00206568472665
0.00717068513853
0.00717068513853
2.96056800351e-05
0.00717068513853
0.00206568472665
0.00206568472665
0.000318658385341
1.67202044608e-05
8.86306421079e-05
3.38125816312e-05
0.00717068513853
8.8328976332e-05
0.000294980964149
0.0
4.14980918295e-05
0.00331991086527
0.0007305247324
0.00134817121376
3.72599496473e-05
0.000498962315586
0.00717068513853
0.000127100008096
0.00717068513853
0.00102324817446
1.06556367938e-05
0.00717068513853
2.99811656073e-05
7.68704336845e-05
6.00927936816e-05
0.000525901708266
0.000294980964149
5.22382573921e-07
4.11957383228e-05
0.000142963512932
0.0
0.00181557818345
0.000290379273806
0.00717068513853
0.00717068513853
0.00181557818345
0.000374949832832
0.000207735095014
0.000374949832832
0.00206568472665
0.000144568103297
2.96021164749e-05
0.0007305247324
0.00206568472665
0.000105428352046
5.93945030442e-05
0.00717068513853
3.96426319477e-06
0.00717068513853
0.000525772016028
2.27162436552e-06
6.4543494401e-06
0.00181557818345
5.15605305461e-05
0.00717068513853
0.000110392173835
3.42712369119e-07
0.00717068513853
0.000290379273806
7.13142750766e-07
0.000680807441373
0.000525901708266
0.000525901708266
3.72599496473e-05
1.9862543262e-09
5.15605305461e-05
0.00717068513853
0.00717068513853
3.25370734665e-07
1.61789093513e-09
0.0
0.00012292971475
0.000680807441373
0.00717068513853
0.00180633990901
2.39626221196e-06
6.9588639729e-07
0.00717068513853
0.000482420258774
0.0
0.000134675861554
0.00134817121376
1.09040769831e-06
9.02283708927e-10
7.9567588036e-05
9.59558720012e-07
0.00331991086527
0.00717068513853
0.00181557818345
1.02838889114e-05
5.66932405175e-05
0.0
7.79510477715e-06
4.14191460456e-05
0.000781291478672
0.000781291478672
0.00181557818345
0.00717068513853
0.00717068513853
0.00717068513853
0.00181557818345
1.4739511556e-08
2.52158376517e-06
8.86306421079e-05
0.00331991086527
1.29113928846e-05
0.00017727658751
0.000144568103297
0.000294980964149
0.00717068513853
0.0
0.00206568472665
0.00717068513853
0.00206568472665
0.000318658385341
3.25088317573e-08
0.00717068513853
0.00717068513853
0.000680807441373
0.0
0.000680807441373
1.63356049634e-06
0.00717068513853
0.000138146003287
0.00206568472665
0.00717068513853
0.000525772016028
0.000138146003287
0.00331991086527
1.00611455013e-05
0.000680807441373
0.000294980964149
5.52896777919e-06
6.55199184454e-05
5.21842657421e-05
0.00717068513853
7.76445122422e-08
5.67238270631e-06
8.12883563556e-05
0.00717068513853
0.00181557818345
0.00181557818345
0.00717068513853
2.3026282753e-05
3.58617020417e-06
0.000294980964149
3.38125816312e-05
0.00717068513853
9.45930757532e-06
0.000151094206361
0.000680807441373
0.000210173299905
0.0
2.68363357199e-05
0.000809249755508
0.0
0.00717068513853
1.77294321021e-09
0.00134817121376
0.00181557818345
0.00717068513853
0.0
9.59558720012e-07
0.00017727658751
0.00181557818345
0.0
3.38225878296e-05
5.74493601552e-06
1.650837698e-06
0.000294980964149
0.00206568472665
0.000386673348693
0.00206568472665
0.0
0.00717068513853
0.0
0.000498962315586
0.000525901708266
4.62760752175e-05
1.85708260402e-05
0.00134817121376
0.00717068513853
0.00717068513853
0.000781291478672
3.36072947782e-11
0.00717068513853
0.00181557818345
0.00206568472665
0.000781291478672
0.00102324817446
0.00717068513853
0.00134817121376
0.00181557818345
9.24540415516e-05
0.000110392173835
0.0
0.00717068513853
5.80391466134e-07
0.0
0.000680807441373
0.00134817121376
0.000227917849016
0.00206568472665
0.00134817121376
0.00134817121376
7.68704336845e-05
1.07325424698e-08
0.000294980964149
6.1669960769e-08
4.18104477325e-05
0.00717068513853
0.000254718474484
5.39748627324e-08
0.000680807441373
0.00206568472665
0.00717068513853
0.000680807441373
0.00181557818345
1.37431261685e-05
0.00206568472665
0.00134817121376
0.00102324817446
0.00181557818345
0.00206568472665
0.000136257750396
0.000207735095014
0.00717068513853
9.3217377922e-06
9.24540415516e-05
4.58642461412e-05
2.98871296333e-06
0.00181557818345
0.00144182185611
0.00717068513853
0.000525901708266
7.68704336845e-05
3.35855437919e-07
0.000482420258774
0.000132783258871
0.000227917849016
0.000125614306232
0.00206568472665
0.00717068513853
0.000680807441373
6.02706563844e-06
0.00181557818345
0.000680807441373
0.00717068513853
0.00717068513853
0.000122630634273
0.00717068513853
0.00181557818345
4.08136002881e-07
0.00331991086527
0.000190721199501
0.00206568472665
7.9567588036e-05
0.00206568472665
5.75812594951e-05
0.0
5.12029757456e-05
4.14191460456e-05
4.67679841635e-07
0.00206568472665
8.86306421079e-05
0.00717068513853
0.000151094206361
0.00206568472665
7.24538123759e-06
0.0
0.00134817121376
0.00717068513853
1.08795974569e-07
0.00717068513853
6.55199184454e-05
0.000210173299905
4.75470853158e-06
0.000294980964149
0.00717068513853
6.15959662174e-06
0.00181557818345
0.00717068513853
0.00717068513853
0.00717068513853
5.41696232896e-06
0.000318658385341
0.0
0.00206568472665
4.62760752175e-05
0.0
0.0007305247324
5.98626786934e-06
2.32260510633e-05
0.000136257750396
0.000498962315586
3.5041690513e-08
0.00717068513853
1.35821598407e-05
0.00206568472665
0.00717068513853
0.00206568472665
0.00717068513853
1.76115585211e-07
1.12177217131e-05
0.000680807441373
0.0
2.55840132559e-05
0.00717068513853
2.40871418005e-12
0.000142963512932
0.00717068513853
0.00717068513853
0.000210173299905
0.00134817121376
0.000680807441373
0.00717068513853
0.000525901708266
0.000138146003287
0.00181557818345
0.000151094206361
1.36161409014e-07
0.00717068513853
1.22493338693e-05
0.00331991086527
0.00717068513853
7.75482525385e-06
0.00717068513853
0.000151094206361
0.000498962315586
0.00206568472665
0.0
2.14869578935e-06
0.00717068513853
0.000294980964149
0.00717068513853
1.66555133579e-05
1.86258351444e-06
0.000105428352046
8.12883563556e-05
1.37256202627e-07
2.03483104144e-07
1.39977307602e-08
0.00717068513853
0.000680807441373
0.00717068513853
0.00717068513853
0.00717068513853
0.00206568472665
0.000294980964149
1.22045294771e-06
0.00717068513853
4.91843905783e-06
0.0
3.34705900217e-05
0.000122630634273
0.00717068513853
8.01694281164e-07
7.71432108314e-06
0.000125614306232
0.00717068513853
9.24540415516e-05
2.53247743533e-06
8.66323171319e-06
0.000680807441373
0.0