500
5.96150984596e-11
3.44595307671e-30
3.12291176633e-13
1.17743032238e-28
6.12208777519e-09
9.12196274942e-29
7.88382877648e-27
2.49487920773e-10
1.86737621645e-48
3.6849448577e-10
1.15592766056e-05
2.68467849639e-13
4.27510819681e-11
0.000120295965272
0.000585906261132
9.96730410487e-09
1.16358515625e-09
7.20852168962e-21
1.24630292754e-21
0.000184048269197
4.76184522997e-08
1.99462222198e-16
0.000157168629948
8.87494438116e-36
1.26188019165e-06
2.26389169397e-23
5.97592421312e-21
2.79777318141e-64
1.40462837029e-14
2.69808107501e-16
1.90486685374e-11
2.25876268325e-16
0.00224512970579
5.27443427421e-19
1.01935106525e-07
6.88114227445e-16
1.90062223095e-21
1.33751702968e-39
1.34773175991e-05
2.19826585361e-24
0.000107308095306
1.13513973456e-07
2.81625652379e-17
1.34576906831e-05
1.3396057311e-16
5.16556172771e-12
3.44620894953e-25
2.84933057455e-20
1.28284339418e-08
2.88222835254e-06
7.41559621947e-08
1.56302079073e-26
6.7057365403e-19
4.38658900629e-11
1.32411268129e-24
5.15303303104e-05
2.0829068523e-14
6.38408308552e-80
3.60897039336e-32
0.00286781113801
1.27115053029e-12
0.00023182907772
5.39595640483e-17
1.05973863792e-05
1.42112354646e-54
2.57072401282e-06
3.98210526474e-10
4.18871785129e-14
0.000173776911379
1.75735452309e-13
2.10612530778e-31
0.000140091503861
4.55899642257e-25
7.21294618056e-61
7.81378340704e-10
1.52531822261e-23
5.20948914673e-45
7.34464400312e-92
2.86057017627e-06
1.18134538057e-08
0.000172815224817
1.15327676234e-32
1.69410935517e-36
2.80265137969e-37
8.59259552391e-07
1.55609661579e-13
4.06071483493e-66
1.65969508915e-15
2.29014079891e-05
2.36308058924e-07
8.28469688717e-25
4.70117987268e-05
1.26630850951e-15
2.83761402791e-22
4.4043209066e-10
6.35752272807e-17
1.38218185557e-16
4.27813533395e-09
8.84075530625e-61
5.2337615415e-18
3.26178915178e-14
0.000107308095306
5.88592532712e-12
5.15173184742e-18
7.51888550391e-16
4.11582966029e-32
2.08987308581e-05
1.72123927368e-36
1.91031287087e-39
2.82758550078e-16
8.27736310752e-20
0.000374007257671
1.55801860419e-21
1.92589480498e-18
1.20050464063e-26
8.30566807666e-19
4.49168542242e-11
6.33759880193e-11
3.74400646856e-57
2.68547939866e-15
5.67154883201e-21
4.82506968184e-54
1.9682636665e-20
1.07544556045e-08
8.19262877416e-26
7.72898075654e-13
3.49593111148e-10
5.81287965222e-58
1.96231331143e-54
0.000236675905087
5.65041387473e-39
2.63293960836e-08
1.55361217762e-05
3.32154400696e-08
8.19141890578e-19
4.61113438838e-61
1.39707019198e-32
6.17009662148e-23
0.000222739623098
3.28341484542e-12
1.31167127228e-26
1.69519504524e-16
2.06376557135e-20
1.45863369522e-09
3.20611486199e-09
5.51515949925e-20
4.64483270125e-52
3.06740884897e-14
1.86977555143e-33
2.61132827152e-26
2.42597969026e-18
4.23550919355e-10
2.74565944504e-43
4.04632023263e-25
5.37821636236e-12
1.79161773498e-05
2.23029264836e-05
6.1481479931e-09
3.21939589476e-36
4.18750547461e-32
3.30230377442e-08
3.1082900095e-13
1.16443340927e-16
3.39858350763e-39
5.00083602928e-20
0.000198316226769
2.31474252533e-07
1.13123737826e-07
2.13018650729e-40
3.4581917206e-16
5.8900798862e-24
2.72727491088e-30
0.000179867387886
4.91629354593e-09
2.74030684749e-09
8.89781003638e-22
1.12497980437e-87
2.5815439801e-12
1.31524896885e-52
1.18202366062e-11
1.16747716464e-05
5.77811717069e-15
4.319101764e-21
8.11839986441e-30
1.63886441597e-29
6.49024652557e-07
9.99122616315e-13
6.11795480695e-68
7.3341138754e-11
1.3081179923e-49
3.05520986087e-17
3.26645335099e-32
4.34769722215e-07
2.37628460318e-39
1.23594007759e-31
9.06784641045e-10
2.159421777e-19
1.61360402768e-23
0.00286781113801
2.275166917e-11
2.8817989743e-05
3.19043931201e-15
6.07015727094e-12
1.51178698683e-34
2.78135607913e-22
8.64772666912e-18
7.16745258844e-14
1.68992294348e-09
5.0071964729e-20
1.86207692359e-18
3.27451558705e-16
1.75880592481e-31
6.50709661853e-36
8.31212518373e-09
1.0857613827e-29
1.75046559451e-07
2.71419606888e-23
8.79686896672e-19
2.08261950123e-06
9.33078146161e-17
9.949846441e-34
6.67458286925e-16
3.72124831897e-37
0.000164472903279
6.94996524054e-20
2.48427769461e-23
2.52060043148e-27
8.51337254715e-06
3.52615505217e-14
7.88648243124e-27
1.08101904908e-05
2.42852206e-37
8.1756193632e-16
4.25962181707e-08
5.81663306072e-11
1.42421883241e-17
5.26198893778e-09
2.15715925498e-41
0.00286781113801
5.96060223159e-09
0.000173776911379
0.00278813719948
0.00442465251222
1.37613563255e-06
6.43417450846e-10
6.79822856441e-67
5.33817929417e-07
8.83227028963e-06
6.26492533077e-07
1.07104423432e-58
1.59970412917e-05
9.71979686942e-79
3.56791223887e-34
8.95756026902e-09
1.26204221129e-15
1.70970968036e-11
3.94103467905e-15
0.000299826508947
4.47487153665e-05
3.02323720216e-11
3.88059132404e-12
2.462610024e-12
2.80784509607e-12
2.24691944857e-21
1.13922304182e-23
7.22173959347e-06
8.14855874117e-08
2.29116982761e-41
9.30043962121e-60
4.95363538026e-43
1.12953840527e-11
2.86880515848e-14
0.000179867387886
2.60535311283e-58
2.44265299103e-36
6.67750698805e-08
3.76583107917e-09
5.43707614179e-23
2.93975482207e-25
0.00442465251222
3.83059927287e-39
1.92934980527e-07
4.2521206331e-24
4.34180930082e-09
8.92860727176e-10
3.70014035302e-06
3.20064615216e-23
2.46691228331e-06
3.2405740401e-12
1.34843955562e-16
4.98553074038e-08
0.000184732923565
2.90592837766e-39
0.000369201205645
3.59008389536e-20
3.55700947522e-12
2.51113704453e-05
1.1607047662e-12
1.40647067727e-23
1.2937770023e-14
2.83066685412e-63
8.7510001327e-17
1.86417779495e-05
4.04942723893e-09
1.04660679172e-11
2.12870128473e-19
3.33220658432e-14
7.47351409561e-15
4.17091129669e-12
0.00442465251222
1.80463906925e-09
1.25090146187e-07
0.00286781113801
3.72618962936e-11
3.14223691535e-75
2.15807652544e-34
3.44015883225e-09
4.38598957086e-64
5.854893199e-08
2.40296795713e-78
1.28186935663e-16
6.64055117521e-28
1.13189888938e-17
1.09444322008e-05
1.9150805068e-16
5.54784952105e-22
7.97505489457e-07
1.35959366009e-05
5.76940540088e-32
1.40164289379e-05
3.60625474591e-23
0.00278813719948
2.98125165351e-20
1.63174085731e-72
2.66669055857e-13
2.08502721927e-23
5.71552038913e-38
3.86759265334e-14
1.44803357823e-14
5.24297762431e-06
0.000223979130222
6.60603009701e-83
1.99626975244e-20
5.24956368064e-08
7.09494698918e-09
2.17406218226e-13
1.30014248716e-06
6.88301249238e-07
1.12320509539e-16
1.38524010729e-40
2.10448813958e-19
2.98910276654e-29
2.04332399264e-21
1.36002016402e-27
1.25340735393e-07
7.61411228191e-09
8.8862434538e-32
3.62558563083e-33
3.39038989456e-24
1.02781167384e-12
4.85470576704e-40
6.37271108041e-18
0.000374007257671
3.39404589817e-14
9.32120653148e-37
0.00412159412097
7.45249592386e-09
2.04115122007e-35
4.19284906043e-49
2.20425225995e-07
0.00020237379011
6.86412574939e-45
2.15959634582e-49
9.19432323608e-06
5.56801926377e-30
1.48306125551e-39
4.52910643933e-11
0.000173776911379
0.000374007257671
7.11936761207e-48
7.19303583002e-10
3.35250375755e-12
3.71864297445e-54
7.78069081477e-07
5.03460835008e-14
5.15784889718e-25
6.70811945306e-11
0.00442465251222
0.00442465251222
6.22305058275e-34
3.71461277718e-05
2.28980614825e-13
4.05553076603e-36
1.73172965372e-05
4.94098545945e-22
1.90555486816e-05
3.982346482e-17
7.69824831474e-25
0.00442465251222
2.61898210999e-10
0.000222319125692
2.32028580804e-13
1.50933041251e-23
4.1874889525e-49
1.3654270592e-14
2.81285029955e-06
1.32627183765e-20
2.00366912262e-08
9.72764489645e-09
4.15202091165e-24
6.94138712234e-17
6.83733975968e-09
7.1289576287e-13
7.13549807876e-17
4.47529044101e-15
5.3630322557e-43
1.83954241402e-05
5.07963584504e-27
9.39012147885e-08
1.04973088721e-20
0.00028014292191
3.35323145261e-11
0.00442465251222
0.00286781113801
4.24717145114e-47
5.82968836262e-22
8.34992718942e-15
6.36083777367e-11
1.23514506693e-08
1.54544005459e-32
1.50524705916e-05
4.65256127199e-08
1.28261982984e-07
5.05860835168e-29
0.00286781113801
2.26158261765e-05
1.98343714434e-05
3.33814394003e-14
2.23435375276e-31
3.83429844677e-19
3.80050245363e-34
8.47874495106e-06
7.45755301704e-20
2.61514721089e-15
1.74853024153e-70
3.92055966492e-12
1.73664041502e-19
1.547619222e-16
2.24466340033e-15
7.32923471868e-16
1.40288804747e-13
4.97401626923e-16
5.63953311882e-30
0.000172815224817
1.70728752849e-19
7.7067055481e-19
6.4113554801e-08
4.27167392568e-34
2.95098721702e-19
1.7836865912e-26
4.50767838925e-14
4.24895532938e-08
2.09278750907e-23
1.48757785826e-05
4.64526995407e-11
4.58897653692e-42
2.38282382703e-12
7.08637401941e-26
1.80996274886e-22
1.88678563341e-14
2.02136804497e-07
5.07464550958e-20
1.47502073506e-25
7.58876616687e-08
1.53403521975e-35
1.09336877922e-77
5.11205912019e-55
3.98639597868e-09
1.24624542029e-14
2.70734764628e-22
9.17413932839e-27
2.49350188208e-60
3.54578560699e-21
1.02334680785e-09
0.000120295965272
0.000139260048266
2.81465973684e-10
1.48123296004e-29
6.67605303797e-07
1.26390535402e-41
8.13751355876e-80
1.25167888633e-17
2.21305888001e-07
3.0020614657e-05
1.82972388285e-22
1.73995469526e-29
6.07546252742e-09
1.01602926998e-15
5.6739417326e-21
1.12558502706e-14