500
7.60690087617e-07
0.0
7.51420250861e-08
4.0503820078e-08
2.24421844213e-05
0.00355608201203
3.51194958252e-05
5.4657151162e-12
2.59607068422e-08
2.79704081402e-08
0.0
0.0
5.36597495516e-08
1.27784271401e-05
0.0
1.35142501201e-11
0.00355608201203
0.0
0.0228020266467
8.93661610528e-06
8.79277371729e-06
3.19532196887e-05
0.0
0.0228020266467
0.0
1.07698631188e-14
0.0127522201914
0.0
0.0
0.0
0.0
5.36597495516e-08
0.0
0.0
1.5435431438e-08
9.23192142316e-19
5.36597495516e-08
4.11334310546e-14
7.98106588286e-10
0.0
1.82874067344e-07
3.29512719093e-06
0.0
0.0
8.79277371729e-06
4.00455699419e-25
0.00355608201203
8.68038009349e-15
0.0
0.0
1.01053129854e-10
4.0503820078e-08
2.97019807222e-13
1.06028362504e-13
0.000960328995299
3.79239497951e-11
7.1305074067e-06
4.16989688136e-10
1.89201646071e-07
0.0
7.24116888785e-07
0.000208098567608
0.0228020266467
0.0
8.53097304644e-05
1.57295095e-10
8.43663879347e-26
0.0
4.62755635675e-05
2.73415233622e-19
7.1305074067e-06
2.1855937348e-19
1.93960248111e-12
1.45377165024e-20
2.38909082611e-11
5.06340377775e-12
0.0
1.84284282681e-09
8.20639030434e-06
7.51420250861e-08
2.25798608911e-08
5.36597495516e-08
0.0
4.50171437653e-06
0.0228020266467
0.0
0.0127522201914
0.0
2.65596478906e-09
2.97464515105e-15
8.79277371729e-06
3.60137345603e-17
8.79277371729e-06
5.18012453652e-21
2.53354373274e-07
9.79552359137e-06
2.12584682961e-06
1.86291004956e-09
5.03799125391e-11
2.59607068422e-08
0.0
2.53624475228e-13
8.53097304644e-05
8.79277371729e-06
0.00675813509853
8.79277371729e-06
2.65187347266e-13
0.000731969056165
1.03026418657e-05
5.78321522235e-09
1.03594905259e-17
1.00319700189e-05
1.20961431685e-08
0.0
2.4760941503e-07
0.0
2.44843750789e-08
0.0
2.8035064951e-09
8.79277371729e-06
2.45393016914e-06
0.0228020266467
8.79277371729e-06
8.07873166831e-15
8.79277371729e-06
0.000403643583173
1.03026418657e-05
5.86241078305e-06
0.0
1.27784271401e-05
0.0
3.1043822677e-12
0.0
1.63593321608e-08
0.000403643583173
5.36597495516e-08
0.0
4.8821618635e-07
8.79277371729e-06
0.0
4.62755635675e-05
4.88750937835e-10
8.79277371729e-06
0.0
3.52936602635e-12
5.58233553538e-07
0.000403643583173
8.54174270853e-06
0.0
5.36597495516e-08
0.000384358110765
0.0
7.94556253415e-11
1.15318961116e-09
7.0477087892e-09
0.00010948884425
3.29512719093e-06
4.62755635675e-05
2.12584682961e-06
0.0127522201914
1.01053129854e-10
0.0
0.0228020266467
0.0
0.0
0.0
1.95362201259e-11
7.1305074067e-06
0.0
1.15326444165e-10
0.0
0.0
1.5435431438e-08
1.95865385017e-06
0.0
0.0
5.36597495516e-08
8.53911999353e-07
1.57693436811e-13
8.79277371729e-06
1.01509986442e-06
7.1305074067e-06
8.53097304644e-05
0.0
0.0
0.0
0.0
8.49481419342e-05
1.23181259778e-09
8.93661610528e-06
1.9085261833e-07
6.68107532152e-11
9.79552359137e-06
0.0
0.0
1.49907126564e-15
0.0228020266467
1.82874067344e-07
1.07924835452e-07
0.0
0.0127522201914
2.45001018874e-06
0.0
0.0
4.8821618635e-07
1.30186241631e-08
5.88589389541e-06
0.0
0.0228020266467
1.5613299171e-10
0.0
3.19497518066e-09
0.0
0.0
1.84650262437e-11
0.0127522201914
0.0
2.62960167449e-13
3.86365206992e-08
8.93661610528e-06
6.33659497124e-09
0.0228020266467
0.0228020266467
0.0
0.000139391224362
0.0
0.0
0.00355608201203
5.99705962338e-08
8.79277371729e-06
8.79277371729e-06
2.12584682961e-06
0.0
7.19578218473e-05
5.00854611154e-19
2.20702530799e-07
7.91850142898e-10
3.28888930325e-08
8.53097304644e-05
0.0
0.0
0.0
1.89201646071e-07
5.7187865029e-10
0.00355608201203
0.0
4.62755635675e-05
4.62755635675e-05
0.00675813509853
0.0
4.17253127939e-05
0.000403643583173
0.000403643583173
3.82113113828e-20
2.12584682961e-06
4.92608922398e-05
2.28098541967e-13
1.25072164831e-10
2.45393016914e-06
0.00355608201203
4.50571606084e-12
9.01972121905e-09
5.16888563885e-07
0.0
0.0
0.0
8.53097304644e-05
0.000403643583173
9.77973262004e-12
4.62755635675e-05
4.10514050249e-07
5.51029427306e-19
4.25451429373e-08
1.34709512425e-05
0.0
0.0
0.0127522201914
1.24257815625e-13
0.0
1.08415959468e-14
3.33896336181e-21
7.1305074067e-06
0.00675813509853
5.58233553538e-07
1.67891226294e-17
4.92608922398e-05
0.0
8.79277371729e-06
4.51881020254e-12
9.93273229425e-08
5.78321522235e-09
8.79277371729e-06
0.000146450081014
0.0
0.0
9.66335050523e-18
3.52313059881e-12
7.19578218473e-05
8.93661610528e-06
4.0503820078e-08
0.0
3.56870647611e-07
6.5749785623e-05
4.62755635675e-05
3.39886797736e-10
0.000403643583173
5.16647979812e-11
0.000403643583173
5.58203973661e-08
6.24271899728e-09
0.000403643583173
4.14173231513e-11
2.45393016914e-06
8.53097304644e-05
2.12584682961e-06
2.44843750789e-08
0.0
4.23258474963e-06
0.00675813509853
8.79277371729e-06
0.0
8.88755597097e-13
4.49663279132e-20
2.8773330843e-10
8.79277371729e-06
1.53638404844e-08
1.53822567095e-07
3.21204081135e-16
0.0228020266467
0.0127522201914
0.0
2.76801493886e-07
2.14672059624e-14
0.0127522201914
4.05143827209e-16
0.00355608201203
0.0127522201914
0.0228020266467
2.26670778389e-15
4.62755635675e-05
2.29047272898e-08
4.92608922398e-05
4.15278091435e-21
5.58233553538e-07
1.53062905458e-11
3.17627731825e-11
7.91850142898e-10
5.86241078305e-06
0.0
0.0
8.79277371729e-06
0.0
9.2854795002e-13
8.79277371729e-06
0.0127522201914
2.13562792452e-07
6.5749785623e-05
0.0127522201914
8.11909299241e-09
1.54827720781e-05
0.0
2.12584682961e-06
0.0
8.79277371729e-06
7.60690087617e-07
2.04772644934e-07
1.27784271401e-05
3.42984729113e-05
0.0
1.67913906113e-13
9.18918279705e-15
1.05080888521e-10
0.0
7.1305074067e-06
2.12584682961e-06
0.0
0.000403643583173
0.000403643583173
0.0
1.86122667388e-09
1.89588363462e-21
5.33702645278e-26
2.1484664876e-09
2.21820112767e-10
3.54624792642e-11
3.17656307964e-08
1.70529932547e-07
2.73401168667e-11
4.65445976186e-05
3.23377898413e-08
0.000403643583173
0.0228020266467
4.07883213302e-15
2.2198613842e-10
9.34472782868e-23
0.000403643583173
8.79277371729e-06
1.75908333633e-13
8.79277371729e-06
0.0
7.10854497592e-12
0.000731969056165
3.14188817821e-06
1.44293042387e-12
8.79277371729e-06
2.94158382719e-15
0.0
1.5435431438e-08
0.0
2.24421844213e-05
1.40551787713e-12
6.24271899728e-09
3.18460552676e-07
3.77542336875e-08
0.0127522201914
8.04015952348e-10
2.78905228934e-16
0.00355608201203
8.79277371729e-06
6.5749785623e-05
0.0127522201914
1.24426517481e-13
8.79277371729e-06
1.5435431438e-08
0.00355608201203
0.0
2.79704081402e-08
0.0228020266467
1.39005694261e-06
2.20702530799e-07
1.55531007202e-17
2.32903583896e-09
0.0
4.42566813785e-22
0.0
0.0
0.0127522201914
7.46834776673e-11
0.0
0.00675813509853
2.12584682961e-06
2.98556890192e-14
1.27980258861e-16
3.54624792642e-11
1.16183509099e-10
5.36597495516e-08
4.62755635675e-05
8.53097304644e-05
0.0
5.36597495516e-08
0.000577898752119
1.01997625e-11
9.27407836663e-06
0.0
2.45001018874e-06
0.00355608201203
8.20145818088e-11
9.76526730169e-10
0.0
0.0
0.000403643583173
0.0
6.30523563834e-06
0.000960328995299
4.74188961093e-09
4.0503820078e-08
0.0
1.89201646071e-07
8.79277371729e-06
0.0
1.27784271401e-05
1.27784271401e-05
0.0
3.78747526351e-21
1.27784271401e-05
1.10331956416e-15
2.12584682961e-06
0.00675813509853
3.60033641477e-09
1.70651642848e-18
2.79704081402e-08
0.0
0.0
1.62269017462e-09
1.01509986442e-06
1.84623940654e-08
1.27784271401e-05
1.80229516505e-08
1.5435431438e-08
5.75419197549e-08
8.53097304644e-05
3.19532196887e-05
7.0231105826e-09
0.0
2.45393016914e-06
4.62755635675e-05
0.00355608201203
8.54982296691e-13
5.58203973661e-08
8.79277371729e-06