500
0.00107743017455
5.98945292752e-05
9.07030466364e-09
3.5666613249e-06
0.0097318307334
3.78464039434e-10
0.0
1.07589482473e-06
0.00107743017455
4.6294223645e-08
2.88720507688e-24
3.05928264851e-07
3.65697417626e-05
2.50556336641e-16
3.72132647983e-07
0.00107743017455
5.30237052702e-08
3.72132647983e-07
8.52441952454e-25
0.0
0.0
1.33192120803e-17
0.0
3.04658167892e-13
0.0
2.34060915139e-11
0.0
2.72674693201e-07
9.74649210102e-07
0.0097318307334
0.00107743017455
1.18146840245e-06
0.0097318307334
2.30520882116e-12
0.000112258734013
0.0
6.40503346788e-15
0.0097318307334
1.76134187218e-09
0.00107743017455
0.0
0.0128996036452
0.0
1.21467507433e-07
0.0
0.0
1.5109758482e-11
0.0
0.000144739792131
0.0354096024823
5.93862655729e-11
0.0097318307334
0.0
2.53778720063e-06
4.06727656636e-11
0.0
2.56620437567e-10
2.23041517853e-07
0.0
0.0
6.77966677039e-08
1.28406145823e-22
0.0
0.00160493596241
5.63961487403e-08
2.00019463651e-08
3.47793159713e-08
1.50813431387e-17
0.0
1.18146840245e-06
6.19011768521e-12
5.63961487403e-08
2.23635373003e-15
0.00100258136415
0.0
1.63073505419e-05
4.05494800068e-09
0.0
4.30369401531e-11
1.55398456721e-11
1.02100880776e-10
5.41123335001e-10
0.0097318307334
0.000676184102219
0.0
6.48237367511e-05
3.14058104233e-10
4.43256609752e-09
1.03291123335e-16
0.0
0.000112258734013
6.69437348375e-09
8.17892731865e-27
0.0
2.31599729216e-11
0.0097318307334
1.00809419075e-14
1.90754713638e-13
0.0097318307334
4.90459961533e-05
1.12759201571e-18
6.48237367511e-05
0.0
0.0
7.62649766565e-07
1.4735957179e-17
1.2835635761e-06
0.0
0.0
0.0
0.0
0.0
4.21589417646e-17
0.00100258136415
1.9628372574e-05
8.86329853304e-09
0.0
8.32378824666e-12
6.96265231672e-13
0.0
3.47793159713e-08
2.53778720063e-06
0.0097318307334
3.10761332262e-14
1.66363678329e-06
0.0
4.75429136356e-05
1.24758705128e-10
1.87748625231e-11
1.63073505419e-05
7.92603572128e-08
0.0
0.0
0.000112258734013
0.000329638764635
0.00050715033576
4.59330251442e-29
1.35912581815e-17
3.18519006823e-07
0.0070984435716
0.0
0.0
0.0
2.64194835494e-05
0.0070984435716
1.3462445746e-06
0.0097318307334
0.00107743017455
0.0
2.25323558331e-24
7.69299079911e-08
0.00107743017455
6.19633259569e-07
0.0
1.92047732495e-11
9.90617420456e-11
0.0354096024823
0.0
3.60103354889e-12
0.00100258136415
0.0097318307334
1.72668489776e-08
0.0
6.12232599577e-14
0.0097318307334
1.82746161513e-11
8.2697787214e-09
1.47252091171e-13
0.0
0.0
0.000112258734013
3.41321571173e-12
0.00107743017455
0.0
0.0
0.0
0.0
0.0
2.34930851709e-08
0.0097318307334
0.00107743017455
3.72132647983e-07
0.0
0.0
0.0
5.28957968344e-10
1.04389544303e-09
3.08197252501e-06
2.53778720063e-06
0.0097318307334
0.00107743017455
9.74649210102e-07
0.0
0.0
5.242059365e-38
0.0
2.60480258767e-20
1.18487712873e-26
0.0
4.75429136356e-05
0.0
0.0097318307334
0.0
7.97562313643e-07
0.0097318307334
0.0
0.0
0.00303269879181
8.81931142611e-10
0.0
0.0
5.932623972e-07
1.33238169377e-12
1.07589482473e-06
8.17694078417e-13
0.0
0.0
0.0097318307334
3.5666613249e-06
2.01003628929e-17
0.0
0.00107743017455
0.0
2.47926934133e-07
5.6933311879e-12
0.0
4.99927498438e-08
7.72821843028e-08
8.69725055596e-08
6.48237367511e-05
2.26791519143e-17
4.71376756505e-23
0.0
0.0
1.62833610491e-07
0.0
0.0354096024823
0.0
4.36612512048e-08
0.0
3.5998708793e-08
0.000329638764635
0.00107743017455
0.0
1.9628372574e-05
0.0
0.0
2.93014720532e-20
5.13265520904e-14
6.96045073532e-13
3.76523589329e-06
0.0
0.0
0.0
0.0
0.0
1.64251277347e-05
0.0
0.0012787997298
0.0
0.0097318307334
0.0
9.15215833227e-17
5.25706114313e-14
1.52170623119e-18
0.00107743017455
0.0
5.28797094437e-05
0.00344806007623
1.76134187218e-09
0.0
5.05592967925e-08
0.00107743017455
1.41437807658e-38
0.0
1.14301462163e-17
0.0
0.00093029681756
0.0097318307334
0.0
1.31474025355e-06
0.0
0.0
2.2636720976e-14
0.000112258734013
2.32569934213e-09
7.74873401079e-07
7.92603572128e-08
0.0
6.48237367511e-05
0.0
0.0
1.13711318379e-06
1.92334002121e-14
0.0097318307334
2.31711174576e-08
0.00107743017455
0.0
4.0511036846e-09
0.00107743017455
0.0
0.0
2.84382682275e-10
0.0
1.78747052247e-08
0.0
0.0
1.3462445746e-06
0.0
2.24290065566e-11
3.68156400406e-09
0.0
6.53800681123e-10
1.06544387805e-07
0.0
1.66363678329e-06
7.69299079911e-08
0.00022409715727
0.0
0.0
0.0097318307334
5.36309654332e-05
1.06123891919e-09
0.0
3.72132647983e-07
2.94109182063e-18
0.00100258136415
0.0
3.39199690801e-18
0.0
0.0
0.00100258136415
1.03837333883e-07
0.00107743017455
4.10334554897e-06
4.72210423092e-13
4.52020125431e-19
0.0
0.0
1.9599737189e-06
0.00107743017455
0.0
7.92603572128e-08
2.46811668855e-09
1.18146840245e-06
2.85735658058e-08
0.00050715033576
6.19994496103e-05
0.00130172941408
3.50682330094e-11
0.000329638764635
0.0
5.560314995e-11
1.65894548427e-12
0.0
7.92603572128e-08
0.0
0.00107743017455
0.0
8.88661938194e-14
0.0
0.00050715033576
5.50638924548e-12
0.00107743017455
0.00107743017455
0.0
0.0
2.32118384613e-09
0.00107743017455
0.0097318307334
1.14647261728e-19
0.0354096024823
0.0
0.0097318307334
1.33790122854e-07
0.0097318307334
0.0097318307334
0.00107743017455
1.9599737189e-06
0.0097318307334
3.72132647983e-07
6.27255696306e-14
0.0
0.0
3.30449472677e-06
1.83772941619e-10
0.0
4.8744414947e-18
0.000114509820279
4.08264664006e-07
1.17110235488e-05
0.0097318307334
0.0
9.10261868063e-10
0.000104470295343
7.69299079911e-08
2.3459514047e-11
3.06943804681e-06
1.33125958365e-08
0.0
0.0097318307334
2.53778720063e-06
0.0
7.92603572128e-08
0.0
3.60486339688e-12
0.0
1.84344633677e-10
0.0070984435716
0.0
1.25456672099e-05
0.0
2.91832611481e-16
0.0
4.39378903665e-09
0.0
1.88173282822e-18
0.0
6.48237367511e-05
0.0097318307334
5.63544476125e-05
0.00107743017455
1.2835635761e-06
0.0
5.11998067227e-19
1.05697252645e-06
6.59213979567e-11
3.15446290122e-09
0.0
1.0465935611e-20
0.0
0.000112258734013
0.00100258136415
7.45454915111e-07
0.0
0.0097318307334
0.0097318307334
0.0
0.000112258734013
8.05567290492e-12
4.98028654621e-07
3.5666613249e-06
0.0
0.0
4.66063164935e-06
1.09753519136e-06
0.0070984435716
0.0097318307334
0.0
0.0
0.0097318307334
0.0
5.63961487403e-08
0.0
1.9628372574e-05
2.23041517853e-07
0.0097318307334
8.30704804163e-16
0.0
2.62540604677e-09
0.00100258136415
7.22789525599e-12
3.00069229991e-08
0.0
4.38544871271e-12
6.06473727977e-22
0.0
0.0
2.55016222357e-12
0.0
0.0
1.90363385814e-21
3.76523589329e-06
0.0097318307334
0.0
1.6902606654e-05
2.14466486526e-06
0.0
2.69767126074e-07
0.0
0.00107743017455
1.07824702311e-13
7.92603572128e-08
0.0
0.0
7.674678829e-27
0.0
0.00107743017455
4.46663928315e-09
0.0097318307334
0.0
5.97482468491e-17
0.0
0.0
0.0
0.00026447029552
0.00100258136415
0.0
5.27750921092e-11
0.0