500
2.2381052172e-07
0.0
0.00820118343195
0.0
0.0
0.0
0.0
0.0
6.72221251217e-10
0.0
0.0
1.25804886475e-07
0.0
0.0
0.0
0.0
0.00206837716613
0.0
0.0
0.0
0.0
0.0
0.0
0.0
0.0
0.0
0.0
0.0
0.007374116236
0.0
0.0
0.00361434832191
0.0
8.05404556835e-06
0.0
0.0
0.0
0.00472367832004
0.0
0.000282785656095
0.0
0.00472367832004
0.0
0.00330371565897
0.000128620720005
7.23982508738e-07
0.0
0.0
0.000241493904359
0.0
0.0
0.0
0.0
0.000157874805447
0.000394977358702
0.000639636663281
0.0
0.0
0.0
0.0
0.0
0.0
5.55557411309e-05
0.0
7.50758401151e-07
0.0
0.0
0.0
0.000241493904359
0.0
0.0
0.0
1.48651912478e-07
0.0
0.0
0.0
5.55557411309e-05
0.0
0.0
0.0
0.0
0.0
0.00545741995258
0.0
0.00361434832191
0.0
0.00437364832927
0.0
0.00330371565897
0.0
0.00541515782728
0.0
0.0
0.00361434832191
0.000240098664843
0.00330371565897
0.0
0.0
0.0
0.00541515782728
0.0
0.0
0.0
0.0
0.0
0.0
0.0
0.0
0.0
0.007374116236
0.0
0.0
0.00215766744918
0.0
0.000118764339817
0.0
0.000560089308432
0.0
0.0
0.00221267358434
0.0
0.0
0.0
0.0
0.00330371565897
0.0
0.0
0.000701842461416
0.0
0.0
0.0
2.752650319e-09
0.0
0.00472367832004
0.0
2.93683687247e-08
0.000902844050422
0.0
8.80550713106e-06
0.0
0.0
0.0
0.0
0.0
5.95414875544e-05
0.0
0.0
5.02825642149e-08
0.007374116236
1.01414785563e-05
0.0
0.0
0.00545741995258
1.56841399054e-06
0.00646798847061
2.85771793965e-06
0.0
5.03968537605e-06
0.0
0.0
0.0
0.00159709829803
0.00012112133261
0.0
0.000560089308432
0.0
0.00472367832004
0.0
0.00361434832191
0.0
0.0
0.00541515782728
0.0
7.06463431127e-06
0.0
0.00361434832191
0.0
0.0
0.0
0.00472367832004
0.0
0.0
0.0
0.0
0.0
0.0
0.0
0.0
0.0
7.35660408727e-08
0.0
0.0
0.0
0.0
0.0
0.0
0.00159709829803
0.0
0.0
0.0
0.00029942377587
0.0
0.0
0.00264485425342
0.00361434832191
0.0
0.0
0.0
0.0
2.81456809956e-11
0.0
0.0
0.00343537860244
0.0
0.0
0.0
0.0
0.00361434832191
0.0
0.0
0.000509025433543
0.000486782841698
0.0
0.0
0.0
0.0
0.0
0.0
0.00209182923764
0.0
0.00330371565897
0.00472367832004
0.00330371565897
4.73405179751e-06
0.000541381142477
0.0
0.0
0.0
0.0
0.0
0.000815804839474
0.0
0.0
0.0
0.0
0.00159709829803
0.0
0.0
0.000394977358702
0.000236296621601
0.0
0.0
0.00361434832191
0.00104938836617
0.0
0.00437364832927
0.00159709829803
0.0
0.007374116236
0.00264485425342
0.0
0.00820118343195
0.0
0.0
0.0
0.0
0.0
0.0
0.0
6.98804705957e-07
0.0
0.0
9.236514119e-06
0.0
1.01510556174e-08
0.0
0.0
0.0
0.0
0.0
0.00646798847061
0.000135010854265
6.58259400322e-06
0.0
0.0
0.0
0.00541515782728
0.000140652402176
0.0
0.0
0.000180851599021
0.0
0.0
0.00646798847061
0.0
0.0
0.0
0.0
0.0
0.000149354788589
0.0
0.0
2.531802929e-06
0.0
0.0
0.00361434832191
0.0
0.00541515782728
0.0
0.0
0.0
0.00215766744918
0.0
0.000101316865218
0.0
0.0
5.73273141948e-05
0.0
0.0
0.0
0.0
0.007374116236
0.0
0.00042294632814
0.0
0.00646798847061
0.0
0.0
0.0
0.00361434832191
0.0
0.0
0.0
0.0
0.0
0.00361434832191
0.0
3.28487124657e-09
0.000103100817964
0.0
0.0
0.00104938836617
5.43863728334e-06
0.00029942377587
0.0
0.0
0.000247042299237
0.00646798847061
0.0
0.0
0.0
0.0
0.0
1.97453642884e-05
0.0
0.0
0.000273381907794
0.000432057931583
0.00206837716613
0.0
0.00437364832927
0.0
0.0
0.00103053065979
0.0
0.0
0.0
0.0
0.0
0.0
2.30223840956e-05
0.0
0.00361434832191
1.72737588281e-06
0.0
1.14169431846e-07
0.000199366369319
0.0
0.000902844050422
0.00472367832004
0.0
0.0
0.0
0.00820118343195
0.0
0.0
0.0
0.0
0.000240098664843
0.0
0.0
0.00472367832004
0.0
0.0
0.0
0.0
0.0
0.0
0.0
0.0
0.0
8.80550713106e-06
8.14868282089e-06
0.00820118343195
0.0
0.0
0.0
0.0
0.0
0.000268146001793
0.00343537860244
0.000902844050422
0.0
0.0
0.0
0.0
0.0
0.00159709829803
0.0
0.00209182923764
0.0
0.00267876264128
0.00361434832191
0.00820118343195
1.44897284245e-05
0.0
0.0
0.0
0.0
0.007374116236
5.09662740162e-07
0.0
0.0
0.0
0.0
0.0
0.0
0.0
0.00104938836617
0.0
0.0
0.0
0.0
0.0
0.00206837716613
0.0
4.55037473872e-08
0.000290032127409
0.0
8.4425113068e-05
4.61818653486e-06
0.0
0.0
0.0
0.0
0.0
0.00029942377587
0.0
0.0
0.0
0.0
0.0
0.0
7.72077880647e-05
0.00472367832004
0.0
0.0
0.000465173866857
0.00330371565897
0.00221267358434
9.06649408732e-05
0.0
0.0
0.0
0.0
0.0
0.0
0.0
0.000166026451665
0.0
0.000103100817964
0.00206837716613
0.0
0.0
0.0
0.0
0.0
0.0
0.0
0.000737327660991
0.0
0.0
0.0
0.000902844050422
0.0
8.90439293725e-06
2.45894390768e-06
3.40678725677e-05
0.0
0.0