500
0.0137330102553
1.10518373382e-14
2.1016819784e-08
1.1444853334e-11
2.04751031538e-06
1.74618203481e-08
7.53967676479e-10
5.92736166126e-07
3.95341506903e-11
3.64457656631e-05
1.99719805442e-19
6.96061606062e-11
5.41760148886e-07
0.0
4.80830051499e-06
9.43149904861e-10
0.000363417407571
2.62669153544e-09
1.01882533766e-05
6.84173874379e-09
2.1016819784e-08
1.50038711581e-05
2.88062029784e-05
0.000100512218815
3.70469920775e-08
2.69992562145e-08
1.36370617282e-09
2.88062029784e-05
0.0137330102553
4.49948544039e-06
0.0114190231793
0.00794804256533
0.00192035276332
0.000523045969796
0.00794804256533
1.17873114279e-09
0.0
2.56785677214e-08
0.0
6.38675918857e-07
5.33146469263e-05
6.78953438137e-25
0.0
0.0
0.000304017605375
1.58541839665e-05
0.0
0.0
0.0
0.00192035276332
5.72436548717e-27
2.94111922022e-08
4.27047027902e-06
3.2546233161e-19
9.34178504682e-05
8.40906190986e-07
4.6668654604e-33
0.0
0.0
3.06191192149e-16
6.59320273699e-15
6.5320009768e-10
6.15128714033e-08
7.82274859504e-10
8.21780611115e-08
4.93302506421e-16
2.82223507197e-18
1.18080891498e-14
6.18368658224e-06
0.000678479308917
0.0
2.95414291122e-08
1.09124850923e-13
3.7150587998e-05
0.00130335117343
1.50038711581e-05
2.47586531628e-15
1.370383845e-06
3.74511139128e-08
0.0
0.0
2.81080696919e-10
5.62291336968e-05
0.0
3.72393708437e-08
0.0
0.0
1.69585982514e-12
1.90363663142e-05
2.41534322449e-08
3.33449677688e-06
6.28861490086e-07
0.0
5.30685664406e-06
2.10573285437e-06
0.000116830483835
0.00011550536192
2.92240864085e-06
3.56143638892e-09
0.000449700753082
0.0
4.68594684982e-10
8.31427839677e-07
1.50038711581e-05
4.75804932251e-07
1.02004722532e-21
2.38777736477e-15
4.80169616607e-07
0.00794804256533
0.0
3.2427048417e-24
0.000584398582658
1.49921154596e-08
2.27801343143e-09
1.50038711581e-05
0.0
5.46470945703e-14
8.04269472047e-06
2.3725922946e-05
7.49469494373e-07
2.62320093114e-11
0.00011550536192
0.0
0.0
1.35035617523e-17
3.21865536327e-11
5.41760148886e-07
6.08755934189e-08
4.64553636756e-08
3.92290028415e-14
5.1363093107e-11
3.20060255e-06
5.8541466714e-11
1.71336047372e-06
0.0
1.34590351985e-11
6.13381450304e-05
0.0
1.42219693221e-13
4.93060938678e-12
0.00097891604507
1.88516374697e-07
0.0
0.0
0.00794804256533
4.31127002435e-12
0.0
3.63663281241e-12
0.00097891604507
9.31711034869e-17
4.24749579712e-09
5.41862088568e-11
1.50038711581e-05
0.0
1.54249426587e-06
0.000363417407571
4.12948920205e-16
1.1031726939e-09
3.18085130681e-09
0.0
0.0
1.50038711581e-05
2.39929840551e-05
0.000676553945155
3.38678130541e-20
5.40128098942e-08
1.8839261469e-09
0.000392371073715
8.06657562886e-11
0.00794804256533
0.000103875325977
0.00101258221874
1.58958698806e-10
6.13381450304e-05
2.65031596464e-05
1.96740555251e-05
0.0
2.18556844925e-07
5.16644760977e-09
0.0
0.00112621479895
0.000147998711586
8.25758525427e-05
1.63608458179e-09
6.43476253798e-12
8.04269472047e-06
0.0
8.65899072822e-05
2.2815077679e-07
1.19210861161e-08
0.00011550536192
1.13274798756e-05
2.68707535387e-11
5.06006804928e-06
9.26620009228e-10
0.0
0.0
0.0
0.00824986696655
3.71644742202e-10
6.46158708031e-07
3.08409529849e-09
5.04811661604e-07
5.93591792851e-14
4.8540500231e-08
2.42146951633e-07
9.02160812782e-07
0.0
4.68912487145e-10
1.33526300857e-05
7.46283899374e-06
7.85611207645e-08
1.84297225934e-10
9.58632375194e-05
0.0
7.70101124877e-06
2.50963828951e-05
0.00150170399753
0.0
3.54902956733e-07
2.8678393052e-09
0.0
5.41249068512e-20
6.48824314155e-05
0.00111141295459
1.00063769021e-09
0.0
0.00097891604507
1.61694259283e-07
0.000449700753082
3.45038221135e-24
0.0
4.1648792242e-07
0.0114190231793
1.32631741019e-05
1.50038711581e-05
0.000449700753082
0.000363417407571
6.13381450304e-05
6.01841728431e-07
0.0
0.00041971692686
0.0
0.00824986696655
0.0
3.38705065938e-13
0.0
6.13381450304e-05
1.50038711581e-05
0.000147998711586
6.51230728017e-14
4.57423526746e-13
0.0
0.00794804256533
3.31341382059e-05
0.000184642238865
1.02155806695e-12
3.88919776113e-06
0.0
4.86313720024e-05
0.0
9.85793951064e-10
0.0
7.85278146228e-06
2.16699813586e-06
1.93325795571e-11
7.41875600147e-10
4.53083369053e-06
9.98035855912e-18
1.26387992745e-07
2.49370157753e-11
0.0
4.45174533979e-12
6.13381450304e-05
0.0137330102553
2.37785322721e-12
0.0
1.25069580839e-11
5.68721861366e-07
0.0
3.87966732952e-19
2.55903483083e-07
9.34178504682e-05
5.30359945995e-10
1.20946442295e-13
1.8508079523e-09
2.4825354695e-07
3.78647778539e-06
0.0
0.0
2.64479050928e-05
0.0
1.50038711581e-05
2.67569489391e-11
0.000363417407571
9.24078469472e-10
0.0
0.0
0.0
0.000676553945155
3.77768093784e-08
3.08674400215e-22
7.57225943529e-12
3.51592963798e-14
2.03873100649e-11
1.50038711581e-05
2.81966453767e-07
0.0
0.0
0.0
0.0137330102553
0.0
0.0
3.71970235696e-11
6.13381450304e-05
0.00130335117343
7.37182519949e-24
1.0747705293e-25
0.000363417407571
1.50038711581e-05
4.80532078596e-06
2.76700521329e-09
1.53791262878e-24
6.91752800302e-09
9.14000954617e-05
8.27186722713e-10
0.0
0.0
0.00824986696655
4.83829815473e-13
0.0
3.33323422871e-15
0.000676553945155
0.00130335117343
3.34794295855e-08
6.58505027771e-08
5.74796035266e-08
6.62365856651e-05
6.57090676482e-08
1.48290260177e-15
1.93427796369e-06
0.000678479308917
4.40464584293e-06
0.0
3.40050115629e-13
0.0
2.1482927894e-08
1.63110112709e-08
0.0
1.68722737407e-07
2.30585839126e-18
1.90715953882e-10
0.0
0.0
6.14944615791e-21
4.54304703231e-06
3.14871906604e-05
2.49572599917e-08
2.7859828841e-06
7.30280632251e-10
3.44158694865e-10
1.50038711581e-05
0.0
3.58969660575e-07
1.50038711581e-05
2.79462514977e-10
4.97600750775e-12
7.24325230232e-07
2.78462100692e-19
3.47875404676e-16
0.0
3.0053527627e-06
2.36462131164e-16
7.46283899374e-06
0.0
0.00794804256533
1.01750454145e-09
5.33146469263e-05
0.000304017605375
0.00097891604507
2.69153076833e-07
2.18894550629e-07
0.00130335117343
0.000363417407571
1.28150531667e-19
0.0
5.09540343253e-05
0.000901755006434
0.00794804256533
7.76610053776e-05
0.0
3.69104789009e-09
1.7950803469e-08
1.68164634114e-11
2.50094610779e-12
0.0
2.74386803222e-07
0.0
0.000449700753082
7.40833219918e-07
1.34479426353e-07
5.21782516068e-08
2.5803132719e-20
1.50038711581e-05
2.93356734082e-12
2.12832237842e-12
8.0029409037e-18
8.78930838804e-14
1.86146816791e-09
2.45871122792e-10
0.0
0.0
0.000113234408838
0.000584398582658
0.00192035276332
8.02349997286e-08
6.13381450304e-05
2.20223674592e-11
4.02525233519e-05
0.00041971692686
0.00150170399753
4.47167577212e-29
1.07729558468e-08
0.0137330102553
1.87765905952e-15
9.55717934359e-09
5.73652496589e-06
1.95929920649e-17
2.3750160105e-07
7.75909362922e-10
0.0
7.83332535345e-06
0.00824986696655
0.0
6.42554541327e-21
3.6431266338e-08
0.000522887370488
0.0
0.0
4.27047027902e-06
1.51966246519e-12
0.000392371073715
3.31341382059e-05
6.14187311316e-07
5.57175600808e-08
3.75425258777e-09
2.83415410192e-07
0.00824986696655
0.0114190231793
1.50038711581e-05
2.3215508351e-07
1.1919644137e-07
1.51518095607e-09
1.13665758685e-09
4.09584765277e-09
4.650988123e-10
0.0137330102553
0.00824986696655
0.0
1.50038711581e-05
0.00794804256533
9.07072388639e-09
0.0
0.0
1.88516374697e-07
1.24269249972e-13
0.000255719292803
4.16258606174e-07
0.0
1.56183136421e-11
6.18368658224e-06
5.08669824912e-16
3.46386869787e-10
6.13381450304e-05
0.00041971692686
0.0
0.0
1.3191080543e-06
0.0
2.22642912299e-13
0.000304017605375
0.000449700753082
0.00794804256533
6.13381450304e-05
6.13381450304e-05
0.0
9.14000954617e-05
3.77590979752e-06
1.52252002198e-10
0.00794804256533
6.46594030368e-07
3.78647778539e-06
1.20923362054e-16
0.00097891604507
8.14212182571e-08
0.00824986696655
1.06735937211e-11
1.75001162694e-13
6.78338988833e-12
0.0