500
1.24541698435e-05
0.000305708670956
0.000207310872317
2.69164090266e-13
5.07255878192e-05
2.7581550522e-06
7.46255414817e-05
7.81395539585e-07
1.05978549901e-19
3.40541752993e-05
9.25024518398e-05
5.4617391451e-13
3.20680800621e-07
0.0418796934377
0.00015296518497
1.55550007635e-06
0.0418796934377
1.42760849996e-08
0.0182714934545
1.05899573353e-05
2.46641038714e-06
2.97394115288e-11
0.0418796934377
0.0418796934377
5.38469059973e-33
1.26970649791e-08
0.0418796934377
4.99927091812e-07
7.34344207265e-07
0.0125863837165
3.86770982915e-17
0.000438506552171
6.62413811486e-06
0.0418796934377
6.90519969217e-06
0.0019066973001
0.000192468818039
2.41419134128e-06
5.55319289406e-05
2.18508073028e-06
0.000635022583419
6.90519969217e-06
0.000529371843937
0.0418796934377
1.74596613971e-15
6.67356026342e-26
1.90165367857e-09
0.0418796934377
0.0218763336025
2.29635611701e-08
1.83417455038e-15
0.000727676087917
1.26822770462e-05
8.49439405312e-11
9.98793729936e-09
0.0234496315671
0.000526220575977
9.09520027661e-08
0.0418796934377
1.69887384193e-05
9.21796242409e-10
9.5380156947e-05
0.0418796934377
1.07006407954e-09
0.000190786146932
8.616641276e-06
0.0010726753752
2.07478093821e-06
1.41978597314e-06
0.000975834396498
1.94653348221e-12
1.05250849166e-13
0.0125863837165
0.000203882202469
4.80163870968e-05
1.05083231677e-07
0.000458129305791
0.0296679044747
0.00208672400858
0.00387109701762
0.0418796934377
0.000207310872317
2.21105811852e-15
6.69470890641e-06
0.0418796934377
3.17866348948e-07
2.57727230036e-05
4.67934030072e-05
0.0182714934545
0.000635022583419
0.000889931145837
7.75639416182e-10
4.11468062806e-05
1.38021879926e-06
0.0218763336025
1.86426105821e-08
1.5618750665e-16
3.07123947137e-06
6.00894258461e-06
0.000289034285367
0.000180570412289
0.00104704303517
0.00264564212102
0.00112839129301
5.26941222593e-05
1.21225180777e-05
0.000705381816756
0.000529371843937
0.0418796934377
0.0182714934545
0.0296679044747
0.00612700316007
3.27522318213e-06
9.65051828204e-05
5.14745515675e-14
0.00164896411742
3.90767545131e-10
0.0234496315671
0.0234496315671
0.000394963342835
0.000526220575977
0.0418796934377
0.00524984390061
2.39804514712e-21
0.0218763336025
6.52791025317e-05
7.04882692566e-18
0.000458129305791
0.000285593927896
0.0418796934377
4.14358390611e-07
7.99441044008e-05
0.000105204810154
9.34463320638e-05
0.0296679044747
6.24813632322e-09
0.000522084223084
0.000939799686808
6.65357868569e-06
9.37696417173e-07
0.0418796934377
6.28029977282e-05
1.61530719337e-06
6.77620707073e-08
2.76296571069e-06
9.90787899453e-10
1.73830059965e-14
0.00477903394976
1.20121872281e-05
0.000627974714318
0.000267426322779
1.78210961707e-08
0.0418796934377
5.12605672241e-05
3.72879447256e-05
1.79514290419e-05
7.34471553252e-05
6.95911440156e-06
0.000285593927896
8.31918316912e-08
0.000138833530663
0.0418796934377
0.0234496315671
0.0234496315671
2.37959927774e-07
6.56961809972e-12
3.71524383055e-06
3.17646436217e-06
0.0418796934377
2.24382213723e-05
6.91390636202e-12
2.44544644986e-06
1.0901292736e-17
0.0013806943336
0.000280252566543
9.98908212114e-05
9.90747373251e-07
1.48730784193e-08
1.7164551828e-07
0.0296679044747
0.000939799686808
0.000803415153464
0.000526220575977
0.000415198069239
0.0418796934377
0.000236342346315
2.24541159676e-07
1.11435450797e-05
0.0418796934377
3.72009308739e-05
0.000176569379322
6.36187305811e-14
0.0418796934377
0.00264564212102
7.93976958769e-05
7.25987739714e-07
0.0234496315671
6.44613653246e-06
1.67076980646e-12
0.000394963342835
0.00148137027528
5.44141004859e-05
4.13032857233e-07
0.000975834396498
4.59357497696e-07
1.55682622605e-18
0.0234496315671
7.6478200926e-06
1.31406960108e-11
3.74444729348e-06
8.30694017059e-05
0.000498297761444
1.96263284518e-12
0.0418796934377
0.000939799686808
2.13247873614e-09
0.0218763336025
4.33380698076e-06
0.00113411381512
1.59728934721e-05
0.0234496315671
0.0234496315671
0.00049195154577
7.61646946396e-10
0.0218763336025
1.05320547679e-06
5.53498060021e-05
2.88453966744e-08
8.61257725278e-06
9.07849909178e-08
1.46020017777e-07
0.0125863837165
0.0418796934377
1.01208701784e-12
1.43065855064e-10
0.000138833530663
0.0296679044747
0.000627974714318
0.00264564212102
9.75239945554e-05
0.00352393412457
3.52622728493e-16
2.08572078146e-08
2.77149883221e-07
0.0234496315671
8.51370899621e-05
0.0218763336025
0.0182714934545
0.000171174980338
4.99533707817e-05
0.000394963342835
0.0234496315671
1.47041045158e-09
0.0296679044747
1.41379793735e-06
1.58236950844e-07
0.00049195154577
0.0234496315671
1.58989745911e-07
0.0418796934377
0.000627974714318
6.18461498258e-07
9.40617075101e-11
0.000136084026236
2.76130152192e-07
0.000225135217572
0.000157280046805
0.000340842792378
0.0234496315671
0.0418796934377
0.0296679044747
8.09782301478e-05
0.0218763336025
0.0418796934377
0.0418796934377
0.0418796934377
4.23900538313e-35
7.26936168945e-05
0.0296679044747
0.000939799686808
4.37797571322e-21
0.0418796934377
0.0418796934377
0.0418796934377
2.49115162774e-11
0.000705381816756
0.00022149027646
4.27415593739e-06
0.0218763336025
6.01311236045e-14
3.50397710003e-11
7.38913146191e-05
5.62677218749e-07
0.0296679044747
2.6093757824e-07
0.0234496315671
7.04362653412e-05
0.000803415153464
0.0218763336025
1.09370364148e-05
0.0418796934377
0.0234496315671
0.0296679044747
0.000415094689942
3.02211435897e-13
6.3739353894e-07
5.79612558212e-12
0.000340842792378
0.000297913749416
0.000216566428799
1.25984893954e-07
0.0418796934377
2.96294467969e-19
2.36864382457e-05
4.87578545586e-05
0.0218763336025
0.000923301911901
0.0418796934377
0.000219302274919
0.0125863837165
1.95013998612e-05
0.000553322484659
0.000324542406249
0.000207445935781
0.0418796934377
3.43926061106e-05
0.000118902611045
2.68582290496e-11
0.0418796934377
0.0296679044747
2.66155852122e-21
0.0418796934377
4.89020673732e-05
0.0418796934377
0.0418796934377
0.0418796934377
0.000584368674636
0.0418796934377
1.71820191969e-20
3.79129611699e-05
1.70136565275e-08
0.0234496315671
9.07074298854e-06
4.69151487996e-08
0.00073698252703
6.34358552311e-06
0.0418796934377
0.00049969803119
5.5535097339e-08
3.33819304135e-10
0.00113411381512
1.50703156462e-05
0.000705381816756
0.000889931145837
0.000161038255975
0.000124207573897
0.000705381816756
0.0218763336025
0.0418796934377
0.0418796934377
3.91848054104e-10
0.00148137027528
0.00024792970197
1.38305110706e-05
0.0296679044747
0.0296679044747
7.00364622874e-10
0.0182714934545
0.000139501564949
3.64457500935e-10
2.79441683552e-05
5.79308673385e-08
0.0418796934377
0.00129958764583
3.6030645212e-23
0.0067461615604
9.18501702312e-06
0.000102183668522
3.24111034125e-05
0.00264564212102
9.12742365707e-08
1.67842173629e-06
0.000270798977295
3.4274673644e-05
0.0418796934377
0.000309820997671
9.11555336406e-18
0.0418796934377
1.12431277712e-07
2.20305218001e-13
0.000273979390922
1.73360836959e-05
4.31196809208e-07
7.57027665494e-05
0.00113411381512
3.42165765972e-23
9.3427282196e-18
0.0234496315671
0.000219007681198
0.00129958764583
1.17748213541e-07
4.62117312023e-09
2.86582929848e-06
3.9876420421e-05
0.00128805988949
0.0418796934377
0.0418796934377
1.73284653403e-08
4.15585747959e-11
4.73807397273e-08
0.00414949783053
0.00073698252703
0.000305708670956
1.40152182879e-10
9.11326892839e-15
0.000584368674636
2.45241509032e-08
0.0418796934377
6.33283416434e-08
3.36183017453e-18
0.0234496315671
0.000261154953071
0.0296679044747
0.000343133984921
5.82302906209e-06
0.00414949783053
3.9661431509e-08
4.65167101553e-06
0.0418796934377
0.0218763336025
0.000635022583419
5.12162299575e-18
2.56381540524e-07
0.0125863837165
0.0234496315671
0.0296679044747
1.2014449882e-05
7.11603873322e-05
3.9215367346e-10
0.0125863837165
0.0234496315671
0.0296679044747
5.16884407051e-05
8.66918959182e-08
1.29007126104e-10
2.77889712428e-09
0.0125863837165
4.83752377583e-13
0.000343738240523
0.0418796934377
0.000185004224358
0.000412657479357
0.0418796934377
0.00127884447557
1.06347193188e-09
0.0234496315671
6.12626610863e-05
7.55226688883e-06
7.60322018415e-08
4.40399980896e-05
2.96245976782e-09
0.0296679044747
0.000627974714318
5.38008721605e-05
0.000204304992199
6.21561520255e-11
5.83731623253e-11
6.80855417313e-05
6.26217510445e-19
0.0125863837165
1.86047752554e-07
0.0234496315671
4.38903572325e-10
0.000297913749416
0.000803415153464
0.0418796934377
3.84263151956e-07
3.94727674615e-07
0.000261154953071
7.59051531642e-11
0.000634678632171
0.00414949783053
9.25024518398e-05
2.48129598474e-19
1.19261190475e-06
0.000305708670956
4.59243531038e-09
3.38389646064e-06
2.78696305903e-05
2.37325284916e-05
4.37685040292e-05
8.10591440962e-05
2.26640450701e-19
2.20263924719e-15
0.000635022583419
0.0296679044747
0.00477903394976
0.0296679044747
0.0418796934377
0.000627974714318