500
0.00762960635046
0.0151929388834
1.5427260446e-18
0.0151929388834
6.83378140875e-07
9.59531115512e-33
3.02183524033e-13
0.0134541336354
6.49141210065e-09
1.9094329913e-06
0.0151929388834
0.0056676567745
1.9029062758e-07
0.00674702397698
1.86577523638e-05
4.6838259526e-06
0.000116925728741
3.54874416987e-05
1.72279033751e-05
0.000324081603178
3.25299645706e-40
0.00251694661871
0.0151929388834
5.05769056136e-18
2.16770248069e-05
1.34528107628e-20
1.04407501035e-17
0.0056676567745
0.0115325339626
0.000402312839388
0.0151929388834
0.0261514360313
1.55023234014e-10
0.0151929388834
0.000128242138146
5.1636827554e-13
0.0056676567745
5.00061894565e-07
7.20850698932e-13
6.81991640385e-09
2.12001854644e-08
6.47412899626e-05
0.0134541336354
0.00191051653641
3.57194955072e-18
1.00970503492e-06
2.66277578507e-08
4.10740748153e-15
0.0019129484917
5.43501925042e-05
2.75009441384e-08
0.00360336989202
6.19247811875e-29
7.26130069098e-11
3.45677918176e-08
0.0151929388834
0.000329861519089
1.33845033773e-20
3.07930942525e-10
0.000874529439999
0.00359720905549
1.85846198757e-07
1.71679816216e-15
3.22986958175e-08
0.000245750798937
2.33841536323e-19
4.6258579054e-08
0.0261514360313
1.61081826884e-17
4.18115258968e-19
9.87116865406e-08
1.55139906976e-09
7.11459750362e-06
4.30986111061e-18
8.92838474349e-13
1.42145859688e-20
1.54569239616e-25
2.5156425561e-06
9.50216184143e-16
3.88326672265e-19
1.77496301112e-21
9.37062830496e-07
0.0134541336354
1.40598660797e-08
1.4211352297e-05
7.21391726657e-16
8.14618342076e-07
1.68967677841e-11
0.000367704105441
1.96424272477e-07
6.00451832254e-15
2.09741066399e-05
3.54874416987e-05
1.56857617962e-10
0.000264778740824
5.09007954163e-06
1.015454813e-14
6.99303118729e-13
3.29448686511e-10
6.19296546857e-05
2.55270187164e-06
4.66815823012e-09
4.10467162473e-06
1.1578692797e-09
0.000207061006761
1.66371309696e-05
2.34346963819e-10
0.0056676567745
1.05459518599e-09
0.00101570549608
0.000811683798764
0.000354690095714
3.84168703605e-05
0.0134541336354
9.72719746402e-09
0.0056676567745
0.00674702397698
1.39670690018e-24
1.12944400418e-05
1.17385310529e-09
2.34067604099e-11
1.36399273882e-24
9.53336177291e-07
4.0865863917e-08
8.95139079982e-10
1.52392845265e-24
0.0056676567745
6.48708569283e-10
0.0151929388834
1.55155183986e-09
2.03462781059e-10
0.0101566378021
0.000446320933202
0.000553381295448
5.2470104752e-05
0.000283650459041
7.39842075452e-07
3.26489691156e-08
1.03283212838e-08
0.00101570549608
2.05608024493e-12
0.00286542405363
2.54633654664e-05
0.00251694661871
2.69185641875e-07
2.85917042501e-08
0.000226069643404
1.38207782838e-05
5.12184473789e-27
4.41022582456e-07
4.58001236595e-14
4.28016234589e-14
7.10870961361e-05
3.85493771875e-11
0.0134541336354
0.00359720905549
0.0056676567745
0.0056676567745
0.00124489032597
0.0134541336354
0.00191051653641
1.96993062739e-13
0.00191051653641
5.12787164806e-11
1.66350080632e-10
4.39490121101e-16
5.5810776128e-54
1.96002605756e-14
0.00419659126989
0.000140639432685
4.9149586162e-35
1.33744158252e-15
6.11765577616e-06
3.50001921626e-12
1.32138226495e-14
7.38347571847e-11
2.54320035119e-05
0.00419659126989
3.12743840557e-29
9.98749232509e-17
0.000622142255127
1.36430620111e-08
2.68394729201e-17
4.9684594043e-20
1.45237323761e-21
2.9999315758e-12
7.67953928197e-06
2.53400551642e-12
1.2800535343e-07
2.72570525334e-07
2.30605482063e-05
5.01987415103e-08
3.52342277639e-06
0.0261514360313
0.00024823746659
6.53609722109e-07
2.34115238416e-14
0.000528783228636
0.00317452213368
0.000811683798764
3.85131789397e-08
0.00022066402818
4.66419668561e-38
8.65070534016e-05
9.29239599596e-07
0.00123420911746
0.000820415550081
6.73247859013e-07
3.4971981468e-15
2.28743840916e-22
5.4881631014e-23
8.36638927646e-18
0.00359720905549
9.27348072129e-07
3.72416751805e-06
0.0116362331504
0.000567572246597
2.31008056972e-07
1.21377112579e-11
3.63743320356e-07
1.04568413145e-09
8.13286219308e-10
1.36320695832e-07
0.0134541336354
0.0151929388834
0.000811683798764
0.000811683798764
0.00191051653641
1.45983130379e-12
8.40813107011e-18
2.22401546479e-05
2.04718204452e-27
1.19050305093e-30
6.70247998841e-05
1.89694755719e-10
0.000622142255127
0.000912302091691
1.71675702965e-13
6.06898771411e-10
5.93527997452e-13
3.29688377383e-05
1.02189804386e-10
0.000447062203769
0.000407356752042
0.0151929388834
2.92413536094e-12
0.000103647166963
9.17012163748e-11
0.0115325339626
3.53575880089e-20
2.01503164485e-13
3.11628664783e-22
0.000108284063394
0.0008450520116
1.48071143588e-05
0.00124489032597
1.2925608704e-07
0.0151929388834
1.04603470911e-05
2.00831325877e-07
9.47764003366e-24
0.0056676567745
1.03261129472e-18
2.01266905234e-07
5.64011258652e-09
2.04184210404e-06
4.32069997482e-06
0.00124489032597
0.0134541336354
0.000314704070897
6.41395292038e-10
0.000150656534035
0.0151929388834
2.28013776936e-14
5.64145577732e-05
0.000160554362849
3.05589618054e-17
8.56732748348e-30
4.4778290922e-24
2.84203373477e-06
2.62484756007e-13
0.000208745709065
1.38687834822e-08
1.04941637965e-10
8.52339739826e-06
2.77621283877e-40
1.46074986784e-07
0.00317452213368
7.16060161148e-06
5.28393433023e-07
1.17477522185e-08
0.0056676567745
0.00674702397698
0.0056676567745
0.0239209535759
0.0056676567745
0.00172385284711
3.95633273781e-07
0.0134541336354
7.56800897766e-07
3.7761196065e-20
3.59379313e-09
1.53677814635e-14
0.00359720905549
4.9162222849e-11
3.04465248862e-05
1.90488759696e-22
7.6670974825e-10
0.0261514360313
1.03731093965e-07
0.0239209535759
0.000623658388502
0.0101566378021
0.00674702397698
2.36755964033e-10
7.58356329294e-18
2.63038642864e-08
2.42164052443e-18
0.0151929388834
6.61713146958e-08
1.04627051444e-07
2.43720580235e-18
1.18246235906e-16
1.45127409931e-05
2.18972299057e-11
9.69921640212e-12
2.90107988153e-07
4.00284298217e-14
0.000326239231471
3.03935661466e-11
1.12981629995e-05
1.51194992608e-08
0.000228559157064
3.81501494421e-13
0.00123420911746
2.87118888517e-06
0.0239209535759
1.05761499741e-06
9.60590820121e-08
0.00251694661871
9.24606454699e-16
7.47327432818e-26
7.17496154699e-12
2.03598986031e-11
1.09075504537e-06
1.18974110863e-09
1.66442354486e-18
1.26241484745e-07
0.00359720905549
1.2619184095e-07
0.0134541336354
4.34844989434e-13
0.00317452213368
0.0151929388834
1.73331138704e-11
2.44232945677e-07
1.59321040492e-18
4.27744857589e-26
2.75307735018e-16
1.48877392182e-11
0.0115325339626
3.32672657831e-07
1.3304548869e-18
4.07666397303e-16
4.58480101179e-10
8.21835688479e-10
7.84859597371e-22
1.07235552935e-17
0.0151929388834
1.30907284929e-07
8.6826316697e-11
0.00674702397698
0.0101566378021
0.000114793625014
9.42855817128e-24
1.72039387527e-10
8.49490645162e-22
0.00158400748913
1.9844249837e-10
9.84046073196e-05
0.00123420911746
2.45338473887e-43
0.00135777008467
0.0134541336354
2.44131131069e-08
5.04361895209e-05
1.66179494794e-11
1.80005130896e-17
1.43478115559e-06
9.79663443164e-12
0.00245616708673
0.00359720905549
2.13034151182e-08
3.27348357328e-16
2.85725420954e-05
6.96707741092e-19
0.000564837016552
8.05601613151e-19
4.84120849973e-12
2.19858657914e-06
3.47798456454e-25
8.75394737424e-07
0.000163166879662
1.84839651637e-25
2.28555007162e-06
7.03702013192e-15
0.00359720905549
3.63335000741e-06
9.27464454705e-28
0.0239209535759
1.00650040044e-08
4.12368903113e-07
3.32825821977e-06
8.49598787295e-06
1.27495784269e-07
3.37627662034e-15
0.000411332470764
1.61946737958e-06
5.775831331e-18
4.7175329031e-13
0.0134541336354
8.12069762418e-07
0.00066106641699
0.00359720905549
0.0115325339626
1.9919510793e-12
3.22645505064e-11
1.09381351358e-06
0.0116135770235
0.00317452213368
0.0151929388834
0.00101570549608
0.00359720905549
0.000742781694063
3.67305786415e-06
1.77859736936e-09
0.0261514360313
1.35986037133e-20
0.00191051653641
0.0008450520116
7.6709289258e-16
0.000283650459041
0.0151929388834
3.35688594349e-09
4.8908381869e-05
0.00123420911746
7.05995927504e-14
1.28325915638e-05
2.60797154724e-06
3.57184002479e-16
3.37875172532e-20
1.00141618547e-15
2.58699325583e-11
0.00251694661871
3.92064711548e-07
2.08194462072e-13
0.000163166879662
0.000175367316377
0.000742781694063
4.11433091346e-10
2.00251533907e-05
0.0008450520116
0.00360336989202
5.0513733874e-05
4.78754327388e-10
1.37712354528e-25
1.84998900932e-10
2.93275019273e-07
0.00674702397698
9.22904027795e-13
8.32139832035e-21
5.15884371546e-07
3.93168189784e-05
2.93066685036e-34
0.000849520256698
3.17673025742e-05
4.46558335251e-09
1.38422871094e-14
0.00191051653641
0.0115325339626
9.69184760673e-05
2.28555007162e-06
9.93655086339e-06
0.000208745709065
3.79804949595e-06
0.00191051653641
0.000849520256698
0.00674702397698
0.000406253864137
3.53630411315e-10
0.0151929388834
0.00317452213368
0.0239209535759
0.0056676567745
0.0014885884066
0.0019129484917
4.35403784129e-11
7.61478144336e-28
7.84060226608e-10
0.000742781694063