500
5.92905042623e-09
0.0
6.46913216277e-07
0.0
1.08984201476e-14
1.81474936471e-11
1.09475134772e-11
5.32799568035e-10
1.15423735665e-15
4.38971458989e-09
1.11377007053e-06
0.000331542460151
0.0267775188212
2.4101327627e-07
0.00305084497214
2.97672124549e-05
5.14612125416e-05
1.22887693386e-07
5.0049386866e-09
2.32508835572e-06
6.62014299005e-47
8.69917473761e-11
0.00282678002132
1.1822847983e-05
0.0
1.12621711702e-05
0.0267775188212
2.04066049792e-05
1.72075454987e-05
3.17435485022e-32
2.16284536003e-09
9.14170749532e-05
3.6825836135e-09
0.000669703210803
2.75841638837e-06
0.0
0.0
0.0267775188212
0.00305084497214
0.00282678002132
6.50854228305e-10
5.44452728245e-05
2.19451440283e-07
2.13017256687e-06
3.99770134098e-20
2.26422942143e-11
0.000331542460151
1.83002439032e-07
0.0
2.57640081529e-11
0.00282678002132
0.0
7.05602561671e-14
0.00305084497214
0.0
1.3620464262e-06
1.61017445905e-10
0.0
0.000669703210803
0.0
2.52967486485e-08
3.51330049493e-05
0.000669703210803
0.000150626327968
1.49521635803e-24
0.000336510568436
4.26125379831e-18
3.90471450747e-08
6.07431093379e-08
5.82444224814e-09
3.84395362617e-14
2.20545610578e-11
1.55525628303e-05
4.36924654589e-05
4.27215622461e-18
0.0
0.00305084497214
3.32545820708e-12
1.28101036129e-14
2.26018269263e-07
0.0
1.19283226714e-09
4.52917353897e-09
1.18234016865e-05
2.86922627089e-10
0.0
1.0808829106e-16
2.54847456603e-09
0.000669703210803
7.70983347424e-07
3.64699822347e-05
2.28371662677e-09
3.83274691052e-19
8.87772132262e-09
3.37899015131e-10
0.00282678002132
3.05010096101e-08
1.3620464262e-06
1.63535644664e-10
0.000664738287744
3.12836240986e-06
7.90895681516e-08
1.04889604948e-09
5.28317980809e-14
0.00145388331764
0.000266534211509
3.20966763007e-07
0.000331542460151
0.0267775188212
5.05898441416e-13
5.67305758937e-06
7.56649852384e-15
3.63576901773e-07
0.00342854852436
1.00547966981e-05
1.63609057997e-06
0.0011290985374
7.37189143893e-05
7.70071199531e-07
1.39062069793e-08
5.84348864544e-08
8.90836634387e-16
2.56628436242e-15
1.52945439101e-10
7.86911787542e-14
0.0
5.92349918016e-06
2.18514648247e-09
3.11859186162e-08
0.00342854852436
1.94508497781e-06
3.47789515567e-07
2.52576523871e-16
5.48286424077e-22
9.3153862112e-13
9.26163232498e-05
7.20076989726e-06
1.85322320559e-06
4.56969430062e-18
7.84701948311e-20
3.41559188838e-06
1.86696344326e-15
0.00282678002132
3.51330049493e-05
0.000669703210803
1.89793854267e-08
1.57806270465e-11
0.0267775188212
0.000116173070421
0.000628974378488
1.34502233443e-09
0.00563335073549
5.57964321393e-11
0.000285882898147
1.51089074251e-07
0.000311746966871
2.70195234873e-13
6.02635478472e-08
1.00061147014e-07
3.16590686398e-09
0.0267775188212
0.00342854852436
3.40965640377e-05
6.07698220817e-07
1.39853864744e-14
1.29783688455e-10
0.000669703210803
1.36165396989e-05
8.5319591876e-05
3.92334894753e-05
4.20429987629e-15
2.30954125366e-09
8.17953808372e-07
0.0
2.0938227491e-09
1.16956731731e-12
0.000181179094445
1.47997478262e-05
3.0094281011e-07
0.00011936399136
0.00282678002132
8.61369522169e-08
5.59189626849e-07
0.00282678002132
2.06192927839e-08
0.00342854852436
8.42753891118e-07
4.72251942932e-05
3.3396379906e-06
0.0
6.9723639986e-05
6.94879037004e-05
2.12780322177e-11
1.36817072234e-08
5.93153023799e-15
6.7861852034e-05
0.0
2.41528702953e-08
0.000669703210803
0.00305084497214
1.05881889611e-09
0.000330553772229
5.49230996079e-05
0.0
1.02061686305e-12
1.45384075002e-07
3.67076291323e-17
9.07282496262e-09
1.36042222398e-13
5.40253860561e-11
0.000336510568436
6.37694517616e-09
8.76644737572e-15
2.22801944232e-13
2.78452011341e-07
3.49981499127e-07
1.31047845839e-16
3.47124276006e-06
5.77829492702e-10
0.0
5.81292656e-06
3.40636992711e-06
0.0
3.65301769594e-09
2.21294341497e-06
0.0
6.51510026601e-09
1.43401109307e-15
4.07189820904e-14
2.63744697995e-16
5.81105042085e-05
1.36215966032e-06
6.69750743102e-06
1.86161582455e-07
1.67338595292e-05
2.50451503561e-05
0.00282678002132
0.0
5.75022408619e-21
6.59632012053e-06
0.0
1.59711666487e-05
9.03595484201e-12
0.0267775188212
5.44365889945e-14
4.80050849515e-09
1.07383796875e-08
0.00305084497214
0.000154608017538
5.49029140168e-08
1.63507241584e-05
0.000320320621191
3.54586378461e-07
7.27988834585e-07
0.0
7.22855299275e-08
0.00563335073549
0.0
2.75841638837e-06
0.00066533930343
1.54917153156e-06
0.0
0.000471053256366
0.000693970038499
1.42966028562e-10
3.14388975908e-13
7.64602413294e-07
3.30684246085e-06
2.02894151671e-16
6.9723639986e-05
1.10667896476e-20
2.03998296807e-05
4.78066879895e-12
8.21223239176e-07
2.02550880117e-10
1.61449823874e-07
1.23617369462e-09
0.00010333335569
1.45348143643e-06
2.02590697266e-08
4.61301738433e-11
2.2723854666e-12
2.04066049792e-05
0.000266534211509
1.21679400022e-17
1.0133276852e-08
0.00342854852436
0.0
1.33545877315e-16
1.11590083524e-18
0.0
0.00305084497214
0.000145082697523
1.10676400233e-08
1.85954827942e-07
4.0441735192e-12
0.00282678002132
2.11451598497e-10
4.01069072471e-10
4.91337479366e-23
0.0
0.0267775188212
2.73219809023e-13
2.88460104958e-12
6.9723639986e-05
5.1313712706e-10
0.000331542460151
1.53991429172e-08
0.0
0.0267775188212
0.0267775188212
1.11966200418e-20
2.67361249436e-08
0.000266534211509
1.74723369085e-05
6.67317672736e-13
0.000331542460151
2.7855048772e-05
0.000314625288309
3.62414697608e-07
9.67049983843e-06
2.00640753032e-06
1.25389032861e-13
0.0
2.99500374609e-14
3.19017929211e-23
0.0
2.50451503561e-05
4.06798231702e-06
3.38921206547e-07
0.000336510568436
5.75200503293e-07
1.23843758411e-10
3.11277862144e-06
9.97050763219e-08
1.5559813359e-12
1.79812133094e-09
6.56111581495e-21
2.13235553029e-11
0.000114687224295
3.0310301164e-07
1.7366356813e-06
0.00305084497214
1.72075454987e-05
1.77469059837e-10
1.25226304957e-06
1.36515297844e-06
0.00342854852436
0.000186621990986
4.19413210359e-11
1.51316675416e-07
0.000181179094445
0.0
4.06798231702e-06
9.27134099632e-23
2.8622357487e-05
5.42717466198e-16
0.000150626327968
8.61863608872e-07
1.43231459501e-07
3.45257445346e-15
2.91526934379e-14
0.00342854852436
0.0
1.4303242843e-15
0.0
0.0
0.00342854852436
4.22479218307e-14
0.000669703210803
0.00305084497214
3.79934797394e-20
3.27638196963e-15
0.000107828570755
1.52055633806e-05
0.000145406391514
0.0267775188212
9.59779861199e-14
0.0
4.50102165913e-15
1.23358804914e-06
2.82910135623e-11
0.0
0.00282678002132
5.81885611049e-06
1.36452126449e-26
0.000266534211509
3.33605042136e-06
2.7355887453e-09
0.00027420699517
2.40780256506e-20
0.000285882898147
0.000331542460151
5.32841731286e-08
1.25994870774e-05
0.00282678002132
0.000628974378488
5.21519964324e-06
0.000669703210803
2.05630212023e-17
2.73198439773e-06
2.45118784316e-07
2.88984662475e-14
6.75517470334e-05
6.75517470334e-05
1.36869162887e-09
6.86807603961e-13
1.89304155098e-08
0.000145406391514
4.93534939463e-14
1.17993526472e-05
0.0
4.50525945143e-15
6.09242879536e-07
1.41067127959e-10
1.50793254443e-08
0.000285882898147
0.0
5.49973305011e-13
0.0
0.00145388331764
1.87635695669e-07
0.0
0.0
0.0
5.94090765199e-17
0.000669703210803
2.9865925406e-07
9.00610422827e-09
1.38301584682e-05
0.0
0.000471053256366
2.52021965943e-09
1.56554340073e-05
1.14860277362e-05
0.00282678002132
0.0
7.90763606089e-06
3.12836240986e-06
0.000154608017538
0.00282678002132
4.51865640653e-07
6.57671317699e-08
5.29094829998e-11
0.000320320621191
6.37544605176e-05
0.0267775188212
0.0
9.13503848034e-14
2.72023846542e-11
0.000145406391514
1.54355774233e-06
4.69664146041e-13
2.95278060214e-11
0.00305084497214
9.16636497692e-11
7.56688052133e-14
2.63172923323e-06
6.65377529697e-07
7.67355823685e-05
3.64173726923e-07
2.23111512058e-05
2.83880646972e-17
1.3488242257e-07
9.37869384649e-07
3.12600614914e-09
2.36601318386e-12
5.98555205172e-05
0.000320320621191
8.22845014627e-12
0.0
1.06815025748e-14
0.00305084497214
0.0
3.44910369005e-27
1.94766932847e-05
2.38030236812e-10
3.34922632489e-07
4.63827215095e-06
0.0
9.068152912e-10
2.5320634836e-08
3.79375785365e-12
3.94786860161e-05
1.43439770556e-10
0.0
2.90000561775e-14
0.0
0.00282678002132
4.7067089669e-15
8.71399672864e-14
9.69432476425e-22
9.4000000444e-11
0.0
0.000314625288309
0.000628974378488
2.97672124549e-05
2.78384994491e-05
7.38617256507e-07
2.29266803989e-07