500
3.7211382795e-09
3.49606551543e-51
0.000115859919344
3.35485163723e-17
9.41588448701e-17
1.20302879762e-49
2.37733674013e-129
6.85549260299e-20
6.31726686354e-207
6.5050351916e-53
3.29465327127e-85
3.0555252073e-129
3.65380486909e-25
1.05037669289e-60
4.5276588438e-08
7.11986615985e-35
1.49816660552e-27
2.98492549665e-06
3.45628611826e-09
1.95101607018e-24
1.0110203677e-30
1.10520367837e-20
3.06174222752e-34
1.29583427736e-165
3.47953650177e-41
0.00279583333333
1.69921839457e-30
2.99455406263e-83
1.28914834377e-30
7.5970449992e-28
1.5683665816e-65
4.45726225054e-51
2.50835684799e-39
2.77970571272e-23
9.14450026753e-95
2.14024818447e-43
0.00194311210262
1.96491278102e-09
5.49656669997e-17
8.98111754e-08
2.09436813466e-20
1.06441055667e-89
7.09505256669e-179
2.39054655099e-13
0.00234810578985
0.00194311210262
8.92484748943e-61
1.3980057082e-21
4.98800757094e-21
8.87621420524e-53
5.8422060278e-21
7.23920589126e-30
0.00194311210262
9.65651689659e-104
2.18246458494e-123
1.1821817388e-150
9.91388524644e-55
9.64995069262e-76
1.14653070437e-07
3.99074737897e-112
7.57407974211e-132
1.50460347754e-31
5.53098156765e-21
2.51649795099e-60
1.66429369616e-54
1.19046779051e-07
3.42780034417e-20
5.69636885034e-33
1.69824919563e-84
1.22484944226e-40
1.83875989841e-29
5.70746254025e-40
5.50858802318e-09
1.44171806587e-30
2.10211025779e-35
8.360115218e-92
6.42818762012e-133
5.8294117019e-22
8.11568299984e-18
5.58966528651e-64
2.58499259726e-07
1.47132551503e-92
1.8243023676e-46
1.18872896437e-12
1.37620507881e-190
4.68900545768e-37
3.13392842917e-17
1.23225071803e-26
4.63336142909e-07
6.00814387821e-07
2.17470218208e-37
8.20612725735e-35
1.07899339796e-44
1.19424915201e-07
7.37756724012e-56
8.47268024805e-11
1.16796025777e-09
0.000114779552472
8.10231561871e-08
2.17729704703e-07
1.31081208714e-22
1.5092386331e-86
1.96504916781e-15
2.6063980268e-52
1.09435888926e-75
1.87345336655e-11
6.43719751213e-17
2.36776267673e-10
6.59957125745e-21
1.30427483031e-16
7.07383487293e-44
2.28983276309e-41
6.70752592822e-50
6.8676802656e-36
7.9170764949e-12
2.54957097335e-18
1.44728949793e-30
1.11839915932e-10
1.37913829359e-29
1.43928599539e-36
8.2037348393e-11
1.56622817279e-73
6.97156364049e-20
4.75816987381e-13
6.35944977896e-136
4.07236171092e-53
9.39756337776e-47
8.49759151262e-15
1.72179950911e-66
1.82636163244e-25
3.35856632646e-23
7.91044963117e-34
2.84905943088e-28
5.88758963864e-07
3.99459351028e-06
1.1397158322e-45
7.89094637082e-26
4.36166400919e-31
2.04114422475e-12
9.29894852641e-101
1.21591363923e-32
7.9014624613e-37
3.11376480479e-31
1.3886491507e-53
1.92124901367e-12
1.60213458887e-11
7.28961875471e-29
2.70058780912e-34
3.02147892213e-12
7.10334407648e-130
0.000195371646323
1.63550613784e-07
8.05702449303e-49
2.8111956239e-15
1.6297110372e-06
5.28534696656e-15
6.28480293938e-41
2.92646699822e-59
1.07748218107e-53
1.52309396318e-32
3.55343968257e-30
9.50971784437e-12
1.64140704741e-37
1.28511200816e-12
2.64825840096e-26
4.54563854875e-08
1.59545882061e-58
0.00194311210262
2.91743327859e-62
1.58337573101e-100
7.1234064102e-37
6.21844421029e-21
2.16924558707e-104
7.25089376556e-47
5.67078425032e-18
1.94561070139e-08
2.73178115479e-12
1.29654724202e-83
3.65144620128e-25
5.44425631436e-15
8.02997882826e-18
5.26030847099e-16
3.92980578507e-07
9.39670874708e-16
1.72357581882e-156
1.24426312098e-78
1.12999518761e-109
1.16261040821e-34
6.27206862854e-06
4.91491869678e-42
1.21097711066e-17
6.13098517782e-99
7.22421795017e-54
8.14463281404e-167
7.01678951058e-25
1.45545059286e-76
1.03322513673e-41
2.80108579355e-48
1.09075735222e-36
2.56982523983e-64
1.98478448242e-10
8.82034904359e-34
1.23226924215e-30
5.8701455267e-17
3.34947791673e-59
1.0147106147e-13
9.10140965571e-12
4.43861024293e-24
2.78958810611e-61
4.46780187148e-06
5.18237079889e-38
1.75139398213e-91
9.53660652138e-09
1.03204236081e-09
9.02193026041e-36
1.58197630664e-35
9.73885568182e-10
6.2586371591e-25
1.08461192947e-88
1.21158184958e-07
2.41478005434e-13
7.22567206529e-35
2.84789309513e-19
6.81591633154e-10
1.20874506793e-52
2.84342284421e-07
2.21121395822e-28
0.00194311210262
6.6470561257e-12
4.1187895653e-08
6.50910849439e-21
5.56823546617e-06
1.27477222809e-130
1.16115412002e-14
4.68790385364e-90
1.89513897891e-81
3.52887959397e-18
1.81715698237e-07
3.06032989009e-67
1.26780903264e-43
2.37818253392e-40
3.79301154651e-25
7.7130686977e-06
5.9396440535e-05
4.41731793475e-16
6.54516078727e-27
3.34988635881e-50
1.3165827705e-09
3.99683256796e-25
1.88664382503e-46
1.93839721845e-43
1.67523092276e-49
3.1212267419e-10
1.61049598017e-40
1.41247186296e-28
1.61069890927e-19
1.17122511897e-14
1.3442360795e-11
5.20189765357e-33
3.03717042358e-20
0.000165805363613
2.02566609713e-36
3.32490027112e-12
1.44187291979e-97
4.33144371842e-65
3.18598182311e-38
1.27077898756e-05
1.82250950745e-64
7.34486455097e-43
6.9362136017e-32
7.63343497544e-15
3.72738466506e-43
1.39783131817e-11
3.45952228065e-34
2.59790143523e-11
1.59583246036e-22
0.00013230933056
1.66513960016e-21
1.58933197636e-35
3.77189960465e-06
9.09656315044e-06
1.01136287375e-144
4.34780271614e-38
2.82153486264e-31
1.36893555389e-16
6.2389616345e-21
5.02811693255e-05
1.3105238597e-26
3.07945742875e-05
1.13994888637e-96
5.2970107957e-19
0.00194311210262
1.83125101395e-38
6.71765489435e-21
4.79884815337e-19
3.25176118403e-31
1.45110374318e-61
7.41181216704e-15
2.06087450491e-15
4.5337740361e-35
2.41857448417e-18
5.43251191363e-95
4.01749850942e-45
8.24348387192e-51
2.55096082238e-06
8.44339113694e-12
5.24226437081e-37
4.12221991419e-14
3.2100194245e-05
2.11566714368e-12
4.19592406178e-106
3.0576001874e-32
2.27216717208e-27
2.74959667102e-56
1.22238505906e-84
1.76888468605e-98
0.00234810578985
1.68500560221e-42
5.22009190311e-22
0.0
8.24419024966e-77
1.60982894354e-37
1.79428786797e-21
1.10738279675e-30
5.64936407081e-19
8.11498217221e-26
3.99398053591e-96
2.095630833e-06
1.73526548395e-14
4.23864477191e-17
4.94041211804e-19
1.22695765684e-18
3.97643744172e-107
0.00194311210262
4.92140770126e-42
4.52468993077e-29
4.08196243243e-17
1.46945957671e-14
1.89644484549e-32
0.00194311210262
2.3315968324e-11
1.61467071048e-19
1.13435323637e-08
3.05199508556e-39
1.33907864969e-138
6.12830396091e-71
3.88614328536e-23
5.79504331999e-117
2.39364854745e-43
1.88618141253e-13
4.89575937723e-16
5.40952873556e-30
2.27567193099e-08
0.00194311210262
2.88033178596e-16
2.78998332579e-34
1.22891536725e-07
1.07686635229e-77
3.21574477331e-89
2.14573926581e-14
3.80186479909e-64
2.64232486279e-06
1.10651548885e-24
3.04547002403e-58
6.31763430499e-39
3.51005534082e-29
1.11939282275e-33
8.8040802312e-44
5.5458119721e-77
1.07640363654e-49
3.11706589897e-71
1.7920816418e-37
6.22513586678e-27
8.93282762116e-67
3.14843047672e-14
8.5083217346e-15
3.23149751494e-06
1.19559946279e-41
2.76510972424e-88
2.47372280521e-96
1.41153585823e-91
0.000155212582637
8.16452940949e-26
5.19516293521e-30
1.4358432753e-07
1.49496573401e-08
7.40474593466e-10
1.12524808834e-66
7.73403846777e-09
1.22123287284e-82
2.23674350407e-23
1.59287221986e-11
7.05399944837e-08
1.94387003067e-14
3.90912642378e-28
4.02997223194e-30
2.17445134148e-10
8.24527736036e-42
9.75094159487e-64
5.25680749586e-36
1.20118813263e-28
9.31785805407e-20
8.17190829731e-77
6.33112000543e-89
1.34849730587e-08
0.00194311210262
2.508475567e-08
1.07526058434e-20
7.19878402247e-133
1.02909193108e-13
9.42103253541e-30
4.5629558679e-12
1.37706222066e-05
0.00194311210262
1.17064055228e-71
5.09956861495e-46
5.14536357125e-55
4.49566808035e-12
5.34434677576e-117
1.27770943457e-07
6.11607435717e-07
2.70700033343e-52
1.22793958048e-30
1.63054285073e-67
1.01840868453e-16
1.51633667696e-06
1.82266691527e-164
4.70475522474e-86
0.00194311210262
3.30141255526e-34
6.91277239967e-27
5.43931692101e-23
5.48532266897e-07
6.22877223311e-05
1.39668532926e-12
3.00865149082e-39
3.62025721446e-15
2.40160282721e-34
2.9709558969e-77
6.24597557426e-35
7.23245792663e-46
2.87860682619e-14
5.02811693255e-05
1.94518720351e-16
5.73642094489e-24
0.00194311210262
1.63956286176e-38
1.69570139649e-64
7.92686779002e-13
1.07595783696e-46
4.53717304148e-06
1.58987692819e-35
3.28271510755e-19
2.21139178061e-28
1.0368743359e-14
3.91016693304e-103
5.12380288109e-36
5.66025684146e-31
4.04152887873e-07
0.00234810578985
2.92962967013e-36
6.31192574556e-38
2.65898966663e-74
5.68627767912e-10
1.63570188689e-10
1.00684766146e-61
9.35964960328e-11
1.8204309512e-51
5.11227566038e-16
7.8980568468e-69
5.19841610315e-15
2.87154262507e-66
3.55504330809e-26
0.00234810578985
3.146065768e-26
8.45307548205e-17
1.0549885546e-77
2.8615853939e-19
0.000177718509421
4.57501415808e-06
2.44520568587e-07
2.66438321955e-68
4.58780284031e-08
4.80341352187e-99
4.08729084927e-11
4.76582662437e-08
3.0807703686e-07
7.52965290742e-61
7.82429369981e-05
3.58884210767e-13
1.01816056722e-73
1.78695718581e-22
3.04764807333e-06
4.12551729383e-14
1.14214407777e-68
8.97846101037e-55
4.78875663848e-50
8.11914878453e-87
2.57796232957e-32
1.40574580818e-55