500
9.0350112396e-06
0.039216141429
4.66890942509e-06
4.98161383678e-07
0.039216141429
0.039216141429
1.93991407487e-14
3.08260061892e-10
4.23962915755e-06
0.0
0.0567700988357
0.000404911151305
8.82544278049e-06
0.000117334777613
2.93966284584e-05
0.0269249602922
5.78751657058e-05
0.039216141429
4.18100875427e-06
0.000719158222385
9.44149171938e-05
0.0004582687143
0.0567700988357
0.0567700988357
1.66621133712e-07
0.00013528532988
2.62254793475e-06
0.0567700988357
0.0269249602922
0.0567700988357
6.59907891386e-06
0.0269249602922
0.000750577077031
0.0
9.04546447917e-10
1.6903823261e-09
0.039216141429
0.0567700988357
4.55406250375e-07
0.0567700988357
3.20386834411e-05
0.0567700988357
0.039216141429
4.49277866327e-06
0.000214491399834
0.0269249602922
0.0
0.0100479405522
0.000256867099295
0.00370589700843
0.039216141429
0.0567700988357
0.000107881554708
4.42101795757e-12
0.0567700988357
0.039216141429
0.0567700988357
2.33133207399e-05
0.0269249602922
0.00259556987547
5.42854259617e-05
0.00254381012626
2.39226939685e-07
2.55312121306e-06
0.0269249602922
0.0269249602922
0.00117847561535
0.00440190091628
1.99309531876e-06
0.000105712763762
3.22243706971e-05
0.000404911151305
7.02511400731e-05
0.0567700988357
2.70890758517e-13
8.41763922279e-06
0.039216141429
1.03960899157e-09
1.00779598136e-09
0.039216141429
7.44046366613e-06
0.00113018200199
5.86294052978e-05
8.18597823318e-09
0.039216141429
1.94243537028e-06
3.93641043433e-06
2.84201146e-07
0.0567700988357
9.50706452171e-05
2.26439804322e-05
3.34973865361e-10
0.0567700988357
7.99791167525e-05
0.039216141429
0.0567700988357
0.000344209834292
0.00395691399747
0.00154998418498
0.0269249602922
1.81346915018e-05
3.25064817443e-06
0.0567700988357
3.36263762532e-08
9.37814596425e-14
1.22908989277e-09
0.0567700988357
4.50642230597e-14
3.20386834411e-05
2.27860077165e-05
1.35992192503e-05
0.0567700988357
3.15643827498e-13
0.0567700988357
0.000140152270148
0.00021217990363
0.0100479405522
8.21428309084e-09
1.36521956877e-07
3.23672299147e-06
0.00370589700843
0.00274146398467
0.039216141429
3.21104302764e-05
0.0269249602922
3.75068005856e-07
0.0567700988357
0.039216141429
2.09363339242e-06
0.039216141429
0.0112476120664
2.40386310536e-12
0.000750577077031
0.000678005141472
7.41325413402e-06
0.039216141429
1.42711525394e-05
0.0567700988357
0.000107881554708
0.000646282758599
4.33728080039e-06
7.21154942903e-15
0.0567700988357
0.0
1.02678705504e-10
0.0567700988357
1.18879634732e-05
0.000626393358477
0.039216141429
1.24366851614e-05
7.87662646123e-07
1.10266728798e-07
3.86992585808e-12
0.000487295175098
1.93451438847e-05
0.0567700988357
0.0269249602922
0.0567700988357
1.32845487385e-12
0.000178369029611
7.39575241766e-05
2.90211556105e-08
0.0567700988357
2.69257901702e-14
0.0567700988357
0.0269249602922
1.89695699069e-13
2.12980424158e-05
0.000338489666299
0.00395691399747
0.0269249602922
0.0269249602922
3.2739292286e-06
3.09782735785e-07
4.92507825204e-11
0.0269249602922
4.53562424367e-05
1.42711525394e-05
0.0567700988357
0.039216141429
0.0567700988357
5.0031153629e-16
0.0567700988357
2.32985501222e-06
0.000140152270148
0.000117334777613
3.67276284389e-07
0.000750577077031
1.58238020143e-07
0.0567700988357
0.00501537743279
1.43038682657e-09
0.00370589700843
0.0269249602922
0.0567700988357
8.21428309084e-09
3.81584466063e-05
1.66580465289e-08
8.7825550993e-10
0.00013528532988
0.0567700988357
0.0567700988357
1.46102767132e-07
0.000404911151305
1.10664114922e-10
4.88740179698e-06
4.53101005364e-15
0.00021217990363
2.3154478145e-06
0.0567700988357
0.0567700988357
6.61831459022e-07
0.0567700988357
2.17925639315e-09
0.00440190091628
0.0269249602922
0.0100479405522
0.0567700988357
0.00113018200199
1.923266661e-06
0.000144032127664
4.53562424367e-05
0.0269249602922
0.039216141429
2.75042646104e-05
0.00113018200199
0.0269249602922
0.039216141429
9.95545924448e-05
1.35002315955e-08
8.69986476438e-09
0.0567700988357
0.0567700988357
0.039216141429
0.00279174511378
1.17728462274e-06
1.01003256285e-06
7.82562929227e-11
3.06233839691e-06
2.15304715596e-05
0.039216141429
0.039216141429
0.0567700988357
0.000182772241347
0.0567700988357
0.000134959207618
0.0269249602922
0.000100609285
0.0567700988357
8.09686773511e-07
9.95545924448e-05
0.0567700988357
1.99670183651e-09
0.039216141429
9.59672931451e-06
4.62129055997e-06
6.59704924798e-08
0.00011128246068
0.00395691399747
0.0567700988357
0.0567700988357
0.0567700988357
0.00440190091628
5.04418451132e-11
0.000430388329417
1.04080710762e-05
6.71696163428e-15
0.039216141429
0.0269249602922
7.38678898093e-13
3.58129562232e-06
3.91926102189e-20
0.00370589700843
0.0100479405522
3.68164834075e-06
0.000719158222385
0.039216141429
0.0567700988357
1.63764182174e-16
0.0567700988357
0.0269249602922
4.20540785676e-07
0.0567700988357
0.000100609285
4.17977181762e-05
6.22076384743e-05
0.000719158222385
0.0567700988357
8.82544278049e-06
9.95545924448e-05
7.97521387868e-10
0.0
3.31181626564e-07
1.00430955283e-10
0.0567700988357
0.0567700988357
5.54596468485e-06
0.0567700988357
0.0567700988357
4.18100875427e-06
0.0567700988357
9.95545924448e-05
0.00104439560289
5.54596468485e-06
0.039216141429
0.000420198874337
4.72241526132e-16
0.0567700988357
2.43506723286e-10
0.00370589700843
0.0567700988357
0.0567700988357
0.039216141429
0.000107881554708
0.00117847561535
6.44457852092e-07
0.000404911151305
2.24028119311e-06
0.000182772241347
1.05492325044e-06
0.000181632327777
0.0567700988357
0.039216141429
4.15605117035e-07
4.58617914888e-11
0.00440190091628
0.0567700988357
2.79120272425e-11
0.00273859655886
0.0567700988357
0.039216141429
0.039216141429
5.17854711675e-06
1.01965137123e-18
0.0567700988357
0.000685017792267
0.00279174511378
0.0
2.09182321092e-07
0.0269249602922
1.15595230354e-14
0.0567700988357
4.53562424367e-05
0.0567700988357
0.00279174511378
0.0100479405522
2.93966284584e-05
0.000120009899049
4.08056322975e-09
9.15202139444e-06
2.48327265477e-10
0.039216141429
0.039216141429
0.0567700988357
0.0567700988357
0.000232592140033
0.0567700988357
2.93966284584e-05
0.0003733002379
0.0269249602922
7.17399174641e-08
0.039216141429
7.58652290123e-07
0.00395691399747
0.000214491399834
0.0567700988357
0.000202232407181
2.1371021676e-08
1.18879634732e-05
2.2009338653e-07
9.50706452171e-05
0.039216141429
8.36994793209e-09
1.2072337809e-11
7.93379084688e-15
0.0567700988357
3.12974422275e-09
0.0269249602922
7.5088521412e-11
0.000784369860785
3.87631626623e-06
1.53393980792e-09
7.92194940104e-10
3.32611457337e-09
1.27060997588e-09
0.039216141429
0.0567700988357
1.82776327716e-07
3.20386834411e-05
0.000119758278185
0.0567700988357
0.0567700988357
6.79804205667e-11
0.000626393358477
3.80828368157e-08
0.00117847561535
7.11173476227e-05
1.3817216168e-08
0.0567700988357
0.0269249602922
2.14290914046e-14
1.49063173466e-10
0.0567700988357
2.12980424158e-05
4.74356866805e-05
0.000107881554708
0.000242740958829
0.0567700988357
5.37532416032e-09
9.95545924448e-05
0.000140152270148
0.039216141429
0.039216141429
1.25170957062e-06
0.039216141429
9.70653929529e-06
0.0567700988357
0.0100479405522
0.000113920247183
0.00370589700843
0.000344209834292
3.23007668548e-08
1.29404452717e-09
2.09725177627e-07
0.00121299949423
0.00113018200199
2.71405829743e-11
2.32985501222e-06
0.0567700988357
4.16629357038e-08
0.000646282758599
9.35717415484e-09
0.00017149555255
0.039216141429
0.00113018200199
0.039216141429
1.90888904795e-06
0.000719158222385
0.00370589700843
3.17703279066e-06
0.0100479405522
0.00440190091628
2.17326246541e-05
2.33359692618e-07
0.0567700988357
7.02067012184e-13
0.0
0.0567700988357
8.07724442028e-06
1.57998083525e-08
0.0567700988357
0.00279174511378
0.0567700988357
0.00279174511378
4.53241609762e-05
0.000626393358477
0.000719158222385
0.000214491399834
0.0567700988357
0.000626393358477
0.000129149364949
0.00151385232309
7.94223516197e-05
2.7817466988e-06
0.0269249602922
1.17939830611e-07
0.000140152270148
0.0567700988357
3.7321718824e-06
2.28776557792e-10
0.039216141429
8.39956286819e-08
0.0567700988357
0.000256867099295
0.000404911151305
0.0567700988357
7.28199999837e-10
0.00113018200199
0.039216141429
2.74330648313e-08
0.039216141429
0.000232592140033
0.0166360065717
7.73323225364e-10
0.000487295175098
4.85812595783e-09
6.06552372922e-07
0.039216141429
9.53673038016e-07
1.09023374478e-09
0.0567700988357
0.00274146398467
0.0567700988357
0.000100609285
0.0567700988357
1.42711525394e-05
0.039216141429
0.000420198874337
0.000495210218371
0.0567700988357