500
0.00129397674311
2.52267813335e-12
3.08802797254e-25
5.41288343733e-19
7.85112249776e-16
6.63501559626e-12
6.06697363131e-09
1.77461649866e-07
0.000280546148073
0.00272233400403
3.06174496419e-07
6.13741213402e-20
0.00933898305085
5.59591916269e-76
1.2959393085e-17
1.11930936981e-05
0.00188423321269
0.000366101488429
3.38480171983e-15
0.0045759949451
1.09591533834e-07
3.97480386642e-32
4.31900625366e-05
1.39627289851e-05
9.76411985347e-20
2.41136512964e-09
7.75491331981e-60
7.46730218723e-24
4.20237419023e-09
0.000165229404401
4.34470623451e-33
3.51642473332e-20
0.0
2.3467835598e-09
5.04684634864e-12
4.10280978073e-17
8.75627355073e-34
2.30570376424e-05
2.83368130767e-19
3.36361772448e-39
0.00625469217905
1.2471908438e-56
8.870367197e-43
1.81084461829e-17
3.70416866031e-05
3.76532125262e-06
9.97705718844e-23
4.51953629516e-07
1.170888295e-09
1.38571477823e-11
1.37987000103e-12
1.42654850461e-06
2.52438039275e-30
5.55813192903e-27
7.10583153728e-05
6.58674801059e-06
0.00625469217905
3.53237221232e-14
0.000363990320624
1.26069985096e-12
3.29390072181e-09
4.32255328299e-11
0.00933898305085
0.00129397674311
1.76808556773e-24
1.13160835503e-18
0.00431454989946
0.00625469217905
4.22037454788e-43
1.57494173306e-12
3.75137283092e-27
4.46298805542e-42
4.40076846239e-11
1.24484510681e-12
3.66702414587e-11
0.000100169318522
1.57716217788e-37
1.83635310879e-09
3.61115024087e-13
4.25575448335e-08
4.96095111917e-14
2.26586260365e-08
1.34523988978e-07
6.56308474945e-16
6.44137779978e-34
2.17400154449e-06
5.36073783226e-16
0.00129397674311
7.52847446431e-09
1.1977652658e-15
6.944055001e-27
1.7229461221e-21
0.0045759949451
0.00625469217905
1.26737639047e-14
4.66653234903e-16
0.00010609911232
0.000181265340294
1.04485897839e-30
0.0045759949451
4.89492392238e-20
8.38151250215e-10
0.000448059822662
1.00293036393e-11
2.06493412099e-20
0.0045759949451
3.5807723357e-05
1.54218581704e-12
3.06335275601e-14
0.00625469217905
7.17346503862e-18
9.7980705759e-10
7.79910517378e-52
9.52891095382e-10
2.05765530977e-13
1.07026676787e-18
0.00431454989946
7.04648512468e-21
2.97664508887e-27
7.53245314602e-11
0.000460126930768
5.36324268521e-16
1.20717097185e-11
0.00129397674311
1.16431016872e-06
5.63084498982e-22
1.3093063766e-30
2.66624036243e-08
1.59816088205e-19
3.07989541668e-08
2.89107196417e-24
2.50233089424e-39
2.59781551019e-05
6.37231754909e-53
3.47023154705e-21
1.71868522752e-08
6.13798877339e-21
3.43081365322e-21
2.3266951323e-10
2.40908366593e-11
3.09325523361e-17
0.000273791353558
1.15452148944e-23
2.03505690714e-10
5.65932198694e-18
3.15925630833e-07
1.84181765191e-18
1.36894008714e-11
1.42878579196e-18
0.00625469217905
6.5191921128e-12
1.97458463509e-12
0.000253708370032
2.94278710177e-13
1.18091096862e-09
3.34785620627e-09
1.50614750677e-07
0.000228297133297
3.22079857439e-16
4.10134925948e-25
0.000448059822662
3.02467042579e-13
1.8687715651e-07
1.53357352209e-07
0.0045759949451
0.000448059822662
3.3247475164e-09
2.30577726448e-06
4.23075781734e-06
2.36620836176e-21
0.000692138881527
1.23034374899e-08
3.75484877576e-38
0.00451785714286
5.54841821399e-19
0.000145021420696
9.83979987462e-11
2.15908316599e-13
1.38563070002e-06
0.0
5.45706407017e-29
9.73012694517e-07
1.11253887019e-07
3.64729683305e-14
1.17410816533e-30
1.21283425516e-27
0.00164392419189
1.17872575407e-13
2.07206082185e-05
1.8243770764e-07
1.34378982503e-27
0.00624582461635
1.28960837153e-17
6.69365143104e-05
7.82804385384e-27
1.45461240776e-06
1.47744600748e-09
0.00933898305085
3.98961055677e-12
1.18969371824e-05
5.78834855297e-19
9.54768874762e-08
1.1472404476e-14
4.73104468343e-11
2.64113613061e-25
5.28418987757e-24
4.92524639345e-36
1.1467364457e-07
0.00160967577122
6.75939340481e-13
6.97877508698e-43
6.56809110618e-11
0.00625469217905
3.41722573174e-19
6.15009725499e-22
7.55559229397e-14
3.73925993421e-06
1.0119434268e-44
6.98582401605e-06
0.00625469217905
6.61953408915e-26
3.47374130363e-09
1.44457540654e-10
4.62824938614e-13
1.96348732571e-19
8.03522952356e-05
1.95840325642e-10
0.00037654171099
2.697319561e-14
0.00127085457966
3.76176290635e-10
1.9104180302e-22
0.000165229404401
7.1335779294e-25
3.87766249945e-07
2.68306055898e-11
1.06852130258e-12
1.71674966346e-12
4.0447562739e-12
6.38951626445e-29
0.00431454989946
2.77208657945e-08
9.30544599658e-06
5.18033899627e-19
1.09862498498e-31
0.00624582461635
1.60117589619e-40
9.70211558589e-16
6.47257460222e-18
6.03603388838e-05
3.51624154722e-13
1.50696576963e-20
2.14500968054e-35
3.5086489876e-15
2.88779940115e-32
1.37377135537e-30
3.99392465713e-05
0.000460126930768
9.76316627738e-05
4.29111803016e-13
0.00933898305085
1.03909493816e-06
6.60670082515e-07
6.60973062387e-18
1.22345681984e-37
4.12707871057e-09
0.00129397674311
8.22406521994e-17
9.59178730227e-14
9.71665605151e-08
1.91908289597e-13
2.50914373299e-19
1.17397991232e-05
8.26141265479e-16
0.00625469217905
0.000175320798346
6.94163350637e-10
3.85793090305e-10
0.000640470869038
2.8428918392e-12
8.60100304878e-15
0.0013385966308
4.66468040843e-37
4.65296246917e-12
1.75741758989e-15
2.97174865784e-11
2.17780652381e-59
1.16599102922e-12
2.61365908142e-06
1.67989333874e-28
1.33453316393e-06
8.18756172999e-06
3.49806004965e-37
4.7606918546e-09
2.28406195386e-14
8.11969434459e-49
4.61805099749e-10
3.63126881583e-52
3.07611249847e-50
3.29685360124e-60
2.6368200944e-20
1.04131866447e-28
1.93215944882e-15
0.0045759949451
1.73670247956e-24
0.00933898305085
2.00259719798e-07
0.00188423321269
5.73627798783e-15
1.2907923638e-11
0.000399519983268
1.6141679669e-06
7.44932973177e-22
2.07083093552e-15
1.53456635072e-15
6.70391742546e-17
0.000226564200864
8.07643775161e-08
3.72247813728e-31
3.29994404654e-06
3.39829296035e-45
7.18691138215e-05
2.82523128895e-65
5.89816135734e-45
0.00015207109478
3.4825550535e-30
2.56709970718e-06
6.99713393336e-13
2.78040705868e-11
2.72918724333e-06
4.99877236695e-11
1.01395519897e-09
1.97220831317e-07
3.09954965766e-27
0.00625469217905
1.17531557373e-30
5.31384669348e-09
1.27490621265e-06
3.19276812707e-07
3.79146365058e-19
2.25391857247e-11
4.51739151773e-16
5.15592341141e-08
1.78786515472e-36
5.26696721964e-15
1.39463673837e-15
1.08391338746e-10
1.03521388128e-15
5.45350336923e-19
1.24765929518e-13
1.68284799484e-25
8.95384583517e-22
1.82868940761e-08
7.0748069479e-06
1.41521018251e-06
2.76662784313e-06
8.07551441741e-05
1.9075858465e-24
0.00624582461635
4.39227450353e-22
2.04618009465e-30
2.23721702225e-14
6.12802175264e-06
6.65147794596e-10
0.000175320798346
2.86357123283e-15
3.3420409006e-06
1.05274083482e-22
7.82928351317e-14
0.000460126930768
4.16775243962e-12
1.30400351605e-08
3.68411410003e-21
1.12595878532e-09
3.42345948397e-05
2.82215621291e-23
1.07890438261e-24
4.55673409411e-18
0.00451785714286
3.61268704597e-05
2.83257749242e-07
3.1818610223e-07
4.05157092409e-19
2.19150479661e-14
1.63190580112e-31
3.10429702622e-40
2.79890534677e-39
0.000640470869038
1.2807735631e-25
1.58153981082e-25
8.49043162874e-15
2.40154453042e-07
1.37927081403e-09
1.21701147006e-07
0.00625469217905
0.00933898305085
1.39653848858e-08
3.33958241873e-12
2.48292912492e-13
1.10835458092e-28
2.33863126537e-13
8.2050350671e-13
1.406066267e-05
6.99148591359e-25
0.00127085457966
8.91349312231e-31
3.87901567901e-14
9.00160706321e-07
5.29028216771e-16
0.00127085457966
1.1513516577e-08
2.05904494518e-22
0.000684330164456
2.78655870858e-06
9.77184429463e-06
6.1370778724e-06
3.87105169085e-12
0.00160967577122
0.00933898305085
1.90596482827e-09
1.88181345046e-08
1.21185296574e-73
1.65685255134e-15
1.25045099737e-12
2.60246200807e-17
6.20317522678e-10
2.706509401e-26
0.00624582461635
4.21606015532e-14
1.47659410428e-17
1.25265377066e-09
0.0045759949451
0.00624582461635
9.83165821406e-19
4.02458326337e-08
7.49661851801e-06
2.53163958744e-24
0.00129397674311
8.45364189724e-17
1.11375119997e-30
1.69345725861e-20
1.31011087541e-10
5.29509022085e-34
0.000275984198968
6.79520798011e-20
7.92004695711e-08
1.68593105816e-14
1.6688883405e-18
4.10633457711e-14
3.62945028976e-06
3.70395518516e-29
1.11183112606e-19
0.00933898305085
1.11350703986e-07
0.00624582461635
0.00188423321269
0.00272233400403
3.46389038975e-65
1.37684468196e-14
4.38647664267e-09
8.53680123904e-17
7.1359158498e-05
1.90520452662e-08
2.08908722683e-07
6.69365143104e-05
6.88388103929e-08
0.000161787125143
8.25791233058e-31
0.0045759949451
4.44191424767e-07
1.50884486849e-14
3.46568359165e-05
8.28041855397e-11
1.91067447679e-08
1.22117243481e-32
6.5508547487e-57
5.40165267895e-09
0.0013385966308
1.72328407913e-15
1.06583494181e-19
1.81984311672e-06
4.10844558719e-16
2.01605948501e-14
0.00624582461635
5.48739817729e-23
7.60656903357e-23
1.38720825712e-13
2.63948125496e-35
3.76451501168e-24
9.82113737183e-16
8.07144851353e-16
3.59638763691e-06
0.00188423321269
3.87125721132e-15
1.34709847897e-13
1.05848294875e-13
7.63054375307e-13
7.33722185559e-05
0.00160967577122
6.65656121198e-43