500
0.0
0.000129329588751
1.04345128248e-05
0.0
0.0
1.04345128248e-05
3.07857752153e-10
0.0
0.0
0.0
0.0
8.26034951765e-09
0.0
0.0
0.0
0.0
0.0
0.0
4.05437323398e-09
0.0
1.90356550038e-13
0.0
0.0
3.84524990423e-11
2.4344782671e-08
3.35036364195e-05
0.0
1.60601747482e-09
0.0
1.98485074037e-08
0.0
0.0
0.0
0.0
0.0
0.0
2.90475825618e-19
0.0
0.0
7.54988793424e-07
5.51829612738e-12
0.0
0.0
0.0
1.04345128248e-05
0.0
0.0
0.0
0.0
0.0
0.0
1.36510511796e-12
0.0
0.0
0.0
0.0
1.04030619994e-05
2.06697343662e-05
0.0
0.0
0.0
2.14573768679e-08
4.28778955307e-08
2.06697343662e-05
0.0
0.0
0.0
0.0
2.27724876841e-08
0.0
0.0
1.02754557313e-22
0.0
0.0
0.0
0.0
0.0
0.000129329588751
0.0
0.0
3.53830476185e-13
0.0
0.0
9.58592417087e-08
0.0
0.0
5.56209527278e-09
0.0
0.0
0.0
0.0
3.92516770038e-06
5.86420486241e-09
2.02478951117e-08
6.9580838536e-08
0.0
0.0
7.09543957072e-10
0.0
5.09960062697e-10
3.90386217594e-10
0.0
0.0
0.0
0.0
0.0
0.0
0.0
0.0
1.3868664489e-07
0.0
1.0891743021e-07
0.0
0.0
0.0
3.41818027497e-08
0.0
0.0
0.0
5.4028252579e-09
0.0
0.0
0.0
0.0
1.0127307497e-09
0.0
0.0
0.0
0.0
0.0
0.0
0.0
0.0
0.0
0.0
0.0
0.0
0.0
0.0
0.0
0.0
0.0
0.0
0.0
0.0
2.06697343662e-05
0.0
0.0
0.0
5.37182019007e-08
0.0
1.59964433178e-09
3.58878483404e-19
5.9097032749e-05
7.16313118394e-08
0.0
9.39903007695e-11
3.89772847446e-13
0.0
0.0
0.0
0.0
0.0
0.0
0.0
5.86420486241e-09
0.0
1.25838919144e-09
4.55570116598e-10
0.0
8.51651106054e-11
0.0
0.0
0.0
5.95620203014e-06
0.0
0.0
1.13322369779e-08
0.0
0.0
0.0
0.0
0.0
2.20966153936e-05
1.26781111908e-06
0.0
2.58594236537e-11
6.97807591178e-07
0.0
0.0
3.63685768142e-07
8.1504876764e-11
0.0
7.92357055872e-14
3.48108288161e-20
0.0
1.63454212684e-08
4.20072471274e-13
0.0
0.0
0.0
5.11031480231e-10
3.63685768142e-07
6.00728149542e-15
5.32047728055e-14
0.0
9.62331045686e-10
0.0
3.62373517963e-06
0.0
3.04510644435e-10
0.0
2.10588362338e-06
0.0
0.0
0.0
0.0
0.0
0.0
1.62597345115e-05
7.97730914591e-09
0.0
0.0
0.0
6.10723057993e-05
0.0
6.97031543137e-06
0.0
2.66936847524e-13
0.0
2.47635372031e-09
0.0
0.0
1.39059775914e-05
0.0
0.0
0.0
0.0
0.0
2.94852312805e-08
1.82698193531e-09
0.0
2.42602516035e-05
0.0
0.0
0.0
5.08107799375e-08
0.0
0.0
9.26038893128e-07
1.73221498309e-06
0.0
0.0
0.0
0.0
0.0
0.0
0.0
1.39059775914e-05
6.97807591178e-07
0.0
0.0
0.0
0.0
3.7285001406e-13
0.0
2.20966153936e-05
0.0
0.0
0.0
0.0
1.69196602647e-06
0.0
0.0
1.04345128248e-05
0.0
0.0
0.0
5.10787815779e-10
0.0
3.93175104287e-08
0.0
0.0
1.04345128248e-05
7.00126414081e-08
0.0
0.0
0.0
0.0
0.0
0.0
0.0
0.0
7.13672540094e-07
0.0
4.48507003739e-10
0.0
3.18059781379e-09
0.0
1.98485074037e-08
0.0
0.0
0.0
0.0
0.0
0.0
0.0
0.0
0.0
0.0
0.0
0.0
3.35036364195e-05
0.0
0.0
2.41518488322e-09
2.2518691805e-05
0.0
7.61848251738e-11
3.45642974136e-13
1.04345128248e-05
0.0
0.0
0.0
0.0
0.0
0.0
0.0
0.0
3.63685768142e-07
0.0
0.0
2.6554725737e-07
3.10445595738e-08
0.0
6.97807591178e-07
0.0
6.97807591178e-07
0.0
0.0
0.0
0.0
0.0
0.0
7.32018010628e-06
5.22151030682e-09
0.0
0.0
0.0
0.0
1.4706112542e-25
6.76639022224e-13
0.0
0.0
2.06697343662e-05
0.0
1.95235646737e-05
6.97807591178e-07
0.0
0.0
0.0
0.0
0.0
0.0
4.67488437896e-07
0.0
0.0
0.0
0.0
0.0
7.4649313494e-11
0.0
3.10445595738e-08
0.0
0.0
0.0
0.0
0.0
0.0
0.0
0.0
2.30591042945e-12
0.0
2.11195632239e-14
0.0
0.0
0.0
0.0
0.0
3.43746273518e-12
0.0
4.42977002534e-09
0.0
0.0
3.14850231262e-12
2.70786898512e-10
8.05477593079e-07
0.0
0.0
0.0
0.0
0.0
0.0
0.0
0.0
0.0
3.81043363067e-08
0.0
0.0
0.0
0.0
0.0
0.0
0.0
0.0
5.02526333446e-06
0.0
0.0
0.0
0.0
4.66667686142e-11
2.59697445278e-09
0.0
0.0
0.0
0.0
0.0
4.97551943884e-12
0.0
0.0
0.0
0.0
0.0
0.0
0.0
5.15070840488e-05
0.0
2.07092141059e-08
0.0
0.0
0.0
0.0
9.66775641687e-10
5.08607162663e-08
0.0
0.0
0.0
2.91650652927e-11
1.1470586598e-08
2.06697343662e-05
2.04998021339e-08
0.0
0.0
0.0
0.0
0.0
1.11218587267e-09
0.0
0.0
0.0
5.4028252579e-09
0.0
2.03959937326e-13
0.0
0.0
3.93175104287e-08
0.0
5.84434867862e-11
0.0
0.0
2.06697343662e-05
0.0
0.0
0.0
1.10191582654e-13
0.0
0.0
2.5135795437e-06
0.0
0.0
0.0
7.79108664566e-10
0.0
0.0
0.0
0.0
0.0
0.0
0.0
0.0
0.0
3.39693327905e-14
0.0
0.0
0.0
0.0
1.20474801346e-07
0.0
0.0
2.94852312805e-08