500
5.18655960745e-05
0.00375805957248
3.36844212881e-05
0.0002770810892
1.92968009154e-06
1.37573806148e-08
3.80800061803e-06
0.00413218816681
0.001476715572
6.8440457932e-05
0.0277408023787
0.0269356603572
0.000348512719817
0.00620861952181
0.00739947833462
2.59132897498e-08
0.00545757323073
2.19171147398e-08
6.91541323168e-08
0.00024716716266
0.0320588984628
0.03510201686
8.84253535799e-13
0.00784646506212
5.13973061158e-18
1.34608184323e-08
6.09304057909e-12
7.20153756116e-09
0.0064319255417
9.88199663137e-06
1.12177680119e-08
0.0074262710175
4.04377918006e-06
0.0320588984628
0.03510201686
1.76432752039e-05
0.000812962635234
1.44507635898e-07
0.00675799130158
1.00362052938e-05
0.0320588984628
0.00675799130158
0.03510201686
5.38228071524e-09
0.0320588984628
9.04869668422e-09
0.000902303699541
4.35390550177e-10
0.000936376805049
0.00678246123171
8.47780406442e-08
6.6507097511e-21
0.000968669035416
0.00161108275846
2.06232827982e-08
0.00112373943025
0.000163543998384
3.64989286197e-05
0.0320588984628
7.96601946985e-08
0.03510201686
7.3155544314e-07
3.98175809098e-05
1.08043676171e-05
0.00413218816681
5.5411095758e-10
4.55878731606e-09
3.4079458638e-18
0.00597562102084
3.88560441598e-15
2.18814068048e-11
0.03510201686
0.000864666462232
6.71161438109e-09
7.98571724483e-09
0.00104862229317
6.13992945159e-10
0.00572091628546
1.26961504663e-17
0.00480912374775
3.73089379509e-07
8.68802890797e-11
5.07754778993e-09
7.10103102978e-07
3.80149913997e-14
0.0277408023787
0.00613157088141
1.65123304211e-20
0.03510201686
2.87686855048e-07
0.0269356603572
2.11915477314e-06
0.0215141393658
6.54129098137e-05
0.03510201686
0.0277408023787
0.0064319255417
0.000322588922355
0.03510201686
2.17568850681e-05
5.10747750379e-05
0.000242922464742
0.0277408023787
2.96515848209e-05
0.00128410900936
0.000189263607991
0.0215141393658
0.00784646506212
3.50632279298e-05
0.00413218816681
0.00613157088141
0.00170319412785
1.89392294618e-15
0.0074262710175
0.00161688945632
0.03510201686
0.00613157088141
0.000232172130312
4.45010767631e-10
6.05932991927e-10
6.62744716687e-05
1.63344085141e-05
0.0320588984628
0.000857504763706
1.66852916688e-12
0.0320588984628
0.0320588984628
0.03510201686
0.00678246123171
0.00675799130158
0.00169482079389
1.88371574689e-18
0.000326083392262
2.14132261527e-08
0.0320588984628
0.000298390079734
0.0058919219353
2.07663789343e-05
5.22853324888e-11
2.96641028256e-05
3.37938526368e-06
9.84285329852e-06
0.00716622716359
5.22664389773e-15
0.00425570466093
0.03510201686
0.03510201686
8.10064562228e-10
0.03510201686
0.000250358849776
0.000940554630694
0.0277408023787
1.18657768943e-07
0.00138597267742
0.0277408023787
6.69037683087e-05
0.00739947833462
0.0269356603572
0.000298390079734
0.000979973066792
1.23811802299e-18
9.17250063649e-08
0.03510201686
0.00129449514496
0.0277408023787
0.0320588984628
0.0277408023787
0.000297790538136
0.00597562102084
1.59504628136e-17
0.00154789076539
0.03510201686
0.00425570466093
1.2634111891e-05
2.36660913713e-06
1.04088834037e-06
0.0215141393658
4.3226996199e-14
1.00210194182e-09
0.00597562102084
0.00115732946757
1.12703757009e-07
0.0215141393658
0.0320588984628
0.0320588984628
3.73035244317e-05
0.0277408023787
4.35662345722e-07
0.0320588984628
0.00620861952181
0.0074262710175
6.40149029675e-05
0.00624524696397
0.0320588984628
1.19961023874e-09
0.00602842212144
0.000330101474713
8.14381060067e-05
1.77545668221e-08
0.00572091628546
2.46472491978e-06
6.17878244493e-10
3.97819896259e-17
0.000500876620516
0.0058919219353
0.00739947833462
1.64181647406e-05
5.72393327735e-05
5.73262505593e-25
0.0277408023787
0.000224620144219
0.000297790538136
2.27867038786e-07
1.45928964287e-12
7.20698848848e-05
0.00147845337475
0.0215141393658
2.27253098844e-07
0.00091704841761
5.7508009678e-11
0.00143554311849
0.03510201686
8.63044609034e-07
0.0277408023787
0.03510201686
0.0320588984628
0.00120906344741
9.41551125211e-08
0.000281019030881
3.57545455407e-10
1.00806654498e-05
3.69106747884e-10
0.00678246123171
2.80136798749e-08
0.03510201686
0.00425570466093
0.0277408023787
0.0320588984628
0.000186191942666
0.00597562102084
1.62331998849e-19
7.38383723008e-07
8.22643111468e-09
3.3249813012e-06
0.00161688945632
0.0320588984628
0.0269356603572
4.94919472392e-12
1.51532717391e-09
0.0074262710175
0.0009807674095
2.44278041376e-08
3.86184452387e-07
0.0320588984628
0.00613157088141
0.00364076500296
0.000172280053471
0.0277408023787
0.03510201686
0.0269356603572
0.03510201686
0.0011439961593
1.90313075273e-06
0.0269356603572
1.93511748389e-11
5.8783517803e-08
0.00142740120854
3.52035164822e-10
1.20972028448e-07
2.05472462816e-07
0.0277408023787
0.03510201686
0.0269356603572
0.0277408023787
0.03510201686
1.65354254949e-07
5.83441187123e-07
2.1575454801e-10
2.35167838896e-06
0.000407731974957
0.00602842212144
7.06695379172e-07
1.97376805616e-06
1.48914682581e-09
0.00613157088141
0.0320588984628
1.43992334378e-11
0.000282027679014
1.84949232567e-11
3.12159773064e-18
6.0872671719e-07
0.0320588984628
0.00613157088141
0.0277408023787
0.00018686157448
1.51685498973e-20
6.71824012435e-05
2.53416278477e-06
3.40650594036e-09
1.17331315232e-05
2.08679985648e-09
4.44136958107e-06
0.03510201686
0.0269356603572
0.00155553818531
1.95812333492e-07
0.000228042705592
1.06081148972e-05
2.05158852265e-10
4.21159905326e-19
0.00131908058735
0.00099099676355
0.00135511887471
0.0320588984628
2.49580293269e-09
0.0277408023787
0.0320588984628
5.06975462363e-05
1.8490644528e-05
1.22165329066e-13
0.000883136699578
1.10600833365e-05
0.0320588984628
1.03434103038e-05
0.00784646506212
4.50205757601e-09
8.71698126572e-08
3.06309718055e-08
0.000312001258611
9.17517785524e-06
0.0277408023787
4.65655067242e-05
0.0269356603572
8.02322308863e-06
0.00067055403906
4.00680166454e-09
6.69420535413e-05
4.08175683754e-05
4.00223855503e-05
0.0064319255417
0.03510201686
1.05462996105e-05
0.0320588984628
1.80051511464e-05
0.0277408023787
1.38173305726e-10
4.80155492512e-05
2.68862404527e-07
0.0277408023787
0.0277408023787
0.000237498575359
0.00597562102084
0.0215141393658
5.72553045374e-05
0.00413218816681
2.90642637689e-09
1.15249433363e-14
0.03510201686
1.17088945202e-06
1.38448417091e-15
2.27260525659e-06
0.00453516414057
0.0320588984628
2.73195359903e-06
0.00129000371803
4.60653281582e-09
5.74091434127e-07
1.57926831861e-06
3.16613977486e-06
0.0320588984628
1.27177876296e-05
0.00110457144413
0.00147833391317
0.0320588984628
8.87309618931e-05
3.9718393755e-07
0.0277408023787
2.48543468723e-08
1.71897792565e-11
0.00480912374775
5.13483038242e-05
0.0320588984628
0.00613157088141
2.76029588463e-10
1.46900072933e-08
1.78874399603e-10
0.03510201686
0.00032387815178
0.03510201686
5.5938456587e-07
0.00031447799434
0.000735820145853
0.00425570466093
2.60544413016e-06
0.03510201686
5.62731312733e-06
0.00784646506212
0.0277408023787
0.03510201686
0.000314958059934
1.59952071518e-05
3.45656236897e-07
0.0320588984628
0.00602842212144
0.00624524696397
3.42195819041e-09
0.03510201686
0.0277408023787
0.000159368727553
0.03510201686
0.000297678087719
1.70945582784e-05
0.00739947833462
0.000913755977435
0.00455158546234
4.57940829712e-05
7.88232776375e-06
3.9411050561e-07
7.35360961066e-09
0.00572091628546
0.000936376805049
0.0277408023787
1.49571782673e-05
0.000855198977192
1.99519768407e-06
3.44808311388e-09
0.00143554311849
0.0269356603572
0.00678246123171
8.51268595886e-10
0.0269356603572
1.18591435716e-12
0.000222998775512
0.000138576869563
0.000164874397162
0.0215141393658
0.00480912374775
7.7303412862e-05
0.0320588984628
2.29219952687e-06
8.82981630794e-16
0.03510201686
0.0277408023787
6.06072345917e-06
5.49877239823e-08
0.0277408023787
0.0277408023787
1.33938626523e-05
0.0215141393658
6.23602605394e-06
2.40595380924e-08
1.83494292844e-06
1.89121286929e-07
1.05950242396e-05
5.6148852265e-13
7.39436582989e-17
5.65899244318e-07
0.0277408023787
2.174993557e-09
0.03510201686
0.00560000324451
6.3385547209e-05
0.03510201686
0.000194901205039
1.8085493441e-07
0.00613157088141
0.00136368898634
1.43162378059e-06
0.00624524696397
1.39026538313e-11
0.00572091628546
0.00170470480316
6.90941117701e-06
0.0320588984628
0.0320588984628
2.2860580493e-08
1.91504682895e-07
5.3333720573e-05
0.00675799130158
9.47007223356e-08
4.42972169519e-10
0.0277408023787
1.54785300986e-05
0.000306576074037
0.000117996063888
0.00140091695122
0.00139987314278
4.63598386447e-05
0.00613157088141
5.61442783563e-07
0.03510201686
9.27569814308e-08
0.00139987314278
3.71800235625e-06
0.0074262710175
1.91778006936e-12
1.15786004199e-05
5.01677902179e-08
0.00425570466093
6.22996370754e-05