500
0.000527126446198
0.0
4.11861567622e-10
3.8874846872e-08
6.16216753039e-12
2.10701427862e-13
0.0
0.000523531696437
0.0
2.05405356122e-23
0.0
0.0
0.0
8.31306235116e-11
0.0
6.19976828268e-06
1.29849610078e-12
1.89053020268e-09
0.0
0.0
8.0231242564e-07
3.63560597818e-07
0.000508395503426
4.77355916224e-07
5.6817559358e-09
0.0
0.0
0.0
2.23332295923e-07
0.000261427809753
0.0
3.13676113049e-29
0.0
0.000757318692755
0.0
0.0
0.00488168893575
0.000245641264515
3.40297145308e-07
0.0
3.14931184074e-05
5.69152376838e-30
1.00400708162e-08
6.76449320884e-20
1.07639140881e-05
2.29175484661e-07
0.0
4.03950052948e-18
0.0
6.91664239187e-10
0.000523531696437
0.000262786284232
0.00092603034782
0.00113143654141
2.5233421843e-09
2.84671929407e-07
0.0
1.01120625489e-12
1.83980554431e-05
0.00115034632658
0.0
0.000997286946231
6.08078249446e-05
2.8955020371e-05
0.0
7.10847066226e-09
6.73377762248e-16
2.7765737426e-05
8.1233797852e-15
9.43186138313e-29
3.95203181256e-41
1.05711002309e-05
1.16904934809e-50
0.000332564333997
3.64696247754e-08
0.0
0.0
0.0
0.00117852510349
7.34254832354e-30
0.0
0.0141360140239
0.0
1.37101604183e-13
3.95002146103e-05
0.00164817896506
0.0
0.00113143654141
0.0
6.56440337772e-07
2.09129392503e-09
1.77535867607e-15
0.0
1.84851713325e-07
9.67056463716e-05
0.000198350714066
4.19205730216e-17
5.21299138214e-10
2.10272151817e-09
0.0
0.000422574601307
0.0
0.000251669219751
3.49437077005e-06
0.000353706802179
9.30463137115e-14
0.00117852510349
0.0
1.18573174646e-06
7.39942234176e-07
2.27156888843e-07
0.0
0.000997286946231
5.27678304221e-24
0.0
9.67056463716e-05
7.19360223051e-15
0.0
1.23800199019e-22
0.00164817896506
1.82584214356e-06
2.76212560647e-07
6.08078249446e-05
1.27452560548e-11
2.07605970304e-08
0.0141360140239
5.06447093745e-10
0.0
0.00164817896506
0.0
1.53391857708e-17
0.000110691468853
0.0
7.89382969994e-07
1.05101890961e-15
0.0
6.59607251456e-07
1.8278274271e-15
0.0
0.00160981731935
0.00170975690464
1.59307568084e-07
0.000521961378444
0.0
0.000541155438858
6.65964338552e-18
0.0
8.41200131637e-19
0.0
0.000388789499374
2.98260599706e-12
0.000508395503426
0.0
2.89575242789e-06
0.0
0.000261427809753
1.60188391358e-12
4.3082622874e-09
1.7248776287e-08
0.0
4.47613849299e-06
0.0
0.0
7.92219069069e-11
7.7681152782e-07
0.0
0.00488168893575
1.04101742686e-05
3.4897327299e-05
0.0
2.4436627641e-05
2.73285326389e-05
0.0
4.85833703111e-05
4.77676474815e-17
6.59713439053e-13
0.0
0.0
8.09877749624e-10
0.0
0.0
2.36327527209e-07
0.000319085001796
1.08469287364e-08
1.18620174857e-10
0.0
0.0
0.000508395503426
2.1394452988e-05
1.94134886398e-09
0.0
0.0
0.0
2.67718616779e-12
0.0
0.0
9.67056463716e-05
1.61365298833e-07
0.0141360140239
4.45429097933e-29
9.04658032833e-08
0.0141360140239
0.00488168893575
0.000451936354075
0.0141360140239
5.49459190211e-07
2.56222005649e-10
3.63283755853e-20
4.40753762683e-06
6.90092807522e-05
5.92069385757e-13
0.0
0.000169920228024
9.41676426672e-14
1.66607511108e-11
0.0
2.73124669618e-05
2.12262261621e-07
5.60911475428e-16
0.0
5.03661438097e-05
1.26744877399e-12
0.000313407083925
0.0
0.0141360140239
0.0
0.000754269763094
1.2646454382e-09
2.15735360617e-16
0.0
6.48930306382e-06
3.46918867919e-05
4.17807862919e-09
0.00115034632658
1.16062149232e-22
1.30279215705e-07
9.31260757674e-10
0.000262786284232
1.60016950311e-29
0.0
1.04101742686e-05
0.000418329723653
0.000397304097076
0.0141360140239
1.98641215805e-06
1.88592411722e-12
0.0
0.000653483586474
0.0
8.79744961038e-08
2.74600159799e-05
0.0
4.61540829166e-06
0.0
1.19556985231e-12
1.37115535884e-05
6.88273219239e-06
8.79255016861e-08
0.00488168893575
0.0
0.000754269763094
0.0
0.000168736131325
0.0
0.00102187095834
8.31887093954e-10
2.71957128661e-07
0.00264472507772
0.00264472507772
0.00488168893575
1.16323307914e-09
1.08948429564e-05
5.77247763528e-05
0.0
1.21998176135e-17
0.000653483586474
1.11874825695e-14
1.8902591043e-12
0.0
0.0
6.49328170717e-05
7.23141120095e-11
0.00020835289061
9.98446033225e-14
2.475946508e-10
0.00149752671469
1.90847823775e-06
4.09707050817e-16
4.15049372272e-06
0.0
8.12856590555e-06
5.94768256849e-11
2.26764951037e-10
3.75526572065e-10
0.0
0.000261427809753
2.90631974177e-18
0.00170975690464
0.0
2.68832422056e-08
0.0
0.0
5.34996812053e-05
6.53410067822e-08
0.000236180965918
0.0
1.21738575486e-06
3.56690546683e-11
3.78974950116e-10
5.64296188094e-05
0.00488168893575
0.000997286946231
3.71928764833e-09
2.58718601511e-17
0.0141360140239
0.0
0.00160981731935
0.0
1.38668734246e-08
0.0
0.00117852510349
6.14080375765e-05
0.0
4.43062524419e-07
5.10631019594e-13
0.0
3.23516551911e-10
7.10826671542e-09
0.00160981731935
0.0141360140239
0.0
0.0
8.95654328388e-08
0.0
0.0
0.00170975690464
0.0
8.66526340192e-15
0.000438398588095
0.0141360140239
9.33840482527e-08
4.94088037243e-18
0.0
4.93903523528e-26
0.0141360140239
2.19737642735e-08
1.00341822967e-08
8.47546646934e-13
0.00149583444559
6.51689186824e-06
0.0
1.59222426941e-05
2.05667512348e-05
0.0
0.0
1.27308824642e-09
2.79912672732e-27
0.0
3.50618161294e-08
2.06756442136e-07
8.2734915997e-11
0.0
0.00149583444559
0.0
1.44092337059e-05
1.66542853171e-07
0.000139302192111
0.0141360140239
2.76557530414e-06
0.0
0.00488168893575
2.3424031049e-20
0.0
0.00264472507772
0.0
0.000302525399685
2.43189788034e-08
3.37740313136e-08
4.29366128972e-15
3.98074265343e-10
6.19136913783e-10
5.34373207433e-06
0.000100111841724
1.20244451306e-05
0.000287490356038
5.51578114455e-07
0.000422574601307
2.01706834745e-09
1.42992606624e-32
0.0
1.67873463314e-16
0.0
0.0141360140239
0.000381096041648
0.0141360140239
0.0
6.14410118357e-10
0.0
0.0
0.0
0.0
0.0141360140239
6.62015561538e-05
2.9439773492e-14
0.0
3.86674041794e-06
9.81758450835e-06
0.0
2.0170709506e-13
0.0
0.0
0.000245641264515
0.0
1.35373346108e-11
0.0
9.3167798986e-09
1.87900763001e-08
4.79265465351e-05
0.0
0.00092603034782
0.0
2.08277826501e-16
0.0
5.21061137001e-05
0.0
0.0
1.28718187847e-09
7.15869027246e-26
0.00357187146464
8.14234472002e-11
1.69779990897e-11
9.26088059692e-07
0.0
2.85677938488e-06
5.51727888074e-05
3.88673536092e-06
9.18268736113e-11
0.000418329723653
4.32600426314e-07
4.99367606781e-17
0.0141360140239
1.47085149003e-07
0.000653483586474
1.22884806079e-16
0.0
7.6627498699e-05
1.8886684164e-06
4.71499725274e-05
0.0
3.8486548795e-18
0.0
7.87619138475e-05
1.52381240538e-13
8.00598069517e-13
0.0
2.9507498492e-09
0.000319085001796
0.0
1.16449549906e-08
0.000184127849832
0.000279070628295
3.30984089376e-05
0.0
0.00160981731935
4.31413377098e-06
5.53868645598e-05
6.14747804858e-08
1.52688074487e-07
0.00149752671469
0.00117852510349
0.0
4.73990616564e-08
5.2948119457e-06
0.0
0.0141360140239
0.000261427809753
0.0
0.0
0.0
0.0141360140239
0.0
0.0
2.5055721012e-06
0.0
1.62465904167e-17
9.72420025095e-18
0.000653483586474
0.0141360140239
0.00149752671469
1.92123424704e-06
0.0
4.34973700182e-07
0.0
0.0
0.00488168893575
0.000306402691157
3.41622254871e-06
3.35994317533e-05
0.000700811061785
3.94487720468e-22