500
4.112006134e-05
0.000937333628302
0.000679044672889
0.00564068217487
0.00564068217487
0.00265941111417
2.78857968305e-09
0.00034924522463
0.0157488522241
0.0157488522241
0.021509069255
0.00564068217487
4.10412456082e-13
0.00380100511375
0.021509069255
0.0157488522241
2.7495651001e-07
2.94276385487e-06
0.000679044672889
2.05346729966e-08
0.000233640767779
4.42865318197e-06
1.04933816988e-07
0.00564068217487
1.66918422807e-10
3.57920576192e-07
0.000679044672889
3.38173166305e-07
0.0157488522241
0.0157488522241
2.68003011191e-09
0.00112426663603
3.94309501801e-06
3.15800285688e-06
2.42416245097e-07
0.0157488522241
0.00112426663603
0.00020289689527
1.14553681493e-05
0.000139617489932
0.00564068217487
0.0013872794704
2.62905190747e-13
3.06359822778e-07
0.0157488522241
0.000679044672889
0.00079791413131
0.00112426663603
1.05876096737e-05
0.0157488522241
7.19757482528e-05
1.14553681493e-05
2.54814238404e-07
0.000233640767779
2.64163875016e-05
0.000161319193288
0.0
0.0
0.0157488522241
0.0157488522241
0.0157488522241
0.0157488522241
0.00564068217487
0.0157488522241
0.00265941111417
0.0157488522241
0.00564068217487
1.93746070296e-09
0.00238584503961
6.86250671538e-05
0.000937333628302
5.73286414584e-07
0.00564068217487
0.000679044672889
0.00238584503961
0.00564068217487
1.50646202124e-05
1.86125502591e-06
0.00380100511375
1.25545704486e-05
2.48320955812e-14
0.00112426663603
0.0
0.0157488522241
0.0157488522241
0.00564068217487
0.0
1.54714158495e-08
0.00564068217487
0.0013872794704
1.83191940756e-07
0.00014914588478
0.00380100511375
0.00020289689527
0.0157488522241
0.000937333628302
0.00238584503961
0.00265941111417
0.0157488522241
0.0157488522241
9.80350602941e-05
0.000113709239969
0.00265941111417
0.021509069255
0.0157488522241
2.4124111689e-09
0.000267579980686
0.0157488522241
0.0157488522241
0.0157488522241
4.26254268505e-05
0.0
4.51137286928e-12
0.00564068217487
0.00564068217487
1.78782891786e-14
3.73807503781e-06
0.0157488522241
1.7177706536e-10
0.000375538900816
0.000483063538508
0.00065117230728
0.00564068217487
1.14557422622e-05
0.000405458231762
1.15594318705e-05
0.000301717079465
0.0157488522241
2.73572023971e-06
0.00564068217487
6.62281869137e-06
0.00238584503961
0.00564068217487
6.56862339938e-05
0.000405458231762
0.0157488522241
2.72922388069e-06
0.021509069255
0.0367570381842
0.00238584503961
0.00079791413131
8.11317506807e-05
0.00346239246507
4.75982251029e-07
0.000162898595933
0.00112426663603
0.0157488522241
0.00238584503961
0.0
1.1379205604e-08
3.82401152164e-09
0.021509069255
0.0367570381842
0.021509069255
0.0157488522241
0.0157488522241
6.05082168077e-09
0.00564068217487
3.4713111602e-05
3.75554085434e-06
0.0157488522241
0.00265941111417
0.000483063538508
2.04710776156e-05
8.15351229023e-06
1.30868383899e-06
0.00564068217487
0.00564068217487
8.50358355483e-05
1.13255360082e-05
0.0
0.0367570381842
0.00380100511375
0.0157488522241
0.00564068217487
0.00380100511375
2.53101240716e-05
3.23363047878e-05
2.90056451176e-07
0.000668421015753
0.00265941111417
2.1739419646e-05
3.70202707863e-07
0.00380100511375
4.63067823737e-06
0.00112426663603
5.7950586143e-12
0.0157488522241
0.00238584503961
0.000679044672889
0.021509069255
0.021509069255
3.23363047878e-05
0.0157488522241
6.10476998086e-08
3.33616985547e-07
2.71076870746e-05
0.00564068217487
0.00112426663603
0.00380100511375
0.000624331857617
3.23195343592e-06
1.98468448944e-05
4.112006134e-05
4.69891770729e-06
0.0157488522241
3.57571345159e-06
2.11790240988e-05
0.00380100511375
0.00016401569717
0.000122990592814
6.51801547727e-12
7.99828598764e-09
5.97242664354e-05
0.0157488522241
0.021509069255
0.000113709239969
3.17099612399e-12
0.000267579980686
0.000101541989769
0.00079791413131
0.0157488522241
1.49070802788e-06
0.0157488522241
9.34695044739e-06
0.00016401569717
0.00564068217487
0.000679044672889
0.00564068217487
9.67815130075e-09
2.01907708624e-06
3.0748797488e-07
0.000546743798653
0.000752334379031
0.021509069255
0.0157488522241
0.000405458231762
2.53187717901e-11
0.00346239246507
2.7954528345e-07
0.000113709239969
0.0013872794704
0.00564068217487
0.0157488522241
0.000624331857617
0.00265941111417
0.00380100511375
0.00564068217487
0.00238584503961
6.29712747828e-05
0.00065117230728
2.86782188336e-05
0.0157488522241
5.67200348434e-07
0.022880569759
0.00079791413131
0.000120475393677
7.49669628256e-10
5.94025841519e-12
0.021509069255
0.00380100511375
1.29545758327e-06
0.0157488522241
1.32037843099e-09
0.021509069255
6.63394176203e-07
0.0
1.79524069068e-07
0.0157488522241
0.000330030305746
0.0
9.33449311578e-06
0.0157488522241
0.00564068217487
0.000405458231762
1.15106924061e-05
0.00265941111417
0.0367570381842
6.6991667912e-08
5.73568190864e-05
1.37184233176e-07
1.51984391485e-06
0.00564068217487
6.9615210649e-05
0.00380100511375
8.87894043069e-08
0.00079791413131
0.00564068217487
0.00564068217487
1.80731796669e-05
0.000264403120687
0.0157488522241
0.00564068217487
0.00346239246507
4.68790408776e-05
0.000327824317872
0.0157488522241
4.7860286016e-07
0.00103234074956
0.000204765563649
0.00564068217487
0.000483063538508
0.00265941111417
1.88351535789e-06
0.0157488522241
0.0157488522241
1.53236168919e-05
0.0157488522241
2.49564305794e-06
0.0
2.01891937776e-07
0.0367570381842
0.00112426663603
0.000280651370641
0.000375538900816
0.0
0.0157488522241
0.000405458231762
0.0157488522241
0.021509069255
4.66537132687e-05
0.0157488522241
0.021509069255
1.64753000398e-05
4.9193304843e-07
8.74329383303e-08
0.00238584503961
0.00380100511375
0.0157488522241
6.49367370554e-07
0.021509069255
0.0157488522241
4.6529948654e-13
0.00564068217487
1.14553681493e-05
0.00564068217487
1.05202480228e-08
0.00564068217487
0.000169849965025
0.021509069255
1.96749094091e-07
0.00019921525008
0.00265941111417
0.00380100511375
0.0157488522241
0.000937333628302
0.0157488522241
0.000118556495639
0.0157488522241
0.000113709239969
2.05716022794e-09
0.0367570381842
0.00564068217487
5.55018354408e-08
0.0157488522241
6.55043839607e-06
2.99918779443e-07
0.0157488522241
2.08167172214e-08
0.000668421015753
0.00564068217487
0.00238584503961
9.67648844314e-06
9.48238225485e-07
1.41419138012e-06
0.00564068217487
1.14070096331e-08
2.97735793704e-05
1.28007802993e-12
0.000204765563649
0.0157488522241
3.05751357847e-08
3.4713111602e-05
2.54775151822e-14
0.000182251752844
1.26986458519e-07
0.000679044672889
6.67038771228e-08
0.00079791413131
3.34718265988e-07
3.54585656662e-05
0.00238584503961
0.000280651370641
0.0157488522241
0.000264403120687
4.4476360566e-07
0.00564068217487
0.0157488522241
2.98864703118e-05
0.000122990592814
0.00380100511375
2.50733625333e-07
0.000937333628302
0.022880569759
1.99781027296e-12
0.0157488522241
0.00265941111417
0.0157488522241
0.022880569759
8.1945292049e-11
0.0157488522241
0.00020289689527
0.000668421015753
0.00380100511375
2.14278402455e-09
0.000144699645341
0.00380100511375
2.34238404302e-07
3.35201275357e-10
3.48146165304e-10
5.23607883195e-06
0.0157488522241
0.000679044672889
0.000116994650507
0.000118556495639
0.021509069255
3.06376754137e-07
5.79437609102e-07
0.0157488522241
0.000679044672889
4.34462692871e-06
0.00346239246507
0.00179231884579
0.00265941111417
9.6226457219e-07
1.59472588791e-07
5.06034322335e-05
0.0157488522241
7.09067362502e-05
3.1973564433e-09
0.00265941111417
0.021509069255
1.73582253652e-05
0.0157488522241
2.15090573363e-06
0.00265941111417
0.000235071199579
1.63961062621e-05
2.04710776156e-05
0.00238584503961
4.96371375369e-09
0.00564068217487
6.56094370151e-07
1.18258325482e-08
7.83551832712e-06
0.000195763408163
2.14657149287e-08
0.0157488522241
0.0157488522241
0.00564068217487
3.78566813966e-06
0.00037308471825
0.0
0.00265941111417
1.06147623152e-05
0.000103949992807
0.0157488522241
2.47781198966e-05
9.832533189e-08
0.0157488522241
3.41822692615e-06
5.91283743402e-10
4.87023512283e-16
5.42461884966e-06
0.0157488522241
1.53286803915e-07
0.000483063538508
0.000483063538508
0.000120475393677
0.00380100511375
0.000399982111319
3.28763898285e-06
1.16232947186e-05
0.000679044672889
8.27004919181e-07
0.000267579980686
0.000399982111319
0.00112426663603
0.00265941111417
0.0157488522241
0.000937333628302
0.0157488522241
0.00564068217487
3.88889640923e-13
0.00238584503961
4.90725100091e-05
2.09792911575e-08
0.000169849965025
0.00346239246507
0.0
0.00564068217487
1.600443593e-06
0.021509069255
0.000101541989769
0.000668421015753
0.0157488522241
2.40057531449e-06
0.00564068217487
0.00564068217487
0.00564068217487