500
5.87511915803e-11
6.98760163367e-29
9.38775744128e-13
1.91209194881e-27
1.29003625423e-08
1.61197531764e-27
1.94277173518e-26
4.51664362109e-09
2.77497371363e-48
2.27976532916e-09
2.9654697735e-05
3.94970795047e-13
7.22199799056e-11
0.000959190426445
0.000478415311077
2.37069075028e-08
8.91240679786e-10
7.4700976968e-22
9.39567840217e-23
0.000239176475092
2.41641281457e-07
4.54102362954e-17
2.46922867077e-05
4.24785600471e-36
1.31130500549e-06
1.67053920721e-23
1.48430019184e-20
5.03067396313e-64
3.36311115946e-13
2.35050853917e-16
1.61380956044e-10
1.62913086586e-15
0.00344133868137
2.65465730483e-18
5.33415007231e-07
2.8995861059e-16
4.27938105036e-21
1.01670118773e-38
5.20053419437e-05
1.63402399476e-24
0.000489437141865
2.76970553758e-07
2.22047352668e-17
6.38388928052e-05
3.21268336684e-16
4.31958034075e-12
9.98870874493e-24
4.97979161571e-20
1.2943822638e-08
7.51698928884e-06
1.28445870044e-07
9.75170771718e-27
5.70518687675e-19
1.76802100489e-11
1.76283322319e-24
2.37862406378e-05
2.72285539701e-14
2.57107624e-82
2.68522718239e-32
0.00486042034333
5.14725747535e-11
0.000283759276801
3.89653946963e-17
0.000127157602071
7.87787693277e-53
1.93415823454e-06
1.01111276402e-09
5.72545747819e-14
0.000344528685094
4.73376580758e-13
9.70812327956e-32
0.00112157276971
3.26483044401e-25
5.14666300795e-63
1.18964136978e-09
1.09458229581e-22
1.02403515944e-44
9.63696435132e-92
2.28307097364e-06
5.33673844654e-09
0.000342944645163
9.13145162912e-33
8.41917476897e-36
1.3182057051e-35
5.76060970591e-06
2.33874056725e-13
1.13173625081e-64
1.7033902309e-15
3.89773971469e-05
5.53663211441e-07
8.18215098315e-24
2.82802612384e-05
1.12770848478e-14
2.65298753387e-22
1.06326800852e-09
3.80293442443e-17
6.06357728144e-16
4.79199848522e-08
4.56764118304e-63
2.79593113765e-19
2.16940185865e-14
0.000489437141865
1.32761241501e-11
2.75752709177e-17
3.98910991235e-16
8.22988110189e-30
4.47906781098e-05
6.08757824792e-36
1.2380596224e-39
5.15744213575e-17
4.57506645392e-20
0.000733848646777
8.77411235835e-21
6.09829787548e-17
2.38947956635e-24
4.73787387511e-19
6.21836271823e-11
1.45566128595e-10
5.43213815738e-59
4.74114783508e-16
6.35842888363e-22
2.48913403674e-53
4.53506255318e-20
6.76719545372e-09
7.56029355125e-26
2.33488168448e-11
3.67532377997e-11
1.8919175731e-56
2.60031925604e-53
0.000827501317346
6.69393844226e-40
4.8842072387e-07
8.11297958133e-05
7.57455333927e-07
3.35830780033e-19
1.18390027251e-62
1.42476045173e-32
1.09497738065e-21
0.00034999145294
1.14565734227e-11
5.14700350602e-27
4.96488478305e-16
8.93658005364e-21
1.25162364408e-09
9.52418505388e-09
6.82278465735e-20
1.84899604313e-53
7.01533396523e-15
3.41610053454e-34
7.93382543744e-27
3.15245040495e-18
5.3997538233e-10
2.54319499615e-42
3.16453101051e-25
4.05890307509e-12
2.39797044901e-05
5.94246295353e-05
3.80225932175e-08
5.24366705438e-36
3.04610085731e-31
1.53705039313e-07
7.35711866883e-13
3.16092759029e-16
1.47026427621e-37
1.2317950306e-19
0.000507948779351
2.29492014966e-07
7.29326722459e-08
2.80587831173e-40
2.5101791196e-15
7.76201217039e-25
1.08454575389e-30
0.000278046002771
1.49219270597e-08
9.05927185074e-09
1.63267953131e-21
2.88500479983e-87
4.13425460166e-12
6.96966923012e-50
1.47477232316e-11
6.13228014559e-05
3.14204010011e-15
3.35289490529e-22
1.7324176779e-30
8.62609194066e-30
1.33054171375e-05
3.88997104359e-13
1.80894319271e-68
2.85256045225e-10
5.26769201765e-50
1.59406593675e-16
1.40304479879e-32
1.30553067164e-05
4.34605912172e-40
2.02509474731e-31
5.7937649244e-10
8.68355393269e-19
8.91460025417e-24
0.00486042034333
2.95799043411e-11
0.000130193969785
1.1078036436e-15
3.79603800629e-12
2.15246418735e-35
1.48507072077e-21
2.72345370952e-17
6.43926630858e-13
8.20473336995e-10
1.60270536254e-19
5.3005219909e-19
2.77430990711e-15
3.82241913058e-31
2.55966529781e-35
2.59841010797e-08
1.16199647301e-29
1.05119779023e-07
3.01100751168e-23
5.51970164356e-19
7.03011079792e-06
2.70639421135e-16
3.64527926131e-33
3.77942502503e-15
1.52429138107e-36
0.000651138923309
7.98442890802e-20
6.63638819935e-24
7.4287866795e-26
6.79373864793e-05
7.5692105924e-14
5.09476555138e-27
4.85891049788e-05
1.98108935325e-38
1.69861000368e-15
4.73130689365e-07
8.38079772945e-11
6.06490798841e-18
1.37920582748e-08
8.0411181308e-41
0.00486042034333
5.34656799123e-08
0.000344528685094
0.00657132370932
0.00927355028137
3.02389307401e-06
2.26985240586e-09
1.24939269707e-66
6.14517404213e-06
8.13683861096e-05
3.34510509417e-06
7.05586603214e-60
6.69245447209e-05
3.36090151717e-78
4.79346684602e-34
8.11382964552e-09
2.54648694198e-15
1.96932712106e-10
1.45651457994e-15
0.0002278467848
2.28795902099e-05
1.32091786107e-10
1.59281463838e-11
6.69685305952e-12
1.68001400564e-12
3.52757097669e-20
8.5941193825e-23
2.18119734496e-05
1.99736286886e-07
3.60543102657e-42
8.80973123768e-61
1.2763754303e-43
5.07102932238e-12
5.16448181467e-14
0.000278046002771
3.06494502372e-59
2.38239020843e-37
5.07804258382e-07
4.94141845715e-09
1.56926691953e-23
1.20548415701e-24
0.00927355028137
2.13786967892e-39
1.05173548092e-07
3.24392798243e-23
2.38240447877e-08
4.29827242563e-10
7.11788865631e-07
8.94640363078e-23
9.707016996e-06
4.9391107755e-11
2.01145906703e-16
2.12264122333e-07
0.000321847770331
5.88759248011e-39
0.000339009525068
1.36285673634e-20
3.60890816717e-12
1.32796014499e-05
1.63990991726e-12
1.73322525025e-21
1.12585843244e-13
1.87158486165e-64
7.54184785449e-16
2.89015988541e-05
1.83023039747e-08
1.1237796995e-11
6.85935238628e-19
1.10485808097e-14
1.81911803995e-15
1.87355008114e-12
0.00927355028137
5.38625829687e-10
7.55380143542e-08
0.00486042034333
1.04701542664e-10
7.77815382197e-77
1.97503591571e-33
3.98911810069e-09
1.39216107572e-63
8.81481949996e-08
1.06835107953e-77
8.64006277796e-16
1.28240253033e-27
3.67759357433e-17
4.56385626233e-05
2.90167911883e-17
9.65308475656e-23
2.49322265286e-06
9.02668215474e-05
7.41838459871e-30
0.000114828283201
2.88452759057e-23
0.00657132370932
6.14424160278e-20
5.24748618977e-74
1.01532684255e-12
2.76672983e-23
3.93831804089e-37
4.69622538844e-13
9.01967822957e-15
1.52299499626e-06
0.000351608041637
2.13836975857e-85
1.74965528408e-21
2.76438060427e-07
1.15692676351e-08
5.23449335958e-13
1.95351676568e-06
3.19382629035e-06
2.69410015933e-16
1.03796058302e-41
1.04433334585e-18
1.35186194028e-28
9.23823773888e-21
8.53188861144e-28
3.52990496946e-07
1.70640264881e-08
6.36890353561e-31
1.59994599997e-32
3.81157861673e-25
2.0829212161e-12
8.36270539057e-41
2.5159042787e-17
0.000733848646777
9.29852447296e-15
9.73043438972e-36
0.00562610300016
1.3424010699e-08
6.77769934201e-37
3.68788289676e-49
4.04933609844e-07
0.000549655847801
1.14702855725e-44
1.79200406726e-48
7.79504275676e-05
9.45311591188e-31
7.47124196829e-38
7.10216484287e-11
0.000344528685094
0.000733848646777
2.78820469839e-46
3.36227062501e-10
8.50759574398e-12
3.01334385658e-53
5.13393892416e-06
1.42703305943e-14
6.04548247228e-24
6.30371662155e-11
0.00927355028137
0.00927355028137
1.35867935001e-33
4.3949751318e-05
1.71071118039e-12
6.17571774097e-35
3.67117573884e-05
1.25280104108e-22
0.000130101917025
7.44013936435e-18
7.83343465718e-26
0.00927355028137
7.78269425228e-10
0.00158278026379
6.50462502351e-13
6.40364510724e-22
5.31142432409e-49
1.08565810483e-14
1.5460185941e-06
1.68116135958e-21
6.48392882681e-09
3.31679018549e-08
2.9974621929e-23
3.18639462957e-16
1.12144993636e-08
4.76874968227e-13
1.3300091371e-15
4.26646841815e-16
1.06415385053e-43
3.5357328508e-05
5.18656138054e-27
1.14454944563e-07
4.64569342971e-21
0.000228899194891
4.60634311146e-11
0.00927355028137
0.00486042034333
2.98281564479e-48
1.06462146701e-20
1.51200939125e-14
8.30760560602e-11
2.70472859088e-08
1.96540068304e-31
2.31752795231e-05
4.7325718622e-07
1.75862302632e-07
3.39990218669e-29
0.00486042034333
3.79856566316e-05
5.8189435726e-05
5.18085176884e-14
5.26187633068e-31
1.22082873064e-18
3.00467209414e-33
2.33676417498e-05
2.40496488266e-20
5.54802720072e-15
1.58452571878e-70
7.37236861742e-12
1.28608377336e-18
4.51170019287e-16
1.42560915664e-14
3.60516484039e-15
6.46407678752e-13
2.14929201645e-16
8.88052388881e-31
0.000342944645163
1.76789485839e-20
1.17486968062e-18
3.45151244202e-07
1.66089166854e-33
1.62456219967e-18
1.10627675367e-26
1.37361561282e-14
6.10631951075e-09
6.3266354698e-24
4.3739710076e-05
2.52992329537e-10
8.90849117991e-41
6.34604784208e-12
2.44685667104e-25
1.16051735788e-21
2.18719133286e-14
1.69576869031e-07
1.10645246437e-19
4.47191560904e-26
9.69370493009e-08
5.38331894911e-36
2.2909224765e-76
9.10108708627e-57
2.57763742592e-08
4.67227021494e-14
1.52365577672e-21
2.91392141287e-27
5.13471963898e-61
6.81719747883e-22
4.50881833245e-09
0.000959190426445
0.000163253679545
5.53411417109e-09
7.36893019045e-29
1.19483466534e-06
2.14473288271e-40
3.23118908006e-83
1.704089755e-17
6.31571754973e-07
2.99561285711e-05
1.81873665871e-21
4.06985054452e-29
1.09728079089e-08
6.62035809112e-16
2.31818153405e-21
3.82747244309e-14