500
0.0014303529667
0.00109465854868
8.04779366886e-06
0.00463425008987
0.00354672759211
0.0014303529667
0.0
0.0185375095887
0.025922385881
0.00220849696049
0.0155160900286
0.00764709116517
0.00354672759211
9.63546280644e-05
0.00354672759211
1.08625715077e-06
0.00764709116517
0.00126969636469
0.0163907501865
0.000149716732672
0.0111522948231
0.00463425008987
3.21774709847e-09
0.00220849696049
0.000331599629199
0.0185375095887
0.0155160900286
0.0163907501865
0.0155160900286
0.000641708390182
0.0185375095887
0.0660058197026
0.0163907501865
0.0163907501865
0.000411267674491
0.00764709116517
0.000884485524183
0.00193124549091
0.00396839154422
0.000704132221919
0.0163907501865
0.000131218145678
1.13357657654e-06
0.0163907501865
0.0185375095887
0.000351906366311
0.000143429328832
0.00100541436809
0.000223628431727
0.00220849696049
0.000153106024327
0.0155160900286
0.00528829904914
3.74500290874e-06
0.025922385881
0.00772481060771
0.00752233487395
0.0383765075877
0.0660058197026
0.0155160900286
0.00291791852229
0.00528829904914
0.00528829904914
0.0010725500896
3.39598333557e-07
0.00488329936388
0.000884485524183
0.0163907501865
0.0155160900286
6.3528896723e-05
0.000712788579074
0.0660058197026
0.0020395594119
0.025922385881
0.00419496965425
0.00119124717699
1.64157728242e-05
0.00247146078224
0.00419496965425
1.12347105609e-05
0.000498900017254
0.00247146078224
0.0
0.0010290122326
0.00764709116517
0.002087234828
0.0100416347595
0.0660058197026
0.002087234828
0.0185375095887
0.0
0.025922385881
0.0185375095887
0.00108380917009
0.00120143518143
0.0163907501865
0.00639710593793
0.0155160900286
0.000726540373692
0.00119124717699
8.14073422871e-07
0.000895484902517
0.000248958444749
0.0163907501865
0.0163907501865
0.002087234828
0.0660058197026
1.35422457145e-05
0.0155160900286
0.000299386327696
0.00220849696049
0.00603465832625
0.0010725500896
0.00764709116517
0.000354353061499
0.0660058197026
0.000420743464911
0.025922385881
0.00225509785253
0.002087234828
0.00764709116517
0.0020395594119
0.0163907501865
0.00126969636469
0.000822454369058
0.0155160900286
0.0155160900286
0.00220849696049
0.000267192499819
0.0660058197026
0.0660058197026
0.000292589553864
0.025922385881
0.025922385881
0.00764709116517
0.00772481060771
0.00528829904914
0.00126969636469
0.000161837036943
0.00772481060771
0.00119124717699
4.41660354776e-05
0.000117058481596
0.00232844971534
0.0155160900286
0.000963060227862
0.00225509785253
0.000584841270254
0.00291791852229
0.0660058197026
0.000305442227461
0.0163907501865
0.0100416347595
0.00409561474566
0.0155160900286
0.00193124549091
0.0
0.00374597474005
0.00171025155109
0.025922385881
7.60294955446e-05
0.0163907501865
0.0125921634442
0.00772481060771
0.00232844971534
0.0163907501865
0.0660058197026
2.9425046174e-07
0.025922385881
0.0125921634442
0.0
5.12128256588e-05
0.00764709116517
0.0660058197026
0.00225509785253
7.55169108308e-05
1.9072227062e-05
0.0660058197026
0.0660058197026
5.70372966425e-05
0.025922385881
0.00232844971534
0.00232844971534
0.025922385881
0.00291791852229
0.025922385881
0.025922385881
0.0163907501865
0.000754921009128
0.0660058197026
0.000910325291986
0.00772481060771
0.000434322840239
0.000445279025106
0.0155160900286
0.0010725500896
1.30387214327e-06
0.000394055025043
0.000852856175135
0.00463425008987
0.00171025155109
0.00247146078224
0.0185375095887
0.0660058197026
0.0037739498639
0.0014635248185
0.0155160900286
0.0660058197026
0.025922385881
0.00126969636469
0.0185375095887
0.0
0.00126969636469
0.00764709116517
0.0163907501865
6.40869082631e-06
0.0010290122326
0.00225509785253
0.0010725500896
0.00354672759211
0.000330007490516
0.0125921634442
0.00764709116517
0.0660058197026
0.00106700136861
8.50587321139e-05
0.0660058197026
0.0100416347595
0.00528829904914
0.00419496965425
0.00354672759211
0.000434322840239
0.00764709116517
0.0
0.0163907501865
0.00301858358729
0.000310425964064
0.0023213196467
0.0163907501865
0.025922385881
0.0155160900286
0.000250082543977
0.0163907501865
0.000100817983331
0.000107073700481
0.0155160900286
0.0125921634442
0.00100541436809
0.0163907501865
0.0185375095887
0.00291791852229
0.0100416347595
0.00126969636469
4.75662347316e-05
0.0155160900286
0.00291791852229
0.0660058197026
0.00764709116517
0.0163907501865
0.0163907501865
0.0185375095887
0.0185375095887
0.0163907501865
0.00488329936388
0.0163907501865
0.0660058197026
0.0163907501865
0.0155160900286
0.00354672759211
0.00232844971534
0.025922385881
0.00100541436809
0.025922385881
0.00025737834908
0.025922385881
0.0185375095887
0.0660058197026
0.000305442227461
0.00126969636469
1.22666944616e-07
0.025922385881
0.00488329936388
0.0660058197026
0.00419496965425
0.0
0.0155160900286
5.70450224267e-06
0.000182721698019
3.89182554662e-06
0.025922385881
0.0163907501865
0.0660058197026
2.80689944974e-05
0.002087234828
0.0014635248185
0.00528829904914
0.00764709116517
0.025922385881
0.0660058197026
0.0155160900286
0.000411267674491
0.000884485524183
0.00603465832625
0.0185375095887
3.51838215647e-07
0.0163907501865
0.025922385881
0.025922385881
0.025922385881
0.00225509785253
0.025922385881
6.48997432491e-06
0.000248358063264
0.00032473844
0.025922385881
0.0185375095887
0.002087234828
0.00247146078224
0.00119124717699
0.000215115748219
0.025922385881
0.00354672759211
0.000101667224775
0.0020395594119
0.0155160900286
0.00764709116517
0.0163907501865
0.025922385881
7.13326317984e-05
0.0660058197026
0.0163907501865
0.0660058197026
0.000757044954878
0.000876298052634
0.0155160900286
0.0660058197026
1.21731608195e-08
0.000325812457704
0.025922385881
0.0660058197026
0.000434322840239
0.0660058197026
2.03576088071e-06
0.00225509785253
0.00134290313259
0.0163907501865
4.47458139028e-09
0.0660058197026
0.0125921634442
0.0
2.31406154793e-09
0.00035995438452
0.0163907501865
0.00100541436809
0.0163907501865
0.025922385881
0.000561322651202
0.00171025155109
0.000757044954878
0.0155160900286
1.20371021959e-05
0.00396839154422
0.00220849696049
0.00463425008987
7.92458962913e-05
2.59567184408e-05
0.0037739498639
0.0023213196467
0.0163907501865
0.000254998182452
0.025922385881
0.0660058197026
5.76908890277e-07
0.0163907501865
0.0185375095887
0.0163907501865
0.00247146078224
1.27656351351e-05
0.0163907501865
0.0660058197026
0.025922385881
0.0660058197026
0.0163907501865
0.025922385881
0.00419496965425
0.0163907501865
0.0185375095887
0.000963060227862
0.0020395594119
0.00301858358729
0.025922385881
0.00182259715562
0.00126969636469
0.0125921634442
0.00419496965425
0.0
0.000375198272658
0.00772481060771
0.0163907501865
0.000331599629199
0.0163907501865
1.58429828045e-05
0.000325812457704
0.0660058197026
0.0100416347595
0.0
0.0155160900286
0.025922385881
6.69928513178e-05
0.00153131198665
0.0
0.025922385881
5.73315807443e-06
0.00126969636469
0.00100541436809
0.00051033146693
0.00153131198665
0.0125921634442
0.000420743464911
0.000598384537873
0.0163907501865
0.00639710593793
0.00764709116517
0.00320814876176
0.0023213196467
0.00171025155109
0.025922385881
0.0155160900286
0.00354672759211
0.00134290313259
0.000541109535972
0.00301858358729
0.025922385881
0.0185375095887
0.025922385881
0.000331599629199
0.000165656698554
0.0163907501865
0.0155160900286
0.00182259715562
0.000704132221919
0.00220849696049
5.78121094239e-05
0.0163907501865
9.47280651518e-06
0.0125921634442
0.00247146078224
0.00463425008987
0.00153131198665
0.0660058197026
4.41831681748e-05
0.00232844971534
0.00463425008987
0.0155160900286
0.025922385881
0.0155160900286
0.0125921634442
0.0155160900286
0.025922385881
0.0
9.64651560543e-06
0.000754921009128
0.0100416347595
0.000172484146221
0.0155160900286
0.00772481060771
0.00419496965425
0.00419496965425
2.6338355892e-08
0.0155160900286
0.0010290122326
0.000624058038139
0.00247146078224
0.0002921133619
0.000672943560859
0.0125921634442
0.000641708390182
0.0155160900286
0.00247146078224
0.0155160900286
2.46280903234e-05
0.00354672759211
0.025922385881
0.0100416347595
0.025922385881
0.002087234828
0.0163907501865
0.025922385881
0.0023213196467
0.00764709116517
0.000126655600528
1.0266186764e-05
0.025922385881
3.11600205828e-05
0.00171025155109
0.0660058197026
7.10671062077e-05
0.00772481060771
0.00354672759211
0.00100541436809