500
5.79078453808e-09
0.0
6.20264528589e-07
0.000118361591124
0.0
2.06465305648e-11
1.54624565927e-11
2.87218410549e-10
3.11973070672e-15
0.0
6.24473023061e-07
0.000509368329841
0.0301665164744
2.02613846637e-07
0.00211768313326
2.51325493514e-05
0.00011709063151
1.41926301095e-07
3.15781311123e-09
5.1306388551e-06
0.0
1.75363943449e-11
0.00303003612371
1.54938590328e-05
2.94664924611e-16
5.91435628635e-06
0.0301665164744
1.32182787719e-05
1.69565010291e-05
0.0
2.14514711773e-09
8.01207263482e-05
4.13450786485e-08
0.000499218143606
2.15383592072e-06
6.27584387778e-14
0.0
0.0301665164744
0.00211768313326
0.00303003612371
0.0
6.65305926568e-05
3.28448338519e-07
3.49308475676e-06
7.91461114821e-20
0.0
0.000509368329841
2.80997988972e-07
3.07576346953e-06
6.75426192559e-11
0.00303003612371
0.0
0.0
0.00211768313326
0.0
1.20906937078e-06
7.98918747576e-10
0.0
0.000499218143606
0.0
0.0
2.80791111548e-05
0.000499218143606
0.000107885435901
0.0
0.0002790359195
1.05764575801e-17
2.85362313017e-08
4.1878421007e-08
1.05127090979e-08
3.56988060884e-14
1.04009850224e-10
2.02371542035e-05
2.85081048441e-05
7.46497851401e-19
0.0
0.00211768313326
0.0
1.51431200858e-15
9.38014124305e-07
0.0
1.23005708613e-09
3.39258178652e-09
9.84785216973e-06
0.0
0.0
0.0
6.78923655581e-09
0.000499218143606
6.72448491157e-07
2.78028279213e-05
3.7075253886e-09
2.46358895264e-16
3.129639581e-09
1.76777703232e-10
0.00303003612371
1.72528726726e-08
1.20906937078e-06
9.45622782296e-11
0.000942214739158
3.66097323255e-06
3.91218532061e-08
6.45506567772e-10
0.0
0.00092376791635
0.000347083338571
3.25401003162e-07
0.000509368329841
0.0301665164744
1.05206741966e-12
4.89877802161e-06
1.98163918504e-15
3.23309326278e-07
0.00496852768886
1.29860247509e-05
1.56243244553e-06
0.000932458966907
7.49164907162e-05
4.33732126273e-07
1.0596523583e-08
7.79599448416e-08
8.76472042505e-14
0.0
1.36708967185e-10
0.0
0.0
9.73353372241e-06
1.79272359712e-09
3.92146277967e-08
0.00496852768886
2.11561213741e-06
2.25369253709e-07
0.0
7.85354475319e-22
1.61394658582e-12
5.89648362638e-05
7.02489224565e-06
2.3970745235e-06
0.0
0.0
3.55878520303e-06
1.08944190056e-15
0.00303003612371
2.80791111548e-05
0.000499218143606
1.04986756483e-08
0.0
0.0301665164744
8.6012785856e-05
0.000551946799389
1.25353568388e-09
0.00626818342557
5.5080840231e-11
0.000160451209732
1.1254158699e-07
0.000228633490403
0.0
7.73283054668e-08
3.93637682567e-07
5.53665158098e-09
0.0301665164744
0.00496852768886
3.01659207685e-05
6.69204782062e-07
1.78855722824e-14
2.13857432211e-10
0.000499218143606
8.42827271542e-06
0.000129755494353
2.82369815577e-05
0.0
2.08137420793e-09
3.8473180223e-07
0.0
7.9229546979e-10
9.00843431032e-13
0.000146416120648
1.1274997865e-05
3.06488749766e-07
9.92424791963e-05
0.00303003612371
1.38364436823e-07
7.21989273802e-07
0.00303003612371
2.37570535891e-08
0.00496852768886
6.65959549774e-07
5.50008109808e-05
6.93335064823e-06
0.0
5.85248047431e-05
6.13309004221e-05
1.85824118433e-10
2.17039477599e-08
5.38711922882e-15
5.07301444078e-05
0.0
2.59679087446e-08
0.000499218143606
0.00211768313326
3.52707551331e-09
0.000189877618725
4.26402182977e-05
0.0
1.1665818767e-12
1.19823574296e-07
0.0
2.38876615447e-08
2.09607994899e-13
3.94524646663e-11
0.0002790359195
4.3179910948e-09
9.48771014632e-15
3.81062131731e-13
2.75402901506e-07
2.59089908029e-07
0.0
3.55795761649e-06
1.36750207068e-09
0.0
5.68324639432e-06
1.93978270739e-05
9.94956928617e-37
3.08485059275e-09
2.94255185103e-06
5.18986773055e-09
4.95321303826e-09
1.01071393901e-15
4.49990389527e-14
3.59111451974e-16
4.09103090924e-05
1.00755856024e-06
4.73822263048e-06
1.79633644879e-07
1.20312047175e-05
4.23684568604e-05
0.00303003612371
0.0
8.51538681232e-21
1.24425286662e-06
0.0
1.25460665217e-05
0.0
0.0301665164744
3.09085203765e-14
0.0
1.33940887531e-09
0.00211768313326
0.000130596351494
0.0
2.30681777098e-05
0.000263850015071
2.47169884463e-07
8.9990604051e-07
0.0
8.07709013101e-08
0.00626818342557
0.0
2.15383592072e-06
0.00051214611494
1.60523552313e-06
9.0030692944e-16
0.000377861204608
0.000487405875895
3.15019047857e-10
7.56181722315e-14
1.41306423208e-06
2.07462658523e-06
6.32303984292e-17
5.85248047431e-05
0.0
2.87164399848e-05
1.42385958465e-11
3.78181003853e-07
0.0
1.92841207138e-07
2.31593125095e-09
5.27779942584e-05
1.19709174904e-06
1.54757299633e-07
6.73579846677e-12
5.95058152728e-12
1.32182787719e-05
0.000347083338571
1.78355655577e-17
3.50977335344e-08
0.00496852768886
0.0
0.0
4.31630650543e-18
9.72770865092e-13
0.00211768313326
0.00011586456892
9.70330655362e-09
1.15086681263e-07
7.81884940271e-12
0.00303003612371
2.07777071109e-10
1.65788512628e-10
6.12617097815e-23
0.0
0.0301665164744
2.77536759066e-12
2.25135201238e-12
5.85248047431e-05
3.80401833967e-10
0.000509368329841
1.44381812443e-08
3.90439285729e-20
0.0301665164744
0.0301665164744
0.0
2.02708358661e-08
0.000347083338571
1.47220749416e-05
1.03387774322e-12
0.000509368329841
3.34006458264e-05
0.000214108844391
6.21666564171e-08
1.00012377415e-05
8.6850621643e-06
0.0
6.3192270404e-06
9.5056285716e-14
0.0
0.0
4.23684568604e-05
2.85371400548e-06
2.16945027146e-07
0.0002790359195
2.65193525387e-06
2.56770006894e-11
7.85725287989e-06
1.84620029936e-07
5.11858003801e-12
1.67786616765e-09
0.0
1.45558273366e-11
8.59022337291e-05
3.13781341568e-07
1.28609946059e-06
0.00211768313326
1.69565010291e-05
0.0
9.64398984545e-07
7.74950281935e-07
0.00496852768886
0.000142252462583
4.71439681811e-11
1.26838059635e-07
0.000146416120648
0.0
2.85371400548e-06
0.0
2.0384744239e-05
0.0
0.000107885435901
9.75604957729e-07
1.18026217312e-07
1.09423681159e-14
2.8766551646e-13
0.00496852768886
0.0
1.22606990869e-15
0.0
0.0
0.00496852768886
1.06423001274e-14
0.000499218143606
0.00211768313326
4.55159840948e-20
9.55848757136e-15
0.000104188903026
1.30064455558e-05
0.000117724123069
0.0301665164744
0.0
5.67543294612e-09
2.06438289548e-14
1.14140670856e-06
6.36326492945e-11
0.0
0.00303003612371
6.15097258938e-06
0.0
0.000347083338571
3.36390335482e-06
1.21935671084e-09
0.000222171945971
0.0
0.000160451209732
0.000509368329841
1.62845332469e-07
9.50877418085e-06
0.00303003612371
0.000551946799389
8.5741843795e-06
0.000499218143606
1.13295212814e-16
2.21034175864e-06
2.54137209509e-06
9.08000240079e-14
5.5106781734e-05
5.5106781734e-05
1.47163590892e-09
1.54872071305e-12
1.64079162337e-08
0.000117724123069
0.0
8.50844364335e-06
0.0
1.17314224117e-15
5.48936763654e-07
2.70932488463e-10
2.18167784034e-08
0.000160451209732
0.0
4.59119433788e-13
3.11034065061e-07
0.00092376791635
2.58073149351e-07
0.0
5.51206634935e-06
1.76089454335e-24
0.0
0.000499218143606
3.67053085047e-07
5.8007633704e-09
1.38473022833e-05
0.0
0.000377861204608
3.03729292204e-09
1.60070069242e-05
7.38061531212e-06
0.00303003612371
0.0
6.46247307536e-06
3.66097323255e-06
0.000130596351494
0.00303003612371
2.3849006913e-06
0.0
0.0
0.000263850015071
3.61165710261e-05
0.0301665164744
0.0
3.00162685073e-13
0.0
0.000117724123069
1.19152866326e-06
0.0
1.32558998459e-11
0.00211768313326
8.72321782453e-11
0.0
1.60748917193e-06
5.38136201279e-07
5.41343090546e-05
4.34626503797e-07
2.00463312269e-05
5.54631881457e-17
1.36301360742e-07
8.94945842518e-07
9.27455913107e-09
2.84457169683e-12
3.57047679699e-05
0.000263850015071
0.0
0.0
1.1530253881e-14
0.00211768313326
0.0
0.0
2.41233092213e-05
2.26270427607e-10
1.3485346547e-06
3.65544370032e-06
6.03057812435e-07
2.99254005082e-10
7.18421214921e-08
4.56456583544e-12
3.25124621572e-05
4.04777539675e-10
0.0
2.54075590813e-14
0.0
0.00303003612371
6.70480714997e-15
1.0040516215e-12
0.0
7.36026560982e-11
0.0
0.000214108844391
0.000551946799389
2.51325493514e-05
2.1661588435e-05
8.76525276535e-07
0.0