500
0.0
0.0
0.000313849498738
0.0
0.0
0.0
0.0
0.0
0.0
0.0
0.0
0.000934381396098
0.0
0.0
0.0
0.0
0.000470923657046
0.0
0.0
0.0
0.0
0.000221315250463
0.0
0.0
0.0
0.0159609185082
0.0
0.0
0.0
0.0
0.00436971998102
0.0
0.00306364274595
0.0
0.0
0.0
0.0
0.00390418677253
0.0
0.0
0.0
0.0
0.0
0.0
0.0
0.0
0.0
0.0
0.0
0.000102589899277
7.88143991694e-05
0.0
4.24915827243e-05
0.0
0.0
0.0
0.0
0.0
0.0
0.0
0.0
0.00290167014562
0.0
0.0
0.0
0.0
0.0
0.0
0.0
0.0
0.0
0.0
0.0
8.02626736052e-05
0.0
0.0
0.0
5.85676690484e-05
0.0
0.0
0.0159609185082
0.0
0.0
0.0
0.0
0.0
0.0
0.0
1.2613222362e-05
0.00436971998102
0.0
0.0
0.0
0.0
0.0
0.00436971998102
0.0
0.0
0.0
0.0
0.0
0.0
0.0
0.0
0.0
0.0159609185082
0.0
0.0
0.0
0.0
0.0
0.00390418677253
0.0
0.00109107825312
0.0
0.0
0.0
0.000679479131121
0.0
0.0
0.0
0.0
0.0
0.0
0.0
0.0
0.0
0.0
0.0
0.0
0.0
0.0
0.0
0.0
0.0
0.0
0.00436971998102
0.0
0.0
0.0
0.0
0.0
0.00390418677253
0.0
0.0
0.000323531961844
0.0
0.0
0.0
0.0
0.0
0.0
0.0
0.00436971998102
0.0
0.0
0.0
0.0
0.0
0.0
0.00436971998102
0.0
0.0
0.0
0.0
0.0159609185082
0.0
0.0
0.0
0.0159609185082
0.000538240211348
0.0159609185082
0.0
0.0
1.48074938345e-05
0.0
0.0
0.00146040388699
0.0
0.0
0.0
0.0
0.0
0.0
0.0
0.0
0.0
0.0159609185082
0.0
0.0
0.0
0.0
0.00146040388699
0.0
0.0
0.00436971998102
0.0
0.0
0.0
0.000751784210876
0.0
0.0
0.0
0.0
0.0
0.0
4.8303786752e-06
0.0
0.0
0.0
0.0
0.0
0.0
4.05544157529e-07
0.0
0.00436971998102
0.0
0.0
0.0
0.0
0.0
0.0
0.0
0.0
0.0
7.88143991694e-05
0.0
0.0
0.00127027940637
0.0
0.0159609185082
0.0
7.32488536551e-05
0.0
0.0
0.0
0.0
0.0
0.0
0.00436971998102
0.0
0.0
0.0
0.0
0.0
0.000344690407112
0.0
0.0
0.0
0.0
0.0
0.0
0.0
0.0
0.00796424192084
0.00127027940637
0.0
0.0
0.000934381396098
0.0
0.0
0.0
0.0
0.000751784210876
0.0
0.000470923657046
0.0
0.0
0.0
0.0
0.0
0.0
0.0
0.0
1.2280276527e-05
0.0
0.0
0.0
0.0
0.0
0.0
0.0
0.0
0.0
0.0
0.0
0.00796424192084
0.0
0.0
0.0
0.0
0.0
0.0
0.0
0.0
0.0
0.0
0.0
0.00436971998102
0.0
0.0
0.0
0.0159609185082
0.000402487727298
0.0
0.0
0.0
0.0
0.0
0.0
0.0
0.0
0.0
0.0
0.00436971998102
0.00306364274595
0.0
7.32488536551e-05
0.0
0.0
0.0
0.0
0.0
0.0
0.0
0.0
0.0
0.0
0.0
0.0
0.0
0.0
0.0
0.0
2.02029306979e-06
0.0
0.0
0.0
0.0
0.0
0.0
7.32488536551e-05
0.0
0.0
0.000667150219527
0.0
0.000114246133019
0.0
0.0
0.0
0.0
0.0
0.0
0.0
0.0
0.0
0.0
0.0
0.0
0.0
0.0
0.0
0.0
2.27441637549e-05
0.0
0.0
0.0
0.0
0.0
0.0
0.0
0.0
0.0
0.0159609185082
0.00306364274595
0.0
0.0
0.0
0.0
0.0
0.0
0.0
0.0
0.00146040388699
7.32488536551e-05
0.0
0.0
0.0
0.0
0.0
0.0
0.0
0.00127027940637
0.0
0.0
0.0
0.0
0.0
0.0
0.00436971998102
0.0
0.0
0.0
0.0
0.0
0.0
0.0
0.0
0.0
2.6477125486e-05
0.0
0.0
0.0
0.0
0.0
0.0
0.0
0.0
0.0
0.0
0.00436971998102
0.000481987319302
0.0
0.0
0.0
0.00290167014562
0.0
0.0
0.0
0.0
0.0
0.0
0.0
0.0
0.000679479131121
0.0159609185082
0.0
0.0
0.0
0.0
1.97028898774e-06
0.0
0.0
0.0
0.0
0.0
0.0
0.0
0.0
0.0
0.0
0.0
0.0
0.0
0.0
0.0
0.0
8.00665543722e-05
0.000316232721631
0.0
0.0
0.0
0.0
0.0
0.00109107825312
0.0
0.0
0.0
0.0
0.0
0.0
0.0
0.000398695893849
0.0
0.0
0.0
0.000123763076131
0.0
0.0
0.0
0.0
0.0
7.32488536551e-05
0.0
0.0
0.0
0.0
0.0
2.30953144927e-08
0.0
0.0
0.0
0.0
0.00436971998102
0.0
0.0
0.0
0.00146040388699
0.0
0.0