500
5.83746372578e-06
1.80410528582e-11
1.29919645983e-19
5.62974311275e-13
1.64508707803e-05
2.16358983003e-10
5.17119887372e-09
1.26048688959e-05
1.03482554907e-07
5.45665776401e-07
3.69128593329e-40
2.54939260901e-11
2.28079736166e-22
2.97191093589e-25
1.3243818985e-06
1.95204604751e-31
1.10319877084e-13
1.92848621738e-06
4.13248233422e-05
4.83352871629e-13
1.4485736724e-08
0.0
2.686539368e-11
5.29109125196e-07
1.33337162361e-17
5.09645734867e-11
1.8486786884e-24
1.41281884044e-05
1.92668193075e-07
2.4374032039e-05
0.0153947301701
1.2337515472e-21
1.7384093681e-15
9.34900536532e-15
3.97594769221e-06
0.00906189798649
6.97534363152e-13
6.96746081034e-10
3.43197303585e-13
4.04497364886e-06
6.762069095e-11
2.27000216708e-16
3.35103272071e-13
1.39292570541e-05
1.8452731293e-06
8.19382353652e-06
6.87064055928e-12
1.18201128294e-05
1.79658409505e-28
0.0
0.00354071212584
2.28240792866e-06
1.31884859214e-05
6.47521915136e-10
0.00127231136989
4.96433515174e-33
9.90224891877e-07
1.2504170644e-07
1.81042827128e-07
7.69210023534e-15
4.57173893354e-09
2.31727804703e-07
3.16351567565e-05
1.79495758657e-12
9.05885975483e-08
1.65557655015e-07
1.13323104758e-13
1.72337052689e-14
4.74202719608e-12
4.13080387769e-13
0.00276405382599
2.20781618284e-22
7.14255270738e-05
9.2452325624e-05
5.19352069685e-13
8.38853147554e-05
1.33684032843e-32
1.13597559221e-27
1.72727012055e-14
0.0
3.68935375123e-20
5.18669961988e-05
1.32493730918e-14
1.9512650464e-05
7.68863152388e-09
2.65668849859e-06
0.000971111387974
1.04357825276e-05
3.44275734458e-07
8.65561660541e-08
8.96775001629e-13
2.52776819883e-06
1.0435592909e-10
4.6150053707e-10
3.47320383373e-08
1.71918268129e-14
5.74974471494e-52
4.9219702753e-12
1.62937717558e-08
5.79838629339e-07
9.03950340777e-16
1.75704545981e-08
8.38853147554e-05
2.55068599483e-20
4.79546241189e-09
1.50943506864e-19
0.00032727001603
3.13451940897e-19
3.37104134026e-07
2.36259050741e-09
0.0002888794725
2.72367930027e-13
4.99035243432e-21
0.000780388973807
2.66756813535e-06
1.45851757098e-19
3.08866159629e-09
4.90082933909e-09
4.51900170786e-07
1.39555837558e-15
3.74977357221e-06
5.93263968649e-14
2.43007839467e-09
0.0
9.78073628378e-06
6.34599299165e-09
4.13248233422e-05
2.11842353428e-12
0.00906189798649
2.07903974231e-30
0.00906189798649
3.30917658571e-07
2.48769221742e-05
9.00055047658e-13
5.7146380353e-07
1.43568811037e-17
1.02994908701e-06
1.8746615073e-08
0.00276405382599
8.38018595834e-25
7.14897797488e-07
0.0
7.45085813396e-12
1.30276033516e-07
4.07603271234e-06
9.91183157734e-19
0.000174358635568
1.59555302479e-05
1.98119195747e-07
8.53058474434e-07
2.61095323868e-24
8.5914691779e-12
0.0
1.11164021919e-05
2.51508205824e-18
2.65742568222e-09
1.83269163632e-14
9.25404558394e-10
3.18289204819e-14
0.00906189798649
3.16351567565e-05
9.17436260535e-47
0.00906189798649
1.91593280702e-08
3.97594769221e-06
1.86567441409e-07
2.55855594454e-10
2.58716222727e-07
2.21726240299e-18
1.767401131e-07
0.0153947301701
1.28340882761e-08
4.32329326401e-12
3.23442033518e-25
0.0
9.2452325624e-05
5.77981428194e-05
9.77072152785e-07
2.42750342514e-09
2.98670724424e-14
2.2344488838e-06
1.9885300693e-14
4.25511116718e-09
1.71371960443e-23
1.67372498677e-14
1.66305018946e-09
0.000170044962221
1.75930942017e-05
5.35877051011e-18
6.24904087153e-06
7.79066133739e-17
9.81346628347e-16
0.016025771279
0.0
6.75450573194e-06
1.02187199175e-07
4.30220798179e-16
1.1501564573e-05
1.44080656364e-19
0.0153947301701
3.03779946506e-22
1.67821660925e-12
0.00822218543175
4.45514437984e-09
0.0
4.4045335926e-08
2.03825894117e-17
8.21559773046e-09
1.13628722749e-10
2.96939754181e-06
4.05461646973e-13
1.57760443955e-08
1.16117046098e-07
5.25445477546e-20
5.27942251596e-11
2.2218749954e-20
1.39350595909e-11
1.47693510113e-13
4.82305234552e-21
4.27090046435e-18
3.07933646937e-25
2.87029256317e-05
2.60161233512e-24
7.02043330909e-05
3.67808264485e-28
9.05757033807e-14
5.93672619744e-07
0.000571631476103
4.54617415352e-07
5.19423313946e-27
2.27978054948e-15
6.28929578329e-10
1.60237744921e-38
4.83984514415e-15
6.67149187243e-09
1.13603679282e-15
1.4327960025e-06
6.68872636024e-12
0.000249198394956
1.26048688959e-05
4.86108841929e-12
1.68507080835e-09
2.65511657268e-08
5.52515406348e-26
1.10931152602e-07
7.48283105726e-06
1.27327946776e-07
3.7580224814e-31
3.96016086744e-09
0.0
4.68166614554e-20
2.32721705117e-08
2.6441444479e-08
1.02758039354e-11
7.594243637e-07
3.68802231724e-07
8.61159753911e-05
1.19315686844e-06
3.40220886141e-05
1.0223470329e-07
5.93905271005e-08
1.13023183259e-15
3.18754921475e-07
4.09774569871e-07
2.14835859777e-18
8.6249576744e-27
2.14289298888e-05
1.27576603446e-05
1.59374187075e-13
5.77352523626e-16
2.01149839125e-29
0.00906189798649
2.5655667506e-08
0.00906189798649
3.18361205932e-13
3.41109614651e-07
0.0
0.00349880231138
4.14817621081e-17
1.56975782923e-10
4.05654241658e-10
0.0
0.0
6.95774823368e-06
0.00276405382599
4.5144272948e-16
2.07416746229e-09
1.10862300237e-07
1.95393374985e-05
3.46142660515e-13
6.7541595358e-10
3.42210451689e-14
3.22893265358e-06
0.000112377001651
0.00276405382599
8.7588137903e-14
2.16198890875e-18
1.86279487728e-30
4.05374597141e-21
2.47359573033e-14
7.29168837611e-18
6.2134230658e-12
0.000177899714029
2.28087636433e-06
1.78672593015e-06
3.34419723354e-09
6.15082426723e-19
4.73436324184e-07
5.64321179538e-07
2.18973325944e-08
3.74810755484e-14
1.83120270511e-05
1.72260693162e-22
2.88912396033e-06
1.47635507342e-08
4.04147771246e-10
0.0153947301701
1.3257197445e-12
7.53038031563e-08
8.59617212795e-11
1.95786009723e-09
2.30927839417e-07
3.92222400172e-14
2.98292162349e-32
1.26489656661e-37
4.13248233422e-05
4.02994363021e-21
1.42632866287e-38
0.0
1.01809066003e-08
1.96353735152e-06
1.02623973638e-09
1.42704214757e-06
8.85826747654e-07
3.6860853478e-10
2.76741310221e-07
1.63585513309e-20
1.27121454255e-05
5.3933867495e-05
9.58692351338e-07
3.28353434457e-07
3.60752010683e-06
3.08659669759e-06
0.00906189798649
1.12072490346e-14
0.0
2.26267576281e-14
3.21643076099e-05
0.00906189798649
3.2773516531e-13
2.65489882028e-05
0.0
4.66652683851e-10
2.34247255467e-24
5.86595089719e-07
5.06825150787e-10
2.58050156543e-08
1.92631170582e-07
6.9600502678e-22
6.41000298466e-16
4.24390038564e-15
2.54188292948e-10
2.73107857552e-07
4.76964334358e-28
5.50828114625e-16
0.000555979950012
8.44993733644e-30
1.86799608488e-08
5.35492624668e-14
2.77952700956e-06
4.12515834079e-12
3.95357336878e-08
1.3967702686e-12
1.47697321762e-12
2.10037852693e-23
7.71384080066e-30
0.00276405382599
5.64321179538e-07
1.18392918437e-11
2.79231773582e-06
1.94790167204e-07
6.66786596527e-07
4.91972317518e-24
2.57387658102e-05
1.94376839368e-16
1.28846697746e-05
0.000555979950012
3.85742106789e-08
0.0
4.42787506836e-13
4.65626582746e-08
0.0
6.49816720003e-15
2.20472318753e-19
3.6327074966e-06
0.00276405382599
5.34189354021e-08
6.74718006508e-06
1.706688992e-16
1.59500571097e-10
1.44410812394e-14
2.13228694532e-10
3.57192744134e-13
3.42795864233e-07
0.0003450474839
4.12235469068e-24
0.0
2.31452512746e-12
2.16891069155e-12
5.55103138514e-16
2.89585669243e-32
7.19897495477e-06
1.09070910282e-16
9.59651418387e-05
3.63169655898e-16
8.62111935374e-25
1.5929074667e-06
0.000296943836938
2.61916504613e-06
3.23793545096e-05
2.63616199644e-23
2.08238870637e-05
3.24222927136e-05
2.75826356777e-18
4.90007587466e-12
1.1863659742e-05
3.6186452495e-06
2.08230284612e-16
2.94737353868e-07
3.2860928431e-09
5.79838629339e-07
3.59258218721e-09
1.0369936667e-21
9.0243131169e-26
6.90685502314e-15
7.37317574236e-10
1.73066068453e-13
1.72589630171e-21
1.39086083293e-28
4.74392431784e-33
1.09227112388e-15
2.58435444715e-22
3.6186452495e-06
0.000987834144059
2.73728712438e-17
3.38503441393e-14
6.66786596527e-07
7.04663525941e-06
9.98236728431e-05
1.46860015347e-30
2.44439159871e-06
4.12408122344e-35
9.11869356971e-06
0.00349880231138
1.33104588724e-10
0.00276405382599
1.1453880281e-28
0.000187716666052
1.2041778802e-07
4.938336537e-36
2.29777709174e-18
1.88403384226e-07
0.00276405382599
1.19574066625e-09
3.19436833185e-15
6.39366519676e-06
1.70062326112e-22
3.0528156124e-07
0.0
2.61883163275e-17
6.05059177411e-20
2.77993979945e-19
2.1008994987e-09
4.41332753943e-05
4.46061596559e-14
0.0
7.55706987534e-23
4.02143073355e-25
4.55458761313e-07
2.14785425092e-35
0.0
0.0
3.87135163485e-09
7.19897495477e-06
6.59981056334e-16
1.7321249064e-18
1.98552058727e-12
3.49682615205e-27
1.19209242843e-06
2.61756770394e-06
0.0
0.000571631476103
2.33721070632e-08
5.77112816515e-07
0.000174358635568
6.63087617353e-06
4.61906258106e-06
2.64527782891e-05
1.65028587256e-06
1.16620485754e-18