500
0.000172209247692
0.0997648612946
0.000320025340723
3.65558093689e-07
0.0997648612946
0.0997648612946
9.33376146426e-16
8.15283442972e-09
6.95380275448e-05
1.8712353313e-07
0.249804075235
0.00066174487283
1.03136549725e-05
0.000193351419175
0.000184128309702
0.0245792682927
0.000102997184446
0.0997648612946
3.86270758804e-05
0.00190390435221
0.000193504044476
0.000803537976322
0.249804075235
0.249804075235
9.66883675182e-06
0.000472175165267
9.19951448756e-08
0.249804075235
0.0245792682927
0.249804075235
2.24792528987e-06
0.0245792682927
0.00332194916579
2.64471585873e-09
2.83635947145e-10
2.35483594302e-09
0.0997648612946
0.249804075235
2.22973003672e-06
0.249804075235
1.88158853382e-05
0.249804075235
0.0997648612946
8.22249494261e-05
0.00155360372441
0.0245792682927
3.82985775717e-06
0.023132021262
0.000340159521864
0.0243841131248
0.0997648612946
0.249804075235
0.00145668513119
4.50796489527e-13
0.249804075235
0.0997648612946
0.249804075235
5.18208096941e-05
0.0245792682927
0.000370076757552
6.48452765853e-05
0.000673558756247
1.32262093819e-09
1.42819117224e-06
0.0245792682927
0.0245792682927
0.00332105230115
0.00633338206651
5.66769795942e-06
0.000367005250045
0.000112198629322
0.00066174487283
2.40199989951e-05
0.249804075235
5.56140795962e-15
6.49232571916e-05
0.0997648612946
5.87630276268e-08
1.40027858678e-08
0.0997648612946
1.12033755325e-06
0.00318579085665
0.000458148893466
2.32204010721e-07
0.0997648612946
9.50299761849e-06
3.90587102087e-06
5.68298260232e-06
0.249804075235
0.000292828920669
3.13271609517e-05
1.47922756131e-12
0.249804075235
0.000117332894907
0.0997648612946
0.249804075235
0.00288268870667
0.00183447913877
0.000257785050012
0.0245792682927
7.00278295614e-05
1.60746467736e-08
0.249804075235
9.83660972799e-07
7.41609798116e-12
3.51925026944e-08
0.249804075235
4.5995760678e-15
1.88158853382e-05
0.000142077703876
2.4876623522e-05
0.249804075235
1.54389960905e-11
0.249804075235
0.00145003778831
0.000936842351016
0.023132021262
3.1851371798e-10
4.60304785665e-06
6.11169184059e-06
0.0243841131248
0.000284224634579
0.0997648612946
0.000219397818436
0.0245792682927
8.09715937874e-06
0.249804075235
0.0997648612946
1.0207311212e-06
0.0997648612946
0.00918347068705
8.37114181279e-15
0.00332194916579
0.000702741560034
2.25834623041e-06
0.0997648612946
0.000135542023498
0.249804075235
0.00145668513119
0.000280831083586
4.43113757281e-05
2.62948684619e-13
0.249804075235
4.90164997008e-15
8.47845558198e-13
0.249804075235
0.000191007837873
0.00595986367514
0.0997648612946
6.07369225908e-05
2.03229695948e-05
9.70259995743e-07
2.8563740013e-14
0.00163771085378
1.91331756647e-05
0.249804075235
0.0245792682927
0.249804075235
4.12425480029e-15
0.000492432286538
7.97395619884e-06
6.15922227302e-10
0.249804075235
8.69948942508e-15
0.249804075235
0.0245792682927
7.89189413459e-19
0.000354412214949
0.000297791231809
0.00183447913877
0.0245792682927
0.0245792682927
9.45567647237e-06
3.07909928487e-07
6.08452333522e-10
0.0245792682927
0.000197491346475
0.000135542023498
0.249804075235
0.0997648612946
0.249804075235
2.71419551085e-12
0.249804075235
2.88689438584e-06
0.00145003778831
0.000193351419175
4.59458722691e-05
0.00332194916579
1.07397205001e-09
0.249804075235
0.00833589671484
2.35976013034e-07
0.0243841131248
0.0245792682927
0.249804075235
3.1851371798e-10
0.000118493380094
2.92022405832e-08
6.66083897919e-12
0.000472175165267
0.249804075235
0.249804075235
1.20551133082e-05
0.00066174487283
5.96494829356e-14
3.33984311699e-05
3.52585508375e-17
0.000936842351016
7.95199035276e-05
0.249804075235
0.249804075235
3.42391865417e-08
0.249804075235
6.81008353404e-08
0.00633338206651
0.0245792682927
0.023132021262
0.249804075235
0.00318579085665
4.70150654814e-08
0.000270812762141
0.000197491346475
0.0245792682927
0.0997648612946
0.00015803834438
0.00318579085665
0.0245792682927
0.0997648612946
0.000823794334374
3.26586994666e-09
6.91274796275e-07
0.249804075235
0.249804075235
0.0997648612946
0.00826313748201
1.29406115146e-08
1.12404417836e-06
4.42544246787e-13
5.06392220738e-05
0.000154272690594
0.0997648612946
0.0997648612946
0.249804075235
0.000875144127143
0.249804075235
0.000212019025045
0.0245792682927
0.000781487124588
0.249804075235
2.00190945871e-07
0.000823794334374
0.249804075235
7.29809871238e-09
0.0997648612946
0.00027093269342
1.84604683687e-05
3.50010256431e-08
0.00039261464683
0.00183447913877
0.249804075235
0.249804075235
0.249804075235
0.00633338206651
3.561761948e-10
0.000102679168696
0.000141255525204
1.51340855711e-17
0.0997648612946
0.0245792682927
1.25921339967e-13
5.35458696481e-07
1.16834077478e-17
0.0243841131248
0.023132021262
8.66239618841e-05
0.00190390435221
0.0997648612946
0.249804075235
2.00893431591e-15
0.249804075235
0.0245792682927
7.22470004066e-09
0.249804075235
0.000781487124588
0.000103627315246
0.000211873543451
0.00190390435221
0.249804075235
1.03136549725e-05
0.000823794334374
5.14655170539e-09
3.8329325093e-06
9.54010362396e-06
2.06237108374e-10
0.249804075235
0.249804075235
9.28108983714e-05
0.249804075235
0.249804075235
3.86270758804e-05
0.249804075235
0.000823794334374
0.00383298530176
9.28108983714e-05
0.0997648612946
0.00144756788546
8.95898039879e-18
0.249804075235
5.39119299869e-09
0.0243841131248
0.249804075235
0.249804075235
0.0997648612946
0.00145668513119
0.00332105230115
1.69961959364e-05
0.00066174487283
7.84474686111e-10
0.000875144127143
1.09715908925e-06
0.000641430700383
0.249804075235
0.0997648612946
6.18056064044e-05
2.11574381586e-10
0.00633338206651
0.249804075235
3.09128050187e-10
0.000762163123032
0.249804075235
0.0997648612946
0.0997648612946
6.56062636422e-05
1.69454612019e-16
0.249804075235
0.000264866946199
0.00826313748201
3.34957592166e-13
3.95731988338e-06
0.0245792682927
2.83034763454e-16
0.249804075235
0.000197491346475
0.249804075235
0.00826313748201
0.023132021262
0.000184128309702
6.99926524139e-05
2.74981966193e-07
9.19251750086e-07
9.09846394658e-09
0.0997648612946
0.0997648612946
0.249804075235
0.249804075235
0.000753409676661
0.249804075235
0.000184128309702
0.000186136857754
0.0245792682927
7.50887596604e-07
0.0997648612946
9.50365576482e-06
0.00183447913877
0.00155360372441
0.249804075235
0.000811717812803
1.17466630948e-08
0.000191007837873
1.29161247277e-05
0.000292828920669
0.0997648612946
6.71338080471e-10
2.87927688465e-09
3.42743846261e-19
0.249804075235
2.56880593991e-07
0.0245792682927
1.22960975899e-10
0.000867452038017
0.000105230991935
3.22960934022e-11
2.48415951684e-07
7.6669659772e-10
7.97450200821e-10
0.0997648612946
0.249804075235
3.61165076344e-08
1.88158853382e-05
2.36882425793e-05
0.249804075235
0.249804075235
5.27984231537e-08
0.00595986367514
2.93114918286e-07
0.00332105230115
3.29128226536e-06
3.30948782627e-09
0.249804075235
0.0245792682927
9.14915292685e-15
5.0013084784e-11
0.249804075235
0.000354412214949
5.30100827626e-05
0.00145668513119
0.00577706757242
0.249804075235
6.80411324844e-09
0.000823794334374
0.00145003778831
0.0997648612946
0.0997648612946
3.74293711132e-05
0.0997648612946
2.53117004762e-05
0.249804075235
0.023132021262
0.000313156923369
0.0243841131248
0.00288268870667
3.62005332603e-07
1.9787624793e-07
9.87618482219e-07
0.00256554373638
0.00318579085665
1.01150774353e-13
2.88689438584e-06
0.249804075235
2.24438961411e-08
0.000280831083586
1.5897978012e-08
0.000105985388859
0.0997648612946
0.00318579085665
0.0997648612946
4.89915813487e-05
0.00190390435221
0.0243841131248
3.98233853587e-06
0.023132021262
0.00633338206651
1.45103820312e-05
1.07444293392e-05
0.249804075235
2.21048703444e-11
3.2231308401e-08
0.249804075235
2.55876564195e-05
5.1300702976e-11
0.249804075235
0.00826313748201
0.249804075235
0.00826313748201
3.05709441384e-05
0.00595986367514
0.00190390435221
0.00155360372441
0.249804075235
0.00595986367514
0.000760861301973
0.000146101193632
4.7173958602e-07
3.3333367014e-07
0.0245792682927
3.96941690564e-09
0.00145003778831
0.249804075235
4.40314088179e-05
9.33112078515e-08
0.0997648612946
2.42852588636e-08
0.249804075235
0.000340159521864
0.00066174487283
0.249804075235
8.12588548942e-12
0.00318579085665
0.0997648612946
1.56975398216e-06
0.0997648612946
0.000753409676661
0.00354908262644
1.07507271079e-09
0.00163771085378
1.69672802862e-09
1.83741352706e-05
0.0997648612946
2.05389239183e-08
4.57514479005e-07
0.249804075235
0.000284224634579
0.249804075235
0.000781487124588
0.249804075235
0.000135542023498
0.0997648612946
0.00144756788546
0.000204112865627
0.249804075235