500
0.000197436029165
0.00227031934581
0.000121378293366
0.00696783540028
0.0066171475866
0.00696783540028
0.0
0.00696783540028
0.00227031934581
0.00696783540028
0.00696783540028
0.00012564871193
0.00435220976264
0.0041296011857
0.0066171475866
0.0066171475866
0.00435220976264
0.0041296011857
0.0066171475866
0.00366384259862
0.0041296011857
0.000204012959436
0.00366384259862
0.0041296011857
0.00435220976264
0.000132083886065
0.0041296011857
0.00696783540028
0.0066171475866
0.0041296011857
0.00366384259862
0.00696783540028
0.0066171475866
0.0066171475866
0.0041296011857
0.00366384259862
0.0066171475866
0.00696783540028
0.00229093364486
6.35927145696e-05
0.000321094649837
0.00366384259862
0.00696783540028
0.0041296011857
3.14986154409e-05
0.0
0.0066171475866
0.000118775126777
0.00366384259862
0.0066171475866
6.61646853323e-05
0.00696783540028
0.00227031934581
0.00696783540028
0.000656051667081
0.0
0.00696783540028
3.07228396908e-08
0.0066171475866
0.000656051667081
0.00696783540028
0.00696783540028
0.0041296011857
0.0066171475866
0.0021501115474
1.44641381293e-05
0.0066171475866
7.91113825357e-07
0.0041296011857
0.0066171475866
0.0066171475866
0.00435220976264
0.00227031934581
0.0066171475866
0.000121378293366
0.00229093364486
0.00696783540028
0.00366384259862
0.0041296011857
0.0066171475866
0.00696783540028
2.40601559375e-05
0.0
0.000204012959436
2.21931930768e-06
0.0066171475866
0.000321094649837
1.9775339763e-08
0.000118775126777
0.000337214480144
0.00435220976264
0.00366384259862
5.69604987934e-06
0.000102051037786
0.00696783540028
0.00435220976264
2.16946921204e-05
0.00435220976264
0.00696783540028
0.0066171475866
0.000207355429362
0.0041296011857
0.0066171475866
0.0041296011857
0.000331782826981
2.4950303313e-05
0.000112878510504
0.00435220976264
0.0041296011857
0.00227031934581
0.00435220976264
3.4296167377e-08
0.00696783540028
0.00141503449132
0.00696783540028
0.00011474073361
0.0041296011857
0.0066171475866
0.0
0.00696783540028
0.00227031934581
0.0066171475866
3.89553855168e-07
0.0041296011857
0.000331782826981
2.53421536436e-05
0.0
0.00227031934581
0.00696783540028
0.0021501115474
0.0034714260285
0.000835998798666
0.0021501115474
0.000125538562668
0.000318809967004
3.72581798828e-05
0.00696783540028
0.0034714260285
0.0034714260285
0.0041296011857
0.000214862648897
0.00435220976264
7.14379285413e-07
2.9901650218e-06
0.0034714260285
0.00696783540028
0.000331782826981
0.00696783540028
0.00696783540028
0.00227031934581
0.0034714260285
0.0
0.0066171475866
0.00366384259862
0.0066171475866
5.1324647565e-06
0.000197436029165
0.000193057976367
3.94164800539e-05
0.0066171475866
0.00227031934581
0.0021501115474
0.000187984850513
0.00366384259862
1.56204369143e-05
1.72150455104e-05
0.0034714260285
0.00227031934581
0.000118673908103
0.00696783540028
0.0066171475866
0.000514644172258
1.33306971762e-05
0.0066171475866
0.00018666221217
0.00696783540028
0.00696783540028
0.00435220976264
0.00030694831523
0.00696783540028
0.00366384259862
0.00696783540028
6.44308303812e-07
0.00696783540028
0.0
0.00696783540028
0.0041296011857
0.0066171475866
2.28947687749e-05
0.0066171475866
0.000306693380181
0.00435220976264
0.00040370258384
0.0066171475866
0.0066171475866
0.000197455489852
0.00696783540028
6.75426941151e-05
0.0066171475866
0.00227031934581
0.00011388810167
0.00696783540028
0.00696783540028
0.0021501115474
0.00435220976264
0.0021501115474
2.95788257048e-07
0.00696783540028
5.49751047049e-08
0.00696783540028
0.00227031934581
0.0034714260285
0.00435220976264
0.000193057976367
3.33234024766e-05
0.0041296011857
0.00229093364486
0.000106056151735
0.00696783540028
0.000197436029165
0.00216863438273
0.0041296011857
1.83706250766e-06
5.70991428758e-06
0.00435220976264
0.00133911445172
4.08822953756e-05
0.000306693380181
5.55090152206e-06
0.000486660325076
0.00696783540028
0.00696783540028
0.000197455489852
0.0034714260285
0.00435220976264
0.0041296011857
0.000207355429362
0.000193057976367
0.0066171475866
0.000306693380181
0.00435220976264
6.63496722771e-05
0.0066171475866
0.00435220976264
0.0041296011857
1.68949948115e-05
1.49419002713e-06
0.00366384259862
0.00011474073361
0.0034714260285
0.0066171475866
0.00435220976264
0.00696783540028
0.0021501115474
0.00366384259862
0.000121378293366
0.0041296011857
0.0041296011857
0.00696783540028
0.0041296011857
0.00435220976264
0.000107657077517
0.000514644172258
0.0066171475866
0.000835998798666
0.00366384259862
0.0021501115474
0.0066171475866
0.000337214480144
0.000187984850513
0.00696783540028
0.00696783540028
0.0066171475866
0.00696783540028
0.00018666221217
0.00216863438273
0.00696783540028
0.00011388810167
0.000790622987832
0.0041296011857
0.0066171475866
0.000527300433876
0.00696783540028
0.0066171475866
0.0066171475866
0.00435220976264
0.0041296011857
0.0
0.0041296011857
0.000324380360977
0.00435220976264
0.000331782826981
0.00696783540028
0.0034714260285
0.00696783540028
0.0021501115474
0.0041296011857
3.14986154409e-05
0.0034714260285
0.00227031934581
1.19332557017e-05
0.00435220976264
0.0034714260285
0.0066171475866
0.00040370258384
0.000835998798666
0.0
0.0041296011857
0.00696783540028
0.000318809967004
0.00366384259862
9.54128857447e-06
0.00227031934581
0.00435220976264
0.00696783540028
0.00012564871193
0.0066171475866
7.72252565055e-05
0.000656051667081
9.60608888288e-06
6.30579125834e-05
0.00696783540028
0.0066171475866
0.0
0.0041296011857
0.00696783540028
0.00227031934581
0.00435220976264
0.0066171475866
0.00696783540028
0.0034714260285
0.0066171475866
0.00696783540028
0.0021501115474
0.00141503449132
0.00696783540028
0.00696783540028
0.000324380360977
0.0066171475866
0.00133911445172
0.00366384259862
0.00696783540028
0.0066171475866
0.000115554101255
0.00696783540028
0.0066171475866
0.0034714260285
0.0034714260285
0.000331782826981
0.0041296011857
0.00696783540028
0.0
0.000337214480144
0.0041296011857
0.00435220976264
0.0066171475866
0.00696783540028
0.000656051667081
0.00696783540028
0.00435220976264
0.000197455489852
0.00696783540028
0.0041296011857
0.0066171475866
0.00696783540028
0.00366384259862
0.0041296011857
0.00696783540028
0.00696783540028
0.0066171475866
0.000318809967004
0.0034714260285
0.00216863438273
0.00696783540028
0.00696783540028
0.00696783540028
0.0041296011857
0.00227031934581
0.0066171475866
6.40851859205e-06
0.00696783540028
0.0041296011857
0.000118775126777
0.000790622987832
0.0066171475866
0.0
0.00696783540028
0.0041296011857
0.0041296011857
0.00435220976264
0.000187984850513
0.0066171475866
1.25685395331e-06
0.00696783540028
0.0066171475866
0.00696783540028
0.00227031934581
0.0021501115474
0.0066171475866
0.0021501115474
0.000115554101255
0.000207355429362
3.42372162208e-06
0.00696783540028
0.00435220976264
0.00435220976264
0.00696783540028
0.00435220976264
3.5715406671e-06
0.0066171475866
0.000193057976367
0.00435220976264
0.0041296011857
6.04710664157e-06
0.0066171475866
0.0066171475866
0.0066171475866
0.00696783540028
0.000331782826981
0.0034714260285
0.0041296011857
0.0041296011857
1.00696079447e-05
1.47271824059e-05
0.00227031934581
2.82418899426e-07
0.00435220976264
0.0041296011857
0.00696783540028
0.0066171475866
0.00696783540028
0.000187984850513
0.00696783540028
1.35286465458e-10
0.00229093364486
0.00696783540028
0.000197436029165
0.00696783540028
0.0066171475866
0.0066171475866
0.00696783540028
0.00696783540028
0.0041296011857
0.0034714260285
0.00696783540028
0.0021501115474
0.0034714260285
0.000125584919502
0.00435220976264
9.38362030869e-06
0.00227031934581
0.00366384259862
0.0
0.00366384259862
0.00696783540028
0.0
0.0041296011857
0.0066171475866
0.0041296011857
3.72804426907e-06
0.0066171475866
0.00696783540028
0.000204220198391
0.00435220976264
0.0066171475866
0.00696783540028
0.00435220976264
0.000187984850513
6.36179011519e-06
0.000193057976367
0.000318809967004
0.00366384259862
0.00227031934581
0.0041296011857
0.00696783540028
0.00366384259862
0.0041296011857
0.00017253949341
0.0041296011857
0.000324380360977
0.00696783540028
0.0066171475866
0.0021501115474
0.000498581652523
0.0066171475866
0.0066171475866
2.05458059092e-05
0.0034714260285
0.00229093364486
0.00696783540028
0.000197455489852
0.000214862648897
0.00435220976264
0.0066171475866
0.0066171475866
1.54615710922e-05
0.0034714260285
0.00696783540028
0.00696783540028
0.0034714260285