500
0.000942569598389
2.86664488114e-12
1.00867954274e-16
0.000254422655532
3.58317498796e-11
3.08931042326e-09
7.6065201829e-08
2.44593656346e-10
0.00474863530601
4.23546998014e-45
5.03428087373e-05
9.59013531915e-06
4.1143677815e-05
4.85575246106e-15
0.000525799170674
6.59516639362e-25
0.000219015169136
1.35726846389e-07
0.0107042253521
1.80520150692e-05
5.22639543894e-11
1.52336144516e-11
2.60108877898e-25
0.000750560518293
0.0244597551797
5.42996074719e-20
3.36451497377e-10
5.3407080111e-15
4.68942300426e-34
0.00581870844562
8.08617336729e-08
0.000525799170674
1.19522614653e-07
1.51439608911e-15
2.67042082516e-21
6.53871149953e-18
7.64518981573e-21
1.74077163352e-05
5.98092734308e-15
1.79491927436e-11
0.0201119489482
9.78985244846e-10
1.38720813114e-05
0.00101653858774
5.63320001293e-06
0.00223372769551
0.0201119489482
1.22664230954e-10
0.00474863530601
1.73964925511e-15
0.000826602936811
1.8145111614e-07
5.31565331849e-06
3.60143513209e-20
5.40980075449e-13
0.00220377679136
1.65450949871e-12
1.43146978291e-19
0.000690084425218
1.28225669416e-05
2.08745353339e-08
0.0201119489482
8.1494177921e-05
1.81701152164e-05
1.80094490782e-12
5.74578063221e-14
0.00022031919039
1.17488494962e-18
1.10901412495e-16
6.03417000468e-07
0.00653932584269
0.00161396509791
3.5864021788e-13
5.20942734516e-05
8.27136816717e-20
1.85681669914e-05
0.0201119489482
1.11684509958e-15
1.97025215958e-05
1.37217071162e-05
1.11580079246e-08
1.53167733234e-11
3.9017383793e-12
0.00581870844562
6.17300447186e-08
2.98061415826e-05
3.31418244192e-18
5.6137913166e-10
7.60199454806e-05
0.000525799170674
0.00137671121936
3.83523162007e-11
0.000525799170674
4.46848007104e-05
3.92833978857e-05
5.40706594974e-13
2.32621581906e-18
0.00220377679136
4.1042488229e-07
0.00198523307791
3.24921416122e-10
1.09125373247e-12
2.58211667735e-05
0.00219788364501
0.0244597551797
9.67492722692e-07
8.13629971848e-11
1.06695393957e-22
0.000387264862193
0.0244597551797
1.54123091448e-05
4.80610728464e-21
0.00390454892728
3.05909139101e-07
1.17954039559e-06
0.00198523307791
0.000750560518293
0.000550735434266
4.11400509967e-08
0.00581870844562
1.10927328839e-10
1.24027721239e-17
0.00148665155053
0.00248421708999
1.1383732897e-09
0.0023849985673
1.28265492112e-06
3.18392420319e-05
0.00198523307791
3.51760578757e-13
5.93006884452e-14
0.000190954511632
6.75380117687e-05
1.3231080498e-09
1.98770624941e-12
4.35225078746e-44
0.000327022548532
2.2614015447e-05
2.11314923555e-36
0.00581870844562
3.02094048272e-05
3.91263807495e-09
0.000192720867281
1.34565195158e-26
0.0282791878172
1.10590209634e-17
5.92012610456e-08
0.000462674292101
3.95262877103e-19
0.000229575888644
0.0244597551797
9.02932220331e-05
6.00423774112e-06
0.00581870844562
0.0282791878172
0.00267151580461
1.60340148282e-13
0.00022154780598
0.000543736346934
1.63715321597e-11
1.50246262944e-11
4.66400784902e-07
2.6188636733e-05
0.00103724330724
0.0227085561497
3.78180599447e-05
0.0282791878172
2.67118522767e-45
5.3338258458e-07
6.89201764678e-07
8.60070455271e-09
0.00334544988985
4.62649578549e-07
3.21868514173e-11
0.00639806165233
1.84950389108e-11
0.0244597551797
9.65169909818e-05
1.26990573909e-13
0.000826602936811
2.34406986381e-30
2.1128502453e-20
3.57800432973e-05
0.000219015169136
2.01482796381e-08
3.00682570868e-05
7.59246274211e-06
3.10482522319e-07
4.01514437956e-07
2.71661891451e-10
0.000156951333804
0.00651036202894
2.08259630537e-25
0.0244597551797
7.59323799427e-05
7.33781955458e-08
0.000765998530667
3.60717405259e-14
5.03428087373e-05
3.34370145147e-10
0.000327022548532
1.0386238854e-14
2.67761355171e-09
0.00653932584269
2.82787946448e-15
1.51511679731e-14
0.0244597551797
4.58894226473e-05
1.30706168462e-07
0.00223372769551
1.75623500582e-05
9.06685213342e-15
3.12731955349e-07
1.34919266784e-27
2.04238135367e-10
0.000396502233222
2.8571729975e-28
1.49661244378e-11
1.24294388959e-06
2.11727068451e-22
3.81853413576e-12
0.000248546601641
8.1494177921e-05
1.78941951884e-05
0.000197129129562
3.77858205302e-06
2.47069752645e-11
0.000734976683044
0.000103939802347
0.000776372578539
3.07722520621e-06
0.00390454892728
2.18822391591e-05
0.000193204601543
1.13631650655e-45
0.000857024609946
0.000857024609946
1.16710533385e-05
7.36412649987e-07
0.00639806165233
2.691760149e-10
1.45634856494e-12
4.17588328297e-07
9.67986899727e-05
1.12076845072e-28
1.16508464031e-16
4.49334536281e-05
9.58176576489e-05
1.77706497703e-18
1.78372686607e-10
0.00390454892728
9.22662564659e-21
6.2661735854e-07
0.00354536153297
0.0020074444252
6.91146584345e-18
9.27706050191e-10
0.0282791878172
8.05765738007e-12
2.69873588652e-11
0.00148665155053
2.33457679637e-16
7.48285608807e-25
1.02844428206e-11
3.50566216174e-08
9.96289720565e-14
0.0227085561497
0.0244597551797
1.02398721993e-07
0.00581870844562
2.69597707152e-15
1.80100646195e-10
2.13251722782e-05
0.0201119489482
3.63794399852e-15
2.76449559023e-05
0.0201119489482
0.0244597551797
0.0227085561497
1.04620519258e-14
0.00267151580461
0.0201119489482
1.2224556927e-07
2.72265342032e-22
0.0244597551797
3.43751990996e-07
7.56973704487e-07
0.00103724330724
4.66103656885e-12
3.66818609384e-09
9.15098751189e-08
7.1751351432e-07
4.98195875421e-05
2.73710864629e-19
0.000814352933714
0.00198523307791
3.06500787178e-06
0.00581870844562
6.04018871617e-22
0.00116790169987
0.0023849985673
2.73673764023e-07
7.91932373985e-09
0.00334544988985
0.0244597551797
3.13370532599e-09
5.66870815956e-08
0.000699574264286
0.0244597551797
0.00581870844562
1.16010183414e-16
2.05044578737e-23
1.29554413484e-07
1.18234254959e-06
3.05684638598e-20
8.34197127713e-12
1.27190692019e-24
8.28611102946e-06
0.00581870844562
0.000543736346934
0.0201119489482
0.00272707142834
4.66759858297e-06
0.000926266865419
1.93933097177e-05
6.39002012269e-12
0.00581870844562
1.1119343016e-08
6.12087218293e-11
2.62516995279e-20
3.94382072323e-15
3.29034545305e-07
1.24136920719e-13
0.00581870844562
2.9832235933e-05
0.0282791878172
1.39836098294e-07
1.37811171432e-16
6.50009954443e-23
0.000761619720757
4.32225037068e-08
3.29870560428e-25
1.0657811271e-05
5.24744417848e-09
0.00581870844562
2.72992455362e-08
3.00053996732e-14
0.0201119489482
2.31902893256e-11
5.51472734581e-09
4.89489982272e-09
3.90388302578e-08
1.88846931082e-06
1.13725662153e-12
0.0244597551797
4.80090230589e-18
1.05999765951e-19
8.59190044006e-06
4.40810739214e-07
0.000454729403889
9.12084140098e-08
0.000567274933756
4.06717562068e-09
0.00082111066927
0.0282791878172
2.70213179662e-08
0.0201119489482
4.67234536877e-05
3.01242776194e-07
4.21021291425e-15
7.67854001699e-10
0.000188767979002
5.4398011973e-08
0.0244597551797
0.0244597551797
4.15549625183e-10
5.72992661306e-35
5.60691854313e-20
2.9116864214e-11
0.00390454892728
7.97677262584e-08
0.0244597551797
0.000826602936811
0.00198523307791
1.93796249991e-13
3.95515698975e-12
7.3059673647e-06
0.0244597551797
9.22166988468e-06
2.72673171927e-21
0.00223372769551
2.64188292753e-12
5.20808018595e-11
0.0227085561497
2.37583094717e-10
2.9832235933e-05
5.3441057085e-21
1.97463015411e-13
0.0244597551797
1.04733202047e-28
1.5792507491e-11
0.0244597551797
3.2488790836e-11
6.10711319613e-14
0.0282791878172
8.36496941085e-17
2.26290269477e-09
5.76714080783e-08
7.7936289446e-17
3.71738677554e-06
3.56205059543e-16
0.00581870844562
1.68688114289e-06
7.59323799427e-05
0.0201119489482
0.000406611808543
0.0201119489482
2.39142051047e-13
9.97465143706e-10
1.42607144189e-10
1.98630921055e-05
0.000193570894908
0.000497955229236
3.8594291368e-09
0.0282791878172
0.00198523307791
3.27027226248e-11
0.0201119489482
0.00225230264282
0.000904433755375
0.0020074444252
5.78894925149e-09
3.41561293494e-07
0.000179902016436
4.11765359504e-10
4.06440918568e-10
7.22715735236e-05
9.53725942226e-13
3.17513949309e-07
0.00581870844562
0.00219788364501
3.11588525685e-14
5.10065414782e-07
2.62724873852e-06
0.0244597551797
9.46272327741e-08
0.00474863530601
0.0244597551797
6.75380117687e-05
0.000126373178481
1.153215994e-06
0.00082111066927
2.68422315366e-07
1.11223192585e-05
2.40865501209e-05
4.97200087634e-10
0.0201119489482
4.20685476234e-09
4.87335375254e-26
2.04676080859e-07
2.11254350402e-06
0.0201119489482
2.32764093631e-07
5.71711807226e-20
4.80151622301e-15
7.95400267453e-09
0.00219788364501
0.0282791878172
0.0244597551797
4.86552887079e-07
6.67376638435e-08
4.77978353979e-05
2.75877082299e-08
4.2634894545e-06
3.18594724142e-11
8.82373091952e-15
0.00116790169987
8.59723437179e-10
0.00267151580461
3.05483318405e-26
1.85681669914e-05
0.00390454892728
1.59164440987e-11
3.45683183978e-09
0.00116790169987
0.00581870844562
2.67743385649e-05
0.0282791878172
0.00116790169987
0.000902351317772
1.9341004599e-06
6.2401784217e-08
0.00581870844562
0.0201119489482
0.000776372578539
2.53116689221e-10
4.04022365872e-06
2.15334655515e-12
9.90901330512e-10
0.000687948722443