500
0.0116420302742
5.2233086667e-13
1.37848252565e-07
0.0
8.534136013e-06
5.39576578561e-07
3.53075212467e-08
3.30608944695e-06
9.42388780404e-12
0.000136364709624
0.0
1.4567130825e-08
6.07957125011e-05
2.19910009959e-16
3.2659807802e-05
1.67323389337e-08
0.0047711599335
2.82021953972e-09
0.000155943267628
0.0
1.37848252565e-07
0.00277216857081
0.000836765396251
0.000296346190506
3.64484190042e-07
4.11914223799e-08
6.96478815603e-06
0.000836765396251
0.0116420302742
1.14766436426e-05
0.0112240499969
0.0128640535771
0.00334935433859
0.00167035520932
0.0128640535771
6.42036070084e-08
2.77799393554e-25
9.58814188845e-07
0.0
1.48457887812e-06
0.000975793304054
1.56180274817e-22
0.0
3.51873713666e-12
0.00294869481734
7.36035563722e-05
0.0
1.06918719199e-06
4.71938621799e-15
0.00334935433859
0.0
1.08538928927e-06
1.21168757617e-05
9.98090990266e-17
5.323639747e-05
2.57801550007e-06
1.82163819706e-33
4.23254361378e-14
1.24499777101e-08
0.0
1.42348804122e-12
1.59262260852e-09
5.04499720768e-07
2.92624685815e-09
3.79852440601e-06
1.72183562109e-12
9.41251660722e-17
0.0
8.56931803641e-05
0.000872460817718
0.0
9.36688145644e-07
3.49493687979e-12
0.00018810991871
0.00410324923255
0.00277216857081
0.0
1.9880585892e-05
1.41269612758e-07
2.02078101191e-10
3.37956211594e-15
3.76983153685e-08
2.24420536277e-05
0.0
9.50640085475e-07
0.0
0.0
1.99587234815e-09
1.59293486838e-05
1.83633673147e-06
1.89160651803e-05
2.14102539178e-08
1.17553980683e-08
0.0
1.08527713923e-06
2.47260306577e-05
0.000553372242358
0.000268311687029
7.55741266927e-08
0.00211086814947
1.75535800313e-14
4.42325544128e-08
2.55340981589e-06
0.00277216857081
2.57136456403e-06
5.86811031003e-17
1.53895525765e-13
2.85773035205e-06
0.0128640535771
1.17933751434e-34
0.0
0.00171468467132
4.9102417795e-07
3.15628352583e-08
0.00277216857081
1.27017106923e-18
1.03582941165e-14
7.02738168508e-05
0.00127081019347
3.91533996796e-07
6.17159608458e-10
0.000553372242358
1.57828266263e-06
3.44679856715e-17
3.46467468978e-16
2.67671570318e-10
6.07957125011e-05
4.89689664851e-08
1.65130568348e-06
2.2636167693e-12
4.24268303282e-10
6.56196477713e-05
5.69064466844e-10
1.23622535777e-05
3.11053266202e-11
1.19816369391e-08
0.00109138680424
4.69198806425e-08
1.58435091494e-10
8.14957338895e-11
0.00342786030105
5.10624231872e-06
4.71336307758e-10
2.83037841417e-31
0.0128640535771
5.56680158249e-10
0.0
1.28293344955e-11
0.00342786030105
1.68721269042e-16
6.97383586702e-07
1.57250692684e-10
0.00277216857081
2.8258541286e-30
7.09462998682e-05
0.0047711599335
1.0559058944e-14
0.0
4.56044589152e-08
0.0
3.42975852564e-10
0.00277216857081
0.000103417642217
0.000756576631813
3.80345625656e-17
9.90711849107e-08
0.0
0.00391298027138
2.76051273543e-11
0.0128640535771
0.000136235425317
0.00146275150835
8.21030922827e-10
0.00109138680424
0.000118317110555
8.17177452833e-05
4.82353308129e-11
3.10930266449e-05
3.04271333416e-06
0.0
0.00149196178896
0.000188749711162
0.000410396496356
4.5105350562e-09
5.30437403447e-12
7.02738168508e-05
8.52638481662e-14
0.000207503661068
4.42102047355e-06
5.6645195234e-06
0.000553372242358
2.93996375085e-05
5.2978544226e-08
1.08574001974e-05
6.21431588829e-07
0.0
0.0
2.20461815647e-12
0.0117273553272
7.84102885501e-08
4.62584050491e-07
1.13926492764e-08
5.9638982227e-06
9.65257144167e-11
1.28932447187e-07
4.25986438057e-06
1.56212598004e-05
1.71589118918e-07
6.13332389611e-09
1.62172114941e-05
4.83086852965e-05
3.86786452339e-07
4.09983650835e-10
0.000148081912272
6.50971497733e-20
2.47260969931e-05
0.000165207272014
0.00121912003775
2.02715048855e-22
4.61552776654e-06
5.76240365411e-08
1.87661417986e-06
0.0
0.000154973637995
0.00187570203555
8.18369229694e-09
0.0
0.00342786030105
7.39087837363e-06
0.00211086814947
0.0
0.0
5.51436764572e-06
0.0112240499969
3.35394089949e-05
0.00277216857081
0.00211086814947
0.0047711599335
0.00109138680424
3.16555106678e-05
2.73830684086e-06
0.00331798160443
5.41233906357e-12
0.0117273553272
0.0
1.03460258825e-11
1.11678973733e-10
0.00109138680424
0.00277216857081
0.000188749711162
1.47955840882e-12
2.47491070455e-12
1.66038990122e-06
0.0128640535771
0.000617897697054
0.000810136484206
3.83384629878e-11
2.08903168992e-05
7.65277289404e-13
0.000225988423221
1.50739197385e-18
3.63484346216e-08
4.77284082646e-21
2.21770608623e-05
9.65364412266e-05
1.30815209105e-08
1.88633434179e-09
2.13701767104e-05
4.87763389808e-15
3.43700687939e-05
0.0
3.61980000023e-13
6.9738276094e-10
0.00109138680424
0.0116420302742
1.48526919356e-08
2.31242235737e-14
3.38108186652e-10
1.56730606765e-06
1.94365548005e-13
1.20191744936e-15
6.57224686444e-06
5.323639747e-05
2.18192058144e-10
0.0
1.1223449383e-08
0.0
6.70153955552e-05
1.94405337726e-07
0.0
8.12791570053e-05
5.88757440039e-13
0.00277216857081
1.0289464265e-11
0.0047711599335
1.09577632972e-08
1.67141921763e-09
1.07479184388e-06
2.6002061331e-08
0.000756576631813
5.78660480214e-07
0.0
0.0
9.9369822318e-13
5.29147454836e-10
0.00277216857081
7.62707945375e-06
2.0171425317e-13
1.00007418133e-13
2.41302445426e-13
0.0116420302742
1.13700404917e-14
1.77706356459e-27
9.82450679398e-11
0.00109138680424
0.00410324923255
0.0
8.63526280837e-23
0.0047711599335
0.00277216857081
6.58627852384e-06
3.30834659144e-07
1.94897959574e-21
2.18299449085e-07
0.000250156968302
1.25470560342e-09
1.01965349091e-10
2.07377667048e-12
0.0117273553272
2.01676701902e-13
0.0
0.0
0.000756576631813
0.00410324923255
9.66865777686e-07
3.57065575258e-06
3.50555877318e-06
0.000211109792279
1.66761273874e-05
4.33032274394e-12
4.85543727828e-06
0.000872460817718
7.03811727431e-05
0.0
4.66677134156e-12
4.02294538284e-19
6.23755376642e-07
7.57847819234e-08
5.9332184072e-18
1.82457915885e-06
3.69727867527e-19
1.50330189769e-09
3.52072117784e-07
0.0
1.2370216376e-16
1.71564758309e-05
0.000165341031111
3.83691553548e-06
3.54971870588e-06
1.12176190847e-09
9.74976061951e-10
0.00277216857081
0.0
1.03476266363e-05
0.00277216857081
9.01512272237e-09
4.22042449093e-09
1.78156321e-06
8.05386976792e-16
6.8609010748e-14
2.12771886348e-22
0.000121601533714
0.0
4.83086852965e-05
2.34086267794e-23
0.0128640535771
2.04260197931e-08
0.000975793304054
0.00294869481734
0.00342786030105
2.83471023063e-07
6.42759545768e-06
0.00410324923255
0.0047711599335
1.73785052833e-17
0.0
0.000279819256965
0.00215618734036
0.0128640535771
5.34057296556e-05
8.69256647813e-18
3.29159707545e-08
4.35200470008e-07
0.0
2.14216034097e-12
0.0
4.19128586159e-05
0.0
0.00211086814947
2.96815773146e-06
2.0354487382e-06
8.57581949035e-07
5.99455246471e-18
0.00277216857081
2.05201122787e-09
9.73921776912e-11
8.74047355374e-17
4.73122863655e-13
0.0
4.32245908021e-09
4.03208977289e-27
0.0
0.000261633000766
0.00171468467132
0.00334935433859
6.58946977364e-08
0.00109138680424
1.06688819708e-08
4.86442268896e-05
0.00331798160443
0.00121912003775
5.41947777978e-26
8.09066222454e-10
0.0116420302742
8.53217675915e-14
7.5500293758e-07
1.73118708515e-06
6.12033016995e-16
2.1376714989e-05
5.09032586311e-09
8.86299571222e-18
1.22965446654e-05
0.0117273553272
1.62719061517e-12
0.0
4.01668822258e-08
0.00138092916131
3.93778213487e-13
2.77083765143e-14
1.21168757617e-05
3.09668120948e-11
0.00391298027138
0.000617897697054
3.93617107392e-06
4.12297671604e-08
3.1909068103e-09
0.0
0.0117273553272
0.0112240499969
0.00277216857081
8.42049200737e-08
2.1672120075e-07
2.38820572261e-10
5.48049262206e-09
3.83959508876e-09
3.68239565171e-07
0.0116420302742
0.0117273553272
0.0
0.00277216857081
0.0128640535771
5.67068283542e-09
0.0
8.84325539323e-19
5.10624231872e-06
1.42537826234e-12
0.000615395974244
7.78819628886e-05
5.92651117719e-19
1.163692494e-09
8.56931803641e-05
0.0
1.6985339453e-07
0.00109138680424
0.00331798160443
0.0
2.53699614313e-10
1.42018428733e-05
1.48675162212e-24
0.0
0.00294869481734
0.00211086814947
0.0128640535771
0.00109138680424
0.00109138680424
1.06728402018e-14
0.000250156968302
2.29297200057e-05
9.3321899949e-09
0.0128640535771
5.05287119955e-06
6.70153955552e-05
2.79436038002e-16
0.00342786030105
2.05420902383e-06
0.0117273553272
2.72077526004e-11
1.09367912225e-10
0.0
0.0