500
0.0
0.0
0.00116182080197
0.0
0.0
1.05520931864e-05
0.0
0.0
0.0
0.0
2.67355178528e-06
0.00555998589711
1.34469207618e-07
0.0
9.69358569574e-06
0.0
0.00115061274469
4.78757284976e-07
0.000262890909055
0.0
0.0
0.000174901274356
0.0
0.0
0.000198118549358
0.0307655347574
1.17138575283e-05
1.08366037582e-06
0.0
0.0
0.0217230635635
0.0
0.00389338541666
0.0
0.0
7.38658561945e-06
1.56327854957e-05
0.00933425767212
0.0
6.86512367223e-06
0.0
0.0
5.42126336915e-05
0.0
0.0
0.0
0.0
0.0
0.000284648068944
3.75299670226e-05
0.000599783079454
0.000254474915749
0.00010570810304
0.0
0.0
0.0
0.0
2.26589415383e-06
5.51986267123e-05
0.0
0.0
0.00106838925283
0.0
0.0
0.0
0.0
0.0
0.0
0.0
4.84822486046e-05
0.0
0.0
9.94076203389e-06
0.000564986297909
0.0
0.0
0.0
0.000353261911703
2.92280529017e-05
0.0
0.0307655347574
0.000776765159141
0.0
0.0
0.0
0.0
0.0
6.69232119457e-05
4.11116528023e-05
0.0217230635635
0.0
0.0
0.000163010494596
0.0
0.0
0.0217230635635
3.2417352749e-05
0.0
0.0
0.0
0.0
0.0
0.0
0.0
8.11934452097e-05
0.0307655347574
0.0
0.0
0.0
0.0
6.34265119018e-07
0.00933425767212
0.0
0.000967643347674
0.0
1.46405687489e-05
0.0
0.000814279137221
0.0
3.38545615193e-07
0.0
0.0
0.0
0.0
0.0
0.0
0.0
0.0
0.0
0.0
0.0
0.0
0.0
0.0
0.0
0.0
0.0217230635635
1.64251984102e-07
0.0
0.0
0.0
0.0
0.00933425767212
0.0
0.0
0.000375884872815
1.37733768556e-05
0.0
0.0
0.0
0.0
0.000127049639499
0.0
0.0217230635635
0.0
0.0
0.0
0.0
0.0
0.0
0.0217230635635
0.0
0.0
0.0
0.0
0.0307655347574
0.0
0.0
0.0
0.0307655347574
0.00260576853038
0.0307655347574
0.0
0.0
0.000208833794077
0.0
0.0
0.00743948086566
0.0
0.0
3.02866801659e-07
0.0
0.0
0.00218214285063
2.05066646116e-05
0.0
0.0
0.0307655347574
0.0
0.0
6.24218999107e-06
2.09805266594e-05
0.00743948086566
0.0
0.0
0.0217230635635
0.0
0.0
0.0
0.00224479809804
0.0
0.0
0.0
0.0
0.0
0.0
8.47124333101e-06
0.00123193224748
0.0
0.0
0.0
0.0
0.0
4.59157323523e-06
0.0
0.0217230635635
0.0
0.0
0.0
0.0
0.000766877445646
0.0
0.000481546095614
3.33387698896e-05
0.0
0.000599783079454
0.0
0.0
0.00632406986533
0.0
0.0307655347574
0.0
0.00402400524247
0.0
2.31295572063e-05
0.0
0.0
0.0
1.5975467379e-05
0.0217230635635
0.0
0.0
0.0
0.0
0.0
0.00194978028541
0.0
0.0
0.0
0.0
0.0
0.0
0.0
8.44717035013e-05
0.00304174924032
0.00632406986533
0.0
0.0
0.00555998589711
0.0
0.0
0.0
0.0
0.00224479809804
0.0
0.00115061274469
1.22378512568e-06
0.0
0.0
0.0
0.0
3.77491096871e-09
0.000573325068812
0.0
9.93941540219e-05
0.0
0.0
0.0
1.08602363084e-05
0.0
0.0
0.0
0.0
0.0
0.0
0.0
0.00304174924032
0.0
0.0
0.0
0.0
0.0
0.0
2.66345156603e-05
0.0
0.0
0.000397687742067
0.0
0.0217230635635
0.0
0.0
0.0
0.0307655347574
0.0021476891728
0.0
7.58570177196e-07
0.0
0.0
0.0
0.0
0.0
0.0
0.0
0.0
0.0217230635635
0.00389338541666
0.0
0.00402400524247
0.0
2.46951075629e-07
0.0
0.0
0.0
0.0
0.000552116273972
0.0
0.0
0.0
0.0
1.35305061845e-05
0.000273690487104
0.0
0.0
0.0
2.85807117301e-06
0.0
0.0
0.0
1.37763912423e-05
0.0
6.30954507108e-06
0.00402400524247
0.0
0.0
0.000279910354998
0.0
7.84865561626e-05
0.0
0.0
0.0
0.0
0.0
0.0
0.0
0.0
0.0
2.85117770564e-05
1.32693887385e-07
0.0
0.0
0.0
0.0
0.0
0.00019900650172
0.0
0.0
0.0
0.0
0.0
0.0
0.0
0.0
0.0
0.0307655347574
0.00389338541666
0.0
3.5259510513e-06
0.0
0.0
0.0
0.0
0.0
0.0
0.00743948086566
0.00402400524247
0.0
3.17212397909e-05
1.92899464814e-08
0.0
0.0
0.0
0.0
0.00632406986533
0.0
0.0
0.0
0.0
0.0
0.000171706184
0.0217230635635
0.0
0.0
2.25796543245e-06
8.74250650542e-13
0.0
0.0
0.0
0.0
0.0
8.89816248167e-05
0.0
2.25867690404e-07
0.0
0.000170370554382
0.0
0.0
0.0
0.0
0.0
6.68953470984e-05
0.0217230635635
0.00125012953605
0.0
0.0
0.0
0.00106838925283
0.0
0.0
0.0
6.428680025e-05
0.0
1.57868240096e-05
0.0
5.06740883514e-13
0.000814279137221
0.0307655347574
0.0
0.0
0.0
0.0
0.0
0.0
0.0
0.0
0.000460551167894
0.0
0.0
0.0
0.0
0.0
0.000232549041453
0.0
0.0
0.0
0.0
0.0
0.0
0.000524798272601
0.00194520929685
0.0
0.0
0.0
0.0
0.0
0.000967643347674
0.0
0.0
0.0
0.0
0.0
0.0
4.93668591996e-06
0.000258506645006
0.0
0.0
0.0
0.00161238038211
1.40748917865e-05
7.73146121016e-05
2.775274269e-05
0.000397687742067
0.0
0.00402400524247
1.50257784479e-05
0.000273703355746
0.0
0.0
0.0
0.0
0.000552116273972
0.0
6.53851505296e-05
0.0
0.0217230635635
0.0
0.0
0.0
0.00743948086566
0.0
0.0