500
0.0
0.0
0.0
0.0
0.0
0.0
0.0
0.0
0.0
0.00252250504914
0.0
0.0
0.0
0.0
0.0
0.000103404444756
0.0
0.0
0.0
0.0
0.0
0.0
0.0
0.00252250504914
2.16839128989e-06
0.0
0.0
0.0
0.00252250504914
0.0
0.0
0.0
0.0
0.0
0.0
0.0
3.46234377053e-05
0.0
0.0
0.0
0.0
0.0
0.0
0.0
0.0
0.0
0.0
0.0
0.0
0.0
0.0
0.0
0.0
0.0
0.0
9.84701218032e-05
0.0
0.0
2.89220221782e-05
0.0
0.0
0.0
0.0
0.0
9.38967011011e-05
0.0
0.0
0.0
1.87348503746e-05
0.0
0.0
0.0
0.0
0.0
0.0
0.0
0.0
0.0
0.0
0.0
2.8244441468e-07
0.0
0.0
0.00115663909805
0.00115663909805
0.0
0.0
0.0
0.0
0.0
0.0
0.0
0.0
0.0
0.0
0.0
0.0
0.0
1.79780106807e-07
0.0
0.0
0.0
0.0
0.0
0.0
0.0
3.05873059212e-05
0.0
0.0
0.0
3.86283871255e-06
0.0
0.0
0.0
0.0
0.0
0.0
0.0
0.0
0.0
0.0
0.0
0.0
0.0
0.0
0.0
0.0
8.39360207048e-07
1.70852380413e-06
0.0
0.0
0.0
0.0
5.31805889695e-06
0.0
2.36319173071e-05
0.0
0.0
2.17688583562e-05
0.0
0.0
0.0
0.0
0.0
0.00252250504914
5.18429930137e-08
0.0
0.0
0.0
0.0
1.99847565294e-05
0.0
0.0
0.0
0.0
0.0
0.0
0.0
1.85454188013e-05
0.0
9.3030866687e-06
0.0
0.0
0.0
0.0
0.0
0.0
0.00115663909805
0.0
0.0
0.0
0.0
0.0
0.0
0.0
0.00252250504914
0.00252250504914
0.0
0.0
0.0
0.0
0.0
0.0
0.0
0.0
0.0
0.0
0.0
0.0
0.0
0.0
0.0
0.0
0.0
0.00013065071444
0.0
0.0
0.0
0.0
3.12498518918e-06
0.0
0.0
0.0
0.0
0.0
0.0
0.0
0.0
0.0
0.0
0.0
0.0
0.0
0.0
0.0
0.0
0.0
0.0
0.0
0.0
0.0
0.0
0.0
0.0
0.0
0.0
0.0
0.0
0.0
0.0
0.0
0.0
0.0
0.0
0.0
0.0
0.0
0.0
0.0
0.0
0.0
0.0
0.0
0.0
0.0
0.0
0.0
0.0
0.00120317428286
0.0
0.000139712390969
0.0
0.0
0.0
0.0
0.0
0.0
0.0
0.0
0.0
0.0
0.0
0.0
0.0
0.0
0.0
0.0
0.0
0.0
0.0
0.0
0.0
0.0
0.0
0.0
0.0
0.0
0.0
0.0
0.0
0.0
0.0
0.0
0.0
0.0
0.0
0.0
0.0
0.0
0.0
0.0
0.0
0.0
0.0
0.0
0.0
0.0
0.0
0.0
0.0
0.0
0.0
0.0
0.000395168881832
0.0
0.0
0.0
0.0
0.0
4.48210027359e-05
0.0
0.0
0.0
0.0
0.0
0.0
0.0
0.0
0.0
0.00252250504914
0.0
0.0
0.0
0.0
0.0
0.0
0.0
0.0
0.0
0.0
0.0
0.0
0.00252250504914
0.0
0.0
0.0
0.0
0.0
0.0
0.0
0.0
0.0
0.0
0.0
0.0
0.0
0.0
0.0
0.0
0.0
0.0
0.0
0.0
0.0
0.0
0.0
0.0
0.0
0.0
0.0
0.0
0.0
0.0
0.00252250504914
0.0
0.0
0.0
0.0
0.0
0.0
0.0
0.0
0.0
0.0
0.0
0.0
0.00205486590038
0.0
0.0
0.0
0.0
0.0
0.0
2.45324828572e-05
0.0
0.0
0.0
0.0
0.00252250504914
0.0
1.26370279052e-05
0.0
0.0
0.0
0.0
0.00252250504914
0.00115663909805
0.0
0.0
0.0
0.0
0.0
0.00252250504914
7.8394332465e-05
0.0
0.0
0.0
0.000198196014606
0.0
0.0
0.0
0.0
0.0
0.0
0.0
0.0
0.0
0.0
0.0
0.0
0.0
0.0
0.0
0.00252250504914
0.0
0.0
0.0
0.0
0.0
0.0
0.0
0.0
0.0
0.0
0.0
1.4711115576e-05
0.0
0.0
0.0
0.0
0.0
0.0
0.0
0.0
0.0
0.0
0.0
0.000151972471656
0.0
0.000108429123271
0.0
0.0
0.0
1.89214981916e-05
0.0
2.89220221782e-05
0.0
0.0
0.0
0.0
0.0
0.00115663909805
0.0
0.0
0.0
0.0
0.0
0.0
0.0
0.0
0.0
0.00252250504914
0.0
0.0
0.0
0.0
0.0
0.000106967128569
0.0
0.0
0.0
0.0
0.0
1.56515001575e-07
0.0
0.0
0.0
0.0
0.0
0.0
0.0
0.0
0.0
0.0
0.0
0.0
0.0
0.0
0.0
0.0