500
0.00490085010797
0.000209769642062
1.74426048782e-06
0.00132323880726
0.0409647792639
1.0014162238e-06
0.0
0.000236493268616
0.00490085010797
9.59786578611e-06
1.43020750397e-10
0.000154658984155
3.72765951193e-05
0.0
0.000444315123248
0.00490085010797
7.09239365976e-08
0.000444315123248
0.0
8.05985395795e-06
0.0
1.38743101477e-09
7.77499620196e-10
1.88870099432e-07
3.96797261316e-12
1.79556794261e-08
3.74902744279e-06
8.27618752761e-05
0.000175124702748
0.0409647792639
0.00490085010797
0.000751621223961
0.0409647792639
2.67177458495e-06
0.00163938573273
3.31902601e-06
9.20568123406e-06
0.0409647792639
7.81456366033e-05
0.00490085010797
0.0
0.00860075608154
0.0
0.000143819992057
3.77230859723e-14
0.0
5.16805519726e-10
0.00050974365376
0.000246331446164
0.0166085455606
6.4588573141e-06
0.0409647792639
2.50987831186e-18
0.000472745563204
5.1665857925e-06
0.0
2.05489269651e-07
6.6635186412e-05
2.18878866369e-09
1.13395412509e-15
3.18414471437e-05
1.72022047137e-09
0.0
0.00173163310877
0.000114591810341
1.13729899891e-05
9.36708576119e-06
2.21404313058e-08
0.0
0.000751621223961
2.76383434876e-06
0.000114591810341
9.77861671585e-10
0.0131795343065
4.85492826869e-07
5.76224948861e-05
4.84049740906e-05
0.000292310063052
1.1329402599e-08
7.77983529573e-08
2.62718651901e-07
5.6686644137e-06
0.0409647792639
0.000754345596886
3.61184777127e-06
0.00114684134133
5.09338887004e-07
4.60637240934e-06
3.14402181389e-10
0.0
0.00163938573273
4.5328198033e-06
1.10557113842e-19
1.87048868908e-06
8.82568334281e-06
0.0409647792639
1.0767503458e-06
0.0
0.0409647792639
0.00175488683917
1.43866333147e-09
0.00114684134133
0.0
0.0
4.24600975789e-05
6.52611752292e-09
0.000132895481757
0.0
0.0
2.74873855588e-08
0.0
0.0
9.10895858018e-12
0.0131795343065
0.00180597293651
0.000106630790634
0.0
8.03905553069e-11
5.41306485466e-10
0.0
9.36708576119e-06
0.000472745563204
0.0409647792639
3.05752482894e-08
6.96249159243e-05
0.0
0.000408928022232
5.49189577717e-06
9.87932605675e-05
5.76224948861e-05
0.000320877758703
3.28383971543e-09
2.53087106022e-06
0.00163938573273
0.000578678540772
0.00653886029208
8.48256142658e-22
8.01633493094e-09
1.78594278796e-06
0.0158084319527
3.71982461955e-14
2.44236795426e-13
0.0
6.66788947432e-05
0.0158084319527
0.000885203075869
0.0409647792639
0.00490085010797
9.91784167287e-20
7.13745003627e-15
3.17880677225e-05
0.00490085010797
6.49610160037e-05
0.0
2.65917679849e-06
6.06914503952e-08
0.0166085455606
0.0
2.56869591505e-05
0.0131795343065
0.0409647792639
5.46904685034e-06
1.25730814489e-05
5.47258007124e-08
0.0409647792639
2.46291726821e-07
0.000107857844404
1.48737823986e-07
0.0
3.65746430593e-08
0.00163938573273
7.07118847576e-05
0.00490085010797
0.0
0.0
2.14473970632e-05
1.72382824581e-06
0.0
6.11376504287e-06
0.0409647792639
0.00490085010797
0.000444315123248
3.08746727156e-16
0.0
0.0
3.47139795232e-06
0.000255368918945
6.78291672156e-06
0.000472745563204
0.0409647792639
0.00490085010797
0.000175124702748
5.8006851922e-17
0.0
4.24037430193e-23
0.0
7.98316664805e-10
2.03706407222e-10
0.0
0.000408928022232
6.80584917423e-05
0.0409647792639
0.0
8.78841763012e-05
0.0409647792639
0.0
8.41141704341e-20
0.0022429570297
3.06557612969e-08
1.6315037716e-11
7.89422426361e-06
2.43886544941e-05
2.96045911599e-07
0.000236493268616
1.39003854539e-10
0.0
0.0
0.0409647792639
0.00132323880726
6.68533705882e-08
7.46374763726e-10
0.00490085010797
1.43966514895e-12
8.35392648717e-07
6.44586360016e-07
6.37369802669e-08
2.12829501849e-05
1.21409393987e-05
0.000260189315303
0.00114684134133
0.0
9.16067779104e-12
0.0
0.0
1.42730300764e-05
0.0
0.0166085455606
0.0
3.50140718782e-06
0.000257202566954
9.62219911636e-06
0.000578678540772
0.00490085010797
0.0
0.00180597293651
5.332762685e-08
0.0
0.0
1.25777340568e-05
2.34455165815e-07
0.000190635341565
3.35072374964e-09
0.0
0.0
6.21107168694e-05
9.57202737152e-13
6.84436254398e-05
2.3862460713e-10
0.00111041651435
5.71863450353e-15
0.0409647792639
5.15346083009e-16
1.2249325687e-07
2.23133345235e-09
5.00903995691e-08
0.00490085010797
0.0
0.00218352113581
0.00119220612216
7.81456366033e-05
0.0
5.3925115789e-06
0.00490085010797
0.0
0.0
2.00431533007e-09
0.0
0.000444887938576
0.0409647792639
0.0
1.77902738366e-05
0.0
0.0
2.4578946804e-10
0.00163938573273
4.19641745416e-06
5.90860437169e-06
0.000320877758703
0.0
0.00114684134133
1.04929956839e-09
0.0
0.000491050790794
9.24191406558e-08
0.0409647792639
4.89197089155e-05
0.00490085010797
2.4130907437e-13
5.02038886965e-05
0.00490085010797
5.16465679593e-07
0.0
2.602383524e-08
0.0
4.14036258185e-05
0.0
0.0
0.000885203075869
0.0
0.0
5.95744368423e-06
2.41124675937e-11
9.35304703071e-06
6.12454455825e-09
1.02186320436e-07
6.96249159243e-05
3.17880677225e-05
0.000329445083486
0.0
0.0
0.0409647792639
0.0
3.99615322046e-07
0.0
0.000444315123248
3.64497143506e-08
0.0131795343065
0.0
1.79406280371e-09
0.0
0.0
0.0131795343065
0.00010591176877
0.00490085010797
2.60746126058e-05
5.3489191197e-10
5.76902997855e-11
1.71727544856e-06
0.0
0.00120977753702
0.00490085010797
0.0
0.000320877758703
2.00551783899e-07
0.000751621223961
1.51625143777e-05
0.00653886029208
0.00166421200942
0.00605422355313
2.78538355364e-08
0.000578678540772
1.51220993232e-09
7.71919085486e-07
1.26670318982e-06
0.0
0.000320877758703
0.0
0.00490085010797
9.46873842772e-07
1.42219031439e-08
0.0
0.00653886029208
7.13741256357e-06
0.00490085010797
0.00490085010797
4.30825986136e-07
0.0
5.98186184665e-06
0.00490085010797
0.0409647792639
1.62808671297e-12
0.0166085455606
1.61430617291e-16
0.0409647792639
4.11507986532e-06
0.0409647792639
0.0409647792639
0.00490085010797
0.00120977753702
0.0409647792639
0.000444315123248
1.36816809924e-07
0.0
0.000257202566954
0.000385562511113
2.62741088392e-05
4.87766629441e-10
1.14957741832e-10
0.000605529343591
9.60907037146e-06
0.000550286764146
0.0409647792639
0.0
2.04125223846e-05
0.00437002107601
3.17880677225e-05
4.99477110838e-08
7.29424449414e-05
8.29672859933e-06
0.0
0.0409647792639
0.000472745563204
0.0
0.000320877758703
0.0
8.8578649024e-06
1.23887746438e-07
0.0
0.0158084319527
0.0
8.46805849559e-06
0.0
0.0
0.0
3.00137266093e-06
3.87632276377e-11
6.40831142581e-10
7.92756090045e-07
0.00114684134133
0.0409647792639
0.00308133020903
0.00490085010797
0.000132895481757
0.000292310063052
1.04250681485e-08
7.11744148417e-06
5.77436752033e-07
4.70055802682e-05
1.02072663697e-05
4.98686233948e-10
0.0
0.00163938573273
0.0131795343065
2.103924301e-06
5.43384556923e-16
0.0409647792639
0.0409647792639
1.62809258843e-09
0.00163938573273
1.49540627564e-06
0.000321884136741
0.00132323880726
0.0
1.0183581256e-12
0.000483777355774
0.000141917660404
0.0158084319527
0.0409647792639
0.000292310063052
0.000140555626231
0.0409647792639
2.96332532781e-12
0.000114591810341
0.000257202566954
0.00180597293651
6.6635186412e-05
0.0409647792639
4.50386129134e-09
0.0
7.23015748784e-05
0.0131795343065
2.00605085485e-08
2.53466904521e-06
1.7616787769e-05
5.30585192765e-08
1.24190673613e-11
6.44249737668e-05
2.17716942841e-07
5.36693703359e-07
0.0
0.0
8.16593331996e-11
0.000190635341565
0.0409647792639
0.0
1.34601753685e-05
3.49240877256e-05
8.97481135203e-11
1.02859441951e-05
1.1731971623e-14
0.00490085010797
0.0
0.000320877758703
0.0
0.0
5.09127006771e-13
4.76620341211e-22
0.00490085010797
9.95322043379e-06
0.0409647792639
0.0
1.44451586828e-10
0.0
0.0
3.81868924442e-10
0.00204097683272
0.0131795343065
0.0
2.12271399178e-05
0.0