500
0.000357562562998
0.00574317801777
0.0022336727098
0.0257663368816
0.0257663368816
0.0117053134687
2.59641978295e-08
0.00138075065357
0.052749797535
0.052749797535
0.0305226744963
0.0257663368816
4.08786262352e-12
0.0132161438036
0.0305226744963
0.052749797535
2.12439315118e-06
2.51011827282e-05
0.0022336727098
1.40925211954e-07
0.00102229144314
3.95457288009e-05
9.16793397845e-07
0.0257663368816
1.60054389978e-09
1.24887132287e-06
0.0022336727098
2.92013004093e-06
0.052749797535
0.052749797535
1.91621438363e-08
0.00342874287831
1.92950998314e-05
7.11503790048e-06
1.52717471827e-06
0.052749797535
0.00342874287831
0.000746307075157
6.31817407982e-05
0.000731313034531
0.0257663368816
0.00211775596211
2.27872155181e-12
3.9603044958e-05
0.052749797535
0.0022336727098
0.00315158383535
0.00342874287831
4.90627488271e-05
0.052749797535
0.000465800994694
6.31817407982e-05
1.47713197225e-06
0.00102229144314
0.000121006364534
0.000296798186629
3.94685742831e-08
3.00498292576e-10
0.052749797535
0.052749797535
0.052749797535
0.052749797535
0.0257663368816
0.052749797535
0.0117053134687
0.052749797535
0.0257663368816
1.85868220596e-08
0.0081054566554
0.000161706971156
0.00574317801777
2.8929872096e-06
0.0257663368816
0.0022336727098
0.0081054566554
0.0257663368816
3.44664056512e-05
1.21021343353e-05
0.0132161438036
9.65234876868e-05
6.562952035e-13
0.00342874287831
0.000747584654619
0.052749797535
0.052749797535
0.0257663368816
0.0
1.30178212607e-07
0.0257663368816
0.00211775596211
1.23101091182e-06
0.000358158064191
0.0132161438036
0.000746307075157
0.052749797535
0.00574317801777
0.0081054566554
0.0117053134687
0.052749797535
0.052749797535
0.000290256932416
0.000673414673345
0.0117053134687
0.0305226744963
0.052749797535
3.79783274548e-07
0.00112001072327
0.052749797535
0.052749797535
0.052749797535
0.000197408912951
0.000168177946158
6.01721119577e-11
0.0257663368816
0.0257663368816
6.653446587e-13
2.62152646711e-05
0.052749797535
1.33037590548e-09
0.00120854712657
0.00206222568645
0.00292495186451
0.0257663368816
2.71327216437e-05
0.0014185557003
5.9118369275e-05
0.000514216628403
0.052749797535
1.23360854505e-05
0.0257663368816
3.57286538885e-05
0.0081054566554
0.0257663368816
0.000280047265991
0.0014185557003
0.052749797535
1.25339139509e-05
0.0305226744963
0.0445172586614
0.0081054566554
0.00315158383535
0.000625310356634
0.00603282369735
4.87366745997e-06
0.00132255964931
0.00342874287831
0.052749797535
0.0081054566554
1.84147158769e-11
8.63074897848e-08
4.76942534929e-08
0.0305226744963
0.0445172586614
0.0305226744963
0.052749797535
0.052749797535
1.09528223482e-06
0.0257663368816
0.000181447666372
9.10224435729e-06
0.052749797535
0.0117053134687
0.00206222568645
8.71551886873e-05
2.13508810294e-05
8.57180356163e-06
0.0257663368816
0.0257663368816
0.000430231896244
5.12456816816e-05
2.00081486047e-05
0.0445172586614
0.0132161438036
0.052749797535
0.0257663368816
0.0132161438036
0.000112060440764
0.000100345731099
2.28408772841e-06
0.00313771865683
0.0117053134687
0.000107234807272
2.14097912745e-06
0.0132161438036
2.81636555351e-05
0.00342874287831
2.39890995335e-07
0.052749797535
0.0081054566554
0.0022336727098
0.0305226744963
0.0305226744963
0.000100345731099
0.052749797535
6.74994398812e-07
2.64299645337e-06
0.000682141789007
0.0257663368816
0.00342874287831
0.0132161438036
0.0010396871425
1.74178711619e-05
5.78403765256e-05
0.000357562562998
3.10971071087e-05
0.052749797535
1.61334511102e-05
0.000113464342501
0.0132161438036
0.000784437744003
0.000533047918832
2.09065841367e-11
8.57130658332e-08
0.000212235871466
0.052749797535
0.0305226744963
0.000673414673345
2.64521874469e-11
0.00112001072327
0.00064507030397
0.00315158383535
0.052749797535
1.3129873348e-06
0.052749797535
6.65588103942e-05
0.000784437744003
0.0257663368816
0.0022336727098
0.0257663368816
5.90139109734e-08
1.1574632994e-05
2.34061003323e-06
0.001105536474
0.00165339847873
0.0305226744963
0.052749797535
0.0014185557003
5.0398308832e-10
0.00603282369735
1.87540642384e-06
0.000673414673345
0.00211775596211
0.0257663368816
0.052749797535
0.0010396871425
0.0117053134687
0.0132161438036
0.0257663368816
0.0081054566554
0.000329882922117
0.00292495186451
9.36605140237e-05
0.052749797535
4.03796496585e-06
0.0202369049513
0.00315158383535
0.000545052301093
9.10995155068e-09
7.03014354812e-11
0.0305226744963
0.0132161438036
1.25986335037e-05
0.052749797535
1.12103624263e-08
0.0305226744963
2.09227046517e-06
0.0
1.84102686202e-06
0.052749797535
0.000697230639356
5.13406120604e-06
5.52201873893e-05
0.052749797535
0.0257663368816
0.0014185557003
6.51192980449e-05
0.0117053134687
0.0445172586614
3.59940425111e-07
0.000255615482253
1.75542622721e-06
7.56233649427e-06
0.0257663368816
0.000416711385361
0.0132161438036
4.76743384013e-07
0.00315158383535
0.0257663368816
0.0257663368816
0.000150518509116
0.000477036121937
0.052749797535
0.0257663368816
0.00603282369735
0.00026041819644
0.00110267350767
0.052749797535
3.48749202042e-06
0.00159274092496
0.000948528092415
0.0257663368816
0.00206222568645
0.0117053134687
1.20532458511e-05
0.052749797535
0.052749797535
9.08981572307e-05
0.052749797535
1.03171583597e-05
3.31282781363e-07
1.35882857882e-06
0.0445172586614
0.00342874287831
0.00154740530824
0.00120854712657
5.00076563634e-06
0.052749797535
0.0014185557003
0.052749797535
0.0305226744963
0.000252669566927
0.052749797535
0.0305226744963
0.000127892378765
2.13155442354e-06
4.98054625379e-07
0.0081054566554
0.0132161438036
0.052749797535
5.30857214307e-06
0.0305226744963
0.052749797535
6.57647686706e-12
0.0257663368816
6.31817407982e-05
0.0257663368816
7.25879759682e-08
0.0257663368816
0.00101262507716
0.0305226744963
8.45251322988e-07
0.000834209757596
0.0117053134687
0.0132161438036
0.052749797535
0.00574317801777
0.052749797535
0.000515601834509
0.052749797535
0.000673414673345
2.40728480455e-08
0.0445172586614
0.0257663368816
2.96259784342e-07
0.052749797535
2.86519921611e-05
1.84584182712e-06
0.052749797535
2.99279450478e-07
0.00313771865683
0.0257663368816
0.0081054566554
3.56244095246e-05
3.01518956116e-06
7.57604889721e-06
0.0257663368816
6.54681064773e-08
0.000138074488317
1.91684754827e-11
0.000948528092415
0.052749797535
5.51099328066e-07
0.000181447666372
1.25715382911e-13
0.000365617788796
8.90491298767e-07
0.0022336727098
1.98887776911e-07
0.00315158383535
1.77738484981e-06
0.000120436528517
0.0081054566554
0.00154740530824
0.052749797535
0.000477036121937
8.67103517034e-07
0.0257663368816
0.052749797535
0.000211285770424
0.000533047918832
0.0132161438036
1.59557808633e-06
0.00574317801777
0.0202369049513
4.58030216475e-11
0.052749797535
0.0117053134687
0.052749797535
0.0202369049513
2.7991419417e-10
0.052749797535
0.000746307075157
0.00313771865683
0.0132161438036
1.534421942e-08
0.000692810280327
0.0132161438036
2.00377858662e-06
4.21816121935e-09
5.41111863012e-09
2.81652312802e-05
0.052749797535
0.0022336727098
0.000728105656519
0.000515601834509
0.0305226744963
3.12151869091e-06
2.87200202149e-06
0.052749797535
0.0022336727098
3.92608482132e-05
0.00603282369735
0.00271165445351
0.0117053134687
5.47299982902e-06
7.97377118635e-07
0.000305375905564
0.052749797535
0.000328451970994
2.92401005835e-08
0.0117053134687
0.0305226744963
0.000110285341065
0.052749797535
9.79123303523e-06
0.0117053134687
0.00154059929476
0.000124087071156
8.71551886873e-05
0.0081054566554
3.15860747886e-08
0.0257663368816
3.32522748516e-06
8.50763693204e-08
6.62677414968e-05
0.00078790330324
6.79699139877e-08
0.052749797535
0.052749797535
0.0257663368816
1.85223830835e-05
0.000661178353817
7.45540773445e-05
0.0117053134687
5.20463922306e-05
0.000461794915255
0.052749797535
0.000168790644234
6.05130018067e-07
0.052749797535
1.68373226114e-05
5.29400100713e-09
8.16007219442e-15
3.6549629515e-05
0.052749797535
8.95237111583e-07
0.00206222568645
0.00206222568645
0.000545052301093
0.0132161438036
0.00180721470336
1.99289638536e-05
5.51210799803e-05
0.0022336727098
4.5619671777e-06
0.00112001072327
0.00180721470336
0.00342874287831
0.0117053134687
0.052749797535
0.00574317801777
0.052749797535
0.0257663368816
3.95966620403e-12
0.0081054566554
0.000359137572506
1.76902832611e-07
0.00101262507716
0.00603282369735
0.0
0.0257663368816
6.41136180503e-07
0.0305226744963
0.00064507030397
0.00313771865683
0.052749797535
1.41195394872e-05
0.0257663368816
0.0257663368816
0.0257663368816