500
3.15332091975e-06
0.000107716195262
0.000205050639867
1.02191123364e-07
4.03587416828e-21
3.69117775947e-26
1.24481871045e-39
0.000103696278998
4.84782875422e-20
8.67096968814e-25
2.27630155215e-40
7.77990550079e-14
1.03556178022e-16
0.000172363301945
2.27071949501e-08
7.45085295909e-14
3.60707664873e-17
1.39488630689e-25
5.06619272514e-16
7.03712697446e-11
0.000482351800563
1.09727191392e-16
2.64310188839e-09
9.58658298942e-10
7.29719730887e-09
3.12389628912e-24
4.85945720614e-17
1.97142048566e-09
0.00137536469625
1.01800298991e-48
4.39774939902e-10
1.76358194272e-07
0.00662622242714
1.79432204554e-31
2.15371250658e-18
5.66741677408e-05
3.52776178702e-22
3.61180824999e-07
3.17363195308e-17
2.90081470035e-18
5.79543122948e-08
1.40804529431e-06
1.79809323782e-26
1.62864769005e-13
6.08903656654e-10
5.29617582838e-09
0.00624179444861
0.00775752869519
9.2368906647e-11
1.62616248797e-46
1.83989865408e-07
0.000208721714919
6.48261663646e-22
4.51180987995e-21
1.42691959595e-26
0.000124553923594
1.18948759307e-07
6.07498182905e-17
5.04049648034e-17
0.000517301400445
7.71679061554e-11
3.16110763445e-42
7.29141489302e-12
8.59042157234e-06
1.30450447573e-05
3.35686441786e-14
3.60029251352e-28
0.000250232734387
0.0133332524449
6.0960195475e-06
3.82575099497e-11
2.0618384313e-43
1.11853538873e-17
0.000107716195262
2.40322264236e-07
3.29602390063e-13
1.17706828824e-06
2.83129249284e-14
4.34382078209e-36
3.48383277871e-06
1.83771817456e-10
1.17032078205e-36
2.30606818826e-08
4.40826205674e-37
1.45011254682e-08
1.05986460026e-09
2.29559375513e-12
2.29940584459e-40
1.06951740089e-15
6.74861646443e-11
9.34751400791e-06
1.87600721069e-29
2.5800066699e-44
3.83581595779e-10
1.80464505867e-05
3.10466499524e-08
8.96350186155e-06
9.8896996048e-23
1.74602526935e-08
9.81849773787e-25
2.07336752794e-06
0.00151687643584
2.16828168539e-29
1.34093233976e-28
1.10139038313e-10
0.000904557560674
2.37732558909e-18
1.57210564784e-08
4.63638165337e-20
9.80520095461e-06
0.000142268290055
1.79256257542e-11
0.00012754012962
4.1321871319e-09
1.99998511766e-13
7.01272320272e-10
0.00873034286907
2.55367860339e-09
6.28830356789e-16
3.04141463844e-22
3.12611674011e-15
1.35552021467e-06
5.9611351303e-05
2.7631157879e-08
8.57721790688e-07
2.49209213039e-06
2.33375300611e-14
9.34643212319e-28
1.50927332173e-05
6.04428711671e-12
2.06230216088e-07
1.01616412416e-14
3.2682013767e-28
6.33977422714e-06
2.43360514711e-12
4.27363522941e-25
0.000610780516808
1.47377660484e-35
4.02286875833e-34
2.0177931213e-06
3.25455218229e-10
0.00371714916644
1.00963285885e-08
0.000884542690396
1.81237598132e-09
6.76810024461e-08
3.65825486839e-12
7.92598039331e-07
7.25930232379e-06
1.25101648028e-12
4.56034339537e-06
9.61352863659e-10
1.72066061866e-18
3.5525827969e-18
2.99655461305e-07
0.0017301749368
2.3610963229e-07
1.19410134572e-23
9.65685864968e-16
0.000606097747299
2.42507715231e-66
2.18539062317e-15
0.000106435914678
0.000372069143986
5.51086362889e-05
7.01246513228e-05
0.000189501460466
8.89973533403e-10
1.23797695495e-05
1.98219104597e-31
5.56401535713e-05
3.06060803972e-14
2.91273782148e-07
1.77413619727e-18
0.000759100781776
6.07384856778e-30
5.49315594001e-06
2.1477304016e-11
3.1132451507e-18
1.46197102903e-14
3.68151660983e-08
1.25445033331e-31
9.54967836371e-25
1.48994714054e-20
5.30366124615e-05
1.9610124925e-06
5.09917186405e-35
0.000235758256287
0.00662622242714
1.8464204844e-07
3.71890761239e-05
1.29349209063e-06
2.03204351954e-09
6.19166272955e-41
3.96897629355e-39
0.000136231250255
4.29967160255e-05
6.46654670516e-07
2.63587017168e-08
1.43151629078e-05
1.15659138816e-23
2.461129149e-16
5.58491906345e-13
0.000235758256287
4.20148804536e-37
1.60642774682e-05
1.36547887566e-08
5.78436967321e-07
7.28694588979e-06
5.5603870413e-28
1.73752812554e-34
2.54968671331e-33
2.41077262416e-07
8.43322325064e-09
0.000748675716557
3.31136869474e-07
5.96823384165e-08
2.03884478157e-08
4.78388339166e-05
2.21066488949e-07
1.69921217331e-07
2.71977910449e-15
1.64696731028e-05
1.15072776483e-11
2.61076744699e-28
9.4166954224e-21
1.33158026849e-37
0.000709577850496
2.54027240778e-37
9.93619262044e-16
2.56425859834e-16
1.50224248626e-18
6.07404684206e-07
3.64492024914e-13
4.70127471013e-07
6.96753374868e-16
0.000106435914678
4.45029030822e-24
3.96203122959e-19
2.54291816763e-44
3.44299435067e-10
4.1722978885e-22
3.63776742165e-13
0.000904557560674
6.50461721168e-15
9.3765762914e-12
1.42825339044e-15
0.00371714916644
1.065528147e-15
2.9449904195e-11
6.91207469414e-08
8.19146094453e-06
1.27031416333e-05
0.00873034286907
1.77063606951e-06
2.80113615059e-17
3.09347491091e-12
6.19263503584e-05
1.25803366016e-12
2.17757761937e-10
0.00121958693054
5.4385536046e-06
3.71890761239e-05
1.61868139842e-11
6.20368743862e-55
1.81108932745e-21
9.17016852037e-07
0.00137536469625
2.92110323875e-17
1.27291104763e-22
0.000190288546902
3.88197838265e-13
2.4163150976e-14
1.3430664523e-21
0.00371714916644
5.81098482428e-08
2.54446939158e-12
4.09704742235e-13
8.43703747423e-27
4.15304585666e-57
9.92430344473e-20
3.99247123204e-21
1.16265722735e-05
0.0017301749368
0.0133332524449
1.0473307184e-07
4.18718909696e-16
6.43233058978e-20
1.38729240901e-09
1.92769224276e-11
0.000183401281966
5.1167901115e-07
8.80276072989e-05
7.65497079853e-07
0.00531412174639
1.57834698803e-10
9.31393575264e-05
0.000129609279303
0.00151687643584
6.28491121517e-06
0.00371714916644
2.0053448243e-08
1.05354241519e-08
5.60114386224e-05
2.37792369243e-24
2.74237177403e-14
0.00662622242714
2.74389314812e-10
0.00371714916644
0.00873034286907
9.32266621929e-10
4.91000182263e-13
2.10141294271e-40
0.000735507729958
5.36570608729e-12
1.77446184417e-13
1.7295825108e-11
1.00947291657e-16
3.73612132157e-15
8.16293348884e-10
2.75539803627e-28
7.76061282041e-58
7.41288122512e-06
1.63630481414e-31
5.63549203169e-31
9.45988203868e-07
7.01246513228e-05
9.70088681371e-07
0.000735507729958
1.1585907131e-08
0.00662622242714
3.64128510385e-39
1.31571421198e-11
1.86024451071e-05
2.28868786305e-10
1.12771212102e-30
1.09810426841e-08
3.89166650003e-10
1.36098945488e-07
0.000209574784117
6.33947188189e-15
0.000251701435937
1.92863154203e-11
1.38207249025e-13
3.58479682137e-17
2.62914277321e-08
9.11082916049e-34
1.6680498273e-11
1.70885008223e-09
1.91662222273e-05
1.89718688506e-15
3.22855340998e-08
2.69999110124e-13
0.00775752869519
1.55187048086e-05
3.5556642197e-05
0.00371714916644
0.00873034286907
1.42293346399e-26
1.28527130635e-12
2.81030685241e-12
0.000205050639867
2.4891716779e-11
9.8986319915e-19
3.18111673489e-12
3.21373485541e-27
5.30501403484e-05
0.00531412174639
2.70743166197e-12
9.93605718116e-05
3.67594458758e-11
6.66013677655e-08
7.54156935684e-06
6.00307323398e-06
3.08945323296e-07
0.000177009681288
6.66871864518e-18
0.0013174155562
2.90692400299e-06
1.96124611576e-07
1.13808774021e-08
2.05350618989e-07
0.000235758256287
1.15993594488e-14
1.92277952593e-20
8.77195759525e-09
0.00371714916644
1.02283068272e-10
3.77104381556e-05
2.56154301025e-10
0.000116235560043
0.000636664639483
6.05708931915e-17
5.41263721792e-13
7.84780346395e-12
3.84349524748e-14
1.17684577222e-28
8.86088680293e-05
4.2946693425e-15
1.59330334249e-11
7.99958384094e-06
0.000365525053676
7.92436839704e-06
1.52727461639e-35
1.67787177285e-09
8.49227316187e-08
2.05629553808e-20
1.0631530889e-10
7.71972863181e-10
0.000427931770157
9.38321980103e-06
2.83601227716e-17
7.68681529212e-17
3.47138158558e-26
5.89885305762e-55
2.51194830048e-39
5.99608043834e-14
0.000759100781776
1.32978972456e-26
0.000161500241833
4.12853857476e-13
9.15716372263e-05
1.39152948561e-05
0.000606097747299
7.15121957537e-08
1.0549099496e-18
3.0785478686e-20
1.75799585896e-12
4.28939528493e-18
1.00186011133e-15
0.00662622242714
0.00075554688138
1.5581030059e-07
0.000159264118828
0.000340006053363
3.33465137476e-11
2.9403395208e-25
3.50588079834e-12
2.61347869058e-11
1.40099854431e-17
0.000517301400445
1.4997466708e-06
1.59352400977e-06
0.000205050639867
1.13580133303e-27
1.03238591788e-19
1.27323836578e-09
4.27577877897e-08
3.88086644567e-39
7.99637486917e-10
3.94401908007e-27
6.12081471484e-05
0.000109923794496
2.3887189403e-17
0.000606097747299
7.48514656203e-10
0.00137536469625
7.07396861771e-36
2.15908144769e-07
9.6183588755e-11
1.24472890491e-27
8.03887145811e-06
1.37095129957e-08
0.00371714916644
1.37557267085e-07
6.19364787179e-21
5.47248358636e-15
1.12890172337e-15
8.31790461935e-06
7.94340849669e-09
2.37579923216e-15
2.24280442985e-64
8.03045724099e-06
4.99874051747e-20
0.00075554688138
0.000160182100976
8.61532831488e-05
7.5174577316e-22
0.00224181932319
1.53895320592e-08
1.36789408501e-37
8.80730259911e-05
0.000148075955412
2.2862070353e-05
1.12112293215e-23
0.00662622242714
4.62139813553e-08
2.91074794043e-12
0.000181338262579
1.19229625749e-12
8.29930400392e-06
4.60479479812e-16
5.18002472399e-21
3.41545454005e-13
1.86284056334e-12
0.00015259510699
6.80001112383e-23
1.10127153953e-28
3.19529754968e-21
1.52450252519e-08