500
8.68733464851e-10
7.46001504852e-07
3.20944087333e-11
3.17268343451e-08
1.53574649502e-16
4.01164863103e-13
7.60250244309e-18
1.22798678988e-11
2.11571163687e-08
2.24416786659e-17
4.41826753449e-06
1.01467134027e-12
6.37774575123e-05
1.35342062016e-10
0.000443088284187
1.59253922526e-10
5.40674675791e-19
6.78291902623e-17
7.27019422073e-20
1.5474271676e-09
1.02360509998e-07
5.56092712007e-07
3.75113673904e-12
1.84584721052e-10
1.48748678927e-05
7.4759315365e-10
6.65511793997e-19
3.01428237531e-07
0.000377321327831
2.83922014992e-07
4.02117270751e-10
3.21442762042e-12
1.86692405693e-17
2.04934409978e-18
4.20581323492e-13
1.3188553097e-06
9.25562594328e-14
1.22005754692e-16
5.77915503776e-12
1.29813927313e-05
4.67825491335e-20
9.68449637543e-10
1.78305741522e-08
0.000537179393634
3.54660771699e-08
5.14417484748e-16
0.000381043764391
0.00015120790666
0.000222483796678
1.19030110143e-20
8.18836094022e-17
7.22370861711e-06
2.34589081522e-06
3.14766373095e-18
7.15905860932e-11
5.21642623706e-11
2.63388372945e-12
7.27312095585e-06
0.0299930294439
2.40860731144e-17
8.87529114998e-17
9.9026629937e-16
1.85886215723e-17
5.03726570943e-09
0.00142007680642
1.1388521649e-16
2.15712644781e-08
7.4136480406e-10
1.34675137777e-17
2.32614801709e-08
3.40733498191e-18
0.050856793942
0.00581436427775
1.70328457375e-06
3.13127887623e-06
2.13155485872e-13
2.02997654452e-13
9.43680269776e-11
1.09073265862e-09
2.23477989064e-18
4.14470586091e-15
1.13949883493e-08
0.00464878398117
0.00419094316378
6.46621416972e-14
3.54193207827e-08
0.0219072190419
4.55653021547e-09
5.06913162468e-18
1.89980363728e-13
4.24169967975e-14
1.55978386369e-10
2.2158392809e-14
1.94749939461e-13
9.34060144921e-18
2.46076094383e-15
7.38635595457e-13
2.75980025115e-06
3.52300727928e-08
1.39063554574e-16
2.11658137921e-07
1.20569304704e-05
0.000119943441897
5.85585329778e-13
4.41451544449e-19
3.54375741755e-17
1.14108347543e-10
0.4045
3.51766063266e-22
6.4027757445e-14
4.66054875826e-13
1.42298088033e-16
0.163180546075
3.85439095729e-18
6.03598557282e-11
2.45287227181e-22
3.72745349932e-22
0.000539602008105
6.52330381952e-19
4.5591640069e-16
5.25592085422e-14
1.11169030421e-11
0.000573973468501
1.20644837138e-13
1.7696444047e-20
1.46877338217e-18
5.75764159755e-15
0.230413139932
8.8689972521e-15
0.0133213422031
0.105940915805
1.38394545952e-08
8.44301910249e-17
1.19434151746e-14
0.00102459569409
0.000133400101383
2.19965885691e-13
7.43792056348e-15
1.3507234784e-06
2.8547722607e-14
3.08308438647e-13
4.16466073424e-07
6.78777131099e-14
0.000307390666242
2.30286645593e-19
3.89938778314e-17
2.2733379597e-14
1.7929144238e-05
1.97259373699e-19
0.0194225819862
8.61910365812e-11
4.74310688922e-16
7.3360799828e-15
2.31180302579e-05
0.17690403157
1.0959342527e-18
9.12745324179e-15
5.86766553122e-18
3.81939720254e-12
1.50977173751e-11
4.72097061499e-14
5.4734013368e-19
6.10089231787e-09
2.48405620384e-11
0.00195918944286
8.38865685519e-20
6.0645160524e-20
0.000574120259473
3.61923836029e-08
0.00651483692905
4.65803368932e-20
2.41993218313e-14
5.31274514231e-20
8.68195766568e-10
4.6736297919e-19
2.09065024865e-11
0.0285336127267
1.65249844752e-09
1.01497683321e-17
9.66003595755e-12
1.35780791909e-12
0.00195014659327
1.26176762976e-08
3.6900499435e-14
0.0187575580279
3.67212008694e-13
8.73843262334e-19
0.0164603039584
1.93256760194e-12
0.000802980112562
0.0944355686032
4.73997612245e-08
8.24374542216e-11
1.55803070743e-09
0.0254191305483
0.000190860138992
2.19119657561e-13
4.18187559357e-05
2.82889817142e-19
0.218
0.00163409220018
1.37670122344e-14
5.02970145415e-17
2.60788641746e-07
0.00192548786739
1.02830195114e-11
0.0898404726736
3.97393369704e-15
1.54957078574e-07
0.0898404726736
1.81068229633e-12
1.35530724584e-08
4.79396455509e-07
8.02400263476e-05
9.34815668145e-14
1.63316493436e-12
4.81174882178e-21
5.4252690132e-09
6.6558601195e-17
1.50930419495e-05
2.66077240431e-18
3.04595081388e-14
3.70909128194e-15
0.00738178590454
0.000380892021746
9.25932928696e-19
6.16720699084e-21
1.36714684773e-14
1.23142075293e-15
1.12926176143e-10
9.66355261143e-17
0.0140780455407
0.000557646265396
6.5200922265e-12
0.00569013210565
3.3696819902e-09
1.88186156388e-08
2.85160212709e-07
0.4045
4.10603749898e-09
9.47488410112e-12
3.36448588649e-14
3.16815434264e-06
7.35177478148e-12
3.71230639399e-16
4.49711776792e-08
3.1664761302e-18
0.0106430802269
4.65186745184e-18
1.15640141265e-06
2.54747524049e-16
0.000108661603111
5.44607199707e-11
0.123
7.08443002251e-09
3.18059158367e-12
7.78052818249e-09
9.83473397292e-18
3.18587731008e-19
1.66304224517e-16
0.000785268703443
1.1449497166e-14
0.000677322893442
5.47982431346e-14
2.73081399106e-05
6.26814055588e-18
7.52930338237e-14
8.61920212458e-11
0.4045
5.21543287155e-12
8.50924573819e-17
0.0898404726736
4.09445392773e-12
1.23849492584e-11
1.86222531224e-12
4.3191810755e-19
2.92143290536e-07
7.6650385697e-06
2.83408141063e-18
9.25497955092e-12
0.000374085457146
2.56100383457e-08
3.70539495677e-19
3.01166189936e-06
1.16562270278e-10
2.13486229259e-19
1.50835708128e-16
6.61514704731e-19
1.07637468004e-15
7.54955292958e-12
0.00631591879392
0.00078214281066
9.03911461339e-10
1.26269622452e-07
4.99869177189e-18
1.71833699961e-07
4.16113043573e-17
1.15813567122e-13
1.57899856033e-07
1.05557105165e-17
2.66366062171e-19
1.91723437173e-06
1.34325264195e-20
0.0285336127267
8.45406357347e-18
1.22591950855e-05
0.000298449568656
1.65433105871e-16
5.4521252225e-15
1.16920758262e-16
5.6514958468e-11
1.12097949257e-19
0.0251786941059
8.9474728056e-11
1.02535334024e-19
1.00276961462e-19
0.0199005035214
0.00112358215167
3.31981888463e-20
5.37793853009e-14
0.00349668991553
4.87600714367e-07
3.64329753683e-09
0.00163409220018
0.17690403157
0.00146925407729
8.71379466275e-09
1.02305361303e-09
3.32970445422e-07
6.54353241158e-18
0.00758816386929
4.45899136115e-17
1.25875167347e-19
0.00699953465631
0.00146898339009
0.000181570853936
0.000675975262596
1.51275271907e-14
1.22970763582e-13
0.218
0.0106430802269
1.79229086267e-18
0.4045
6.59100891116e-13
6.07513133994e-16
3.11476603578e-09
0.163180546075
2.28185819174e-10
1.6163458517e-08
2.17780641851e-20
0.00581436427775
3.36497453988e-11
2.97057220344e-17
4.99826715138e-05
2.71247176271e-13
6.357291349e-17
0.00567926615328
1.31807625257e-10
1.87816364669e-12
3.43767440825e-09
7.13054895652e-10
0.17690403157
0.00493826403497
1.25198873211e-12
0.4045
7.94019282832e-12
2.63145480455e-05
4.7084226701e-11
1.209352868e-12
2.2566236179e-12
0.000103250184544
5.25394208695e-17
7.42899499953e-08
4.37180345587e-19
9.27790713532e-16
1.52530233513e-18
0.000478731432228
1.00844330785e-18
0.00125661262776
0.4045
0.0272962225225
1.58151589918e-10
8.89008715393e-17
2.98697502223e-10
5.48706098466e-05
8.70185525086e-12
3.53495808608e-09
0.230413139932
3.14753879418e-14
1.21440428215e-19
5.37193252629e-16
1.44030007493e-15
4.67204721549e-18
0.000383978027535
7.9461013258e-05
1.15655299317e-12
0.00252825022723
0.00014751285091
1.82311028966e-15
1.02074538648e-09
1.80377837642e-13
3.26653610604e-15
1.74985954624e-17
2.09397677968e-18
0.00102156095541
4.30515190855e-16
0.013435631619
7.15323679467e-07
2.23831061475e-15
1.64683077118e-18
4.19411189057e-12
9.35379152787e-15
8.969497402e-16
1.50581651554e-19
3.42898672159e-19
5.37799898635e-16
0.0019554481485
8.78496001057e-07
3.71131416703e-10
8.52280181629e-15
9.31747501712e-06
4.47580076876e-10
6.1582229313e-14
2.79182805558e-07
0.0161522754687
1.40748813532e-16
8.09741967257e-16
1.79272134775e-08
3.5256511961e-20
1.28244309017e-06
1.3918242509e-10
2.54978494753e-07
0.230413139932
2.62982259047e-19
2.43447389833e-16
1.00495066124e-13
2.4344400199e-06
4.64031892132e-16
8.30627328327e-10
7.01155123119e-13
4.49143128453e-05
2.87653370113e-12
6.38127634984e-11
0.000517473263098
0.00180375254234
9.30094851332e-11
6.30225360334e-05
3.39721660839e-12
5.25874724293e-17
1.95182508555e-11
6.73273024648e-14
6.38746820826e-07
0.000194227291965
6.15003701966e-07
3.38518653751e-13
2.70735461608e-19
8.46832918781e-13
1.68577021782e-14
2.05718811729e-14
6.84975389539e-06
6.02786695724e-21
1.66871116907e-15
0.000270377505141
9.8996958171e-12
3.83954030309e-07
1.94961641284e-07
5.23647745572e-16
6.23262952109e-09
9.69419641428e-16
2.0494078125e-17
1.65194475504e-16
3.34746249437e-06
8.39157806786e-08
0.0145655683674
7.05363260322e-11
6.20998252715e-15
0.000491880483153
1.17142167079e-08
5.17709281765e-15
3.78627799118e-10
2.97502908518e-07
4.47690970241e-16
1.43562350512e-13
1.18084334498e-10
3.58578072133e-12
0.000228678592406
7.45908475476e-14
3.00086549739e-08
0.000205082233676
5.51894821298e-11
3.9571272804e-07
0.000585020801075
3.79305435681e-13
1.43198425856e-10
0.163180546075
0.4045
4.07462345116e-15
4.17901599719e-07
8.05931419802e-08
0.218