500
8.24233647156e-08
0.0
0.0
4.926190869e-05
0.0
0.0
0.0296409210306
0.0
0.0
2.67771704003e-08
5.18251171477e-17
0.0
2.05889499054e-07
0.0
7.42886409411e-05
0.000530164720341
6.23782097483e-06
0.009064000974
0.0
0.009064000974
0.009064000974
0.0
0.000227249232673
0.0
0.00194118123982
0.00901818424938
0.000233902775622
4.18431559719e-11
3.53830010394e-09
0.0
0.0
0.0296409210306
0.000227249232673
8.64271759457e-10
0.000726628325239
5.89383000823e-05
2.35215485468e-06
0.000661983534539
0.0
7.1247736422e-06
0.0296409210306
5.45743685231e-12
0.0
0.0282729338703
0.0
0.0
0.0
0.000171714618761
0.000529265439189
4.64785114433e-07
0.0
0.00901818424938
0.00081334218011
0.00547045887843
0.0
0.0
5.11900664392e-06
0.000102523838044
0.0
9.58252233005e-22
0.0
1.02071440617e-09
0.000171557322177
0.009064000974
0.00028766433243
0.0
2.42195785129e-14
2.99707389739e-13
0.0
0.000130228113253
0.0124640974234
0.00586362226337
1.12716286688e-05
4.60432065684e-05
9.76911981462e-05
0.000460222132829
4.72280851385e-05
1.25032045447e-10
5.99410320126e-07
0.00185251450184
0.0
0.0
0.009064000974
0.0
0.0296409210306
0.0
0.0296409210306
2.61659880817e-05
0.0
0.000460222132829
0.00110587449705
0.000116132825332
0.0
0.0124640974234
0.0
0.00901818424938
0.009064000974
1.88042396967e-05
0.000122891756295
0.00901818424938
0.00116809245377
0.000230620383711
0.00901818424938
0.0
2.70836396812e-08
0.0296409210306
2.09838808793e-06
0.00200661782342
3.27461506091e-07
0.000628506353792
0.000226782002498
1.88913039916e-19
0.000153464709459
5.26405514278e-06
1.84447258559e-07
0.000726628325239
0.0
0.0
0.000185381024378
0.0
4.92002901736e-09
0.00185251450184
2.49421879741e-07
0.000444650359571
0.009064000974
0.0
2.41325014012e-05
0.0
5.54682026827e-07
0.0296409210306
0.000931962712905
0.0
0.0
0.0
0.00156395840341
0.0
0.0
0.0
6.63431242092e-06
0.0
0.00901818424938
0.000170639027292
0.000364875724161
5.89383000823e-05
0.0
3.89392678821e-07
0.00010130961933
0.000931962712905
0.0
0.0
0.00081334218011
5.37483241355e-16
0.000103091782638
9.46289409062e-05
7.84923843819e-05
0.00741675037803
0.0
6.55422263176e-16
0.00830855333825
4.9030725953e-05
0.0
3.5934770835e-05
0.009064000974
0.000460222132829
0.0
1.15823005302e-05
0.0
4.84012966655e-06
0.0
0.0
0.00010684736478
0.00194118123982
9.11494414779e-20
1.42853468401e-09
0.0
0.0
3.71324762382e-06
0.000161417975424
1.17951738544e-07
0.000960549894624
0.0
0.0
0.00188355672994
0.00140914408235
8.54379535102e-07
0.000233902775622
0.00110587449705
0.0
0.0
9.10396879401e-05
1.56006033543e-09
0.0
0.0
0.000412882019977
0.000661983534539
1.15686352184e-05
0.000497466073998
0.0011513041366
0.00225835913762
0.00571314183217
3.29933527193e-05
0.000364875724161
4.46064115166e-06
3.57493754193e-06
0.009064000974
0.009064000974
0.00695681784222
1.96481683138e-05
3.75751718506e-14
5.30208556756e-09
1.05634986918e-07
2.85864260671e-08
7.21027803825e-07
0.0296409210306
0.000517574102197
1.83628501972e-06
4.33720767045e-06
0.0
0.000395746361131
0.000595627583487
4.18786584647e-05
0.0
1.48057446913e-05
0.000960549894624
1.84852723453e-06
2.35557487788e-11
0.0
0.00741675037803
2.52846422805e-05
0.0
0.000327923609788
0.00901818424938
0.000902410108198
6.98988294373e-08
0.0296409210306
0.000460222132829
0.0103998833623
0.0
8.13741215954e-06
5.34415407141e-07
0.0
7.48709171809e-06
5.89383000823e-05
0.0
0.0
0.0
0.0
0.0
0.000122891756295
8.82364609796e-09
0.000102523838044
0.0
0.0
0.00200661782342
0.000718278514237
0.000364875724161
0.0
0.0
9.42385263394e-05
1.22540529892e-06
1.42476763599e-08
0.0
0.0
5.8265601335e-05
0.0
0.0
0.0
1.53742208157e-09
0.00901818424938
7.10040369649e-06
0.0296409210306
0.0011513041366
2.97985199113e-06
0.000530164720341
5.0535679346e-06
2.78856929681e-15
0.0
9.10017279081e-07
0.0011513041366
3.80584653247e-06
0.000212401703245
2.54789362414e-08
0.000171557322177
0.000171557322177
0.000460222132829
0.0
1.56759971644e-05
0.0
0.000288268662635
0.0
0.009064000974
0.0
7.29328061136e-07
4.05253961854e-10
0.00200661782342
4.64611176489e-05
0.0296409210306
0.0
1.67366480224e-05
0.0
0.0
3.06827937273e-06
0.0
0.0
0.000454603969693
0.0
0.0
0.000145954693832
0.009064000974
0.00081334218011
0.009064000974
0.0
0.0296409210306
1.10035580073e-05
5.40370911094e-06
0.0
9.88251568305e-06
0.00022929722449
0.0296409210306
7.65209333548e-08
0.0296409210306
0.0
0.00230106268714
2.5732948091e-09
0.00830855333825
1.38834915892e-06
0.0
7.75963704565e-05
0.0
0.00016624050955
6.90929959325e-05
0.0
0.00901818424938
0.000460222132829
0.00901818424938
0.009064000974
0.009064000974
2.41883569682e-05
1.41761044581e-08
1.44060671205e-11
0.009064000974
1.17973373506e-06
0.00571314183217
1.84486694241e-09
0.0
0.0
0.0
0.0
0.00200661782342
5.61296810259e-05
0.0296409210306
0.009064000974
0.000410589147929
0.00308404486395
2.78412927678e-08
3.40136584615e-19
0.000529265439189
0.0
0.0
0.000530164720341
0.00308404486395
0.0
0.00121548648649
0.009064000974
5.38117514836e-08
0.0
0.0
0.00185251450184
0.000497466073998
0.000684749915499
0.00185251450184
0.0
5.62694866746e-11
0.0296409210306
0.0
7.17009653633e-07
0.0
0.0
0.009064000974
0.0
0.0
2.22866267822e-06
2.06679437185e-05
0.0
0.0
0.0
8.33126920137e-07
0.00200661782342
1.49190969564e-05
0.0
0.009064000974
0.009064000974
0.0
0.00107685860728
0.00901818424938
0.009064000974
0.0
0.000902410108198
2.75511304673e-15
0.0
1.98890755687e-06
0.009064000974
0.0
0.00759387512437
0.000133855041182
0.00200661782342
2.16654568628e-05
0.0296409210306
8.25420249945e-05
0.0296409210306
1.00135437523e-06
0.00741675037803
8.92450028098e-17
6.82157697426e-06
0.009064000974
0.0
0.0
0.000263781463718
0.009064000974
0.009064000974
0.0
0.009064000974
0.009064000974
0.0
0.0
0.000374342103932
5.45178636768e-07
2.20114560964e-08
0.0
0.0
0.000226991764202
5.92165554532e-08
1.30737832571e-05
1.49661703078e-05
0.0
0.00110587449705
7.0971800712e-05
0.000395746361131
0.000460222132829
0.000902410108198
0.000902410108198
0.0
0.0
0.0
0.00901818424938
1.06712257941e-10
0.0
0.0
0.0
0.0
0.000460222132829
0.000902410108198
1.22553637678e-07
6.46649749667e-10
0.0282729338703
0.0
0.0
4.58948604396e-06
0.00028766433243
0.0
0.00901818424938
2.63708976951e-06
2.93618958021e-05
0.0
5.96491166465e-08
0.0
0.000429360180175
0.00081334218011
0.0103998833623
0.00110587449705
0.0
0.0
3.59423167024e-08
0.00772349606842
7.95910341534e-05
0.00901818424938
0.000718278514237
4.09049974298e-07
0.0
0.0
1.29766467654e-06
0.0
0.00230106268714
0.00901818424938
0.0
0.0
0.0
0.0
0.0
1.72631364173e-10
0.00830855333825
0.0
1.07171604754e-06
0.000628506353792
0.000902410108198
0.000155865334221
0.00901818424938
0.0
0.0
5.89383000823e-05