500
4.65500002059e-11
0.0289025970892
5.20789223651e-11
4.84788322505e-06
9.59974286611e-06
1.13302869226e-16
0.0
1.81220268824e-20
0.000104038076315
0.00130265092661
6.98196827122e-06
3.74441143676e-12
6.63617623139e-07
4.31190766869e-07
3.02697389469e-09
4.78796367141e-05
0.000303451559388
1.71975964473e-11
5.29470076976e-08
9.29642829419e-10
2.02115059702e-08
0.00123191125809
1.65752428028e-05
4.04807484866e-10
5.90677843008e-26
0.000902800473004
4.40383640435e-05
3.63721467864e-05
8.68004561437e-06
9.08827038316e-05
4.29730828455e-08
4.58790862467e-06
0.00640325728765
0.00172874313338
0.0
3.34400077613e-10
2.15324853614e-06
0.0
2.62121136812e-05
5.73709693755e-08
0.00123191125809
0.0289025970892
-7.00933743281e-07
0.000266125837143
0.000890960569497
1.54695097292e-18
0.0289025970892
0.0
7.39213013399e-05
1.7140084773e-07
5.79231799278e-07
1.33415674759e-07
2.92365963805e-27
0.0
-6.8751588313e-07
4.43742120333e-06
4.49967281239e-10
0.0
0.00123191125809
7.27118822096e-09
1.93847643785e-05
0.0
9.22436018322e-12
8.05036124073e-10
0.0
1.58258748539e-09
2.47301554228e-13
0.0
0.000856321253513
2.80976701253e-06
0.0289025970892
2.64058835664e-07
0.0
-0.00253203724534
0.0289025970892
8.8255289052e-09
4.72015248112e-05
2.18725441529e-14
0.0
0.00199801405449
0.00104270399823
5.82836524718e-07
0.000302585823627
1.55472691884e-05
7.17137236737e-07
4.61132295873e-11
0.0
3.74841083989e-06
1.78420956543e-05
9.65633721094e-10
4.31278926661e-09
0.000359495730343
1.51589025605e-12
0.000359495730343
0.000212693425674
3.49427044709e-07
0.000160429692163
0.0
0.00126408395704
3.47111019042e-06
0.0
0.000173554561996
3.97473997808e-08
1.88033799579e-13
0.0289025970892
1.93223910114e-07
1.86563849174e-06
9.28362369724e-05
0.00104270399823
4.32056435973e-11
0.000431247661324
3.6807381678e-09
6.79986516758e-07
1.59385708316e-06
2.18063061174e-16
0.0
8.06035081098e-07
5.36991842202e-08
2.40078741317e-05
0.00199801405449
1.84827860169e-05
3.50139330786e-07
2.44793021344e-05
3.52485386689e-08
0.00123191125809
1.73515739589e-09
2.9464935027e-06
9.28362369724e-05
5.99935220336e-28
0.00153540315531
0.0289025970892
3.8170766741e-10
2.18948442013e-09
1.85257568471e-08
0.00125073613082
5.95351542067e-13
4.63652285669e-07
5.06793933639e-16
3.1745259532e-05
0.000204211509598
3.77891685467e-12
3.95717494483e-07
8.39680160569e-18
0.0
9.31258332194e-20
1.11411973363e-06
1.58632174516e-11
2.68349774568e-11
2.51303935529e-08
6.84610059892e-09
7.22484645432e-13
3.64362846896e-08
6.61706169686e-13
9.9852304952e-17
0.000454261763891
0.00153540315531
8.95079248596e-05
0.0
3.37443864962e-07
3.9603193771e-13
8.45170459187e-14
1.22250090168e-11
0.0
9.54739709851e-22
3.54068297698e-09
1.8705382917e-08
9.11254719487e-10
3.06326632968e-14
1.13672179656e-08
0.0
4.80519501093e-05
2.09443275125e-07
1.83778163571e-08
0.00199801405449
3.36676630344e-13
1.32759250902e-05
2.03124913838e-09
0.00199801405449
0.0
8.95178919351e-09
1.59556212524e-07
1.53359070796e-05
7.35057711377e-11
1.26621408011e-05
2.15679890343e-12
0.0
8.31014185573e-23
3.2916006221e-08
0.000509298248686
3.00029415647e-08
3.25255992826e-16
1.22753305252e-12
0.0289025970892
5.7591790012e-05
0.00384332282495
3.8609331865e-05
0.000890960569497
8.44059408008e-09
1.78684051063e-06
4.69779763703e-08
1.73208552445e-05
5.04634511961e-23
5.57666233105e-07
4.23583007102e-06
3.47136088449e-08
8.73624595481e-05
4.19214069597e-15
0.00126408395704
9.685470724e-06
7.30833812153e-08
1.2993297999e-15
1.8427273302e-06
0.0
1.41541342218e-08
0.0
0.00151718135068
2.21066057663e-10
6.14418326401e-15
1.109705239e-05
0.0289025970892
0.00127162062269
0.00077291704134
0.000443587063328
0.000512768121167
0.0
0.0
9.83816853064e-12
6.55045310162e-05
9.9903817342e-05
1.06808746216e-11
4.68703809078e-06
0.00452393406565
1.02534812739e-05
1.20974493434e-10
0.000303451559388
5.04587057804e-20
5.00527553831e-05
0.0
7.61716976297e-08
1.24769857795e-08
1.04188446039e-07
2.79088337854e-06
0.000179631648206
2.30393901364e-05
1.59048742232e-06
6.85917367225e-05
0.0289025970892
0.00126408395704
5.24050911861e-05
1.10353935781e-07
1.65752428028e-05
2.36894029574e-14
0.0
8.15054564691e-14
5.50170714754e-15
5.1363864905e-06
0.00151718135068
1.38148335836e-08
5.7115210799e-05
4.29503747739e-06
0.000431247661324
0.00105736556036
2.40229729907e-06
2.812310612e-24
0.00126408395704
0.0
0.0289025970892
1.16864115094e-06
4.29623177875e-06
4.12253910416e-07
3.26290078688e-07
2.09594793037e-09
5.71916348354e-07
0.0
5.97097194259e-14
0.00153540315531
3.60098780478e-05
2.45479554619e-09
3.70495956191e-09
1.09545402901e-19
5.90170873667e-07
0.00127162062269
2.17360454427e-05
3.34030039049e-06
0.000264696533461
6.20255371414e-12
7.31155647721e-12
6.28548181148e-34
1.93469284183e-07
0.0
0.000660670084317
5.01198045854e-07
1.04295319255e-12
1.62416119258e-15
2.83188652692e-06
2.40755358577e-24
4.33338038717e-05
3.44923947523e-08
0.0
0.0289025970892
6.91773053426e-07
0.0289025970892
0.000856321253513
4.40705912454e-08
5.23920986308e-26
1.08970637207e-06
1.26295577755e-13
1.00595054375e-14
0.000168258986103
2.66178354645e-20
0.000127349138061
0.0
0.0
0.00199801405449
0.0
4.23621101806e-06
0.000288457841095
5.67609146496e-05
5.71002466879e-09
1.26762566876e-09
1.42950176886e-24
0.00199801405449
8.91857244818e-08
2.13691227241e-27
3.7573840754e-17
5.10536701776e-07
4.47698369696e-05
3.33009229836e-13
8.77458097311e-07
0.0
0.000173398526763
0.000164369631557
0.00126408395704
1.00128995858e-07
0.000583264722423
1.5484329081e-10
4.48479423477e-08
1.23314997781e-13
0.000303731578947
4.71743451363e-05
7.51882729076e-11
1.92624504384e-08
0.00395359260278
-7.11810155504e-19
1.92356164679e-09
1.79813856552e-07
0.00199801405449
6.85917367225e-05
2.69025759075e-15
0.00126408395704
1.05030262973e-06
8.64537633434e-12
1.99581677605e-07
9.51405606939e-09
0.000509298248686
0.0
0.000339316859434
0.000890960569497
0.0
6.86677751393e-13
0.0
0.0
1.61686969483e-07
7.89356881761e-07
0.0
1.22986675961e-07
6.78026235533e-05
0.0
0.0289025970892
0.00172874313338
2.25615888522e-05
6.4981501463e-06
0.0289025970892
1.76534218115e-10
0.000253705585945
9.30628842003e-25
2.04712769987e-12
3.49730527905e-07
1.82279907296e-05
0.00153540315531
0.0
0.000179631648206
3.07435984481e-06
0.0289025970892
0.0
7.62705852541e-08
0.0
0.0
2.71444093353e-06
2.75038477283e-08
1.07369019628e-10
0.000139010986651
6.0175687602e-15
0.0289025970892
1.65284776423e-12
1.65452786546e-12
1.16558222005e-05
0.00101410861675
3.95162363538e-07
1.53211878461e-10
7.10184715016e-05
1.13140097855e-06
7.98220122526e-09
2.97261368617e-23
0.0289025970892
2.30223726659e-07
3.28191864924e-13
0.0
3.14534624264e-12
0.000122290942982
9.6861586142e-12
0.0
0.00384332282495
0.000890960569497
5.56125894285e-13
0.000132672544217
3.88316907004e-20
0.0
0.0
1.26087292899e-06
0.0
0.0
9.78063694075e-08
7.41863926784e-06
3.25979775302e-11
0.0
2.94390611729e-05
0.00151718135068
1.68164660495e-08
1.55755481156e-15
0.000242700304127
7.33562827263e-15
0.0289025970892
0.0
2.69407253675e-08
0.00384332282495
1.02577663841e-25
0.00108042273637
4.4611196129e-17
3.9306535224e-07
0.000890960569497
0.000179631648206
5.96884224853e-13
0.0
1.53634683889e-09
0.00117702715465
1.01702514169e-17
1.46230553878e-07
0.0
7.58917701232e-11
0.00101410861675
2.67635364775e-13
0.0
0.0
3.1054562041e-05
0.000408812891413
1.38584366715e-05
2.76645475313e-14
2.04762489661e-10
1.53151008183e-18
0.00199801405449
3.31151920621e-15
0.0
0.0
0.00199801405449
3.26282831333e-05
2.29770017776e-05
0.000179631648206
7.46954435773e-08
0.00126408395704
0.000139010986651
1.24908724207e-07
1.77793605907e-05
9.34362789144e-10
0.00118713482897
4.7368126165e-07
0.0289025970892
0.0
0.00384332282495
0.0
1.42403556093e-07
0.0
1.97812197002e-11
6.89375215118e-13
3.80768678222e-11
3.98241838033e-05
0.0
1.50282534341e-18
2.5538967254e-13
0.00395359260278
0.0
0.0
3.55272308864e-05
1.03922253829e-25
0.00172874313338
0.00172874313338
0.0289025970892
5.23428940582e-05
0.0
7.84730226765e-11