500
0.00713953670635
7.0372609077e-16
0.0021308911273
8.98858212182e-10
5.12661986123e-06
2.75326937192e-05
0.0024634776844
9.44570375922e-29
4.95651567683e-08
1.18687872486e-08
3.28090769402e-16
1.86373597127e-15
0.00248067312969
1.45239937756e-07
9.20587523541e-08
0.000277567351158
5.16819292104e-16
0.0021308911273
4.25842732025e-12
4.28856714036e-13
0.0011309634612
0.015686869383
1.11300859088e-12
5.0338920497e-08
2.47590451631e-07
4.95466804231e-14
7.33271929506e-19
0.00859761110413
0.00130924415178
0.0174968927733
5.50884894009e-08
0.0162902105131
5.55602029928e-07
0.000306754502124
5.79961521841e-14
5.27538401097e-12
1.28495853803e-18
4.29782970032e-05
4.22936653999e-11
6.31569753351e-12
1.02740686931e-11
8.99306506296e-08
4.58308951233e-11
7.19632555234e-06
5.34832377414e-07
2.89835199633e-06
0.00214880846544
3.28888848527e-06
3.95841862112e-09
5.93653101547e-15
0.0127707205874
5.95648205259e-07
4.36237614318e-07
2.00126670448e-06
3.81679618028e-05
3.39890283462e-08
4.05315289044e-09
0.0125288012148
8.59854164616e-10
0.0162902105131
5.04563254895e-32
0.00011022688163
9.25773554364e-05
1.11328687765e-07
8.51321891445e-05
0.0174968927733
1.87901375827e-11
8.29077895734e-08
3.44906760919e-06
2.39417294902e-08
0.00172018213659
6.98004788116e-07
2.30247668431e-28
0.000199597021727
3.54875364893e-05
1.66283063571e-07
3.5535688575e-05
1.93117151078e-11
1.66332859852e-09
0.015686869383
2.65861568744e-05
2.42234005872e-05
1.81136261978e-05
2.2105981257e-12
1.88724639689e-06
0.0162902105131
0.00264595751288
6.50600439127e-12
1.02809203701e-13
3.51427037247e-08
1.64361285495e-11
8.7734662049e-08
3.0815948232e-05
0.015686869383
0.0127707205874
1.24767288663e-08
1.43255235711e-10
2.45675807655e-05
8.31243391618e-11
4.74254841093e-06
4.37520133737e-07
0.00190117102687
0.000389908914063
5.1216007814e-06
0.0127707205874
3.86773482021e-07
5.00052581194e-09
3.15626675079e-06
3.13826736096e-13
2.0794762331e-09
0.0117187494122
4.3504971222e-25
3.58543674184e-14
3.86500787892e-06
1.84510987674e-32
3.96172922606e-06
0.0125288012148
0.015686869383
5.70520896466e-08
0.000293210206365
3.10884997462e-06
1.90921793728e-05
3.04634766326e-10
4.68365354961e-11
0.0125288012148
7.87144649002e-08
1.03613811601e-22
5.82546983336e-10
1.78445251566e-10
2.79405002535e-13
0.000118891847127
0.015686869383
1.27777501938e-11
1.66691811461e-08
3.99121807964e-07
0.0021308911273
0.0127707205874
6.21125959582e-13
0.0174968927733
2.18534781632e-12
0.0127707205874
0.00264595751288
3.03800406503e-06
2.89006482023e-06
0.0125288012148
1.43724102066e-07
5.59597166335e-07
5.53072113768e-06
2.55315775777e-06
2.92913192323e-05
2.70082386062e-27
2.05587048762e-06
5.88993489646e-07
6.26932670293e-36
0.00859761110413
1.52802383832e-09
3.72945294726e-16
0.000277916465217
7.93680828333e-10
7.29429958936e-14
2.19853268386e-32
2.6972444997e-29
4.68394007367e-17
0.0127707205874
7.42542313218e-09
0.00105588002181
4.62619137044e-34
2.60148065334e-05
3.8448775994e-06
1.07285952572e-17
0.000174468990436
5.02183624989e-07
4.71079544526e-14
1.44210049897e-10
9.07376248325e-12
0.00859761110413
0.00859761110413
3.69527790362e-05
7.98846198403e-09
0.000817494199025
6.85770900857e-08
0.00859761110413
3.57074060619e-07
9.69280957106e-17
0.0162902105131
0.00173745390973
5.92234202162e-05
0.000308103891615
1.55896464965e-26
1.97550720296e-06
0.00859761110413
4.23610694904e-05
5.21983082487e-08
2.34330369568e-11
5.05661196938e-08
0.00120914065898
0.000289491528532
5.99147702219e-07
2.57249284528e-11
2.53280816487e-05
0.015686869383
1.97183366857e-13
0.0174968927733
6.3508216616e-20
4.11509259279e-07
6.12630269633e-10
1.35100600759e-12
0.0117187494122
0.000253995508186
5.7625705908e-13
0.0174968927733
2.2819133942e-21
0.0162902105131
2.43617871756e-05
1.07369983483e-07
2.5222627441e-14
5.98573272039e-08
9.05805167522e-07
3.96225468954e-05
3.23193649244e-06
0.00143457631011
1.0458691182e-09
2.28722554778e-05
0.0162902105131
0.00130924415178
1.52867168904e-10
6.25937936827e-09
0.00141446568292
1.65328604379e-10
2.31937637102e-24
6.61409125573e-15
2.78328943906e-06
9.45889819086e-14
4.11336186837e-07
0.0174968927733
0.015686869383
3.81031116557e-13
1.66233634368e-19
2.51948783859e-16
8.03645064895e-22
6.24486295921e-07
0.0024634776844
9.58976367385e-14
4.7038196412e-14
3.4826873345e-05
0.0125288012148
1.7135202077e-05
0.00237223777016
1.89428994616e-18
3.70370515737e-38
0.00222520848931
0.00172018213659
4.08661068545e-16
3.7085276363e-05
4.90257051117e-05
1.18308140341e-10
4.993771751e-08
0.00126130691857
0.000155845339868
0.000174468990436
2.5805621373e-30
0.000248853487245
8.01121811842e-09
4.54877873892e-13
2.40400556797e-24
0.000281449387496
1.11056462565e-08
7.30004106931e-06
2.14243426074e-13
1.90762356193e-12
8.78438500701e-12
0.0024634776844
4.16573164478e-06
0.0125288012148
4.77330586512e-15
0.0174968927733
0.00011842705824
3.77614959849e-05
1.37453747944e-19
0.000253284504936
0.0174968927733
8.83272435504e-23
1.4122226248e-05
2.1391472207e-07
2.4122865082e-06
5.6552400687e-28
3.65343339075e-06
2.13077356737e-17
5.02739647777e-08
0.0125288012148
0.00177711110078
0.00859761110413
0.000281005411294
0.015686869383
3.00619557573e-05
9.93814093219e-08
3.83432053783e-11
0.00137575087898
2.38157723713e-05
7.93208605963e-21
4.83035048849e-07
2.01591939315e-05
4.22102504137e-15
1.30271796732e-08
0.00222520848931
3.72306425379e-17
8.31417190105e-08
5.44128551144e-08
4.04951449554e-11
0.0127707205874
0.015686869383
2.20785564658e-08
1.47214678685e-08
4.6575335267e-11
3.30592468856e-11
0.000258977741852
8.63976149373e-10
3.85755958275e-06
6.56229776451e-09
0.00025366964553
2.5372574143e-13
6.68816487375e-08
4.51246213352e-05
0.000233692670993
1.61628666302e-24
1.22739329398e-11
0.00170449816203
4.39417878473e-05
4.04077072544e-09
2.10743858961e-14
2.40558118682e-06
0.00859761110413
0.00166367240503
4.34533390635e-05
1.10202498362e-13
8.47216095909e-11
1.71376222668e-10
0.0127707205874
0.0174968927733
8.19075669807e-21
6.04006888625e-16
2.69713501025e-05
3.78981112464e-10
3.2854080617e-06
1.18783925182e-10
2.10677107109e-11
9.6276146808e-10
2.19352721717e-11
3.20393616043e-11
1.0409738001e-18
2.95154161325e-11
0.00859761110413
0.0019447252313
4.9816067531e-12
8.05633807731e-27
2.97111542987e-05
2.08250487219e-09
0.0174968927733
1.73392769168e-14
2.83885501927e-05
4.38896802847e-07
2.33571932339e-05
1.52570527418e-15
1.55668461072e-10
0.015686869383
3.44456988306e-11
0.0125288012148
1.83650695802e-12
5.82707976214e-05
2.64440819824e-13
4.19035893419e-16
5.59466170166e-16
0.00248067312969
6.6543901818e-10
1.71210239567e-11
2.21873552364e-05
4.4202834025e-09
5.80159329075e-06
1.97779857827e-05
3.05092609315e-06
1.31056704265e-09
3.86435034756e-45
7.15804519711e-13
9.45961135735e-10
1.02619667709e-19
3.36658587455e-05
5.37432945131e-06
9.6173407519e-09
5.26947890228e-08
2.46039244509e-09
0.000167265534792
0.000225794755195
1.17800405286e-10
2.69713501025e-05
1.11480959141e-21
0.00237223777016
0.0162902105131
3.7809580835e-11
3.3099811043e-34
1.70063428761e-05
3.28667748036e-06
0.00177711110078
2.00318338979e-05
5.21714968012e-09
2.60573208368e-21
2.05156128655e-11
1.5352100393e-47
0.00214279336008
5.19930653895e-09
5.25402189062e-06
1.05353713449e-13
1.94480697434e-05
6.20217422843e-12
4.7730598708e-06
3.4152365696e-20
4.78132072825e-07
0.015686869383
5.07811445746e-07
3.72904449798e-06
4.04841375719e-06
0.000179114355162
2.67341959403e-06
1.31001229964e-09
2.20414605536e-11
0.0016308315971
1.22326965958e-10
0.000231489569161
3.18668553248e-16
5.30968595042e-05
0.000191852914802
0.00237223777016
4.87333578347e-16
0.00859761110413
3.69812796406e-05
5.71203250781e-26
6.49833368718e-09
4.14271588276e-05
3.12156492776e-09
4.38350395779e-14
0.0016308315971
0.00121428962896
1.25124439835e-14
0.00190117102687
2.86456167501e-07
3.45043301498e-05
0.0125288012148
1.81119473011e-05
5.24096728448e-07
2.29726739511e-24
4.1515157434e-07
6.09796799608e-07
0.015686869383
0.00859761110413
3.47790641665e-13
0.0174968927733
4.2018110528e-07
0.00713953670635
4.46174358092e-06
0.00018644015367
4.95523163978e-11
4.62382844753e-09
0.00173745390973
0.00222520848931
2.84330073892e-08
0.00193124485135
0.000158832237066
3.05570769608e-05
1.14392961041e-12
2.47361996264e-19
7.6308914144e-19
0.0127707205874
4.46324066514e-05
0.000383923703864
1.00533803105e-08
0.015686869383
9.43843757785e-09
0.0125288012148
4.07275367845e-11
2.20548228631e-14
0.00145216111228
0.00115151365489
4.30233121043e-07
1.57914535825e-26
0.0127707205874
5.8916465239e-08
3.64808217169e-12
2.12424163469e-06
0.0018042790601
2.63411279379e-05
2.27299384217e-07
2.64586616075e-45
1.41725440944e-11
0.0024634776844
0.00117441559158
5.42682790572e-06
2.9462530221e-05
0.000218461190272
0.00141446568292
4.51287242488e-06
1.20935352252e-09