500
0.0
0.0
1.3405567882e-08
1.47695096874e-12
9.87121461717e-06
2.22403165189e-08
5.03778923388e-10
1.20149479098e-06
1.42612843669e-12
6.81065265617e-05
0.0
3.83579011304e-10
1.80351357819e-06
0.0
3.53145607685e-06
6.17741667394e-11
0.000271423012918
0.0
1.31723906062e-05
1.75943707413e-09
1.3405567882e-08
8.11540168428e-06
2.15342618989e-05
7.3843549911e-05
7.26392396304e-08
6.98818545306e-09
1.35700072371e-09
2.15342618989e-05
0.0
3.52325558735e-06
0.00215190225304
0.00172108783062
0.0
0.000364615338194
0.00172108783062
4.35933950015e-09
0.0
7.15295220173e-09
0.0
0.0
6.24350992534e-05
0.0
2.4868776129e-48
0.0
0.000425055362518
1.74455076478e-05
0.0
6.78335208042e-07
0.0
0.0
0.0
2.40408202868e-08
1.00342819303e-05
0.0
2.41804354153e-05
1.07693572642e-06
0.0
0.0
1.65097233009e-10
0.0
0.0
0.0
2.09917339461e-08
1.60570179407e-09
1.72796997614e-08
2.55736419143e-15
0.0
0.0
2.49065244983e-05
0.000136118264514
1.22333106829e-23
5.86413155282e-08
0.0
1.77093683162e-05
0.000566054210215
8.11540168428e-06
1.20048424456e-15
0.0
4.38146933118e-08
1.40189254029e-11
0.0
3.25103312334e-11
3.61051306657e-05
0.0
0.0
0.0
0.0
1.92801549621e-12
5.50424276415e-05
1.58722268611e-08
9.15678284421e-06
3.80531010045e-07
0.0
6.88656173794e-06
2.86339285517e-06
6.34576149414e-05
0.000224562109482
2.63349165612e-06
9.96858233828e-09
0.000378403670277
0.0
9.70120511786e-10
1.46191274858e-06
8.11540168428e-06
1.68052270875e-06
0.0
3.92763638223e-16
0.0
0.00172108783062
2.53929506843e-40
0.0
0.000293129862239
3.50828653619e-08
5.55584316975e-09
8.11540168428e-06
9.36460144341e-25
0.0
1.50607792032e-06
1.72907212845e-05
3.98427754581e-07
2.89710350183e-12
0.000224562109482
4.62823381421e-08
0.0
0.0
0.0
1.80351357819e-06
0.0
2.40934959125e-08
2.65530627831e-14
0.0
6.00029925584e-06
2.97673805937e-10
1.17896750765e-06
6.99496951633e-13
1.60500520321e-11
2.88915064229e-05
6.41916482641e-09
0.0
0.0
0.00100071153008
1.80515574338e-07
1.63307769305e-11
0.0
0.00172108783062
8.2381523539e-13
0.0
0.0
0.00100071153008
0.0
2.56270075333e-08
5.04394524942e-12
8.11540168428e-06
0.0
0.0
0.000271423012918
9.16581660836e-17
6.0389799853e-10
1.16172639889e-09
0.0
1.45393388553e-12
8.11540168428e-06
8.05740349457e-05
0.000329617779629
8.08713025377e-20
0.0
0.0
2.90394617264e-05
2.38907398222e-11
0.00172108783062
6.11031452018e-05
0.00100160861589
3.37366511625e-10
2.88915064229e-05
5.21668264134e-05
1.69968874691e-05
4.86672770127e-11
1.48090189871e-07
4.06473396881e-09
0.0
0.00163068873036
0.000215534350515
2.96401687796e-05
1.76109292052e-09
2.69024888496e-10
1.50607792032e-06
1.49674892459e-15
1.44011403064e-05
3.69579150727e-07
3.80032975469e-08
0.000224562109482
2.9623037948e-06
1.47100563041e-11
7.38458505101e-06
1.98497383388e-09
1.10043386772e-15
0.0
7.08322789364e-17
0.000281839484813
1.82479189314e-09
8.88227011528e-07
0.0
2.07994909446e-07
0.0
5.57189606847e-08
4.51553679325e-07
1.0553419174e-06
1.79488034239e-08
4.71709252686e-09
4.18671910073e-06
5.42768487409e-06
3.98957728817e-08
1.9755925586e-11
8.08766287042e-05
0.0
5.58542086979e-06
4.54041775635e-05
0.000340059795054
0.0
1.10733762324e-07
6.31868046105e-10
4.76743906832e-07
1.12089156911e-22
5.1395767807e-05
0.000710999241156
9.67515304725e-10
0.0
0.00100071153008
5.53172390087e-07
0.000378403670277
0.0
0.0
0.0
0.00215190225304
2.32959989997e-05
8.11540168428e-06
0.000378403670277
0.000271423012918
2.88915064229e-05
3.50409543704e-06
1.22645249682e-06
0.000416823407495
0.0
0.000281839484813
3.90378539534e-22
1.0450480906e-12
1.6166438123e-12
2.88915064229e-05
8.11540168428e-06
0.000215534350515
0.0
0.0
0.0
0.00172108783062
7.36875653153e-05
9.33817328625e-05
0.0
5.1987327573e-06
0.0
2.12160307649e-05
0.0
2.01556324887e-09
0.0
6.64567934754e-06
2.50730060095e-06
7.9511805743e-11
1.4802849139e-09
3.73969145466e-06
0.0
1.32826736648e-06
2.0161299743e-10
1.72097333104e-13
2.13954851988e-12
2.88915064229e-05
0.0
4.69894263204e-12
0.0
9.20715029193e-13
5.41537955725e-07
0.0
3.80202245127e-20
1.93332968651e-07
2.41804354153e-05
3.53420283924e-10
0.0
8.82515517591e-09
3.93407793723e-08
5.71442498017e-06
3.79871494292e-08
0.0
7.17441071454e-05
0.0
8.11540168428e-06
0.0
0.000271423012918
1.59035201769e-10
2.39849195745e-08
3.16861165957e-08
2.1402824591e-10
0.000329617779629
2.46101959497e-08
0.0
5.78896297255e-12
3.39894848753e-14
1.33950187462e-10
8.11540168428e-06
9.09341543114e-06
2.95192770364e-13
2.68290371932e-17
0.0
0.0
0.0
0.0
0.0
2.88915064229e-05
0.000566054210215
3.98374878891e-24
0.0
0.000271423012918
8.11540168428e-06
4.68676617725e-06
5.26473241941e-10
0.0
4.38163961258e-09
0.000142480302143
1.85022784716e-09
1.94459918111e-13
0.0
0.000281839484813
0.0
0.0
0.0
0.000329617779629
0.000566054210215
9.3838717879e-08
9.27541156686e-08
6.04128006583e-08
2.68808199302e-05
1.46169315261e-07
1.98366891488e-14
2.81318021379e-06
0.000136118264514
6.87475301634e-06
0.0
0.0
0.0
1.02257333273e-08
4.6383372477e-09
0.0
0.0
0.0
0.0
2.90891431711e-07
0.0
0.0
2.44019196576e-06
2.12051654795e-05
4.97123031358e-08
4.16142218646e-06
2.30822062377e-10
1.42902457409e-09
8.11540168428e-06
0.0
1.63567586285e-08
8.11540168428e-06
3.63895888131e-11
2.50404519785e-12
2.29256343978e-06
0.0
0.0
0.0
1.25565179867e-06
0.0
5.42768487409e-06
0.0
0.00172108783062
1.40306542844e-09
6.24350992534e-05
0.000425055362518
0.00100071153008
9.24815866401e-08
1.65781965366e-07
0.000566054210215
0.000271423012918
6.21390166962e-20
1.38883370475e-14
2.44173517216e-05
0.000136644870895
0.00172108783062
2.73505228381e-05
0.0
1.54767968733e-09
4.53564914027e-09
4.28989382124e-12
2.02594858465e-13
0.0
4.22595212778e-07
3.85255554971e-25
0.000378403670277
1.04722122583e-06
2.08368379451e-07
7.14154272449e-08
1.46285728376e-21
8.11540168428e-06
2.93002202766e-12
0.0
1.1452845619e-17
0.0
5.42429452908e-08
0.0
0.0
0.0
8.09099740407e-05
0.000293129862239
0.0
6.69884926388e-08
2.88915064229e-05
1.85681802049e-11
6.62203561286e-05
0.000416823407495
0.000340059795054
0.0
1.3375983088e-08
0.0
0.0
2.83272686112e-08
4.40750293737e-06
0.0
1.33151979217e-08
0.0
2.48399746293e-18
2.19475963887e-06
0.000281839484813
0.0
2.32995639057e-22
0.0
9.98028083252e-05
0.0
2.25806405284e-16
1.00342819303e-05
0.0
2.90394617264e-05
7.36875653153e-05
1.83658553422e-06
2.0927678069e-08
1.39776293715e-09
5.4135426024e-07
0.000281839484813
0.00215190225304
8.11540168428e-06
0.0
7.25409079476e-08
5.39357936027e-09
2.286378576e-09
8.74766541975e-10
7.94803097693e-11
0.0
0.000281839484813
0.0
8.11540168428e-06
0.00172108783062
3.71359589782e-08
0.0
8.28180273154e-18
1.80515574338e-07
0.0
5.9741876336e-05
3.35964245399e-07
0.0
1.36460766421e-11
2.49065244983e-05
0.0
1.91361770701e-10
2.88915064229e-05
0.000416823407495
0.0
5.40209141092e-11
4.18009215605e-07
0.0
0.0
0.000425055362518
0.000378403670277
0.00172108783062
2.88915064229e-05
2.88915064229e-05
0.0
0.000142480302143
0.0
0.0
0.00172108783062
0.0
5.71442498017e-06
0.0
0.00100071153008
1.00671990743e-07
0.000281839484813
0.0
7.56855503282e-15
0.0
0.0