500
0.0
4.19453592352e-06
0.0
0.0
0.0
0.0
0.0
0.0
0.0
3.65668012195e-09
0.0
0.0
0.0
0.0
0.0
0.0
0.0
0.0
0.0
0.0
0.0
0.0
0.0
0.0
0.0
0.0
0.0
0.0
0.0
0.0
0.0
0.0
0.0
0.000144272896884
0.0
0.0
0.0
0.0
0.0
0.0
0.0
4.19453592352e-06
0.0
0.0
0.0
0.0
4.19453592352e-06
0.0
0.0
0.0
0.0
0.0
0.0
0.0
0.0
0.0
0.0
0.0
0.0
0.0
0.0
0.0
0.0
0.0
0.0
0.0
0.0
0.0
0.0
0.0
4.19453592352e-06
0.0
0.0
0.0
4.19453592352e-06
0.0
0.0
0.0
0.0
0.0
0.0
0.0
0.0
1.92438771845e-11
0.0
0.0
0.0
0.0
0.0
0.0
0.0
0.0
0.0
0.0
0.0
0.0
0.0
0.0
0.0
0.0
0.0
0.0
1.83595343154e-23
0.0
4.19453592352e-06
0.0
0.0
0.0
0.0
0.0
0.0
0.0
0.0
0.0
0.0
0.0
0.0
0.0
0.0
0.0
0.0
0.0
0.0
0.0
0.0
0.0
0.0
0.0
0.0
0.0
4.19453592352e-06
0.0
0.0
0.0
5.09602157537e-10
0.0
0.0
0.0
0.0
0.0
0.0
0.0
0.0
0.0
0.0
0.0
0.0
0.0
0.0
0.0
0.0
0.0
0.0
0.0
0.0
0.0
3.77908624478e-13
0.0
0.0
0.0
0.0
0.0
0.0
0.0
0.0
0.0
0.0
0.0
0.0
0.0
0.0
0.0
0.0
0.0
0.0
7.48796075939e-11
0.0
0.0
0.0
0.0
0.0
0.0
0.0
0.0
0.0
0.0
0.0
0.0
1.60913816523e-09
0.0
0.0
0.0
4.19453592352e-06
0.0
1.63615015691e-07
0.0
0.0
0.0
0.0
0.0
0.0
0.0
0.0
0.0
0.0
0.0
0.0
0.0
0.0
0.0
0.0
0.0
0.0
0.0
0.0
1.58357044024e-07
0.0
0.0
0.0
4.19453592352e-06
0.0
4.35921336429e-12
0.0
0.0
0.0
0.0
0.0
0.0
0.0
0.0
0.0
0.0
0.0
0.0
0.0
0.0
0.0
0.0
0.0
0.0
0.0
0.0
0.0
0.0
0.0
0.0
4.19453592352e-06
0.0
0.0
0.0
0.0
0.0
0.0
0.0
0.0
0.0
1.58357044024e-07
0.0
3.18756145943e-12
0.0
0.0
0.0
0.0
0.0
0.0
0.0
4.19453592352e-06
0.0
0.0
0.0
0.0
0.0
0.0
0.0
0.0
0.0
0.0
0.0
0.0
0.0
0.0
0.0
0.0
0.0
0.0
0.0
0.0
0.0
0.0
0.0
3.0025223107e-10
0.0
0.0
0.0
0.0
0.0
6.96616704469e-12
0.0
0.0
4.19453592352e-06
0.0
4.19453592352e-06
0.0
0.0
0.0
0.0
0.0
0.0
0.0
0.0
0.0
0.0
0.0
0.0
0.0
0.0
2.37227461511e-07
0.0
0.0
0.0
0.0
0.0
0.0
0.0
0.0
0.0
0.0
0.0
0.0
0.0
0.0
0.0
0.0
0.0
0.0
0.0
0.0
0.0
2.33785727587e-07
0.0
0.0
0.0
0.0
0.0
0.0
0.0
0.0
0.0
0.0
0.0
0.0
0.0
0.0
0.0
1.60913816523e-09
0.0
0.0
0.0
0.0
0.0
0.0
0.0
0.0
0.0
0.0
0.0
0.0
0.0
4.19453592352e-06
0.000144272896884
0.0
0.0
4.19453592352e-06
0.0
5.5110211301e-12
0.0
0.0
0.0
0.0
0.0
0.0
0.0
0.0
4.19453592352e-06
0.0
0.0
0.0
0.0
0.0
0.0
0.0
0.0
0.0
4.19453592352e-06
0.0
0.0
0.0
0.0
0.0
0.0
0.0
0.0
0.0
0.0
4.19453592352e-06
0.0
0.0
0.0
0.0
0.0
0.0
0.0
1.63615015691e-07
0.0
0.0
0.0
0.0
0.0
0.0
0.0
0.0
0.0
0.0
0.0
0.0
0.0
0.0
1.58357044024e-07
0.0
0.0
0.0
0.0
4.19453592352e-06
0.0
0.0
1.63615015691e-07
0.0
2.18819011764e-06
0.0
0.0
0.0
0.0
0.0
0.0
0.0
4.13577942865e-09
0.0
0.0
0.0
0.0
0.0
0.0
0.0
0.0
2.73671128696e-11
0.0
0.0
0.0
0.0
0.0
0.0
0.0
0.0
0.0
0.0
0.0
0.0
0.0
0.0
0.0
0.0
0.0
0.0
0.0
0.0
0.0
4.19453592352e-06
0.0
1.63615015691e-07
0.0
2.4043714884e-21
0.0
0.0
0.0
0.0
0.0
0.0
0.0
0.0
0.0
0.0
0.0
0.0
0.0
0.000144272896884
0.000144272896884
4.19453592352e-06
0.0
0.0
0.0