500
2.51198346795e-06
2.31796180615e-06
0.0
3.21086900458e-06
8.6214108875e-09
2.49688457224e-07
4.91817447969e-13
1.65711309568e-37
0.0
7.85244360342e-06
1.07581790143e-07
2.22298412464e-05
1.01010621685e-16
1.14233957898e-05
1.20651998503e-16
3.58381739764e-07
1.47371272486e-30
4.40997005261e-05
4.0268024696e-08
0.000538173042088
6.90874570965e-15
0.0
0.000294882137594
0.000489107561287
8.34361298146e-07
3.86170366348e-07
0.0185479557042
0.000294882137594
0.0
0.00628930086061
0.000693343517789
2.85514395723e-07
2.32945761358e-08
0.000489107561287
4.69382291153e-14
9.74005247884e-06
9.07175576672e-06
0.000294882137594
0.00290601117852
6.25007824283e-05
0.0
0.00542403882163
3.10418314469e-10
0.000187961958913
2.32064717446e-09
3.72898976176e-22
0.00290601117852
2.85463927294e-08
7.81592863423e-07
0.000294882137594
4.312803676e-20
0.0
0.00240538513157
1.61248370237e-08
0.0
0.000417674360852
0.00184477646412
0.0
0.000157489575456
3.56268634905e-05
2.04180591002e-09
1.18799356358e-16
0.0
5.17000709993e-07
2.70262253383e-06
0.0
1.38315024743e-09
0.000154618437527
0.0
1.3680412682e-05
0.0
0.000187961958913
3.56268634905e-05
9.78557198838e-30
0.00240538513157
1.53299605849e-16
1.77909192729e-07
0.0
6.25007824283e-05
4.88610204956e-13
1.54908405652e-08
6.92950814855e-18
0.00132582883024
2.20600354734e-09
2.58585764324e-10
0.0
0.00290601117852
2.70072115667e-05
9.50210715029e-18
0.00106554375297
8.21516687041e-06
1.3019169557e-07
6.70091224788e-16
0.00628930086061
3.92892881893e-11
9.38599000061e-05
0.00556024290698
5.95052120539e-05
2.34252825384e-06
6.62513125031e-07
0.0
5.91439903529e-06
1.72423687467e-07
0.00240538513157
6.54789163626e-08
0.00127623006616
0.0
0.00184477646412
0.0
0.00290601117852
1.94222295811e-05
0.0
0.0
0.0
1.41225839643e-06
0.00240538513157
6.96422988941e-05
4.69550319266e-07
1.35878478871e-05
7.98162191882e-06
6.15281749608e-06
0.00132582883024
9.08025147409e-07
4.69661243942e-06
8.78257677374e-07
4.69816077834e-06
3.49644892773e-05
0.0
0.00184477646412
5.23327401866e-05
7.53012890376e-07
1.53757687034e-05
5.61794779827e-17
0.0
1.20972758537e-12
1.18260163824e-06
7.08068650109e-05
4.24175455361e-10
9.8557213721e-20
3.53844493865e-10
9.30006136821e-07
4.36472489432e-05
5.22210368715e-07
6.56146466068e-06
1.77643872012e-08
1.1250753957e-06
1.0194014879e-08
0.000310477028129
1.81992671643e-11
1.58346511053e-08
4.92660290145e-19
7.08559004145e-17
1.90746198681e-18
7.9522633303e-11
2.72992522412e-06
4.51787177708e-06
1.58885862816e-11
0.0
1.3723030788e-13
6.25007824283e-05
4.09602500636e-10
0.000144753253536
9.07175576672e-06
9.99689961872e-08
3.70855293082e-08
2.54830881733e-08
7.99624703186e-08
0.0
0.0
0.000200547471687
0.00184477646412
1.74669642769e-07
8.1348983217e-18
9.89305285268e-08
7.85244360342e-06
9.01977389951e-08
3.62795703661e-05
1.10721182135e-11
4.43554751439e-09
4.56885543932e-14
0.000294882137594
0.00542403882163
1.98321074609e-07
6.95299570506e-07
0.000445439617863
0.0
5.71900393755e-15
2.00310730922e-12
7.53090733739e-07
2.87536541542e-08
0.0
0.0
4.41995008507e-16
9.98825904788e-06
2.98257431472e-08
1.19847134079e-05
3.6158865931e-16
2.97165951684e-06
6.07304299268e-07
0.00106554375297
0.0
4.42483065884e-15
7.85244360342e-06
1.40433469244e-13
7.92168980161e-20
0.00127623006616
2.02908432134e-05
7.76279975493e-14
9.98825904788e-06
0.000275434938506
9.90308192916e-06
0.00542403882163
6.04334195809e-09
5.06789377163e-17
0.00542403882163
1.46831923518e-08
0.00184477646412
6.89123642426e-09
0.00290601117852
0.0
0.0
7.08068650109e-05
0.00542403882163
0.0
0.00556024290698
1.12204076801e-07
0.00127623006616
8.41110649189e-07
2.54996943992e-23
0.000294882137594
1.18795826463e-08
6.25862944838e-07
0.00132582883024
3.6073336831e-12
1.02361030691e-06
3.60188124751e-05
9.45324996233e-27
0.00240538513157
0.00290601117852
0.000200547471687
6.13786010483e-09
1.13415709696e-06
6.41957634945e-19
2.80636429481e-05
0.000538173042088
0.000372189967324
0.000263415974975
2.40817817941e-10
0.0
9.22750550674e-07
1.72516800649e-11
0.000310536905112
0.000118074405993
3.24499347137e-06
2.76644942015e-05
1.31882033605e-07
0.000417674360852
2.38005389813e-08
0.0
2.14701900694e-06
3.78746966826e-20
8.92439842208e-09
0.000476783141422
6.76287761839e-11
0.0
0.0
2.77367554712e-15
8.66078132727e-13
2.02908432134e-05
1.33211198724e-12
2.80636429481e-05
7.53012890376e-07
0.000445439617863
0.000417674360852
0.000219003645453
1.98556004878e-11
0.000272311588064
1.94643532392e-07
1.1443091226e-05
2.11087743556e-22
6.8122171906e-11
0.000844789340037
3.89641389507e-12
0.00127623006616
3.61133796278e-09
3.73257146084e-15
4.1580582251e-10
0.00235086986384
0.0
0.00290601117852
0.0
2.10198949192e-17
0.0
0.00290601117852
0.0
4.39095993441e-15
2.5176431801e-06
2.3827029522e-13
8.67776663673e-06
0.00556024290698
6.16043998097e-11
0.0
1.16494227784e-06
0.0
1.24537773408e-14
3.32081171327e-06
0.000294882137594
0.0
0.000330831088553
2.62053389e-16
0.0
8.95665075811e-06
0.000372189967324
0.000294882137594
1.87242010963e-08
9.65605881414e-06
0.00011380169504
2.48468853488e-16
4.40997005261e-05
5.01417850707e-12
0.00240538513157
3.44151128916e-35
0.000417674360852
2.98725365109e-10
3.32916757273e-07
0.00106554375297
0.0
9.3890966473e-06
2.31796180615e-06
2.48008520691e-06
2.1082993695e-08
5.32509000346e-14
1.93778108953e-36
0.00542403882163
5.56128456951e-21
0.000329005303541
7.23135875355e-23
4.28862581491e-11
3.49644892773e-05
8.96033688278e-10
3.71318190407e-12
1.55288422291e-09
0.000275434938506
1.16768020497e-07
2.06858039487e-20
0.000417674360852
2.13922451951e-05
2.72992522412e-06
5.20134000433e-06
0.000538173042088
0.00290601117852
0.00290601117852
1.53647518857e-05
9.97995131038e-11
2.47351508618e-11
0.0
0.00240538513157
3.50355471339e-07
2.46622757922e-06
1.02361030691e-06
6.82173014553e-07
0.00290601117852
0.000179531214655
0.00628930086061
3.14918681846e-06
3.69934603888e-05
5.89337891432e-08
1.79302394517e-19
1.10197287174e-07
1.50458319589e-10
0.0
2.70072115667e-05
1.22511846584e-08
7.09986818007e-12
0.0
3.69296390678e-09
0.00127623006616
6.85375056671e-13
0.00556024290698
1.31840179992e-07
2.7194327376e-23
1.02361030691e-06
0.0
2.68957353372e-11
0.00542403882163
1.88319192505e-06
3.48593101639e-11
4.14530902692e-05
2.98854341646e-11
8.6284115635e-06
0.0
4.34701647624e-12
4.30068899134e-15
0.00542403882163
0.00026055971632
0.000577888319308
0.00184477646412
0.00290601117852
1.10400406108e-11
1.2469158746e-09
0.0
1.47364962182e-32
8.73928039365e-12
0.000393154738466
1.13415709696e-06
5.11084089907e-07
0.0
1.18377538489e-08
5.42724172131e-15
0.0
2.09698132896e-12
2.38429544415e-17
4.56131813736e-07
0.00127623006616
7.65715865971e-20
4.90169336899e-28
9.22750550674e-07
1.1804246521e-12
1.40226760175e-16
7.51277193644e-07
0.00132582883024
0.00542403882163
0.00184477646412
0.000179531214655
1.21161537493e-10
0.00017729178177
2.91142267084e-06
1.97346339983e-10
0.00240538513157
5.14359664625e-21
1.77741824262e-05
1.05290436638e-10
0.000118074405993
1.46622311465e-06
0.0
3.28454607778e-09
4.45523937343e-06
7.96356833307e-05
1.41496397378e-09
1.9747918144e-06
3.46342150798e-13
3.5311290484e-16
1.71695171374e-07
9.45639764239e-14
1.06167244687e-15
1.04226789858e-06
8.28392345394e-10
5.18575507752e-12
5.33525615034e-18
1.35493919216e-10
9.64540701097e-07
5.54835400145e-13
0.0
8.15056276012e-14
0.00184477646412
4.53278742156e-10
0.0
0.00542403882163
4.02553768172e-05
5.38499742425e-17
7.29094889685e-10
2.95900200213e-10
5.8277243943e-24
0.0
0.00026055971632
0.0
0.0
0.000693343517789
1.27641200266e-15
2.64076673606e-11
4.33856137716e-07
8.65646160199e-09
6.67770416954e-05
1.61895865708e-17
1.40207957646e-11
6.11202924224e-05
1.62701056758e-07
1.06149442196e-29
0.000154618437527
7.28544459049e-19
2.01815445545e-21
0.0
0.0
5.45187816031e-19
0.00184477646412
7.70161457924e-07
4.48115744074e-06
3.39085567956e-08
0.00240538513157
0.0
5.33873154235e-11
1.08030386574e-05
8.64356057831e-07
0.00556024290698
0.00176035043155
3.90463816226e-08
1.01278484591e-47
4.9993603982e-07
8.37529135419e-18
8.83839944242e-20