500
0.0
0.0
0.00893881193168
0.0
0.0
0.0
0.0
0.0
0.0
0.0
0.0
0.0
0.0
0.0
0.0
0.0
0.0007156110116
0.0
0.0
0.0
0.0
0.0
0.0
0.0
1.6487084341e-06
0.0
0.0
0.0
0.00165015283559
0.0
0.0
0.00106372474734
0.0
6.49882555252e-07
0.0
0.0
0.0
0.00188548537717
0.0
2.04610180121e-05
0.0
0.00188548537717
0.0
1.60333088846e-05
0.0
0.0
0.0
0.0
5.72429340902e-08
0.0
0.0
0.0
0.0
0.0
0.0
0.000121111694307
0.0
0.0
0.0
0.0
0.0
0.0
0.0
0.0
0.0
0.0
0.0
0.0
5.72429340902e-08
0.0
0.0
0.0
0.0
0.0
0.0
0.0
0.0
0.0
0.0
0.0
0.0
0.0
0.00128737502014
0.0
0.00106372474734
0.0
0.000402249286172
0.0
1.60333088846e-05
0.0
0.0146401086464
0.0
0.0
0.00106372474734
6.40956814094e-06
1.60333088846e-05
0.0
0.0
0.0
0.0146401086464
0.0
0.0
0.0
0.0
0.0
0.0
0.0
0.0
0.0
0.00165015283559
0.0
0.0
0.000141058076825
0.0
2.20850591382e-05
0.0
1.68277454058e-05
0.0
0.0
2.19071990716e-05
0.0
0.0
0.0
0.0
1.60333088846e-05
0.0
0.0
0.000193779721197
0.0
0.0
0.0
0.0
0.0
0.00188548537717
0.0
0.0
5.12861152405e-06
0.0
0.0
0.0
0.0
0.0
0.0
0.0
3.28273226106e-07
0.0
0.0
0.0
0.00165015283559
0.0
0.0
0.0
0.00128737502014
0.0
0.000695202528009
0.0
0.0
0.0
0.0
0.0
0.0
5.47982925279e-05
0.0
0.0
1.68277454058e-05
0.0
0.00188548537717
0.0
0.00106372474734
0.0
0.0
0.0146401086464
0.0
0.0
0.0
0.00106372474734
0.0
0.0
0.0
0.00188548537717
0.0
0.0
0.0
0.0
0.0
0.0
0.0
0.0
0.0
0.0
0.0
0.0
0.0
0.0
0.0
0.0
5.47982925279e-05
0.0
0.0
0.0
0.0
0.0
0.0
0.000291792642984
0.00106372474734
0.0
0.0
0.0
0.0
0.0
0.0
1.37654875239e-12
0.000785553298553
0.0
0.0
0.0
0.0
0.00106372474734
0.0
0.0
0.000273053669811
0.000591772067595
0.0
0.0
0.0
0.0
0.0
0.0
7.01441803597e-05
0.0
1.60333088846e-05
0.00188548537717
1.60333088846e-05
0.0
0.000134099569846
0.0
0.0
0.0
0.0
0.0
0.000753417304213
0.0
0.0
0.0
0.0
5.47982925279e-05
0.0
0.0
0.0
0.0
0.0
0.0
0.00106372474734
2.07050998601e-05
0.0
0.000402249286172
5.47982925279e-05
0.0
0.00165015283559
0.000291792642984
0.0
0.00893881193168
0.0
0.0
0.0
0.0
0.0
0.0
0.0
0.0
0.0
0.0
0.0
0.0
0.0
0.0
0.0
0.0
0.0
0.0
0.000695202528009
2.1273315367e-05
0.0
0.0
0.0
0.0
0.0146401086464
0.0
0.0
0.0
0.0
0.0
0.0
0.000695202528009
0.0
0.0
0.0
0.0
0.0
0.000564195836809
0.0
0.0
0.0
0.0
0.0
0.00106372474734
0.0
0.0146401086464
0.0
0.0
0.0
0.000141058076825
0.0
1.97892957308e-06
0.0
0.0
0.0
0.0
0.0
0.0
0.0
0.00165015283559
0.0
9.83741970458e-07
0.0
0.000695202528009
0.0
0.0
0.0
0.00106372474734
0.0
0.0
0.0
0.0
0.0
0.00106372474734
0.0
0.0
1.67135577254e-06
0.0
0.0
2.07050998601e-05
0.0
0.0
0.0
0.0
3.80438088187e-06
0.000695202528009
0.0
0.0
4.5536319368e-10
0.0
0.0
0.0
0.0
0.0
9.41504837087e-07
0.0
0.0007156110116
0.0
0.000402249286172
0.0
0.0
9.99240965103e-05
0.0
0.0
0.0
0.0
0.0
0.0
0.0
0.0
0.00106372474734
0.0
0.0
0.0
0.0
0.0
5.12861152405e-06
0.00188548537717
0.0
0.0
0.0
0.00893881193168
0.0
0.0
0.0
0.0
6.40956814094e-06
0.0
0.0
0.00188548537717
0.0
0.0
0.0
0.0
0.0
0.0
0.0
0.0
0.0
0.0
8.27591435178e-08
0.00893881193168
0.0
0.0
0.0
0.0
0.0
0.000195261279698
0.000785553298553
5.12861152405e-06
0.0
0.0
0.0
0.0
0.0
5.47982925279e-05
0.0
7.01441803597e-05
0.0
0.0130837349669
0.00106372474734
0.00893881193168
0.0
4.55358907481e-10
0.0
0.0
0.0
0.00165015283559
0.0
0.0
0.0
0.0
0.0
0.0
0.0
0.0
2.07050998601e-05
0.0
0.0
0.0
0.0
0.0
0.0007156110116
0.0
0.0
1.06280670848e-06
0.0
0.0
0.0
0.0
0.0
0.0
0.0
0.0
0.0
0.0
0.0
0.0
0.0
0.0
0.0
1.10802830933e-06
0.00188548537717
0.0
0.0
0.0
1.60333088846e-05
2.19071990716e-05
0.0
0.0
0.0
0.0
0.0
0.0
0.0
0.0
0.0
0.0
1.67135577254e-06
0.0007156110116
0.0
0.0
0.0
0.0
0.0
0.0
0.0
1.62840853121e-05
0.0
2.37343041174e-10
0.0
5.12861152405e-06
0.0
0.0
4.72705265298e-09
0.0
0.0
0.0