500
1.64066011406e-06
0.0
1.85002368198e-06
0.0
0.0
0.0
1.2285288607e-05
0.0
6.88420733521e-08
9.18242786395e-12
5.39641650368e-08
0.0
0.000313299292966
0.000196311676053
0.0
1.1262272394e-10
3.25663924143e-12
0.0
0.0
5.09812619737e-05
0.0
8.09050700373e-07
0.000488370265438
0.0
0.0001685510245
0.0
0.00135149928398
0.0
0.0
5.05165332863e-05
0.0
1.36887334447e-07
6.93304438312e-08
2.46115153012e-05
0.0
0.0
0.000288603642357
3.48679871489e-07
0.0
8.63473383469e-18
0.0
0.0
3.22286974796e-12
2.16684393848e-08
1.3383199436e-05
2.97694690503e-11
6.60841925246e-08
0.0
2.07867663761e-07
0.0
0.0
1.12878774787e-10
1.73103199472e-09
0.000863692636098
0.0
0.0
0.0
0.0
0.0
0.000236914371267
0.0
2.17444189875e-08
0.0
3.08171090369e-05
0.0
6.29470464545e-05
1.92716211634e-11
0.0
0.0
0.0
0.0
0.0
1.95104915322e-11
0.0
4.27336404529e-07
5.19369615681e-10
0.0
0.0
1.6986239118e-07
0.0
0.0
0.0
0.0
1.61837094103e-07
0.0
1.95238549973e-13
0.0
0.0
0.0
2.60665143254e-09
1.64093959587e-10
3.93256902815e-05
9.48281284248e-07
0.0
0.0
0.0
6.53012499486e-14
1.01025530076e-07
2.49181261331e-08
0.0
9.56472692235e-06
0.0
0.0
0.0
0.0
0.0
0.0
0.0
0.0
0.000102481077139
0.0
0.0
0.0
1.39488373222e-06
0.0
0.0
0.0
0.0
0.000278290590864
0.0
4.4485807706e-10
0.0
0.0
0.0
0.0
0.0
0.00128353608737
0.0
5.25872887154e-07
0.0
3.59894711585e-06
2.76119787741e-07
0.0
0.0
0.0
9.99405393093e-09
0.0
0.0
0.0
0.0
0.0
0.0
0.0
8.58428487085e-08
0.000121431500114
0.0
1.40924412148e-08
3.68866409533e-13
0.0
0.0
0.0
1.05195217581e-06
0.000113231006087
0.0
0.0
1.09239671915e-05
2.36411039299e-07
2.18868729502e-08
9.43485131273e-18
0.0
0.0
0.0
2.40044868525e-06
6.98702338822e-16
0.0
6.10231858909e-11
0.0
0.0
1.72684981606e-11
0.0
0.0
0.0
0.0
7.54778620484e-09
2.75713618231e-13
1.41318376056e-07
0.0
0.0
0.0
0.0
0.0
0.0
0.0
0.0
0.0
6.65655740201e-09
0.0
3.03055032389e-05
0.0
0.0
2.09384216118e-05
1.29845357702e-08
0.0
0.0
5.29617122785e-05
5.86605328362e-05
1.69444353209e-11
3.40068532028e-08
0.0
0.0
0.0
0.000100157104918
0.0
1.36791370522e-07
2.16133218707e-05
0.0
0.0
0.0
0.000346239639189
7.03530664799e-11
6.54808250454e-11
0.0
0.0
0.0
2.49387553432e-07
0.0
5.79291217212e-05
0.0
0.0
0.0
0.000242595550403
0.0
0.0
0.000410264996814
0.0
0.0
0.0
0.0
2.41897770335e-07
0.0
0.0
6.71525481365e-08
2.73521206549e-32
1.27944195761e-06
2.4814660643e-05
0.0
5.77616683327e-06
0.0
6.08452359679e-06
9.42942981162e-15
0.0
0.0
0.0
0.0
0.0
3.79350263487e-17
7.91736801861e-07
3.80626460468e-08
0.0
0.00141848731151
0.0
0.0
3.31148851485e-05
0.0
8.005760788e-20
2.53502356992e-10
9.65691183734e-07
2.20933921391e-14
0.0
1.13860983242e-06
1.91053620845e-06
0.000120224253146
0.0
7.54592668446e-07
0.0
0.0
0.0
7.39974858584e-06
0.0
2.28361576189e-05
0.0
4.08338559442e-07
8.87964888159e-13
0.0
2.00045031425e-08
0.0
1.29138568265e-05
0.0
1.0041539288e-05
0.0
0.0
1.49718090487e-11
0.0
1.35130193595e-19
7.18041798233e-05
0.0
2.59192437846e-05
0.0
0.0
3.30570623625e-07
1.6442885121e-31
9.86219431872e-07
0.0
0.000302459749929
0.0
0.0
0.0
0.0
0.0
8.42790283079e-11
0.0
0.0
0.0
0.0
0.0
0.0
0.0
2.41493081179e-11
0.0
0.0
6.01777756642e-09
4.19982717069e-17
4.75224073521e-07
8.56609339811e-11
8.28738147354e-07
3.46946956911e-18
1.84869422628e-05
3.43837087368e-06
2.51790459894e-10
0.0
5.06972487179e-09
4.10187852184e-08
0.0
0.0
0.0
0.0
0.0
5.73618071467e-08
0.0
0.0
0.0
0.0
0.00141848731151
0.0
0.000346239639189
2.75371533779e-06
1.02111718609e-05
0.0
0.0
7.05964959087e-20
0.0
0.0
0.0
0.0
0.0
0.0
4.90686528189e-06
0.000515284560616
0.0
0.0
0.0
0.0
0.0
0.0
0.0
6.14955123257e-06
0.0
0.0
1.35152793828e-05
5.53058399258e-07
6.90383513382e-11
2.74374519606e-05
0.0
0.000410264996814
0.000125418386704
0.0
0.0
9.23067545306e-06
0.0
1.45121007698e-10
0.0
2.74223158271e-05
0.0
0.0
0.0
0.0
0.00011068764165
0.0
4.15623031118e-08
2.71991746203e-05
2.59192437846e-05
5.62652730392e-13
9.75726329539e-14
0.0
0.0
0.0
0.0
0.0
7.64979710277e-17
2.64059013959e-09
0.0
0.0
0.0
1.05951819274e-07
0.0
2.22651862676e-09
0.0
2.41538056316e-11
0.0
1.74484666555e-07
0.0
0.0
0.0
0.0
0.0
5.05174166279e-05
0.0
0.0
4.8126593526e-08
2.54908280518e-22
0.0
1.64561698045e-06
0.0
1.18648478943e-11
6.24670003938e-09
3.15259083064e-06
0.0
0.0
1.88611499017e-05
0.000371233443206
0.0
7.72065996948e-06
0.0
0.0
0.0
1.88290915415e-06
0.0
0.0
1.60267308395e-07
0.0
0.0
0.0
0.0
0.0
0.0
2.42779602129e-15
0.0
7.89306054757e-06
4.24936922169e-05
4.12933823792e-12
3.33282367101e-08
0.0
1.68512049409e-05
0.0
0.0
0.0
1.08556514886e-10
0.0
0.0
0.0
0.0
2.10707477554e-06
8.20058936656e-11
0.0
0.0
0.0
3.17235803337e-08
0.0
1.17565311652e-06
1.56292336128e-13
0.0
0.000781523146406
0.0
0.0
1.51656053265e-14
0.0
0.0
1.38698467659e-14
0.0
0.0
5.03327430674e-06
0.0
6.33620306416e-25
0.0
0.000242595550403
3.43526601112e-06
1.67935530012e-06
0.0
0.0
2.88150964676e-17
1.2876561035e-07
0.0
0.0
4.00741027296e-05
0.0
0.0
0.0
0.0
0.0
0.0
0.0
0.0
3.10732153573e-12
5.31405426031e-06
1.39738848225e-09
0.0
0.0
0.0
0.0
0.0