500
0.0
0.0
0.0
0.0
0.0
0.0
0.0
0.0
0.0
0.0
0.0
0.0
0.00385317475253
0.0
0.0
0.0
0.0
0.0
0.0
0.0
0.0
0.0
0.00385317475253
0.0
0.0
0.000128933024668
0.0
0.0
8.57099226307e-06
0.0
0.0
0.0
0.0
0.0
0.0
0.0
0.0
0.0
0.0
0.000128933024668
0.0
0.0
0.0
0.0
0.0
0.0
0.0
0.0
0.0
0.0
0.0
0.0
0.0
0.0
0.0
0.0
0.0
0.0
0.0
0.0
0.0
0.0
0.0
0.0
0.0
0.0
0.0
0.0
0.0
0.0
1.44073597641e-08
0.0
8.57099226307e-06
0.0
0.0
3.77453595555e-05
0.0
0.0
0.0
0.0
0.0
0.0
0.0
0.0
0.0
0.0
0.0
0.0
0.0
0.0
0.0
0.0
0.0
0.0
0.0
1.72148814773e-05
0.0
0.0
0.0
0.0
0.0
0.0
5.68792666496e-05
0.0
0.0
0.0
0.0
0.0
6.03474317005e-06
0.0
0.0
0.0
0.0
1.18452731679e-06
0.0
0.0
0.0
0.0
0.0
0.0
0.0
0.0
0.0
0.0
0.0
0.0
0.000128933024668
0.0
0.0
0.0
0.0
0.0
0.0
0.0
0.0
0.0
3.77453595555e-05
0.0
0.0
0.0
0.0
0.0
0.0
0.0
0.0
0.0
0.0
0.0
0.0
0.0
0.0
0.0
6.66071938988e-05
8.57099226307e-06
0.0
0.0
0.0
0.0
0.0
0.0
0.0
0.0
0.0
0.0
0.0
0.000128933024668
0.0
0.0
0.0
0.0
0.0
0.0
0.0
0.0
0.0
4.3490456646e-07
0.0
0.0
5.68792666496e-05
0.0
0.0
3.77453595555e-05
0.0
0.0
0.0
0.0
8.57099226307e-06
0.0
0.0
0.0
0.0
0.0
0.0
6.66071938988e-05
4.72303910319e-05
0.0
0.0
0.0
0.0
0.0
0.0
0.0
0.000128933024668
0.0
0.00385317475253
5.68792666496e-05
0.0
0.0
0.0
0.0
0.0
0.0
0.0
0.0
0.0
0.00113454545455
0.0
0.0
0.0
0.0
0.000128933024668
0.0
0.0
0.0
0.0
0.0
0.0
0.0
0.000128933024668
0.0
0.0
0.0
0.0
0.0
0.000128933024668
0.0
0.0
0.0
0.0
0.0
0.0
8.23254777607e-06
3.77453595555e-05
0.00113454545455
0.0
0.0
0.0
0.0
0.0
0.00113454545455
0.0
0.0
0.0
0.0
0.0
0.0
0.0
0.0
0.0
0.0
0.0
0.0
0.0
0.0
0.0
0.0
0.0
0.0
0.0
0.0
0.00113454545455
0.0
0.0
0.0
0.0
0.0
0.0
0.0
0.0
0.0
0.0
0.0
0.0
0.0
0.0
0.0
0.000128933024668
0.0
0.0
0.0
0.0
0.0
0.0
0.0
0.0
0.0
0.0
0.00113454545455
0.0
0.0
0.0
0.0
0.0
0.0
8.57099226307e-06
0.0
0.0
0.0
0.0
0.0
0.0
0.0
0.0
0.0
0.0
0.0
0.0
0.0
0.0
0.0
0.0
0.0
0.0
0.0
0.0
0.0
0.0
0.0
0.0
6.93420841094e-05
0.0
0.0
0.0
0.0
0.0
0.000128933024668
0.0
0.0
0.0
0.0
0.0
0.0
0.0
0.0
0.0
0.0
0.0
0.0
0.0
0.0
0.0
0.0
0.0
0.0
0.0
0.0
0.0
0.0
0.0
0.0
0.0
0.0
5.68792666496e-05
0.0
0.0
0.0
0.0
0.0
0.0
0.0
0.0
0.0
0.0
0.0
2.65575557483e-06
0.0
0.0
0.0
0.0
0.0
0.0
0.0
0.0
0.0
0.0
0.0
0.0
0.0
0.0
0.0
0.0
0.0
0.0
0.0
0.0
0.0
0.0
0.000467380278278
0.0
0.0
0.0
0.0
0.0
0.0
0.0
0.0
0.000128933024668
0.0
0.0
0.0
0.0
0.0
3.8334156776e-05
0.0
0.0
0.0
0.0
0.0
5.68792666496e-05
0.0
0.0
0.0
0.0
0.0
0.0
0.0
0.0
0.0
0.0
0.0
0.0
0.0
0.0
0.0
0.0
0.0
0.0
0.0
0.0
0.0
6.66071938988e-05
8.57099226307e-06
0.0
0.0
0.000128933024668
0.0
0.0
0.0
0.0
0.0
0.0
0.0
0.0
0.0
0.0
0.0
0.0
0.0
0.0
0.0
0.0
0.0
0.0
0.0
0.0
0.0
0.0
0.000128933024668
0.0
0.0
0.0
0.0
0.0
0.0
0.0
5.59843094769e-07
0.0
0.0
0.0
0.0
6.66071938988e-05
0.0
0.0
0.0
0.0
0.00385317475253
0.0
0.0
2.65575557483e-06
0.0
0.0
0.0
0.0
0.0
0.0
0.000128933024668
0.00385317475253
0.0
0.0
0.0