500
7.69025648973e-43
1.52573232955e-26
2.55342872947e-14
5.07551878353e-12
2.65163837569e-07
1.69354752621e-15
8.85205399036e-11
1.9406549278e-26
1.09281244795e-09
7.65375712573e-06
3.11910068015e-07
0.000478245293932
1.34253697364e-47
5.74765016131e-34
0.000333660729236
9.68090696116e-31
0.0
4.72168436425e-87
5.01168479713e-26
0.000237006517347
1.7899320905e-38
6.08778441402e-05
2.76019549306e-29
3.97669587228e-40
1.95977510305e-07
7.98694741405e-08
1.07413760678e-22
4.35905787686e-57
0.0
7.95002561961e-15
5.57844462287e-14
1.63123843658e-85
1.83036365317e-96
2.13432683907e-124
7.44844541191e-33
0.0
0.0
7.71540855265e-79
9.32171149517e-52
0.0
4.06151433296e-12
1.40470086568e-13
8.89784054542e-88
2.71378134728e-39
8.90833113434e-12
2.46954190614e-66
0.0
1.43261773145e-52
4.20686251165e-40
8.13540887495e-17
6.08778441402e-05
0.000356452840043
0.0
4.062356559e-18
1.38805066307e-17
4.6753094022e-13
1.27412268557e-12
4.87339231571e-51
2.38081557977e-07
7.11316848216e-77
4.409273539e-30
7.23793699329e-18
2.14829677244e-12
6.54211853329e-58
6.36564697538e-37
1.21530251906e-28
0.000237006517347
0.0
6.31655740238e-36
3.64779474975e-42
6.65983006527e-37
3.05402661059e-06
1.19252790831e-07
6.08778441402e-05
1.362778562e-19
1.48877626999e-10
1.49963371641e-48
1.94777590436e-42
2.56604808365e-18
6.06309351582e-49
5.75980920455e-31
0.0
2.38926144503e-50
7.91964804364e-35
2.3228871198e-12
7.26350546521e-11
1.11652650195e-91
0.000221327507518
3.89880175888e-63
5.90253712826e-11
2.55496160621e-24
1.19841456752e-30
1.06197923166e-12
7.71102050927e-08
1.68951054144e-100
0.0
0.0017391518154
3.35017987568e-41
4.06266609901e-18
0.0
4.74612126866e-36
5.81508661989e-17
0.0
1.54806741267e-19
1.79011087158e-06
8.95400205253e-17
5.56539697971e-10
2.85125153344e-09
2.11569003511e-80
0.000105441822777
8.4043839987e-11
1.81872307556e-76
4.60800601217e-30
4.76973957993e-18
2.35441128529e-36
2.07614763216e-150
0.0
9.84188676457e-50
1.53420928817e-32
8.21454019827e-10
3.15089818498e-38
4.42647566069e-25
7.07225315795e-23
2.7523983392e-06
2.06276236097e-32
5.00553346259e-75
2.19496014304e-33
4.71074981945e-37
2.71335171378e-27
0.000237006517347
1.9391802103e-20
6.08778441402e-05
0.0
1.36020571548e-37
1.8547823168e-06
2.98362704287e-76
6.16258941065e-06
1.7255043632e-12
5.37284111226e-32
1.60860600928e-05
4.9089303648e-26
0.0
1.81920841645e-13
1.29395972534e-05
6.4775516214e-20
2.36738218839e-46
1.41407417038e-79
4.81978527432e-47
1.24765846914e-31
3.51437523991e-11
2.19015734676e-08
7.84380383136e-22
6.33920568531e-10
8.24072659032e-22
3.17390583869e-17
0.0
3.67060385709e-07
8.28612676912e-25
0.000356452840043
4.5262742701e-32
1.37904185347e-22
4.97460236908e-18
1.9385546757e-51
1.13358648475e-66
1.37531608543e-45
3.31586732119e-21
1.11726491622e-22
1.2192353189e-32
8.48982329726e-11
3.90581877779e-18
3.13452241519e-11
7.61435986733e-21
4.94381545604e-25
1.64644267147e-50
1.94082206609e-16
1.10790027874e-12
8.35422323801e-14
1.062319073e-39
6.20719951303e-58
0.000416922518265
1.72585179745e-16
3.18943733147e-11
0.000394644215762
0.0
1.22898353419e-82
7.27676848615e-36
5.27475028584e-30
1.20412531858e-41
1.04982362419e-54
2.57830742888e-19
0.0
0.0
2.91356056501e-29
4.48846153213e-19
3.38817719319e-09
0.000333660729236
3.9148372192e-11
1.31975538472e-20
0.0
1.58752499184e-23
3.62483031918e-24
6.45104396397e-20
1.36049911675e-28
1.92439750423e-12
3.14347143472e-19
1.19643805701e-06
2.89055534174e-22
5.11838529563e-83
8.90619211346e-07
4.84531815159e-10
5.64764633394e-28
2.61577710066e-33
1.33227533147e-60
2.27790700503e-13
1.13480968583e-07
8.66450661499e-25
2.08161098637e-23
2.10753217193e-22
1.23294231637e-65
2.63375492746e-09
3.65131725006e-23
1.07972598675e-48
5.65062181998e-19
3.04517172138e-62
2.04120081558e-30
4.19084226229e-15
4.00769116712e-57
7.00043073088e-19
1.22499498012e-09
1.56613269366e-49
3.19638889411e-31
6.54655408484e-47
1.29480491404e-06
3.70401052294e-09
8.45796054131e-33
6.25639210494e-15
9.87475727088e-27
9.06023063214e-19
1.03617728727e-06
1.24038080497e-16
4.80444167409e-22
2.4860372096e-06
0.0
6.30353481892e-62
1.02992049453e-08
6.90739393695e-25
0.000171769136015
6.7113449689e-99
2.97292544532e-17
4.55917292292e-25
6.25848165069e-87
2.86207143448e-36
6.11013413066e-07
3.80946643971e-33
3.89620764771e-21
0.0
0.000369410093083
1.41101412199e-25
0.0
1.34621893485e-33
1.92605524582e-49
0.000333660729236
1.23710498132e-08
2.46093028728e-12
0.0
2.22567578518e-08
2.19060002615e-17
3.67578514077e-18
5.79980661095e-17
6.08778441402e-05
0.0
3.70482028081e-38
8.07125676733e-45
2.53756851611e-18
0.000333660729236
2.18907866444e-15
1.96406916243e-19
2.4860372096e-06
2.58144294459e-21
4.12548265822e-08
1.67769665176e-31
1.60239421316e-18
0.0
0.0
2.81053574197e-96
0.0
2.39182678141e-77
0.0
2.72963881986e-28
2.37090942026e-20
5.09204420294e-22
2.31124700276e-25
5.56535003482e-32
1.8086366622e-15
6.07894671919e-28
1.92064419725e-25
6.08778441402e-05
4.54714466378e-06
4.03898509974e-10
8.0741112648e-30
3.44480390154e-39
4.6041961284e-13
2.81319212171e-51
7.75400662741e-52
2.77777095029e-14
1.20416173099e-39
7.24400847319e-29
3.14401776466e-49
1.53045774554e-12
1.99108547569e-17
4.75045518771e-08
0.0
1.99689749661e-29
3.66158349748e-09
6.92803377e-10
1.60569595151e-20
3.38450393661e-44
2.89014406606e-27
4.8647441208e-18
1.23031172763e-15
1.08018257009e-06
3.61838557056e-14
1.12035801194e-11
1.96839338495e-09
0.000237006517347
6.35938682511e-66
0.000274358573694
1.76484886312e-55
1.3861739244e-49
2.02890216408e-16
9.4297085637e-08
8.09363682866e-42
4.54714466378e-06
0.0
6.11799863285e-29
5.940874453e-06
2.16679045885e-11
0.0
1.38822108094e-12
6.21817006126e-18
1.81362313037e-51
1.00642518397e-14
1.71373390936e-14
3.16670815859e-64
9.30250769256e-09
0.0
6.42515497847e-33
5.74508398984e-30
6.39433081665e-30
0.0
3.68740752627e-51
8.69925148327e-12
2.78366996429e-13
0.000237006517347
1.01808665769e-20
1.21363525909e-14
1.01022467449e-29
1.25807783182e-18
3.58674000568e-72
0.00067327968578
6.21364428517e-27
2.81509199687e-12
0.0
3.65420208051e-20
1.2931397783e-39
0.000237006517347
6.74395785726e-100
3.56453597496e-38
4.54352113337e-14
0.0
3.6784193867e-12
8.61068828418e-16
2.13016449693e-10
1.80880118244e-10
5.62828767174e-07
2.81646998072e-18
1.84860729099e-27
3.40153271335e-17
7.12053355568e-05
2.60006225804e-46
7.56931639173e-17
0.000333660729236
2.54928307956e-26
7.33235647636e-77
4.21727075317e-85
0.00039026388866
1.75780854807e-09
6.35570420749e-53
1.41821802168e-18
1.23397411859e-08
0.000356452840043
1.08180027573e-20
4.06716633362e-28
1.79623059349e-17
6.47460814263e-21
1.87634845762e-44
1.19627957348e-06
1.07736639364e-30
3.75616503348e-05
1.90579424817e-11
3.17639624959e-17
1.25443887548e-06
2.59086604804e-31
1.46564873292e-23
5.98415876596e-17
0.0
4.17036265591e-14
1.51792001785e-51
8.23553953176e-41
6.78932632404e-47
1.05334143202e-12
6.08778441402e-05
4.39804254409e-22
3.31193169099e-36
4.04870313359e-11
2.91212717945e-83
8.32930063349e-23
2.20141314832e-39
3.98861756767e-70
2.25701366184e-75
1.67139060022e-79
1.27376931094e-08
0.000369410093083
2.67018851649e-34
1.68603028332e-20
6.08778441402e-05
2.01951812522e-30
3.38233207634e-07
0.0
1.0633380933e-07
0.000333660729236
0.0
5.89558331441e-64
1.20572351629e-41
0.0
2.57305513599e-23
2.87480892719e-76
1.43353401197e-06
2.22122311036e-54
3.56437732757e-17
7.31123249393e-62
1.61434091551e-21
1.36711686402e-29
1.59603027353e-12
8.44339026077e-08
0.000105441822777
4.23935592749e-16
1.49537983106e-11
5.79629556388e-12
3.75616503348e-05
5.43167156754e-09
2.98502907934e-13
3.36044071042e-22
1.09366564462e-09
8.62633930125e-06
5.51802265187e-06
2.68149722125e-68
2.11699243592e-11
4.4804527119e-69
2.85063875573e-114
2.8208544298e-71
5.74156393321e-73
5.01669838545e-39
4.93009555895e-43
2.43293888084e-22
1.10955756718e-08
1.63988613226e-53
4.30588771901e-45
3.81754570067e-16
2.58592413133e-18
3.4490919974e-06
5.65831078162e-17
0.0
0.0
1.63108393606e-22
5.13312855128e-09
2.4860372096e-06
1.48923533988e-44
6.51541529508e-10
3.63447706413e-28
2.52150760664e-08
1.75837080069e-17
1.67880407436e-19
1.94378564432e-24
3.67140453088e-32
2.4860372096e-06
1.77094952118e-12
1.26759564314e-19
3.41304584634e-59
2.76930189223e-73
6.7400470298e-05
1.1315983109e-09
6.08778441402e-05
0.0
6.84736690122e-11
0.000333660729236
2.74703366087e-25
9.45365757436e-58
1.03443356553e-11
1.21774920963e-05