500
0.00903488372091
2.55746118964e-17
1.66447187352e-44
2.64217229015e-10
2.44495025036e-06
4.88083615535e-76
0.000433155080214
0.00561627906975
8.51204433756e-41
3.63597539033e-37
1.70251062921e-22
1.51979236353e-25
9.430485909e-31
1.30791882765e-46
7.20043637178e-100
4.80143497947e-11
1.03621970746e-19
9.88740990098e-40
4.01406807715e-15
6.75013062801e-14
0.048
3.16460290701e-28
3.31580168332e-08
2.32290639957e-22
1.27676505765e-11
2.82978443932e-12
8.10422067357e-36
1.33808833088e-11
4.86391769121e-81
1.31420900219e-40
1.35530849901e-06
4.92955545862e-98
0.0294642857143
3.7692249893e-11
1.5035749873e-41
6.27482162402e-07
5.22499598672e-19
0.048
4.81934769613e-75
3.13113710236e-17
2.25318143703e-28
0.00903488372091
1.41993424831e-21
4.47192290786e-24
8.6571236178e-07
0.00165576755314
7.29179092925e-10
9.02645591053e-09
2.28770808309e-23
5.18961546957e-12
4.1273679648e-37
3.83338850134e-44
1.1314394625e-11
5.73061469308e-118
1.81645216428e-18
9.82422752885e-28
4.46859835732e-55
5.799431082e-62
3.06653223573e-17
3.08961616687e-09
7.63206401327e-20
2.73672269597e-25
6.77447396917e-18
6.15308340964e-11
1.12568426949e-11
5.90849175461e-22
1.48992575787e-49
5.97309506423e-18
3.01531351558e-28
0.00903488372091
1.38777749639e-53
1.79369316111e-09
4.16302499219e-12
1.54894556992e-20
0.0294642857143
7.88409583659e-90
4.61628225253e-45
8.69481959224e-39
2.11074661966e-35
8.4492094334e-18
7.89788471595e-08
1.73833924954e-20
3.76286281925e-05
1.78253698434e-62
0.00903488372091
9.99793475248e-76
0.048
3.82033823176e-20
4.77382106443e-29
1.24650926289e-34
1.23515570865e-92
5.64090788963e-12
5.41941384269e-40
1.24983612925e-20
0.000141362703871
6.02129917831e-18
1.06396754202e-16
7.5152602907e-17
2.37604952251e-23
0.000300665364026
4.67035117646e-43
7.46903041397e-55
2.97023358771e-67
5.35327412616e-48
1.08438726768e-29
7.78646992559e-38
0.00271909452479
2.17621500004e-36
1.14065020723e-62
1.78902446699e-46
0.0
7.39079776666e-07
1.43391770922e-22
1.50088765568e-13
1.56136119647e-24
1.42075675511e-09
6.48933078073e-33
0.000269649891982
6.98723029098e-10
0.0294642857143
2.98098738705e-26
0.048
1.03257268384e-08
1.45676932229e-51
3.43263408081e-26
0.0264186046512
1.80017048356e-53
2.47542176693e-16
1.39476849774e-21
4.38115868225e-29
1.23256194691e-35
1.17579020289e-25
2.56378094289e-09
9.4286205884e-06
2.59050942937e-12
8.99281903582e-07
0.0294642857143
1.62758528682e-13
6.99909440416e-16
5.11079824302e-51
7.93497626752e-86
6.98817380718e-05
3.17263367417e-10
5.55859464788e-17
3.14751510795e-26
5.14141136139e-06
0.048
3.53420295457e-09
1.33358260506e-31
0.0264186046512
1.31126495726e-11
2.03237639796e-50
5.52693231354e-19
0.000433155080214
2.89922377529e-10
1.12084812811e-71
3.08662390158e-26
3.3223231971e-05
1.52427538981e-13
1.58422421973e-52
2.89195539742e-16
3.10551899601e-29
7.75253787119e-11
1.29318327603e-19
9.87247721128e-19
6.31881437088e-54
2.9371778444e-14
4.16265604464e-70
0.00512933080209
3.07320629636e-05
1.02666300352e-35
3.0482317898e-20
1.88876486251e-13
3.84146167874e-10
3.81791070297e-07
2.413417324e-05
2.45425721031e-05
1.25189370956e-14
3.56259384697e-35
7.55566335366e-33
1.92086690918e-05
1.39263522621e-07
0.00903488372091
0.0294642857143
1.03039482385e-12
8.21231838368e-36
2.13706360855e-30
1.27646095425e-86
0.048
1.66256139458e-29
0.000180737149878
9.07572239914e-06
1.02252740278e-14
3.1319661071e-37
1.63555192679e-43
1.45598088928e-10
1.25473057435e-47
8.57719817532e-71
1.65891684841e-18
9.35839497021e-14
6.26873362757e-19
1.67928176264e-27
1.46529069897e-06
3.7490051994e-38
1.13270124927e-05
4.63326909578e-37
1.10916539026e-16
6.72885810171e-17
0.0294642857143
8.43590727201e-25
3.06662747295e-06
4.22124518798e-06
4.45692172888e-13
2.09673176155e-19
0.000371564889065
5.41704770696e-05
7.28711759896e-126
2.37525398728e-15
2.68019720978e-66
7.18079886248e-32
6.29756802868e-05
1.69265093302e-10
2.70291154199e-20
1.990288739e-47
5.95621373992e-48
0.000269649891982
8.18314691316e-41
0.000148411956052
0.0264186046512
0.0264186046512
1.25976559474e-11
1.7549935553e-05
1.03100796644e-24
1.8078883531e-23
5.83557585323e-13
0.000292814337195
1.48637384002e-27
0.00031144876375
8.32048193963e-49
6.88989274766e-16
1.93529769236e-22
1.3142185494e-28
3.87275487446e-10
2.01625485446e-22
0.00903488372091
6.47704800523e-15
4.28372608663e-23
8.42715855428e-84
2.44272087334e-32
5.88248008458e-54
1.17854181519e-14
1.41221969199e-51
1.42162808513e-16
1.51745005049e-61
1.47073261057e-43
0.000970757882156
8.22673419999e-100
7.62891005626e-76
2.63534587403e-29
3.87530359194e-12
4.88083798448e-21
1.96941430641e-27
6.11207930533e-14
1.79123536562e-23
1.43070367527e-27
1.51532108242e-22
4.35608879673e-16
4.02632507211e-06
0.0294642857143
2.90115895228e-13
1.94718594541e-102
5.44817891046e-61
6.32533507568e-21
3.84021671525e-29
7.97404705496e-08
1.35789777844e-06
9.53140897273e-19
3.61527573518e-28
1.88017210529e-12
1.7001050814e-07
0.0294642857143
7.08063313449e-40
0.0264186046512
1.59506144303e-76
0.00118171779165
1.56341353246e-24
4.90580790785e-05
2.00021132442e-16
1.95861440326e-09
1.64060329429e-38
2.05880641738e-11
4.65134616489e-38
2.8651203424e-91
1.36621108793e-52
2.95903018743e-49
9.75002167659e-05
9.44792677171e-21
5.95963203775e-62
6.33360923491e-37
1.28310400014e-30
6.54193803918e-13
5.97021837867e-14
1.43689411121e-06
6.28632985128e-15
1.22807922391e-06
1.91844985209e-35
2.89198859902e-21
3.09332917268e-12
1.7548238641e-23
0.000970757882156
2.31354953833e-34
2.54969709001e-67
0.000292814337195
1.96089111186e-26
3.15366852935e-39
1.16750972792e-25
2.77106752561e-13
1.56048574069e-18
2.07172905506e-05
3.66678330259e-05
3.95018398574e-56
0.00512933080209
2.62899887345e-23
5.70156730736e-08
2.81705628207e-17
3.49067914843e-20
0.0264186046512
2.75003158901e-15
8.30706765258e-18
9.93384453815e-07
0.00271909452479
3.39380449946e-07
3.86475951184e-28
7.8988584557e-09
0.000292814337195
7.57900509873e-147
3.51217398317e-29
0.0
0.00903488372091
1.25815553759e-73
1.96133444241e-17
5.56700211983e-108
0.000573599304504
4.97671936209e-16
0.0264186046512
1.87012175924e-16
3.08908420641e-26
3.21728059016e-25
0.048
5.45992390148e-28
2.14392827585e-39
4.30746800433e-42
6.9182864146e-07
1.23969081411e-54
0.048
8.85422044089e-13
0.000970757882156
1.70692844841e-36
4.79022512667e-36
1.10744800168e-24
5.1639555365e-12
6.49282907253e-60
0.00903488372091
0.0294642857143
9.21427860054e-29
4.55902296481e-08
9.33176138465e-28
2.35290422193e-09
2.94577548556e-26
0.0264186046512
1.47373099972e-29
0.0
0.048
3.68388193483e-11
2.09402260637e-13
9.63612622967e-16
2.01217970812e-37
5.65420827681e-12
4.40891700469e-47
3.22531098793e-05
0.00111398963731
7.7473465177e-18
3.0022072409e-35
1.04706381292e-28
8.06787593516e-23
6.6375013332e-34
2.01795401481e-11
8.94320706968e-15
7.35312797723e-21
8.50389069384e-09
4.12399656675e-19
6.5676330486e-08
4.31600333177e-25
2.83681225481e-15
8.55141617823e-14
0.0294642857143
0.048
1.52599489119e-10
1.42071725556e-58
9.21204917485e-41
0.0294642857143
1.64564409e-21
2.53216841949e-10
1.15277170021e-46
1.9789827287e-51
3.50739707954e-05
1.42337948034e-31
5.55539626022e-28
5.11870012852e-16
9.29893727598e-13
5.44045300356e-36
2.82749517997e-16
1.32452836447e-31
3.32579991813e-45
2.89530175317e-11
3.59082254266e-59
1.0970846563e-27
8.35182500701e-09
9.424931927e-93
2.06459957333e-28
1.19285948772e-37
3.23221382329e-39
2.21096895756e-30
2.61538475491e-12
0.048
4.47544576775e-17
2.17479705614e-11
0.048
0.0264186046512
8.08738499042e-06
1.98406518279e-18
7.35626927992e-11
5.30555853464e-79
8.30495217151e-08
1.66565532155e-21
2.96131488388e-21
2.42059670128e-56
1.10941966196e-09
0.0294642857143
5.3809234246e-41
3.42531832893e-21
0.00111398963731
7.52868813123e-133
0.000154793518242
2.27502548683e-09
1.09907582905e-53
1.74036028888e-20
9.49575475528e-09
0.0264186046512
1.0589941629e-97
3.37039836364e-06
5.4340617997e-33
9.53077935458e-16
4.72099064392e-28
4.02042347282e-63
0.048
7.50456324858e-41
2.23073200819e-40
6.6308957133e-46
2.59373470834e-13
6.96400959302e-09
0.0
2.74156631083e-22
4.80336331131e-09
2.34126183861e-16
1.17692701625e-35
7.37718873785e-134
2.56754097392e-06
1.76362757322e-37
2.06700361037e-15
3.37777287741e-32
0.0294642857143
1.47428492524e-14
6.78323103865e-95
1.83156403386e-27
1.92167174725e-40
0.0264186046512
5.86732227583e-75
9.56896776306e-29
0.00903488372091
1.52934975719e-99
6.79921495731e-06
1.01176488455e-30
5.15142354394e-16
2.40106374119e-06
0.0264186046512
1.76271337072e-06
1.33446895003e-09
1.14330808569e-11
3.61388493523e-23
5.02286936295e-30
1.08138448052e-32
0.0294642857143
0.048
1.52715753314e-07
8.88813933769e-09
6.75079409571e-13
7.13943124133e-33
1.02978889212e-34
1.3321346623e-32