500
5.71198441367e-05
0.0
0.0
0.0
0.0
0.0
0.0
0.0
0.0
0.0117880793678
0.0
0.0
0.00360413629738
0.0
0.0
4.20053856628e-07
3.62544796984e-05
2.70037835707e-07
0.0
0.00103924169765
0.0
0.0
4.85088803498e-07
4.55432604546e-08
0.0
0.0
0.0
0.0
0.0
1.99305899937e-05
0.0
0.0
0.0
0.0
0.0
0.0
0.0
5.67303671669e-06
0.0
0.0
0.000431117625701
0.0
0.0
0.0
3.41967121343e-06
0.0
0.0
7.02429825249e-10
0.0
0.0
0.0
0.0
0.0
0.0
8.84260833039e-07
0.0
0.000431117625701
0.0
2.69525231128e-06
0.0
0.0
0.0
0.00360413629738
5.71198441367e-05
0.0
0.0
6.93203414945e-06
0.000431117625701
0.0
0.0
0.0
0.0
0.0
0.0
0.0
0.0
0.0
0.0
6.71876425329e-15
0.0
0.0
0.0
5.41810761451e-09
0.0
0.0
0.0
0.0
5.71198441367e-05
0.0
0.0
0.0
0.0
0.00103924169765
0.000431117625701
0.0
0.0
0.000127130854788
7.00347474482e-05
0.0
0.00103924169765
0.0
0.0
3.75506493241e-06
9.96665768535e-15
0.0
0.00103924169765
1.55749980587e-06
0.0
0.0
0.000431117625701
0.0
0.0
0.0
0.0
0.0
0.0
6.93203414945e-06
0.0
0.0
0.0
0.0
0.0
0.0
5.71198441367e-05
0.0
0.0
0.0
0.0
0.0
6.46829786479e-12
0.0
0.0
1.14242343698e-07
0.0
0.0
1.26123662685e-10
0.0
0.0
0.0
0.0
0.0
0.000157281837398
0.0
0.0
0.0
0.0
0.0
0.0
0.0
0.000431117625701
0.0
0.0
0.000230639555935
0.0
0.0
0.0
0.0
0.0
0.0
0.0
3.75506493241e-06
0.0
0.0
6.36840282386e-09
0.00103924169765
3.75506493241e-06
0.0
6.57872498747e-10
6.42171858222e-07
0.0
9.59735688888e-05
0.0
0.0
0.00353125643031
0.0
5.24135049279e-05
0.0
0.0
0.0
0.0
0.0
0.0
3.10213362032e-09
0.0
0.0
0.0
9.05801422252e-05
0.0
2.55769820547e-07
0.0
0.0
0.000110779964994
0.0
6.93543039704e-07
0.0
7.61866569757e-10
0.0
0.00360413629738
0.0
2.5805405439e-07
0.0
4.09349748599e-12
0.0
0.0
0.0
0.0
0.0
0.0
0.000576484025833
0.0
0.0
0.0
0.000431117625701
0.0
0.0
0.0
2.75498653644e-09
0.0
9.82826915006e-08
0.000431117625701
0.0
0.0
1.55953020654e-12
0.0
0.0
0.0
1.42586067023e-12
1.07224394467e-05
0.0
0.000165866714966
0.0
0.0
1.99305899937e-05
0.0
3.83997934868e-10
7.6425184693e-14
0.0
0.0
0.0
0.0
6.93203414945e-06
0.0
7.52486779838e-05
0.0
0.0
0.000110779964994
0.0
0.0
0.0
6.33607771117e-07
0.0
0.0
0.0
0.0
0.0
0.0
0.0
0.0
1.98604129452e-07
0.0
0.00360413629738
0.0
9.21559948928e-13
0.0
0.0
2.34449938663e-12
5.71198441367e-05
0.0
0.0
0.0
1.85311575772e-14
0.0
0.0
0.0
0.000431117625701
1.05199088525e-07
0.0
0.0
0.000151528209078
0.0
0.0
0.000227288823648
0.0
0.0
0.0
0.0
0.0
0.0
1.57778806659e-10
0.0
1.2407391335e-10
2.03133857017e-06
0.0
0.0
0.0
0.0
4.50728452587e-12
0.0
0.0
0.0
0.0
0.0
0.0
0.00103924169765
0.0
0.00360413629738
9.27848112365e-10
3.62544796984e-05
0.0
0.0
8.97384090624e-06
0.0
0.0
0.0
0.0
0.0
0.0
7.501268917e-10
0.0
0.0
0.0
1.20569117297e-07
0.0
0.0
0.0
0.0
4.30148278031e-09
0.0
0.0
9.56366594829e-07
0.0
0.0
3.95139674747e-10
0.0
0.000431117625701
0.0
0.0
0.0
0.0
0.0
0.0
0.0
0.0
0.0
0.0
0.0
0.0
0.0
0.0
0.0
0.0
0.0
0.0
0.0
4.85152179958e-08
0.0
0.0
0.0
0.000110779964994
0.0
0.0
0.0
0.0
0.0
1.05199088525e-07
0.0
1.36218631576e-08
0.0
0.0
0.0
0.0
0.0
0.0
0.0
6.33047305922e-06
0.0
0.0
0.0
0.00353125643031
0.0
5.44692214374e-10
1.43061846014e-09
0.0
0.0
0.0
0.0
0.0
0.000151528209078
0.0
0.0
0.0
3.34525214662e-10
0.0
4.77166337727e-09
0.000431117625701
0.00360413629738
0.0
0.0
0.0
0.0
0.0
0.0
0.0
0.0
0.000165866714966
0.0
0.0
0.0
0.0
0.000165866714966
0.0
0.0
9.1192633151e-05
0.0
0.0
1.14752188348e-06
0.0
0.000576484025833
0.00360413629738
4.30756631851e-12
0.0
0.0
0.0
0.0
0.0
0.0
0.0
0.000110779964994
0.0
0.0
0.0
0.00103924169765
0.000110779964994
0.0
0.0
0.0
0.0
5.71198441367e-05
0.0
0.0
0.0
0.0
0.0
5.6091930397e-07
0.0
0.0
0.0
0.0
0.0
0.0
0.0
0.0
0.00360413629738
8.54252157816e-12
0.000110779964994
3.62544796984e-05
0.0117880793678
0.0
0.0
7.57165360828e-13
0.0
9.49555624963e-08
1.11396920322e-13
0.0
6.93543039704e-07
2.76990515749e-10
0.000127399702822
0.0
0.00103924169765
0.0
0.0
0.0
0.0
0.0
0.0
0.0
0.0
0.000227288823648
0.0
0.0
2.66541774426e-10
0.0
0.0
0.000110779964994
0.0
0.0
0.0
0.0
0.0
0.0
0.0
8.53878449039e-10
3.62544796984e-05
0.0
0.0
0.0
0.0
8.31519257972e-06
0.000576484025833
0.0