500
0.00844897629175
6.7359061653e-16
0.001909931119
7.73861723713e-10
4.81364437052e-06
2.60907822759e-05
0.00222571059521
9.45387743852e-29
4.35837928998e-08
1.13630209604e-08
3.08878410521e-16
1.32420332291e-15
0.00243528815638
1.4160745678e-07
9.18443614731e-08
0.000255711187364
4.94810539227e-16
0.001909931119
5.27028690353e-12
3.80949863979e-13
0.0012127190469
0.0155549674591
7.08192094915e-13
4.57699502532e-08
2.87723414633e-07
4.02004466132e-14
9.84780401523e-19
0.0101387715501
0.00136995601942
0.0163845657236
5.04849173813e-08
0.0161253162659
5.33086237883e-07
0.000301028117935
3.93268789147e-14
6.58394974885e-12
1.55121900847e-18
4.08597781402e-05
3.84335076634e-11
7.42045990602e-12
1.02588316565e-11
8.73955440342e-08
4.20006267882e-11
7.18216940345e-06
5.44748420849e-07
2.73122754922e-06
0.00191691172773
3.22205846019e-06
4.06232890126e-09
5.62523486442e-15
0.0122884242927
6.27688962586e-07
3.54251878806e-07
2.12359560948e-06
3.15800550968e-05
3.30367871068e-08
5.07941364917e-09
0.0134809717979
7.54453331532e-10
0.0161253162659
3.67150570214e-32
0.000122472233542
0.000103731569297
1.23887404996e-07
6.2833328997e-05
0.0163845657236
1.57425401797e-11
6.5954158524e-08
3.38080827449e-06
1.87701338329e-08
0.00184016950724
6.34443829492e-07
2.55458913917e-28
0.000211667247625
3.36514838149e-05
2.01236430881e-07
3.10803706808e-05
2.13205732654e-11
1.5917085873e-09
0.0155549674591
2.44837625101e-05
2.36797735761e-05
1.84488155817e-05
3.09474195032e-12
2.11384553062e-06
0.0161253162659
0.00226149372375
6.13289025594e-12
7.98020966143e-14
3.81843976214e-08
1.57292868736e-11
8.01043149683e-08
2.9260026902e-05
0.0155549674591
0.0122884242927
1.27067509673e-08
1.1416887583e-10
2.8234757909e-05
7.56818297268e-11
5.1381111269e-06
4.78229161646e-07
0.00179688509901
0.000370281479232
5.44283203662e-06
0.0122884242927
4.20111885169e-07
5.24116260226e-09
2.9656385911e-06
2.67597156239e-13
2.14497074445e-09
0.0121847245096
4.20979549786e-25
4.16047828434e-14
2.82702374786e-06
1.63992857384e-32
3.65486624557e-06
0.0134809717979
0.0155549674591
7.08460466839e-08
0.000263785733865
2.67473250524e-06
1.84946879588e-05
2.93984656427e-10
4.24000317919e-11
0.0134809717979
7.37621336239e-08
9.93992275496e-23
6.59738646209e-10
2.04994490935e-10
2.59797138456e-13
0.00011530647278
0.0155549674591
1.58730438069e-11
1.59189298771e-08
3.45750164849e-07
0.001909931119
0.0122884242927
6.0233692351e-13
0.0163845657236
2.83486152038e-12
0.0122884242927
0.00226149372375
3.58496145137e-06
3.01877797682e-06
0.0134809717979
1.3295519602e-07
5.74310170726e-07
5.24738017961e-06
2.91697807589e-06
2.50140233582e-05
3.68904432252e-27
1.87623712632e-06
5.47230895152e-07
5.81220149427e-36
0.0101387715501
1.69977985965e-09
3.2237759249e-16
0.000250357828404
8.20975263947e-10
7.88672734133e-14
1.30239858234e-32
2.22206602838e-29
3.82873951795e-17
0.0122884242927
6.55088154459e-09
0.00112969545196
2.6558573205e-34
2.25930066938e-05
3.4822778152e-06
9.23532184569e-18
0.000197562653566
4.67381512399e-07
4.23579125242e-14
1.40926956874e-10
8.48322002678e-12
0.0101387715501
0.0101387715501
4.57929198842e-05
7.92630016362e-09
0.000941039682973
6.0347225107e-08
0.0101387715501
2.87771884869e-07
7.01372939218e-17
0.0161253162659
0.00154815197477
5.98332298539e-05
0.000301065699708
2.09664904433e-26
2.12416060192e-06
0.0101387715501
3.74749485695e-05
4.72229497479e-08
2.13672215939e-11
5.62132540175e-08
0.00134173171147
0.000276975470954
5.25812415038e-07
2.41975802845e-11
2.41368516443e-05
0.0155549674591
2.0039156086e-13
0.0163845657236
6.65433744425e-20
4.28367311166e-07
8.46826328487e-10
1.67457310817e-12
0.0121847245096
0.000226739316077
7.14917426761e-13
0.0163845657236
2.45164200047e-21
0.0161253162659
2.39886080924e-05
9.96965850828e-08
2.9721821668e-14
5.76926594177e-08
8.54384928991e-07
3.50193198658e-05
3.33909334663e-06
0.00158588724869
1.28151412127e-09
2.35674396203e-05
0.0161253162659
0.00136995601942
1.88480714195e-10
7.40192457887e-09
0.00122304006007
1.46142151506e-10
1.44986968817e-24
6.20367913695e-15
2.76821220753e-06
1.0497256573e-13
3.868308541e-07
0.0163845657236
0.0155549674591
3.46720845268e-13
1.33910855971e-19
1.80544786767e-16
6.24268703516e-22
6.54176772484e-07
0.00222571059521
1.13885539679e-13
4.56796712344e-14
2.96230152379e-05
0.0134809717979
1.80323152585e-05
0.00214698771242
1.75954337379e-18
6.5906219801e-38
0.00198108202219
0.00184016950724
4.22976086169e-16
3.90672618835e-05
4.48534702257e-05
1.20849014593e-10
4.90098728046e-08
0.00132671676627
0.000162426521653
0.000197562653566
3.11987339581e-30
0.000242763785472
8.95185996961e-09
4.54394006262e-13
2.72690195505e-24
0.000263188262075
8.73956783275e-09
6.28374631943e-06
1.5091222197e-13
1.62230829932e-12
1.13264029458e-11
0.00222571059521
3.85879577173e-06
0.0134809717979
5.18985005984e-15
0.0163845657236
0.000112443059119
3.42226348572e-05
1.27808744471e-19
0.000243160890153
0.0163845657236
9.39297584263e-23
1.55970476502e-05
2.34245323565e-07
2.09293768104e-06
8.85069531902e-28
3.90717563118e-06
2.17373888504e-17
4.40039444656e-08
0.0134809717979
0.00209528308413
0.0101387715501
0.000298487796264
0.0155549674591
3.03258761972e-05
9.17617185299e-08
3.06036274397e-11
0.00142555144309
2.84649081061e-05
8.62184887329e-21
5.10364577996e-07
1.75976875675e-05
6.02977854639e-15
1.55236689966e-08
0.00198108202219
3.94350033726e-17
8.85632866365e-08
5.74891408613e-08
4.42592354373e-11
0.0122884242927
0.0155549674591
2.29563659823e-08
1.46717106218e-08
4.67290692183e-11
2.54503843382e-11
0.00022806868307
8.90538562467e-10
4.19896446335e-06
7.05029443617e-09
0.000224561582722
2.28911345102e-13
6.25050721344e-08
4.35789710823e-05
0.000212868710029
1.65706064116e-24
9.63042920429e-12
0.00170590357501
4.49097589506e-05
4.10591379522e-09
1.8232715755e-14
2.34958183379e-06
0.0101387715501
0.00161247114669
4.20375926839e-05
1.1212400505e-13
8.46441692015e-11
1.92694693735e-10
0.0122884242927
0.0163845657236
7.72923481016e-21
5.91567154101e-16
2.92704165001e-05
4.15619263838e-10
3.28719246208e-06
1.08289252904e-10
2.1949561376e-11
8.73674374883e-10
1.74275844667e-11
3.75475720714e-11
1.25145869057e-18
2.70231388994e-11
0.0101387715501
0.00185583052432
4.50142808602e-12
6.61869437817e-27
2.99552055521e-05
1.90358983008e-09
0.0163845657236
1.53051626283e-14
2.77728965296e-05
4.12889937408e-07
2.55858552995e-05
1.93040897908e-15
1.82184917369e-10
0.0155549674591
3.86923663172e-11
0.0134809717979
1.59529498221e-12
4.99341751895e-05
2.29175771852e-13
5.67685579771e-16
5.78892431845e-16
0.00243528815638
8.44997065265e-10
2.14920445132e-11
1.89800852675e-05
4.09095265766e-09
5.59122263191e-06
1.81764851323e-05
3.53779839664e-06
1.35109795938e-09
3.1673572495e-45
7.05215119803e-13
1.07049236305e-09
9.65617302487e-20
3.21044290883e-05
4.68481810238e-06
1.04369154058e-08
4.89091107732e-08
1.93494348872e-09
0.000149933444449
0.000226017570849
1.06287798104e-10
2.92704165001e-05
1.09094449209e-21
0.00214698771242
0.0161253162659
3.64283400704e-11
2.72566220906e-34
1.87164571802e-05
2.72300723855e-06
0.00209528308413
1.46223459788e-05
5.8064987666e-09
2.71326827172e-21
1.84269548901e-11
1.0856678113e-47
0.00191101159697
5.76495207188e-09
4.93487200647e-06
1.08177359485e-13
1.90677627418e-05
7.34532677288e-12
4.73747911149e-06
3.18535657347e-20
4.92723366255e-07
0.0155549674591
5.08771123899e-07
3.61221614405e-06
3.61028724393e-06
0.00017766195783
2.34444463583e-06
1.097987791e-09
3.01210161501e-11
0.00168180704139
1.13590470664e-10
0.000220223267174
2.67352958428e-16
5.68036992283e-05
0.000187374204858
0.00214698771242
6.91122519872e-16
0.0101387715501
3.33373333232e-05
7.91248444069e-26
6.90827100372e-09
3.69370830597e-05
2.94549638204e-09
3.85327267941e-14
0.00168180704139
0.00120935336002
1.79811466523e-14
0.00179688509901
2.95019002477e-07
3.03036609513e-05
0.0134809717979
2.05381246241e-05
6.27075437117e-07
2.52344437918e-24
5.39398818423e-07
5.75700921547e-07
0.0155549674591
0.0101387715501
2.83640671656e-13
0.0163845657236
4.35567871039e-07
0.00844897629175
4.07000606355e-06
0.000184255345386
5.29245550477e-11
4.83849158738e-09
0.00154815197477
0.00198108202219
3.02163378881e-08
0.00169612029281
0.000168907287199
2.90117875113e-05
1.33156089476e-12
2.783925444e-19
9.93433047227e-19
0.0122884242927
3.83357486841e-05
0.000350899032355
7.54081528144e-09
0.0155549674591
1.04173460994e-08
0.0134809717979
4.7295424801e-11
2.53067696402e-14
0.00165621005071
0.00133629113376
3.7997234297e-07
9.57461298682e-27
0.0122884242927
5.30825620743e-08
3.01512757825e-12
2.26308382787e-06
0.00160491754718
2.86699169282e-05
2.28134034095e-07
2.46965798017e-45
1.23824771643e-11
0.00222571059521
0.00129247683342
4.66234420566e-06
2.82699888674e-05
0.000190287441987
0.00122304006007
3.96025672773e-06
1.22530445701e-09