500
0.00411852741949
0.0173397430025
3.33302371218e-10
0.0
0.001752598983
0.00763622861022
0.0349923164199
2.94640941967e-09
0.0349923164199
0.00840422686545
9.15725341996e-05
0.00204085394478
0.0
0.0031820951794
8.94493829081e-08
0.00416454664597
1.13144411871e-05
0.0
0.000806690910061
0.0
0.00543595568028
0.00543595568028
0.0
0.00162793552211
0.0154102242315
0.000223656144781
0.000382455177409
0.0
0.0
0.00411852741949
0.0
0.0
0.0
0.00840422686545
0.00411852741949
0.000647528749299
0.0081085391806
0.0
0.0163633664392
0.00840422686545
0.0173397430025
0.0
0.00500766921095
1.27301300667e-11
2.67393799916e-06
0.0
0.0
0.000597858691735
0.0
0.00840422686545
0.0055592872954
0.000185829079298
0.0
0.0349923164199
1.92827947818e-09
5.83395896407e-06
3.22557900798e-09
0.0142001552736
0.0
0.0
0.0
0.0
1.90711968275e-16
0.0
0.0
0.0349923164199
0.0349923164199
0.0142001552736
0.0142001552736
0.0
0.0
0.0163633664392
0.0031820951794
7.27174826388e-06
0.0
0.000293614087182
0.000806690910061
6.54128389721e-09
0.0349923164199
8.82632971057e-11
0.0
0.0154102242315
0.0163633664392
0.0
3.35856326798e-07
0.0
2.26758258424e-05
0.00051007553247
0.00105204324286
0.0
0.0031820951794
0.00155312476406
0.00500766921095
0.0081085391806
0.0349923164199
0.00763622861022
0.00146619566022
0.00840422686545
2.68762618878e-06
0.000192213792279
1.326795035e-10
0.0154102242315
0.0349923164199
0.0349923164199
0.0
0.00500766921095
0.0349923164199
0.0163633664392
0.00840422686545
3.71983254398e-05
0.0
1.89083883702e-05
0.00657795163763
0.00840422686545
2.38253819876e-05
2.89715773899e-07
0.0
0.00155312476406
8.22024186311e-07
0.0081085391806
0.0
1.74774866504e-12
0.0154102242315
1.77993497567e-11
5.14609430635e-06
0.00051007553247
0.0
0.0349923164199
4.24669768425e-22
0.0349923164199
0.00155312476406
0.0
0.0
0.0
0.00170806382768
2.66488923916e-05
0.0
0.0
4.15134192311e-05
0.00170806382768
4.16934841773e-09
1.7555487016e-05
0.0173397430025
5.83936512172e-07
2.22909316742e-07
8.76445401751e-07
0.0
3.26259058052e-07
0.0163633664392
0.0142001552736
5.98240205935e-07
1.16873732765e-06
0.00200908566717
0.00087899020463
1.02716518119e-05
1.02275840657e-06
0.0
0.000211719002322
0.00155312476406
0.0081085391806
0.000352354110546
0.0132745776605
0.00155312476406
0.0
0.000116584772988
0.0
0.0
4.74537879478e-06
0.0
3.08590887763e-05
0.0142001552736
0.0132745776605
0.0
1.31065322329e-08
0.0349923164199
0.0
0.0055592872954
0.0163633664392
0.00221018101771
0.00334334714348
0.00500766921095
0.000305088056645
0.000326322471589
0.00657795163763
0.00087899020463
2.78182989195e-08
4.13651278964e-06
0.0
0.00657795163763
0.00763622861022
0.0
0.0
8.47850167451e-09
0.0
8.22929759337e-06
0.0349923164199
2.44002628356e-06
0.00416454664597
0.0081085391806
0.0154102242315
0.0020687488787
0.00840422686545
0.000850005598661
5.34942728956e-16
2.05665870599e-05
0.0
0.0349923164199
0.00204085394478
0.0
0.00157682366489
0.0
0.00121918261593
0.000111247877514
3.81454195491e-05
1.00416367428e-13
0.0154102242315
0.0
0.000339182000491
1.86455624553e-07
0.0
3.24470550615e-06
0.0349923164199
3.59160787369e-10
0.00155312476406
8.22101851304e-06
0.0142001552736
0.0
0.0163633664392
1.32186886467e-10
0.00170806382768
0.0173397430025
0.0
0.0
0.0
0.0154102242315
0.000710843863515
4.50386942945e-05
0.00416454664597
0.000161702578514
0.0142001552736
2.06732878834e-09
0.00051007553247
1.27030838001e-06
1.62181131754e-11
0.0
0.0
0.000572718198249
0.0
0.0154102242315
7.4635099307e-09
0.0031820951794
0.000174602036899
0.00840422686545
0.0
0.0349923164199
0.0163633664392
0.0
0.0349923164199
0.0349923164199
3.71983254398e-05
0.0154102242315
0.000221775571459
0.0163633664392
0.0055592872954
1.37749793414e-09
0.0163633664392
0.000208454376488
0.00078941083681
0.0020687488787
0.0
7.42370408836e-09
0.00840422686545
2.92128444249e-06
1.18483543023e-06
1.13668193526e-06
0.00155312476406
6.37319687065e-06
6.37319687065e-06
0.0163633664392
6.51960275004e-08
0.000129868516291
0.00114712992477
0.0163633664392
9.78713300639e-06
0.000203532512734
1.23234460308e-09
0.0
0.0154102242315
0.0
0.0
8.9199062246e-09
0.0
1.37990455488e-08
3.19102266425e-08
0.0132745776605
0.0349923164199
0.0
0.0
0.0154102242315
5.04862895916e-06
0.0
0.00334334714348
0.00543595568028
0.00763622861022
0.0
0.0154102242315
0.0163633664392
0.0020687488787
1.65455490836e-08
0.0
2.43958885745e-08
0.0
2.92128444249e-06
0.0055592872954
1.23860182375e-07
0.0
0.000162475491415
0.0020687488787
7.96878065204e-07
0.00763622861022
0.0142001552736
0.000868465396428
7.85946627304e-06
0.00840422686545
0.0
5.53514040684e-05
0.0142001552736
7.14015520934e-19
0.0
5.89842604819e-05
1.38394198545e-11
0.0154102242315
0.000211719002322
0.0055592872954
0.0
0.00162793552211
0.000524832842277
0.00543595568028
2.90745641137e-15
0.0
0.00411852741949
0.0349923164199
6.21036444088e-05
3.71619625766e-08
6.8288029024e-11
0.0349923164199
3.24894367316e-05
1.25433602259e-06
0.0
0.0132745776605
0.0349923164199
3.88463278495e-08
2.80627038379e-08
0.0349923164199
0.0
1.29093415672e-07
0.000572718198249
0.0154102242315
2.9241025733e-12
0.0
0.0
2.05711451618e-05
0.000647528749299
9.37048760802e-05
0.0055592872954
0.0349923164199
0.0154102242315
1.02848938341e-07
0.0163633664392
0.001752598983
0.0154102242315
0.000647528749299
0.00157682366489
1.86169148643e-05
0.00411852741949
0.0349923164199
9.86352023799e-05
0.0
0.0142001552736
0.0
0.0
1.0486560497e-09
0.000437375584861
0.0132745776605
0.0118823180085
2.36043669475e-06
0.00334334714348
4.2262096512e-07
3.27205578849e-12
0.0
0.0
2.24337124723e-10
0.0
0.0
0.0
0.000321361122084
0.00155312476406
0.0
0.0154102242315
0.0
0.00032086992941
0.0081085391806
0.0
0.0
7.12337750091e-05
0.00543595568028
0.0154102242315
1.45565355692e-12
0.0154102242315
0.00840422686545
3.11267714933e-15
0.00162793552211
6.87453161054e-05
0.00763622861022
0.00411852741949
0.00269367918767
0.0132745776605
1.13598056556e-07
0.0154102242315
0.0
0.00416454664597
0.00840422686545
4.38509339326e-10
0.00840422686545
1.0725756245e-07
1.64489695839e-06
1.54102112804e-05
0.0
0.0
0.000339182000491
0.0163633664392
0.0
0.0
0.0
9.52477029431e-05
1.67180407052e-10
0.0
0.00543595568028
0.0
0.0154102242315
0.000850005598661
1.76632972435e-05
3.33941829119e-10
2.22634917381e-17
0.0154102242315
6.87865460583e-12
0.00500766921095
0.0132745776605
1.74515981018e-06
5.20491318845e-11
0.0
0.00416454664597
2.21464955985e-13
0.0154102242315
0.0349923164199
0.00019659965292
0.0349923164199
3.15230926585e-06
4.25741385667e-07
6.55977795032e-07
0.0081085391806
3.80932508188e-16
1.86169148643e-05
0.00146619566022
8.85967084853e-12
0.00500766921095
1.28151612087e-05
0.00763622861022
5.95671064053e-05
1.89500378192e-07
0.0
1.43756228427e-10
0.000294160048622
0.00269367918767
0.0154102242315
0.0
0.0
0.00155312476406
0.0081085391806
7.17353481093e-08
0.0
0.000157162356533
0.000208454376488
0.00543595568028
0.0
2.57961975475e-05
0.00500766921095
0.000647528749299
3.07932158827e-18
3.01792453959e-10
0.0142001552736
0.000192213792279
0.0142001552736
0.000339182000491
0.00763622861022
0.0154102242315
4.76666893543e-11
0.0
0.000806690910061
0.00155312476406