500
0.119418262475
0.00853660392291
2.71912395822e-05
0.00055748827191
8.25304064114e-05
3.76787403075e-07
0.119418262475
3.4149387632e-16
0.119418262475
7.855380882e-21
4.39763606763e-07
0.00523247579909
0.00504590925646
0.0372250176797
0.119418262475
0.00853660392291
1.96277780507e-07
8.92914358871e-05
0.0372250176797
1.42763698011e-08
0.00430852339127
1.89489179219e-11
1.85848285013e-07
4.53527694666e-08
0.000816690033929
2.32675545311e-07
1.6215115942e-10
1.76257455652e-06
7.84107662791e-12
9.39356129153e-05
0.119418262475
0.00523247579909
0.00351975829764
0.0372250176797
0.00430852339127
0.0248925782185
0.119418262475
0.119418262475
0.119418262475
2.48821249653e-05
0.00853660392291
1.30355633358e-09
0.00384176598541
0.00323852600832
4.8948463758e-12
0.00430852339127
0.000105150198561
0.119418262475
0.0126937207361
9.23306189329e-10
6.9472449769e-11
0.000159273754236
1.47923028534e-05
0.119418262475
0.0222546356871
0.00387954015061
0.0010021357251
0.119418262475
3.31372522212e-13
8.6381646309e-12
9.75683062719e-06
5.08409026097e-12
2.23597473948e-05
0.0017249375241
0.000589967241917
1.51955270347e-05
0.00239609100409
0.0222546356871
9.01566552311e-05
0.00430852339127
0.0
0.119418262475
0.0222546356871
0.00387954015061
9.3535584907e-12
1.68673212823e-13
0.119418262475
0.119418262475
3.84957021725e-12
0.000365076459208
0.000688152657604
8.92853473291e-16
4.37193619126e-06
0.0126937207361
0.119418262475
7.30525691591e-07
0.0372250176797
0.119418262475
3.94718738767e-05
1.03466140481e-08
1.59013834621e-06
6.1966959632e-05
1.40179949962e-05
0.119418262475
2.78407651313e-05
0.0
2.52354280086e-06
0.0126937207361
3.19493647653e-05
0.0222546356871
4.53502784782e-06
0.00417415228038
3.28459826368e-06
9.44730501035e-10
0.00345989575522
1.53919422122e-07
1.2878826774e-10
5.4868876571e-08
0.119418262475
1.93882259932e-09
2.89668119995e-08
6.69913531107e-05
0.119418262475
8.55078222153e-05
2.26959095092e-05
0.00285822611656
0.000589967241917
0.0030178404227
3.07139223846e-05
2.6174835734e-08
0.0126937207361
5.98793532556e-14
0.119418262475
0.00745230100909
3.52224039637e-34
2.4761111532e-12
2.26162315557e-15
4.04304316175e-07
4.1473888107e-05
0.000495114958755
0.119418262475
1.17365323643e-19
2.50646469276e-09
0.119418262475
0.00580409821551
3.37395416477e-07
9.10377838428e-05
0.119418262475
8.5816425976e-11
0.00384176598541
0.119418262475
0.119418262475
6.09542615621e-08
2.11275434168e-12
1.25194506533e-10
3.08455061134e-09
0.00853660392291
1.05690027966e-07
2.6118121316e-09
0.119418262475
0.0126937207361
0.00123464464339
0.00275575017214
0.119418262475
7.03860085667e-06
0.119418262475
7.45315306391e-09
0.0126937207361
0.00404968556418
5.11535233394e-10
6.66434953993e-05
1.73984880838e-06
2.41344053371e-06
0.119418262475
0.000484095201758
0.00153710313649
0.119418262475
4.47144929533e-07
0.00351975829764
0.000868270657479
0.119418262475
0.000452724397557
2.29818629652e-09
0.0222546356871
3.98858304504e-08
0.000127595264749
2.73582170287e-09
0.0372250176797
0.0372250176797
0.119418262475
0.119418262475
8.37746089485e-09
0.00745230100909
0.0
0.00188195400828
0.119418262475
2.70239736275e-15
2.28922699189e-07
1.46509623677e-08
0.119418262475
0.119418262475
0.000132256237013
0.000642814122733
9.70012959722e-06
3.75730935388e-06
0.000647550615267
9.12854451706e-05
2.11396240713e-06
2.34964301968e-06
0.119418262475
0.000182640162102
6.79128047643e-05
0.00364028910877
0.000105199890358
0.0372250176797
0.119418262475
0.119418262475
0.00275575017214
5.61082335144e-06
7.6950768983e-05
0.001228677153
1.22847917602e-06
0.00155229455342
0.119418262475
2.89332634693e-05
1.03860468202e-06
3.85797194307e-12
0.00853660392291
4.34846197764e-08
0.0126937207361
2.46720499907e-23
9.32327234865e-08
9.78268572837e-08
0.00476196341617
3.37818590236e-12
2.37847429724e-05
0.119418262475
1.99450875525e-08
0.0222546356871
0.119418262475
0.0222546356871
0.00504590925646
0.00476196341617
2.05670644979e-11
0.000688152657604
0.119418262475
1.18452613108e-07
0.00386958962342
0.119418262475
3.79047651346e-07
0.00386958962342
2.47201909363e-06
0.00323852600832
0.119418262475
4.93756154466e-16
0.119418262475
2.62356691683e-08
2.53376462039e-05
1.090567583e-07
0.0372250176797
0.00364028910877
0.119418262475
0.00188195400828
0.000495114958755
1.53232711707e-09
0.0248925782185
5.12779144557e-06
0.000715924109359
1.15260449694e-08
5.86172674366e-06
0.00275575017214
0.0372250176797
0.000816690033929
0.00745230100909
0.119418262475
0.00523247579909
8.82875010198e-07
1.05314651793e-07
3.41320730596e-10
1.01079823113e-05
0.00386958962342
2.49190686882e-16
0.119418262475
0.119418262475
5.04839279584e-11
0.00128073327749
0.00523247579909
5.36300425669e-07
4.81619146399e-05
0.0248925782185
0.119418262475
0.0222546356871
5.25252742561e-22
9.98101328406e-09
6.83223444674e-05
5.50911496457e-08
0.00523247579909
2.94743691771e-06
3.24802597225e-05
1.16028773343e-05
6.39554521817e-08
1.05632375468e-05
5.41885279552e-08
0.000112211138167
2.61353743425e-09
7.16033721112e-07
1.34337372246e-07
1.01709373338e-12
1.7488128067e-05
2.34395878154e-05
1.60939290349e-05
0.00417415228038
1.55214332619e-16
1.63391016357e-07
0.119418262475
1.61182377822e-09
0.0222546356871
0.119418262475
6.50014910151e-18
0.119418262475
1.33944692238e-12
2.26081215585e-07
3.25670892826e-12
0.119418262475
0.00253459065699
4.45205411693e-05
9.22182166762e-08
0.0030178404227
2.52824878706e-05
0.000161150978813
0.119418262475
2.17217043446e-06
8.27320660168e-09
0.119418262475
0.119418262475
5.97775862525e-05
0.00580409821551
0.00275575017214
3.00032753623e-07
2.15302862207e-08
1.27855690799e-09
0.000202247318861
3.78033388901e-11
0.00128073327749
0.00323852600832
1.2667066037e-05
3.21354811643e-09
0.00323852600832
0.0222546356871
0.0
6.0922596914e-17
6.3902200557e-06
3.55921024063e-06
0.00203925669604
0.000182952543347
0.0372250176797
3.061166415e-10
0.0372250176797
0.000653607143103
2.08095403975e-07
2.15037730564e-20
0.119418262475
0.0015793407919
3.76066432843e-05
1.00622631097e-08
0.00323852600832
2.10926140056e-07
4.86895605816e-06
0.00580409821551
1.40164169208e-05
0.00404968556418
0.0222546356871
0.119418262475
2.48453901502e-05
0.119418262475
0.000662676854348
0.000113065120161
2.25188528893e-09
1.4207153378e-12
0.119418262475
3.6253168007e-20
2.33829137717e-11
0.00404968556418
0.119418262475
0.00104323615741
3.15965136737e-06
1.97873294416e-11
0.0222546356871
0.0372250176797
1.44149840241e-06
0.119418262475
6.21634741411e-15
8.52778342649e-09
2.95202729713e-13
0.119418262475
1.9926490133e-05
0.0372250176797
9.57576235617e-12
1.78268697582e-05
9.08300183734e-05
0.119418262475
0.000668667081795
0.0
0.119418262475
0.119418262475
0.119418262475
5.62773058456e-09
0.000864535418505
0.119418262475
0.0126937207361
0.119418262475
1.8016781126e-10
4.29255231849e-14
0.119418262475
0.0222546356871
0.00417415228038
2.64110108716e-08
0.0248925782185
0.0248925782185
0.119418262475
1.80485301444e-14
0.00128073327749
1.44034726341e-10
0.119418262475
0.119418262475
0.119418262475
3.79317435005e-09
3.27148679476e-16
8.59060245128e-13
1.53098361581e-07
0.119418262475
3.82230178934e-11
0.000195999511205
3.25166920001e-07
0.119418262475
9.66312731359e-11
0.000278367380949
3.59522275603e-06
0.0372250176797
2.35785778373e-05
9.57970783354e-08
5.70823732147e-10
0.000846276813175
7.26513068092e-05
0.00187542534182
0.0222546356871
0.000175287927589
1.84586511063e-10
7.29066092974e-13
1.44758392724e-09
4.88810283617e-08
0.0372250176797
0.119418262475
1.86245087169e-06
0.119418262475
9.99741890635e-05
1.93487073105e-06
3.07702884469e-06
3.23778737355e-05
0.0222546356871
0.0018262284771
0.000543671606617
0.00351975829764
0.00239609100409
0.119418262475
0.00188195400828
1.00813863304e-15
1.24660815251e-11
5.99688844559e-14
1.16236189225e-22
2.91049820538e-10
0.000202412574431
0.0372250176797
0.000662676854348
1.01939540835e-12
4.36798474372e-08
0.0372250176797
0.000157070875334
5.69544201607e-05
0.000725724569756
1.59231772179e-12
1.891086648e-07
1.04201505157e-06
0.00745230100909
6.17932723071e-11
2.84920550234e-09
0.119418262475
2.54698291718e-07
0.00098319810135
0.0222546356871
8.53387967948e-06
0.000114704507781
0.119418262475
6.53755770401e-06
5.53987880498e-06
0.119418262475
9.76508160929e-06
0.00523247579909
0.000138700768275
3.1153874202e-06
0.119418262475
0.00387954015061
0.00476196341617
1.85915088452e-07
2.42825585008e-07
0.00504590925646
0.00476196341617
0.119418262475
0.119418262475
0.00364028910877