500
1.38513805022e-24
8.70248817029e-37
8.32330525804e-06
1.71129935873e-25
3.69843587117e-30
1.53039697431e-09
0.000123514415386
1.5159450832e-12
9.33423398524e-27
0.000194591201857
7.97573412005e-10
1.28226849131e-23
5.39631934481e-05
2.48219933009e-13
2.01431490292e-19
1.89466554814e-167
1.02292792287e-65
1.86665501208e-23
7.88382282755e-18
2.24865894734e-05
2.79421034477e-14
3.87093371213e-26
4.69922885414e-22
1.59460475792e-46
4.03180261085e-07
5.52831510154e-139
3.11666048354e-41
1.04585107187e-17
4.53448744283e-39
2.76458371022e-19
6.78388898117e-22
2.05865134556e-22
1.60185928714e-53
2.58622987997e-19
5.76933431336e-61
4.11881276051e-95
1.01219536493e-14
3.54538530614e-13
6.55713584891e-11
6.77680080513e-08
0.000385463613334
7.83366580321e-23
5.26468532415e-06
5.15944913142e-06
1.01669878798e-31
1.10398819818e-05
2.65566419132e-86
8.26065832266e-11
2.02083026563e-68
0.00386855670103
1.68857567016e-06
5.89163959101e-41
7.3485376243e-13
6.61363420354e-23
7.29577368765e-13
2.5098476847e-34
4.07941638132e-20
3.55198259901e-19
5.35417386495e-07
1.55476173215e-15
1.46307543267e-21
2.14088028878e-08
1.56709904719e-34
2.76002848371e-36
4.2007604597e-32
1.84912667424e-08
1.3641460225e-10
3.47052941892e-08
8.32330525804e-06
2.39983076316e-06
7.1706012065e-47
2.72534396111e-15
5.58658526381e-06
0.000385463613334
1.49105949907e-08
4.66739338721e-58
5.94394214217e-13
1.15722735114e-43
4.08180164328e-12
1.5674206408e-71
3.38733981454e-69
1.56549153191e-20
1.26572164607e-12
0.000213281754717
4.04605337026e-53
0.000189151246791
5.49664833037e-19
1.5857816293e-08
1.02776150811e-34
2.81486769561e-17
1.07985708367e-09
2.22800876231e-30
8.9678434723e-37
9.70507162287e-16
1.2680303407e-27
4.17559247939e-25
1.17009226779e-32
1.21765136856e-06
3.94246499745e-36
6.88633113614e-13
1.33381036421e-30
1.02478039986e-05
2.94890063151e-28
1.23397862089e-36
1.3089801318e-12
1.27922405544e-06
0.000314386228617
2.82820735608e-12
0.00171612665685
7.62897232467e-07
1.71325053164e-23
3.61814528939e-13
3.95729573807e-08
2.53419576439e-17
5.64681087663e-116
9.37179846947e-06
1.39820819026e-69
6.34234959702e-77
1.84280735243e-16
1.16081844675e-34
1.7890994184e-29
5.8871011897e-09
2.59999621859e-10
3.40639947569e-11
6.70809724331e-17
9.89585922199e-17
3.93093965122e-43
2.28467850962e-07
6.90966340629e-34
4.60355692872e-66
1.58619409256e-05
1.15433940776e-32
1.12827333174e-09
2.57181162068e-15
4.87164895121e-37
1.26404459552e-27
7.25401645139e-50
7.04869478256e-82
8.75926197464e-26
2.58095470197e-11
2.21778524884e-35
0.00331590574374
2.88466233185e-20
1.55832927463e-13
1.75510001946e-11
5.93295693378e-12
2.43132873996e-39
1.57119693191e-30
7.50558884287e-36
0.00022908002246
3.03473204812e-18
1.69832397937e-07
4.01984862605e-11
8.54664685673e-19
1.49566883552e-20
3.43345592963e-16
8.94124799606e-08
6.64337824534e-18
7.01548257392e-15
1.08760585007e-08
2.82809337387e-23
4.53821456728e-14
0.00386855670103
3.00400892144e-42
3.53670094651e-17
1.02478319749e-09
7.16163789871e-50
0.000385463613334
1.0345223606e-23
0.000385463613334
1.17769006497e-21
3.10283972778e-201
2.92467198748e-18
3.80616867636e-21
0.000194591201857
3.39903542639e-46
7.35096723966e-43
8.56459820624e-10
7.84999692388e-12
3.03191929296e-54
8.90781526719e-37
1.57791949207e-15
2.46332061338e-08
1.82044294665e-08
1.72081439953e-15
2.97581154527e-08
1.02077620824e-60
1.66420178691e-14
4.03691879773e-09
0.000177702928562
1.93039541379e-38
3.22043968231e-07
5.32607954625e-39
4.70864061414e-84
1.12443325033e-26
5.49949484985e-18
1.66150103798e-19
7.03348060859e-07
6.70343042529e-17
7.37049691777e-28
2.97486793046e-67
1.37912963409e-05
1.18320314014e-67
5.00990046693e-09
9.96279982637e-06
2.58459996076e-24
3.71951878793e-31
2.65530399726e-83
1.96807825675e-41
1.94419060228e-05
2.78658139718e-67
1.76632153052e-10
2.40089061273e-52
1.87684205842e-26
8.50657863878e-57
3.80493296955e-28
3.29472273604e-66
6.61914021351e-17
3.22309459916e-06
6.15377370904e-16
2.79124910594e-08
8.06202566691e-38
7.12858157024e-07
8.21776987072e-33
2.35018988722e-27
3.31635212524e-10
0.000385463613334
7.31261016142e-07
1.13991027076e-06
0.000194591201857
0.000385463613334
2.62503717379e-34
5.98105292462e-20
2.8001367735e-17
3.25623606658e-28
4.19019268727e-10
2.34421632653e-54
0.00331590574374
3.9801783923e-29
2.34127266363e-17
2.13565427004e-19
3.10112618713e-18
1.9703451842e-42
2.42268588551e-32
1.36377879363e-34
1.52177780543e-47
3.01319493046e-56
2.00947328602e-19
4.93010705378e-07
1.8266974713e-23
1.69194650718e-13
2.99816120667e-29
1.18065347049e-37
0.000189151246791
6.55274207481e-17
1.15774614558e-11
1.23547385091e-31
6.52576008417e-11
3.85347367807e-15
2.75412759774e-07
7.24648928268e-66
1.75688868078e-16
5.38517240996e-20
0.000317203125943
1.3462994334e-25
8.80440725589e-22
5.19346873412e-46
3.63319631684e-29
2.20017554226e-25
2.87563799814e-12
3.01336933325e-09
5.90487019063e-39
0.00386855670103
1.44318644163e-35
1.11660911076e-26
2.9886474986e-09
0.00331590574374
5.80912499125e-43
1.70174350141e-23
1.36607378209e-20
4.25866947e-71
7.21788958535e-58
6.68378722699e-51
4.55392858318e-38
1.384884134e-16
7.4930163556e-17
0.000194591201857
7.28249586822e-07
4.1203070938e-16
4.9759005181e-10
4.05717023321e-36
0.000177702928562
9.80787190198e-06
9.04859182026e-44
1.06018287302e-29
1.39722534893e-17
6.89378493594e-23
3.94366569708e-13
7.78065497709e-27
4.74622709031e-29
1.56295882332e-14
7.58201453048e-33
2.01706306082e-20
1.23631679654e-33
9.64004255359e-21
1.34703871436e-17
8.45312878607e-16
3.58633295617e-25
1.25120668474e-20
5.2008740708e-16
9.01664199654e-54
3.20220193858e-60
2.84619475211e-42
6.34764173991e-10
1.39244293921e-88
1.94145357664e-30
6.38016824845e-62
6.80885999434e-29
2.57844417858e-19
4.70200370662e-07
2.60249150308e-09
5.75378925425e-22
2.32285706882e-06
1.80017326536e-41
1.67058202658e-08
2.63179421041e-48
2.48114777383e-30
1.63888119986e-09
1.15633782308e-07
2.27682267509e-18
1.19142615319e-11
5.81467043771e-31
2.24259849819e-08
7.14690354283e-11
6.0451405037e-14
2.10726607014e-25
3.77032440566e-15
2.48156006812e-33
1.98777103806e-23
9.27585487629e-12
7.43763541014e-06
1.21324426877e-50
4.77799947808e-38
6.34072153823e-07
2.75287738024e-12
6.44643833726e-43
5.08921108411e-28
4.91454298992e-41
1.64792545269e-05
3.9913788266e-19
5.98212265935e-18
8.86208956183e-21
8.18540716059e-09
3.85764767737e-08
2.11041859659e-08
1.73993130694e-32
5.81386294728e-11
5.66464249031e-16
3.11089479235e-52
1.88361926345e-05
2.12796374573e-10
1.39174170986e-14
1.46135856366e-09
1.06340785446e-42
1.08394865166e-07
8.41914350934e-07
4.27262069879e-08
0.00171612665685
6.46763948214e-35
4.31478373946e-79
7.34930227107e-51
7.15055828988e-50
0.000189151246791
2.78979979807e-22
8.87252247809e-36
1.07607679507e-38
5.39631934481e-05
9.77432581225e-61
3.64186841876e-24
1.29909411428e-28
4.1062579835e-30
4.30865943659e-26
5.1274941191e-44
3.16563341183e-49
0.00386855670103
0.00386855670103
9.38891044261e-10
1.88307768139e-25
4.61154623184e-25
1.57161265914e-05
8.40581834385e-27
3.59414310203e-25
1.20757413303e-54
0.000380944460087
3.11833215034e-58
4.46295872746e-27
9.08760257721e-19
8.63984486763e-63
2.69053128875e-28
3.34067577316e-11
4.46539582882e-50
1.1522356254e-10
8.92098900522e-89
7.04861109864e-48
2.25179402864e-25
4.71913273187e-55
2.13229747723e-20
2.24745636555e-42
3.06278889296e-58
1.29484150607e-24
5.61839317747e-19
3.54317920633e-15
0.00386855670103
6.25846301209e-25
1.41633144903e-30
3.8621198908e-30
2.14440399754e-08
6.38701797941e-45
1.35114165192e-14
1.27683280442e-24
2.57721447128e-16
6.39832211961e-71
2.33742594364e-42
7.82732881705e-07
9.28546101476e-08
1.33757829376e-05
0.00022908002246
3.67918536428e-25
1.50753880077e-26
1.56836968849e-05
2.72474652428e-24
7.19914768682e-07
1.90732685643e-68
2.22884993266e-29
3.68426348486e-32
1.428808436e-08
9.50108545398e-06
3.31826678299e-33
2.84185008806e-24
0.00022908002246
1.32264506082e-17
2.24865894734e-05
0.000189151246791
0.00386855670103
6.95043937808e-41
0.00386855670103
4.14010893044e-60
1.23038181127e-24
1.10641297926e-11
1.33757829376e-05
5.71761763521e-27
8.32330525804e-06
1.54943905516e-29
3.40250351344e-19
0.000140718078132
1.36086960528e-06
1.01314989942e-14
5.20606419325e-50
3.59066525459e-29
2.27506364545e-54
0.000385463613334
2.29425609935e-45
2.70345794639e-27
3.42491348392e-10
1.28015320045e-27
1.75754168832e-09
3.79157982501e-33
5.3341187889e-25
4.01530028272e-21
1.88540698331e-14
7.06018526023e-42
3.86591442317e-13
9.01691402954e-06
1.51698381169e-22
5.12274177836e-07
2.88635869242e-08
7.22651109784e-17
2.63487670775e-31
2.39894324338e-69
1.37720332028e-64
1.20267970973e-08
7.85011058077e-68
5.08170886178e-31
5.22148111896e-15
1.37210150909e-20
1.10289063835e-05
0.00331590574374
1.44958041907e-05
5.28421489432e-42
0.00401399116348
1.14739525795e-16
8.69332135828e-25
0.00171612665685
0.000385463613334
1.13455285273e-14
0.000189151246791
8.9257475895e-55
6.79412990088e-10
7.31286667783e-94
4.23724721646e-11