500
0.0
0.0
0.134363739351
0.0
0.134363739351
0.134363739351
5.77959034552e-05
0.00898015826193
0.0431709468501
0.00969316366884
0.134363739351
0.0463636611681
0.00136367976167
0.0
0.0
3.42036138536e-05
0.0
8.99233291981e-05
0.00151611085565
0.00526461870495
0.0109731562643
0.134363739351
0.0431709468501
1.03853796764e-05
0.0
0.0
0.134363739351
1.01138128165e-07
0.0
0.0109731562643
0.0
0.134363739351
0.134363739351
0.00830614907143
0.0109731562643
0.0
0.00302705698511
0.134363739351
0.134363739351
0.134363739351
0.0
0.010477332417
0.134363739351
0.0463636611681
0.0
0.134363739351
0.0463636611681
0.134363739351
0.134363739351
0.0
0.00302705698511
0.0
0.0
0.134363739351
0.0431709468501
0.0
0.0463636611681
0.0
0.0463636611681
0.0431709468501
0.0463636611681
0.000286479292458
0.134363739351
0.134363739351
0.0
0.134363739351
0.003042059273
0.0431709468501
0.010477332417
0.134363739351
0.134363739351
0.134363739351
0.0431709468501
0.00122147345264
0.134363739351
0.0109731562643
0.00165987751518
0.0431709468501
0.0463636611681
0.134363739351
0.134363739351
0.0
0.00405061500566
0.00121514340033
0.000546332700619
0.0
0.134363739351
0.0
0.134363739351
0.0431709468501
0.0
0.134363739351
0.134363739351
0.134363739351
0.0
7.44017128251e-05
0.0
0.134363739351
0.000714559504644
0.0
0.0463636611681
0.0463636611681
0.0
0.0
0.0
0.0
0.0
0.000241371482266
0.000607995944822
0.0
0.134363739351
0.00526461870495
0.0
0.000483807805964
0.00898015826193
0.0
0.00526461870495
0.0
0.00243093269521
0.0
0.000473429237758
0.134363739351
0.00898015826193
0.000485031369783
0.00898015826193
0.134363739351
0.00526461870495
0.000291811279209
0.0
0.134363739351
0.134363739351
0.0109731562643
0.00089415979474
0.134363739351
0.0
0.00969316366884
0.0
0.00526461870495
0.00243093269521
0.00015259067315
0.134363739351
0.0
0.000168636058221
0.0463636611681
0.0
0.00405061500566
0.0
0.0
0.000574950188872
0.00830614907143
0.0
0.134363739351
0.0109731562643
0.00122147345264
0.00898015826193
0.134363739351
0.0109731562643
0.0
0.00243093269521
0.00136367976167
0.134363739351
0.0463636611681
0.134363739351
0.134363739351
0.0
0.0
0.134363739351
0.0
0.134363739351
0.00526461870495
0.0109731562643
0.0109731562643
0.000241371482266
0.0463636611681
0.134363739351
0.0431709468501
0.0
0.134363739351
0.0463636611681
0.0431709468501
3.2857194947e-07
0.0
0.134363739351
0.0431709468501
0.000454239903413
0.0
0.134363739351
0.0
0.0
0.0431709468501
0.0
0.0
0.0463636611681
3.85142997762e-06
0.00216803194625
0.00526461870495
0.00898015826193
0.0
0.0
0.134363739351
0.134363739351
0.00969316366884
0.00526461870495
0.00331934582274
0.00242348098847
0.134363739351
0.00136367976167
0.00056996847546
0.134363739351
0.000662294899331
0.000339441356827
0.000483807805964
0.0
0.000607995944822
0.0
2.81439740631e-07
0.0431709468501
0.0463636611681
0.0
0.0
0.00526461870495
0.000556977670608
2.14828812293e-08
0.134363739351
1.58330469671e-05
0.0463636611681
0.0
0.00969316366884
0.0
0.0
0.0109731562643
0.0
0.00526461870495
0.00898015826193
0.0431709468501
0.000556977670608
0.134363739351
0.134363739351
0.0
0.134363739351
0.134363739351
0.0
0.0
0.0
0.0
0.0109731562643
0.0
0.0
0.0
0.134363739351
0.134363739351
0.0
5.4990799868e-07
0.0
0.134363739351
0.0463636611681
0.134363739351
8.12593035533e-06
0.134363739351
0.134363739351
0.134363739351
0.000384771804191
0.00242348098847
0.0
0.134363739351
0.00136367976167
0.134363739351
0.0
0.134363739351
0.0
0.00213851169893
0.0
0.0
0.010477332417
0.134363739351
9.72495738207e-08
0.134363739351
0.134363739351
0.0431709468501
0.134363739351
0.134363739351
0.00243093269521
0.0
0.134363739351
0.00526461870495
0.0
0.134363739351
0.134363739351
0.0
0.0109731562643
0.134363739351
0.134363739351
0.00136367976167
0.0
0.134363739351
0.134363739351
0.134363739351
0.0
0.00121514340033
0.134363739351
0.0
0.0431709468501
0.0
0.134363739351
0.134363739351
0.0109731562643
0.0
0.134363739351
0.000517928475934
0.134363739351
0.0
0.134363739351
0.134363739351
0.134363739351
0.0
0.0
0.0109731562643
0.134363739351
0.0463636611681
0.0
0.000641452770312
0.0
0.0109731562643
0.000182262960974
0.0
0.134363739351
0.00165987751518
7.32873866495e-07
0.0
0.134363739351
0.0109731562643
0.0
0.00213851169893
0.0109731562643
0.0463636611681
0.0
0.0
0.134363739351
0.00969316366884
0.0
0.0463636611681
0.0463636611681
4.288058946e-05
0.00136367976167
0.0
0.0
0.134363739351
0.134363739351
0.000240912452959
0.134363739351
0.0
0.134363739351
0.134363739351
0.134363739351
0.134363739351
0.000632307385553
0.134363739351
0.134363739351
0.0
0.0463636611681
0.134363739351
0.0
0.134363739351
0.134363739351
0.00136367976167
0.134363739351
0.0
0.010477332417
0.00898015826193
0.134363739351
0.134363739351
0.0
0.0
0.00969316366884
0.0109731562643
0.0109731562643
0.0463636611681
0.134363739351
0.134363739351
0.134363739351
0.0431709468501
0.0431709468501
0.134363739351
0.00122147345264
0.134363739351
0.0
0.0
0.000674455947638
0.000523925699297
0.0
0.0
0.0
0.000544058281682
8.31374002821e-07
0.0
0.0109731562643
0.0
0.0
0.134363739351
0.0
0.0
0.0
0.0
0.134363739351
0.00898015826193
0.134363739351
0.0
2.87658088496e-05
0.00168091135489
0.0463636611681
0.0
5.90600485024e-06
0.134363739351
0.0
0.134363739351
4.60040127131e-06
0.0
0.0463636611681
0.0
0.134363739351
0.134363739351
0.0
0.00122147345264
0.134363739351
0.134363739351
0.0
0.134363739351
0.134363739351
0.0109731562643
0.134363739351
0.000485031369783
0.00213851169893
0.0
0.00243093269521
0.0
0.0
0.134363739351
0.134363739351
0.134363739351
0.0463636611681
8.59877671796e-06
0.0
0.134363739351
0.0109731562643
0.0109731562643
0.00136367976167
0.0
0.0
0.00242348098847
0.00969316366884
0.00830614907143
0.134363739351
0.134363739351
0.0431709468501
0.134363739351
0.134363739351
0.0109731562643
0.00213851169893
0.000290758442774
0.134363739351
0.134363739351
0.0109731562643
0.0431709468501
0.0
0.000339441356827
0.00039988612079
0.0109731562643
0.134363739351
0.134363739351
0.134363739351
0.0
0.134363739351
0.000115078960888
0.0
0.0109731562643
0.00898015826193
0.0
0.134363739351
0.010477332417
0.0013237204208
0.00331934582274
0.00120199331624
0.0463636611681
0.0431709468501
0.000571586670455
0.00830614907143
0.00526461870495
0.0
0.134363739351
0.0109731562643
0.0463636611681
0.134363739351
4.0594907286e-05
0.000473429237758
0.134363739351
4.74956999977e-05
4.24573436324e-06
0.00120199331624
0.0
0.00213851169893