500
3.74143866042e-07
1.47826356812e-06
9.79294259333e-22
1.27423088723e-07
1.89571027737e-08
1.50496303132e-07
9.57704134824e-14
7.25842971375e-37
1.42872010913e-34
1.48978695758e-06
2.30260583072e-07
6.91615691229e-05
7.48231648245e-18
1.6699555221e-05
5.01971571978e-19
1.01969514252e-07
4.25010220773e-34
3.04846058234e-05
1.29469601444e-09
0.00032576283111
3.92507096319e-15
2.26784249275e-08
0.000357121304793
0.000220212595815
4.44704805043e-07
5.9439593673e-07
0.0171654929578
0.000357121304793
4.74616791168e-24
0.0041802330999
0.00056723887815
2.65775313482e-08
6.44358059779e-09
0.000220212595815
1.32476814166e-15
2.58199598891e-07
5.62963851249e-06
0.000357121304793
0.00262755493103
4.27782890078e-05
1.38652476863e-13
0.00516867177458
1.43828005701e-10
7.33326466903e-05
1.08953896107e-11
7.95684312837e-25
0.00262755493103
1.84644106471e-09
5.49971336187e-08
0.000357121304793
3.78422129468e-21
7.12916931311e-30
0.0010546044926
2.0935647841e-09
7.70321263637e-12
0.000204492553648
0.00250991991443
6.67926549807e-16
6.66345976939e-05
1.30903089414e-05
2.92621186879e-10
1.79002972399e-16
1.48734776795e-10
1.15062807036e-07
3.6740582933e-06
6.17486945905e-29
2.56177522868e-10
6.82361928783e-05
1.20250677097e-29
9.33193646598e-06
4.76314303087e-22
7.33326466903e-05
1.30903089414e-05
8.61378301859e-33
0.0010546044926
2.57911236122e-18
1.97409182696e-07
1.18772804582e-21
4.27782890078e-05
1.41077034053e-13
2.09765608754e-09
6.44379563221e-19
0.000659940629219
3.84003156739e-11
9.19196476282e-11
6.16914926496e-18
0.00262755493103
5.74975340683e-06
4.47189800841e-21
0.000876776889298
3.18433714941e-06
8.12349018886e-08
2.4189653492e-18
0.0041802330999
1.06287770628e-14
2.86300968036e-05
0.00484487421705
1.58277149323e-05
1.02594000516e-06
5.88333237156e-08
2.57239113558e-22
2.30404039897e-06
4.01075052216e-08
0.0010546044926
3.57225219451e-09
0.000830797955405
5.5707165255e-29
0.00250991991443
1.16862794667e-11
0.00262755493103
7.78280031336e-06
1.98461818319e-11
2.40795203956e-14
8.00731792672e-12
2.7908912731e-07
0.0010546044926
2.44700383196e-05
3.68403914847e-07
6.13395780771e-06
1.33483329063e-05
3.04229452588e-06
0.000659940629219
4.36240575264e-07
3.03743516066e-07
3.56189414918e-08
1.30338768245e-06
3.86970130544e-05
6.32278105454e-26
0.00250991991443
1.18990118756e-05
4.73685019195e-07
6.91659988232e-06
6.70401765107e-18
1.21681323155e-26
4.47166001531e-14
5.40601698478e-07
6.24849406596e-05
1.5187177415e-10
1.17324675992e-19
3.70831715374e-12
2.5376126953e-07
2.06646852239e-05
6.41270738281e-08
6.72529866413e-06
1.27986206276e-09
4.93844483145e-07
7.80822201374e-09
0.000382230266082
4.9240487835e-13
9.78338689581e-10
2.34501929345e-19
1.66709976711e-18
1.42173411985e-20
1.76877052095e-11
3.76374132577e-06
1.32345338241e-06
3.96696916482e-12
2.74446732336e-07
3.48222367549e-15
4.27782890078e-05
7.07413347981e-11
5.06133746939e-05
5.62963851249e-06
1.50648111574e-08
8.23707423068e-08
1.46060947532e-09
2.00573661187e-08
3.06106727771e-08
4.68034890717e-20
7.25290762086e-05
0.00250991991443
1.36308996342e-08
2.51435838229e-17
1.17458452898e-07
1.48978695758e-06
1.96744131273e-08
4.60932405618e-05
6.91831868233e-13
4.06077557144e-09
4.10003545126e-16
0.000357121304793
0.00516867177458
1.36748447042e-09
2.37270465046e-06
0.000221881548176
3.5574485481e-13
1.25789513563e-16
1.93101182755e-13
2.87019870098e-07
2.38056045383e-08
9.06479000923e-07
1.73985334733e-21
1.97545802351e-16
1.24623352567e-06
6.99854193417e-09
5.73988304973e-06
8.1404330106e-18
3.58559664894e-06
4.41282132161e-08
0.000876776889298
2.39714551555e-09
3.07238776292e-17
1.48978695758e-06
1.34744236709e-14
1.71222519806e-20
0.000830797955405
5.27356216523e-06
1.03330848278e-14
1.24623352567e-06
0.000118952672256
4.28306730465e-06
0.00516867177458
1.24896961938e-09
2.26439167258e-17
0.00516867177458
1.11427352671e-09
0.00250991991443
6.66138676789e-10
0.00262755493103
1.19198764953e-12
2.77306486996e-09
6.24849406596e-05
0.00516867177458
1.37685076714e-20
0.00484487421705
1.73323631874e-08
0.000830797955405
8.4085107796e-08
4.69937192143e-21
0.000357121304793
2.14204191157e-08
1.13051662468e-07
0.000659940629219
1.41041509597e-12
5.05727191557e-08
1.64810269321e-05
1.23664837959e-26
0.0010546044926
0.00262755493103
7.25290762086e-05
1.42905781211e-10
1.78220425671e-06
3.62645830486e-18
1.02641793719e-06
0.00032576283111
0.000528740680781
0.000637048402283
1.92619619865e-11
8.06665005714e-10
5.26168605392e-08
1.03076255895e-12
0.000141963517037
3.86363786092e-05
1.15666290805e-06
1.738016528e-05
1.94795291999e-08
0.000204492553648
2.95133319782e-10
3.74437255271e-14
7.93651702103e-07
1.19271892415e-22
8.39841427275e-10
0.000263991478051
1.31780339507e-12
1.20214104822e-17
3.28476879572e-22
1.74737203207e-16
7.51532776815e-13
5.27356216523e-06
3.04041618671e-14
1.02641793719e-06
4.73685019195e-07
0.000221881548176
0.000204492553648
7.17870079645e-05
1.49972604282e-13
0.00019030725993
2.4524263235e-07
1.80055967969e-06
3.8360973814e-24
3.45342311782e-11
0.000329096111287
6.55828570899e-13
0.000830797955405
2.04593902759e-09
1.3875895263e-15
1.95645343766e-10
0.00176718265595
4.16768741195e-42
0.00262755493103
2.41517703787e-12
6.55228894682e-19
6.6864290887e-21
0.00262755493103
9.38665642547e-10
3.82664435944e-17
1.30737733107e-06
2.46448508193e-14
1.6794403589e-06
0.00484487421705
1.07610398033e-11
2.40605979098e-15
1.21200743674e-06
5.74069147989e-10
1.23768479008e-14
4.93133882231e-07
0.000357121304793
2.87807104998e-10
0.000226091024567
2.02231559123e-16
3.58297276758e-29
1.47784046287e-06
0.000528740680781
0.000357121304793
4.16453261056e-09
9.02387529978e-07
2.41530591076e-05
3.48922399612e-18
3.04846058234e-05
1.75211021045e-13
0.0010546044926
1.25772640445e-38
0.000204492553648
9.24351518526e-11
8.57475886995e-08
0.000876776889298
9.53211273972e-11
2.98243251193e-06
1.47826356812e-06
5.8170927197e-06
1.14966628887e-08
1.41242574882e-14
1.96037303455e-43
0.00516867177458
4.83285781529e-22
0.000221210851515
6.51348002184e-23
2.31533660381e-12
3.86970130544e-05
1.66870103554e-10
6.33256757364e-14
5.75757564259e-10
0.000118952672256
5.35689804387e-07
9.52119337782e-21
0.000204492553648
6.52847171516e-06
3.76374132577e-06
3.09301288016e-06
0.00032576283111
0.00262755493103
0.00262755493103
1.84444292498e-06
4.90980206008e-12
1.58060596214e-12
1.43079740889e-10
0.0010546044926
5.7823101694e-07
2.31668296524e-07
5.05727191557e-08
2.7034015083e-07
0.00262755493103
5.96921779889e-05
0.0041802330999
3.92644057353e-07
2.03069659322e-05
1.14128018792e-07
1.90681461542e-22
8.90667349733e-08
1.88134861183e-13
4.78306794177e-18
5.74975340683e-06
8.1040661877e-11
1.03427184892e-11
7.61299169389e-23
1.31505069049e-09
0.000830797955405
5.33828474585e-17
0.00484487421705
5.06408378149e-09
1.51690479882e-25
5.05727191557e-08
1.06601745524e-11
5.16898241117e-12
0.00516867177458
1.49306198571e-06
8.40443494972e-13
1.23034470888e-05
1.00272470884e-12
2.74481891507e-06
4.2253644553e-08
4.88266216801e-12
3.74044807689e-17
0.00516867177458
0.000241446575548
0.000738732244709
0.00250991991443
0.00262755493103
1.87845340511e-12
1.42178647113e-10
1.35332667368e-32
2.37212946784e-38
1.38902963969e-13
0.000147163536927
1.78220425671e-06
1.62052855181e-07
3.82988201234e-11
6.76477251329e-08
4.00201486623e-15
1.67829672846e-12
7.90750984347e-14
2.76475385472e-18
2.50762166635e-07
0.000830797955405
6.7125922026e-22
8.24607649607e-31
5.26168605392e-08
2.51881014603e-12
2.81167164497e-18
1.58003652859e-06
0.000659940629219
0.00516867177458
0.00250991991443
5.96921779889e-05
1.49961820852e-10
0.000123800122294
4.97120253876e-07
5.51743425741e-13
0.0010546044926
2.99542478713e-23
2.050157744e-06
1.1503910773e-11
3.86363786092e-05
6.88367191065e-07
6.04538648391e-14
2.92013504141e-11
1.73684431759e-06
2.71886707155e-05
1.54265304401e-09
1.79677006775e-06
8.31738613413e-13
4.9250159212e-17
6.20282604233e-07
5.0642490405e-15
3.54474773998e-16
1.57375147718e-07
1.42018259503e-10
2.54119115612e-13
3.79646680203e-18
5.38291247974e-12
2.83071188341e-08
3.56257214011e-16
1.30138392173e-31
5.29145067993e-15
0.00250991991443
2.36716398577e-11
2.11293739152e-11
0.00516867177458
2.46703922444e-05
7.98315282156e-20
4.40904217429e-10
1.89714216485e-10
1.29030315453e-24
1.51185433067e-32
0.000241446575548
2.19750615704e-12
1.37722260329e-16
0.00056723887815
1.34843375739e-15
9.5404771732e-12
4.11332234599e-08
8.81660888669e-08
6.85992406766e-05
4.95545651583e-18
1.27705801155e-12
6.06167157644e-06
2.483905942e-08
1.09097143267e-28
6.82361928783e-05
4.05201414839e-19
4.9748774278e-24
6.10617718357e-26
4.09446156269e-34
3.13961848779e-18
0.00250991991443
1.80937310947e-07
2.27612422228e-06
1.11736153406e-08
0.0010546044926
2.2314869707e-13
1.62102308697e-12
5.52109865315e-06
2.64098289504e-07
0.00484487421705
0.00174569433543
9.89286647259e-10
3.25394995754e-50
2.19472862317e-08
3.37144239911e-19
7.83294885254e-20