500
0.0
0.0
0.0
0.0
0.0
7.42458299075e-08
0.0
0.0
0.0
0.0
0.0
0.000378141887466
0.0
0.0
0.0
0.0
2.2733891548e-06
0.0
0.0
0.0
0.0
9.42267425129e-06
0.0
0.0
0.0
0.0050574729462
0.0
2.19697366993e-11
0.0
0.0
0.0118972276753
0.0
0.00275133199406
0.0
0.0
0.0
0.0
0.000594234626987
0.0
3.26326542653e-12
0.0
0.0
0.0
0.0
0.0
0.0
0.0
0.0
0.0
2.12015280955e-07
1.49836335035e-05
0.0
1.33647358852e-06
0.0
0.0
0.0
0.0
0.0
3.56134706386e-11
0.0
0.0
0.000653018309696
0.0
0.0
0.0
0.0
0.0
0.0
0.0
0.0
0.0
0.0
0.0
2.39790744527e-07
0.0
0.0
0.0
0.0
0.0
0.0
0.0050574729462
3.78173712706e-09
0.0
0.0
0.0
0.0
0.0
0.0
5.25768912848e-08
0.0118972276753
0.0
0.0
0.0
0.0
0.0
0.0118972276753
0.0
0.0
0.0
0.0
0.0
0.0
0.0
0.0
0.0
0.0050574729462
0.0
0.0
0.0
0.0
0.0
0.000594234626987
0.0
0.000252871923811
0.0
0.0
0.0
0.000457267568951
0.0
0.0
0.0
0.0
0.0
0.0
0.0
0.0
0.0
0.0
0.0
0.0
0.0
0.0
0.0
0.0
0.0
0.0
0.0118972276753
0.0
0.0
0.0
0.0
0.0
0.000594234626987
0.0
0.0
9.94609023169e-06
2.76981167559e-06
0.0
0.0
0.0
0.0
0.0
0.0
0.0118972276753
0.0
0.0
0.0
0.0
0.0
0.0
0.0118972276753
0.0
0.0
0.0
0.0
0.0050574729462
0.0
0.0
0.0
0.0050574729462
1.13767547594e-05
0.0050574729462
0.0
0.0
1.86434935509e-07
0.0
0.0
8.53608034301e-05
0.0
0.0
0.0
0.0
0.0
0.0
0.0
0.0
0.0
0.0050574729462
0.0
0.0
0.0
0.0
8.53608034301e-05
0.0
0.0
0.0118972276753
0.0
0.0
0.0
0.000237522838848
0.0
0.0
0.0
0.0
0.0
0.0
4.91466195444e-08
1.23218069543e-05
0.0
0.0
0.0
0.0
0.0
0.0
0.0
0.0118972276753
0.0
0.0
0.0
0.0
0.0
0.0
0.0
1.09895242623e-07
0.0
1.49836335035e-05
0.0
0.0
0.00106888434361
0.0
0.0050574729462
0.0
6.00566314623e-05
0.0
0.0
0.0
0.0
0.0
0.0
0.0118972276753
0.0
0.0
0.0
0.0
0.0
5.03698552692e-05
0.0
0.0
0.0
0.0
0.0
0.0
0.0
0.0
0.00494576751919
0.00106888434361
0.0
0.0
0.000378141887466
0.0
0.0
0.0
0.0
0.000237522838848
0.0
2.2733891548e-06
0.0
0.0
0.0
0.0
0.0
0.0
0.0
0.0
2.00721548483e-06
0.0
0.0
0.0
0.0
0.0
0.0
0.0
0.0
0.0
0.0
0.0
0.00494576751919
0.0
0.0
0.0
0.0
0.0
0.0
0.0
0.0
0.0
0.0
0.0
0.0118972276753
0.0
0.0
0.0
0.0050574729462
2.62390965662e-05
0.0
0.0
0.0
0.0
0.0
0.0
0.0
0.0
0.0
0.0
0.0118972276753
0.00275133199406
0.0
6.00566314623e-05
0.0
0.0
0.0
0.0
0.0
0.0
3.00966436021e-06
0.0
0.0
0.0
0.0
0.0
2.08286549166e-07
0.0
0.0
0.0
3.62443138758e-12
0.0
0.0
0.0
5.43650793569e-08
0.0
0.0
6.00566314623e-05
0.0
0.0
0.000878725514707
0.0
1.16293455504e-07
0.0
0.0
0.0
0.0
0.0
0.0
0.0
0.0
0.0
0.0
0.0
0.0
0.0
0.0
0.0
0.0
1.2631482666e-09
0.0
0.0
0.0
0.0
0.0
0.0
0.0
0.0
0.0
0.0050574729462
0.00275133199406
0.0
0.0
0.0
0.0
0.0
0.0
0.0
0.0
8.53608034301e-05
6.00566314623e-05
0.0
0.0
0.0
0.0
0.0
0.0
0.0
0.00106888434361
0.0
0.0
5.8316899386e-16
0.0
0.0
0.0
0.0118972276753
0.0
0.0
0.0
0.0
0.0
0.0
0.0
0.0
0.0
2.41635390925e-06
0.0
0.0
0.0
3.56699130484e-07
0.0
0.0
0.0
0.0
0.0
1.18006193174e-07
0.0118972276753
8.95894649858e-06
0.0
0.0
0.0
0.000653018309696
0.0
0.0
0.0
0.0
0.0
0.0
0.0
0.0
0.000457267568951
0.0050574729462
0.0
0.0
0.0
0.0
1.20463177566e-08
0.0
0.0
0.0
0.0
0.0
0.0
0.0
0.0
0.0
8.12026724795e-08
0.0
0.0
0.0
0.0
0.0
0.0
5.69331442364e-07
0.000126451675516
0.0
0.0
0.0
0.0
0.0
0.000252871923811
0.0
0.0
5.97701047448e-12
0.0
0.0
0.0
0.0
0.0
0.0
0.0
0.0
5.90240282426e-05
0.0
4.05341270458e-09
0.0
0.0
0.0
6.00566314623e-05
0.0
0.0
0.0
0.0
0.0
5.70854390272e-14
3.00966436021e-06
0.0
0.0
0.0
0.0118972276753
0.0
0.0
0.0
8.53608034301e-05
0.0
0.0