500
0.011385207961
-0.00632747648866
4.57216189704e-05
0.0427506407829
0.0556337552881
0.011385207961
-5.74193509884e-10
0.0297998327734
0.169172998054
0.0177479426641
0.129540877867
0.0558298985545
0.0556337552881
-0.000178686435976
0.0556337552881
-2.95838420385e-06
0.0558298985545
0.011197292392
0.175801682105
0.000693528415393
0.00409585146272
0.0427506407829
8.43628600323e-13
0.0177479426641
0.00243004939697
0.0297998327734
0.129540877867
0.175801682105
0.129540877867
0.0056419495103
0.0297998327734
0.0902979797979
0.175801682105
0.175801682105
0.00288748141316
0.0558298985545
0.00778097941203
0.00709629865376
0.0164653846956
0.00733313911239
0.175801682105
-0.00097085266802
-1.13221141782e-07
0.175801682105
0.0297998327734
0.00265476422589
0.00115406334537
0.00791156162086
0.00154570102241
0.0177479426641
0.000286733284356
0.129540877867
0.00947316289582
-1.81634689328e-06
0.169172998054
-0.04618376758
0.000804863418717
0.0124110465803
0.0902979797979
0.129540877867
0.0235775390787
0.00947316289582
0.00947316289582
0.00431263072102
8.42296934446e-06
-0.00131129602939
0.00778097941203
0.175801682105
0.129540877867
0.000634973782854
-0.000589201603889
0.0902979797979
0.0163839917487
0.169172998054
0.0339294817489
0.00860509076722
5.46760634682e-05
0.017820215892
0.0339294817489
-5.89572402642e-08
0.00382036369652
0.017820215892
-5.61269895127e-05
0.0176855900621
0.0558298985545
-0.012096500541
0.0138740498751
0.0902979797979
-0.012096500541
0.0297998327734
-4.18145670984e-07
0.169172998054
0.0297998327734
0.00209284434101
0.00543385036494
0.175801682105
0.0215028532995
0.129540877867
1.02463900748e-05
0.00860509076722
-5.1146140271e-06
-0.0107496518535
0.000920484344147
0.175801682105
0.175801682105
-0.012096500541
0.0902979797979
9.98414241437e-08
0.129540877867
0.00562212804485
0.0177479426641
-0.00422762534526
0.00431263072102
0.0558298985545
-0.000284515816889
0.0902979797979
-0.002131862675
0.169172998054
0.00296126576238
-0.012096500541
0.0558298985545
0.0163839917487
0.175801682105
0.011197292392
4.91403444337e-06
0.129540877867
0.129540877867
0.0177479426641
0.00286572787911
0.0902979797979
0.0902979797979
0.00238994085291
0.169172998054
0.169172998054
0.0558298985545
-0.04618376758
0.00947316289582
0.011197292392
0.0018308929623
-0.04618376758
0.00860509076722
0.000400794433048
-7.43538580944e-05
-0.0152414102044
0.129540877867
0.00724188060032
0.00296126576238
0.00415525757717
0.0235775390787
0.0902979797979
0.00261094671006
0.175801682105
0.0138740498751
-0.0339687096097
0.129540877867
0.00709629865376
-0.000130094881374
-0.00323722050692
0.012383237672
0.169172998054
0.000865669235552
0.175801682105
-0.0603133663411
-0.04618376758
-0.0152414102044
0.175801682105
0.0902979797979
5.60679255404e-06
0.169172998054
-0.0603133663411
-1.17460436588e-05
-0.000135684790988
0.0558298985545
0.0902979797979
0.00296126576238
0.000608811709484
0.000120941186447
0.0902979797979
0.0902979797979
0.000614365326427
0.169172998054
-0.0152414102044
-0.0152414102044
0.169172998054
0.0235775390787
0.169172998054
0.169172998054
0.175801682105
0.00299683974278
0.0902979797979
-0.000974414327837
-0.04618376758
0.00375730768382
0.000957320506484
0.129540877867
0.00431263072102
-3.25262027084e-07
-0.00106842992292
-0.00441485791937
0.0427506407829
0.012383237672
0.017820215892
0.0297998327734
0.0902979797979
-0.0199044124242
-0.00840583762323
0.129540877867
0.0902979797979
0.169172998054
0.011197292392
0.0297998327734
-1.35029159361e-05
0.011197292392
0.0558298985545
0.175801682105
1.00009449769e-05
0.0176855900621
0.00296126576238
0.00431263072102
0.0556337552881
-0.000339616869174
-0.0603133663411
0.0558298985545
0.0902979797979
-0.000414969421999
-0.000255668229848
0.0902979797979
0.0138740498751
0.00947316289582
0.0339294817489
0.0556337552881
0.00375730768382
0.0558298985545
-1.0530342941e-05
0.175801682105
0.00457866684385
-0.000131915939303
0.0222205155465
0.175801682105
0.169172998054
0.129540877867
-0.00019770955657
0.175801682105
0.000801956653105
0.00116459078045
0.129540877867
-0.0603133663411
0.00791156162086
0.175801682105
0.0297998327734
0.0235775390787
0.0138740498751
0.011197292392
0.000354472488604
0.129540877867
0.0235775390787
0.0902979797979
0.0558298985545
0.175801682105
0.175801682105
0.0297998327734
0.0297998327734
0.175801682105
-0.00131129602939
0.175801682105
0.0902979797979
0.175801682105
0.129540877867
0.0556337552881
-0.0152414102044
0.169172998054
0.00791156162086
0.169172998054
0.00247352010394
0.169172998054
0.0297998327734
0.0902979797979
0.00261094671006
0.011197292392
5.32904222241e-10
0.169172998054
-0.00131129602939
0.0902979797979
0.0339294817489
1.17266978941e-11
0.129540877867
-2.37358085689e-06
0.00189230898989
5.75907884329e-05
0.169172998054
0.175801682105
0.0902979797979
-0.000896024324831
-0.012096500541
-0.00840583762323
0.00947316289582
0.0558298985545
0.169172998054
0.0902979797979
0.129540877867
0.00288748141316
0.00778097941203
-0.00422762534526
0.0297998327734
-7.24135392391e-08
0.175801682105
0.169172998054
0.169172998054
0.169172998054
0.00296126576238
0.169172998054
-2.92374005308e-09
0.00184479113899
0.00379158206996
0.169172998054
0.0297998327734
-0.012096500541
0.017820215892
0.00860509076722
0.00181434242187
0.169172998054
0.0556337552881
0.000673293134814
0.0163839917487
0.129540877867
0.0558298985545
0.175801682105
0.169172998054
-0.00557182942224
0.0902979797979
0.175801682105
0.0902979797979
0.00282435430909
0.00145552685437
0.129540877867
0.0902979797979
-4.37702905411e-12
0.00142323975118
0.169172998054
0.0902979797979
0.00375730768382
0.0902979797979
0.00017313139288
0.00296126576238
0.0135901361298
0.175801682105
1.18868538273e-08
0.0902979797979
-0.0603133663411
-0.0023927109199
-9.54049634664e-10
-0.0019600447429
0.175801682105
0.00791156162086
0.175801682105
0.169172998054
0.00225586477668
0.012383237672
0.00282435430909
0.129540877867
0.000200333105777
0.0164653846956
0.0177479426641
0.0427506407829
0.000429271260841
-4.77081050292e-07
-0.0199044124242
0.0222205155465
0.175801682105
0.000462702025731
0.169172998054
0.0902979797979
-1.64728670386e-06
0.175801682105
0.0297998327734
0.175801682105
0.017820215892
-3.16385199414e-05
0.175801682105
0.0902979797979
0.169172998054
0.0902979797979
0.175801682105
0.169172998054
0.0339294817489
0.175801682105
0.0297998327734
0.00724188060032
0.0163839917487
0.00457866684385
0.169172998054
-0.00139518656563
0.011197292392
-0.0603133663411
0.0339294817489
-6.67119496446e-06
0.00144712489219
-0.04618376758
0.175801682105
0.00243004939697
0.175801682105
0.000181247794369
0.00142323975118
0.0902979797979
0.0138740498751
-0.0023927109199
0.129540877867
0.169172998054
0.000296303067969
0.00301145365255
-3.33413210115e-07
0.169172998054
-1.66248752449e-05
0.011197292392
0.00791156162086
-0.00282062102025
0.00301145365255
-0.0603133663411
-0.002131862675
-0.0030678772488
0.175801682105
0.0215028532995
0.0558298985545
0.00130204314898
0.0222205155465
0.012383237672
0.169172998054
0.129540877867
0.0556337552881
0.0135901361298
0.00563934041044
0.00457866684385
0.169172998054
0.0297998327734
0.169172998054
0.00243004939697
-0.000125758704376
0.175801682105
0.129540877867
-0.00139518656563
0.00733313911239
0.0177479426641
0.000393750699169
0.175801682105
-1.57484201476e-05
-0.0603133663411
0.017820215892
0.0427506407829
0.00301145365255
0.0902979797979
-0.000133445281197
-0.0152414102044
0.0427506407829
0.129540877867
0.169172998054
0.129540877867
-0.0603133663411
0.129540877867
0.169172998054
-4.26689753837e-05
0.000138786914367
0.00299683974278
0.0138740498751
0.000121079822913
0.129540877867
-0.04618376758
0.0339294817489
0.0339294817489
8.14562042744e-12
0.129540877867
0.0176855900621
0.00226505111631
0.017820215892
-0.000804258364259
0.00503237049482
-0.0603133663411
0.0056419495103
0.129540877867
0.017820215892
0.129540877867
0.000136099257381
0.0556337552881
0.169172998054
0.0138740498751
0.169172998054
-0.012096500541
0.175801682105
0.169172998054
0.0222205155465
0.0558298985545
-0.000657702854878
0.000146945582426
0.169172998054
0.000278511368894
0.012383237672
0.0902979797979
1.65711829016e-05
-0.04618376758
0.0556337552881
0.00791156162086