500
0.0
0.000320134863412
0.0
0.0
0.0
1.24328260916e-05
0.0
8.22777196847e-05
0.0
0.0
0.0
0.0
0.0092460741268
0.0
1.6237978954e-06
0.0
0.0
0.0
0.0
0.000239419049157
0.0
0.0
0.0092460741268
0.0
0.0
0.0220567041594
0.0
0.0
0.00295585659722
0.0
0.0
0.0
0.0
0.0
0.0
0.0
0.0
0.0
0.0
0.0220567041594
0.0
0.0
0.0
0.0
0.0
0.0
0.0
0.0
0.0
0.0
0.0
0.000651205364452
0.0
0.0
0.000886411814168
2.22339727927e-05
0.0
0.0
0.0
0.0
0.0
0.0
0.0
0.0
0.0
0.0
0.0
0.0
0.0
0.0
9.84451899248e-05
0.0
0.00295585659722
0.0
0.0
0.000793172477292
0.0
0.000291864359572
0.0
0.0
0.0
0.0
0.0
0.0
0.0
0.0
0.0
0.0
0.0
0.0
1.46098398587e-05
0.0
0.0
0.0
0.0
0.00109642039943
0.0
0.0
0.000130068667951
0.0
0.0
0.0
0.00648133411038
0.0
0.0
0.0
0.0
0.0
0.000824558333056
0.0
0.0
0.0
0.0
3.57633525615e-05
0.0
0.0
0.0
0.0
0.0
0.0
0.0
0.0
0.0
0.0
0.0
0.0
0.0220567041594
0.0
0.0
0.0
0.0
0.0
0.00145377706039
0.0
0.0
0.0
0.000793172477292
0.0
0.0
0.0
0.0
0.0
0.0
0.0
0.0
0.0
0.0
0.0
0.0
0.0
0.000291864359572
0.0
0.010468709472
0.00295585659722
0.0
0.0
0.0
0.0
0.0
0.0
0.0
0.0
0.0
0.0
6.17442214005e-05
0.0220567041594
0.0
0.0
0.0
2.37863764187e-06
0.0
0.0
1.29951958018e-06
0.0
0.0
0.000173655166713
0.0
0.0
0.00648133411038
0.0
0.0
0.000793172477292
0.0
0.0
0.0
0.0
0.00295585659722
0.0
0.0
0.0
0.0
0.0
0.0
0.010468709472
0.00122386012359
0.0
0.0
0.000217717298289
0.0
0.0
0.0
0.0
0.0220567041594
0.0
0.0092460741268
0.00648133411038
0.0
0.0
0.0
0.0
0.0
0.0
0.000192859323132
0.0
0.0
0.00499348355902
0.0
0.0
0.0
0.0
0.0220567041594
0.0
0.000252806770112
0.0
0.0
0.0
0.0
0.0
0.0220567041594
0.0
2.22057954522e-08
0.0
0.0
0.0
0.0220567041594
0.0
0.0
0.0
0.0
0.0
1.72484236787e-07
0.00015743564789
0.000793172477292
0.00499348355902
0.0
0.0
0.0
0.0
0.0
0.00499348355902
0.0
0.0
0.0
0.0
0.0
0.0
0.0
0.0
0.0
0.0
0.0
0.0
0.0
0.0
0.0
0.0
0.0
0.0
0.0
0.0
0.00499348355902
0.0
0.0
0.0
0.0
0.0
0.000291864359572
0.0
0.0
0.0
0.0
0.0
0.0
0.0
0.0
0.0
0.0220567041594
0.0
0.0
0.0
0.0
1.51653908929e-05
0.0
0.0
0.0
0.0
0.0
0.00499348355902
0.0
0.0
0.0
0.0
0.0
0.0
0.00295585659722
0.0
0.0
0.0
0.0
0.0
0.0
0.0
0.0
0.0
0.0
3.04130824493e-07
0.0
0.0
0.0
0.0
0.0
0.0
0.0
0.0
0.0
0.0
0.0
0.0
0.0
0.000873675860969
0.0
0.0
0.0
0.000320134863412
0.0
0.0220567041594
0.0
0.0
0.0
0.0
0.0
0.0
0.0
0.0
0.0
0.0
0.0
0.0
0.000116726517711
0.0
0.0
0.0
0.0
0.0
0.0
0.0
0.0
0.0
0.0
0.0
0.0
0.0
0.00648133411038
0.0
0.0
0.0
0.0
0.0
0.0
0.0
0.0
0.0
0.0
0.0
0.0012834074773
0.0
1.48281361522e-05
0.0
0.0
0.0
0.0
0.0
0.0
0.0
0.0
0.0
0.0
0.0
0.0
0.0
0.0
0.0
0.0
4.84078367784e-06
0.0
0.0
0.0
0.00256311832212
0.0
0.0
0.0
0.0
0.0
0.0
0.0
0.0
0.0220567041594
3.17371848972e-05
0.0
0.0
0.0
0.0
0.000998701143445
0.0
0.0
0.000886411814168
1.70758205777e-05
0.0
0.00648133411038
0.0
0.0
0.0
0.0
0.0
0.0
0.0
0.0
0.0
0.0
0.0
0.0
0.0
0.0
0.0
0.0
0.000320134863412
0.0
0.0
0.0
0.0
0.010468709472
0.00295585659722
0.0
0.0
0.0220567041594
0.0
0.0
0.0
0.0
0.0
0.0
0.0
0.0
0.0
0.0
0.0
0.0
0.0
0.0
0.0
0.000176648609433
0.0
0.0
0.0
0.0
0.0
0.0
0.0220567041594
0.0
0.0
0.0
0.0
0.0
0.0
1.60086832834e-06
0.00558120367892
0.0
0.0
0.0
0.0
0.010468709472
0.0
0.0
0.0
0.0
0.0092460741268
0.0
0.0
0.0012834074773
0.0
0.0
0.0
0.0
0.0
0.0
0.0220567041594
0.0092460741268
0.0
0.0
0.0