500
1.68509439972e-10
5.50596741541e-28
4.28713989659e-12
3.57622980012e-26
4.38093227069e-08
5.85540431478e-27
3.80416593714e-25
6.55130145156e-09
1.13947103685e-46
2.69950901763e-09
2.47668279884e-05
2.09030724021e-12
4.99214428548e-11
0.00163910023791
0.000702668279983
1.03327778257e-07
2.01470300023e-09
1.19315170169e-20
4.84467809102e-22
0.000138924731008
1.47967918775e-07
3.60430079938e-16
1.46399557361e-05
2.80922611003e-35
0.0
2.12227213614e-23
9.32429067755e-20
1.58818113202e-62
3.01083130521e-12
1.68225947917e-15
4.22844447232e-10
1.1103094433e-15
0.00301259259259
1.5069569761e-18
2.29251214256e-07
6.30012543528e-16
2.75192831585e-20
1.77378984503e-36
9.89830487742e-05
2.70612644279e-24
0.000451799541633
1.30171604597e-06
1.47795323423e-16
0.000108700651456
5.44448191048e-15
1.65178315328e-11
9.91526469138e-23
1.29695062748e-19
2.14742416764e-08
3.2750831638e-05
2.9880017853e-07
1.54926213797e-25
7.07239496047e-19
5.50091929409e-11
1.03364621457e-23
6.56512064248e-05
1.64496332848e-13
0.0
8.1793705551e-32
0.00616864197531
5.45075283575e-11
0.000156997842
5.4314511187e-16
0.000236991388829
4.2298137223e-52
8.19106740804e-06
3.78076122183e-10
1.60865128594e-13
0.000521274272999
2.69945782654e-12
1.22053164795e-30
0.00170644522491
2.30577945537e-24
5.45131138003e-61
0.0
2.2316673379e-21
1.67802694237e-43
4.8226507821e-89
2.27147178586e-06
1.59070506706e-08
0.000806098496135
5.64237005032e-32
1.4778880674e-34
1.74200045478e-34
1.95568059502e-05
2.22128573443e-12
1.23509721122e-64
3.60130981645e-15
6.16341163503e-05
2.85641547496e-06
1.65096252321e-23
2.09070753648e-05
1.64278404244e-14
1.46695498542e-21
1.62655212317e-09
1.32651625053e-16
1.08184767114e-15
3.71588257713e-07
2.07103903798e-61
1.90605230318e-19
2.6401584299e-14
0.000451799541633
4.10984318191e-11
4.57903721106e-17
1.57789416815e-15
5.69899060404e-29
0.000105194067097
7.7517940431e-36
6.67847710331e-39
2.69961263571e-17
1.91241664609e-18
0.000724968583467
1.01245814375e-19
3.57657554321e-16
5.49041467094e-24
5.82149155052e-19
7.82312129428e-11
7.58600177807e-11
5.00865031394e-57
5.38607462926e-16
0.0
8.84346559855e-53
7.61448711712e-20
6.52163749471e-09
3.90569463626e-25
9.19666245344e-11
3.60797617563e-10
2.94678672432e-55
4.7249581492e-52
0.00136375653092
2.50809467451e-38
8.65152445158e-07
0.000155009456803
7.7308383638e-07
1.29241777186e-18
1.78454739914e-60
4.88119229477e-32
2.55701565051e-21
0.000435855582213
2.02468061723e-11
1.25756974637e-26
2.30443701864e-15
3.7004970886e-20
1.02285860675e-09
1.39100493127e-08
7.4873383547e-20
4.29405002293e-52
3.62676398948e-14
4.86388761354e-33
4.59493249093e-26
1.00758584264e-17
0.0
2.65493428102e-41
3.29838237976e-24
1.26086617848e-11
2.14744036311e-05
0.000246242736246
6.9667015919e-08
3.1629809188e-34
2.44773051207e-30
1.48842116048e-07
8.22214217118e-13
0.0
6.77347146812e-36
4.12722024781e-19
0.000706272974088
4.84738707242e-07
5.05402787694e-08
8.01070756575e-40
9.01417319988e-15
1.04378743899e-23
1.90896936393e-29
0.000290361600258
2.22139318525e-08
3.97187969452e-08
4.13091137245e-20
6.15185871562e-84
2.21588458112e-11
2.3249109284e-49
4.74505312656e-11
9.30627155556e-05
2.08386498007e-15
1.12807853302e-20
9.42584625039e-29
5.503044351e-29
2.17992445958e-05
1.51718812326e-12
2.26128208742e-65
4.90565883105e-09
8.04085651707e-49
1.42921496535e-15
1.60035144679e-31
1.61468369832e-05
3.55352124699e-39
8.29693276043e-31
2.17026929273e-09
2.41881406578e-18
1.06244420756e-22
0.00616864197531
5.1242927103e-11
0.000232480583418
1.31157466907e-15
8.14336331327e-12
5.05114838093e-34
2.20967279486e-21
3.89767835737e-16
1.38209166564e-12
9.88978559884e-09
5.83464332715e-19
3.34989323833e-18
9.93992216386e-15
1.5172377411e-30
1.25663362963e-34
6.76474746224e-08
6.45770537217e-29
1.23493581763e-07
5.18210928124e-22
5.28759514748e-18
4.12506759892e-05
1.98872436301e-16
3.27566913616e-32
4.03015811104e-15
4.14386718257e-36
0.000955342177996
1.31894232578e-18
5.47872495505e-23
1.83159004786e-25
0.000122998132045
4.0534297657e-13
8.39004125921e-26
7.21495813425e-05
3.85962996037e-37
3.62713827774e-15
2.22843433287e-06
9.08331133771e-11
5.51542193511e-17
2.9267036793e-08
3.49902487815e-39
0.00616864197531
1.9370166159e-07
0.000521274272999
0.00690714029135
0.01210992129
6.71554932309e-06
3.46004333911e-09
1.41868465355e-65
9.86422065203e-06
0.000144921235393
2.42477348295e-06
2.22336335569e-57
0.000303762282314
4.81165586816e-75
2.7319615205e-33
9.04567290393e-09
4.60199790626e-15
1.53510211044e-09
3.64422239555e-15
6.07776456639e-05
3.59213293831e-05
1.33909713894e-10
7.5850968711e-11
1.14476190663e-11
0.0
9.94918245388e-20
1.56739376855e-22
3.41661015123e-05
2.10507142656e-07
3.41537758064e-40
6.26330354509e-59
3.72527855474e-43
2.38653808333e-11
6.53327300697e-13
0.000290361600258
4.07560166422e-58
1.834891424e-35
1.41386288773e-06
1.06931548807e-08
7.54448964358e-23
6.10303797347e-24
0.01210992129
1.95577438829e-38
1.45900458215e-07
1.12080668159e-22
2.38868612394e-07
2.13899452452e-09
5.26033484278e-07
7.40589400449e-22
2.82167855923e-05
5.51545452329e-11
4.44302601976e-16
7.48816992205e-07
0.000175260330607
2.65452286112e-38
0.000400781167102
8.81236642711e-20
7.54130241028e-12
2.16025081571e-05
5.77675630319e-12
3.38103616238e-21
9.30888547235e-13
5.70408663984e-62
9.1954987917e-16
2.37284440561e-05
7.14024741313e-08
8.37098807751e-11
4.58059005266e-18
5.16458063589e-15
4.92710356036e-15
3.31651673106e-12
0.01210992129
4.5046060335e-10
1.73509531006e-07
0.00616864197531
1.51725157851e-10
1.94084437334e-74
5.76467819322e-32
1.88143118469e-08
2.02558337231e-61
2.64499814034e-07
0.0
5.0194525751e-15
1.67060014205e-26
5.90191871812e-17
0.000105995560799
6.97403639391e-16
9.48191236748e-23
2.26029893189e-06
0.000189144789172
3.12899878823e-29
0.000254082685429
1.08002388414e-22
0.00690714029135
1.04499888148e-19
2.55854126212e-71
1.59815119057e-12
1.93031784417e-22
4.53303509438e-35
2.30537552194e-12
2.30050101204e-14
1.31368479419e-05
0.000281851787145
2.21279293824e-82
2.01633205178e-20
1.9501086582e-06
1.64217516504e-08
3.18143716459e-13
8.31569409253e-06
9.10115032601e-06
3.09968206909e-16
0.0
2.4946860451e-18
2.01391212566e-28
1.35669861561e-20
6.47871370125e-27
9.97746938769e-07
1.08357471942e-07
1.1609311836e-30
6.70181224334e-31
2.34942594363e-24
0.0
1.56399219327e-39
1.84544053703e-16
0.000724968583467
1.76197089696e-14
1.44975025386e-35
0.00300505454234
2.61319364849e-08
6.95266727567e-37
3.6361070318e-48
2.05023944376e-06
0.000944536332411
1.17523487656e-43
6.0574454938e-47
0.000195027633077
5.87306319496e-29
1.32125632985e-36
6.88113917533e-11
0.000521274272999
0.000724968583467
2.73888917461e-44
3.78514303179e-10
7.94370151726e-12
1.13181538148e-51
8.80776139289e-06
3.94841327544e-14
8.40220776199e-23
2.58236652017e-10
0.01210992129
0.01210992129
4.13670611785e-33
5.07419612638e-05
1.64510558502e-11
3.12245515092e-34
6.71927481996e-05
3.7196666582e-23
0.000241792222663
5.58615538211e-18
1.65701657533e-25
0.01210992129
1.3608925234e-09
0.00299181955017
3.65966044142e-12
2.35358846871e-21
9.80357373066e-47
7.80891484325e-14
2.39374801511e-06
5.27198025178e-21
4.18426747344e-09
2.62424417261e-07
1.26279811299e-22
2.0979675462e-15
3.20200435066e-08
0.0
3.62756246847e-15
2.01063130562e-15
9.51305196055e-43
4.16037361152e-05
4.30795652266e-27
1.11155692973e-07
4.587701903e-20
8.72222830955e-05
1.22367992052e-10
0.01210992129
0.00616864197531
9.44955733061e-48
5.8918920889e-20
4.75918736644e-14
4.14076908071e-10
1.28526872991e-07
4.26589172173e-31
4.29465549001e-05
9.94449311194e-07
3.04650610079e-07
1.81613632637e-29
0.00616864197531
7.52982268348e-05
6.72838388242e-05
7.02257718485e-14
5.40261080846e-30
5.53433333806e-18
0.0
0.0
1.39928317792e-18
2.60475875108e-14
8.86084940373e-69
2.1398089647e-11
1.32374411472e-17
6.0294108098e-16
1.68630593614e-14
1.75224638372e-14
4.37206373327e-12
1.01365444257e-16
1.18619154813e-29
0.000806098496135
1.01593313163e-19
3.05488492653e-18
8.51702197871e-07
4.11473810552e-33
1.0219235954e-17
3.44595575379e-26
5.19710125809e-14
4.29260238168e-08
5.03897754432e-23
2.08435849281e-05
2.95797769478e-09
1.46847495191e-39
1.24294794539e-11
1.38340641734e-24
1.95136587421e-21
2.44232368621e-14
4.15291502712e-07
1.11068618509e-18
4.71665955032e-25
3.5043844911e-07
4.25939077665e-35
1.3227373207e-74
5.92545961365e-54
7.52439889628e-08
1.65113391905e-13
9.14262239846e-21
1.38804358307e-25
1.73542171791e-58
4.3982241018e-21
6.19582210353e-09
0.00163910023791
0.00039367600974
1.07771532559e-08
2.9399211736e-27
2.74737907654e-06
8.7605267603e-39
2.02094094541e-81
3.44746154424e-17
1.27782930205e-06
2.72158744312e-05
0.0
3.4359841951e-28
3.17503050203e-08
4.47480142832e-15
6.71585911488e-21
2.92261141362e-13