500
6.19140141728e-41
2.59058566739e-18
0.000172553691645
6.80224698626e-24
4.01233511136e-14
4.4756192935e-06
2.47497469088e-11
1.21043958883e-10
1.56707776346e-12
2.731391226e-28
1.27995375032e-08
0.000421135872494
1.26212113935e-11
3.18835926538e-34
3.51878847225e-06
4.52180761621e-06
0.000607188973473
7.32063124523e-08
0.00016521450204
8.88591588666e-10
1.81820577937e-17
0.000378119149504
5.54147724201e-08
1.80600966753e-36
5.65495527807e-05
0.0220208333333
2.70235978505e-06
1.05852499477e-08
4.67000787881e-17
1.40327467142e-16
0.00584033613446
6.50566909469e-07
0.00304838709677
1.67722372172e-12
7.78191221211e-34
1.55694111098e-05
6.9202402816e-06
0.00505281274113
5.46333505594e-14
3.55242816737e-07
8.25040333808e-13
4.61537362269e-33
2.3375077355e-06
9.86555683926e-35
1.18579989812e-37
7.90259820618e-21
4.01024784475e-27
3.09249456993e-13
1.66386888495e-06
2.56126812614e-05
5.40302492906e-05
0.000151495203437
6.0174960822e-05
3.67345484735e-17
5.39848607221e-10
8.14476734118e-17
9.28235856165e-20
7.42165555727e-08
1.53317016449e-06
4.07885274166e-26
1.20373942342e-10
0.00253893482255
4.66647045773e-10
9.84435135966e-21
1.02047581343e-27
1.13863573509e-11
9.96162924284e-06
1.09105978788e-28
3.51194346073e-09
0.0
2.48324664936e-18
2.81145346512e-13
1.12849029607e-09
2.6145623768e-05
2.82305578181e-29
3.92149185976e-18
3.92918918958e-16
1.17302685806e-05
5.36914721583e-06
1.01401904375e-19
0.0220208333333
2.7563004369e-05
3.16211259704e-29
0.0
1.56706094532e-09
1.84161567169e-12
1.79748635807e-45
8.65321553173e-05
1.85488258401e-05
0.00584033613446
4.20115537529e-16
1.3622282124e-24
3.09245308637e-05
8.66473187416e-31
9.63249414747e-14
0.00584033613446
2.36064023517e-05
2.34280138842e-11
1.78032455333e-18
1.7951103023e-18
5.91995637702e-14
1.21086339573e-07
2.25422143375e-45
2.69474518816e-09
5.49438349854e-08
0.0220208333333
4.08325972658e-26
5.74371791191e-33
7.75261670867e-31
1.593441728e-11
1.45965674793e-10
0.00505281274113
2.62201469668e-64
0.00162558827445
6.11097088802e-57
9.16447328975e-06
3.49930121082e-13
0.000566659032433
4.708914182e-22
1.01731554308e-08
9.84634830538e-06
1.69389815774e-40
3.51606481589e-17
1.3359744663e-11
8.0381616853e-20
8.17395857647e-21
1.03827769394e-08
3.2757079773e-07
1.7040112318e-09
3.38015016046e-11
1.79646724614e-09
3.85191155207e-10
2.34431216589e-19
1.62504217544e-07
5.0194360277e-11
8.62049168856e-13
0.00584033613446
2.49890750619e-07
4.01462780884e-09
1.39370047778e-10
1.19393836277e-40
1.66719608773e-10
0.00505281274113
3.87266470053e-08
1.48895305208e-17
0.000501084726578
2.81043130432e-05
1.20254572054e-17
1.27786202139e-13
2.03196825702e-24
2.90990459633e-10
6.10735151041e-06
3.07140751275e-24
0.00584033613446
3.21774809272e-07
9.07573438766e-11
2.52269122172e-18
6.34083469721e-27
3.20571269095e-11
1.24690849832e-37
0.00584033613446
1.94957347883e-27
8.93436551354e-17
4.63826260599e-26
3.08468648452e-06
0.0220208333333
5.32382939988e-08
2.16597801952e-09
5.44583957206e-14
0.0220208333333
0.000671271020818
0.0220208333333
9.46915706867e-18
1.66611338538e-11
5.98222441731e-06
3.54405533745e-16
9.45511239043e-20
0.00189974802751
3.28474917997e-13
1.69794580172e-46
6.62563934831e-10
5.919594376e-26
2.66145310593e-12
0.000102420006763
3.77909588856e-06
8.61014991509e-11
2.06843358953e-12
0.0220208333333
7.56349496944e-10
2.50702356199e-08
3.36289607118e-06
2.04270394876e-07
0.00189974802751
4.40082668294e-10
3.15508276738e-17
0.00584033613446
2.85377945973e-27
3.32964649387e-09
3.65003024789e-13
0.000421375026917
1.19643624979e-10
3.61707107121e-18
8.58237967988e-20
3.50897138099e-16
1.38881298985e-40
4.31912473955e-14
3.23791588201e-06
0.000127088078492
1.67036965926e-42
1.45140411276e-09
2.90742242499e-17
8.33248884563e-20
2.11456637659e-24
2.23746415114e-07
4.70164712674e-14
0.00584033613446
1.69235975777e-08
9.7311366816e-16
1.12127182207e-08
4.40422491369e-22
3.61898428089e-05
5.89113861638e-13
8.63652210027e-05
1.60447467644e-06
5.62933808297e-13
5.40302492906e-05
4.17855802274e-36
1.22323749515e-46
0.00102621430517
9.22861952106e-16
0.0220208333333
1.98251781147e-21
0.000578436231309
4.66892189325e-09
6.10799337429e-06
8.32423705827e-09
2.03925110796e-31
4.25532706354e-16
3.59352909401e-06
0.00584033613446
1.30520834016e-25
4.67437008151e-98
3.38060568237e-10
2.06218362825e-34
1.78342799402e-16
0.000148807264404
2.2997498466e-13
3.83962124181e-11
1.8764066131e-13
1.79468204251e-29
4.59398436956e-08
2.64130212533e-11
3.27937713458e-08
5.73715579336e-06
0.00718537859008
0.00102621430517
3.60767736827e-10
3.8518241547e-13
0.000421135872494
2.63261051729e-11
7.56079013465e-16
4.55525721567e-13
4.71987247228e-14
0.000421375026917
2.12408230855e-34
0.000607188973473
1.46808719809e-10
2.30015518839e-07
7.08671597824e-09
4.60440654496e-20
2.64648132032e-17
3.58147618839e-13
0.000507988309572
1.54606163712e-44
8.24041983378e-06
1.02562755972e-30
5.01767523878e-08
6.20170540996e-22
1.19352253169e-05
5.07839948688e-32
3.6429451356e-37
1.59365129088e-27
2.00943953214e-20
6.68383499679e-25
2.99470942452e-70
1.28527008302e-11
0.00718537859008
1.60572276776e-59
1.42538909207e-85
1.38908973751e-09
6.05540085804e-24
2.09381444723e-17
2.03076741364e-08
2.38460246512e-05
1.08787139146e-22
2.56022860427e-11
6.17857732656e-05
1.04607783533e-73
0.00584033613446
2.09759136196e-08
6.76892986128e-26
1.42334280607e-22
0.0220208333333
0.000531961172943
1.25213910071e-15
1.44998174452e-11
1.23132180282e-13
1.45968067693e-17
2.01313638093e-11
1.45019208374e-16
1.11251500367e-24
3.91985748156e-08
1.43623851684e-19
1.40889770542e-29
0.00584033613446
0.00304838709677
1.36705317782e-24
0.000578436231309
2.11604278408e-32
3.7623385879e-12
1.15795510826e-31
3.60933521817e-33
3.53391707259e-31
1.48778216155e-18
1.31885822902e-05
5.24382420516e-13
6.71297254003e-16
2.43653102918e-08
3.32547670105e-18
4.72268450324e-09
2.12627885718e-05
3.54358081188e-14
1.84004866015e-12
1.21379919672e-12
5.58330308521e-07
1.71810372948e-12
4.39617032791e-42
9.73133261427e-08
4.58902865295e-06
1.63712991653e-56
1.72694383694e-08
0.000578436231309
4.45936440099e-07
4.15661087063e-11
0.00115665980223
2.23673620566e-14
4.16540187552e-05
2.18902171531e-10
4.22009429851e-16
5.04257952268e-21
5.85662175424e-20
1.44341871519e-16
3.21918733076e-18
8.60650234233e-31
2.78726145813e-20
2.25920175767e-47
4.7043704422e-06
6.8407305648e-09
6.03338362663e-25
4.01670129619e-22
3.61564190643e-24
5.83289040858e-13
1.29329266107e-19
5.54874652645e-06
3.53562827797e-22
5.84592750368e-12
3.80699787743e-15
2.48131721409e-15
1.11389416965e-19
9.83265136786e-15
3.42453432418e-18
1.67241374619e-34
3.88061254453e-16
0.0220208333333
0.00304838709677
4.44339415741e-15
8.21421875275e-07
1.87672859228e-13
4.60294056722e-08
4.77904063086e-20
4.44866850301e-47
2.94334685147e-14
3.36838051292e-18
0.00189974802751
0.000578436231309
2.7639290423e-50
1.05083630052e-05
2.13785315933e-11
6.29292373514e-22
2.56966968817e-08
8.40150965216e-24
4.07636813774e-17
0.00102621430517
3.77937970288e-09
3.01673514857e-18
4.32204365189e-11
1.51091479893e-51
2.77794541026e-15
1.48591283849e-05
0.00584033613446
4.0137197163e-26
1.12276633403e-27
2.3502903224e-10
6.19280718772e-19
4.87121808307e-34
3.5321886609e-32
2.05172315441e-26
1.56953145441e-25
1.02605530695e-22
2.09762124962e-05
2.29852156004e-08
8.77437257751e-09
1.65605788855e-14
3.02619958222e-06
8.87452625962e-13
1.70832221076e-19
3.48492425375e-09
1.51567557919e-28
4.0065496358e-11
1.41096204192e-05
0.00584033613446
0.000309267186488
1.0593819302e-12
1.72311095344e-06
7.48076534033e-28
0.00253893482255
2.22832349698e-10
7.64379331622e-23
2.87268516371e-08
5.2291247536e-06
1.89942775393e-08
3.14170189277e-06
2.83215373495e-08
8.80208133667e-23
0.000566659032433
0.0220208333333
8.43968205644e-27
4.76528447894e-10
8.90818047979e-19
1.96255331003e-16
6.72859250462e-07
4.46374638172e-19
3.86398622358e-24
4.51182503838e-16
7.48314659638e-06
1.08614701352e-07
3.34814868907e-20
7.86270410289e-53
2.52493284205e-11
1.08453440701e-19
2.00081454771e-05
3.49252612465e-35
2.10715715474e-10
2.50090771039e-06
1.34320813794e-28
1.76494439724e-23
1.77647173624e-18
2.17951316978e-05
0.000235471048611
3.77671823121e-32
1.90703433146e-87
3.50298208767e-10
2.50124101344e-11
3.79900981033e-12
0.00162558827445
7.05196498382e-16
4.23974744584e-27
7.87527384361e-08
1.94512477793e-13
3.25110171638e-22
5.20406870378e-09
1.22789299881e-08
0.000448672068448
9.74857120761e-10
2.44824205587e-13
1.09917159558e-15
0.000129771871206
2.9083363803e-08
5.50738959582e-06
2.96646007464e-09
6.17857732656e-05
9.28211621775e-34
0.000578436231309
2.29815975948e-06
2.50032918308e-05
8.74261273622e-71
3.33791448233e-33
7.49435830682e-18
2.757356399e-08
1.31885822902e-05
5.72516411968e-13
1.06918855047e-05
1.96365774213e-25
0.00584033613446
2.13823766394e-08
1.25753057616e-17
2.40348154581e-20
0.00189974802751
1.0491984676e-16
5.02760529944e-15