500
0.0
0.0
0.0
0.0
0.0
3.92667784712e-07
0.0
0.0
0.000623559176582
0.00698265219962
0.0
0.0
0.0
0.0
1.10804211701e-05
0.00039000544708
1.00034260529e-05
1.59011922695e-10
0.0
1.50350359022e-05
1.73602352581e-05
0.0
0.0
0.0
0.0
0.0
0.0
0.0
0.00161379210744
2.95628155411e-05
0.000565194598405
6.52024426254e-06
0.0
0.0
0.0
0.0
5.54084435581e-06
0.0
0.0
0.00837654019972
0.00161379210744
0.0
0.0
1.7013900672e-05
0.0
4.12167141633e-07
0.0
0.00039000544708
0.0
0.0
8.70628577525e-10
0.0
3.07874547601e-06
1.34073929978e-07
0.0
0.0
0.0
0.0
0.0
7.63245588931e-12
0.0
5.15026331972e-07
0.0
0.0
0.0
0.00131489472045
1.01606028263e-24
4.06275651276e-08
0.000320709924768
0.0
5.5666824377e-10
0.00837654019972
1.51149878616e-06
9.12432374691e-05
0.0
0.000173865286206
0.0
0.0
1.14743626703e-05
0.0
6.65784177496e-05
2.74598755114e-12
0.0
7.38222486273e-06
2.34745148605e-05
4.05217967654e-08
0.0
0.0
0.0162122671684
6.77627096429e-10
0.0
0.000115061069245
0.0
3.17890890648e-08
2.17156924383e-07
7.94482653658e-05
2.05470025516e-11
0.00192934212251
0.0
0.0
0.000623559176582
0.0
0.0
0.0
0.0
0.0
0.000498611863304
0.0
5.33737107274e-05
0.0
0.00806190462696
0.000102239339679
1.44888309536e-18
0.0
0.0
0.0
0.00806190462696
0.0
0.00039000544708
8.60554106195e-05
0.0
0.0
0.0
3.16688972175e-10
0.0
0.0
0.0
0.000225404710953
4.29874906994e-05
6.73811788334e-10
0.0
0.0
0.0
0.0
0.0
1.75940042302e-06
0.0
0.0
0.00837654019972
0.0
5.78179475087e-05
0.0
0.00161379210744
5.33114913954e-08
0.00039000544708
1.49843248835e-09
0.0
0.0
0.000298086109224
0.0
7.8882851074e-09
0.0
0.0
0.00029526996303
6.31157730439e-08
0.000212307876397
1.38121976635e-09
0.0
0.0
0.0
0.000889904514008
0.0
0.0
1.56221703426e-07
0.0
9.05985598733e-14
0.0
0.0
5.53784861954e-07
0.000988102598711
0.0
0.000298086109224
1.82275253409e-06
0.00837654019972
0.0
0.0
0.0
3.36260913776e-08
1.98110539035e-08
1.81395197407e-05
0.0162122671684
0.0
0.0
0.0
0.00131489472045
0.0
1.27676405338e-25
6.77251156871e-05
0.00837654019972
0.0
1.52816780505e-07
1.97646456492e-05
3.90918471023e-05
0.0
0.0
1.57753100569e-05
0.0
0.00698265219962
0.0
0.0
0.000211583427508
7.83235095691e-06
0.0
0.0
0.0
3.27693742536e-06
0.0
0.0
0.0
0.0
0.0
2.50327726227e-08
2.98568968189e-05
0.000735503562872
1.63679843676e-07
0.0
0.0
0.0
0.0
2.20600130514e-05
1.4266590564e-06
0.0
0.00837654019972
2.85012711941e-05
0.0
0.0
0.0
0.0
0.0
0.0
0.0
6.44293065355e-11
0.0
0.000507651236094
0.0
0.0
0.00119654763519
6.3752914278e-08
0.0
0.0
0.0
0.000639747362567
0.0
1.33573767998e-06
0.0
0.0
0.00192934212251
0.0
0.000298086109224
0.0
0.0
0.0
0.0
0.0
0.00837654019972
0.0
2.83792386423e-05
0.0
3.61203326756e-05
0.00161379210744
0.0
0.0
0.0
0.0
0.0
0.0
2.17620930938e-05
0.0
0.0
0.000158779624636
8.39756252149e-09
0.0162122671684
2.87037394756e-11
0.0
2.7974816291e-05
1.74136726549e-05
0.0
0.0
5.63797917921e-05
0.00837654019972
1.98181822165e-06
0.0
0.0
0.0
8.60554106195e-05
0.0
3.31536599947e-06
0.0
1.40734291882e-12
5.57468740071e-06
0.0162122671684
3.52066028148e-06
2.21140211047e-10
0.0
2.53834801055e-05
0.0162122671684
0.0
3.45933667155e-05
0.0
0.0
0.0
0.0
0.0
0.00806190462696
0.0162122671684
0.000404818168934
0.00131489472045
0.0
0.0
0.0
0.0
0.0
0.0
0.0
0.00837654019972
1.7209156837e-05
0.0
3.03562171051e-10
0.0162122671684
3.17340007622e-15
4.38946282878e-07
4.80129283309e-11
0.0
2.58322293565e-06
0.000565194598405
0.0
0.0
5.08564083038e-11
0.0
0.000613943424908
1.08200900321e-05
0.00837654019972
0.0
0.0
0.0
0.000984611612111
0.0
0.0
0.00698265219962
9.92983107722e-05
0.0
0.0
0.0
0.0
0.0
4.85802404959e-06
0.00015683679169
4.02288234351e-06
1.01012967978e-07
0.0
0.0
1.24492377688e-06
0.0
0.0
1.04916175893e-05
0.0
0.0
3.83066167116e-05
0.0
8.33259037164e-07
0.0
0.0
0.0
0.0
9.50592018148e-06
0.0
0.0
0.0
0.0
0.0
5.35593940869e-11
0.0
0.00161379210744
0.0
0.0
0.0
4.47049636928e-09
0.0
0.000133946524761
0.0
0.0
0.0162122671684
1.23860569146e-06
0.000735503562872
0.0
0.000889904514008
0.0
1.13750919357e-05
5.4559237386e-05
3.85828050968e-15
0.0
0.0
0.0
0.0
0.0
0.0
0.0
1.46411619286e-10
0.0
0.0
0.0
0.0
0.0
0.0
0.0
0.0
6.92920958756e-12
0.00698265219962
0.000889904514008
0.0
0.0
8.92188268773e-07
0.00131489472045
0.0
5.09869921743e-09
0.00585829053928
3.93887631882e-09
1.28868211483e-06
0.000157099803882
0.0
0.000252022862892
0.0
0.0
0.0
0.0
2.03926532842e-09
8.43917852723e-12
0.0
0.000305984056199
7.45385291898e-06
0.0162122671684
0.0
0.0
0.0
0.0
1.20687078978e-05
0.0
9.10577411973e-07
0.00837654019972
0.0
0.0
9.16132634303e-13
0.0
0.0
0.0
0.00806190462696
0.0
1.13354233253e-18
0.00161379210744
9.11942900447e-06
6.79517272641e-09
0.0162122671684
0.000165967177445
0.00837654019972
0.0
0.0
0.0
0.0
9.04046301343e-08
0.0
1.45665114571e-05
0.00806190462696
7.08932183535e-06
0.000309268326351
0.0
0.0
0.0
0.0
0.000506436987007
0.0
0.0
0.0
0.0
0.0162122671684
0.0
0.0
0.0
0.00161379210744
0.0
2.68727486069e-06
3.03540362264e-06
0.000173865286206
0.0
1.61035763105e-09
0.0
0.0
0.0
5.16249490419e-11
0.0
4.91335285683e-10
0.0
0.0
0.000298086109224
0.000427127759591
0.0
0.0
0.0
0.0
0.00837654019972
0.000889904514008