500
6.47426144039e-09
0.0
0.0
0.0
0.0
0.0
0.0
4.4168883302e-09
0.0
0.0
0.0
0.0
0.0
0.0
0.0
7.31951167699e-15
0.0
0.0
0.0
0.0
0.0
0.0
1.93171367235e-10
0.0
0.0
0.0
0.0
0.0
0.0
5.00729777607e-09
0.0
0.0
0.0
0.0
1.06395161824e-19
0.0
1.89938889826e-06
2.92424161564e-06
0.0
0.0
0.0
0.0
0.0
0.0
2.10611201234e-10
1.98775440252e-19
0.0
0.0
0.0
0.0
4.4168883302e-09
0.0
0.000100742406522
1.90858410469e-06
0.0
1.84846364998e-17
0.0
0.0
0.0
0.000212100874088
0.0
0.0
5.96082992628e-14
0.0
0.0
0.0
0.0
9.74791168222e-11
0.0
0.0
0.0
0.0
0.0
6.9982617579e-10
0.0
0.0
0.0
0.0
2.24955071029e-12
0.0
0.0
7.11316038367e-06
0.0
0.0
1.42317102403e-16
8.89009539001e-05
0.0
1.90858410469e-06
0.0
0.0
0.0
0.0
0.0
0.0
6.75074426064e-13
0.0
0.0
0.0
0.0
0.0
0.0
0.0
1.06404663069e-08
0.0
4.10610745449e-05
0.0
2.24955071029e-12
0.0
6.52012991018e-18
0.0
0.0
0.0
0.0
0.0
0.0
6.75074426064e-13
0.0
0.0
0.0
8.89009539001e-05
0.0
0.0
5.96082992628e-14
0.0
0.0
7.11316038367e-06
0.0
0.0
8.89009539001e-05
0.0
0.0
1.31533549101e-05
0.0
0.0
0.0
0.0
0.0
0.0
0.0
0.0
5.15961276291e-07
0.0
2.54344228232e-07
0.0
4.57022083879e-07
0.0
0.0
0.0
0.0
2.46940940261e-09
0.0
1.93171367235e-10
0.0
0.0
0.0
5.00729777607e-09
0.0
0.0
0.0
0.0
0.0
0.0
0.0
0.0
0.0
0.0
1.89938889826e-06
0.0
0.0
0.0
4.47427921446e-13
0.0
0.0
0.0
0.0
0.0
0.0
0.0
0.0
0.0
0.0
0.0
7.78577138233e-06
0.0
0.0
0.0
0.0
1.93171367235e-10
0.0
0.0
3.63210556579e-10
0.0
0.0
0.0
0.0
0.0
6.75074426064e-13
3.11865094151e-22
7.11316038367e-06
0.0
0.0
7.11316038367e-06
1.89938889826e-06
0.0
7.11316038367e-06
0.0
0.0
0.0
0.0
1.64072487823e-11
0.0
0.0
8.86717744046e-12
0.0
0.0
2.8724081702e-08
2.60088480894e-13
0.0
0.0
0.0
6.54372936683e-16
0.0
1.52165565135e-09
0.0
7.11316038367e-06
0.0
0.000111216636743
0.0
0.0
0.0
9.77454040763e-12
0.0
0.0
0.000212100874088
0.0
0.0
0.0
0.0
0.0
0.0
0.0
6.00685911592e-13
5.18354037474e-07
7.11316038367e-06
0.0
0.0
0.0
5.31903907084e-11
0.0
0.0
0.0
0.0
0.0
0.0
0.0
3.80026345889e-17
1.12767522207e-17
0.0
1.89938889826e-06
0.0
0.000111216636743
0.0
0.0
0.0
0.00320178010459
0.0
7.8148007238e-22
0.000370169353998
0.000370169353998
1.89938889826e-06
0.0
0.0
2.05823891801e-10
0.0
0.0
5.31903907084e-11
0.0
0.0
0.0
0.0
0.0
2.16041838118e-19
5.04520060879e-11
0.0
0.0
2.36884896329e-08
0.0
0.0
1.79263423095e-17
0.0
9.83436654043e-13
0.0
4.0748378197e-23
3.97232556323e-21
0.0
5.00729777607e-09
0.0
5.15961276291e-07
0.0
0.0
0.0
0.0
0.0
0.0
0.0
0.0
0.0
0.0
0.0
1.68215830765e-17
1.89938889826e-06
0.0
0.0
0.0
7.11316038367e-06
0.0
0.0
0.0
0.0
0.0
2.24955071029e-12
0.0
0.0
0.0
0.0
0.0
0.0
0.0
0.0
7.11316038367e-06
0.0
0.0
0.0
0.0
0.0
5.15961276291e-07
0.0
0.0
0.0
7.11316038367e-06
0.0
0.0
0.0
0.0
7.11316038367e-06
3.54997781058e-20
0.0
0.0
9.3655147074e-07
9.8542218319e-12
0.0
2.34269453101e-09
4.70145245414e-11
0.0
0.0
0.0
0.0
0.0
0.0
0.0
0.0
0.0
9.3655147074e-07
0.0
0.0
9.12593578701e-18
0.0
7.11316038367e-06
0.0
0.0
1.89938889826e-06
0.0
0.0
0.000370169353998
0.0
1.16361427601e-05
0.0
0.0
0.0
0.0
0.0
1.30991863274e-15
0.0
0.0
9.5457493294e-06
0.0
0.0
0.0
0.0
0.0
0.0
0.0
7.11316038367e-06
0.0
7.11316038367e-06
0.0
0.0
0.0
0.0
1.73862866316e-15
0.0
7.11316038367e-06
3.38674764882e-08
0.0
0.0
1.2153133826e-11
1.9124565414e-14
0.0
0.0
0.0
0.0
2.92424161564e-06
0.0
0.0
0.0
2.32665104968e-17
0.0
0.0
0.0
0.000100742406522
0.0
0.0
0.0
0.0
0.0
0.0
0.0
0.0
1.1858080794e-06
0.0
0.0
1.24173508841e-16
0.0
0.0
8.26615030508e-07
0.0
0.0
6.00685911592e-13
9.53576716675e-17
0.0
7.11316038367e-06
0.0
5.31903907084e-11
0.0
0.0
0.0
0.0
2.34261011812e-07
0.0
0.0
0.0
3.5680427275e-10
0.0
0.0
0.0
0.0
7.78577138233e-06
0.0
0.0
1.18962378414e-09
0.0
0.0
0.0
0.0
0.0
0.0
0.0
6.66698642316e-22
2.36884896329e-08
2.24955071029e-12
0.0
0.0
0.0
0.0
7.11316038367e-06
5.00729777607e-09
0.0
0.0
0.0
7.11316038367e-06
0.0
0.0
0.0
0.0
0.0
0.0
5.31903907084e-11
7.11316038367e-06
2.36884896329e-08
0.0
0.0
0.0
0.0
0.0
1.89938889826e-06
0.0
0.0
1.40943198915e-12
1.88483379606e-07
0.0