500
0.0011853674413
0.00703593521055
0.00066057672588
0.0311306768749
0.029217722708
0.0311306768749
7.5595499683e-05
0.0311306768749
0.00703593521055
0.0311306768749
0.0311306768749
0.000710195132716
0.0204364738721
0.0191237392025
0.029217722708
0.029217722708
0.0204364738721
0.0191237392025
0.029217722708
0.0110333458915
0.0191237392025
0.000621980776815
0.0110333458915
0.0191237392025
0.0204364738721
0.00085587477165
0.0191237392025
0.0311306768749
0.029217722708
0.0191237392025
0.0110333458915
0.0311306768749
0.029217722708
0.029217722708
0.0191237392025
0.0110333458915
0.029217722708
0.0311306768749
0.00496087533956
0.000166847816438
0.00188093603834
0.0110333458915
0.0311306768749
0.0191237392025
0.000211601399123
0.0
0.029217722708
0.000655087913398
0.0110333458915
0.029217722708
0.000285623146842
0.0311306768749
0.00703593521055
0.0311306768749
0.00323150255705
0.0
0.0311306768749
1.9510303209e-07
0.029217722708
0.00323150255705
0.0311306768749
0.0311306768749
0.0191237392025
0.029217722708
0.00651704478127
8.62438530347e-05
0.029217722708
3.28161946725e-06
0.0191237392025
0.029217722708
0.029217722708
0.0204364738721
0.00703593521055
0.029217722708
0.00066057672588
0.00496087533956
0.0311306768749
0.0110333458915
0.0191237392025
0.029217722708
0.0311306768749
0.000155713362655
0.0
0.000621980776815
1.52873843869e-05
0.029217722708
0.00188093603834
1.07371696693e-07
0.000655087913398
0.00199015972843
0.0204364738721
0.0110333458915
3.42697015558e-05
0.000421383599195
0.0311306768749
0.0204364738721
0.000120870851381
0.0204364738721
0.0311306768749
0.029217722708
0.00125437181627
0.0191237392025
0.029217722708
0.0191237392025
0.000988056620879
0.000170079370365
0.000615313764188
0.0204364738721
0.0191237392025
0.00703593521055
0.0204364738721
3.74061254252e-07
0.0311306768749
0.00313854948039
0.0311306768749
0.000609357792494
0.0191237392025
0.029217722708
0.0
0.0311306768749
0.00703593521055
0.029217722708
2.49660628762e-06
0.0191237392025
0.000988056620879
0.000120996569881
0.0
0.00703593521055
0.0311306768749
0.00651704478127
0.0102305741204
0.00305516609897
0.00651704478127
0.000804755645403
0.00183687417905
0.000233508549239
0.0311306768749
0.0102305741204
0.0102305741204
0.0191237392025
0.00135898432954
0.0204364738721
5.81731859479e-06
1.33821656014e-05
0.0102305741204
0.0311306768749
0.000988056620879
0.0311306768749
0.0311306768749
0.00703593521055
0.0102305741204
0.0
0.029217722708
0.0110333458915
0.029217722708
2.6021472692e-05
0.0011853674413
0.00117910700788
0.000253207395388
0.029217722708
0.00703593521055
0.00651704478127
0.000990180428973
0.0110333458915
7.65274035006e-05
8.8482524556e-05
0.0102305741204
0.00703593521055
0.000742423367846
0.0311306768749
0.029217722708
0.00192821100139
7.60062956114e-05
0.029217722708
0.000968028311783
0.0311306768749
0.0311306768749
0.0204364738721
0.000710812540919
0.0311306768749
0.0110333458915
0.0311306768749
4.98913187943e-06
0.0311306768749
5.01098678798e-06
0.0311306768749
0.0191237392025
0.029217722708
0.000146855864676
0.029217722708
0.00106869994654
0.0204364738721
0.00203995647709
0.029217722708
0.029217722708
0.0010492888318
0.0311306768749
0.00020558854153
0.029217722708
0.00703593521055
0.000492277465449
0.0311306768749
0.0311306768749
0.00651704478127
0.0204364738721
0.00651704478127
3.43701987327e-06
0.0311306768749
5.06778116746e-07
0.0311306768749
0.00703593521055
0.0102305741204
0.0204364738721
0.00117910700788
0.000229454768749
0.0191237392025
0.00496087533956
0.000444939465546
0.0311306768749
0.0011853674413
0.00458551267971
0.0191237392025
9.59547061829e-06
4.24846482874e-05
0.0204364738721
0.00289968266526
0.000159861483045
0.00106869994654
3.55724798322e-05
0.00178010142358
0.0311306768749
0.0311306768749
0.0010492888318
0.0102305741204
0.0204364738721
0.0191237392025
0.00125437181627
0.00117910700788
0.029217722708
0.00106869994654
0.0204364738721
0.000287420265914
0.029217722708
0.0204364738721
0.0191237392025
7.07750533135e-05
1.19127576673e-05
0.0110333458915
0.000609357792494
0.0102305741204
0.029217722708
0.0204364738721
0.0311306768749
0.00651704478127
0.0110333458915
0.00066057672588
0.0191237392025
0.0191237392025
0.0311306768749
0.0191237392025
0.0204364738721
0.000454031792638
0.00192821100139
0.029217722708
0.00305516609897
0.0110333458915
0.00651704478127
0.029217722708
0.00199015972843
0.000990180428973
0.0311306768749
0.0311306768749
0.029217722708
0.0311306768749
0.000968028311783
0.00458551267971
0.0311306768749
0.000492277465449
0.00282132443581
0.0191237392025
0.029217722708
0.0018378832795
0.0311306768749
0.029217722708
0.029217722708
0.0204364738721
0.0191237392025
0.0
0.0191237392025
0.00115817316182
0.0204364738721
0.000988056620879
0.0311306768749
0.0102305741204
0.0311306768749
0.00651704478127
0.0191237392025
0.000211601399123
0.0102305741204
0.00703593521055
8.43861574114e-05
0.0204364738721
0.0102305741204
0.029217722708
0.00203995647709
0.00305516609897
0.0
0.0191237392025
0.0311306768749
0.00183687417905
0.0110333458915
6.89842978896e-05
0.00703593521055
0.0204364738721
0.0311306768749
0.000710195132716
0.029217722708
0.000446912852631
0.00323150255705
3.20490925187e-05
0.000235793013956
0.0311306768749
0.029217722708
0.0
0.0191237392025
0.0311306768749
0.00703593521055
0.0204364738721
0.029217722708
0.0311306768749
0.0102305741204
0.029217722708
0.0311306768749
0.00651704478127
0.00313854948039
0.0311306768749
0.0311306768749
0.00115817316182
0.029217722708
0.00289968266526
0.0110333458915
0.0311306768749
0.029217722708
0.000623319358962
0.0311306768749
0.029217722708
0.0102305741204
0.0102305741204
0.000988056620879
0.0191237392025
0.0311306768749
0.0
0.00199015972843
0.0191237392025
0.0204364738721
0.029217722708
0.0311306768749
0.00323150255705
0.0311306768749
0.0204364738721
0.0010492888318
0.0311306768749
0.0191237392025
0.029217722708
0.0311306768749
0.0110333458915
0.0191237392025
0.0311306768749
0.0311306768749
0.029217722708
0.00183687417905
0.0102305741204
0.00458551267971
0.0311306768749
0.0311306768749
0.0311306768749
0.0191237392025
0.00703593521055
0.029217722708
5.09271003301e-05
0.0311306768749
0.0191237392025
0.000655087913398
0.00282132443581
0.029217722708
4.75334801544e-05
0.0311306768749
0.0191237392025
0.0191237392025
0.0204364738721
0.000990180428973
0.029217722708
5.47633981033e-06
0.0311306768749
0.029217722708
0.0311306768749
0.00703593521055
0.00651704478127
0.029217722708
0.00651704478127
0.000623319358962
0.00125437181627
2.59380018114e-05
0.0311306768749
0.0204364738721
0.0204364738721
0.0311306768749
0.0204364738721
2.22428856273e-05
0.029217722708
0.00117910700788
0.0204364738721
0.0191237392025
5.30682835481e-05
0.029217722708
0.029217722708
0.029217722708
0.0311306768749
0.000988056620879
0.0102305741204
0.0191237392025
0.0191237392025
5.24854005063e-05
7.02576858845e-05
0.00703593521055
2.89808273871e-06
0.0204364738721
0.0191237392025
0.0311306768749
0.029217722708
0.0311306768749
0.000990180428973
0.0311306768749
1.0244299026e-09
0.00496087533956
0.0311306768749
0.0011853674413
0.0311306768749
0.029217722708
0.029217722708
0.0311306768749
0.0311306768749
0.0191237392025
0.0102305741204
0.0311306768749
0.00651704478127
0.0102305741204
0.000269213117089
0.0204364738721
4.44602123665e-05
0.00703593521055
0.0110333458915
0.0
0.0110333458915
0.0311306768749
0.0
0.0191237392025
0.029217722708
0.0191237392025
1.43957871736e-05
0.029217722708
0.0311306768749
0.00127794491832
0.0204364738721
0.029217722708
0.0311306768749
0.0204364738721
0.000990180428973
5.64196078345e-05
0.00117910700788
0.00183687417905
0.0110333458915
0.00703593521055
0.0191237392025
0.0311306768749
0.0110333458915
0.0191237392025
0.000707061947875
0.0191237392025
0.00115817316182
0.0311306768749
0.029217722708
0.00651704478127
0.00169620041603
0.029217722708
0.029217722708
0.000145523159367
0.0102305741204
0.00496087533956
0.0311306768749
0.0010492888318
0.00135898432954
0.0204364738721
0.029217722708
0.029217722708
0.000123985118701
0.0102305741204
0.0311306768749
0.0311306768749
0.0102305741204