500
1.58608743403e-23
5.91400287389e-36
0.000429409313269
4.44796087856e-26
6.27461934842e-30
1.23739018935e-08
7.68913138191e-05
1.07643863427e-12
1.41168648541e-26
0.000407063598014
1.85359457086e-10
9.81821811194e-23
9.63551420025e-05
1.17399655103e-12
3.415291251e-19
4.39501249223e-168
1.33010200133e-64
3.78349657754e-22
1.8462807677e-17
6.12679637086e-05
2.87901406603e-14
1.0294547521e-25
4.063547321e-21
1.26300532355e-45
3.78022895235e-07
1.15416199773e-139
1.00091661841e-41
1.83705536829e-17
5.54442649764e-39
5.25890805313e-20
1.10980070967e-21
2.20565654363e-21
1.71048221523e-53
7.51526647741e-18
2.43956924933e-60
6.98340610233e-92
5.70274984554e-13
1.79115923553e-12
4.35350438396e-11
3.8019435684e-07
0.00298120151608
8.03506500588e-23
1.47042412181e-05
8.74487769327e-06
6.92236871131e-32
1.57988358411e-05
3.68749920754e-86
3.64742341361e-11
1.39864867401e-66
0.0110607734807
6.14840364379e-06
1.36812835236e-40
2.81145165806e-12
6.13264020851e-23
4.15130014971e-13
3.97457299325e-35
2.20145258836e-19
1.26602072689e-17
4.26422367659e-06
3.17145714702e-15
3.27488960412e-21
3.9185538969e-08
2.53491933623e-35
4.44191851736e-35
8.44917934446e-32
7.86934675381e-08
2.2885041107e-10
7.29771944845e-08
0.000429409313269
2.58301817886e-06
8.00231641355e-47
5.74254842034e-14
2.12523462505e-05
0.00298120151608
1.2477535815e-07
4.86296877941e-57
2.57667780725e-11
6.58286043442e-43
7.57417249214e-11
2.85514062082e-72
1.42189398213e-69
5.23666374862e-20
6.29927496369e-12
0.000155253753876
5.09112803935e-53
0.000756379056935
2.22364482942e-18
1.25965989704e-07
1.28248308371e-34
2.6794868606e-17
2.62451764561e-09
2.57774011829e-30
5.39617858198e-37
9.45326692848e-16
7.66433783842e-28
8.1692623813e-25
5.30120021887e-32
1.07597063766e-05
6.69160815153e-36
2.81993857895e-12
4.13992876374e-30
2.53959503473e-05
4.61979511975e-28
1.41829246182e-36
2.38576654487e-13
1.71091181378e-05
0.000812183436744
3.93332718586e-13
0.00353260869565
1.96658653807e-05
2.45142597372e-24
1.08643833812e-12
1.17591019795e-07
1.48970076132e-17
1.20429003555e-116
1.2850144684e-05
7.49093145547e-69
2.53188127391e-78
3.60972077864e-15
4.15157871901e-35
2.8210564042e-29
1.55399796222e-08
1.75924440812e-10
1.26065429162e-10
5.39753002088e-16
5.04395891631e-16
1.36678945666e-42
7.36191627828e-07
0.0
3.56821332611e-65
5.21058993947e-05
9.69494058779e-33
4.13497565783e-09
2.20332402501e-15
1.02798758853e-35
1.09663914024e-27
1.65828732893e-49
1.60680798849e-81
4.83406131922e-27
3.05265974405e-10
7.82856286033e-35
0.00280188679245
7.01777654422e-20
5.68019707913e-13
2.62426885713e-10
5.2779728839e-11
1.26185245563e-39
9.48018571546e-32
2.00729356313e-35
0.00231080426344
1.3408729433e-18
1.35526681427e-07
3.33064334862e-11
4.34283007561e-19
5.90862601389e-20
9.93840924719e-16
1.75562110929e-06
4.62708321616e-17
1.78381363885e-14
1.69940553365e-08
2.36494210325e-22
3.5743727745e-13
0.0110607734807
7.04853213486e-42
3.75970872633e-18
5.96830822552e-08
7.70049360045e-50
0.00298120151608
3.86643419115e-23
0.00298120151608
1.08270960909e-21
3.44826955842e-200
3.80267134969e-18
9.10476662063e-21
0.000407063598014
3.23744120968e-44
1.65129571477e-42
3.42710170732e-09
1.36927426654e-11
1.3360145775e-54
2.19466747121e-36
1.22475188474e-15
1.91025756709e-08
5.04079648417e-08
4.47272056709e-15
2.56598932448e-07
1.00850876354e-59
9.84665355585e-15
1.02790288368e-08
0.00113856516802
1.86279164856e-37
5.80420811817e-07
4.72005051568e-38
4.91258970968e-84
1.13724444258e-27
2.55506576764e-18
3.96752475586e-19
1.43917300212e-06
6.6746928643e-17
1.30421834585e-26
6.46740580006e-67
1.77881537475e-05
7.17036068306e-70
8.45350330538e-08
6.51323742433e-05
2.80925811282e-25
7.71102166662e-30
1.25009402191e-82
2.20178963252e-41
1.86193758853e-05
1.7264536343e-66
1.92220133346e-09
1.88831800282e-53
4.71429726442e-25
9.99578339285e-57
3.23246526166e-28
8.76092891269e-67
7.1149639027e-17
1.61339153095e-06
1.28082248731e-15
2.4349323009e-08
1.02742302056e-38
1.8530838764e-06
1.76814510322e-32
2.84206677033e-27
1.22909394465e-09
0.00298120151608
1.76696021941e-06
1.12794412529e-06
0.000407063598014
0.00298120151608
1.46753081441e-34
3.35057521999e-20
9.18949540703e-17
2.51213241348e-28
4.69154078119e-09
3.57461601216e-55
0.00280188679245
8.53070301794e-28
2.2054721498e-18
1.7556949238e-18
2.47587262023e-18
9.19862938629e-42
3.88605015433e-32
2.20546861378e-34
1.99634467813e-48
2.28209461092e-58
4.15640355804e-18
1.02384644553e-06
1.43326656366e-23
2.97834014994e-12
2.30528074973e-30
8.93166845096e-36
0.000756379056935
3.44871936623e-16
1.61428921476e-11
1.15106803938e-30
4.14641027057e-10
3.90609292612e-15
1.19104287701e-07
6.85004033622e-66
5.90878864109e-16
1.51018313795e-20
0.00338975597671
1.65460920209e-27
5.33218951947e-21
6.46463699774e-46
1.98888224163e-28
3.5386515705e-24
1.45326616157e-11
2.25341351225e-08
1.76857739104e-39
0.0110607734807
2.73281744244e-35
3.17392269355e-26
1.89092834568e-08
0.00280188679245
5.4681312189e-43
3.56781148837e-23
1.26263897518e-19
7.50948356224e-71
8.52863174379e-58
3.77824591502e-52
4.00904096618e-37
1.55760989675e-16
6.99821464297e-17
0.000407063598014
6.07416429038e-07
2.00328921396e-16
3.57579904536e-10
7.4362736133e-37
0.00113856516802
1.98969807831e-06
7.96638213246e-44
4.61170415882e-30
4.97257220432e-17
3.55453552995e-23
5.52949021904e-13
1.03029497708e-25
4.67742638601e-29
9.00860823637e-14
6.40817645604e-32
9.11042321408e-21
3.7359436902e-34
1.53346020339e-20
1.17947125582e-17
4.51828985556e-15
1.14160299741e-24
5.95257914752e-21
1.61106000206e-15
8.99446146834e-54
5.17668871773e-60
5.20362752349e-42
1.86301742951e-09
1.61397388183e-88
1.41885438027e-30
1.31853116668e-60
1.09410499946e-28
2.94046307977e-18
1.22844281547e-06
6.02360655142e-09
1.13327363474e-21
2.4701816087e-05
4.70543303629e-41
8.81249487857e-08
2.21877392987e-47
6.41465223569e-29
2.24407243444e-09
1.402320577e-07
2.62508792826e-18
1.20936316719e-11
4.22926166283e-30
1.11543051748e-07
4.8532170226e-10
1.5943276191e-14
7.09650106387e-25
1.83427743496e-14
4.37441261749e-33
1.04660353838e-22
3.05584886574e-11
1.14088938332e-05
8.89430557495e-50
9.83494227939e-38
2.02774437185e-06
4.47387033199e-12
1.30284435945e-43
7.02777464876e-28
4.04309609314e-39
0.000137847711414
2.38689295087e-16
1.91974699778e-17
4.85261944486e-20
3.96177706222e-09
1.51232224584e-07
1.77706969024e-07
8.38201477027e-31
1.52344383868e-11
9.14276471223e-16
1.75514948945e-52
2.04626044216e-05
2.68963440082e-10
1.85043393025e-14
7.40750176908e-09
4.60924873202e-43
1.14468126795e-06
2.51254088152e-06
7.0446387021e-08
0.00353260869565
4.24623893004e-35
3.23147392142e-79
1.17146517371e-49
5.6340199223e-49
0.000756379056935
6.11797071722e-23
7.60727159153e-36
2.65456270672e-39
9.63551420025e-05
4.67117456672e-59
1.83665680486e-23
2.85426028892e-28
7.57173128911e-29
1.67874395068e-25
5.62511031536e-44
0.0
0.0110607734807
0.0110607734807
2.9782281915e-09
1.04003330772e-25
3.26771707147e-25
1.48027469586e-05
0.0
3.06470141026e-24
9.80369457595e-56
0.0033362948031
6.05626304325e-57
6.47429202746e-27
5.41588859332e-18
3.22479360227e-63
2.30393067987e-27
2.29465518526e-10
2.98358684535e-50
1.02874104155e-10
1.24764169467e-87
1.95848414813e-48
7.11093225844e-25
1.88877752362e-54
4.19753469825e-20
6.86804802142e-42
2.37177282193e-59
2.35905550998e-23
1.96490083159e-18
2.08042520211e-15
0.0110607734807
4.42936665225e-24
3.70542146642e-30
6.99264927676e-30
6.10520270956e-08
4.90112840431e-43
1.28522949456e-14
3.99188065629e-24
2.03543823889e-16
7.58320581681e-70
2.35082780304e-42
3.30129786192e-06
5.55914289486e-08
2.59302570796e-05
0.00231080426344
1.91215064359e-24
1.08519078053e-26
6.2349635372e-05
1.23713796707e-23
2.74729326221e-06
1.35377235973e-68
3.86833544559e-30
1.65925255989e-31
3.54706572302e-08
7.43002073024e-05
5.97504307166e-32
2.02323302926e-24
0.00231080426344
2.45319459277e-17
6.12679637086e-05
0.000756379056935
0.0110607734807
6.46965489392e-40
0.0110607734807
3.43475192342e-60
2.32622511923e-23
1.81650645097e-11
2.59302570796e-05
5.02093657412e-27
0.000429409313269
2.0164234253e-29
2.71934678036e-18
0.000280761086144
2.42823970145e-06
2.6841359845e-15
7.17666900061e-50
5.21453615536e-30
5.18053697028e-54
0.00298120151608
1.61224209137e-44
1.63585388596e-27
2.02220866025e-09
2.37214082138e-28
2.62057927372e-09
6.29984867645e-33
6.4441997245e-25
1.37741807029e-20
3.28022085159e-14
1.14450612197e-41
2.28706222391e-12
5.8932822061e-05
5.31035353326e-23
1.30232548543e-07
1.53565443033e-07
5.14355605018e-17
1.97426784644e-30
4.50746694166e-69
6.6636254337e-65
3.56026581793e-08
1.54361086485e-67
1.25186212074e-30
1.65820858018e-14
1.71810872873e-19
7.09011293553e-06
0.00280188679245
1.63292243351e-05
1.95709405215e-40
0.00473546511627
6.77073841948e-16
9.66304587651e-25
0.00353260869565
0.00298120151608
1.67347607303e-14
0.000756379056935
6.57633128503e-55
2.98609477017e-09
4.68019049736e-93
1.98803163177e-10