500
0.0
0.0
0.0
0.0
0.0
0.0
0.0
0.0
0.0
0.0
0.0
0.0
0.00394789670851
0.0
0.0
0.0
0.0
0.0
0.0
0.000301981088489
0.0
0.0
0.00394789670851
0.0
0.0
0.00433861719118
0.0
0.0
0.00073151680665
0.0
0.0
0.0
0.0
0.0
0.0
0.0
0.0
0.0
0.0
0.00433861719118
0.0
0.0
0.0
0.0
0.0
0.0
0.0
0.0
0.0
0.0
0.0
0.000105650073057
0.0
0.0
0.0
0.0
0.0
0.0
0.0
0.0
0.0
0.0
0.0
0.0
0.0
0.0
0.0
0.0
0.0
0.0
0.0
0.0
0.00073151680665
0.0
0.0
0.000613475448964
0.0
0.0
0.0
0.0
0.0
0.0
0.0
0.0
0.0
0.0
0.0
0.0
0.0
0.0
0.0
0.0
0.0
0.0
0.0
0.000929953812727
0.0
0.0
0.0
0.0
0.0
0.0
0.001094269664
0.0
0.0
0.0
0.0
0.0
0.0
0.0
0.0
0.0
0.0
0.0
0.0
0.0
0.0
0.0
0.0
0.0
0.0
0.0
0.0
0.0
0.0
0.0
0.00433861719118
0.0
0.0
0.0
0.0
0.0
0.000170474415512
0.0
0.0
0.0
0.000613475448964
0.0
0.0
0.0
0.0
0.0
0.0
0.0
0.0
0.0
0.0
0.0
0.0
0.0
0.0
0.0
0.00175325480121
0.00073151680665
0.0
0.0
0.0
0.0
0.0
0.0
0.0
0.0
0.0
0.0
0.0
0.00433861719118
0.0
0.0
0.0
0.0
0.0
0.0
0.0
0.0
0.0
0.0
0.0
0.0
0.001094269664
0.0
0.0
0.000613475448964
0.0
0.0
0.0
0.0
0.00073151680665
0.0
0.0
0.0
0.0
0.0
0.0
0.00175325480121
0.000201916130577
0.0
0.0
0.0
0.0
0.0
0.0
0.0
0.00433861719118
0.0
0.00394789670851
0.001094269664
0.0
0.0
0.0
0.0
0.0
0.0
0.000163841982999
0.0
0.0
0.0030447788529
0.0
0.0
0.0
0.0
0.00433861719118
0.0
0.0
0.0
0.0
0.0
0.0
0.0
0.00433861719118
0.0
0.0
0.0
0.0
0.0
0.00433861719118
0.0
0.0
0.0
0.0
0.0
0.0
0.0
0.000613475448964
0.0030447788529
0.0
0.0
0.0
0.0
0.0
0.0030447788529
0.0
0.0
0.0
0.0
0.0
0.0
0.0
0.0
0.0
0.0
0.0
0.0
0.0
0.0
0.0
0.0
0.0
0.0
0.0
0.0
0.0030447788529
0.0
0.0
0.0
0.0
0.0
0.0
0.0
0.0
0.0
0.0
0.0
0.0
0.0
0.0
0.0
0.00433861719118
0.0
0.0
0.0
0.0
0.0
0.0
0.0
0.0
0.0
0.0
0.0030447788529
0.0
0.0
0.0
0.0
0.0
0.0
0.00073151680665
0.0
0.0
0.0
0.0
0.0
0.0
0.0
0.0
0.0
0.0
0.0
0.0
0.0
0.0
0.0
0.0
0.0
0.0
0.0
0.0
0.0
0.0
0.0
0.0
0.000832091172151
0.0
0.0
0.0
0.0
0.0
0.00433861719118
0.0
0.0
0.0
0.0
0.0
0.0
0.0
0.0
0.0
0.0
0.0
0.0
0.0
0.0
0.0
0.0
0.0
0.0
1.87747227663e-06
0.0
0.0
0.0
0.0
0.0
0.0
0.0
0.001094269664
0.0
0.0
0.0
0.0
0.0
0.0
0.0
0.0
0.0
0.0
0.0
0.000139887535385
0.0
0.0
0.0
0.0
0.0
0.0
0.0
0.0
0.0
0.0
0.0
0.0
0.0
0.0
0.0
0.0
0.0
0.0
0.0
0.0
0.0
0.0
0.00363199389052
0.0
0.0
0.0
0.0
0.0
0.0
0.0
0.0
0.00433861719118
0.0
0.0
0.0
0.0
0.0
0.000630508613345
0.0
0.0
0.0
0.0
0.0
0.001094269664
0.0
0.0
0.0
0.0
0.0
0.0
0.0
0.0
0.0
0.0
0.0
0.0
0.0
0.0
0.0
0.0
0.0
0.0
0.0
0.0
0.0
0.00175325480121
0.00073151680665
0.0
0.0
0.00433861719118
0.0
0.0
0.0
0.0
0.0
0.0
0.0
0.0
0.0
0.0
0.0
0.0
0.0
0.0
0.0
0.0
0.0
0.0
0.0
0.0
0.0
0.0
0.00433861719118
0.0
0.0
0.0
0.0
0.0
0.0
0.0
0.00127159781777
0.0
0.0
0.0
0.0
0.00175325480121
0.0
0.0
0.0
0.0
0.00394789670851
0.0
0.0
0.000139887535385
0.0
0.0
0.0
0.0
0.0
0.0
0.00433861719118
0.00394789670851
0.0
0.0
0.0