500
0.0012737478411
4.60261761655e-12
3.2602839924e-25
3.5092453105e-18
2.39549800598e-15
4.78924912161e-12
1.24827870204e-08
1.52143192511e-07
0.000442230557818
0.00367647058822
2.56907251206e-07
8.97918015464e-19
0.00611538461538
4.64651952443e-74
1.06027090031e-16
2.17754237252e-05
0.00316997879258
0.000284481674694
2.96400096705e-15
0.00520658903924
3.63679733021e-08
7.93457612125e-32
4.73505517092e-05
4.67651914891e-06
4.61246143303e-20
8.17032164924e-10
6.48819123081e-60
3.6769881207e-22
3.89700845088e-09
0.00031179592369
7.23385627576e-33
4.01365953184e-20
2.60730155316e-25
2.59753912466e-09
4.07979167492e-12
8.02238018684e-17
1.85723899152e-33
4.8570785789e-05
1.259035375e-19
2.62007028177e-39
0.0100916010873
4.91055924691e-56
6.99689354427e-43
3.80296414299e-17
1.27420814463e-05
3.07175621347e-06
3.71768243913e-22
8.77062687467e-07
7.51881972195e-10
1.28817715533e-10
1.57580559562e-12
2.31192279168e-06
5.07034423498e-32
1.34358015571e-27
5.32120741978e-05
1.72963155764e-05
0.0100916010873
4.39646613622e-14
0.0004258275231
3.85108407138e-12
1.79298491268e-09
7.94250249387e-11
0.00611538461538
0.0012737478411
5.01799962009e-27
5.81909980987e-18
0.00616760562776
0.0100916010873
5.94484401423e-43
2.84344980364e-12
1.85341586463e-26
3.88191862287e-42
4.11820857777e-10
1.26192503359e-11
6.59653432327e-11
4.07032456196e-05
2.68701325927e-41
7.79406256713e-10
2.54048116812e-13
1.60760629633e-09
1.17714647682e-12
5.19147405433e-08
1.02320321535e-07
4.12321512747e-15
1.94836334971e-33
6.20131847142e-06
1.13902997197e-14
0.0012737478411
3.78127163584e-09
3.23338583811e-14
1.10982608996e-26
1.57931642895e-22
0.00520658903924
0.0100916010873
1.10061953147e-14
1.08628022673e-15
0.00011883215219
0.000299712349377
3.02114363313e-29
0.00520658903924
2.8724475713e-20
2.17953361618e-09
0.000686410418017
1.90355034789e-11
3.62474105945e-20
0.00520658903924
0.00016563405834
1.71332783133e-12
3.75037176841e-14
0.0100916010873
1.36305271532e-17
1.32157140746e-09
8.8991196304e-52
8.86581961975e-10
1.01901236796e-12
6.38684922952e-19
0.00616760562776
6.8823347683e-21
0.0
9.74021438773e-11
0.000422561198459
1.9220408959e-15
3.76160600944e-12
0.0012737478411
6.73126931335e-07
8.76291527386e-22
7.93079173059e-31
1.13963202568e-08
7.31420695255e-19
9.87805368813e-09
5.31155188243e-24
1.27978183909e-38
0.000167605334096
5.15774638121e-53
4.40376887247e-21
1.47279563118e-10
5.45786926334e-21
4.40267126429e-21
2.8960564781e-10
1.94094936073e-11
4.60352628627e-17
0.000406647453651
6.16918336974e-24
3.31282531762e-10
1.42433942211e-17
8.05741512917e-08
3.61383041521e-19
5.45409044252e-12
7.75422443243e-20
0.0100916010873
2.08450766867e-11
1.59215802657e-12
0.000768082641285
2.56630130465e-14
2.6959893811e-09
1.61093490001e-08
2.64750936019e-07
0.000133567073643
3.4004492717e-16
4.12252393455e-25
0.000686410418017
1.63234283759e-12
1.85201211062e-07
1.56129924173e-07
0.00520658903924
0.000686410418017
2.6325559712e-08
4.22052561166e-06
1.53876555636e-06
1.20122381477e-21
0.00092946909042
3.49654766838e-08
1.29630330111e-38
0.00583333333336
4.78800983006e-20
0.000380793230558
3.18706623356e-11
6.43470628132e-13
9.11219246076e-07
7.63789071248e-21
7.64701971306e-29
2.83554263195e-06
3.34256252423e-08
1.06623801163e-13
9.60516182415e-31
2.0971872069e-27
0.00211356584761
7.9474033078e-11
2.36124564584e-05
2.73912445121e-07
1.10571434403e-26
0.0105212096003
2.96068430462e-17
5.07374296727e-05
7.29874438654e-27
2.41757093446e-07
4.22030219279e-09
0.00611538461538
7.25373889794e-12
2.92338597806e-06
1.17485174708e-19
1.84052679095e-07
2.13404669189e-14
1.07206217471e-10
2.24014417285e-24
1.0461825254e-24
6.86643680907e-36
6.99977879325e-08
0.00347188153473
1.29370667026e-11
3.3239693543e-44
1.84700502348e-10
0.0100916010873
5.43997816206e-18
2.86489242534e-22
2.44542688056e-13
2.5349673537e-07
1.89044728564e-44
5.66174843439e-06
0.0100916010873
1.05179867748e-25
6.16797547444e-10
4.37796051703e-10
1.95468673461e-13
1.59724326869e-19
9.65640374206e-05
7.45428112121e-11
0.000585987251039
2.0712448531e-13
0.0019501457075
1.48766194474e-10
4.83322752658e-22
0.00031179592369
9.30398203659e-25
2.94134006558e-08
8.96651908399e-11
4.41226101101e-13
5.80764057506e-12
3.37274417272e-12
1.03285040744e-29
0.00616760562776
2.2457343454e-08
9.17916343587e-06
6.72435479363e-19
1.19156017319e-31
0.0105212096003
5.65488709481e-39
6.5695994137e-16
7.9856353549e-18
4.31135397423e-05
5.05558432395e-13
1.60318135488e-20
5.77720071181e-35
4.92017436096e-17
1.67539460355e-32
8.26358733835e-31
6.37841348125e-05
0.000422561198459
1.11318886778e-05
3.92794701018e-13
0.00611538461538
1.23163778057e-07
2.79426380158e-07
4.61797394952e-18
8.05463174158e-38
1.21210153037e-09
0.0012737478411
2.809866264e-16
9.07855073995e-13
8.35480845216e-09
1.35771722207e-14
2.95024846895e-19
6.82923902622e-05
1.14612313971e-15
0.0100916010873
0.000174182381478
6.91182486251e-10
1.05019755392e-10
0.000912760336739
2.84418850566e-12
2.6053462588e-15
0.00175282234105
4.12107289856e-36
2.93190793537e-12
6.49137518802e-15
8.93041334948e-11
3.27450527858e-59
1.78395183854e-12
8.31208017454e-07
3.32601687624e-28
7.72763986757e-06
8.23136408475e-06
3.37720595712e-37
5.35602457844e-09
3.27157691856e-14
1.76898025155e-48
1.42272459601e-10
1.66838846995e-52
9.26431835225e-50
5.12512865605e-60
4.72501507412e-20
6.44666542046e-29
3.56694309667e-15
0.00520658903924
1.68209982797e-24
0.00611538461538
1.55829109131e-06
0.00316997879258
3.32981094176e-15
2.04705733894e-11
0.000833934252958
3.08464035807e-06
3.46350111411e-21
2.40497334356e-15
2.34138749388e-15
7.22032433339e-17
0.00019540957141
2.91691869284e-08
2.29244127545e-30
5.29252794143e-06
5.99605982106e-45
0.00014838564112
6.8946232144e-66
2.69239571797e-45
0.000194815197319
8.92724597895e-31
8.12429204818e-07
9.0105869317e-13
4.39419999163e-12
2.30610602375e-05
4.23180695928e-13
1.03927625881e-09
5.07083074731e-08
5.9076152891e-29
0.0100916010873
1.4671826492e-30
5.31217022504e-09
2.8201438985e-06
4.84075255872e-07
7.64707654876e-19
3.62839966603e-11
4.55408670074e-16
5.33309976044e-08
1.95299010693e-35
4.44196149085e-15
1.83234885962e-15
4.25139212579e-10
2.13456954381e-16
5.12307417975e-19
1.62273709499e-13
7.67095998468e-23
2.66158618908e-20
3.75715795476e-09
3.04160579586e-06
7.97524893901e-06
5.28564342518e-06
0.000202955870964
8.31542868502e-25
0.0105212096003
2.74056297372e-21
2.84923771161e-29
8.76270327059e-14
1.35191086345e-05
9.09057662081e-10
0.000174182381478
8.00778606085e-15
3.69517304002e-06
2.56729285222e-22
8.41612862751e-14
0.000422561198459
5.23561714849e-12
9.23487321157e-09
4.87568831706e-21
1.10024462889e-09
3.2681228526e-05
5.43403709963e-23
7.08465225638e-24
2.14177197537e-17
0.00583333333336
4.61972660557e-05
3.35222159985e-07
2.52091110464e-07
7.55281771693e-19
1.36132798071e-14
7.72197375419e-31
4.64156095167e-40
3.88264474447e-39
0.000912760336739
2.37077584722e-25
1.39307060061e-25
2.10549833013e-14
9.0965127934e-07
1.43112610425e-09
9.71772671428e-08
0.0100916010873
0.00611538461538
3.5891893691e-08
3.15881027491e-12
8.00068851995e-14
5.96389283388e-29
3.14709916365e-13
9.95078621645e-13
7.05471194117e-06
3.99336397658e-24
0.0019501457075
2.40449403782e-30
4.39360019385e-14
2.26155537043e-06
6.45714657089e-16
0.0019501457075
6.43719095292e-09
3.99668386147e-22
0.00168301132075
3.63042100616e-06
1.3483170914e-05
1.03450463911e-05
3.97739103472e-12
0.00347188153473
0.00611538461538
1.36464858628e-07
3.72139403133e-08
1.23097171533e-73
2.75932235047e-15
7.7947248146e-13
4.1392894202e-17
7.06709721359e-10
2.79520623965e-26
0.0105212096003
2.97345641342e-14
2.76134002704e-21
1.88873411902e-09
0.00520658903924
0.0105212096003
1.64170544755e-17
3.72903342296e-09
6.21474155652e-06
9.07966122963e-25
0.0012737478411
2.58873731088e-18
9.28844281194e-31
7.8146741562e-21
3.14811936677e-10
4.58077749591e-33
0.000488858010354
2.46151071745e-20
3.01456537124e-08
1.28194596402e-14
6.72522991847e-19
2.58023340264e-13
6.45543662758e-06
1.12536643959e-29
3.99688467918e-19
0.00611538461538
5.61262999848e-08
0.0105212096003
0.00316997879258
0.00367647058822
1.15837320159e-64
2.06590736212e-14
1.07023146434e-08
1.35378314647e-16
9.06922044547e-06
1.14510623243e-08
3.34932973152e-07
5.07374296727e-05
4.8910532186e-07
8.41147094029e-05
3.72743721648e-31
0.00520658903924
4.25147164511e-06
1.92971495715e-14
0.000100121468373
1.34582161187e-10
7.83121474769e-08
1.86123801121e-31
3.27091376207e-58
3.08732712608e-09
0.00175282234105
1.95102116175e-15
1.64017694372e-19
1.65483041769e-06
2.63922885291e-15
5.87491771168e-11
0.0105212096003
1.03994211857e-22
7.83893737465e-23
2.76613637053e-13
3.84320677537e-35
1.51076129981e-25
1.09433509401e-15
1.59757292222e-14
2.87329116647e-06
0.00316997879258
1.44400434573e-14
5.89575415742e-14
2.02573124553e-13
1.04730001377e-12
1.62210727871e-05
0.00347188153473
6.29800309722e-43