500
0.0255838187061
0.00229978532686
5.2255294425e-06
8.88463639207e-05
1.19397288013e-05
1.17317164027e-07
0.0255838187061
7.86822892552e-17
0.0255838187061
8.24498998612e-23
0.0
0.00162898166679
0.00093649387923
0.0237189451964
0.0255838187061
0.00229978532686
0.0
8.20169202213e-06
0.0237189451964
4.53708707092e-09
0.000829217415197
1.66892940286e-12
2.39266108911e-08
8.25134162498e-09
0.00107977889089
0.0
2.25834445546e-11
9.16634605777e-08
2.96853667383e-13
1.0213481114e-05
0.0255838187061
0.00162898166679
0.000518400061041
0.0237189451964
0.000829217415197
0.00813428225568
0.0255838187061
0.0255838187061
0.0255838187061
4.81341686196e-06
0.00229978532686
2.23457698027e-10
0.000531085423392
0.000564493567108
6.49032801357e-13
0.000829217415197
1.50174064376e-05
0.0255838187061
0.00349957863457
1.60420137177e-10
7.72991518073e-12
0.000156999843947
1.49491809101e-05
0.0255838187061
0.00497554961339
0.000608381227412
0.000226535165731
0.0255838187061
7.01872765669e-14
2.64418848952e-12
8.74658897923e-06
1.05506885238e-13
5.44048033885e-06
0.00113197276611
9.98894784971e-05
3.88090907272e-06
0.000514089060893
0.00497554961339
0.000108332510922
0.000829217415197
0.0
0.0255838187061
0.00497554961339
0.000608381227412
0.0
1.90607331873e-14
0.0255838187061
0.0255838187061
5.12252094843e-14
4.98680263063e-05
0.000153456587526
0.0
8.63861108589e-07
0.00349957863457
0.0255838187061
2.00263214432e-07
0.0237189451964
0.0255838187061
1.10491546663e-05
1.75866422472e-09
0.0
1.32816507774e-05
2.53514826611e-06
0.0255838187061
4.90455923383e-06
5.52378885207e-12
4.21628003248e-07
0.00349957863457
8.42469272756e-06
0.00497554961339
1.5305432119e-06
0.000687796400967
2.70378858517e-07
6.359685659e-11
0.000531068382797
5.69943783099e-09
6.00877182201e-12
8.23391963194e-09
0.0255838187061
1.86796408426e-10
2.90378441468e-09
1.16333236668e-05
0.0255838187061
1.41221680688e-05
2.78910901244e-06
0.000394580104672
9.98894784971e-05
0.00114812150525
4.31553585076e-06
1.50811598848e-08
0.00349957863457
3.07476442305e-15
0.0255838187061
0.00612034255997
2.16645748189e-35
1.99212303907e-12
1.65414324408e-17
4.36169326064e-08
5.78402705767e-06
5.70492432375e-05
0.0255838187061
1.04753821023e-19
1.88889257583e-09
0.0255838187061
0.00756770064933
5.02066390157e-08
0.0
0.0255838187061
1.31315255689e-11
0.000531085423392
0.0255838187061
0.0255838187061
0.0
5.74384239796e-14
1.90521382746e-11
1.26197914139e-10
0.00229978532686
1.04890236679e-08
4.80205624235e-10
0.0255838187061
0.00349957863457
0.000946179412068
0.000444101005102
0.0255838187061
3.17891634213e-06
0.0255838187061
5.46343011829e-09
0.00349957863457
0.000753355411318
4.58708645963e-10
1.01691544616e-05
8.03279671402e-08
3.22115399507e-07
0.0255838187061
7.87740503074e-05
0.00156569306245
0.0255838187061
3.81078437731e-07
0.000518400061041
0.00016010086628
0.0255838187061
7.5299369431e-05
2.28322671697e-10
0.00497554961339
1.54997478111e-09
4.46425410535e-05
3.09289475441e-10
0.0237189451964
0.0237189451964
0.0255838187061
0.0255838187061
7.28589494621e-10
0.00612034255997
0.0
0.000254335883656
0.0255838187061
6.68412115136e-17
1.35056902541e-07
8.91943881963e-10
0.0255838187061
0.0255838187061
1.46661611257e-05
0.000160320048273
1.2779919431e-06
1.17955311404e-06
0.0010921222482
9.19874838103e-05
1.98232952212e-06
3.31763271697e-07
0.0255838187061
3.18448969263e-05
8.76894812763e-06
0.00420442859207
1.74729817782e-05
0.0237189451964
0.0255838187061
0.0255838187061
0.000444101005102
2.29171284189e-06
4.72079044547e-05
0.000333633915025
5.09843389046e-08
0.00113193635334
0.0255838187061
3.63879398337e-06
1.21150862591e-07
3.53966125923e-13
0.00229978532686
6.01001657246e-09
0.00349957863457
1.00139982532e-24
2.41079254253e-08
9.7129546129e-09
0.000995343750415
2.05128320064e-14
5.48804624694e-06
0.0255838187061
4.54821727678e-10
0.00497554961339
0.0255838187061
0.00497554961339
0.00093649387923
0.000995343750415
1.14560397162e-12
0.000153456587526
0.0255838187061
0.0
0.00494385309263
0.0255838187061
5.50374255656e-08
0.00494385309263
3.39642466879e-07
0.000564493567108
0.0255838187061
2.99241105077e-18
0.0255838187061
2.53978410668e-09
2.24521495203e-05
1.18882413108e-08
0.0237189451964
0.00420442859207
0.0255838187061
0.000254335883656
5.70492432375e-05
2.97680051348e-10
0.00813428225568
1.32272470062e-06
9.86775974245e-05
5.39552710869e-09
1.07676695369e-06
0.000444101005102
0.0237189451964
0.00107977889089
0.00612034255997
0.0255838187061
0.00162898166679
2.32245246218e-07
4.24301267574e-08
8.57983343916e-11
3.71215086543e-06
0.00494385309263
7.34912504406e-18
0.0255838187061
0.0255838187061
8.22152666875e-12
0.000280452087045
0.00162898166679
7.86581183668e-08
7.08848871482e-06
0.00813428225568
0.0255838187061
0.00497554961339
9.4003006735e-25
1.65514335726e-09
8.79074027561e-06
1.36018113666e-09
0.00162898166679
0.0
7.98894976664e-06
4.7780379736e-06
9.30402967658e-09
4.09576119509e-06
3.1689864503e-09
3.43630225477e-05
6.68029291522e-10
9.51385302203e-08
9.58918512394e-08
1.0444342187e-13
2.53582242758e-06
5.67368538891e-06
1.52903893247e-06
0.000687796400967
3.61338559675e-17
3.39811428763e-08
0.0255838187061
1.69054464464e-10
0.00497554961339
0.0255838187061
3.35549155298e-20
0.0255838187061
0.0
8.82298367919e-08
0.0
0.0255838187061
0.000342597888058
8.78963309928e-06
3.91000216683e-09
0.00114812150525
2.5251550554e-06
0.00013903888273
0.0255838187061
2.38769566385e-07
7.13624914875e-10
0.0255838187061
0.0255838187061
5.91883782662e-05
0.00756770064933
0.000444101005102
1.84672040619e-08
8.73860324375e-09
7.70303883535e-11
5.09421455538e-05
1.62385232607e-11
0.000280452087045
0.000564493567108
4.03298351607e-06
5.27036741522e-10
0.000564493567108
0.00497554961339
8.96126922785e-11
1.63041745566e-18
8.26451796874e-07
4.38329917049e-07
0.000755765661742
3.35126151365e-05
0.0237189451964
9.32027552018e-11
0.0237189451964
0.0
4.46194605347e-08
2.62403695782e-22
0.0255838187061
0.00110486800447
2.16096193088e-05
2.97606916496e-09
0.000564493567108
4.46465473764e-08
2.30415953395e-07
0.00756770064933
2.76509961004e-06
0.000753355411318
0.00497554961339
0.0255838187061
4.06371280228e-06
0.0255838187061
0.000146320381303
1.42798859605e-05
8.11275911304e-11
2.31190988295e-13
0.0255838187061
0.0
6.56777350122e-12
0.000753355411318
0.0255838187061
0.000550721430144
1.05001840153e-06
1.37614702592e-12
0.00497554961339
0.0237189451964
9.43208395033e-07
0.0255838187061
7.03666478944e-16
5.16034516688e-10
1.39549317638e-13
0.0255838187061
6.77272454397e-07
0.0237189451964
1.2427813699e-12
1.92875766017e-06
1.79645681491e-05
0.0255838187061
0.000159991707104
0.0
0.0255838187061
0.0255838187061
0.0255838187061
2.52942914305e-09
0.000174231170684
0.0255838187061
0.00349957863457
0.0255838187061
1.71145004133e-11
4.92318094155e-15
0.0255838187061
0.00497554961339
0.000687796400967
5.01980381636e-09
0.00813428225568
0.00813428225568
0.0255838187061
2.68105823636e-16
0.000280452087045
5.07327187139e-12
0.0255838187061
0.0255838187061
0.0255838187061
1.24151180507e-09
1.80794104129e-17
8.62747612488e-14
1.32401684123e-08
0.0255838187061
2.57914439439e-11
0.000187860452887
1.04316240064e-07
0.0255838187061
1.68720606787e-11
0.000146835975912
9.03481126822e-07
0.0237189451964
0.0
2.58912795048e-08
9.05819926103e-11
0.000192938217251
6.45431880218e-06
0.001467087765
0.00497554961339
0.0
4.4251851074e-11
8.77560313387e-14
9.01451054721e-11
4.46804160897e-09
0.0237189451964
0.0255838187061
2.86620095078e-06
0.0255838187061
1.00353944697e-05
4.45333301331e-07
3.0504679487e-06
1.37227326158e-05
0.00497554961339
0.000506656677064
9.03105876113e-05
0.000518400061041
0.000514089060893
0.0255838187061
0.000254335883656
1.6380383093e-16
2.04688685974e-13
7.47772337183e-15
0.0
2.50918688922e-11
5.3470526911e-05
0.0237189451964
0.000146320381303
7.42543579704e-14
1.0357013648e-08
0.0237189451964
2.77621467066e-05
8.47939910347e-06
0.000134147571534
1.01262331436e-13
2.46802924925e-07
9.91556517412e-08
0.00612034255997
1.65706993452e-12
5.58451413021e-10
0.0255838187061
5.10586960813e-08
0.0
0.00497554961339
1.43656072112e-06
2.4193519934e-05
0.0255838187061
1.0984774345e-06
9.03578492077e-07
0.0255838187061
3.22678748738e-06
0.00162898166679
3.24780162251e-05
7.25622577002e-07
0.0255838187061
0.000608381227412
0.000995343750415
5.16256119417e-09
2.93055135662e-09
0.00093649387923
0.000995343750415
0.0255838187061
0.0255838187061
0.00420442859207