500
0.000189583150641
1.3842388452e-08
4.50425133483e-09
1.10640716264e-17
8.02854880382e-11
0.000537950378572
2.34335236408e-09
5.85378973914e-06
2.15988702254e-05
4.0427227349e-13
2.30279151824e-06
0.000429602116369
9.85036686085e-05
0.000190647420963
2.48297432823e-05
3.30811917211e-05
1.07657999064e-05
9.02008996609e-09
3.05936774905e-11
1.47645849708e-05
0.000233952120215
0.00025277186463
0.000153439400705
2.63289038222e-05
4.81968342678e-07
2.35282565343e-07
1.10569847164e-05
1.28647794478e-07
0.0
0.000522150887139
0.00107455200425
0.000192175161504
8.10469676707e-07
1.57742798076e-08
0.000568942707884
3.83012581236e-13
0.000384988649956
0.000854345235619
0.000242105033017
0.0011324720906
0.000522150887139
7.35748755293e-08
0.000172096339208
1.60241825844e-05
2.51917388209e-05
3.18055281025e-07
0.0
0.00023366476527
3.34445906803e-08
0.000350687192029
2.00452515776e-07
1.01917886794e-05
0.000144250403811
5.31072342203e-05
2.82354250983e-07
4.70411103602e-06
6.90442085091e-11
4.40203208038e-06
2.34368009928e-07
7.54721939593e-05
0.000550265026996
0.00427081296913
2.71144764258e-06
1.97717720467e-05
0.000237147173661
0.000767078780428
8.12285175977e-05
3.74661552372e-06
3.78123599046e-05
6.3464521678e-06
8.10679176354e-06
0.000101038504947
0.0
5.9673532462e-05
0.0
0.00427081296913
6.70195750992e-07
1.25093814366e-05
1.27919188661e-05
1.45907215125e-08
1.02656968994e-08
0.00427081296913
7.17723917575e-09
0.0
0.000854345235619
0.000113438794383
0.000289265425022
9.20339420533e-05
1.48486667153e-05
0.000226034680143
2.21466762291e-05
1.64685973722e-05
7.95521811019e-08
0.000443911282283
2.1531069902e-05
2.2725942705e-15
6.03504633915e-05
0.000618049052977
0.0
0.00144875634288
0.000156678660647
9.33651332562e-08
3.59445271841e-08
6.38379267461e-12
0.000645723128439
0.000122331227971
4.09297973237e-05
8.32920279016e-12
0.000202084242315
0.000106323828953
1.19153016846e-06
5.56605973161e-05
4.56618854755e-07
0.000901356083876
3.25997070458e-07
0.000289813224804
0.00137542656544
1.06430010891e-05
2.41109361002e-06
1.55379414473e-06
1.80094240419e-05
8.19854344924e-07
9.09943127163e-06
3.07084783029e-07
0.00243652860464
1.8134461502e-14
1.33687412457e-05
1.70419881464e-05
8.50520323974e-07
0.000309894442262
0.000332323221717
5.99516971899e-07
6.29103511386e-06
0.0
7.88065480719e-07
8.32707405826e-05
0.000374479090283
0.0017958542167
8.96758096338e-06
2.29624685025e-06
0.000967096803823
7.88591613917e-10
1.17199993305e-05
5.4568103978e-06
2.24571253873e-06
2.15976156267e-11
5.24944458819e-05
6.55662287481e-09
0.000156706265492
4.38567217369e-07
2.33882180701e-10
7.09577893311e-16
0.000265802265242
0.000539352267489
0.00051295759239
0.0017958542167
4.84410626334e-05
1.18153575822e-06
2.75616333593e-05
0.00130861346756
6.3673434309e-07
0.000675503400809
8.47180290584e-07
0.000591351471463
1.40970394257e-09
3.86209197022e-06
8.76022272043e-06
0.00041194232692
1.57618048386e-09
0.0
1.86628446093e-07
0.00247929579887
0.000979661164019
1.31422413092e-06
4.50019045756e-10
0.000128487355758
4.77777645531e-08
3.57775377837e-07
0.000143699559068
5.08443933362e-06
0.0
0.000865647670904
0.0
0.0
5.67405657019e-06
1.82280660402e-09
0.0
2.73976163525e-07
0.000174645123912
1.01715372372e-05
0.0
0.000762106201205
0.000206394998743
0.0
5.31072342203e-05
2.97260961279e-05
0.00427081296913
3.45011875411e-07
0.000370520569726
9.88436841805e-08
1.51026479919e-06
2.92776692087e-07
0.000913542991251
1.96212747009e-09
0.000110287905213
3.39184313809e-05
1.25775701791e-05
0.000226034680143
8.66489334131e-05
3.20671487052e-05
0.000511856923369
5.98087073646e-07
0.000980865926237
0.00247929579887
0.0011324720906
8.70349541812e-05
7.25758411285e-06
0.0
9.71557853355e-05
1.51606145783e-14
1.00863192971e-07
6.66563393207e-11
1.83008668012e-12
8.46595060271e-15
0.000233515830784
0.000107457584631
0.0
0.00137542656544
0.00054073310883
1.31573696668e-07
9.88929367855e-07
0.000512048437095
2.94631827789e-08
9.48411338882e-11
3.90306544925e-06
1.07647375117e-06
0.000762106201205
0.00243652860464
1.99670790409e-05
0.000332686591302
0.000950858071572
1.89725193082e-06
0.000526257461143
6.05821017156e-06
0.000641234788484
0.00113184089288
0.0017958542167
0.000114134403891
0.000120533888908
8.12939694119e-09
0.000434786906482
0.00137542656544
1.18401825858e-07
0.000369882472946
9.20977804773e-06
6.54468634887e-20
0.000197687601058
0.000125688956515
2.86747882145e-06
2.46689530602e-10
2.73531122402e-10
2.04670289429e-07
2.55759421918e-06
0.000681635357973
0.00214600754538
1.70385407655e-06
0.0
3.56170782582e-05
3.60036467114e-07
0.000163017388898
0.000327891298655
0.000412448923046
1.19183333896e-06
6.57472413381e-05
5.55620425129e-11
6.20636197274e-08
1.80436353191e-06
3.06580229136e-06
0.000178518432049
4.04610105626e-11
0.00405464289603
5.28372699234e-06
5.75582328888e-09
8.26268989066e-06
3.32072690419e-06
2.55030276126e-06
0.0
2.07962941471e-06
0.000107536661078
0.00019159532601
0.00024422292918
2.61172875617e-05
0.000122331227971
2.27319485286e-09
2.26356472888e-07
1.70229819666e-26
1.49585516287e-05
2.56111198372e-05
4.58462116115e-08
0.0
0.000675503400809
1.10242994011e-05
8.58580272605e-08
1.66524572624e-19
6.0048254412e-06
5.73229868476e-09
7.74995134397e-06
0.00247929579887
8.09669664647e-05
0.000902384798235
0.000217109588875
1.74241805666e-05
2.85375524352e-10
1.15501430827e-06
0.000340798177834
3.48741438254e-14
0.000429602116369
1.70996178023e-05
0.0
0.000339157612877
0.00104253074228
6.1451875263e-11
0.000141260531296
2.28966785104e-06
1.15896142375e-09
0.000374479090283
2.33744766652e-08
1.03671253716e-09
0.00243652860464
8.83750475494e-05
1.16285721119e-06
0.000153439400705
5.40565146372e-08
1.17960292615e-07
1.02349118145e-08
0.0
6.14898698409e-05
1.02531858426e-06
2.63682252939e-05
3.3099516236e-07
4.60652928701e-05
2.78366991253e-10
2.48236398817e-07
0.000100057381438
0.000450857408667
0.0
1.81842896666e-06
0.000233515830784
3.2894144344e-06
2.1013109498e-05
0.000380685387597
2.47330190029e-06
1.49572952265e-05
0.00226128432147
0.000384988649956
9.28358036538e-06
5.90110118663e-09
1.37665222545e-05
7.37552180973e-06
0.000591351471463
3.65044886451e-11
8.62694349971e-06
2.61052125288e-05
0.0017958542167
0.00247929579887
9.42334148237e-06
0.00054073310883
4.57875615867e-05
2.79637383192e-07
2.59475584576e-05
1.26756407558e-05
0.000436221667628
0.000394731187726
5.92435756028e-05
7.6470642306e-05
1.85103238419e-09
0.0
0.0
2.4316208854e-05
1.37029714888e-05
0.000289265425022
0.000407855002027
4.63491294498e-09
1.7231725868e-11
0.00072353168286
1.88995996278e-05
2.00496522905e-06
1.77165506244e-08
1.77858923646e-05
2.53793219921e-10
0.00107455200425
0.0
2.49124355663e-10
8.07371072082e-06
0.000218724920705
0.000901356083876
0.000192409349348
2.67470195045e-06
5.27494762492e-07
8.19427750781e-08
0.00072353168286
0.00214681048441
0.000203977061716
2.1815728489e-05
0.000566882194314
1.40065247682e-06
2.81102882524e-06
7.41711055877e-07
2.16020576918e-07
3.65700200554e-05
2.88457705933e-06
8.06631603429e-05
1.27488888207e-05
2.81247410644e-17
5.41891345125e-10
0.000364902104197
0.000169493011371
0.000163129410575
2.62656088552e-07
7.09701351443e-06
5.07111788357e-09
0.000237951587789
0.00214681048441
0.000364902104197
0.0017958542167
1.2030476923e-06
8.81306694049e-13
0.000136662445129
0.00214600754538
4.05499146975e-06
0.0
5.55036506871e-05
0.0
1.7234817809e-09
6.05988300972e-08
8.76469543236e-09
3.33420433111e-06
0.0
8.04456843514e-05
1.87246356016e-05
0.000126334150124
1.14743104275e-07
2.02509466568e-05
0.000259911399455
2.29563124145e-05
0.0
7.84727256435e-05
0.000226034680143
0.00101865680359
6.81859555964e-07
6.69198966569e-06
0.000967096803823
0.000122073163122
2.59467107695e-05
0.00214681048441
0.000980732347276
7.40776055595e-14
2.11837623833e-06
4.26471974637e-05
9.62315997468e-05
0.0
1.16253696569e-05
0.00101865680359
6.46598968182e-05
0.00113184089288
0.00405464289603
0.00427081296913
0.000306718360051
0.000865647670904
5.36350546978e-12
0.000158934420206
0.00144875634288
9.8506141707e-09
1.9502028435e-06
7.61564921933e-06
0.0
0.000213240763223
0.00247929579887
3.66314747954e-06
0.00427081296913
0.000841033203858
7.63397647405e-09
0.0011324720906
1.26200854886e-05
1.25742963904e-06
0.0001060983466
0.000274304652079
2.46443839472e-06
0.000865647670904
1.23954088085e-08
1.77304490626e-08
0.00072353168286
0.000237951587789
0.00405464289603
9.36690561447e-09
6.19608200331e-07
0.00427081296913
5.866161226e-08
3.65920169252e-05
1.23029438495e-06