500
0.00343635814416
3.14811462188e-07
3.16279466582e-05
0.000157328884153
0.0106731953683
0.0106731953683
0.00106868611101
0.000486724255167
0.0106731953683
3.03224031208e-08
0.000556906477757
0.0128627722836
0.0114195443644
0.0520152458137
0.0128627722836
0.000121989963912
0.0106731953683
0.000264273788839
0.00343635814416
0.0520152458137
0.000501012458904
0.0114195443644
1.85508074361e-08
0.000370005199023
0.0520152458137
0.0128627722836
1.34568845532e-10
5.45734840568e-12
0.0114195443644
3.79603312718e-05
0.000671908176238
0.0106731953683
2.41306818957e-07
3.44306807563e-06
5.02691265399e-05
0.0128627722836
0.0106731953683
0.00457262950282
9.52436685999e-06
0.0014695410109
0.0520152458137
0.00348483262914
0.000157328884153
0.000737045647574
0.000372684728756
1.09034470927e-05
0.00106868611101
0.000146312430834
0.0520152458137
2.79865887597e-09
0.0014695410109
5.57895011624e-05
0.0128627722836
0.0106731953683
0.000501012458904
0.0520152458137
0.0114195443644
9.10566478848e-15
3.99260731277e-05
7.06043937515e-06
0.00457262950282
3.28738705734e-11
0.00348483262914
0.000234429114414
5.21463173905e-06
6.4111614179e-06
3.44306807563e-06
5.74156268638e-05
0.000146312430834
1.9176410263e-08
0.000196219708344
0.00068090807401
1.09034470927e-05
0.0520152458137
0.0520152458137
0.0128627722836
0.00106203284699
2.59859647162e-07
0.0520152458137
0.0520152458137
3.60545394791e-05
8.18325682353e-05
5.45590961985e-11
2.14525158566e-05
6.24498706375e-07
0.0128627722836
0.00457262950282
4.20712655975e-05
0.000322626347464
0.0015748654695
0.000263208411061
5.90655508827e-05
0.0114195443644
0.000263208411061
0.0128627722836
9.46796866212e-05
0.00127617107641
0.0520152458137
0.000501012458904
0.00106203284699
0.00103756614715
0.0106731953683
1.55360592043e-05
0.0114195443644
0.000758528701655
0.0520152458137
1.01658806405e-06
7.81432493633e-11
0.0520152458137
4.16796070147e-07
0.00335719266119
3.66895175069e-17
6.14480691031e-07
0.000261419816442
0.0520152458137
0.000556906477757
1.8879674358e-06
6.24498706375e-07
0.000486724255167
0.0520152458137
3.5936582199e-12
0.000765068013976
0.00141320622746
0.00348483262914
0.000267584319976
0.00335719266119
0.00335719266119
1.52610770006e-05
0.0015748654695
0.0520152458137
0.0114195443644
0.0520152458137
0.0520152458137
0.000145956651885
0.0520152458137
0.0114195443644
0.0114195443644
0.0014695410109
5.90655508827e-05
1.09034470927e-05
3.79603312718e-05
0.0520152458137
0.000358500290948
0.00141320622746
4.39805178294e-13
1.62693769631e-05
0.00343635814416
0.000501012458904
0.0106731953683
0.000114431067887
0.00348483262914
0.0520152458137
0.000861759044951
0.0520152458137
0.000617967889852
2.4656583229e-07
0.0520152458137
0.000125828211291
3.4218938918e-05
0.000191963257186
0.00335719266119
0.00141320622746
1.76420366665e-07
0.000144063140131
0.000758528701655
1.68717578864e-09
0.0128627722836
0.000370005199023
0.0520152458137
0.0520152458137
0.0128627722836
0.000321404218921
0.00106868611101
0.000321404218921
0.0114195443644
0.000765068013976
1.26965409968e-05
0.000501012458904
0.0114195443644
8.23672387803e-05
0.000234621758782
0.0520152458137
1.01283935455e-05
0.0520152458137
3.44306807563e-06
7.87353409902e-06
2.3138495781e-05
0.0128627722836
3.20135399804e-07
0.0520152458137
0.000556906477757
5.01126316278e-07
0.0520152458137
0.000370005199023
4.155534351e-11
0.00457262950282
0.00335719266119
0.00335719266119
0.000114431067887
2.42196272813e-09
3.20135399804e-07
0.0520152458137
0.0520152458137
5.47164565389e-07
2.15248526243e-10
1.92449295248e-07
0.00049331029266
0.00457262950282
0.0520152458137
0.0015748654695
7.79244321501e-08
2.26816529761e-07
0.0520152458137
0.000372684728756
6.22258758095e-13
9.61454292049e-05
0.0106731953683
2.35105863686e-06
5.9570414177e-10
0.000356064154167
2.28999977836e-06
0.00343635814416
0.0520152458137
0.0128627722836
4.66558798296e-07
4.59794324954e-06
5.94779311e-08
3.0467654279e-06
2.62197416025e-05
0.000486724255167
0.000486724255167
0.0128627722836
0.0520152458137
0.0520152458137
0.0520152458137
0.0128627722836
3.30442284063e-09
7.10253516634e-06
1.09034470927e-05
0.00343635814416
4.3365515144e-05
0.000110720237861
0.000765068013976
0.00141320622746
0.0520152458137
4.04967949054e-10
0.0114195443644
0.0520152458137
0.0114195443644
0.0014695410109
8.039733705e-09
0.0520152458137
0.0520152458137
0.00457262950282
1.73775737444e-07
0.00457262950282
7.93062703998e-11
0.0520152458137
0.000454172923223
0.0114195443644
0.0520152458137
3.44306807563e-06
0.000454172923223
0.00343635814416
3.16465863601e-07
0.00457262950282
0.00141320622746
2.75070317538e-05
0.000227789611739
0.000264273788839
0.0520152458137
1.29641449678e-07
1.45747298595e-07
0.000363400597055
0.0520152458137
0.0128627722836
0.0128627722836
0.0520152458137
8.68061527022e-06
1.10813980684e-05
0.00141320622746
3.79603312718e-05
0.0520152458137
3.46462916082e-06
0.000737045647574
0.00457262950282
0.000874379545369
4.33528758083e-12
2.23065305934e-08
0.00068090807401
2.98193666756e-08
0.0520152458137
1.13798463781e-09
0.0106731953683
0.0128627722836
0.0520152458137
2.03385394843e-05
2.28999977836e-06
0.000110720237861
0.0128627722836
1.58373313517e-06
2.49685238017e-05
3.44114670026e-06
5.27156091621e-06
0.00141320622746
0.0114195443644
0.000267584319976
0.0114195443644
1.21388827499e-07
0.0520152458137
3.77608925703e-07
0.00348483262914
0.00335719266119
0.000346117936931
5.94696683972e-05
0.0106731953683
0.0520152458137
0.0520152458137
0.000486724255167
3.14803975879e-20
0.0520152458137
0.0128627722836
0.0114195443644
0.000486724255167
0.000617967889852
0.0520152458137
0.0106731953683
0.0128627722836
0.000322626347464
0.000556906477757
5.83640425501e-13
0.0520152458137
2.36800376336e-07
2.6088732056e-10
0.00457262950282
0.0106731953683
0.00103756614715
0.0114195443644
0.0106731953683
0.0106731953683
3.4218938918e-05
2.29918220828e-09
0.00141320622746
1.82891408613e-08
6.24498706375e-07
0.0520152458137
0.00015281635454
4.03233243381e-14
0.00457262950282
0.0114195443644
0.0520152458137
0.00457262950282
0.0128627722836
3.77867829302e-05
0.0114195443644
0.0106731953683
0.000617967889852
0.0128627722836
0.0114195443644
0.000157328884153
0.00106868611101
0.0520152458137
3.01926491615e-05
0.000322626347464
1.7458903507e-05
9.72157503859e-07
0.0128627722836
0.00127617107641
0.0520152458137
0.00335719266119
3.4218938918e-05
5.48033877624e-07
0.000372684728756
0.000830195148321
0.00103756614715
9.38608046864e-05
0.0114195443644
0.0520152458137
0.00457262950282
1.79646805714e-05
0.0128627722836
0.00457262950282
0.0520152458137
0.0520152458137
0.0001192069436
0.0520152458137
0.0128627722836
8.98790802487e-08
0.00343635814416
0.000126803053923
0.0114195443644
0.000356064154167
0.0114195443644
0.000256578179556
9.14858154206e-11
3.35660158302e-05
2.62197416025e-05
1.0064862776e-06
0.0114195443644
1.09034470927e-05
0.0520152458137
0.000737045647574
0.0114195443644
2.87470760221e-05
9.71314463367e-09
0.0106731953683
0.0520152458137
2.40382166976e-07
0.0520152458137
0.000227789611739
0.000874379545369
2.72522270472e-06
0.00141320622746
0.0520152458137
1.22388945866e-08
0.0128627722836
0.0520152458137
0.0520152458137
0.0520152458137
6.10990861997e-11
0.0014695410109
5.01782256746e-14
0.0114195443644
0.000346117936931
1.73775737444e-07
0.000501012458904
1.67343183145e-05
1.39896868732e-05
0.000157328884153
0.00348483262914
1.07798836202e-14
0.0520152458137
4.88651117203e-07
0.0114195443644
0.0520152458137
0.0114195443644
0.0520152458137
3.62062159234e-12
3.2549822923e-05
0.00457262950282
3.76185337008e-07
1.4301158647e-05
0.0520152458137
2.84413498307e-21
0.000758528701655
0.0520152458137
0.0520152458137
0.000874379545369
0.0106731953683
0.00457262950282
0.0520152458137
0.00335719266119
0.000454172923223
0.0128627722836
0.000737045647574
2.20940267794e-07
0.0520152458137
7.48212501633e-06
0.00343635814416
0.0520152458137
3.10555272221e-08
0.0520152458137
0.000737045647574
0.00348483262914
0.0114195443644
8.1732558503e-09
4.86264822953e-06
0.0520152458137
0.00141320622746
0.0520152458137
6.69670862884e-05
4.59644404156e-07
8.23672387803e-05
0.000363400597055
3.02064045257e-07
5.05324168412e-08
2.7847174548e-09
0.0520152458137
0.00457262950282
0.0520152458137
0.0520152458137
0.0520152458137
0.0114195443644
0.00141320622746
2.70949665133e-08
0.0520152458137
1.96964251552e-10
3.64569123651e-09
0.000111459202246
0.0001192069436
0.0520152458137
1.61892370085e-06
3.53414926886e-06
9.38608046864e-05
0.0520152458137
0.000322626347464
7.36561513331e-06
2.38978527722e-05
0.00457262950282
1.87102122803e-05