500
0.00275956990235
0.00702312716359
1.4397116086e-16
0.00702312716359
3.59136925135e-06
0.0
8.01402481638e-11
0.0134305879292
0.0
2.17229861147e-06
0.00702312716359
0.0040042678514
1.87812216004e-07
0.00341561922164
4.67047448365e-05
1.75235367382e-05
0.000417906970619
4.60127555099e-05
5.52997667937e-05
0.000634382652407
0.0
0.00194743081298
0.00702312716359
6.24553254143e-15
3.6725678129e-05
1.10120093883e-19
1.26964027752e-17
0.0040042678514
0.0169037504071
0.000179749681549
0.00702312716359
0.0387103825137
0.0
0.00702312716359
0.000168427719878
0.0
0.0040042678514
5.01827140886e-08
3.91651612416e-12
5.61507292402e-08
0.0
3.44242460852e-05
0.0134305879292
0.00303141448596
2.46258798164e-16
1.7782485903e-06
7.04595399565e-08
7.34836841028e-15
0.00205911623939
7.86036756857e-05
0.0
0.00822552237661
0.0
0.0
3.47267101814e-08
0.00702312716359
0.000832949344739
0.0
0.0
0.000760336193969
0.00410237357751
1.35111298971e-06
7.22510726207e-15
0.0
0.000207670124663
0.0
0.0
0.0387103825137
1.75586419355e-16
0.0
0.0
7.21218489147e-10
0.0
4.18290966052e-17
8.45584100274e-12
0.0
1.07218097161e-23
0.0
1.07430490193e-15
0.0
0.0
1.97360151019e-06
0.0134305879292
7.0231911333e-08
6.04711064268e-05
0.0
2.85081742892e-06
4.20123630535e-11
0.00133116152063
6.13433097997e-07
0.0
2.65116552551e-05
4.60127555099e-05
6.62790180723e-10
0.000280769773726
1.80367131427e-06
6.83987965019e-17
2.26476037115e-11
5.72762535306e-11
0.000135331824284
1.26238747322e-05
2.73472669663e-08
1.93172920815e-06
0.0
0.000881255180231
2.67074901125e-05
2.34073863744e-08
0.0040042678514
0.0
0.00145624050247
0.000442244515209
0.000350076738231
5.34827296637e-05
0.0134305879292
2.64049934318e-08
0.0040042678514
0.00341561922164
0.0
0.000179176728227
2.69979819005e-09
3.88410798232e-10
1.65504939549e-24
3.88589732195e-06
3.19337258e-07
6.62971503924e-10
0.0
0.0040042678514
3.81168966253e-09
0.00702312716359
9.69387369873e-11
7.21890367423e-10
0.0198987809746
0.000172314844777
0.000427007110262
0.000116121194517
0.00032218272446
4.60266095415e-07
3.09722867148e-08
2.69553532903e-07
0.00145624050247
8.61346741401e-12
0.00357379396777
2.44866480717e-05
0.00194743081298
6.78000654229e-07
2.78434734443e-07
0.00017457874899
3.602073805e-05
0.0
5.95521951014e-07
1.7660072285e-14
1.28295303896e-12
0.000176114018589
1.06307507939e-09
0.0134305879292
0.00410237357751
0.0040042678514
0.0040042678514
0.00118731698203
0.0134305879292
0.00303141448596
3.19833186924e-13
0.00303141448596
4.31636229749e-10
0.0
1.0115821193e-15
0.0
7.27660549573e-13
0.00155699189227
0.000907381869572
0.0
0.0
0.0
2.14894937898e-12
0.0
1.63108448454e-09
8.95370758771e-05
0.00155699189227
6.1450518538e-28
4.90521086638e-15
0.00223715910011
1.43693773884e-09
0.0
1.93154412693e-18
0.0
0.0
1.03413620467e-05
3.12383190227e-11
0.0
1.1359892853e-06
7.35313445278e-05
5.71810970169e-09
3.8620959337e-06
0.0387103825137
0.000662664343742
9.43228105931e-06
3.52152050845e-13
0.00134790583794
0.00403632588321
0.000442244515209
1.67232586812e-07
0.000287727302214
0.0
0.000109970107061
1.73803076907e-06
0.0022759737044
0.000673871580253
0.0
4.72351009388e-16
2.76153890187e-20
0.0
0.0
0.00410237357751
9.43641441657e-07
2.41412761674e-05
0.0190998598835
0.00050677409086
4.90719839351e-07
1.60013345896e-09
1.50082480406e-06
1.34942105311e-08
4.67051383692e-10
2.97013407726e-07
0.0134305879292
0.00702312716359
0.000442244515209
0.000442244515209
0.00303141448596
1.9907652986e-12
0.0
3.84774776596e-05
0.0
9.18542613267e-26
8.44140224996e-05
7.63076489155e-10
0.00223715910011
0.000616721526748
8.92606751511e-13
0.0
0.0
4.9378515275e-05
9.94117820815e-10
0.000788629914529
0.000380955061725
0.00702312716359
0.0
0.000232383816223
5.36695132194e-10
0.0169037504071
7.53714100446e-19
1.08010579241e-12
0.0
0.000249888982005
0.00114830235936
2.58243810181e-05
0.00118731698203
1.84394528177e-07
0.00702312716359
0.0
1.77881518305e-07
0.0
0.0040042678514
0.0
0.0
1.28516510726e-08
0.0
6.10425889285e-07
0.00118731698203
0.0134305879292
0.000262051651027
8.81201623599e-10
0.0
0.00702312716359
0.0
9.21004891515e-05
0.00018402321201
0.0
0.0
3.62454101484e-22
1.9981324712e-06
0.0
0.00028311039121
7.25606845677e-09
0.0
7.68969286342e-05
0.0
7.45929715345e-07
0.00403632588321
1.60891919558e-05
6.33893251953e-07
3.92826788411e-08
0.0040042678514
0.00341561922164
0.0040042678514
0.0206262714813
0.0040042678514
0.00125640186328
5.83376898583e-07
0.0134305879292
4.70922245575e-07
2.14905516893e-20
2.10120954855e-08
0.0
0.00410237357751
0.0
1.46080223478e-06
0.0
1.2710733506e-08
0.0387103825137
0.0
0.0206262714813
0.000615464074542
0.0198987809746
0.00341561922164
0.0
0.0
0.0
0.0
0.00702312716359
9.81544717963e-08
1.80370824358e-06
0.0
8.64221991035e-14
4.14133301111e-05
0.0
0.0
3.79497007055e-07
8.04095126121e-14
0.000841941735604
1.57233742996e-09
2.05967280139e-05
1.21569365936e-07
0.000152377216825
0.0
0.0022759737044
2.73352949897e-05
0.0206262714813
2.25558925973e-06
1.78388153699e-08
0.00194743081298
1.67377356511e-14
0.0
1.10523529916e-12
1.08849054946e-10
0.0
1.22205539451e-08
0.0
2.72810643778e-07
0.00410237357751
9.87931089354e-08
0.0134305879292
3.65595551916e-13
0.00403632588321
0.00702312716359
0.0
0.0
0.0
1.58005481098e-24
4.23517559813e-14
0.0
0.0169037504071
1.50653879898e-06
0.0
0.0
1.64158627767e-08
3.43505047354e-09
8.95248859656e-21
2.94163263595e-16
0.00702312716359
4.87644509638e-07
9.05793206118e-10
0.00341561922164
0.0198987809746
0.000326097107003
8.82312345688e-22
0.0
0.0
0.00146227287869
4.31235361614e-10
0.000421676996902
0.0022759737044
0.0
0.00114399920949
0.0134305879292
5.48659666933e-09
7.49049955333e-05
4.75625243875e-09
4.32742821366e-17
1.04502393919e-05
3.06637051768e-11
0.00217283049305
0.00410237357751
0.0
4.20387721825e-14
4.92555197789e-06
4.90525852806e-17
0.000612962478304
0.0
2.73672740637e-11
0.0
5.86813175284e-24
8.16964264651e-07
0.000123437096734
2.20769454458e-23
0.0
0.0
0.00410237357751
1.31364169647e-05
2.74515311757e-25
0.0206262714813
1.07322751052e-08
0.0
0.0
3.30675676082e-05
3.06702809292e-07
4.95386590898e-14
0.000467568908158
0.0
2.97037884405e-17
3.02851212665e-11
0.0134305879292
1.76367725924e-06
0.000757670027017
0.00410237357751
0.0169037504071
7.13942007565e-13
2.95244091797e-13
7.3155557259e-06
0.0188263608946
0.00403632588321
0.00702312716359
0.00145624050247
0.00410237357751
0.00171269359649
0.0
0.0
0.0387103825137
0.0
0.00303141448596
0.00114830235936
1.66648712689e-15
0.00032218272446
0.00702312716359
1.1985693035e-08
4.60541662251e-05
0.0022759737044
0.0
3.85197898357e-05
1.02536857751e-05
1.19752171412e-14
0.0
0.0
7.27653974357e-10
0.00194743081298
0.0
1.21065299901e-12
0.000123437096734
0.000401364244015
0.00171269359649
3.43155626099e-09
3.10087943118e-05
0.00114830235936
0.00822552237661
3.24895668646e-06
2.45318934895e-09
1.49831316947e-23
2.25072303836e-08
7.92255966645e-07
0.00341561922164
0.0
0.0
1.45345497901e-06
7.92606524508e-05
0.0
0.00100142811643
0.000199268682432
4.37274589836e-08
5.40950016506e-15
0.00303141448596
0.0169037504071
0.000357615927746
0.0
3.11172305568e-06
0.00028311039121
3.1261634856e-06
0.00303141448596
0.00100142811643
0.00341561922164
0.000340238758238
0.0
0.00702312716359
0.00403632588321
0.0206262714813
0.0040042678514
0.00155790578589
0.00205911623939
0.0
0.0
0.0
0.00171269359649