500
3.73430748642e-07
3.51119397607e-05
0.00398367395824
2.75238736774e-29
1.02110707043e-05
4.2188162751e-10
1.0489040696e-08
4.24952691608e-11
0.0208090658097
0.00570111392045
1.65755615929e-07
4.97775052738e-17
0.0010775145762
2.64452827317e-21
1.25465035103e-06
0.000261331303821
2.08062568061e-05
2.93359059288e-09
0.00337912484613
0.0208090658097
6.19505355679e-34
3.72731274485e-08
1.54068662491e-05
1.75147568808e-05
0.00119882258307
2.32626717833e-19
0.00272201855287
0.00398367395824
0.000954146037673
0.0169133046307
0.0141102569531
0.000800681989655
0.0208090658097
1.08405043078e-28
6.73418383648e-09
0.0169133046307
8.74062927288e-19
1.3632981604e-11
8.4920371528e-09
2.73063107594e-50
0.00318312193892
0.00888423585937
4.84624497606e-09
1.6369861452e-09
1.52009944504e-10
1.39243342512e-07
0.0208090658097
0.0141102569531
4.95258345139e-12
2.11800425642e-07
3.5573796629e-20
6.20247522702e-06
5.22691909532e-36
0.0208090658097
3.45662773909e-12
2.36991401332e-05
0.0169133046307
0.0169133046307
1.27193417644e-15
0.000172990174604
2.18871470953e-05
6.01871554467e-13
0.00162138102905
3.90243060553e-12
0.00570111392045
1.20325251078e-12
2.05265741618e-07
0.00272201855287
3.65005557417e-09
1.55602912348e-06
0.0208090658097
0.0208090658097
5.90015096391e-17
0.00170073893727
2.75847461966e-07
5.10774169896e-05
1.22045182344e-05
7.48291071907e-10
9.91205265995e-18
5.43367665457e-11
2.73296060845e-11
0.0169133046307
0.0208090658097
0.0208090658097
3.99967447403e-36
1.82376098967e-05
0.0208090658097
9.89451730653e-05
0.00337912484613
4.72962248605e-06
4.17022192631e-05
0.0169133046307
3.5579915307e-08
1.90774928343e-06
2.80337591698e-08
0.0208090658097
0.00398367395824
0.0208090658097
7.29819275757e-11
1.37524265724e-06
8.90821694281e-11
1.54497758313e-05
0.0141102569531
0.0115447556889
0.0141102569531
7.63488167068e-06
1.08697585106e-19
3.13026480955e-09
0.000460392144052
1.66928949858e-25
0.0169133046307
0.0208090658097
1.97224611079e-19
0.0141102569531
1.79362363489e-40
0.00888423585937
0.0169133046307
2.54783617254e-15
0.00415746259159
7.87666676724e-07
5.31803654414e-10
2.08897524513e-23
4.22415839849e-07
0.0141102569531
0.0169133046307
3.55923848855e-07
1.92894899223e-12
2.52211391063e-05
0.0169133046307
5.68940964663e-12
0.0208090658097
9.86609814411e-11
0.00122912814066
0.0141102569531
1.19965513654e-07
0.0141102569531
0.0141102569531
1.3803702274e-06
0.000158400174192
0.0115447556889
8.88266560178e-10
7.69504741803e-17
0.00281910134635
0.0208090658097
0.0208090658097
2.94416554389e-08
8.64898285977e-13
0.0115447556889
1.9124423315e-19
1.32870780934e-06
0.00318312193892
4.02018223365e-09
0.0169133046307
1.67928935801e-05
0.00318312193892
0.0141102569531
2.47231303432e-05
6.39958191469e-06
2.21937348102e-09
0.0208090658097
4.12740403508e-05
2.6636905569e-16
4.83727708597e-25
0.0169133046307
0.0019816879244
1.20388390957e-07
6.17711392359e-06
0.0208090658097
0.0208090658097
0.0115447556889
2.33734761027e-07
1.65966339171e-15
2.41503947883e-05
5.5633961621e-10
6.44926038075e-11
4.85203003096e-08
2.66052660515e-07
9.55675673639e-11
5.92359709567e-12
4.30551096475e-05
1.07364339836e-08
0.0169133046307
3.95027886051e-12
1.38684578848e-05
1.92314409406e-20
1.80272926359e-05
0.000524764754116
0.00888423585937
0.0141102569531
8.94350082711e-06
0.00318312193892
6.31457638146e-10
2.89437684102e-17
0.0141102569531
1.24978924951e-08
0.000312991061461
8.3999671319e-06
4.40331560873e-23
0.00230653746519
2.80759119126e-05
3.69497649012e-06
6.82575833759e-10
1.40066499005e-10
2.72968806492e-08
0.0208090658097
1.85985213731e-12
0.0208090658097
5.02343918882e-08
0.0208090658097
9.4982258269e-12
0.0169133046307
3.08225814647e-09
8.23443696216e-05
2.3021230715e-28
5.65688588375e-17
3.08391122405e-14
0.0141102569531
1.91068701509e-11
1.2443356989e-16
0.0169133046307
5.78182386382e-14
8.13027217107e-07
4.34729484774e-06
2.03539113034e-08
0.0141102569531
2.53535048887e-06
2.44645998398e-07
3.39828958596e-06
0.000529131623081
0.00318312193892
8.68181397426e-13
0.00318312193892
1.36847090218e-08
4.56008979232e-05
0.000446879257741
3.36424590276e-12
0.0141102569531
2.20280813759e-23
0.000194245557852
4.98654735889e-22
1.37802242882e-18
9.65313433668e-08
0.0169133046307
6.50333360661e-22
3.42698258752e-08
0.00570111392045
3.6819149642e-08
0.000529858017318
0.000173028946725
0.000171013110547
0.000121437151159
4.71879687213e-06
1.35752775151e-05
1.00207296364e-08
0.00888423585937
6.39884980185e-16
2.00055558679e-12
0.0141102569531
2.47114395977e-14
0.0208090658097
0.0169133046307
0.0208090658097
9.35443503924e-10
3.4133251325e-13
5.95801995169e-09
0.0208090658097
1.68802203297e-16
5.86500133753e-06
1.09594414561e-17
3.49291773926e-05
0.00398367395824
2.09861005323e-10
8.32557109695e-11
9.2674594376e-07
0.0141102569531
3.66781149163e-23
0.00107276616034
0.000344721286818
0.00679382742187
4.47040397553e-05
0.000130620509877
0.00337912484613
2.18896634345e-07
2.61054759709e-07
0.00063595888958
3.24087810449e-05
0.00679382742187
6.11981432095e-07
0.0208090658097
1.54732588695e-15
1.35696809729e-37
7.69264287491e-17
3.9720277579e-14
9.51440579636e-05
4.06729993241e-21
1.01963576155e-06
3.20407049088e-13
4.98504991482e-09
3.58471210578e-06
0.0141102569531
1.22551872094e-20
1.10959396532e-07
1.22305285162e-17
1.81083199269e-05
0.00679382742187
1.63841382187e-19
1.28817142638e-19
9.38466247347e-10
0.0141102569531
1.22244002723e-29
1.08896056227e-05
9.37144303746e-16
0.0169133046307
9.21495741329e-17
0.0169133046307
0.0141102569531
0.0208090658097
3.1614348361e-09
0.000512290008546
0.000130574373863
3.15243519782e-15
6.27281278362e-12
1.1967021014e-10
0.00292248926224
1.2659240934e-09
0.0208090658097
2.83912042907e-08
0.00888423585937
1.31661606111e-07
2.63741337778e-08
4.85550280596e-07
1.53654294007e-14
0.0208090658097
2.50246788022e-06
0.0169133046307
0.00158205918596
0.000461582777508
0.00237535656931
0.0208090658097
4.00464343381e-05
0.0141102569531
0.00327814050426
0.0141102569531
0.00679382742187
5.02441068284e-07
1.05675925208e-12
1.27083630342e-13
3.06205849926e-18
7.94360207051e-11
3.20673933077e-05
0.000293559325134
4.32081611039e-22
0.000204692540812
1.66881837656e-12
2.59033109513e-29
1.5785646422e-17
2.73455942307e-11
0.0115447556889
0.0208090658097
0.00888423585937
0.00334900035438
1.37494574136e-18
1.26039075517e-10
1.02996655806e-06
2.85738060541e-13
4.442046837e-07
0.00272201855287
3.73960006759e-07
3.15420414679e-07
0.00318312193892
0.00570111392045
0.0169133046307
5.84432438426e-13
0.000100213446679
0.0169133046307
5.32037101889e-07
0.000276713942016
4.28742659747e-21
0.00113903084701
6.91182916736e-05
0.00327814050426
0.000181075507402
1.72508534094e-11
1.80873072565e-13
0.0169133046307
2.07833420951e-10
4.84589122849e-06
2.81410469455e-35
4.02370171439e-10
0.0141102569531
1.11592155405e-05
6.12050344181e-07
6.85667508523e-08
2.61099379336e-08
3.82444401946e-10
1.2721629131e-06
1.72411106908e-05
1.80412176035e-07
6.15538442695e-05
1.51405482691e-29
4.08467385904e-12
5.85022833241e-16
2.63865398396e-19
1.52420333072e-08
0.0208090658097
2.96944976072e-08
0.000200231001003
6.31958982037e-13
0.00185800704592
0.0141102569531
1.31457592321e-09
0.000312561839861
1.16989605684e-10
0.0169133046307
7.03080485184e-12
1.46978449653e-39
1.74703628304e-07
0.0141102569531
3.78657487637e-15
0.0169133046307
4.23234715093e-20
1.7814878799e-15
0.0169133046307
1.05428873523e-13
1.90743676746e-09
2.26687329548e-07
1.17839674454e-10
2.53881665962e-23
0.00237535656931
0.00679382742187
2.04158969706e-05
0.00888423585937
9.49297031892e-13
0.00679382742187
0.0141102569531
0.0169133046307
0.000208662923162
4.72265464175e-15
0.0141102569531
0.0169133046307
1.15025808118e-10
0.000875788103027
3.06250996505e-07
1.01488000878e-15
6.07257693454e-09
2.80421485643e-18
1.36477074981e-37
1.65823092066e-16
4.3738478964e-15
1.39119990771e-08
5.65939742541e-13
2.14018804017e-05
2.20717439945e-05
0.0208090658097
2.16335939533e-05
0.00119882258307
1.50133902076e-08
0.00237535656931
1.75018182997e-06
0.0208090658097
1.80926299038e-24
3.85099057682e-08
0.00570111392045
4.20112734473e-13
0.0208090658097
0.0208090658097
0.0208090658097
1.0269794058e-15
4.57044669144e-09
0.0208090658097
0.0115447556889
2.637319348e-14
0.00888423585937
6.6521257828e-08
6.2282079204e-07
4.55190558377e-08
0.0141102569531
2.67883393608e-14
0.0208090658097
4.52472881414e-05
0.0169133046307
1.42988852897e-28
1.75036447956e-21
4.53963789861e-22
9.8876937701e-06
1.76705242412e-09
1.4181893704e-12
2.86547856196e-07
2.9959534018e-20
0.00679382742187
8.66477284319e-06
2.68806814904e-05
0.000380825357965
3.12755350062e-19
4.5691320119e-06
0.0208090658097
2.51798777031e-24
7.92083977798e-05
9.7184316742e-06
2.46039881594e-11