500
0.000380348797754
0.00273119529963
0.000241416214275
0.0140448271989
0.0127072538856
0.0140448271989
4.56978797347e-05
0.0140448271989
0.00273119529963
0.0140448271989
0.0140448271989
0.000258278113035
0.0090797549726
0.00818637660528
0.0127072538856
0.0127072538856
0.0090797549726
0.00818637660528
0.0127072538856
0.00432702246089
0.00818637660528
0.000227316770967
0.00432702246089
0.00818637660528
0.0090797549726
0.000279265133455
0.00818637660528
0.0140448271989
0.0127072538856
0.00818637660528
0.00432702246089
0.0140448271989
0.0127072538856
0.0127072538856
0.00818637660528
0.00432702246089
0.0127072538856
0.0140448271989
0.00234933734722
6.23711665475e-05
0.000607650030755
0.00432702246089
0.0140448271989
0.00818637660528
6.19562781085e-05
0.0
0.0127072538856
0.000228786370608
0.00432702246089
0.0127072538856
7.80904698405e-05
0.0140448271989
0.00273119529963
0.0140448271989
0.0013403102166
0.0
0.0140448271989
3.9746613474e-08
0.0127072538856
0.0013403102166
0.0140448271989
0.0140448271989
0.00818637660528
0.0127072538856
0.00243027665839
2.80978274287e-05
0.0127072538856
8.65419940456e-07
0.00818637660528
0.0127072538856
0.0127072538856
0.0090797549726
0.00273119529963
0.0127072538856
0.000241416214275
0.00234933734722
0.0140448271989
0.00432702246089
0.00818637660528
0.0127072538856
0.0140448271989
4.59746295241e-05
0.0
0.000227316770967
4.56986282133e-06
0.0127072538856
0.000607650030755
2.06597801095e-08
0.000228786370608
0.000664881829481
0.0090797549726
0.00432702246089
7.26314022751e-06
0.000111390366206
0.0140448271989
0.0090797549726
3.84822985915e-05
0.0090797549726
0.0140448271989
0.0127072538856
0.000416224522535
0.00818637660528
0.0127072538856
0.00818637660528
0.000363358989663
5.00676838164e-05
0.00020756795906
0.0090797549726
0.00818637660528
0.00273119529963
0.0090797549726
6.52168590461e-08
0.0140448271989
0.00147623368368
0.0140448271989
0.000213865425313
0.00818637660528
0.0127072538856
0.0
0.0140448271989
0.00273119529963
0.0127072538856
4.48800389606e-07
0.00818637660528
0.000363358989663
3.00194976383e-05
0.0
0.00273119529963
0.0140448271989
0.00243027665839
0.00385445922565
0.00120382097745
0.00243027665839
0.000253493213611
0.000589280146953
6.70478398613e-05
0.0140448271989
0.00385445922565
0.00385445922565
0.00818637660528
0.000446315652802
0.0090797549726
1.41237865361e-06
3.41574511178e-06
0.00385445922565
0.0140448271989
0.000363358989663
0.0140448271989
0.0140448271989
0.00273119529963
0.00385445922565
0.0
0.0127072538856
0.00432702246089
0.0127072538856
5.97542199203e-06
0.000380348797754
0.000358969971588
7.57089320956e-05
0.0127072538856
0.00273119529963
0.00243027665839
0.000352399989912
0.00432702246089
1.8846819698e-05
3.10128808147e-05
0.00385445922565
0.00273119529963
0.000224568847717
0.0140448271989
0.0127072538856
0.000754504530314
2.40573528522e-05
0.0127072538856
0.000341873522098
0.0140448271989
0.0140448271989
0.0090797549726
0.000315990716648
0.0140448271989
0.00432702246089
0.0140448271989
1.12525847704e-06
0.0140448271989
2.13391464617e-06
0.0140448271989
0.00818637660528
0.0127072538856
4.1917823168e-05
0.0127072538856
0.00035828352689
0.0090797549726
0.000840304487686
0.0127072538856
0.0127072538856
0.00038587746937
0.0140448271989
6.81670233533e-05
0.0127072538856
0.00273119529963
0.000141011347567
0.0140448271989
0.0140448271989
0.00243027665839
0.0090797549726
0.00243027665839
5.64759142538e-07
0.0140448271989
1.1265296186e-07
0.0140448271989
0.00273119529963
0.00385445922565
0.0090797549726
0.000358969971588
6.99601846824e-05
0.00818637660528
0.00234933734722
0.000123364400376
0.0140448271989
0.000380348797754
0.00208696062726
0.00818637660528
2.07619726525e-06
1.05924460139e-05
0.0090797549726
0.00131059467696
5.07997362932e-05
0.00035828352689
1.03367055601e-05
0.000668994061581
0.0140448271989
0.0140448271989
0.00038587746937
0.00385445922565
0.0090797549726
0.00818637660528
0.000416224522535
0.000358969971588
0.0127072538856
0.00035828352689
0.0090797549726
7.86413398928e-05
0.0127072538856
0.0090797549726
0.00818637660528
1.91130376567e-05
2.79366326044e-06
0.00432702246089
0.000213865425313
0.00385445922565
0.0127072538856
0.0090797549726
0.0140448271989
0.00243027665839
0.00432702246089
0.000241416214275
0.00818637660528
0.00818637660528
0.0140448271989
0.00818637660528
0.0090797549726
0.000124890442904
0.000754504530314
0.0127072538856
0.00120382097745
0.00432702246089
0.00243027665839
0.0127072538856
0.000664881829481
0.000352399989912
0.0140448271989
0.0140448271989
0.0127072538856
0.0140448271989
0.000341873522098
0.00208696062726
0.0140448271989
0.000141011347567
0.00106770959464
0.00818637660528
0.0127072538856
0.000645900450158
0.0140448271989
0.0127072538856
0.0127072538856
0.0090797549726
0.00818637660528
0.0
0.00818637660528
0.000404325049886
0.0090797549726
0.000363358989663
0.0140448271989
0.00385445922565
0.0140448271989
0.00243027665839
0.00818637660528
6.19562781085e-05
0.00385445922565
0.00273119529963
2.43781697563e-05
0.0090797549726
0.00385445922565
0.0127072538856
0.000840304487686
0.00120382097745
0.0
0.00818637660528
0.0140448271989
0.000589280146953
0.00432702246089
1.83526272169e-05
0.00273119529963
0.0090797549726
0.0140448271989
0.000258278113035
0.0127072538856
0.000161541154004
0.0013403102166
1.03943398559e-05
7.24545117228e-05
0.0140448271989
0.0127072538856
0.0
0.00818637660528
0.0140448271989
0.00273119529963
0.0090797549726
0.0127072538856
0.0140448271989
0.00385445922565
0.0127072538856
0.0140448271989
0.00243027665839
0.00147623368368
0.0140448271989
0.0140448271989
0.000404325049886
0.0127072538856
0.00131059467696
0.00432702246089
0.0140448271989
0.0127072538856
0.000220455542516
0.0140448271989
0.0127072538856
0.00385445922565
0.00385445922565
0.000363358989663
0.00818637660528
0.0140448271989
0.0
0.000664881829481
0.00818637660528
0.0090797549726
0.0127072538856
0.0140448271989
0.0013403102166
0.0140448271989
0.0090797549726
0.00038587746937
0.0140448271989
0.00818637660528
0.0127072538856
0.0140448271989
0.00432702246089
0.00818637660528
0.0140448271989
0.0140448271989
0.0127072538856
0.000589280146953
0.00385445922565
0.00208696062726
0.0140448271989
0.0140448271989
0.0140448271989
0.00818637660528
0.00273119529963
0.0127072538856
1.35969759071e-05
0.0140448271989
0.00818637660528
0.000228786370608
0.00106770959464
0.0127072538856
2.85686505875e-05
0.0140448271989
0.00818637660528
0.00818637660528
0.0090797549726
0.000352399989912
0.0127072538856
1.61688785775e-06
0.0140448271989
0.0127072538856
0.0140448271989
0.00273119529963
0.00243027665839
0.0127072538856
0.00243027665839
0.000220455542516
0.000416224522535
6.42999651948e-06
0.0140448271989
0.0090797549726
0.0090797549726
0.0140448271989
0.0090797549726
4.6481218068e-06
0.0127072538856
0.000358969971588
0.0090797549726
0.00818637660528
1.18041642676e-05
0.0127072538856
0.0127072538856
0.0127072538856
0.0140448271989
0.000363358989663
0.00385445922565
0.00818637660528
0.00818637660528
1.76990741586e-05
1.66416027026e-05
0.00273119529963
5.2608606483e-07
0.0090797549726
0.00818637660528
0.0140448271989
0.0127072538856
0.0140448271989
0.000352399989912
0.0140448271989
1.62680968521e-10
0.00234933734722
0.0140448271989
0.000380348797754
0.0140448271989
0.0127072538856
0.0127072538856
0.0140448271989
0.0140448271989
0.00818637660528
0.00385445922565
0.0140448271989
0.00243027665839
0.00385445922565
0.000120632451439
0.0090797549726
1.42306165905e-05
0.00273119529963
0.00432702246089
0.0
0.00432702246089
0.0140448271989
0.0
0.00818637660528
0.0127072538856
0.00818637660528
4.30339791013e-06
0.0127072538856
0.0140448271989
0.000405164095024
0.0090797549726
0.0127072538856
0.0140448271989
0.0090797549726
0.000352399989912
1.30001003864e-05
0.000358969971588
0.000589280146953
0.00432702246089
0.00273119529963
0.00818637660528
0.0140448271989
0.00432702246089
0.00818637660528
0.000197266016857
0.00818637660528
0.000404325049886
0.0140448271989
0.0127072538856
0.00243027665839
0.000572442583815
0.0127072538856
0.0127072538856
4.40346214591e-05
0.00385445922565
0.00234933734722
0.0140448271989
0.00038587746937
0.000446315652802
0.0090797549726
0.0127072538856
0.0127072538856
2.82872196073e-05
0.00385445922565
0.0140448271989
0.0140448271989
0.00385445922565