500
-0.0020842591817
0.0178675131521
-0.00107238855473
-0.0211478314958
-0.0196259582178
-0.0211478314958
0.000412807044341
-0.0211478314958
0.0178675131521
-0.0211478314958
-0.0211478314958
-0.00103414535803
-0.0128541922913
-0.0119427409131
-0.0196259582178
-0.0196259582178
-0.0128541922913
-0.0119427409131
-0.0196259582178
0.0282185221678
-0.0119427409131
0.00151138729848
0.0282185221678
-0.0119427409131
-0.0128541922913
-0.00132760666181
-0.0119427409131
-0.0211478314958
-0.0196259582178
-0.0119427409131
0.0282185221678
-0.0211478314958
-0.0196259582178
-0.0196259582178
-0.0119427409131
0.0282185221678
-0.0196259582178
-0.0211478314958
0.0137204711935
0.000969128514462
-0.00338230966385
0.0282185221678
-0.0211478314958
-0.0119427409131
-0.00022732354223
1.43563609141e-05
-0.0196259582178
-0.000964454659759
0.0282185221678
-0.0196259582178
0.00152723898521
-0.0211478314958
0.0178675131521
-0.0211478314958
-0.00152551972211
4.58354045386e-08
-0.0211478314958
2.03128042331e-06
-0.0196259582178
-0.00152551972211
-0.0211478314958
-0.0211478314958
-0.0119427409131
-0.0196259582178
0.0167751635719
-0.000118357993163
-0.0196259582178
1.74544408402e-05
-0.0119427409131
-0.0196259582178
-0.0196259582178
-0.0128541922913
0.0178675131521
-0.0196259582178
-0.00107238855473
0.0137204711935
-0.0211478314958
0.0282185221678
-0.0119427409131
-0.0196259582178
-0.0211478314958
-0.000253057417661
-2.82503652243e-05
0.00151138729848
-5.17424565818e-05
-0.0196259582178
-0.00338230966385
1.10063326976e-06
-0.000964454659759
-0.00366857400806
-0.0128541922913
0.0282185221678
0.000387354442495
0.0023256067254
-0.0211478314958
-0.0128541922913
-0.000182878184358
-0.0128541922913
-0.0211478314958
-0.0196259582178
-0.00226014425186
-0.0119427409131
-0.0196259582178
-0.0119427409131
0.00244110990409
-0.000242209379219
-0.000894007268215
-0.0128541922913
-0.0119427409131
0.0178675131521
-0.0128541922913
-3.01326616361e-06
-0.0211478314958
0.0085758813111
-0.0211478314958
-0.00100003447948
-0.0119427409131
-0.0196259582178
-6.6416093259e-09
-0.0211478314958
0.0178675131521
-0.0196259582178
2.89393467558e-05
-0.0119427409131
0.00244110990409
0.000735646138613
2.26347884622e-05
0.0178675131521
-0.0211478314958
0.0167751635719
0.0265344397164
0.00789584530429
0.0167751635719
-0.00122890256542
-0.00341904678902
-0.000378700510212
-0.0211478314958
0.0265344397164
0.0265344397164
-0.0119427409131
-0.00215229724362
-0.0128541922913
-1.95523733122e-05
0.000148222276353
0.0265344397164
-0.0211478314958
0.00244110990409
-0.0211478314958
-0.0211478314958
0.0178675131521
0.0265344397164
-0.000221161868762
-0.0196259582178
0.0282185221678
-0.0196259582178
0.000292842194191
-0.0020842591817
-0.00185732387173
-0.000405999317442
-0.0196259582178
0.0178675131521
0.0167751635719
-0.00160657744683
0.0282185221678
0.000460779329602
-0.000133709375552
0.0265344397164
0.0178675131521
-0.00114592971169
-0.0211478314958
-0.0196259582178
0.00491082522456
-0.000112984876
-0.0196259582178
-0.00162054736928
-0.0211478314958
-0.0211478314958
-0.0128541922913
0.00197491206759
-0.0211478314958
0.0282185221678
-0.0211478314958
-1.70164327623e-05
-0.0211478314958
6.10350243304e-05
-0.0211478314958
-0.0119427409131
-0.0196259582178
-0.000233929672618
-0.0196259582178
0.00293712986009
-0.0128541922913
-0.00094146540599
-0.0196259582178
-0.0196259582178
-0.00173796108475
-0.0211478314958
0.00122746302475
-0.0196259582178
0.0178675131521
0.00264237179338
-0.0211478314958
-0.0211478314958
0.0167751635719
-0.0128541922913
0.0167751635719
-3.11465491408e-05
-0.0211478314958
-1.43911990544e-06
-0.0211478314958
0.0178675131521
0.0265344397164
-0.0128541922913
-0.00185732387173
-0.000243700045035
-0.0119427409131
0.0137204711935
0.00235281435846
-0.0211478314958
-0.0020842591817
0.0128466725397
-0.0119427409131
0.000109209241231
-0.000146519631521
-0.0128541922913
0.00802368105437
0.000823575162057
0.00293712986009
-0.000126814085917
0.00458871452374
-0.0211478314958
-0.0211478314958
-0.00173796108475
0.0265344397164
-0.0128541922913
-0.0119427409131
-0.00226014425186
-0.00185732387173
-0.0196259582178
0.00293712986009
-0.0128541922913
0.001542568
-0.0196259582178
-0.0128541922913
-0.0119427409131
0.000383731026238
-4.56697549079e-05
0.0282185221678
-0.00100003447948
0.0265344397164
-0.0196259582178
-0.0128541922913
-0.0211478314958
0.0167751635719
0.0282185221678
-0.00107238855473
-0.0119427409131
-0.0119427409131
-0.0211478314958
-0.0119427409131
-0.0128541922913
0.00246666095061
0.00491082522456
-0.0196259582178
0.00789584530429
0.0282185221678
0.0167751635719
-0.0196259582178
-0.00366857400806
-0.00160657744683
-0.0211478314958
-0.0211478314958
-0.0196259582178
-0.0211478314958
-0.00162054736928
0.0128466725397
-0.0211478314958
0.00264237179338
0.00738112997961
-0.0119427409131
-0.0196259582178
0.00506895786054
-0.0211478314958
-0.0196259582178
-0.0196259582178
-0.0128541922913
-0.0119427409131
0.000491378513267
-0.0119427409131
0.00314520595029
-0.0128541922913
0.00244110990409
-0.0211478314958
0.0265344397164
-0.0211478314958
0.0167751635719
-0.0119427409131
-0.00022732354223
0.0265344397164
0.0178675131521
-8.64728473687e-05
-0.0128541922913
0.0265344397164
-0.0196259582178
-0.00094146540599
0.00789584530429
-0.000391626509182
-0.0119427409131
-0.0211478314958
-0.00341904678902
0.0282185221678
-0.000265664807218
0.0178675131521
-0.0128541922913
-0.0211478314958
-0.00103414535803
-0.0196259582178
-0.00063847002027
-0.00152551972211
0.000192237695959
0.00125334884341
-0.0211478314958
-0.0196259582178
-2.82503652243e-05
-0.0119427409131
-0.0211478314958
0.0178675131521
-0.0128541922913
-0.0196259582178
-0.0211478314958
0.0265344397164
-0.0196259582178
-0.0211478314958
0.0167751635719
0.0085758813111
-0.0211478314958
-0.0211478314958
0.00314520595029
-0.0196259582178
0.00802368105437
0.0282185221678
-0.0211478314958
-0.0196259582178
-0.000991424858184
-0.0211478314958
-0.0196259582178
0.0265344397164
0.0265344397164
0.00244110990409
-0.0119427409131
-0.0211478314958
-0.000391626509182
-0.00366857400806
-0.0119427409131
-0.0128541922913
-0.0196259582178
-0.0211478314958
-0.00152551972211
-0.0211478314958
-0.0128541922913
-0.00173796108475
-0.0211478314958
-0.0119427409131
-0.0196259582178
-0.0211478314958
0.0282185221678
-0.0119427409131
-0.0211478314958
-0.0211478314958
-0.0196259582178
-0.00341904678902
0.0265344397164
0.0128466725397
-0.0211478314958
-0.0211478314958
-0.0211478314958
-0.0119427409131
0.0178675131521
-0.0196259582178
-0.000164872521627
-0.0211478314958
-0.0119427409131
-0.000964454659759
0.00738112997961
-0.0196259582178
0.000255161841562
-0.0211478314958
-0.0119427409131
-0.0119427409131
-0.0128541922913
-0.00160657744683
-0.0196259582178
2.73836765101e-05
-0.0211478314958
-0.0196259582178
-0.0211478314958
0.0178675131521
0.0167751635719
-0.0196259582178
0.0167751635719
-0.000991424858184
-0.00226014425186
-9.10285582749e-05
-0.0211478314958
-0.0128541922913
-0.0128541922913
-0.0211478314958
-0.0128541922913
0.00025805214886
-0.0196259582178
-0.00185732387173
-0.0128541922913
-0.0119427409131
-0.000183540735211
-0.0196259582178
-0.0196259582178
-0.0196259582178
-0.0211478314958
0.00244110990409
0.0265344397164
-0.0119427409131
-0.0119427409131
-7.6401803049e-05
0.000425408065458
0.0178675131521
-2.36221554395e-05
-0.0128541922913
-0.0119427409131
-0.0211478314958
-0.0196259582178
-0.0211478314958
-0.00160657744683
-0.0211478314958
2.2204198994e-08
0.0137204711935
-0.0211478314958
-0.0020842591817
-0.0211478314958
-0.0196259582178
-0.0196259582178
-0.0211478314958
-0.0211478314958
-0.0119427409131
0.0265344397164
-0.0211478314958
0.0167751635719
0.0265344397164
0.000691344249188
-0.0128541922913
0.000233520281677
0.0178675131521
0.0282185221678
-0.000238040597988
0.0282185221678
-0.0211478314958
-0.000363443670699
-0.0119427409131
-0.0196259582178
-0.0119427409131
7.24658417971e-05
-0.0196259582178
-0.0211478314958
-0.00199202249204
-0.0128541922913
-0.0196259582178
-0.0211478314958
-0.0128541922913
-0.00160657744683
-0.000198417249039
-0.00185732387173
-0.00341904678902
0.0282185221678
0.0178675131521
-0.0119427409131
-0.0211478314958
0.0282185221678
-0.0119427409131
0.00379590145674
-0.0119427409131
0.00314520595029
-0.0211478314958
-0.0196259582178
0.0167751635719
0.00473492466824
-0.0196259582178
-0.0196259582178
-0.000150039944081
0.0265344397164
0.0137204711935
-0.0211478314958
-0.00173796108475
-0.00215229724362
-0.0128541922913
-0.0196259582178
-0.0196259582178
-0.000506971112516
0.0265344397164
-0.0211478314958
-0.0211478314958
0.0265344397164