500
0.0171217061151
0.001718370432
0.0
9.77450076494e-05
0.00219060050584
2.27308323798e-07
1.20944403026e-05
2.05060083974e-06
0.00259627064252
0.0171217061151
3.24295649789e-12
3.87335410756e-07
0.000425394651127
0.00622748196178
3.028271076e-07
0.0171217061151
2.6127480463e-06
0.0171217061151
0.0
0.0171217061151
1.65000290737e-18
0.0171217061151
1.8953660674e-08
0.0316261130313
0.0718692834037
0.0718692834037
0.00622748196178
0.0138058623926
6.34554170324e-09
2.69082071831e-05
0.000226803688359
7.23987655089e-07
0.000194047173528
2.80686670039e-06
2.04233053832e-05
0.00158811455975
0.000470447728118
7.37885483444e-09
0.0316261130313
0.0718692834037
0.000488846875399
2.4330462684e-05
0.0171217061151
8.95553872014e-14
4.60170829368e-06
2.93572388428e-12
0.0171217061151
0.0075381440414
0.0
0.0171217061151
7.95592972954e-10
0.0718692834037
7.40203088392e-05
0.00125560955425
0.0171217061151
0.0075381440414
0.0718692834037
0.0138058623926
3.88271054355e-05
0.0075381440414
0.000169797153414
0.00450732838965
0.0718692834037
0.00158811455975
0.0718692834037
1.23368530189e-06
0.0138058623926
0.000117305140096
0.0171217061151
2.55245475134e-09
3.92981836331e-10
0.0108439454733
0.000295029743898
0.001718370432
0.00533577481106
0.0075381440414
1.34088468212e-05
0.000971505812724
3.66142219419e-06
0.00533577481106
0.0171217061151
0.00479374713079
0.00200976455814
0.0
5.33143759828e-15
0.0171217061151
0.000470447728118
0.0075381440414
0.0718692834037
4.37590070543e-05
0.0171217061151
0.0012968097426
0.0156256982637
0.00542170154239
0.000625272982133
0.00219060050584
0.00110991566258
9.44395599798e-05
0.000651769262472
4.33349049869e-09
0.0075381440414
0.0718692834037
0.0171217061151
0.0718692834037
0.000784303228394
0.0718692834037
0.0075381440414
0.0171217061151
0.0156256982637
0.000122127156687
0.00303442223073
0.0718692834037
0.00450807135924
0.0075381440414
0.0171217061151
0.0171217061151
6.08014838983e-08
0.00622748196178
0.0190940459572
0.0718692834037
5.71609052303e-05
0.000209572503403
0.0718692834037
0.00622748196178
0.000151586428164
6.91476896295e-06
0.0171217061151
0.0718692834037
3.72238077715e-07
0.000102006492058
0.0718692834037
6.75307456574e-06
0.0718692834037
0.000917989227784
0.0033325098138
0.0075381440414
0.0171217061151
0.000812990017711
8.18910549097e-09
0.0190940459572
0.0718692834037
0.0171217061151
0.000346212992137
6.72304772396e-09
0.000195062516167
0.0718692834037
6.86762851274e-10
0.000920230315579
0.0316261130313
0.00450807135924
0.000525408187466
1.5264141381e-05
0.00464633626225
0.00542170154239
1.73457917242e-08
5.10885926812e-05
0.00533577481106
0.000170115549666
0.000122230545344
1.11414145801e-05
0.0718692834037
0.0
0.00450807135924
0.00542170154239
0.0718692834037
0.0718692834037
0.0171217061151
8.74267036745e-13
0.00109739054801
0.0718692834037
4.45981876924e-06
6.75949196457e-07
0.0718692834037
0.0075381440414
2.28350927244e-09
0.0171217061151
0.0718692834037
5.6044217347e-06
0.00632029826797
2.62664039569e-09
0.000149399116407
4.9426133109e-07
0.00622748196178
4.20842322104e-05
0.0171217061151
3.07361482401e-10
6.14243652243e-08
0.0718692834037
0.000106422836776
0.0718692834037
0.000164048362374
0.000178164931284
1.86413270235e-15
0.0
0.000671289359803
4.63747396999e-05
0.00561483136221
0.0718692834037
0.00542170154239
8.50530878182e-06
0.000306814150504
0.0171217061151
0.000425394651127
3.12447484249e-05
0.0075381440414
0.00450807135924
0.0190940459572
3.18326283183e-08
0.0718692834037
0.00622748196178
1.67161434669e-06
0.0
4.84784220707e-05
0.00570917195889
0.0718692834037
0.00622748196178
0.0138058623926
0.0171217061151
0.00622748196178
0.0171217061151
4.88198319716e-05
0.0718692834037
4.75228467111e-05
8.17946820144e-11
0.00183764729124
0.00125560955425
0.0718692834037
2.17477091627e-06
0.000712192211409
0.000120478215437
0.000917989227784
8.93791029882e-06
0.0138058623926
4.00267796336e-06
1.66472806104e-07
0.0075381440414
0.0075381440414
1.14308028683e-05
0.0718692834037
2.58092351749e-12
0.0138058623926
0.0171217061151
0.0075381440414
1.24585820364e-09
0.000425394651127
4.20607252057e-07
0.0718692834037
0.0718692834037
0.0171217061151
0.000724102331418
0.00622748196178
6.28738941101e-05
0.000572774669963
0.000953476702422
0.000140724570585
0.000381145585724
3.89981112195e-05
0.0
0.001718370432
0.0190940459572
0.0718692834037
0.0718692834037
0.000407118201339
0.0718692834037
0.000194047173528
0.001555791428
6.02413269591e-05
0.000137598170086
0.0171217061151
0.0718692834037
0.000403176914007
0.0316261130313
0.0156256982637
1.24780409137e-05
5.88005778003e-08
0.0156256982637
5.75682455095e-05
0.0718692834037
0.000407118201339
1.37509794026e-11
0.00533577481106
3.47993143218e-06
0.00110991566258
0.0171217061151
0.00450807135924
0.0718692834037
0.00142696988068
0.0171217061151
0.0171217061151
0.00622748196178
0.0171217061151
0.00622748196178
4.08235113965e-10
0.0156256982637
0.00102284609774
1.1218423048e-05
0.00570917195889
8.45662842642e-07
7.5162523012e-10
5.86535379904e-05
0.000276572461508
8.40207118204e-06
1.03772747542e-09
6.98391661447e-06
0.0718692834037
3.19189665692e-06
4.71716893547e-13
0.0075381440414
0.00450807135924
0.0718692834037
8.50851743455e-12
0.0171217061151
0.0171217061151
0.0718692834037
7.29103557754e-05
0.0718692834037
0.0156256982637
0.000181704278416
0.0075381440414
1.50579917619e-05
5.78316977991e-05
1.88022390711e-07
0.0
0.0718692834037
0.0190940459572
0.0718692834037
2.1415634226e-06
0.0171217061151
4.46428664881e-08
0.0075381440414
0.0171217061151
4.89533533698e-12
0.00272478030366
2.64536037351e-05
1.77666994971e-12
0.0156256982637
3.91971066045e-05
0.001555791428
1.55903296914e-08
0.0718692834037
0.00034239222981
5.22346827785e-12
0.00464633626225
5.56632495071e-07
0.00622748196178
5.05282188705e-07
0.00272478030366
3.25665530798e-07
0.0156256982637
0.00125560955425
0.0171217061151
0.000362457394373
0.0
0.0075381440414
0.0138058623926
1.41314500668e-07
2.87690345348e-09
0.000263796515614
9.09360896453e-14
1.22846645883e-06
0.00125560955425
0.0718692834037
0.0718692834037
3.08542440583e-08
3.38055240377e-08
3.84593405015e-15
5.35028460948e-06
0.000209518850879
0.0
0.0718692834037
0.0718692834037
0.0138058623926
4.12510295243e-16
1.83299348652e-05
0.0171217061151
9.82328431936e-05
4.426286858e-05
7.88639220889e-11
0.00634351134074
0.000726533217521
1.01048078443e-06
0.0718692834037
0.00450807135924
0.00450807135924
5.87268343156e-11
0.00561483136221
0.00561483136221
0.000164961489012
1.35429544798e-07
0.000373354983181
4.75228467111e-05
1.02880103543e-07
2.27918660989e-09
0.0138058623926
2.04700258032e-06
2.64995775724e-06
0.00533577481106
0.00561483136221
0.000113377658166
0.0033325098138
0.0075381440414
0.0718692834037
0.000134426775769
0.0718692834037
0.00219060050584
5.96685106307e-14
0.0171217061151
0.0138058623926
0.0171217061151
0.000106422836776
0.0075381440414
0.000421246446702
0.0138058623926
0.00634351134074
5.21140627221e-10
0.0075381440414
2.75968902928e-07
0.00570917195889
0.0075381440414
0.0
0.0171217061151
0.000488846875399
9.02872276337e-06
0.0138058623926
3.4565386977e-05
5.10122349947e-06
0.000516176536932
0.000625272982133
0.00570917195889
0.000183527221078
0.000413162029242
0.000407118201339
6.3090512468e-06
0.00110991566258
2.6303653271e-10
0.0190940459572
0.00450807135924
5.39287741269e-08
7.09183895292e-05
0.00542170154239
0.00107566321926
0.0718692834037
0.0718692834037
3.1391205613e-05
3.30351156774e-08
3.17034566194e-14
0.0171217061151
0.0171217061151
4.76764542902e-05
0.0
0.0718692834037
0.0012968097426
0.0156256982637
0.0
1.62156702566e-06
0.0718692834037
0.0718692834037
0.000222917989051
0.0718692834037
2.85091225444e-07
5.99610257773e-07
3.89267196792e-06
5.12680185659e-11
9.60186996033e-08
0.0718692834037
0.000194047173528
1.89858538209e-08
0.0171217061151
3.42801662636e-06
9.18558949939e-05
0.000158779043121
0.000228265182182
0.0075381440414
0.000373354983181
0.000457706928939
0.000621062172143
0.0171217061151
7.00049537302e-06
0.00533577481106
3.46982863689e-05
0.0718692834037
0.00632029826797
0.0
1.83880149146e-08
1.34230146824e-05
4.53894541768e-08
1.52705997381e-07
0.000651230944383
6.40257910465e-05
1.82203706008e-08
0.0075381440414
0.0156256982637
3.07944689079e-05
0.0718692834037
0.000784303228394
2.76200144574e-06
0.00450807135924
0.000401430101774
0.00272478030366
3.42963167962e-05