500
0.000168853905254
9.41350863098e-09
0.000439170764623
0.00118937746475
0.00498591076149
0.00913436569447
0.000129756254691
4.93457373664e-05
0.000150920950247
7.87069397022e-05
4.29260795852e-10
4.74260241131e-18
0.000739316823518
0.00244327760065
1.60584291252e-07
3.62159128372e-05
0.00913436569447
3.12082948379e-06
0.0228746035503
0.00225532921096
0.00386440146816
0.00118321586028
3.68197435948e-07
0.0228746035503
2.02898002096e-14
5.53320226864e-07
0.00757755528268
8.96913741816e-11
2.03307399424e-12
7.26921004882e-06
6.07047473823e-18
0.000739316823518
0.0
3.33322106596e-12
0.000344825538676
5.12891109639e-17
0.000739316823518
8.14538445068e-06
1.0080903227e-06
1.68261128738e-09
0.000362871902956
2.01992097064e-05
1.11955906715e-39
1.17198207071e-13
0.00386440146816
3.96105990414e-15
0.00913436569447
8.59414042816e-07
2.77920143245e-08
5.090355834e-05
1.95330812698e-05
0.00118937746475
8.75348798857e-13
2.56267334348e-08
0.000814473662882
1.68259143671e-05
0.00466395372497
3.36799946096e-08
0.00134025301973
6.18838250516e-10
5.92913767766e-05
8.66393635442e-06
0.0228746035503
1.57177563278e-07
0.00236263649371
1.45896848107e-06
1.23759364294e-14
3.29801511653e-05
0.0127021505384
1.3881853974e-10
0.00466395372497
1.20891390116e-13
0.0
7.37948180125e-13
3.92544541544e-10
1.56216809764e-05
3.40478345266e-08
1.48285630758e-05
0.000109177433229
0.000439170764623
1.71190938683e-05
0.000739316823518
5.92386632933e-07
0.000139496842675
0.0228746035503
7.24900417734e-09
0.00757755528268
9.06324324602e-08
0.000124172001996
4.99899270699e-12
0.00386440146816
8.5820554664e-07
0.00386440146816
1.79366086922e-14
7.70261791474e-05
0.00168987250951
0.00130679015273
6.97845524666e-08
6.37947914202e-05
0.000150920950247
4.3227134848e-08
7.55493337306e-07
0.00236263649371
0.00386440146816
0.0120593540859
0.00386440146816
7.32435882307e-12
0.00520778676927
0.00052823036392
0.000148464705223
4.01940315435e-07
1.10626417294e-06
1.47811462358e-06
1.35546421067e-10
4.33961741563e-05
1.21231034509e-14
0.000160901900478
2.38554595928e-08
3.07991528373e-05
0.00386440146816
0.00113618093512
0.0228746035503
0.00386440146816
1.97069932381e-06
0.00386440146816
0.00667131854764
0.00052823036392
0.00105601327759
1.32885103721e-06
0.00244327760065
9.87121418342e-17
4.71674047862e-09
1.31260145825e-07
3.16331807237e-06
0.00667131854764
0.000739316823518
5.90002312216e-06
0.000145262464969
0.00386440146816
0.0
0.0127021505384
1.87781917096e-06
0.00386440146816
1.12881537459e-08
2.35238324301e-05
1.0313675722e-05
0.00667131854764
0.000115309328151
3.50292237853e-10
0.000739316823518
0.0061587933329
1.18090761066e-10
1.60179584538e-05
4.51714849356e-05
1.00812057878e-05
0.0105583967206
2.01992097064e-05
0.0127021505384
0.00130679015273
0.00757755528268
1.95330812698e-05
3.75226192409e-14
0.0228746035503
2.47485995602e-08
6.1491113016e-06
6.02237430696e-07
5.95097700537e-06
0.00466395372497
1.68458546476e-06
4.3805095881e-06
5.74644594061e-22
3.56269994077e-17
0.000344825538676
9.95683162839e-09
4.16676245298e-08
1.19577457676e-11
0.000739316823518
7.32098720556e-05
0.0
0.00386440146816
6.61631837448e-06
0.00466395372497
0.00236263649371
6.15740135795e-06
3.55468438772e-08
7.78524441463e-08
2.20642287212e-12
4.25235608919e-05
1.11970888946e-06
0.00225532921096
0.000144929086518
1.0344065882e-06
0.00168987250951
5.23185252772e-20
1.90966639824e-06
1.91531670756e-07
0.0228746035503
0.000362871902956
3.71205642868e-05
4.80824940701e-05
0.00757755528268
0.000502064459321
1.6190743112e-09
0.0
0.000145262464969
0.0
0.000450825816532
8.31483667637e-16
0.0228746035503
1.95271663257e-05
2.87826079845e-09
4.66903298407e-06
2.45451819512e-22
0.000132285603964
2.12208400334e-09
0.00757755528268
1.50028466996e-12
3.24640834382e-08
2.76260404298e-05
0.00225532921096
4.1302320217e-05
0.0228746035503
0.0228746035503
4.07194277403e-11
5.64971648589e-05
1.80326216041e-07
8.48253037382e-11
0.00913436569447
5.14073133387e-05
0.00386440146816
0.00386440146816
0.00130679015273
9.62625417199e-14
0.00085064553033
1.67225467141e-10
0.00046739409595
3.58171137371e-05
1.87604992776e-06
0.00236263649371
2.55720114726e-27
1.47796633266e-07
1.65700438684e-07
0.00134025301973
1.07221676175e-06
0.00913436569447
2.61869732738e-06
0.0127021505384
0.0127021505384
0.0120593540859
3.94537478623e-08
9.16998313815e-05
0.00667131854764
0.00667131854764
1.77428704722e-10
0.00130679015273
0.00275675128162
5.13038178735e-08
4.21098035443e-08
0.00113618093512
0.00913436569447
1.36487410458e-06
5.53824699705e-05
6.63393123899e-06
1.0680253794e-07
3.30510096979e-07
6.39666471464e-12
0.00236263649371
0.00667131854764
2.75394748711e-07
0.0127021505384
2.26134201845e-06
5.47864584745e-10
1.24316890511e-05
0.000182657385343
5.44458772841e-16
6.25376329401e-22
0.00757755528268
2.44297444054e-09
1.60912179413e-08
8.33037430456e-10
8.35259167088e-09
0.00466395372497
0.0120593540859
1.0313675722e-05
9.99105033399e-09
0.00275675128162
6.68895032801e-17
0.00386440146816
2.74207923203e-08
0.000124482116113
0.000148464705223
0.00386440146816
4.45526828316e-06
3.80819635269e-09
0.0
1.20035487799e-08
5.07595238768e-07
0.00085064553033
0.00225532921096
0.00118937746475
1.31891545648e-10
3.47885430761e-05
0.00611988812976
0.0127021505384
7.11012525225e-07
0.00667131854764
1.43189585458e-06
0.00667131854764
0.000484475975134
0.000470396293404
0.00667131854764
4.88839602838e-06
0.00113618093512
0.00236263649371
0.00130679015273
0.000160901900478
3.86281806835e-06
0.00133573579808
0.0120593540859
0.00386440146816
0.000124677850234
2.45802695357e-09
0.0
1.81591364467e-06
0.00386440146816
2.86356448973e-07
2.55906718378e-05
1.67302644249e-07
0.0228746035503
0.00757755528268
2.01376300935e-17
0.00011837228206
6.33755920577e-10
0.00757755528268
8.26483226396e-10
0.00913436569447
0.00757755528268
0.0228746035503
2.47598498415e-10
0.0127021505384
2.81792612599e-07
0.00275675128162
1.94796736222e-09
1.0313675722e-05
7.02397766981e-08
1.5810941086e-08
3.58171137371e-05
0.00105601327759
8.22573822023e-10
4.66746078299e-10
0.00386440146816
1.20926702981e-30
8.81175941867e-08
0.00386440146816
0.00757755528268
0.000136144402721
0.00611988812976
0.00757755528268
0.000191526489086
2.48250692557e-05
0.0
0.00130679015273
0.0
0.00386440146816
0.000168853905254
3.06735141609e-05
0.00244327760065
2.42193090945e-05
5.13408541329e-20
3.3977085195e-07
6.23062439869e-10
3.42867645612e-06
0.0
0.00466395372497
0.00130679015273
1.49982203623e-08
0.00667131854764
0.00667131854764
1.01373181122e-09
0.000136009971612
8.42364866532e-10
4.56230126459e-19
0.000118443042847
9.95450636082e-06
0.000123926547922
3.71399349449e-05
2.54559719561e-05
3.21392662321e-09
9.48455172407e-05
0.00011419571458
0.00667131854764
0.0228746035503
5.61478813448e-10
2.08721382691e-07
1.95577746199e-14
0.00667131854764
0.00386440146816
1.89087289901e-09
0.00386440146816
6.26091293364e-17
2.01445198911e-05
0.00520778676927
0.000910449556046
1.90122506769e-07
0.00386440146816
1.61677693061e-07
1.59506316404e-08
0.000344825538676
4.27454482146e-07
0.00498591076149
1.07811727472e-05
0.000470396293404
2.70803752583e-05
2.16310089252e-05
0.00757755528268
4.95977271411e-06
2.69442632801e-09
0.00913436569447
0.00386440146816
0.00611988812976
0.00757755528268
2.5070371589e-07
0.00386440146816
0.000344825538676
0.00913436569447
3.53306715088e-11
7.87069397022e-05
0.0228746035503
0.000678529280555
0.00046739409595
3.07144863017e-09
5.59617677391e-08
7.00979528583e-24
2.33367363699e-10
4.4780285051e-13
5.86823026993e-15
0.00757755528268
7.13110555162e-08
1.55696041126e-05
0.0120593540859
0.00130679015273
1.69359975098e-07
2.88530303922e-08
0.000123926547922
5.06965839339e-07
0.000739316823518
0.0127021505384
0.00236263649371
0.0
0.000739316823518
0.000192806768703
2.79413100658e-08
0.000408425546824
9.09127634306e-06
0.000502064459321
0.00913436569447
0.000166898603286
9.92050686713e-07
1.16142320637e-09
5.73488465219e-05
0.00667131854764
9.16860843198e-08
0.00234473315341
0.000814473662882
7.44740147444e-07
0.00118937746475
2.08332365767e-12
0.00134025301973
0.00386440146816
5.04471775762e-18
0.00244327760065
0.00244327760065
5.20464907973e-10
3.77131968364e-09
0.00244327760065
1.03536962743e-11
0.00130679015273
0.0120593540859
7.1489524219e-08
4.31393270469e-12
7.87069397022e-05
4.29531963335e-10
1.35124117998e-08
3.86507620518e-06
6.61631837448e-06
2.02155890091e-05
0.00244327760065
0.00010196850875
0.000344825538676
0.000608928931313
0.00236263649371
0.00118321586028
2.49352807497e-06
1.42803254791e-06
0.00113618093512
0.0127021505384
0.00913436569447
1.28240864561e-07
0.000484475975134
0.00386440146816