500
0.0403626520773
0.00534516922359
1.65919638408e-05
0.000185485562359
1.82749033629e-05
1.68841331544e-07
0.0403626520773
1.46647032904e-16
0.0403626520773
6.65423402955e-22
4.05467917095e-08
0.00161290455167
0.00229290666082
0.0295373526628
0.0403626520773
0.00534516922359
1.65675793065e-07
2.439848272e-05
0.0295373526628
3.78182239523e-09
0.00155215700425
3.7141218466e-12
5.07587168236e-08
1.45519976609e-08
0.000991916627636
1.43810398626e-08
5.14438538097e-11
9.15460092671e-07
1.00783506737e-12
6.40085056566e-05
0.0403626520773
0.00161290455167
0.0010286315069
0.0295373526628
0.00155215700425
0.00804134583422
0.0403626520773
0.0403626520773
0.0403626520773
1.42765245148e-05
0.00534516922359
4.73022536218e-10
0.00108061376461
0.000515157891649
4.81841879594e-13
0.00155215700425
3.25790953334e-05
0.0403626520773
0.00821638502061
3.21891198121e-10
4.65905869701e-11
0.000290877889257
1.62938581596e-05
0.0403626520773
0.00784793270488
0.00117244290669
0.000466720268083
0.0403626520773
2.36413099503e-13
1.41480572325e-12
6.68132203485e-06
1.12268255823e-12
6.80061215724e-06
0.00089427872654
0.00020331214991
4.3313047829e-06
0.001287145493
0.00784793270488
9.64325636443e-05
0.00155215700425
0.0
0.0403626520773
0.00784793270488
0.00117244290669
3.33743286084e-12
2.82614322332e-14
0.0403626520773
0.0403626520773
1.44286297974e-12
0.000100581037614
0.000377101331812
3.05140119346e-16
2.57520438031e-06
0.00821638502061
0.0403626520773
2.34446299771e-07
0.0295373526628
0.0403626520773
2.58125558539e-05
3.61142559776e-09
7.09250108448e-07
3.27697438106e-05
4.88551292873e-06
0.0403626520773
8.58436418333e-06
6.29153316504e-12
1.11132649353e-06
0.00821638502061
1.69636704987e-05
0.00784793270488
3.12818807151e-06
0.00225903904723
1.21212737479e-06
2.33491849394e-10
0.00114727975286
3.76439898655e-08
3.40118591213e-11
1.46915623066e-08
0.0403626520773
5.04431862493e-10
1.09623563383e-08
2.2566768386e-05
0.0403626520773
2.65546078572e-05
1.05474709036e-05
0.000934483053353
0.00020331214991
0.0016880428955
1.42987940091e-05
1.89833538605e-08
0.00821638502061
1.59882675084e-14
0.0403626520773
0.00564195664573
8.72129734455e-35
2.34548553561e-12
9.94737851145e-16
1.91422323357e-07
9.25666817069e-06
0.00013603087378
0.0403626520773
7.44171191434e-20
2.35245870646e-09
0.0403626520773
0.00693223056144
1.60319063603e-07
0.0
0.0403626520773
4.62542797466e-11
0.00108061376461
0.0403626520773
0.0403626520773
3.38991046253e-08
6.84947171208e-13
6.5062455849e-11
4.777168854e-10
0.00534516922359
2.92146552285e-08
1.66706224978e-09
0.0403626520773
0.00821638502061
0.00119374230983
0.00144110581845
0.0403626520773
4.71527866889e-06
0.0403626520773
1.36463209755e-08
0.00821638502061
0.00135247096845
6.48428094029e-10
3.60172896314e-05
9.02353310917e-07
1.27962717255e-06
0.0403626520773
0.000161313264402
0.00112065456136
0.0403626520773
4.456079325e-07
0.0010286315069
0.00028360120472
0.0403626520773
0.000129776948975
6.92797900113e-10
0.00784793270488
1.0773393238e-08
7.80203591764e-05
8.10412655521e-10
0.0295373526628
0.0295373526628
0.0403626520773
0.0403626520773
5.42558199946e-09
0.00564195664573
2.90211053245e-11
0.000593722690624
0.0403626520773
5.56486221606e-16
2.182169114e-07
4.53014081641e-09
0.0403626520773
0.0403626520773
3.21954804466e-05
0.000177988687583
1.75432078623e-06
8.43912581924e-07
0.00100980064602
0.00015249059401
2.21962215545e-06
6.53506620855e-07
0.0403626520773
9.53921509916e-05
2.04875494104e-05
0.00410235701701
3.2833118736e-05
0.0295373526628
0.0403626520773
0.0403626520773
0.00144110581845
2.74292663095e-06
6.25132136132e-05
0.000780701471004
4.82725340887e-07
0.00094961571698
0.0403626520773
5.84066638287e-06
2.05635841343e-07
1.5755686424e-12
0.00534516922359
1.18875435662e-08
0.00821638502061
7.33174743592e-24
3.14526058126e-08
2.65244479231e-08
0.00186899687292
6.735923452e-13
1.14040038553e-05
0.0403626520773
4.98241483582e-09
0.00784793270488
0.0403626520773
0.00784793270488
0.00229290666082
0.00186899687292
5.03495062479e-12
0.000377101331812
0.0403626520773
6.99252311931e-09
0.00447423379961
0.0403626520773
1.82297451886e-07
0.00447423379961
7.1424215299e-07
0.000515157891649
0.0403626520773
1.39638380142e-16
0.0403626520773
1.11751441978e-08
2.58164829651e-05
2.79288059989e-08
0.0295373526628
0.00410235701701
0.0403626520773
0.000593722690624
0.00013603087378
4.03083262566e-10
0.00804134583422
1.72896644851e-06
0.000232831430573
8.99143742751e-09
2.35614544442e-06
0.00144110581845
0.0295373526628
0.000991916627636
0.00564195664573
0.0403626520773
0.00161290455167
3.80966574399e-07
6.33826309994e-08
2.03120589253e-10
1.55269735074e-06
0.00447423379961
4.81406973244e-17
0.0403626520773
0.0403626520773
1.6042569746e-11
0.000695210697668
0.00161290455167
1.30876894418e-07
1.40226952646e-05
0.00804134583422
0.0403626520773
0.00784793270488
1.51241113126e-22
3.84882223586e-09
2.05487223909e-05
3.47149551968e-08
0.00161290455167
2.37347972777e-06
1.06743304901e-05
5.43870480296e-06
1.30109466047e-08
6.15066692611e-06
3.04510268949e-08
7.52056196248e-05
1.56653765123e-09
2.04011037774e-07
1.06799067321e-07
2.58217189881e-13
3.01781864965e-06
6.40054886396e-06
4.05312671669e-06
0.00225903904723
8.09212364043e-17
9.4943474513e-08
0.0403626520773
7.65051742478e-10
0.00784793270488
0.0403626520773
1.1904361733e-18
0.0403626520773
5.41260973267e-13
1.23645594601e-07
1.94674886565e-12
0.0403626520773
0.000686870337681
1.91128749741e-05
2.36088926125e-08
0.0016880428955
7.2379375663e-06
0.00016835170742
0.0403626520773
5.51088103582e-07
2.11958509645e-09
0.0403626520773
0.0403626520773
9.66576414098e-05
0.00693223056144
0.00144110581845
1.05506568309e-07
7.8243103991e-09
2.89996285514e-10
0.000116820187863
7.95983028077e-12
0.000695210697668
0.000515157891649
2.85137384693e-06
1.44157594732e-09
0.000515157891649
0.00784793270488
2.34033983127e-10
1.39467280968e-17
1.42026958941e-06
1.03879483658e-06
0.00110112628801
4.81878836751e-05
0.0295373526628
1.28457595188e-10
0.0295373526628
0.000210666288337
6.24899132929e-08
4.07898386218e-21
0.0403626520773
0.000851143662252
3.29459121522e-05
2.15295687674e-09
0.000515157891649
1.28240624858e-07
1.40370856655e-06
0.00693223056144
8.15556732482e-06
0.00135247096845
0.00784793270488
0.0403626520773
9.44720272844e-06
0.0403626520773
0.000297962357581
4.7996156408e-05
9.6417691658e-10
8.564048852e-13
0.0403626520773
9.70025041162e-21
1.1381117413e-11
0.00135247096845
0.0403626520773
0.000457730530659
2.18163623582e-06
8.04596242342e-12
0.00784793270488
0.0295373526628
1.2922816959e-06
0.0403626520773
2.14996639581e-15
4.54722487688e-09
3.25402765893e-13
0.0403626520773
3.77562778938e-06
0.0295373526628
2.77641371059e-12
4.67591579157e-06
2.50916275826e-05
0.0403626520773
0.000260081078925
0.0
0.0403626520773
0.0403626520773
0.0403626520773
6.22606730748e-09
0.000493365640832
0.0403626520773
0.00821638502061
0.0403626520773
6.8377197887e-11
1.89948972607e-14
0.0403626520773
0.00784793270488
0.00225903904723
7.57276288971e-09
0.00804134583422
0.00804134583422
0.0403626520773
1.07499708609e-14
0.000695210697668
4.10808922817e-11
0.0403626520773
0.0403626520773
0.0403626520773
1.8468426005e-09
4.61699147116e-17
2.55681384415e-13
3.84040662287e-08
0.0403626520773
3.09901063325e-11
0.000207204688284
1.94755934222e-07
0.0403626520773
6.08098494823e-11
0.000160925711838
1.55519183832e-06
0.0295373526628
6.4909976672e-06
2.28367191424e-08
1.33212212417e-10
0.000461208422689
1.72537094892e-05
0.00187533280011
0.00784793270488
0.000103974563683
4.31140408021e-11
2.94035676336e-13
5.7541171088e-10
1.85002687286e-08
0.0295373526628
0.0403626520773
4.19685089278e-06
0.0403626520773
2.89060019518e-05
8.98791166109e-07
5.87345727759e-06
1.42388685373e-05
0.00784793270488
0.00119822500419
0.000164872855644
0.0010286315069
0.001287145493
0.0403626520773
0.000593722690624
1.82626346345e-16
5.08953112714e-12
3.68339263486e-14
8.04145534035e-24
5.49283816561e-11
6.37472150588e-05
0.0295373526628
0.000297962357581
4.97333686545e-13
2.71274216255e-08
0.0295373526628
5.76626655916e-05
1.91380358042e-05
0.000403845712405
6.07001637587e-13
1.71485477472e-07
4.31172349383e-07
0.00564195664573
1.50723793138e-11
1.37694968356e-09
0.0403626520773
9.51437213077e-08
0.00042066398352
0.00784793270488
4.30368095609e-06
6.01391150769e-05
0.0403626520773
1.70271426077e-06
1.82382134734e-06
0.0403626520773
4.52356150195e-06
0.00161290455167
7.35844374837e-05
1.92459755358e-06
0.0403626520773
0.00117244290669
0.00186899687292
5.28620188276e-08
7.19085221366e-08
0.00229290666082
0.00186899687292
0.0403626520773
0.0403626520773
0.00410235701701