500
4.61602907677e-24
1.94773157737e-14
3.06165428463e-44
5.82987709923e-17
1.22410821276e-39
1.37320426365e-07
9.16334938637e-21
1.21634405877e-08
0.00126641617394
0.0103756613757
2.88881283566e-21
1.11290038888e-11
3.63145298259e-18
6.00724655835e-10
2.86750842119e-06
0.000505837338868
4.65303922982e-06
6.27698370562e-11
8.2466538256e-05
5.81120918749e-05
3.13484812009e-05
2.76570679918e-17
1.03642234161e-14
3.28746649577e-37
3.36586099087e-22
8.63495958053e-12
9.98041751051e-24
2.34011346687e-21
0.0061072279104
2.93916436102e-05
0.000422515636718
1.10053504511e-06
5.38593625704e-14
6.04094793463e-45
5.78498759826e-26
6.02603037786e-07
4.5002957601e-08
1.61766888592e-07
0.0
0.0133636102349
0.0061072279104
2.118143661e-20
1.22673688959e-47
4.87178518137e-06
5.8676032984e-23
1.00942504471e-08
1.71801061516e-11
0.000505837338868
9.54306565322e-07
6.59733658172e-08
1.84966732734e-09
3.16123859326e-10
2.83932462505e-08
1.8164793456e-08
9.99565806464e-09
4.40174273679e-12
5.69140697767e-09
6.70012279709e-08
1.29127051528e-29
2.15931842589e-16
4.41798951303e-21
6.82208215868e-07
4.93664565359e-19
3.0544232143e-16
8.83272947676e-08
0.00474172230621
7.6979290544e-40
9.40726270155e-09
0.000251846871908
4.73416068482e-09
1.33585436671e-10
0.0133636102349
3.15764875001e-06
0.000103983665079
3.856699026e-17
0.000353012751592
4.07850855139e-05
3.16272429751e-08
1.20017966949e-05
4.13925081486e-59
1.88083732106e-05
3.72892770123e-19
3.51170867378e-13
5.78426952652e-06
1.99293260823e-07
3.08650288605e-10
3.45873846809e-32
2.49472830971e-10
0.0177546933667
6.72844375373e-10
8.77541377285e-12
8.69372595023e-05
5.46775567916e-16
4.69386188338e-08
7.27168336979e-10
0.000145095024321
3.10454346353e-16
0.00223434636243
0.000401804285789
1.81191430981e-11
0.00126641617394
1.2549256983e-36
4.29942379483e-12
2.73539414306e-17
5.19228021476e-07
6.13277568264e-13
0.000483867881942
4.42857131919e-11
4.119214626e-05
1.99136717962e-16
0.0103927492447
1.60526615223e-05
6.92962512806e-30
4.22414995633e-41
0.000131251795314
1.25656950948e-19
0.0103927492447
1.24359004778e-09
0.000505837338868
0.000138190363905
8.23183214478e-14
0.0
1.92958621976e-05
2.5111287969e-10
8.06368623871e-09
3.14781177078e-10
1.06080438333e-23
0.000105153952086
5.65361409974e-05
8.17829300969e-10
6.89854427042e-49
6.93789330741e-28
2.28276758382e-25
1.14655453082e-30
6.49561539755e-11
6.26068531697e-07
1.21096182978e-14
1.89238091439e-09
0.0133636102349
1.32692655005e-15
0.000143017685411
7.46742235282e-19
0.0061072279104
5.70581248529e-08
0.000505837338868
6.277617758e-10
4.44337251688e-34
2.39606768712e-09
0.000308244842106
5.85798993548e-43
2.58406302265e-09
1.48706264782e-33
1.00093341475e-09
0.000295144054955
3.01795300285e-11
0.000131876796122
2.88962176035e-13
0.00017371098042
3.01085222689e-19
9.58496312355e-22
0.00111380730429
5.5726130392e-10
2.84454949767e-19
2.40155719289e-07
2.46347384955e-07
3.10295879398e-17
2.1937683358e-27
1.11611989938e-15
1.7167852751e-09
0.00133494840955
2.19407377927e-06
0.000308244842106
1.49087704276e-06
0.0133636102349
1.27332680597e-10
3.21495443081e-12
3.01494227808e-17
1.23655860789e-07
2.46486498549e-09
7.4472721157e-06
0.0177546933667
2.25803796124e-32
2.11105177563e-26
1.85946945223e-25
0.00474172230621
1.39630402683e-40
6.03193526121e-38
5.06810729518e-05
0.0133636102349
5.24659482288e-42
3.80646562045e-11
2.4740514879e-05
5.67482428117e-05
3.03843910358e-18
3.86245958438e-40
3.1419988086e-06
2.94454463797e-46
0.0103756613757
3.50211303969e-08
5.06098981693e-20
0.000269128593693
7.90957925549e-07
0.0
7.24538934481e-09
1.88124902208e-06
1.54855194394e-06
7.76422181183e-08
9.86889484471e-14
3.10057382291e-11
7.16014060945e-26
1.17051667725e-40
1.3044854335e-09
2.98034191184e-05
0.00122222290759
1.15674469381e-10
0.0
8.71010593872e-15
1.88370648871e-06
6.92909721341e-27
3.43828057723e-06
3.52748206816e-08
3.67132732706e-24
0.0133636102349
2.29733352448e-05
3.50201875366e-48
2.83916964091e-21
2.15091830396e-40
2.41726052716e-24
4.61599780471e-52
1.81668022675e-36
9.51253675029e-21
1.38591519699e-16
6.05054989867e-32
0.000474159068985
3.87537423578e-10
1.95630161515e-09
0.00175121250683
1.25978802781e-10
7.1673262382e-17
1.39634176019e-51
1.40307889995e-08
0.000288801598947
9.38595388678e-07
3.48436652251e-07
1.50604198062e-18
6.52430427023e-08
0.00223434636243
1.61599572128e-17
0.000308244842106
7.76516210678e-15
5.78616661086e-27
1.44978399341e-41
0.0
1.44911172754e-24
0.0133636102349
2.86995642453e-37
2.57528787984e-05
2.02710856641e-41
1.71195923021e-05
0.0061072279104
1.08659868077e-19
2.10832078975e-17
3.07121452717e-26
8.57431010165e-10
3.98611573018e-26
1.3532910367e-08
3.50416896324e-05
2.67804023146e-18
1.26607167511e-07
0.000216460280728
3.96715790985e-10
0.0177546933667
2.16275804807e-11
7.7629703262e-16
3.47976876384e-05
6.97623187611e-06
5.24121534644e-15
5.30274693999e-08
0.000135029227293
0.0133636102349
4.47864423565e-06
1.13192243763e-28
2.99699061098e-11
3.82946493518e-08
0.000138190363905
2.32425073695e-13
1.60000100196e-06
5.13413929362e-27
1.79062281009e-13
7.55130684897e-06
0.0177546933667
7.2413632369e-06
2.60248169129e-12
4.94251472436e-08
3.27401668095e-05
0.0177546933667
1.81314353496e-35
2.95907475649e-05
6.53000413083e-10
2.43469969315e-18
4.79819808416e-44
8.50840803941e-61
2.36584430114e-11
0.0103927492447
0.0177546933667
0.000446685378222
0.00474172230621
2.29927653417e-13
2.40746386148e-17
0.0
1.86275622502e-07
1.31017844991e-22
1.51039489886e-10
3.00707313548e-14
0.0133636102349
2.06217433018e-05
8.61938441687e-11
2.28903190649e-14
0.0177546933667
0.0
3.83342635759e-08
1.462683215e-17
4.71678619023e-05
5.02844059837e-07
0.000422515636718
1.60519157303e-14
1.89225936549e-11
5.66743828287e-15
3.8867855724e-11
0.000623210564159
2.73810723176e-05
0.0133636102349
1.270438323e-20
1.58519820985e-08
7.56126266331e-11
0.00139699430084
9.79723823648e-05
2.97939310566e-17
0.0103756613757
0.000201346964396
1.90586344366e-33
1.09392381913e-22
1.10790999113e-12
2.09856678045e-11
4.560419991e-06
2.90566642851e-07
0.000146557628757
7.65931583885e-08
5.82867724109e-08
1.30273575384e-56
2.59091453042e-20
2.02345523317e-08
8.15940043873e-15
5.33494904008e-29
9.8959431166e-08
2.27189865412e-12
3.82590887933e-16
7.7064138348e-06
8.91074382128e-19
1.72199357973e-08
1.02545604887e-20
2.74894261325e-18
2.47533544378e-31
1.03361665571e-07
3.30418043191e-08
7.95495372124e-09
4.69189597767e-20
5.45958104681e-14
5.10059371809e-19
8.58973910833e-12
2.59865694384e-11
1.13240457802e-15
0.0061072279104
1.40102327828e-32
3.64696164077e-14
5.7800296351e-12
4.86252516596e-10
1.10943358244e-28
0.000260280042844
6.84198799728e-49
1.56770374681e-07
0.0177546933667
3.76054272552e-06
0.00122222290759
4.5950187458e-21
0.00111380730429
2.52538096364e-14
1.58658745338e-05
8.96135608352e-05
5.39831349549e-23
2.08287070216e-33
6.30828854134e-21
7.88549414675e-19
5.39450567662e-05
1.8459405813e-24
1.91458934207e-23
3.20842225041e-13
2.31618001007e-11
2.42746882749e-40
2.71874343419e-11
4.44353915258e-59
2.10302598735e-31
0.0
7.09542127156e-24
1.22569134583e-07
8.33400371567e-10
3.00538204205e-13
0.0103756613757
0.00111380730429
6.14195195861e-11
2.04160344875e-26
1.30584915691e-09
0.00474172230621
1.23514329838e-16
2.14295967172e-08
0.00446424952164
7.16901404319e-11
7.36632043919e-08
0.000213496538184
3.15954988811e-12
0.000119994869691
4.55796043355e-28
3.78122497655e-16
1.13411307462e-10
0.0
3.80860155123e-12
1.67212940886e-14
0.0
0.00093835893286
8.81855062778e-06
0.0177546933667
6.86126431366e-42
3.97445907397e-23
0.0
3.87401307665e-12
4.77366957835e-06
1.0394028924e-15
1.79799275079e-07
0.0133636102349
5.38039233617e-18
6.91021815943e-18
1.63401922828e-13
7.31109511267e-20
2.82947580835e-45
2.70244299264e-09
0.0103927492447
8.05833409549e-16
7.88162517654e-23
0.0061072279104
1.33244631075e-06
1.17469637903e-10
0.0177546933667
5.16949216791e-06
0.0133636102349
7.1868295544e-17
4.98195039216e-19
3.53365325535e-29
4.24779386474e-15
7.6810577307e-12
9.85419732257e-05
1.75919962895e-08
0.0103927492447
1.0998502725e-05
0.000159777470814
2.21209528136e-11
6.56025926701e-24
1.80240097777e-23
3.78661570191e-19
0.00098326014831
3.4259934705e-90
2.00032762649e-18
6.73648584473e-13
8.5913459232e-30
0.0177546933667
1.16602014759e-09
3.54122903971e-15
1.89141789948e-13
0.0061072279104
2.03496373939e-07
4.90448905328e-07
4.18575563635e-07
0.000353012751592
5.08594817583e-07
5.08527043501e-10
2.35136867812e-07
1.49981821851e-19
6.43562173053e-09
3.49326094783e-11
3.36010449059e-23
2.09198039901e-13
4.40691527083e-23
0.0
0.000308244842106
0.000921875746531
1.21546551792e-13
7.86761823971e-16
1.45917490063e-10
1.2801906487e-15
0.0133636102349
0.00111380730429