500
9.35810749155e-09
9.34436262696e-07
8.16476691599e-07
8.51524726971e-10
8.11738559818e-18
1.25383206909e-11
7.97753729198e-07
0.001807537939
0.0251526589703
2.16735487164e-10
1.0503015537e-06
4.8863762304e-05
3.10470134252e-05
3.95048847894e-12
6.396374318e-27
8.70893741184e-05
0.0251526589703
1.33221917998e-20
1.48587772806e-08
1.82354811864e-08
1.72517326661e-14
1.43721494873e-06
1.93723336055e-06
2.50816661225e-22
0.0095952736072
1.31497413264e-09
0.000104762893253
3.3943152259e-09
5.33440708303e-10
8.63502624565e-15
0.014020278426
2.39409237993e-06
0.0251526589703
0.0105268535691
1.05187077617e-12
0.000177684185964
8.82910024903e-07
1.52324266967e-12
2.0051992915e-13
2.44811480681e-13
4.14891824972e-13
1.63630390648e-06
3.55422252469e-06
5.37615355121e-12
0.00383006457888
0.00810474566821
2.5973272325e-18
1.84040691078e-11
9.64082373672e-12
4.02395289297e-21
0.000398141370732
0.00146109870972
5.17239010275e-09
6.30701667e-06
5.26384163586e-06
9.30756888874e-13
8.49455015417e-16
9.32853429991e-11
0.0105268535691
0.000355412350566
0.000184503322507
0.00164757882936
0.0095952736072
4.50505048607e-08
4.15823563363e-31
2.2761454626e-05
0.0156039643612
5.76885059064e-09
1.31215911309e-09
2.90836957623e-18
7.82133675184e-07
0.0095952736072
1.86165634063e-06
1.48868494146e-14
5.64888784859e-19
0.0095952736072
0.00810474566821
6.74218644644e-20
5.43132788072e-06
7.05531994307e-09
2.38487909423e-05
0.000131391938722
0.00161647221063
6.3453136899e-27
5.85135475206e-59
9.64835112386e-13
5.70052104372e-13
1.55558798183e-12
0.00183632731264
0.000326028234499
5.03886412535e-06
3.38551273342e-12
0.000212704908645
1.39338623684e-14
4.69441348772e-15
1.43066189418e-06
9.62830795347e-09
0.0251526589703
1.52642637555e-23
3.05663917805e-11
0.0105268535691
0.00143387922695
0.0251526589703
1.28074611473e-09
2.11373781363e-10
0.0105268535691
1.26233817369e-05
0.014020278426
2.23880269992e-05
3.19705175566e-11
2.35048883987e-09
0.0156039643612
9.83598082035e-12
0.014020278426
0.0095952736072
1.09895760203e-06
6.25299742025e-12
4.41143125352e-05
5.68035746343e-06
0.00239281291621
8.45776469212e-09
4.1939144717e-13
7.7437888519e-26
1.45813327525e-13
1.03443849786e-06
5.15018450379e-29
2.33445812184e-11
1.53349883793e-06
1.90273367127e-10
0.000218214418885
3.15927189825e-11
0.014020278426
1.86009954776e-05
1.58359056566e-06
0.00240738460018
2.32181264163e-10
6.76242962343e-30
9.00267077502e-21
1.69348147609e-09
8.69403035483e-11
3.61918667498e-07
4.71997481727e-12
0.00237605858134
5.84021048394e-17
1.71887071441e-08
0.000258345806266
4.60235494907e-08
6.70094456941e-16
2.808860112e-07
0.0105268535691
4.34631224735e-12
2.79169332405e-16
0.00020950533902
1.5885590488e-09
9.94838213172e-08
6.70452305046e-18
1.47704746193e-08
2.11432170669e-12
1.06732087428e-16
0.0105268535691
2.04177013192e-06
0.000217031877211
6.57157968298e-05
7.67598165005e-10
0.0251526589703
1.99436327069e-08
0.0251526589703
0.0105268535691
3.42627691785e-13
5.3171418851e-12
1.19505519698e-15
0.000217764472122
1.81243784716e-06
3.38999867666e-14
3.43862168871e-07
2.41188649837e-16
0.0095952736072
3.25254702697e-07
0.0105268535691
0.000118091207135
0.0105268535691
0.0113399258405
7.16678905994e-05
4.80374935326e-21
7.98042536696e-08
1.64810318517e-23
2.07050607758e-06
1.90046984191e-24
6.47179798141e-06
3.23212711281e-16
3.58241472529e-05
3.43780117028e-14
1.35285094551e-05
0.0251526589703
0.000170825016244
1.3667438132e-12
4.33018278264e-05
1.04912071503e-07
1.39413446358e-05
8.02203397148e-30
2.46579995499e-10
0.0105268535691
1.6234370801e-05
0.0156039643612
2.33869903974e-07
3.24336458153e-06
6.25360017616e-06
0.0021810595608
2.80394016417e-06
1.67559431416e-09
7.98131595058e-06
4.97276104077e-06
2.38941001643e-05
2.87440916593e-07
1.49724426066e-12
6.83912183912e-20
1.86156969673e-09
8.30442664095e-41
7.85100253972e-30
3.36826302794e-06
2.41705063106e-06
6.85743310237e-17
1.02804609699e-09
0.000677217162056
1.83018732283e-11
4.72688022212e-09
9.83498666134e-07
3.07287059855e-06
5.37897394286e-10
5.66546913755e-07
1.02360167202e-19
1.0685714175e-07
2.07729791144e-05
8.34650989537e-08
0.00190354042747
3.53537355528e-19
2.12790110895e-05
6.4285957322e-09
6.74461653077e-07
1.80752164139e-10
9.6467538227e-06
3.41394435723e-05
4.81119945804e-05
6.7838572562e-09
3.75961845257e-12
0.0095952736072
9.64340517091e-32
9.15340561088e-07
1.74482270952e-06
1.49962057487e-23
0.000268927919392
0.0105268535691
1.41194503047e-05
0.00810474566821
3.57839233578e-10
3.47515946752e-10
5.5847975085e-11
5.44375637468e-13
5.29531070319e-12
6.21017180005e-17
1.81803240633e-16
6.95049084582e-05
3.04609340819e-16
5.13450818905e-10
2.31855517842e-08
1.01507359281e-23
4.10719391587e-22
9.71246998507e-22
2.60207903164e-11
0.0105268535691
3.53771716523e-12
1.65871816823e-07
1.39476587069e-10
3.14748723624e-10
2.15245476244e-05
2.90068036721e-14
3.93614300817e-05
2.70822043445e-09
0.00383006457888
2.8122848062e-09
0.000786815480482
8.07345225564e-09
0.00168921642712
3.58974461186e-15
1.59671257132e-07
1.5103564483e-05
2.25732878978e-21
1.25370587073e-05
1.37671158318e-10
1.17189341723e-08
3.38744902049e-09
0.000170825016244
8.46938594453e-09
1.00578769667e-11
3.64495648258e-05
0.0251526589703
2.20738682705e-21
4.7443238708e-08
8.00639414667e-07
0.00239281291621
1.97516817045e-19
7.51334138034e-07
3.19058928174e-28
4.43593309797e-25
3.09562533246e-05
0.00130698725997
1.4387552551e-14
9.87578042398e-25
3.26955309107e-06
0.0105268535691
1.87131988985e-10
2.54075380248e-06
0.00168921642712
0.00318688799903
0.000117739518823
0.00240738460018
1.01331726292e-20
1.19513218807e-14
0.001807537939
0.000393958738804
4.4240565941e-09
7.33682273992e-11
3.03005045603e-06
0.00431889596045
3.69751565265e-15
1.69687575218e-05
3.6303071594e-49
7.99918061728e-10
0.0095952736072
0.000786815480482
8.24333023168e-09
0.000149110841318
6.82538199691e-12
2.34786011212e-05
0.0095952736072
2.19797765079e-07
3.28871004651e-05
4.76704795448e-06
0.0095952736072
1.26084295879e-07
0.0022210074764
0.0095952736072
3.9218458814e-06
0.014020278426
0.00029618094157
8.84076890981e-19
0.0095952736072
0.000438576777084
0.00237605858134
0.014020278426
0.0095952736072
0.0095952736072
1.59863498315e-05
7.22041221399e-22
0.0105268535691
3.59594301165e-15
0.014020278426
2.8376797421e-11
0.0105268535691
2.27373217101e-21
3.45611778169e-06
1.24932061284e-14
9.6270509521e-11
2.56915282485e-05
1.08087229398e-17
1.33569087907e-07
7.84796421237e-06
2.71802789626e-05
0.00021546920133
6.12513663889e-44
5.00323926107e-05
1.46932575478e-09
3.43977530685e-07
0.0105268535691
0.0105268535691
2.67711361923e-07
0.000187900497864
0.0105268535691
3.17630401186e-18
0.014020278426
2.23390056877e-06
1.31685510768e-10
3.7136329109e-13
9.2065624284e-18
1.98732477419e-13
4.89883702702e-06
1.24894548877e-06
2.28830811869e-09
1.62761697502e-20
0.001807537939
0.0251526589703
1.99327173318e-05
2.09733752969e-21
0.0095952736072
0.00354686870324
0.000447465904641
2.29626236144e-30
5.06057275934e-15
6.03824686725e-17
2.83039757379e-07
2.70447667235e-11
4.74804840291e-12
0.00810474566821
7.83526832641e-09
0.000268927919392
1.31497915458e-10
1.68932167167e-17
3.33482988003e-18
0.00146109870972
2.51504812923e-08
0.0113399258405
3.88588357911e-10
8.29619771966e-15
3.58847466154e-06
1.37619899551e-16
4.96338884548e-08
0.0105268535691
1.49928726198e-17
2.70495327996e-05
0.0095952736072
0.00303048794233
2.1792987979e-13
0.0095952736072
3.48563620455e-14
0.0095952736072
3.71269358682e-07
0.014020278426
0.0105268535691
4.0860390985e-05
3.7221012565e-05
2.27984573748e-09
0.00810474566821
5.84257284174e-05
1.71016672608e-06
7.82244679298e-11
0.00160295295338
5.45950333597e-05
1.13997551578e-05
2.16929632003e-05
7.40215691247e-14
3.24354428794e-17
0.014020278426
1.09775511697e-12
3.72280589125e-12
0.000393958738804
0.00431889596045
0.001807537939
0.001807537939
4.8669090876e-17
0.0001348245054
1.49774473687e-07
0.0105268535691
0.0095952736072
3.29161888404e-12
8.7574296271e-13
6.42338359283e-11
0.000268927919392
2.12479729324e-12
0.0156039643612
5.19571488975e-17
2.04172268559e-16
7.37991038016e-14
3.98252580255e-06
1.58736581293e-17
0.00282161966019
0.000100593985274
0.0156039643612
8.63341107487e-07
6.82712777228e-05
3.62216952162e-13
5.22734843541e-29
0.00810474566821
0.000438576777084
5.0674366018e-16
1.39519556091e-09
2.58526292209e-23
0.00027759458899
4.44372656057e-06
0.000377485862554
2.37381648777e-11
0.00149835131244
1.3176688312e-07
0.014020278426
0.0095952736072
0.00237605858134
0.0095952736072
1.18872383906e-06
2.10748033224e-12
0.014020278426
3.46147891452e-07
8.19422845007e-08
3.653276411e-07
0.00126831532401
7.83707517857e-16
2.81706660804e-06
0.000188092358004
2.5964889308e-16
0.00810474566821
5.30916424904e-08
1.8673149643e-10