500
0.00837317615814
5.78912398868e-16
0.00281154956405
1.10124301813e-09
5.00924245165e-06
3.37375129569e-05
0.00230727985959
8.71491948289e-29
4.21399789855e-08
1.12164037267e-08
3.33221184021e-16
1.14136740278e-15
0.00239392865953
1.47113707999e-07
9.61229320403e-08
0.00026478182967
4.09012224861e-16
0.00281154956405
5.4362429333e-12
5.22968903899e-13
0.00115138445592
0.0138680730119
7.75620948324e-13
5.27788658552e-08
2.56526789168e-07
3.66033834534e-14
1.08380995407e-18
0.0101001437408
0.00148562132248
0.0169556817202
5.24383776518e-08
0.0162753611574
4.73700159751e-07
0.000619009174725
4.47218220368e-14
5.33943205969e-12
1.20067309234e-18
3.74196236288e-05
3.63250632385e-11
6.76421213364e-12
1.3144089832e-11
8.38696720796e-08
3.86811159877e-11
7.03411585713e-06
5.45340602207e-07
3.19362738763e-06
0.00201131494492
4.17449600715e-06
4.5695415552e-09
6.22830725347e-15
0.0130230321047
6.87215901263e-07
0.0
1.89160900187e-06
3.37317849355e-05
4.17526592074e-08
5.32256716883e-09
0.0153857111906
7.14929593314e-10
0.0162753611574
4.4415824195e-32
0.000115755807412
0.000107010726019
1.08635930004e-07
8.85292686728e-05
0.0169556817202
1.64915851293e-11
6.78126538737e-08
0.0
1.99038348255e-08
0.00168575683742
5.44275914283e-07
2.11969946932e-28
0.000241670521001
2.98437618045e-05
1.97639102458e-07
3.23783491202e-05
2.28395723246e-11
1.20974851526e-09
0.0138680730119
2.54245875612e-05
2.17341710675e-05
2.06666091128e-05
3.3509442561e-12
1.809266119e-06
0.0162753611574
0.0024037256415
7.05464072438e-12
8.91383837917e-14
3.70078615204e-08
1.70474819943e-11
9.36840067586e-08
2.92273862099e-05
0.0138680730119
0.0130230321047
1.73363283983e-08
1.36391584404e-10
2.92057389158e-05
7.68643294332e-11
4.23366179848e-06
5.12707609296e-07
0.00173496385987
0.000318686889582
6.20716707473e-06
0.0130230321047
5.54833167697e-07
6.30543102017e-09
2.63683268327e-06
2.71728596357e-13
1.84419186806e-09
0.0114607848664
3.99730455909e-25
5.25867643552e-14
2.79818602803e-06
2.02272791281e-32
3.11592589508e-06
0.0153857111906
0.0138680730119
5.68200887656e-08
0.000277383510723
3.16322138437e-06
1.78962622094e-05
2.85184790553e-10
6.80148222358e-11
0.0153857111906
9.27236869404e-08
1.12388081496e-22
6.66377290031e-10
1.6213818568e-10
3.7335014297e-13
0.000133952936803
0.0138680730119
1.59905994152e-11
1.55725751395e-08
3.72588173829e-07
0.00281154956405
0.0130230321047
6.02846075365e-13
0.0169556817202
0.0
0.0130230321047
0.0024037256415
3.73689735489e-06
2.48214441391e-06
0.0153857111906
1.14859558439e-07
4.90432095044e-07
0.0
3.31652637693e-06
0.0
2.83173611519e-27
0.0
5.68386115308e-07
6.73073653482e-36
0.0101001437408
1.74334667877e-09
3.74993965582e-16
0.000244783186205
7.02444299465e-10
8.26330175497e-14
1.15766138978e-32
2.14206017947e-29
5.00273208949e-17
0.0130230321047
1.09042757678e-08
0.00119809809991
2.17032813412e-34
2.35053772767e-05
4.06172408097e-06
1.19817447377e-17
0.000189396342574
4.82506225463e-07
4.99840581446e-14
1.22907680456e-10
1.11852833999e-11
0.0101001437408
0.0101001437408
4.11987274308e-05
6.91533813145e-09
0.000971511443486
6.22734914832e-08
0.0101001437408
0.0
8.08777936123e-17
0.0162753611574
0.0013932277663
5.82014324438e-05
0.000313163792055
1.80316656164e-26
2.17069262116e-06
0.0101001437408
0.0
4.64049199052e-08
2.4434404672e-11
5.6654715947e-08
0.0015456942011
0.000294672838089
9.09559265959e-07
2.5225085838e-11
2.10431538871e-05
0.0138680730119
2.01357750244e-13
0.0169556817202
5.99677242219e-20
3.58462511274e-07
8.37479940616e-10
1.66060236772e-12
0.0114607848664
0.000378709656248
5.33353622919e-13
0.0169556817202
2.56328840179e-21
0.0162753611574
2.07043567837e-05
9.52606006267e-08
2.25054569562e-14
6.09054985149e-08
8.48123734175e-07
3.92046826894e-05
2.95178494872e-06
0.00155584284313
1.04155120668e-09
2.49837728437e-05
0.0162753611574
0.00148562132248
1.77236969714e-10
8.05461739435e-09
0.000757753449774
1.70379946844e-10
2.36316929826e-24
0.0
2.72342691477e-06
1.02134947349e-13
4.138049735e-07
0.0169556817202
0.0138680730119
0.0
1.63566785123e-19
2.77575463475e-16
6.39864837892e-22
5.2408876483e-07
0.00230727985959
9.3890027356e-14
3.85694681097e-14
3.27300294922e-05
0.0153857111906
1.92756718529e-05
0.00196601016975
1.80590758951e-18
5.44427860655e-38
0.00205117861554
0.00168575683742
4.44909187231e-16
3.57261997165e-05
5.44347887443e-05
1.16941428e-10
6.44862624879e-08
0.00147991898645
0.000178694990881
0.000189396342574
3.00595521917e-30
0.000216565385378
1.02905716441e-08
4.00673826434e-13
0.0
0.000276684960365
9.06944489827e-09
6.42717613426e-06
0.0
1.76054841569e-12
7.7742524635e-12
0.00230727985959
4.12324334595e-06
0.0153857111906
4.82999036629e-15
0.0169556817202
0.000122601458775
3.49026646336e-05
1.19708690672e-19
0.000233573534496
0.0169556817202
1.07550888059e-22
1.57610954502e-05
2.46489520237e-07
2.82006871896e-06
6.62269496496e-28
4.33994459046e-06
1.99227587593e-17
4.62200727782e-08
0.0153857111906
0.00237004039316
0.0101001437408
0.000275784863031
0.0138680730119
2.77509637139e-05
9.25806623774e-08
5.33120552139e-11
0.00135949991648
2.85304481472e-05
6.52080930638e-21
4.42789553835e-07
1.64251795702e-05
4.82469286906e-15
1.53524214825e-08
0.00205117861554
4.07196233512e-17
7.84390098999e-08
6.37320655224e-08
4.79781695925e-11
0.0130230321047
0.0138680730119
2.38280417922e-08
1.61677609814e-08
4.12908099882e-11
2.82852080139e-11
0.000244807906712
8.86562105031e-10
3.44443017702e-06
6.88629418556e-09
0.000233248254016
2.06512343978e-13
7.02139671288e-08
4.59739345792e-05
0.0
1.77108413055e-24
1.0018514805e-11
0.00141902908292
5.08330724702e-05
5.06156016605e-09
1.72116439447e-14
2.73178024224e-06
0.0101001437408
0.00163093112792
3.91739313938e-05
1.26802324562e-13
9.71405621453e-11
2.10649907524e-10
0.0130230321047
0.0169556817202
8.5260276462e-21
5.88436771139e-16
2.87395438605e-05
4.60190071938e-10
3.0410738815e-06
9.55285677598e-11
2.21173313736e-11
1.0985980363e-09
2.07916928686e-11
3.37077216069e-11
9.86003537548e-19
2.49910824694e-11
0.0101001437408
0.0023236334094
4.69322185252e-12
8.09009915893e-27
3.07173209366e-05
2.08133877608e-09
0.0169556817202
1.853459778e-14
2.62865137784e-05
3.93225735822e-07
2.54148644628e-05
2.15313925637e-15
2.19132080172e-10
0.0138680730119
3.50827455178e-11
0.0153857111906
2.04542204987e-12
5.40491974748e-05
4.18095103623e-13
3.750339511e-16
7.36329229056e-16
0.00239392865953
8.62385378131e-10
2.11119628058e-11
3.39524127488e-05
0.0
4.97510616163e-06
1.62101276444e-05
3.26729946022e-06
1.45854509625e-09
6.10968465123e-45
8.03112993758e-13
1.01778839336e-09
1.97260449207e-19
3.0995294919e-05
4.97838615975e-06
8.06587889763e-09
6.135441493e-08
2.0419298164e-09
0.000200957629745
0.000209633320838
1.31076690794e-10
2.87395438605e-05
8.12889529905e-22
0.00196601016975
0.0162753611574
3.40983866754e-11
2.8302149025e-34
1.90118213868e-05
3.18182166555e-06
0.00237004039316
1.74202561106e-05
6.77850839917e-09
2.29096496539e-21
2.02936623309e-11
1.93755904335e-47
0.00174778885247
6.57343905806e-09
5.21641692505e-06
9.47912505827e-14
2.49378981974e-05
6.13896617443e-12
4.80825432859e-06
2.91275498801e-20
4.53423823398e-07
0.0138680730119
4.87346653067e-07
3.49492119687e-06
3.84443249273e-06
0.000168919427314
2.42916707234e-06
1.37254844807e-09
2.33428800938e-11
0.0016247404799
9.63229010794e-11
0.00028066026434
3.63425925522e-16
4.76030234494e-05
0.000187383492125
0.00196601016975
5.17162925405e-16
0.0101001437408
3.68826828741e-05
9.08923857745e-26
1.07699893517e-08
3.99145359688e-05
3.63465691232e-09
4.09036594353e-14
0.0016247404799
0.00157546850686
1.71877183606e-14
0.00173496385987
3.28384401556e-07
2.77307832968e-05
0.0153857111906
2.04831087937e-05
6.89275861623e-07
2.16256681432e-24
3.95188872166e-07
5.41986915042e-07
0.0138680730119
0.0101001437408
2.33241822587e-13
0.0169556817202
4.42941323922e-07
0.00837317615814
4.20756016798e-06
0.000234469917112
4.73915891109e-11
0.0
0.0013932277663
0.00205117861554
2.79252873666e-08
0.00143404623418
0.000164731064504
2.52660571358e-05
9.34962253855e-13
2.88671006103e-19
8.36358675793e-19
0.0130230321047
3.79655280499e-05
0.000360500418274
7.49749265645e-09
0.0138680730119
9.65940865809e-09
0.0153857111906
5.05551028909e-11
1.95263026458e-14
0.0019390563118
0.00117270705343
3.96463261809e-07
1.12799557527e-26
0.0130230321047
5.88319845061e-08
2.5523404679e-12
2.49000585502e-06
0.00163507107667
2.5177238278e-05
2.06647862044e-07
2.59785901778e-45
1.82443246066e-11
0.00230727985959
0.00127291791897
5.80763653973e-06
3.38397012639e-05
0.00017017508697
0.000757753449774
4.31939207796e-06
1.25605546847e-09