500
0.0143180788331
0.000247269581242
6.90286105994e-15
8.02153160318e-05
0.000892201059715
1.90833237292e-07
4.60893886077e-06
1.35481865523e-06
0.0018565722759
0.0143180788331
4.07363469126e-14
1.59709045419e-08
0.000130651725297
0.00440362110219
5.20460803371e-09
0.0143180788331
3.42543787921e-07
0.0143180788331
2.31812205352e-12
0.0143180788331
4.86729416482e-21
0.0143180788331
1.0281938356e-09
0.0440953002611
0.0800575443292
0.0800575443292
0.00440362110219
0.0198844409108
4.09568416677e-10
5.32063479532e-06
9.54773544942e-05
2.01321626407e-08
7.77280734187e-05
1.48652594247e-06
8.85992753294e-06
0.000928889351998
0.000153238515682
5.86958091139e-10
0.0440953002611
0.0800575443292
0.000504728384565
1.01053912794e-05
0.0143180788331
2.35216197954e-15
1.06169474129e-06
1.32859857042e-14
0.0143180788331
0.0028322721954
1.27624588148e-08
0.0143180788331
3.65331084157e-11
0.0800575443292
6.92530653091e-05
0.000993534947779
0.0143180788331
0.0028322721954
0.0800575443292
0.0198844409108
7.01067842489e-06
0.0028322721954
0.000164255242012
0.00391112910497
0.0800575443292
0.000928889351998
0.0800575443292
1.68163403763e-06
0.0198844409108
7.49147870796e-05
0.0143180788331
7.86638749674e-12
3.06262788703e-11
0.0125534120714
5.74755927585e-05
0.000247269581242
0.00774900128844
0.0028322721954
9.39607017531e-06
0.00049053287522
9.22460809175e-07
0.00774900128844
0.0143180788331
0.0056608658765
0.000834148880282
1.78036325504e-07
4.99665662762e-17
0.0143180788331
0.000153238515682
0.0028322721954
0.0800575443292
3.61301083514e-05
0.0143180788331
0.00107542456605
0.0115286124378
0.00233576867659
0.000498244761955
0.000892201059715
0.00147048606511
7.70939217811e-06
0.000256548078439
4.83976587227e-10
0.0028322721954
0.0800575443292
0.0143180788331
0.0800575443292
8.83048250405e-05
0.0800575443292
0.0028322721954
0.0143180788331
0.0115286124378
5.78843693995e-05
0.00426534303067
0.0800575443292
0.00227553918838
0.0028322721954
0.0143180788331
0.0143180788331
1.58959871793e-09
0.00440362110219
0.0180624005287
0.0800575443292
4.1708113477e-05
0.000114383935808
0.0800575443292
0.00440362110219
2.13096738062e-05
3.9435111222e-07
0.0143180788331
0.0800575443292
3.97644020251e-07
1.71283161851e-05
0.0800575443292
8.999295645e-07
0.0800575443292
0.000376153105264
0.00323041228472
0.0028322721954
0.0143180788331
0.000728838250642
3.9793312149e-09
0.0180624005287
0.0800575443292
0.0143180788331
0.00020644341243
2.14782668073e-10
0.000127308012826
0.0800575443292
2.97038890933e-11
0.00132340623509
0.0440953002611
0.00227553918838
0.000205598034311
3.2491187613e-06
0.00407519760435
0.00233576867659
8.40183938548e-09
5.88547587005e-06
0.00774900128844
5.97811439535e-05
7.83256390421e-06
1.43629728886e-06
0.0800575443292
2.29403147735e-12
0.00227553918838
0.00233576867659
0.0800575443292
0.0800575443292
0.0143180788331
3.43039050189e-14
0.000395942847511
0.0800575443292
2.8052359188e-06
4.31912943243e-07
0.0800575443292
0.0028322721954
6.51511225487e-11
0.0143180788331
0.0800575443292
1.563724618e-06
0.0043298099381
1.01862279825e-09
5.07399734795e-05
1.01108190813e-07
0.00440362110219
3.25212300394e-05
0.0143180788331
4.58659335713e-13
1.51513408966e-08
0.0800575443292
4.36101418794e-05
0.0800575443292
9.03101720901e-05
0.000123563912953
1.18274816539e-18
2.02377559934e-18
0.000613284053745
1.82967052928e-05
0.00740635837432
0.0800575443292
0.00233576867659
1.86676514096e-06
0.000188619620843
0.0143180788331
0.000130651725297
3.38669722403e-06
0.0028322721954
0.00227553918838
0.0180624005287
9.17982864877e-09
0.0800575443292
0.00440362110219
3.74566343078e-07
3.27352546143e-07
2.45896683952e-05
0.00411709397963
0.0800575443292
0.00440362110219
0.0198844409108
0.0143180788331
0.00440362110219
0.0143180788331
9.72777039502e-06
0.0800575443292
1.48189621626e-05
1.64726531086e-12
0.000639010791903
0.000993534947779
0.0800575443292
3.74370161987e-07
0.000243713809151
3.39183950771e-05
0.000376153105264
5.74480711121e-06
0.0198844409108
1.30956052367e-06
1.54234393521e-08
0.0028322721954
0.0028322721954
3.29190238762e-06
0.0800575443292
2.75737261225e-14
0.0198844409108
0.0143180788331
0.0028322721954
3.4057356455e-11
0.000130651725297
1.13877843361e-07
0.0800575443292
0.0800575443292
0.0143180788331
0.000902940461169
0.00440362110219
3.56250860403e-05
0.000434605700658
0.000626888008516
4.94352331636e-05
0.00014010575976
2.9922273407e-06
5.29380384331e-05
0.000247269581242
0.0180624005287
0.0800575443292
0.0800575443292
0.000141795453074
0.0800575443292
7.77280734187e-05
0.00049772381096
3.32791349633e-05
4.8013185506e-05
0.0143180788331
0.0800575443292
0.000173964982709
0.0440953002611
0.0115286124378
3.18831588236e-06
3.45676407279e-09
0.0115286124378
1.50476235438e-05
0.0800575443292
0.000141795453074
6.900836821e-13
0.00774900128844
3.13795409199e-08
0.00147048606511
0.0143180788331
0.00227553918838
0.0800575443292
0.000718381310365
0.0143180788331
0.0143180788331
0.00440362110219
0.0143180788331
0.00440362110219
3.65308261639e-12
0.0115286124378
0.00072350945257
3.71107385643e-07
0.00411709397963
9.02065591887e-07
4.53290407165e-11
4.4375371815e-05
0.0002074412306
3.36019550846e-06
7.01218598135e-11
1.43389538818e-06
0.0800575443292
6.61738079193e-07
1.42548534461e-15
0.0028322721954
0.00227553918838
0.0800575443292
2.01113645822e-13
0.0143180788331
0.0143180788331
0.0800575443292
9.13446316519e-06
0.0800575443292
0.0115286124378
6.90752773794e-05
0.0028322721954
4.86011767616e-06
3.97467040587e-06
2.54680206935e-07
3.7900036167e-11
0.0800575443292
0.0180624005287
0.0800575443292
1.87086637638e-07
0.0143180788331
3.44924809695e-09
0.0028322721954
0.0143180788331
1.13587597856e-14
0.00220201605814
5.60162715409e-06
8.02068770661e-15
0.0115286124378
2.15249994764e-05
0.00049772381096
1.79953126292e-09
0.0800575443292
0.000119675719315
1.23686602537e-14
0.00407519760435
7.25123327207e-08
0.00440362110219
4.30256459115e-07
0.00220201605814
2.57410272534e-08
0.0115286124378
0.000993534947779
0.0143180788331
0.000146587520887
2.87905661578e-14
0.0028322721954
0.0198844409108
2.15800147289e-08
8.43195765841e-11
8.48668055501e-05
2.35549247621e-15
9.79615005663e-08
0.000993534947779
0.0800575443292
0.0800575443292
1.46594971742e-09
1.41779988066e-09
1.19447635434e-18
1.20042948538e-06
0.000102073157419
1.05856296462e-06
0.0800575443292
0.0800575443292
0.0198844409108
9.10034512718e-18
3.28830354756e-06
0.0143180788331
2.28019285005e-05
2.15601930156e-05
3.54617474112e-12
0.00964393939394
0.000529466041001
9.31569271237e-08
0.0800575443292
0.00227553918838
0.00227553918838
3.09923765164e-11
0.00740635837432
0.00740635837432
9.23029471517e-05
5.99058130816e-09
0.000132569354321
1.48189621626e-05
4.55838240977e-09
3.35483587725e-10
0.0198844409108
6.79903822192e-07
3.74566343078e-07
0.00774900128844
0.00740635837432
2.52726987276e-05
0.00323041228472
0.0028322721954
0.0800575443292
5.86331508619e-05
0.0800575443292
0.000892201059715
3.70484785476e-15
0.0143180788331
0.0198844409108
0.0143180788331
4.36101418794e-05
0.0028322721954
0.000250436396041
0.0198844409108
0.00964393939394
5.48132578238e-13
0.0028322721954
6.01473895538e-08
0.00411709397963
0.0028322721954
6.12672705083e-06
0.0143180788331
0.000504728384565
5.87726658982e-06
0.0198844409108
3.5112875892e-05
2.72687411047e-06
0.000274402415279
0.000498244761955
0.00411709397963
0.00015356776896
7.91848888701e-05
0.000141795453074
6.94386052914e-07
0.00147048606511
4.63117131373e-11
0.0180624005287
0.00227553918838
3.73860377906e-09
1.16543073973e-05
0.00233576867659
0.000691517538
0.0800575443292
0.0800575443292
2.55119138458e-05
1.22494074551e-08
1.61119919433e-18
0.0143180788331
0.0143180788331
1.66516253053e-05
9.61569683094e-05
0.0800575443292
0.00107542456605
0.0115286124378
1.95405855719e-06
8.94322349939e-07
0.0800575443292
0.0800575443292
0.000432057480187
0.0800575443292
3.26317643816e-08
1.28548981149e-08
1.15542533977e-06
1.23340109815e-11
6.05050045561e-09
0.0800575443292
7.77280734187e-05
6.6326303169e-10
0.0143180788331
4.43565219749e-07
1.2133447901e-05
4.49992764893e-05
0.000230916075614
0.0028322721954
0.000132569354321
0.000141795453074
9.44503557356e-05
0.0143180788331
1.1108156731e-06
0.00774900128844
7.56914277905e-05
0.0800575443292
0.0043298099381
6.29244797417e-16
1.38816422049e-09
2.40828015052e-06
2.02990999642e-08
3.38265947389e-08
0.000343317380204
9.13429399302e-06
1.74739595592e-08
0.0028322721954
0.0115286124378
9.23837846436e-06
0.0800575443292
8.83048250405e-05
2.35063282108e-07
0.00227553918838
0.000424515860012
0.00220201605814
1.75368306158e-05