500
0.00302812030441
6.48986147931e-11
6.90680478536e-17
2.61215857375e-13
1.23462250819e-12
1.42400678699e-09
3.74965868672e-08
2.56953644312e-06
0.000611124920437
0.00262598384814
3.50405530244e-06
4.16630432891e-16
0.00641024421156
2.10390291198e-53
1.87075554856e-11
0.000380326917856
0.00423658709181
0.000492873010858
1.05864510154e-12
0.00758172242303
1.14628677469e-07
1.8148995255e-22
0.000249737375141
5.37186230866e-05
2.91977626165e-15
2.19615733988e-09
2.9812688682e-45
1.83496331049e-16
1.52203993726e-07
0.000860036005416
3.78582715389e-22
6.43856629396e-15
1.81139176693e-18
3.42980144473e-08
3.0498806594e-09
7.396957128e-14
6.90498384361e-28
6.71028139283e-05
4.48091065782e-15
8.41255397283e-25
0.0142842686956
5.79987988157e-43
1.03711191591e-32
4.85146055213e-13
2.85555065536e-05
6.15961260935e-05
4.31375996637e-17
7.66331368002e-05
6.47879597163e-09
1.13720363528e-08
7.62010016312e-10
2.56280379694e-06
6.48800788531e-24
6.41791190429e-22
7.09588064966e-05
0.000117310780794
0.0142842686956
3.34384469322e-12
0.00130005725678
2.38735218551e-10
2.08911408447e-06
1.33869848854e-08
0.00641024421156
0.00302812030441
1.24078081207e-18
1.12237007467e-15
0.00920803294525
0.0142842686956
9.51199671876e-32
5.81424368394e-10
6.47819780001e-22
4.60968272919e-28
1.81638373082e-08
1.035341975e-09
1.94593640592e-09
5.17720588773e-05
4.73523678212e-31
8.68751183925e-09
2.03535675344e-10
9.65872303268e-07
2.5973210119e-10
1.24098087884e-07
1.49240279487e-06
8.73905043748e-11
2.01596568646e-24
6.37799463813e-05
2.60483696215e-12
0.00302812030441
9.04163626178e-08
5.11043113373e-12
2.61323272886e-20
3.86052342922e-16
0.00758172242303
0.0142842686956
2.10947333619e-10
7.2065750118e-12
0.000144087383737
0.000646861448276
3.80443727556e-22
0.00758172242303
4.01073382384e-17
8.73323889315e-10
0.00103468827756
2.1621828931e-09
1.19984561698e-15
0.00758172242303
0.000518337185928
6.12897520616e-11
1.65479411735e-10
0.0142842686956
6.59370128158e-15
3.34837656665e-08
1.03111648048e-35
4.12798220606e-07
1.43276263431e-10
1.18401085136e-11
0.00920803294525
3.09810898533e-16
3.63238248062e-22
9.14533929206e-09
0.000815134850418
1.5312407049e-12
9.39967078464e-10
0.00302812030441
1.46856526107e-05
2.33485386526e-18
1.95393306138e-22
2.50177208442e-06
7.25859703482e-14
4.17203821776e-07
1.50745193676e-17
2.58188854568e-33
0.000175713749933
5.80531520667e-37
2.03953351109e-14
3.6938485524e-07
6.81418701462e-16
1.67357746092e-16
1.51882514885e-09
5.04248133371e-09
3.16485089842e-15
0.00031899821439
1.03314987421e-16
2.1644036674e-08
5.33667942466e-13
5.58785680419e-07
4.28958402692e-13
9.34049898818e-10
1.74370066183e-14
0.0142842686956
3.07917750179e-10
8.40968068703e-10
0.00193109013571
4.36683641429e-11
1.23021439811e-08
4.24717681244e-07
1.64761780895e-05
0.000426576141391
5.55922979473e-12
5.91317982464e-18
0.00103468827756
6.81198752483e-09
9.71473784253e-06
5.7231568835e-06
0.00758172242303
0.00103468827756
2.38646064489e-06
0.000124062388574
4.84751558743e-05
7.62726180454e-16
0.000350467478239
9.01928350988e-06
2.49880741048e-28
0.005363558084
1.32365045342e-12
0.000829881471091
2.69822333757e-08
3.31476620377e-09
1.57577772769e-05
1.81166533905e-15
8.13956158084e-21
2.55034960557e-06
4.82879954382e-06
7.35694107201e-10
2.63661279405e-20
5.6661378201e-20
0.00343342054092
5.94103052778e-10
6.95980819851e-05
1.98136098287e-06
9.39998672646e-20
0.0112583138736
9.13261805746e-14
0.00104552730411
1.9030503555e-18
0.00011825861397
7.28715917255e-07
0.00641024421156
5.02493571776e-10
0.000109351446812
6.07153538621e-13
1.85880748841e-05
5.06836366357e-10
2.00513430253e-09
3.29920013533e-19
3.3284863336e-19
3.16805881117e-29
7.04585864581e-06
0.00327445249902
2.83533322268e-10
3.00415918506e-34
1.33370149821e-08
0.0142842686956
1.86680135035e-15
5.44430514593e-17
4.71272109057e-10
5.39760641247e-05
5.27136454629e-32
0.000107649662607
0.0142842686956
4.20086840075e-18
3.81519442625e-08
4.32594755795e-08
4.85545657696e-10
4.13433262245e-16
0.00034935758393
2.28560439534e-08
0.00117945716143
3.16960111016e-10
0.00227947092163
4.65177117414e-09
2.54796654006e-17
0.000860036005416
1.34655807719e-17
4.86685880411e-06
2.79673547239e-08
9.51113646673e-11
7.31081508664e-09
2.91214985226e-09
6.67585604802e-24
0.00920803294525
1.5040065839e-06
5.79142064064e-06
1.06682934044e-12
7.33700176903e-23
0.0112583138736
7.42371476907e-30
6.06436732953e-13
7.83241382488e-12
7.9779103736e-05
5.85727492873e-09
7.57986635675e-15
3.72916289298e-27
3.07886343784e-11
1.33186675508e-25
1.81258574811e-25
0.000386557134315
0.000815134850418
0.000260236511277
1.18785627289e-09
0.00641024421156
5.87920178057e-07
2.53698484367e-06
8.93586134696e-14
1.89117411279e-29
1.54065144358e-06
0.00302812030441
2.48602194702e-12
3.00679134433e-08
1.02342205153e-06
5.86974170937e-11
1.1936242265e-14
8.42532803019e-05
7.23555369889e-14
0.0142842686956
0.00107595803217
1.96459994576e-07
5.46451281104e-10
0.00278374370448
4.51471163144e-10
4.41685354422e-10
0.00274384306375
2.22817690197e-26
3.86575335799e-11
8.42743970658e-14
3.91157695589e-07
8.06820502183e-41
3.2910867041e-09
4.38467169704e-05
1.82499362221e-21
4.51950525138e-05
0.000345325749678
2.16236089127e-27
4.34841804435e-07
4.05026181086e-11
2.40505976524e-35
2.60438095915e-08
7.42971715561e-38
1.99771200868e-38
1.03596704271e-44
3.95242441547e-17
3.591301344e-22
6.85887356784e-12
0.00758172242303
9.42152986011e-19
0.00641024421156
2.31592923236e-06
0.00423658709181
1.75439630402e-11
2.61692636151e-09
0.00112044884323
7.27014573513e-06
1.32987756282e-14
4.61126121706e-11
9.02124691434e-13
1.68427745194e-11
0.000862226384545
2.63845124272e-07
3.34925839039e-22
1.22819888205e-05
5.6297542798e-30
0.000318235716805
1.36994730101e-52
2.77924591808e-33
0.000732470500314
4.36035433647e-21
8.63647320496e-05
2.77290675997e-09
1.39211402988e-08
6.0798044116e-06
1.35015454876e-09
2.5219439403e-07
4.0627168833e-06
3.7227229589e-20
0.0142842686956
6.16341498772e-21
9.26634434431e-08
7.85784182423e-06
7.74065326403e-06
2.41859331427e-14
2.19629917122e-08
4.63748311372e-12
1.83752986374e-06
5.24737407162e-26
2.93865819014e-09
1.48179125709e-13
1.72571601744e-07
4.2815012119e-11
1.96431359604e-14
6.34738064149e-12
1.36080952854e-18
1.71633050433e-15
3.36500403811e-07
8.60744783824e-05
2.70154042948e-05
9.13846093569e-07
0.000417534764546
9.86576104715e-16
0.0112583138736
1.52589042201e-14
4.29304416398e-20
2.4233879829e-10
2.28186729102e-05
7.34740849656e-07
0.00107595803217
1.17558972708e-11
9.12571153701e-05
1.46993403941e-17
1.18505300221e-11
0.000815134850418
4.36664081429e-09
8.75329782235e-07
1.01628046709e-14
9.02995353872e-09
0.000370161594546
1.37825459117e-18
2.38078363238e-16
1.24873318624e-13
0.005363558084
0.000104670849887
5.29446914967e-06
7.31068051837e-05
1.84405880015e-13
1.66600055559e-12
6.12348789195e-23
4.72634199304e-32
5.19455877382e-29
0.00278374370448
1.05773789414e-18
8.26023099148e-19
1.15485004289e-12
1.9108591236e-06
6.41191408951e-07
6.1042594273e-06
0.0142842686956
0.00641024421156
4.7418131933e-07
6.43081930263e-10
2.56615481825e-10
8.13384971627e-21
1.05280970246e-09
1.83510146665e-09
3.66716890608e-05
2.97832686025e-21
0.00227947092163
1.55424328151e-21
8.88591821543e-10
0.0001536047425
5.03609167781e-12
0.00227947092163
1.47775743288e-08
5.37510897004e-17
0.0009436043038
2.00715085055e-05
5.17753034487e-06
4.8641052885e-05
1.22234424162e-09
0.00327445249902
0.00641024421156
1.18607523989e-05
1.74371425714e-06
1.35810056148e-54
1.82126047179e-10
7.82094349694e-11
1.2241344579e-14
5.01028994144e-08
5.03641392862e-22
0.0112583138736
5.00772836401e-11
1.38023338907e-14
1.9412349346e-07
0.00758172242303
0.0112583138736
6.17999792166e-13
3.8346881859e-07
2.97782038884e-05
9.774704224e-17
0.00302812030441
3.77894342634e-11
1.09903333141e-20
6.48373960338e-14
3.73050291239e-08
1.00663284239e-22
0.000910147242389
9.57018181873e-14
1.60239172521e-06
3.98662776836e-12
7.33194471652e-15
4.72374771346e-10
1.21627819244e-05
4.59038788741e-21
7.0083118694e-14
0.00641024421156
3.77411856053e-06
0.0112583138736
0.00423658709181
0.00262598384814
1.13188998109e-43
1.15138612354e-10
6.15162178323e-08
1.47403798696e-10
0.000210607582085
6.74741555642e-08
9.16913043531e-06
0.00104552730411
4.76757892726e-05
0.000819711219145
2.91900140258e-23
0.00758172242303
9.1874948589e-06
3.78876082482e-11
6.03527380585e-05
6.44510965417e-08
2.15376609613e-08
4.04112943347e-25
7.56690827045e-45
1.09279341608e-07
0.00274384306375
7.90549464481e-13
8.19111072691e-16
7.19499502675e-06
1.1106121174e-10
1.60606275285e-09
0.0112583138736
3.06925052929e-17
2.3926256987e-18
1.8852741536e-09
1.67442215689e-27
1.08987309378e-16
5.00451350196e-11
1.20904241606e-13
3.77239736464e-06
0.00423658709181
2.54675053462e-10
2.90543031205e-10
1.37201911541e-11
3.19682320725e-09
8.9241871243e-05
0.00327445249902
3.48135079494e-30