500
3.62979969172e-05
0.0
0.0
0.0
0.0
9.95613696379e-16
0.0
3.069205722e-06
0.0
0.0
2.5336254242e-10
0.0
0.0
4.94387259694e-13
0.0
7.55437989301e-07
8.18040030505e-16
0.0
5.27129939714e-15
0.0
0.0
0.0
0.0
0.0
0.0
0.0
2.53212491526e-14
1.35942720786e-07
0.0
0.000124218012334
2.5108309175e-09
5.40082873182e-34
0.0
0.0
5.69390220546e-08
0.0
0.000179724117781
0.0
1.92776163809e-08
9.82117981586e-13
0.0
0.0
5.86782001494e-08
3.94363227048e-22
0.0
0.0
0.0
0.0
0.0
0.0
3.069205722e-06
0.0
7.16516354838e-05
9.13421278353e-05
0.0
1.75620813268e-10
2.62597007936e-13
0.0
6.10754745929e-06
0.000620520917992
0.0
0.000529058320602
8.81663849231e-06
0.0
0.0
4.09389222303e-10
0.0
1.11414280728e-06
0.0
0.0
0.0
0.0
0.0
0.0
9.50701666287e-07
0.0
0.0
0.0
8.26180985598e-05
4.77995697212e-37
0.0
0.000778028391706
0.0
0.0
2.62669017683e-06
0.000634585446072
0.0
9.13421278353e-05
0.0
5.1559126119e-08
5.76335288501e-11
0.0
0.0
0.0
1.67891149747e-06
5.05968806674e-06
0.0
0.0
7.45559373823e-11
0.0
3.39395055783e-05
0.0
0.0
1.56777644458e-07
0.0
0.0
8.26180985598e-05
0.0
2.37921628444e-07
0.0
0.0
0.0
0.000529058320602
0.0
2.1436408864e-11
1.67891149747e-06
0.0
0.0
0.0
0.000634585446072
0.0
0.0
8.81663849231e-06
0.0
2.03633061511e-09
0.000778028391706
1.78117695653e-11
0.0
0.000634585446072
0.0
3.30590023728e-18
0.000245627034876
0.0
0.0
7.48588919005e-19
0.0
3.55550704639e-08
0.0
0.0
0.000123282193837
4.1723577313e-05
1.03049872007e-07
5.47502432882e-05
0.0
0.000237301602647
0.0
0.0
0.0
2.19148859395e-08
0.0
0.0
0.0
0.0
1.26983629518e-07
0.0
0.000124218012334
0.0
0.0
1.32356544885e-09
0.0
2.2960137477e-07
0.0
0.0
0.0
0.0
0.0
0.000179724117781
1.33135024896e-05
0.0
0.0
5.41454330926e-07
2.25808177609e-05
0.0
0.0
0.0
0.0
0.0
0.0
2.80089547869e-11
0.0
0.0
1.052679796e-08
2.38404417566e-05
8.13926035382e-10
0.0
0.0
0.0
0.0
1.30892769499e-06
0.0
5.12326286989e-06
0.0
0.0
2.00373287579e-13
0.0
0.0
1.67891149747e-06
1.68542947214e-08
0.000778028391706
0.0
0.0
0.000778028391706
0.000179724117781
0.0
0.000778028391706
0.0
0.0
0.0
9.76239413159e-07
1.41602787604e-05
3.00704237091e-14
0.0
0.0
0.0
2.65702641965e-12
0.0
2.61163757758e-07
5.22412389298e-08
4.75425638654e-17
0.0
6.22675394194e-06
3.07284231292e-14
0.0
0.0
0.000778028391706
0.0
0.0
3.25935052197e-11
4.86185757446e-18
0.0
1.18571032912e-07
1.1000170528e-06
0.0
0.000620520917992
0.0
0.0
4.56820776586e-11
0.0
0.0
0.0
1.33135024896e-05
1.47215175358e-05
1.60957128679e-05
0.000778028391706
0.0
0.0
0.0
0.0
0.0
0.0
1.19877066277e-05
0.0
0.0
0.0
0.0
4.61629305455e-07
6.47858779743e-08
0.0
0.000179724117781
0.0
0.0
0.0
0.0
0.0
0.00243571366869
4.65172838879e-11
0.0
0.000308567749916
0.000308567749916
0.000179724117781
0.0
0.0
3.35302039182e-06
0.0
0.0
0.0
0.0
4.02025241136e-14
0.0
0.0
7.10402415839e-06
0.0
1.28912941387e-05
0.0
1.05454492634e-12
0.000156323303575
0.0
0.0
1.54052366753e-07
0.0
0.0
0.0
0.0
0.0
0.0
0.000124218012334
0.0
4.1723577313e-05
0.0
0.0
0.0
0.0
0.0
1.3637544307e-09
0.00011593269587
0.0
1.29699852987e-07
0.0
3.34342191027e-11
0.0
0.000179724117781
0.000529058320602
0.0
3.91794967747e-15
0.000778028391706
0.0
0.000123282193837
6.36275896454e-09
0.0
0.0
8.26180985598e-05
5.21779820939e-06
0.0
0.0
0.0
0.0
1.83665806147e-10
0.0
0.000123282193837
0.000778028391706
3.24752722411e-10
0.0
1.49716367527e-09
0.0
0.0
4.1723577313e-05
8.32096017344e-10
0.0
1.6066043612e-05
0.000778028391706
0.0
0.0
0.0
0.0
0.000778028391706
0.0
0.0
4.50546100942e-14
0.000310210278209
1.55857638107e-07
0.0
0.0
1.87601854706e-06
0.0
0.0
1.04012074915e-10
0.0
0.0
0.0
0.0
0.0
0.0
0.000310210278209
1.03971903187e-05
1.93832494369e-06
1.03319226493e-09
8.62173644099e-06
0.000778028391706
0.0
0.0
0.000179724117781
0.0
0.0
0.000308567749916
0.0
0.0
0.0
1.45544758832e-08
0.0
0.0
0.0
0.0
7.4603688531e-06
1.5714513168e-06
1.92164763476e-05
0.0
3.39395055783e-05
0.0
0.0
0.0
0.0
0.0
0.000778028391706
2.7083869814e-05
0.000778028391706
0.0
1.52252406631e-11
0.0
0.0
2.14972602181e-06
0.0
0.000778028391706
9.73855463065e-06
0.0
0.0
0.0
1.55373820615e-06
0.0
7.2532808598e-15
0.0
0.0
0.0
0.0
2.37239897699e-13
0.0
7.02358862135e-09
5.60718602008e-10
0.0
2.20467923251e-19
7.16516354838e-05
0.0
0.0
0.0
3.85172996707e-06
0.0
0.0
8.10035995524e-11
0.0
0.00109136145688
0.0
0.0
2.11332980461e-08
0.0
1.70876975856e-07
0.0
0.0
0.0
1.47215175358e-05
3.36785016535e-07
1.2077711234e-17
0.000778028391706
0.0
0.0
0.0
0.0
0.0
0.0
0.0
0.0
0.0
0.0
4.79263280065e-06
0.0
0.0
0.0
0.0
2.38404417566e-05
0.0
0.0
7.04612273948e-07
1.81550223435e-05
1.89782482383e-06
0.0
0.000123282193837
2.55520702995e-07
0.0
0.0
0.0
0.000156323303575
8.26180985598e-05
0.0
0.0
8.15693455441e-07
0.0
0.000778028391706
0.000124218012334
0.0
0.0
0.0
0.000778028391706
0.0
0.0
0.0
0.0
0.0
0.0
0.0
0.000778028391706
0.000156323303575
2.02861658991e-07
0.0
0.0
0.0
0.0
0.000179724117781
1.99953623325e-05
1.47469464042e-06
0.0
0.000126076273726
0.0