500
1.84454042034e-06
0.0
0.0
0.0
0.000319220139698
2.24504362783e-07
0.0
0.0
0.0
0.0
0.0
0.0
0.0
3.25796211168e-05
0.0
0.0
0.0
0.000127201409945
0.0
0.000319220139698
0.0
0.0
2.93030903247e-11
0.000319220139698
0.0
0.0
0.0
0.0
0.0
1.29220148772e-05
0.0
0.0
0.0
0.0
0.020679283764
0.000378334927689
0.000408515758187
0.0
0.0
0.000319220139698
0.0
0.0
0.0
0.0
0.0
0.0
1.26666779332e-07
0.0
0.0
0.0
0.0
0.0
0.0
0.0
0.0
0.0
3.86026906954e-08
4.12124173053e-05
0.000408515758187
0.0
1.47304066473e-06
0.0
0.0
0.0
0.000408515758187
0.000408515758187
0.0
0.0
0.0
0.0
0.0
0.0
0.0
0.0
0.0
0.0
0.0
0.0
0.0
0.000319220139698
0.0
2.64901000221e-05
0.000319220139698
0.0
0.0
2.34430989459e-06
0.0
0.0
0.0
0.0
0.0
0.0
0.020679283764
0.0
0.000135216576288
0.0
5.10078758967e-05
0.0
0.000319220139698
0.000321650773264
0.0
0.0
1.81755702089e-07
0.0
0.0
0.0
0.0
0.0
0.020679283764
0.0
0.0
0.0
0.000408515758187
0.0
0.0
0.0
0.0
0.0
0.0
0.000408515758187
0.000319220139698
0.0
0.0
0.0
0.000370840550203
0.0
0.0
0.0
0.000321650773264
0.0
0.0
9.4191055005e-05
0.000319220139698
0.000873708651979
2.07203433018e-06
0.0
3.82124201552e-07
0.0
0.0
0.0
0.0
0.0
0.0
0.0
0.0
0.0
0.0
0.0
0.0
0.0
0.0
0.000378334927689
0.0
0.0
0.0
0.0
0.0
0.0
0.0
0.0
0.000321650773264
0.0
0.0
0.0
0.0
0.0
0.0
0.000321650773264
5.79060637372e-05
1.46374882973e-05
0.0
0.0
0.0
0.0
0.0
0.0
0.0
0.0
0.0
0.0
6.4666608582e-07
0.0
0.0
0.0
1.05917691992e-07
0.0
0.0
0.0
0.0
0.0
0.0
0.0
0.0
0.0
0.0
0.0
0.000128031446808
0.0
0.0
0.0
0.0
0.000408515758187
0.0
0.0
0.0
0.0
0.0
0.0
0.0
0.0
0.0
0.0
0.0
7.19324610904e-08
0.0
0.0
0.0
0.000319220139698
0.0
0.0
0.0
7.70928822782e-05
0.0
0.000378334927689
0.0
0.000321650773264
6.18590377703e-07
0.0
0.0
6.25888391571e-06
0.0
0.000127201409945
0.000128031446808
0.0
0.0
0.0
0.0
8.52214138998e-06
0.000319220139698
2.42457543814e-05
0.0
0.0
6.38485179409e-06
6.53587370809e-08
0.0
0.0
0.0
0.0
0.0
0.0
4.87699871069e-10
0.000408515758187
0.0
0.0
0.0
0.0
0.000319220139698
0.0
0.0
0.000681713947214
0.0
7.70928822782e-05
0.0
1.51669260333e-08
0.0
0.000170770693173
0.0
0.0
0.0
0.0
0.0
0.0
0.0
0.0
0.0
0.0
0.0
0.0
1.47236832846e-05
0.0
0.0
0.000408515758187
0.0
2.86890888939e-06
0.0
0.0
0.0
0.0
0.0
0.0
7.33866600423e-06
0.0
4.99998084232e-06
0.0
0.0
0.0
0.0
0.0
0.0
0.0
0.0
0.0
0.0
0.0
0.0
1.38462924454e-10
0.000170770693173
0.000162676235108
0.0
0.0
0.0
0.0
0.000408515758187
0.0
0.0
0.0
0.0
0.0
0.0
0.0
0.0
0.000170399688672
0.0
0.0
0.000162676235108
0.0
0.0
0.0
0.0
0.0
0.0
0.0
0.000408515758187
0.0
0.0
0.000321650773264
0.0
0.000319220139698
0.000321650773264
0.0
6.55704567835e-08
7.92095652733e-07
0.0
0.000319220139698
0.0
0.0
0.0
0.0
0.0
0.0
0.0
0.0
0.0
0.0
0.0
0.0
0.0
0.0
0.0
0.0
0.0
0.000321650773264
0.0
0.0
0.0
0.0
0.000408515758187
0.0
0.0
0.00021842907952
0.000127201409945
7.01950520017e-06
6.90137902513e-07
1.65576547706e-06
0.0
7.70928822782e-05
0.000162676235108
0.0
0.0
0.0
0.0
0.0
0.0
0.000408515758187
0.0
0.0
0.000408515758187
0.0
0.000127027888204
0.0
0.000321650773264
0.0
0.000319220139698
0.0
0.0
0.0
0.0
0.0
0.0
0.0
2.1397555023e-05
0.0
0.000378334927689
3.36755732984e-05
0.0
0.0
0.0
0.000408515758187
0.0
0.0
0.00020108905456
0.0
0.0
0.0
0.000151751759239
7.50347063757e-08
0.0
0.0
0.0
1.8712470452e-05
0.0
0.000321650773264
0.0
0.0
0.0
0.0
0.0
0.0
0.0
0.0
0.0
0.000408515758187
4.01879808286e-06
0.0
0.0
0.0
0.0
0.000321650773264
0.0
0.0
0.0
0.0
7.70928822782e-05
0.0
0.0
1.29220148772e-05
0.000408515758187
0.0
0.0
0.0
0.0
0.0
0.0
0.0
0.0
0.0250985187246
7.70928822782e-05
0.0
0.0
0.0
0.0
0.0
0.0
0.0
3.22300338162e-05
0.000238805192649
0.0
0.0
0.0
0.0
0.0
0.0
4.65143062035e-07
0.0
0.0
5.19684185002e-08
0.000109798316057
0.0
0.0
0.0
0.000408515758187
0.0
0.0
0.0
0.0
0.0
0.0
0.0
0.00020108905456
0.0
0.0
0.0
0.0
0.0
0.0
0.0250985187246
0.00021842907952
0.0
0.000127201409945
0.0