500
1.30280989698e-05
0.000168838398988
0.000817799322391
1.33074349413e-07
3.32330891168e-21
1.89346354314e-25
7.66455087006e-40
9.56229760698e-05
3.0338848896e-18
1.59696406559e-24
7.37612937384e-39
6.77706806579e-14
2.14948254667e-17
0.000128935191812
3.6550856114e-08
2.13513207906e-12
7.86193163538e-17
5.97893950359e-25
2.18797799396e-15
2.61333609713e-10
0.00116744268288
2.80165194356e-15
5.87198372575e-09
1.22147931219e-09
2.00095878322e-08
1.693403275e-24
4.87523247545e-18
1.76660524164e-09
0.00160408523704
4.13815535003e-47
1.87598519416e-09
1.26993963862e-07
0.0121890419408
4.35315274603e-30
2.97114810427e-18
0.000102982122285
4.47450562903e-21
6.18915958655e-07
3.5483396412e-16
1.06404568662e-17
2.52483217619e-07
6.14609499274e-07
4.06049111127e-25
6.21102671782e-13
6.95108173831e-09
1.12623877094e-08
0.00690956230788
0.00634386714817
4.89164842548e-10
5.86863028173e-44
8.07350079493e-07
0.00102609397294
1.55378300137e-21
1.51234042449e-19
5.90803223767e-26
0.000118246051618
9.0619802749e-08
4.58550421318e-16
4.1969657081e-15
0.000596797359355
3.9218758571e-11
2.58926499659e-42
2.41585902075e-11
1.83762407481e-05
5.58746617879e-06
2.09066629967e-13
2.29381726766e-28
0.000192305149856
0.011245617642
6.05807473845e-06
1.34210077997e-11
1.21766662049e-42
1.96141602832e-17
0.000168838398988
1.41141826785e-07
6.25179328737e-12
2.05257064327e-06
1.17628678605e-13
5.68096019984e-35
1.70056168096e-05
1.92557563343e-10
2.10120314546e-35
4.39628389253e-08
5.23059761793e-36
3.09940855981e-08
6.99300393509e-09
4.22153271145e-12
1.19641932381e-38
3.61218983985e-14
4.62679640705e-10
2.50076828764e-05
1.03869218716e-29
4.30606654831e-43
3.23465019827e-09
2.16948800131e-05
5.40907600988e-08
4.81512741057e-06
1.87896227498e-22
5.3385682682e-09
8.21511479572e-25
2.00869129731e-06
0.000894851166534
8.7006557781e-28
4.95974330488e-27
4.1720510619e-10
0.000950886848937
2.87612619257e-17
4.18170050777e-08
1.52308686019e-18
5.70274495773e-06
0.000249260416289
2.71969130523e-11
0.000168995691627
4.22748585279e-08
4.28988360947e-12
4.63059831465e-09
0.00984934967971
1.70767471332e-09
6.15228450072e-16
1.21445238605e-20
2.2394663592e-14
3.08323595534e-06
0.000129808422958
1.25851697747e-07
6.59701585219e-08
1.52129388636e-06
1.16466537398e-14
1.49175745014e-26
3.24558594191e-05
3.28884011883e-11
1.17710951412e-06
1.22305408242e-13
3.15259055662e-27
1.73476168873e-05
3.24385230067e-12
2.9149314135e-24
0.00106795280216
8.30641302514e-34
2.88567853792e-33
2.14355111354e-06
3.16171471861e-10
0.00883045143698
1.79997258995e-08
0.00105025511956
1.0529556283e-08
9.90545705203e-08
2.3925553324e-12
1.39329048197e-06
1.98401603924e-05
3.12716389552e-11
2.00712784021e-05
1.93950828149e-09
4.56666138647e-18
2.03131206689e-17
2.52933891663e-06
0.00148674324572
2.86421240919e-08
8.97181286275e-23
4.35796831825e-16
0.0011660822779
1.30412221302e-64
2.12448248241e-14
5.77703598083e-05
0.00141636048402
0.000122079925971
0.000179253707617
0.000202080027497
9.73037051256e-10
1.70100043725e-05
5.26715517107e-31
0.000103576084978
7.10660837459e-13
6.737273379e-08
5.60945711809e-18
0.00110940929553
1.59056458956e-27
1.66587242304e-05
8.01953078101e-11
3.31227165529e-18
1.8295958503e-14
7.9663782604e-08
4.37028715351e-30
9.36204183446e-24
3.24238063272e-19
0.000132162690493
4.33328229617e-06
6.96412988127e-34
0.000207630226366
0.0121890419408
2.30886281325e-07
0.000187990394279
1.69951906246e-06
1.21125688681e-09
2.80324452394e-38
9.56416256144e-38
0.000105821021588
9.98482593114e-05
2.51192456181e-07
7.86949625759e-09
3.24115059448e-05
1.30496930866e-22
4.37402763626e-15
6.90421567581e-14
0.000207630226366
9.61910516748e-37
8.63439846858e-05
3.92702371366e-08
8.67227429895e-07
1.75914206138e-05
2.94971903099e-27
1.42541179516e-32
1.28075835154e-32
1.37826590955e-07
1.15315233102e-08
0.00130673505956
1.13271248536e-07
1.48131836821e-07
1.24847635874e-08
9.93860804384e-05
2.79831906209e-07
2.0638019063e-07
5.93653216318e-15
2.62159215302e-05
4.11761643184e-11
1.45761494212e-28
4.1439000779e-19
5.47397984447e-36
0.000714363623551
4.44813145619e-37
6.64469966252e-16
1.114070948e-14
7.21352769712e-18
4.56537378032e-07
3.79507997234e-12
1.17706052062e-06
1.57185721919e-14
5.77703598083e-05
6.26147809592e-24
4.2116317256e-18
3.62099187677e-43
1.71562101186e-09
1.39010937742e-21
7.77297037793e-13
0.000950886848937
1.59284579109e-14
5.20363631124e-11
2.08262687105e-15
0.00883045143698
8.08508334512e-16
4.06910772482e-10
4.34763603966e-08
1.62914669304e-05
2.71175716583e-05
0.00984934967971
2.68263426041e-06
3.73955556973e-17
8.11942166536e-12
3.03937514059e-05
9.34396041629e-13
3.72765939908e-10
0.00107582823162
6.7064884253e-06
0.000187990394279
9.72657731279e-12
6.03405809835e-53
8.84381450775e-21
1.8471632095e-06
0.00160408523704
3.00573020875e-16
7.45734759296e-22
0.000108291325213
8.77660531193e-13
2.00197668503e-13
8.45546618373e-20
0.00883045143698
3.89778962749e-07
4.30589187991e-12
1.48062779509e-12
7.28791009521e-27
6.0614181027e-57
1.3799323326e-19
7.10397076911e-21
4.3291849798e-06
0.00148674324572
0.011245617642
4.03548300105e-08
1.16776390001e-16
1.8471676816e-18
6.5404228304e-09
7.30238615288e-11
0.00010767888963
1.74742319998e-06
0.000113610883973
1.00825182654e-06
0.00699037590213
2.90358081335e-10
3.92638387367e-05
0.000243091209105
0.000894851166534
2.50158491076e-05
0.00883045143698
2.44700002693e-08
1.33942833613e-08
0.000101849338286
8.77127797599e-24
1.73484167724e-13
0.0121890419408
2.95782016886e-10
0.00883045143698
0.00984934967971
6.31420302333e-09
2.57245700234e-13
1.45942068741e-40
0.00104147093193
5.6137066297e-12
1.32360027679e-12
3.52585438491e-11
1.87880462104e-15
4.6004311329e-15
7.08169089423e-10
1.73987371594e-27
2.39820892755e-56
2.30226363408e-05
8.68123099324e-31
9.37623658108e-30
1.08595676516e-06
0.000179253707617
2.27677531247e-06
0.00104147093193
1.94552405984e-08
0.0121890419408
1.37391477538e-37
6.93651901996e-11
3.33425029037e-05
2.04218133567e-09
1.47922055456e-29
1.31774771207e-08
3.82974931734e-09
2.8708195466e-07
0.000198293872497
1.76220519013e-13
0.000119413871953
1.91541493216e-10
4.17149574048e-13
1.91558580838e-15
3.60023467554e-08
7.08911861359e-33
9.36839434703e-11
2.99941270488e-09
6.30358780735e-06
5.76488612864e-15
1.27017486054e-07
1.07308289094e-11
0.00634386714817
1.16639904708e-05
0.000132701314902
0.00883045143698
0.00984934967971
8.76265516429e-25
7.74419383936e-13
3.36431106415e-12
0.000817799322391
4.18420214266e-11
2.8438320837e-18
1.97999633109e-11
3.42534457873e-25
8.50341278521e-05
0.00699037590213
2.18674973087e-11
0.000188206618484
1.75506934536e-10
2.27290261534e-07
2.01988772863e-05
2.18367991141e-05
7.79347362605e-07
0.000230867433581
2.25161166693e-17
0.000759722634675
3.66602555243e-06
9.29421934996e-08
7.07585373564e-08
2.1399468519e-07
0.000207630226366
3.02995494325e-14
4.95830073658e-20
1.14802522523e-08
0.00883045143698
3.33123749087e-10
6.30098431102e-05
1.81425334955e-09
0.000173673492355
0.000912160782667
1.47590631414e-16
5.59987387036e-12
2.28335704344e-11
1.44553118574e-13
2.20996424034e-28
0.000160066082125
9.16293085986e-15
2.88280925158e-11
2.7921011957e-05
0.00112884265441
2.3838202676e-05
4.18645794405e-34
2.05089844692e-09
3.08970813479e-07
2.59050864038e-20
1.32650104785e-10
2.71761116141e-09
0.000547936756834
5.18992298878e-06
2.87308404602e-18
2.74349600693e-16
6.83149754976e-25
4.06271246652e-53
1.6239662039e-37
1.12217345198e-13
0.00110940929553
1.31572189986e-23
0.000143541142106
7.65167831812e-13
0.000175869251037
1.104753251e-05
0.0011660822779
2.68160102872e-07
1.14623318287e-17
5.18388358565e-19
2.55418458149e-12
8.19150147732e-18
3.44970219489e-15
0.0121890419408
0.00187659678789
1.00114447988e-07
0.000214095508604
0.000844777873153
7.65097238957e-12
2.56300298896e-23
3.11876868038e-12
3.12856286679e-11
4.2359653878e-17
0.000596797359355
4.75436094915e-06
2.18076987158e-06
0.000817799322391
5.1726962867e-27
2.72939961705e-19
1.77836074176e-09
2.45284047321e-07
1.27659244762e-37
2.93404748062e-09
2.15094211265e-25
9.05372525801e-05
0.000203297426156
4.50851551556e-16
0.0011660822779
2.35596553629e-09
0.00160408523704
7.08976049015e-36
4.53813043821e-07
6.16228420213e-10
6.61207702026e-27
1.39814500209e-05
3.03117096031e-08
0.00883045143698
2.65398867866e-07
8.20063266731e-20
9.68647370905e-16
3.98203494894e-15
5.49036477131e-06
3.09149067278e-08
5.24189411671e-15
3.64283592217e-62
2.34807813965e-05
7.05024760716e-20
0.00187659678789
9.43093630654e-05
6.3311669712e-05
5.16399378447e-22
0.00144178356327
6.57137738724e-09
9.05190032022e-34
0.000187820533502
9.51794997389e-05
8.73870031223e-06
4.21353334386e-23
0.0121890419408
1.14521903093e-07
5.89553671591e-13
0.000181646660684
1.02976995629e-12
8.32194997007e-06
7.3623576095e-16
2.59067632485e-20
4.45490791232e-13
9.75650347132e-12
0.000101381575853
1.72392680728e-22
7.47609823872e-28
2.30936176426e-22
2.5395363751e-08