500
4.98463659982e-24
0.0
2.39751028392e-05
1.87877247893e-26
1.58948175248e-30
3.99350769511e-09
0.000108249918813
0.0
6.83310014118e-26
0.000107263796702
7.11731367117e-10
7.96201153313e-23
0.000133617401232
1.65038842207e-13
0.0
0.0
2.65359997657e-64
1.04844890628e-22
0.0
2.661939839e-05
3.23942850146e-13
0.0
5.57441530919e-21
9.06125303379e-47
4.41945476991e-07
0.0
3.94827151053e-40
1.69900773566e-17
0.0
1.44586036179e-19
1.88047650261e-22
0.0
0.0
1.85998901234e-18
0.0
0.0
9.5817780267e-15
3.40675942793e-13
5.46190224573e-11
9.13046255659e-08
0.000507312770613
8.06317489583e-23
9.30955486672e-06
7.57198592221e-06
4.68001454491e-31
1.48731248954e-05
0.0
7.67504239697e-11
0.0
0.00388508658826
2.1011281691e-06
2.68062009203e-40
1.50462795624e-12
0.0
1.4795631336e-12
1.76202390636e-34
4.40450142055e-20
3.39646251935e-17
1.38509640901e-06
0.0
4.43930629891e-21
1.77987687639e-08
0.0
1.26256373281e-34
2.54528878482e-31
3.04966477971e-08
1.59869829878e-10
4.85779385517e-08
2.39751028392e-05
2.89401850656e-06
0.0
5.73169351384e-15
7.26345148808e-06
0.000507312770613
9.01041324112e-09
0.0
3.90805760908e-12
8.45422891573e-43
1.16394674131e-11
0.0
0.0
3.01155036058e-20
3.19461495815e-12
0.000184668177879
4.84878843983e-51
0.000155735542779
3.38716950669e-18
4.33811276197e-08
4.41189772332e-34
1.13258149217e-16
1.06426682489e-09
1.61322875243e-29
1.08337427413e-36
4.36701010816e-15
1.26080367703e-26
0.0
0.0
1.15386805301e-06
1.97580234263e-35
1.00971914836e-12
1.56159961209e-29
1.84316344152e-05
1.95987207128e-27
0.0
1.77877586896e-12
2.13367679214e-06
0.000225913642701
0.0
0.00181587774748
1.12849222453e-06
1.00658513151e-23
0.0
5.67297662024e-08
1.16475835064e-16
0.0
6.50209394603e-06
0.0
2.26998802902e-74
3.8283666972e-16
0.0
2.55207009069e-29
3.3434745483e-09
9.72608490673e-11
1.21878286235e-10
3.25351987931e-16
0.0
0.0
3.36424379457e-07
2.49949682677e-33
1.38346462206e-63
1.21692855987e-05
0.0
1.41337472884e-09
7.12972728294e-15
0.0
0.0
0.0
0.0
0.0
6.96278508349e-11
3.10989560097e-34
0.0027359764706
1.52186957212e-20
6.09153978512e-13
2.80738093988e-10
1.13805876418e-11
4.67566860988e-39
0.0
3.89339842549e-34
0.000328069027437
3.75912602539e-18
1.47695156303e-07
2.14733556014e-11
7.73234331293e-19
2.28936053901e-20
3.05650995097e-16
6.12861303828e-08
0.0
1.64521632274e-14
1.4960025035e-08
3.50276314027e-23
3.77730714768e-13
0.00388508658826
0.0
2.9155299967e-18
7.4494484943e-10
6.63614748864e-48
0.000507312770613
2.51374590196e-23
0.000507312770613
5.03102609517e-22
0.0
1.43061315056e-17
0.0
0.000107263796702
0.0
3.34019635208e-42
2.23159650747e-09
6.5581102221e-12
3.97666071023e-54
1.33781298657e-36
1.75366059192e-15
8.9513275006e-09
6.7879889389e-08
2.31015525747e-15
1.96085385645e-08
0.0
4.38233655365e-14
4.14956630991e-09
0.00027382725515
1.28837114893e-37
2.2335792566e-07
0.0
0.0
1.41006546366e-26
0.0
1.11713949326e-18
7.42882318473e-07
3.60625797216e-16
7.24865351454e-26
0.0
6.26169368262e-06
0.0
1.94936432014e-08
1.78543862178e-05
2.17889447694e-24
0.0
6.40939015943e-80
0.0
1.15160221717e-05
0.0
9.63918407414e-10
0.0
5.63084790117e-26
0.0
0.0
0.0
2.68547808148e-16
3.19389557312e-06
1.88825964216e-15
4.92720613461e-08
1.57648506082e-38
4.21590478817e-07
3.3208114908e-32
7.04149627303e-27
3.82882764219e-10
0.000507312770613
1.41153159752e-06
9.03531021972e-07
0.000107263796702
0.000507312770613
0.0
9.01623275493e-19
6.55161966372e-17
2.27499877854e-28
6.63336199963e-10
0.0
0.0027359764706
7.35126074458e-27
0.0
1.9148859465e-18
2.2878524738e-18
9.11251268534e-42
6.05838702811e-32
1.27794541483e-33
2.87180002655e-49
3.44625471373e-56
3.22887886422e-18
4.13353220314e-07
1.28166510386e-23
1.12891954269e-12
2.00081465911e-29
1.97463092365e-36
0.000155735542779
1.43752447638e-16
5.86969284709e-12
0.0
3.77764763719e-11
0.0
1.04914126486e-07
0.0
0.0
3.2133684468e-20
0.000193404208714
0.0
9.58501719788e-22
1.78294510592e-44
1.96564458302e-28
5.29412990375e-25
6.45716251267e-12
6.37790998381e-09
4.3062856279e-39
0.00388508658826
3.36606411842e-35
0.0
2.25173941283e-09
0.0027359764706
0.0
3.16466938408e-23
8.0040042407e-20
0.0
1.92607318714e-56
0.0
0.0
4.20225534823e-16
1.39512503235e-17
0.000107263796702
1.26462654708e-06
2.83526750634e-16
3.41046306771e-10
1.70592827808e-35
0.00027382725515
4.24159776552e-06
0.0
0.0
8.24557143367e-16
2.72559077766e-22
2.85074491045e-12
0.0
0.0
1.38655580639e-14
0.0
2.10867406627e-19
2.73109777621e-32
2.92342091412e-20
7.28605247328e-17
2.90125830177e-15
4.95725814905e-24
1.30007462247e-20
4.90449735326e-15
0.0
0.0
9.70456214414e-41
1.0263014208e-09
0.0
1.50456740817e-30
0.0
0.0
2.40299815695e-17
1.22723164252e-06
1.17635513791e-09
1.964244866e-22
2.85423196879e-06
0.0
1.23185436562e-08
2.07011081122e-47
0.0
0.0
3.00694315041e-08
0.0
0.0
1.58941790839e-29
2.58504498428e-08
7.10273823114e-11
8.22371208849e-14
0.0
4.33596824765e-15
1.52407068433e-32
0.0
1.40067524538e-11
9.6231110028e-06
1.24145327789e-49
7.1512662676e-39
6.14753109159e-07
2.98137788434e-12
7.53765474381e-42
0.0
9.02756385191e-40
2.52765880783e-05
0.0
1.79181698528e-18
0.0
1.3150757266e-08
3.80661716546e-08
4.79480945325e-08
0.0
2.65929053016e-11
1.86553457776e-15
7.78951926153e-51
2.27501672678e-05
3.90920143853e-11
1.39822462037e-14
2.78965326009e-09
0.0
4.17036355569e-07
1.01071107945e-06
2.39875090187e-08
0.00181587774748
4.30811220549e-34
0.0
4.78645869177e-49
5.12730810033e-48
0.000155735542779
2.49205789379e-22
1.06491915523e-35
0.0
0.000133617401232
0.0
3.80846047581e-23
0.0
3.16188260956e-28
3.10730506489e-26
0.0
0.0
0.00388508658826
0.00388508658826
2.47483562584e-09
0.0
2.05248358574e-24
3.73434922622e-05
0.0
0.0
1.46202846636e-55
0.000322835399481
1.9810355386e-56
7.9422420483e-25
3.7625521181e-19
3.60318814905e-62
0.0
4.63389619632e-11
0.0
1.15039149099e-10
0.0
2.85691042134e-47
3.20937282363e-26
0.0
0.0
3.34111026727e-42
0.0
1.04075070724e-22
2.26819778455e-18
0.0
0.00388508658826
1.14268117066e-23
0.0
1.45298669879e-28
3.09326592725e-08
0.0
5.24814613545e-15
1.55230802501e-23
7.11196696808e-16
0.0
0.0
1.75933479115e-06
9.69212744179e-08
1.18076078306e-05
0.000328069027437
9.18747467875e-25
0.0
1.43812318166e-05
1.11113935226e-23
4.04465151716e-07
0.0
1.09061259994e-29
0.0
7.85702746355e-09
1.72392486434e-05
1.0820261647e-31
1.04221755269e-23
0.000328069027437
2.65632777612e-17
2.661939839e-05
0.000155735542779
0.00388508658826
4.19126185119e-39
0.00388508658826
0.0
4.7916167841e-24
7.04756178617e-12
1.18076078306e-05
0.0
2.39751028392e-05
1.91104395198e-29
2.91301470408e-18
0.000120620942644
1.17736048216e-06
7.98355578787e-15
0.0
3.91553407293e-29
0.0
0.000507312770613
1.56095932602e-43
0.0
4.88423951093e-10
9.08624288143e-28
8.20779893931e-09
1.65153260539e-33
2.25293389682e-24
8.49021341729e-20
4.90317179289e-14
0.0
0.0
1.62851411426e-05
2.27172996452e-22
4.81778829175e-07
5.13176645195e-08
7.81144889313e-17
0.0
0.0
0.0
0.0
0.0
1.20012405649e-29
7.60223368025e-15
4.32363332506e-20
5.65996037592e-06
0.0027359764706
3.68252974741e-06
4.41708489449e-40
0.0032051309801
8.52640005078e-16
5.14031746263e-25
0.00181587774748
0.000507312770613
2.13122137517e-14
0.000155735542779
0.0
1.46201732383e-09
0.0
1.04345199955e-10