500
6.00179776519e-05
3.28689152792e-05
6.25694638263e-05
1.08465526109e-14
0.000260040355594
8.37682422915e-09
2.38031015277e-06
4.28944804441e-08
1.80700067106e-21
3.91476678197e-05
1.62089717437e-06
2.53336748867e-15
2.35061701303e-08
0.0151399744357
4.90130169235e-05
2.0504361844e-07
0.0151399744357
8.60201852428e-10
0.0265340480828
3.26481625168e-06
2.56267284696e-07
1.19171559737e-12
0.0151399744357
0.0151399744357
8.91512464018e-36
1.19661774057e-10
0.0151399744357
3.07389567485e-07
1.33663269689e-07
0.0176364054074
5.15940488391e-18
0.000107260845943
1.08342476912e-07
0.0151399744357
1.41549841204e-07
0.000126565345455
1.50508906787e-05
2.17997751497e-07
2.96231197879e-05
1.13512208595e-07
8.62369605852e-05
1.41549841204e-07
0.000205423430253
0.0151399744357
1.90809880969e-17
1.34252478383e-28
4.97536249307e-11
0.0151399744357
0.022675378381
2.83144534582e-09
1.10358282273e-15
0.000330531007002
3.95861706435e-05
3.18548896818e-13
2.51357805313e-09
0.00988982201045
4.50154015697e-05
7.16460996638e-09
0.0151399744357
1.29924784338e-07
5.45302523992e-11
3.41458891142e-05
0.0151399744357
2.50411007223e-12
2.08492001365e-05
9.71267292674e-07
0.000522483242619
1.91199752208e-08
7.06440795414e-06
0.00028405621406
6.77311340467e-14
1.26531650933e-13
0.0176364054074
8.82883624925e-05
5.73558606454e-06
1.29979406431e-08
4.11116531733e-05
0.0366900186931
0.000182592803195
0.00614395484954
0.0151399744357
6.25694638263e-05
3.04785211152e-18
3.65780583614e-06
0.0151399744357
4.939792336e-09
7.43769567247e-06
4.57941213197e-05
0.0265340480828
8.62369605852e-05
2.84483513039e-05
1.38921574878e-11
1.8083580786e-05
6.83821435294e-08
0.022675378381
6.27836473114e-09
6.01442008127e-18
5.56383899561e-07
2.17432610118e-07
0.000163520228324
9.2436717409e-06
9.83685228226e-05
0.000814465694138
0.000551798152455
4.35806444222e-05
9.12326308741e-06
0.000366110917998
0.000205423430253
0.0151399744357
0.0265340480828
0.0366900186931
0.00375592689816
2.01163330873e-07
3.6795145908e-05
9.43924016633e-17
0.00223618931515
1.2284984609e-10
0.00988982201045
0.00988982201045
0.00023915309966
4.50154015697e-05
0.0151399744357
0.0122605324791
5.35563855334e-24
0.022675378381
3.38278583841e-05
1.48906723409e-19
4.11116531733e-05
1.89776195409e-05
0.0151399744357
1.64331250677e-09
4.95947127747e-06
5.26399181833e-05
0.000375038737723
0.0366900186931
1.62532561042e-11
3.58651387953e-05
6.89124666006e-05
1.15391418723e-05
6.18441946852e-08
0.0151399744357
1.67748131408e-05
2.99843016549e-07
5.98550080938e-09
1.16900941676e-07
2.336993404e-10
3.26138600715e-16
0.00188701680644
9.60783108685e-07
5.51340012989e-05
0.000137634344968
9.81911020178e-09
0.0151399744357
6.78248958044e-06
3.11369163716e-06
2.79434296194e-06
2.10311908694e-05
3.73644158022e-07
1.89776195409e-05
1.51095028209e-08
0.000240015678954
0.0151399744357
0.00988982201045
0.00988982201045
4.37273888211e-08
2.90521988384e-11
4.13274862552e-08
1.00177840368e-07
0.0151399744357
1.40071566863e-06
3.07626076627e-13
2.74187996465e-06
1.51242844161e-17
0.000575375443945
2.55062784707e-05
5.7872431199e-05
7.38029379487e-08
4.58627484575e-09
6.31305016047e-10
0.0366900186931
6.89124666006e-05
0.000319928477233
4.50154015697e-05
4.42873403294e-05
0.0151399744357
0.000128457043934
3.61922510336e-08
5.28844823703e-08
0.0151399744357
5.32140691171e-07
0.000118724597795
9.8863681419e-15
0.0151399744357
0.000814465694138
4.38622082418e-06
2.05619899609e-07
0.00988982201045
3.40485397342e-07
9.55392419448e-15
0.00023915309966
0.00053203000988
1.94218026717e-05
3.36304923452e-08
0.00028405621406
5.66662314143e-09
1.17894126409e-20
0.00988982201045
1.0106920208e-07
5.14754258654e-13
2.85036302735e-06
3.28200253845e-06
1.85831972227e-05
9.41932720367e-14
0.0151399744357
6.89124666006e-05
8.43610950834e-12
0.022675378381
2.42184340723e-07
0.000132017075464
2.73369578124e-07
0.00988982201045
0.00988982201045
1.18318228421e-05
1.91298718859e-10
0.022675378381
4.40129099075e-08
3.00494250491e-05
7.55341427859e-11
4.89416214957e-07
1.26230596582e-08
2.78082727894e-10
0.0176364054074
0.0151399744357
6.69041514121e-14
2.93888032238e-12
0.000240015678954
0.0366900186931
5.51340012989e-05
0.000814465694138
4.94349219934e-05
0.00162549244781
1.41751019748e-17
1.0646861296e-08
3.85721317214e-08
0.00988982201045
6.58537238176e-05
0.022675378381
0.0265340480828
2.14708236905e-05
7.90119972575e-06
0.00023915309966
0.00988982201045
1.19852056614e-11
0.0366900186931
2.25681938431e-07
7.94217494251e-07
1.18318228421e-05
0.00988982201045
5.98507461621e-09
0.0151399744357
5.51340012989e-05
9.97292169099e-08
1.80949485351e-12
2.97721898122e-05
2.34123806009e-09
0.000153815182152
7.03203237616e-05
9.91443933867e-05
0.00988982201045
0.0151399744357
0.0366900186931
9.82159461946e-06
0.022675378381
0.0151399744357
0.0151399744357
0.0151399744357
2.15979611758e-37
1.67073241522e-05
0.0366900186931
6.89124666006e-05
9.79833816488e-22
0.0151399744357
0.0151399744357
0.0151399744357
8.44293819247e-12
0.000366110917998
3.98495025429e-05
1.84796139666e-07
0.022675378381
2.96852972427e-15
1.94243266465e-13
9.70793551658e-06
2.01820996254e-08
0.0366900186931
1.96582283612e-09
0.00988982201045
2.91539281439e-06
0.000319928477233
0.022675378381
2.52538050336e-06
0.0151399744357
0.00988982201045
0.0366900186931
0.000753786401012
4.97857730406e-15
1.51896260275e-08
1.50562204601e-13
9.91443933867e-05
0.000154263566882
7.96541051727e-05
5.75194469772e-10
0.0151399744357
1.24775536091e-21
1.41992991194e-06
2.16176832313e-05
0.022675378381
0.00146073656877
0.0151399744357
5.46505265409e-06
0.0176364054074
3.11369163716e-06
7.9010937687e-05
9.96294498271e-05
0.000207975733683
0.0151399744357
3.75966290787e-07
3.6413037615e-05
3.21302359382e-12
0.0151399744357
0.0366900186931
9.34184022126e-23
0.0151399744357
1.5622814205e-06
0.0151399744357
0.0151399744357
0.0151399744357
0.000191282521663
0.0151399744357
1.37901020034e-22
3.10781036028e-06
5.02996091895e-09
0.00988982201045
6.37057337141e-07
5.93286373446e-10
1.47995913831e-05
6.89959525818e-06
0.0151399744357
0.000887228474664
3.05977305442e-08
2.10903811097e-12
0.000132017075464
2.07750589837e-07
0.000366110917998
2.84483513039e-05
8.22928402209e-05
3.66491442914e-05
0.000366110917998
0.022675378381
0.0151399744357
0.0151399744357
4.15430912031e-11
0.00053203000988
2.0082132794e-05
1.16462730098e-06
0.0366900186931
0.0366900186931
1.32766678883e-10
0.0265340480828
0.000102856485363
5.06331081693e-11
1.25671348242e-05
5.13121201957e-10
0.0151399744357
0.000505998084792
4.22983062121e-25
0.000778669164722
2.21389973616e-06
8.50867056301e-06
1.30497649415e-05
0.000814465694138
3.51531224522e-09
5.83264981011e-07
0.00103886887385
2.29556283571e-06
0.0151399744357
5.16119834891e-05
6.96463427639e-20
0.0151399744357
2.42549307833e-08
1.76722825212e-14
3.42212657756e-05
1.04035744432e-05
1.58022088847e-07
7.34729049108e-06
0.000132017075464
6.96956307515e-27
6.05804809894e-20
0.00988982201045
0.000156266479536
0.000505998084792
2.87989023055e-09
3.6987062378e-09
2.60822996793e-07
1.66282150551e-05
0.00173513517247
0.0151399744357
0.0151399744357
1.22509755334e-09
2.94923863713e-11
2.01288979035e-09
0.00330483570985
1.47995913831e-05
3.28689152792e-05
2.46151211426e-13
1.26111688333e-16
0.000191282521663
1.15480714596e-09
0.0151399744357
5.7122162701e-10
3.6978206407e-18
0.00988982201045
4.82585166374e-06
0.0366900186931
0.000319301707836
6.3653772311e-07
0.00330483570985
8.57548569132e-10
3.71389572011e-07
0.0151399744357
0.022675378381
8.62369605852e-05
7.0630375645e-19
4.60515137697e-08
0.0176364054074
0.00988982201045
0.0366900186931
4.01654466062e-06
3.14739054303e-05
1.38498374005e-10
0.0176364054074
0.00988982201045
0.0366900186931
1.48023015923e-06
1.63107747773e-07
1.70885806516e-11
4.32703644045e-11
0.0176364054074
5.18104569773e-12
2.3040869681e-05
0.0151399744357
1.16949066529e-05
9.66747501638e-06
0.0151399744357
0.000385991780741
8.26407703569e-11
0.00988982201045
0.000158780376756
1.34163994908e-07
5.35844077205e-09
3.59027015913e-06
3.12558901974e-10
0.0366900186931
5.51340012989e-05
2.37456161151e-05
1.38369804135e-05
1.57520046327e-12
1.32288230341e-10
2.94581020695e-05
2.85501737423e-20
0.0176364054074
1.3196547994e-08
0.00988982201045
3.93410321559e-10
0.000154263566882
0.000319928477233
0.0151399744357
1.84021848699e-09
1.01770385861e-08
4.82585166374e-06
1.51299379485e-11
5.97279835704e-05
0.00330483570985
1.62089717437e-06
5.03819924878e-22
2.11779628107e-07
3.28689152792e-05
1.1086027138e-10
1.0279837065e-07
4.62563914735e-06
1.69040634592e-05
3.0035299098e-06
5.05256825888e-05
1.91375518098e-21
6.43660442865e-17
8.62369605852e-05
0.0366900186931
0.00188701680644
0.0366900186931
0.0151399744357
5.51340012989e-05