500
0.000425159650387
1.57043820344e-12
7.40176381702e-25
1.60103668166e-19
1.43714676803e-16
2.73958300397e-12
1.29292518969e-08
3.77704964756e-07
0.000153691874274
0.00392857142857
1.59362402452e-07
8.12958753969e-19
0.00769909502263
4.15649932807e-75
1.54936359572e-16
1.22383788952e-05
0.00141366199874
0.00022003323403
8.66494592e-16
0.00208272340271
1.38122965061e-07
7.38313253975e-33
1.86373519621e-05
3.14000502347e-06
7.0686186198e-21
3.30018661254e-10
1.28792987317e-60
1.9387219055e-22
3.38092127846e-09
4.69455448954e-05
2.13446044012e-32
6.00352149013e-21
2.80896034145e-26
1.14396002367e-09
5.83448861009e-12
5.70087777165e-18
1.12430271876e-33
2.12291556959e-05
2.09223385086e-17
6.89092390465e-36
0.00272687361045
2.60672287558e-57
4.0216519873e-43
2.29877014377e-17
2.52288034936e-05
7.87627344444e-06
2.45078655211e-22
4.0777829616e-07
5.45835570403e-10
2.27661675382e-11
3.655988002e-12
1.08185956472e-06
0.0
8.96995749386e-28
7.56565603286e-05
3.43395895914e-05
0.00272687361045
3.18799014566e-14
0.000136074538676
1.06484283255e-12
3.02293208738e-10
3.4193213529e-11
0.00769909502263
0.000425159650387
1.58072288578e-26
2.95985832665e-19
0.0028138674345
0.00272687361045
1.32940843936e-41
7.70582329989e-13
8.57085586054e-28
4.71117144583e-41
5.57054351052e-11
2.78603021804e-14
6.15632848732e-12
6.49317682055e-05
1.40042255511e-41
1.09790125118e-09
6.08082917659e-13
3.31334113184e-10
6.0673096121e-13
1.18610967236e-08
3.96790360642e-07
1.81150235606e-14
3.93693051895e-34
1.70032975589e-06
2.4193988699e-16
0.000425159650387
8.98908083451e-09
6.79814780669e-14
2.84811681482e-27
1.35541560337e-22
0.00208272340271
0.00272687361045
2.67974281096e-14
1.27887149083e-16
8.39704594844e-05
0.000248227198917
9.03682778364e-30
0.00208272340271
3.67243533887e-19
8.59796670659e-11
6.46837909157e-05
7.06160933132e-12
1.23958513362e-20
0.00208272340271
6.70812534695e-05
2.72089374056e-14
1.84868896447e-13
0.00272687361045
6.15384897597e-18
5.84614428539e-10
1.44289780271e-51
5.03182424504e-09
1.14447120902e-13
5.73985719873e-19
0.0028138674345
3.71649096129e-21
6.86519323331e-28
3.72935252412e-11
0.000557792037936
3.85716936787e-16
5.09716164968e-12
0.000425159650387
2.24577124385e-07
2.06859582785e-21
5.91350262198e-31
5.66810167016e-09
1.34361917971e-19
8.15122218784e-09
3.36177884002e-24
1.30637828182e-38
6.24121532945e-05
1.9102398927e-54
3.39956105085e-21
4.24948113744e-10
8.48048394897e-21
1.08072063499e-19
1.12848992155e-10
3.53778447281e-12
3.54495012837e-17
0.000455753695029
8.48219749429e-24
1.00137972849e-10
1.15807688152e-18
3.19030485502e-07
1.14879307816e-18
2.59796638901e-11
8.67773203028e-21
0.00272687361045
1.42838344686e-12
2.53289916758e-12
0.000177311918719
6.09140241286e-15
1.00675206542e-09
1.87931238137e-09
4.69074256092e-08
0.000105956702805
7.0474366668e-17
1.26394398303e-24
6.46837909157e-05
5.33057039611e-14
1.46566199223e-07
1.44697061573e-07
0.00208272340271
6.46837909157e-05
2.96677860756e-09
1.42338682214e-06
4.98970974179e-06
2.04468161478e-21
0.000537185854801
9.11185772868e-09
3.60219971562e-39
0.00302003081664
1.33580807462e-18
0.000109941065495
1.3596411121e-10
8.39536290065e-14
4.67156376413e-07
2.97756375654e-21
5.37513347362e-29
5.02602970958e-08
9.87011349502e-08
4.1934276358e-14
1.05172427882e-30
1.55403733495e-28
0.000801234440444
1.22713926096e-12
2.8650791536e-05
5.91682703042e-08
2.92205035166e-27
0.00372096943639
9.97015870998e-19
6.9025128772e-05
1.75387389847e-26
6.31303123824e-07
1.0798185922e-09
0.00769909502263
2.44348933948e-13
2.97609726512e-06
9.16406124118e-20
7.84529689065e-08
2.58879732691e-14
8.44729434991e-12
1.23298646581e-25
7.79983839836e-27
1.13449027728e-36
1.57891874153e-07
0.00127337493015
8.48472156152e-13
1.92799289802e-44
6.08581383218e-11
0.00272687361045
2.0498689334e-19
1.24888083156e-22
2.00518447856e-15
1.15863880997e-06
9.92913840905e-42
3.35594827293e-06
0.00272687361045
2.88321810602e-25
1.64675073743e-09
1.23262152147e-10
1.71852640804e-13
7.93343838465e-20
2.16367274047e-05
4.35701311442e-11
0.000219709028595
5.83284743188e-15
0.000966576437317
6.74084923389e-10
2.78724919951e-24
4.69455448954e-05
1.11092809317e-24
3.29593374369e-08
2.78063462399e-11
3.37698009648e-13
1.10220609509e-12
3.62965103404e-12
6.17358209648e-30
0.0028138674345
1.67128375816e-08
1.51251393671e-05
4.18306297575e-20
2.93167998163e-32
0.00372096943639
3.57442921158e-40
8.87216026362e-16
5.67216529695e-18
2.4030661544e-05
5.91350534983e-12
1.17527272959e-20
1.32906392942e-34
4.6668759507e-16
1.12231743618e-32
1.41456132424e-29
1.64090011994e-05
0.000557792037936
1.79967551797e-05
1.13385957867e-12
0.00769909502263
2.80410830303e-07
6.34822223582e-08
4.31879851025e-18
3.19172159311e-38
2.76431016458e-09
0.000425159650387
1.08912130357e-16
6.68232567072e-14
5.40042049976e-09
2.66848272284e-13
5.42437365663e-19
4.78429186698e-06
2.67465197008e-16
0.00272687361045
4.06817199394e-05
4.02476349532e-10
1.5692008816e-10
0.00021646751221
8.11095914856e-14
0.0
0.000686472390007
1.70030456378e-37
1.29273523783e-11
1.02092820495e-15
4.79234097711e-11
1.09586693621e-58
5.27697492963e-12
0.0
3.65181909763e-27
9.48335591272e-07
3.25226708092e-06
1.47279199584e-35
2.52954384984e-08
9.63723721102e-15
3.80633922756e-49
7.80479786311e-11
3.13313184962e-52
4.4036383152e-50
8.56771946338e-60
1.6007995728e-21
7.50110654906e-29
3.32081271638e-15
0.00208272340271
1.48084141776e-24
0.00769909502263
4.44896413282e-09
0.00141366199874
3.57818219276e-15
8.66071883717e-12
0.00039236728447
1.01991769627e-07
5.14397237644e-22
5.99278732507e-14
1.84703024519e-16
3.56097467007e-15
0.000238490379836
7.68085821151e-08
2.0569923315e-31
1.03294327795e-06
7.81624079012e-45
2.47431670071e-05
2.09206099798e-65
4.31665927829e-45
0.000264993097039
2.1165167645e-30
1.34795411341e-06
1.98505013754e-12
2.61866286342e-12
5.18391894071e-06
7.63561323103e-13
6.13963527643e-10
5.47373219191e-08
1.95117258556e-27
0.00272687361045
8.58601044292e-30
1.92268690122e-09
1.40919942816e-07
6.21581177116e-07
3.80674332454e-19
1.78673814975e-11
1.78976645078e-17
3.0381558774e-08
7.71032021926e-36
3.38335050383e-15
1.21393601207e-15
1.88319365611e-10
5.049445308e-15
3.37516140751e-19
8.83667976436e-14
1.80068610475e-25
1.13054472343e-22
2.56588529742e-09
2.24622765083e-06
4.49557635745e-07
1.5254089757e-06
6.27341624678e-05
1.29129698419e-24
0.00372096943639
4.23342697483e-21
8.72150926786e-30
6.72370389492e-14
1.02434840207e-06
1.00266129634e-09
4.06817199394e-05
6.33938193206e-16
2.00404753336e-06
6.45645822531e-23
1.53487189542e-15
0.000557792037936
2.19358334308e-12
3.45885545194e-09
1.48967967158e-19
4.5871515756e-10
1.04863676698e-05
1.48267960745e-23
3.16088495467e-24
1.55736266631e-17
0.00302003081664
4.37487525615e-06
2.09863223449e-07
5.04054410316e-07
6.8563102196e-18
7.19786540983e-15
6.62259785341e-33
5.76462631474e-42
7.73082778961e-40
0.00021646751221
3.15511894506e-24
7.11567771007e-25
5.11715784599e-15
4.40807944231e-08
2.03312700306e-10
5.43551266745e-07
0.00272687361045
0.00769909502263
8.73968800395e-09
3.50915074796e-12
2.47087487373e-13
1.13372351802e-27
1.66469380009e-14
5.74908788783e-14
1.90992861185e-05
4.29687884633e-24
0.000966576437317
6.60967255047e-31
4.89691928228e-14
8.12374137256e-06
3.84928770943e-15
0.000966576437317
2.25822198496e-09
3.73633643787e-23
0.000269634888029
2.76482783253e-06
5.45135315952e-06
4.66248595577e-06
2.71834311835e-13
0.00127337493015
0.00769909502263
3.85772341029e-09
4.81061311642e-08
1.3275211319e-73
1.62011720533e-15
3.76315973287e-13
1.37639753712e-17
6.40509758918e-10
9.50894158132e-26
0.00372096943639
3.65243811875e-13
5.5107089328e-21
2.03768417318e-09
0.00208272340271
0.00372096943639
1.22190794638e-18
1.41183870635e-09
1.31271224074e-05
5.37188562818e-25
0.000425159650387
4.53348796104e-17
2.58307149597e-31
3.72601559759e-21
5.26620239628e-10
3.17762379346e-35
0.000296715558406
1.13403921325e-19
1.44921474983e-07
7.43949115813e-16
9.13663976633e-19
2.13913465588e-13
1.28435625946e-05
2.73167355126e-30
1.85177632858e-20
0.00769909502263
2.94755801613e-08
0.00372096943639
0.00141366199874
0.00392857142857
1.36225457804e-62
3.91654539012e-14
2.40111949582e-09
3.27020611475e-16
9.50363499255e-06
4.45773981125e-10
7.54232686897e-07
6.9025128772e-05
1.35148459019e-07
0.000108408323362
7.36075450662e-31
0.00208272340271
7.31685394387e-08
7.58528887985e-15
8.46298681838e-06
3.67483973015e-10
4.80682274361e-08
1.68460666335e-31
7.54004002716e-58
3.40804460793e-10
0.000686472390007
9.73503452783e-16
2.60331752833e-19
9.28077787002e-07
1.12212688029e-14
2.77873432553e-13
0.00372096943639
8.12679235548e-22
7.94830390394e-22
2.20290791395e-13
6.01070178138e-36
9.42169906298e-25
1.9382865248e-15
4.36139047679e-16
7.19534488102e-07
0.00141366199874
6.86130696082e-15
5.62052638487e-14
3.81486472035e-14
7.1031204818e-12
1.11254903807e-05
0.00127337493015
6.239597459e-44