500
0.0168056907818
0.000449470089773
1.86292457857e-13
0.0
0.00172074775248
2.83324269102e-06
1.13076983828e-05
8.74010923423e-07
0.00261664425161
0.0168056907818
6.73988940321e-13
1.02800072677e-07
0.00046057206959
0.00631576222601
4.049470965e-08
0.0168056907818
1.73988914042e-06
0.0168056907818
0.0
0.0168056907818
1.80118920185e-18
0.0168056907818
1.16241894952e-08
0.0360878515584
0.0707888288998
0.0707888288998
0.00631576222601
0.0152567895455
5.09515224003e-09
2.65149175486e-05
0.000241213137298
2.1471854873e-07
0.000335581720726
6.41927108929e-06
2.06345786785e-05
0.00166277874063
0.000251113889808
1.07028921086e-08
0.0360878515584
0.0707888288998
0.000214972588048
3.2737646995e-05
0.0168056907818
1.50224436825e-13
4.39231139799e-06
1.72154379913e-12
0.0168056907818
0.0044277932114
0.0
0.0168056907818
5.32442152854e-10
0.0707888288998
0.000113811871842
0.00178342946248
0.0168056907818
0.0044277932114
0.0707888288998
0.0152567895455
3.44548649603e-05
0.0044277932114
0.000306616189404
0.00439608421901
0.0707888288998
0.00166277874063
0.0707888288998
6.91458270092e-06
0.0152567895455
0.000191796255787
0.0168056907818
1.15436660607e-10
6.06607029715e-10
0.0157748907728
0.000204874277984
0.000449470089773
0.00758183063133
0.0044277932114
2.59420389312e-05
0.00108161969514
7.77253215439e-06
0.00758183063133
0.0168056907818
0.00681462526365
0.00160487166547
1.14332198289e-06
2.72484273653e-14
0.0168056907818
0.000251113889808
0.0044277932114
0.0707888288998
4.98996111993e-05
0.0168056907818
0.0011301102704
0.0123357431778
0.00333201088044
0.000634611198626
0.00172074775248
0.00178614605692
2.23836673369e-05
0.00063318948754
0.0
0.0044277932114
0.0707888288998
0.0168056907818
0.0707888288998
0.000213566305069
0.0707888288998
0.0044277932114
0.0168056907818
0.0123357431778
0.000130849518407
0.00287430178162
0.0707888288998
0.00383715163091
0.0044277932114
0.0168056907818
0.0168056907818
1.83168259415e-08
0.00631576222601
0.0191730813087
0.0707888288998
8.62199357797e-05
0.000175778560399
0.0707888288998
0.00631576222601
6.49671979214e-05
2.37481280639e-06
0.0168056907818
0.0707888288998
7.39936013559e-07
5.20437872139e-05
0.0707888288998
4.31258651132e-06
0.0707888288998
0.000716606902332
0.00471402686656
0.0044277932114
0.0168056907818
0.00133248550105
4.45423448184e-08
0.0191730813087
0.0707888288998
0.0168056907818
0.000291916022898
4.15889029974e-09
0.000117492654306
0.0707888288998
6.92730355339e-11
0.00132728625221
0.0360878515584
0.00383715163091
0.000527663621575
1.37661679662e-05
0.00536996789678
0.00333201088044
0.0
2.45403482843e-05
0.00758183063133
0.000165804245013
3.14518742604e-05
2.46471757302e-06
0.0707888288998
8.62424250698e-11
0.00383715163091
0.00333201088044
0.0707888288998
0.0707888288998
0.0168056907818
1.29241625834e-12
0.00116521678461
0.0707888288998
3.27017328285e-06
1.50368679309e-06
0.0707888288998
0.0044277932114
1.82594189807e-09
0.0168056907818
0.0707888288998
1.08087380462e-05
0.00488279580608
9.67930041202e-09
8.65905993122e-05
1.03869728371e-06
0.00631576222601
6.9685737506e-05
0.0168056907818
0.0
1.84017694421e-07
0.0707888288998
0.000163306913994
0.0707888288998
0.00020202883342
0.000235242999525
2.75070898727e-16
0.0
0.0010281171764
4.97318136089e-05
0.00693723975869
0.0707888288998
0.00333201088044
6.11222113625e-06
0.000406342008813
0.0168056907818
0.00046057206959
1.54219578303e-05
0.0044277932114
0.00383715163091
0.0191730813087
3.21030108347e-08
0.0707888288998
0.00631576222601
2.14268168845e-06
1.86110579862e-06
5.05221021005e-05
0.0058868960935
0.0707888288998
0.00631576222601
0.0152567895455
0.0168056907818
0.00631576222601
0.0168056907818
3.20814370242e-05
0.0707888288998
5.15488282012e-05
1.52727605394e-10
0.00125180418645
0.00178342946248
0.0707888288998
6.70236339742e-07
0.000471555650129
6.09202786255e-05
0.000716606902332
2.02489142552e-05
0.0152567895455
0.0
1.56803230275e-07
0.0044277932114
0.0044277932114
2.18353117404e-05
0.0707888288998
4.17263016252e-13
0.0152567895455
0.0168056907818
0.0044277932114
4.14083360447e-10
0.00046057206959
0.0
0.0707888288998
0.0707888288998
0.0168056907818
0.00112183358632
0.00631576222601
0.000120711065729
0.000573313338515
0.00135176807653
0.000105097163021
0.000332961169799
1.54161661649e-05
0.0
0.000449470089773
0.0191730813087
0.0707888288998
0.0707888288998
0.000397815514327
0.0707888288998
0.000335581720726
0.000965570006663
8.42387367619e-05
0.000116741236267
0.0168056907818
0.0707888288998
0.000349924519388
0.0360878515584
0.0123357431778
4.9592521205e-06
6.11641707952e-08
0.0123357431778
4.85512591026e-05
0.0707888288998
0.000397815514327
0.0
0.00758183063133
2.70785155415e-07
0.00178614605692
0.0168056907818
0.00383715163091
0.0707888288998
0.00130773130972
0.0168056907818
0.0168056907818
0.00631576222601
0.0168056907818
0.00631576222601
0.0
0.0123357431778
0.00132417255417
3.81372698632e-06
0.0058868960935
1.3130625311e-06
1.93942783117e-10
8.32489588335e-05
0.00042974386996
1.11626027859e-05
5.98587410876e-10
3.22069614563e-06
0.0707888288998
1.7130057777e-06
1.3110064649e-12
0.0044277932114
0.00383715163091
0.0707888288998
3.09019427613e-12
0.0168056907818
0.0168056907818
0.0707888288998
4.74220253867e-05
0.0707888288998
0.0123357431778
0.000145133088826
0.0044277932114
1.94445363568e-05
2.14521261717e-05
5.02967437869e-07
6.64004158828e-11
0.0707888288998
0.0191730813087
0.0707888288998
1.79061851523e-06
0.0168056907818
7.51006042005e-08
0.0044277932114
0.0168056907818
1.23894606875e-12
0.00298879584408
2.22533733473e-05
1.35027547016e-12
0.0123357431778
4.29911902931e-05
0.000965570006663
0.0
0.0707888288998
0.00025366017752
1.36246622699e-12
0.00536996789678
0.0
0.00631576222601
0.0
0.00298879584408
1.61381481603e-07
0.0123357431778
0.00178342946248
0.0168056907818
0.000363291495305
2.40385386299e-12
0.0044277932114
0.0152567895455
1.39868670057e-07
2.11629175697e-09
0.000211207957576
1.1205693354e-13
4.75269487134e-07
0.00178342946248
0.0707888288998
0.0707888288998
2.4438930638e-07
1.86148485826e-08
7.28758498772e-16
7.51703599773e-06
0.00025334351771
0.0
0.0707888288998
0.0707888288998
0.0152567895455
2.19920038716e-15
1.7050545302e-05
0.0168056907818
3.57531815467e-05
6.06521542794e-05
0.0
0.00652603755163
0.000591958599027
3.25152676594e-07
0.0707888288998
0.00383715163091
0.00383715163091
3.07609295777e-10
0.00693723975869
0.00693723975869
0.000239135885572
0.0
0.000371060974441
5.15488282012e-05
7.68889694179e-08
4.60568898649e-09
0.0152567895455
3.47204500309e-06
2.14247442832e-06
0.00758183063133
0.00693723975869
4.75951862784e-05
0.00471402686656
0.0044277932114
0.0707888288998
0.000242848178991
0.0707888288998
0.00172074775248
1.46270753869e-13
0.0168056907818
0.0152567895455
0.0168056907818
0.000163306913994
0.0044277932114
0.000315180304228
0.0152567895455
0.00652603755163
0.0
0.0044277932114
6.53103897668e-07
0.0058868960935
0.0044277932114
1.47401552225e-05
0.0168056907818
0.000214972588048
1.87620157324e-05
0.0152567895455
7.04847914937e-05
5.14957742652e-06
0.000678669608611
0.000634611198626
0.0058868960935
0.000285591255917
0.000146842216689
0.000397815514327
5.77153950196e-06
0.00178614605692
2.20459404916e-10
0.0191730813087
0.00383715163091
2.15095673199e-08
2.59231383229e-05
0.00333201088044
0.00121343587143
0.0707888288998
0.0707888288998
3.88268370448e-05
9.51187427398e-08
1.93152071018e-15
0.0168056907818
0.0168056907818
2.80420557916e-05
9.72763832954e-05
0.0707888288998
0.0011301102704
0.0123357431778
8.79248209532e-06
1.94595633769e-06
0.0707888288998
0.0707888288998
0.000612649735014
0.0707888288998
2.94899100723e-07
1.17967890266e-07
4.34368987619e-06
9.49687005938e-11
3.3951029185e-08
0.0707888288998
0.000335581720726
8.02572760203e-09
0.0168056907818
4.57600440279e-06
2.63826574674e-05
5.6683211486e-05
0.00034142239246
0.0044277932114
0.000371060974441
0.000412431687388
0.000229188755774
0.0168056907818
2.30599918885e-05
0.00758183063133
9.64144387697e-05
0.0707888288998
0.00488279580608
1.18528944187e-12
8.56323355807e-09
5.73956314214e-06
4.05533599947e-09
1.70521017355e-07
0.000553218675409
3.9535312741e-05
4.83101429992e-09
0.0044277932114
0.0123357431778
5.26791236618e-05
0.0707888288998
0.000213566305069
2.67725604469e-07
0.00383715163091
0.00056000576894
0.00298879584408
6.24852058272e-05