500
8.50147316696e-05
5.57784293837e-09
4.22569749357e-05
0.000116003302091
0.00342042013409
0.0095593468806
7.80492798048e-05
3.90858424064e-06
0.000100073837648
1.38110149725e-05
3.34017954986e-09
7.42066593458e-18
0.000113385306008
0.00168627732377
4.5909272283e-07
3.89337624592e-06
0.0095593468806
6.75586489745e-06
0.0228203213047
0.00213686572423
0.000608951729974
0.000554588666667
7.62623511297e-08
0.0228203213047
5.087344172e-14
3.01203447698e-07
0.00513196041861
6.29839986891e-10
0.0
1.25837978226e-05
0.0
0.000113385306008
3.47978512321e-11
1.36661968255e-11
0.000139394138222
0.0
0.000113385306008
3.60614209455e-07
1.10858157303e-07
3.75531510092e-09
9.15494317145e-05
4.7385687057e-06
0.0
0.0
0.000608951729974
5.08817358512e-16
0.0095593468806
1.2972868309e-07
6.72454119829e-09
1.42132412637e-06
2.04293933871e-06
0.000116003302091
2.21394411203e-12
3.11795914888e-08
0.000167708838111
9.70066838035e-07
0.00054294194816
2.67675106392e-09
0.000753496021129
1.00768977675e-11
4.67705109296e-05
4.67945790464e-06
0.0228203213047
4.29641710053e-08
0.00250911109166
1.17736706234e-06
3.14798483733e-14
4.96600163434e-06
0.0038820190032
8.54802232908e-09
0.00054294194816
0.0
1.53851433415e-07
8.84572668418e-13
1.57120074512e-10
2.53245339551e-06
4.89165843444e-09
5.29254523748e-06
3.99988601284e-05
4.22569749357e-05
3.3326911863e-06
0.000113385306008
1.46574238119e-07
3.45076668836e-05
0.0228203213047
8.86986157661e-09
0.00513196041861
1.49354025002e-09
3.00866241847e-05
2.3971008811e-13
0.000608951729974
3.23607253631e-08
0.000608951729974
0.0
2.16227086832e-05
0.000656756989471
0.000517825071491
4.71625977686e-09
6.46556557525e-06
0.000100073837648
0.0
9.45574508589e-08
0.00250911109166
0.000608951729974
0.00876108685824
0.000608951729974
0.0
0.00276701798914
5.03679097875e-05
9.0569633992e-05
3.13316320271e-08
8.84768842946e-08
3.85340778815e-07
2.85129367261e-11
3.82538621752e-05
0.0
5.00847872613e-05
9.98174786104e-09
8.44923264237e-06
0.000608951729974
0.000279008309458
0.0228203213047
0.000608951729974
2.89016755021e-06
0.000608951729974
0.00281507778869
5.03679097875e-05
0.000133434236442
2.33715487826e-07
0.00168627732377
0.0
1.97193301461e-09
1.05538071098e-06
0.0
0.00281507778869
0.000113385306008
1.02124978507e-07
7.84967218693e-05
0.000608951729974
0.0
0.0038820190032
0.0
0.000608951729974
9.4988915301e-09
1.58051372058e-06
3.77113825838e-05
0.00281507778869
1.21689186358e-05
3.29906456276e-10
0.000113385306008
0.00469528612225
1.82710417499e-10
1.03132685454e-06
1.48314951402e-05
6.19233655242e-07
0.0123678040839
4.7385687057e-06
0.0038820190032
0.000517825071491
0.00513196041861
2.04293933871e-06
2.97750384415e-13
0.0228203213047
0.0
1.79583118195e-06
7.32905497388e-07
1.73699376388e-06
0.00054294194816
0.0
6.79261374185e-07
4.52676998475e-24
0.0
0.000139394138222
0.0
5.60073462687e-09
2.94999811223e-10
0.000113385306008
0.0
0.0
0.000608951729974
1.10150392144e-05
0.00054294194816
0.00250911109166
4.26423199221e-06
0.0
6.71233636271e-09
1.04256247893e-13
0.000107047689309
6.38963547938e-09
0.00213686572423
3.75045851956e-05
9.03504759688e-08
0.000656756989471
0.0
8.12828234216e-09
1.68576039177e-08
0.0228203213047
9.15494317145e-05
8.65736416232e-06
3.2214720753e-05
0.00513196041861
0.000162989307997
1.55334950159e-10
1.82094983797e-10
7.84967218693e-05
3.3626569001e-05
7.88860536273e-05
0.0
0.0228203213047
9.0215861168e-07
8.08866559029e-10
1.0926004042e-05
0.0
0.000162087778668
0.0
0.00513196041861
0.0
4.28685724762e-07
6.94324480168e-06
0.00213686572423
9.45645118973e-06
0.0228203213047
0.0228203213047
8.34600534394e-11
1.76624834712e-06
6.78626000372e-09
1.35550948074e-11
0.0095593468806
0.000181173482279
0.000608951729974
0.000608951729974
0.000517825071491
0.0
0.000484081534023
9.34510115269e-11
0.000170401919386
9.81635578864e-06
9.93855014811e-08
0.00250911109166
0.0
1.24108080246e-07
2.45838321437e-08
0.000753496021129
2.01815909892e-08
0.0095593468806
4.98201833885e-07
0.0038820190032
0.0038820190032
0.00876108685824
6.84635055845e-08
0.00012483766396
0.00281507778869
0.00281507778869
1.30456347125e-10
0.000517825071491
0.00188886614679
2.5608931175e-08
1.19714048211e-08
0.000279008309458
0.0095593468806
1.76560362775e-06
4.47666212388e-06
1.04832971985e-06
2.36960895551e-08
1.70974826731e-07
1.0209082842e-13
0.00250911109166
0.00281507778869
0.0
0.0038820190032
1.69290337461e-07
3.13144818177e-11
6.8505983232e-06
9.7698808144e-05
2.0334381995e-16
0.0
0.00513196041861
2.20190345158e-10
2.57415273845e-10
5.70945900718e-09
2.37097942269e-10
0.00054294194816
0.00876108685824
3.77113825838e-05
1.40445999289e-10
0.00188886614679
4.40940419807e-17
0.000608951729974
3.70540425976e-10
2.5712429559e-05
9.0569633992e-05
0.000608951729974
3.33084990496e-06
1.34011671256e-11
0.0
1.05570351982e-09
4.66933483824e-08
0.000484081534023
0.00213686572423
0.000116003302091
0.0
1.71799837291e-06
0.00168977697458
0.0038820190032
9.82702466973e-09
0.00281507778869
5.72763917349e-07
0.00281507778869
0.000598459870386
4.39219135687e-05
0.00281507778869
4.73412807858e-06
0.000279008309458
0.00250911109166
0.000517825071491
5.00847872613e-05
0.0
0.000441828064625
0.00876108685824
0.000608951729974
5.8560976482e-05
4.39424340857e-10
0.0
2.12030516958e-07
0.000608951729974
1.10136885972e-08
4.19911593489e-06
2.08068570191e-08
0.0228203213047
0.00513196041861
0.0
1.77582930692e-05
0.0
0.00513196041861
2.69993776101e-09
0.0095593468806
0.00513196041861
0.0228203213047
8.67018744054e-11
0.0038820190032
0.0
0.00188886614679
1.25558395695e-11
3.77113825838e-05
9.56141759557e-09
8.81115126286e-08
9.81635578864e-06
0.000133434236442
1.37493684607e-10
0.0
0.000608951729974
2.79639432496e-28
0.0
0.000608951729974
0.00513196041861
1.50066061054e-05
0.00168977697458
0.00513196041861
1.4530653563e-05
6.52849212372e-07
2.46117461601e-07
0.000517825071491
1.72724770708e-15
0.000608951729974
8.50147316696e-05
5.93585343723e-07
0.00168627732377
0.0
1.11038390734e-19
1.15300594466e-07
2.32429886163e-11
9.08734246512e-07
3.10696369977e-10
0.00054294194816
0.000517825071491
6.4526997243e-09
0.00281507778869
0.00281507778869
1.8910343361e-10
1.43408826452e-05
1.33622250425e-11
2.01574884239e-20
1.35782295086e-05
4.05148786817e-07
1.01812157453e-05
1.10759057974e-05
5.98073640378e-07
0.0
2.19907667241e-05
7.95124228716e-05
0.00281507778869
0.0228203213047
0.0
5.12813433439e-09
0.0
0.00281507778869
0.000608951729974
0.0
0.000608951729974
6.22465900933e-18
1.30039989156e-06
0.00276701798914
0.000695524452994
1.93398815404e-08
0.000608951729974
2.46478563026e-08
2.49551943461e-07
0.000139394138222
1.51054267435e-07
0.00342042013409
5.6980763403e-07
4.39219135687e-05
6.15191777596e-06
8.52853050616e-06
0.00513196041861
2.20664535169e-06
1.18954562543e-08
0.0095593468806
0.000608951729974
0.00168977697458
0.00513196041861
1.041020645e-07
0.000608951729974
0.000139394138222
0.0095593468806
5.49302760303e-11
1.38110149725e-05
0.0228203213047
0.000621489368689
0.000170401919386
2.56693828062e-09
9.17935385398e-08
0.0
0.0
0.0
0.0
0.00513196041861
1.07513481905e-08
2.11514966474e-06
0.00876108685824
0.000517825071491
9.69464936428e-09
6.01666379339e-10
1.01812157453e-05
8.78841709364e-07
0.000113385306008
0.0038820190032
0.00250911109166
7.44475344537e-12
0.000113385306008
0.000162479621794
3.31793178288e-08
0.000207217478134
5.77129540303e-06
0.000162989307997
0.0095593468806
0.000116014072682
9.29118267626e-08
9.72253354101e-11
0.000187870576984
0.00281507778869
0.0
0.000203167683634
0.000167708838111
3.86234031305e-06
0.000116003302091
1.93601035653e-12
0.000753496021129
0.000608951729974
2.27628093837e-16
0.00168627732377
0.00168627732377
0.0
8.70307419626e-11
0.00168627732377
5.57539728414e-11
0.000517825071491
0.00876108685824
1.37582206445e-07
4.35006724136e-15
1.38110149725e-05
8.23501642093e-10
6.55584919795e-09
1.00263457049e-08
1.10150392144e-05
2.41721338006e-06
0.00168627732377
2.90957897377e-05
0.000139394138222
7.30632535438e-05
0.00250911109166
0.000554588666667
6.08485315552e-07
0.0
0.000279008309458
0.0038820190032
0.0095593468806
5.31036950841e-09
0.000598459870386
0.000608951729974