500
0.0
0.0
0.000427004795609
0.0
0.0
0.0
0.000128418706194
0.0
0.0
0.000516653917826
0.0
0.0
6.99441287035e-05
0.0
0.0
0.0
0.0
0.0
0.0
5.79272866147e-05
0.0
0.0
0.0
0.0
0.0
0.0
0.0
0.0
0.0
0.0
0.0
0.0
0.0
0.0
0.0
0.0
0.0
0.0
0.0
0.0
0.00220364680863
0.0
0.0
2.22037998489e-05
0.0
0.0
0.0
0.0
0.0
0.00855497382199
4.94044298442e-05
0.0
0.0
0.0
0.0
0.0
0.0
0.0
0.0
0.0
0.0
0.0
0.0
0.0
0.0
0.0
0.0
0.0
0.000427004795609
2.07645472757e-05
0.0
0.0
5.73440103755e-05
0.00220364680863
0.0
0.0
0.0
0.0
0.0
0.0
0.0
0.0
0.0
0.000181180481424
0.0
0.0016473096213
0.0
4.57971124103e-07
0.0
0.0
0.0
0.0
0.0
0.0
0.0
0.0
0.0
1.6694959637e-05
0.0
0.0
0.0
3.77862608452e-05
0.0
0.0
0.0
5.04520264901e-05
0.00144965011318
0.0
0.0023902885338
1.07520368037e-05
0.0
0.0
0.0
0.0
0.0
1.68190300376e-06
0.0
0.0
0.0
0.0
0.0
0.0
0.0
0.0
0.0
0.0
0.0
7.95555038221e-06
0.0
0.0
6.55144968728e-05
0.0
0.0
0.0
0.0
0.0
0.0
0.0
0.0
0.0
0.0
0.00288695337257
0.0
0.0
0.0
0.0
0.0
0.0
0.0
0.0012727809617
0.0
0.0
0.0
0.0
0.0
0.0
0.0
0.0
0.0
0.0
0.0
0.0
0.00855497382199
0.0
0.0
0.0
0.0
0.00220364680863
0.0
0.00220364680863
0.0
0.0
0.0
0.0
0.000516653917826
0.0
0.0
0.0
0.0
0.0
0.0
0.0
0.0
0.0
0.0
0.0
0.0
0.0
0.0
0.00182310488232
0.0
0.0
0.0
0.0
0.0
0.0
0.0
0.0
0.0
0.0
0.0
3.35140667051e-05
0.0
0.0
0.000226744158236
0.0
0.0
0.0
0.0
0.0
0.0
0.0
0.0
0.0
0.0
0.0
0.0
0.0
1.86638229547e-05
0.0
0.0
0.0
1.35755623928e-05
0.0
0.0
0.0
0.00220364680863
0.0
0.0
0.000516653917826
0.00220364680863
0.0
0.0
0.0
0.0
0.0
0.0
0.00288695337257
0.0
0.0
0.0
0.0
0.0
0.0
0.0
0.0
0.0
0.0
0.0
0.0
0.0
0.0
0.0
0.0016473096213
0.0
0.0
0.0
0.0
0.0
0.0
0.0
0.0
0.0
0.00240031136046
0.0
0.0
0.0
0.0
0.0
0.0
0.0
0.0
0.00855497382199
0.0
0.0
0.0
0.00288695337257
0.0
0.0
0.0
0.0
0.0
0.0
0.0
0.0
0.0
0.000516653917826
0.0
0.0
0.0
0.0
0.00182310488232
0.0
0.0
0.0
0.0
0.0
0.0
0.0
0.0
0.0
0.0
0.0
0.0
0.0
0.0
0.0
0.0
0.0
0.0
0.0
0.0
0.0
0.0
0.0
0.0
0.0
0.0
0.0
1.01953303672e-05
5.37282999682e-08
0.0
4.97388376103e-05
0.0
0.0
0.0
0.0
0.0
0.0
0.0
0.0
0.0
0.0
0.0
0.0
0.0
0.0
0.0
0.0
0.0
0.0
0.0
0.0
0.0
0.0
0.0
0.0
0.0
0.000111551813547
0.0
0.0
0.0
0.0
0.0
0.0
0.0
0.0
0.0
0.0
0.0
0.0
0.0
0.0
0.0
0.0
0.0
0.0
0.0023902885338
0.0
0.0
0.0
0.0
0.0016473096213
0.0
0.0
0.0
6.99441287035e-05
0.0
0.0
0.0
0.0
0.0
0.0
0.0
0.00855497382199
0.00855497382199
0.0
0.0
0.0
0.0
0.0
0.0
0.0
0.00124574748502
0.0
0.0
0.0
0.0
0.0
0.0
0.0
0.0
0.0
0.0
0.0
0.0
0.0
0.0
0.0
0.0
0.0
0.0
0.00855497382199
0.0
0.0
0.0
0.0
0.0
0.0
0.0
0.0
0.0
0.0
4.05762113225e-06
0.0
7.83083673683e-05
0.0012727809617
0.0
0.0
7.67626857985e-05
0.0
0.0
0.0
0.0
0.0
0.0
6.10307247446e-05
0.0
0.0
0.0012727809617
0.0
5.79272866147e-05
0.0016473096213
0.00855497382199
0.0
0.00855497382199
0.0
0.0
0.0
7.83083673683e-05
0.0
0.000427004795609
0.0
0.0
0.000398092825586
0.0
0.0
0.0
0.0
0.0
0.00220364680863
0.0
0.0
0.0
0.0
0.0
0.0
0.0
0.0
0.0
0.0
0.0
7.95824381914e-05
0.0
0.0
0.0
0.0
0.0
0.0
0.0
0.0
0.0
0.0
0.0
0.0
0.0
0.00288695337257
0.0
0.0
0.0033506097561
0.0
0.0
0.0023902885338
0.00220364680863
0.0
0.0016473096213
0.0
0.0
0.0
0.0