500
5.92372463496e-05
1.27214244377e-12
2.2457524236e-12
1.24808827621e-20
2.34909992562e-14
1.66405076839e-05
3.93331162449e-11
6.97414793456e-07
1.53500044076e-08
3.33139295061e-15
3.18098571825e-07
0.000128083015657
2.16770820778e-05
4.89963581869e-05
7.461501031e-06
2.69215986004e-05
1.87657082939e-06
3.3054265532e-10
3.01059621283e-13
3.34886836059e-06
8.07629319366e-05
1.01726877162e-05
4.29112504223e-06
2.20213803481e-09
2.65758103928e-08
1.52777498927e-08
1.04698084508e-06
1.1375035391e-07
4.7695619151e-21
0.000177855997946
0.000464939301873
4.72631461695e-05
8.53923979841e-08
8.82358655653e-10
0.000244048599068
2.27452137433e-15
0.000286685099662
0.000269534997963
6.80725045053e-05
0.000513570345879
0.000177855997946
2.5796733462e-09
6.89588710203e-05
3.52958092856e-06
5.1113976068e-06
1.75880646468e-08
1.97888796779e-31
7.14856793301e-05
1.61025602004e-09
0.000146848968731
4.41573116416e-08
3.49288007354e-06
4.66721126442e-05
1.23742154828e-05
9.22427614042e-08
8.82617237928e-07
1.13039642018e-12
1.09056427663e-06
1.13122243243e-08
3.24846740216e-05
0.000327204921972
0.00235393066035
3.5452701331e-07
6.62231618231e-10
6.81433419602e-05
0.000439585640449
2.60277070165e-05
4.81185539667e-07
6.51531451907e-06
9.47919349066e-07
2.53161818502e-06
2.16770820778e-05
3.96960077195e-22
1.48038594937e-05
1.57892932737e-20
0.00235393066035
1.09702620888e-07
3.71306472507e-08
4.03973063887e-06
5.39101363346e-10
2.09697283181e-10
0.00235393066035
3.02466861946e-10
4.69689119888e-45
0.000269534997963
3.50335444253e-05
0.000101111251129
3.33841904783e-05
2.91065697054e-06
5.52592340916e-05
8.42440029478e-06
2.87797958702e-07
6.89686782536e-12
0.000250319600812
3.7101096567e-06
1.68852393016e-17
3.99665714462e-07
0.000161894559913
6.32352171292e-14
0.000958440822619
4.47615583255e-05
4.0873860231e-09
2.3407198257e-09
1.11063569536e-14
0.000292145768227
3.66618356066e-05
1.14073489799e-05
1.18681277122e-13
0.00011437084024
2.96655669451e-05
1.1999160453e-07
2.2321043247e-05
6.46266690379e-08
0.000297417928787
2.13117975236e-08
0.000109745520343
0.000868586995497
2.78334909498e-06
3.34450929561e-07
1.35905372891e-09
2.60387799706e-06
7.85737135361e-08
1.00422284728e-07
8.6561332656e-09
0.00134043273715
2.70630384789e-17
2.79565386966e-06
5.90509854369e-06
3.84955242636e-07
0.000127171206921
0.000133081877912
4.99706076174e-08
1.09897443975e-06
2.90324876622e-10
7.21651446953e-07
1.55862340674e-05
0.000223376507306
0.00093851948351
1.00422284728e-07
5.86030822665e-07
0.000466566390591
1.82068297659e-11
4.05319063045e-06
8.83214784722e-07
1.86512231309e-09
1.41808251968e-13
2.15457662863e-06
2.69179464796e-10
1.20050435846e-06
3.94391372979e-08
1.23414167417e-14
6.16085856415e-22
3.75473441195e-06
0.000305630353727
0.000177855997946
0.00093851948351
8.4666276182e-06
1.35781319441e-07
8.86340798568e-06
0.000614784939594
1.22868577098e-07
0.000503447004284
1.24781355082e-07
0.000293168153475
3.97585770332e-14
6.58394596786e-07
2.3972444145e-06
0.000130315750722
4.88839159399e-11
4.07649424641e-06
3.28662495949e-08
0.00134043273715
0.000326849092152
1.13287564404e-07
3.22507323371e-11
5.01331999026e-05
2.78371084329e-09
6.14937041503e-08
5.13641846504e-05
1.23602919752e-06
1.12752913192e-06
0.000283051313804
7.3433958071e-09
1.16254121874e-07
5.69718036563e-07
6.9740223485e-12
1.29222325633e-07
2.09317021798e-09
4.14419941625e-05
0.0
3.33126947893e-102
0.000405001078361
8.99685277452e-05
3.16760146008e-19
1.23742154828e-05
7.96441766214e-06
0.00235393066035
7.62720000956e-08
0.000206177876083
7.32656906789e-09
1.39095949577e-07
4.80403107888e-08
0.000312332484198
5.06445957953e-11
2.7854461667e-05
1.03972995902e-05
3.12589067073e-06
5.52592340916e-05
4.45044726939e-05
3.11119429999e-07
0.000276977508065
6.11854899245e-09
0.000369266841
0.00134043273715
0.000513570345879
4.65346275357e-05
1.58638426667e-06
1.81529144829e-13
3.29534082287e-05
7.38707879258e-17
1.02364000287e-08
3.04506532946e-13
1.07387804441e-17
4.74883214232e-17
0.000136911078827
3.17491496354e-05
3.54806999466e-30
0.000868586995497
0.000327204921972
7.50511503355e-09
1.33680163073e-07
0.000244902664793
1.01273101241e-09
2.54253057232e-12
8.39166268615e-07
1.21164380628e-07
0.000405001078361
0.00134043273715
6.73001940951e-06
0.000219642688517
0.000574603765413
3.22869837386e-07
0.000245201110453
7.92835329303e-08
0.000456248847632
0.000513036471033
0.00093851948351
2.59492077428e-05
2.34103334932e-05
3.52181628317e-10
0.000230625614067
0.000868586995497
2.12279848517e-09
9.00414682499e-05
2.64523521601e-06
1.63905731454e-23
1.07940894993e-06
8.39486466134e-05
8.4313033465e-07
2.78143439956e-12
4.41666198633e-12
2.44790390669e-08
5.76152948646e-07
0.000234307719799
0.00097840773923
1.91600052422e-07
1.2050073641e-28
1.88713998456e-05
5.1957196234e-08
5.37377736048e-05
3.74506403536e-05
0.000147227839261
1.17889996275e-07
1.63314061422e-05
1.44854792797e-12
1.59990120544e-09
8.17372539867e-08
2.11159813046e-10
9.98375856895e-05
1.41216693298e-15
0.00213324966094
8.72300668225e-07
1.55427341568e-10
8.2819009329e-07
4.81488158558e-07
8.58001744049e-08
7.01404730691e-12
2.50054676004e-07
3.24950343567e-05
6.90939429341e-05
8.18842265077e-05
1.38871829718e-05
3.66618356066e-05
4.19908314102e-11
1.72631648548e-08
1.0195495639e-38
2.06806737665e-06
6.57239515476e-06
1.57073031627e-09
1.37246149117e-39
0.000503447004284
1.63615322421e-06
7.58772326822e-09
8.07085057998e-23
1.9059170669e-08
3.52844585321e-10
2.24616922389e-09
0.00134043273715
3.80389579303e-05
0.000520734662405
0.000131680029574
3.55941112256e-06
5.23014169216e-12
1.22854737539e-07
0.000173461549885
6.24588676303e-18
0.000128083015657
1.48692478729e-08
1.12909594709e-46
0.00023948694301
0.000534434705888
1.14659503532e-12
2.73709476306e-05
3.91499986055e-07
2.03058159893e-11
0.000223376507306
1.15303459071e-09
4.36527157257e-11
0.00134043273715
5.83669078297e-05
8.32552619816e-08
4.29112504223e-06
7.59427739326e-09
4.87048670882e-10
2.86173841575e-10
5.09287539891e-19
1.12754998916e-05
1.57020483157e-07
5.14335593032e-06
1.60130742799e-11
1.02207247261e-05
4.85057603106e-12
5.33400409228e-08
6.27921188149e-07
0.000148574827552
1.71934618833e-07
2.30322659277e-07
0.000136911078827
4.0815751201e-07
2.87132784456e-07
9.93561028965e-05
2.21854656451e-07
6.4973404503e-08
0.00107962233294
0.000286685099662
3.77114566576e-07
1.89848732477e-10
1.79094634818e-06
1.33710451509e-06
0.000293168153475
9.7982926963e-13
1.3715697032e-06
6.11618797408e-06
0.00093851948351
0.00134043273715
1.09527956707e-06
0.000327204921972
1.00997236523e-05
3.12091662199e-08
4.96141329952e-06
2.33499643751e-06
0.000250319600812
8.20407785741e-06
1.68737761248e-05
3.41136762565e-05
2.71450347748e-12
1.08037249579e-22
1.29068121075e-13
5.40112148329e-06
1.5651042042e-08
0.000101111251129
0.000141827587791
2.35129446515e-09
0.0
0.000367032227265
9.08933941398e-06
4.23595583344e-10
2.67255985326e-11
3.80466125643e-06
3.38609751578e-12
0.000464939301873
4.48469056274e-21
3.4788247344e-12
1.56273654526e-06
5.65777808161e-05
0.000297417928787
4.66566755214e-05
2.93402292587e-07
3.39917986995e-08
9.91739863858e-09
0.000367032227265
0.00111975173774
7.15761942953e-05
8.14050191877e-06
2.85807518488e-05
1.90630516413e-07
4.16968745312e-07
2.69291416832e-07
1.80162132739e-08
9.16776488073e-06
5.58634314078e-07
2.60777988313e-05
2.28057928187e-06
7.3485287277e-21
1.0858885407e-11
0.000186451170204
4.09298845829e-05
5.83266437758e-05
1.40756762728e-08
7.83442080743e-07
1.72361884111e-10
8.17442206935e-05
0.00111975173774
0.000186451170204
0.00093851948351
1.02448713463e-08
1.89029113336e-15
6.05376098768e-05
0.00097840773923
7.55577924794e-07
2.94773916582e-128
2.09770392278e-05
5.19547319537e-31
8.46665875562e-11
4.42008544375e-09
6.0567267397e-10
4.12242199809e-07
1.08630127788e-36
2.77456604072e-05
2.84388224472e-06
4.14197271609e-05
8.50364768039e-09
5.29777952195e-06
0.000117570857945
3.62364544999e-06
5.1634272623e-36
2.07706897898e-05
5.52592340916e-05
0.000514831879273
1.15801734414e-07
1.20578976744e-06
0.000466566390591
2.14810618373e-05
7.00078952396e-06
0.00111975173774
0.000539442442997
5.34459115318e-16
2.71072783426e-07
7.33209951738e-06
2.25080634432e-05
0.0
1.91897030062e-06
0.000514831879273
1.94982389457e-05
0.000513036471033
0.00213324966094
0.00235393066035
0.000174039506984
0.000283051313804
7.14148312765e-16
2.27577305598e-06
0.000958440822619
2.68248047595e-13
1.71730045832e-07
1.32011913466e-09
1.56781611654e-23
5.65777808161e-05
0.00134043273715
7.3704741221e-07
0.00235393066035
0.00054577880177
1.30610280275e-09
0.000513570345879
2.33499643751e-06
9.405994487e-08
4.81324618141e-06
7.12252304709e-05
2.1881665472e-07
0.000283051313804
1.43189834604e-09
1.61087938379e-09
0.000367032227265
8.17442206935e-05
0.00213324966094
3.10590725758e-10
6.53444896954e-08
0.00235393066035
1.61531934404e-09
1.68129633819e-05
1.10406107162e-07