500
0.0273649918057
0.00272519591992
4.80300206731e-06
9.50670829443e-05
1.30810949762e-05
1.50362922512e-07
0.0273649918057
6.79992548934e-17
0.0273649918057
3.36202737887e-22
8.28115298195e-08
0.00110695847419
0.000130270651673
0.0236748833509
0.0273649918057
0.00272519591992
0.0
1.04394218228e-05
0.0236748833509
0.0
0.000986153661485
1.54300161799e-12
2.02061833216e-08
9.36336491571e-09
0.00100547580808
1.39971733592e-08
1.70813048897e-11
8.29621158134e-07
3.07179749541e-13
2.77371900009e-05
0.0273649918057
0.00110695847419
0.000563919644639
0.0236748833509
0.000986153661485
0.00577088517499
0.0273649918057
0.0273649918057
0.0273649918057
6.167788265e-06
0.00272519591992
0.0
0.000616155174687
0.000969615125275
0.0
0.000986153661485
2.05839236149e-05
0.0273649918057
0.00390932589035
2.38839540574e-10
1.94531722124e-11
0.00023882394843
1.36177052985e-05
0.0273649918057
0.00514704234184
0.000707319590372
0.000195593933898
0.0273649918057
9.15270398144e-14
0.0
7.07039444014e-06
1.77439548296e-12
2.99669165738e-06
0.00109314185695
0.000105307650963
2.88742808177e-06
0.000537864119423
0.00514704234184
0.000117233880603
0.000986153661485
0.0
0.0273649918057
0.00514704234184
0.000707319590372
1.28141769959e-12
1.38680404788e-14
0.0273649918057
0.0273649918057
3.04662915757e-13
6.15748256728e-05
0.000137933386853
0.0
1.05948586813e-06
0.00390932589035
0.0273649918057
1.30467232942e-07
0.0236748833509
0.0273649918057
1.29659872636e-05
1.48660695055e-09
4.52838067042e-07
1.19680540909e-05
2.94815736035e-06
0.0273649918057
4.46859448109e-06
4.49157643525e-12
3.70323004691e-07
0.00390932589035
7.95799933238e-06
0.00514704234184
1.14823037383e-06
0.000906093719068
4.14096566402e-07
9.32044483959e-11
0.000722016167995
1.97071148165e-08
1.38161860722e-11
4.70600739056e-09
0.0273649918057
2.32829515513e-10
1.13981452384e-08
1.65957120677e-05
0.0273649918057
1.19086507073e-05
4.04486651632e-06
0.000494289631983
0.000105307650963
0.00084167721343
5.34279451919e-06
5.95359955058e-09
0.00390932589035
6.18399621363e-15
0.0273649918057
0.00691845140338
1.17629894709e-35
9.63597491312e-13
0.0
5.31769445449e-08
1.04644674264e-05
8.11072998934e-05
0.0273649918057
3.90306164226e-20
2.01538646127e-09
0.0273649918057
0.00703672855127
1.82998081593e-07
0.000121600944795
0.0273649918057
1.46932436679e-12
0.000616155174687
0.0273649918057
0.0273649918057
1.48812852823e-08
2.73225075595e-13
1.4488775771e-11
1.73259431295e-10
0.00272519591992
1.46502232492e-08
4.2288677694e-10
0.0273649918057
0.00390932589035
0.00110428037048
0.000622416704001
0.0273649918057
3.15287194239e-06
0.0273649918057
5.07081591692e-09
0.00390932589035
0.000935543367389
3.82825231386e-10
1.50572008407e-05
3.58939442337e-07
4.66804045069e-07
0.0273649918057
0.000109751319235
0.00337335704672
0.0273649918057
4.14173674264e-07
0.000563919644639
0.000147353887328
0.0273649918057
7.43920307123e-05
4.37963575403e-10
0.00514704234184
4.966236159e-09
3.61975249744e-05
3.52863592511e-10
0.0236748833509
0.0236748833509
0.0273649918057
0.0273649918057
1.81118466067e-09
0.00691845140338
3.21729352584e-11
0.00033889492547
0.0273649918057
2.24350951061e-16
1.15406753815e-07
1.9307900863e-09
0.0273649918057
0.0273649918057
1.6367814493e-05
0.000138775694823
1.2487877466e-06
1.9139262195e-06
0.000576799761504
0.000110390012382
1.97922556756e-06
3.80628608622e-07
0.0273649918057
4.68338886742e-05
1.20507302865e-05
0.00476413212628
1.72213595742e-05
0.0236748833509
0.0273649918057
0.0273649918057
0.000622416704001
2.48418320053e-06
5.38203632695e-05
0.000395777280958
2.15937187774e-08
0.00128153684122
0.0273649918057
2.81097462239e-06
1.27638328203e-07
3.34815659074e-13
0.00272519591992
3.06776514907e-09
0.00390932589035
2.00900563824e-24
1.39085633995e-08
9.09320632332e-09
0.00179820569111
2.54999276505e-13
4.07395199522e-06
0.0273649918057
1.92151103467e-09
0.00514704234184
0.0273649918057
0.00514704234184
0.000130270651673
0.00179820569111
1.70102145139e-12
0.000137933386853
0.0273649918057
0.0
0.00487950651056
0.0273649918057
7.71734490063e-08
0.00487950651056
4.12984739876e-07
0.000969615125275
0.0273649918057
3.50047562885e-17
0.0273649918057
3.03951158366e-09
2.12270335178e-05
1.39432806886e-08
0.0236748833509
0.00476413212628
0.0273649918057
0.00033889492547
8.11072998934e-05
1.45890963943e-10
0.00577088517499
8.30826708518e-07
0.00015117871025
8.7386073589e-09
9.13540139849e-07
0.000622416704001
0.0236748833509
0.00100547580808
0.00691845140338
0.0273649918057
0.00110695847419
2.01312677257e-07
2.68169359662e-08
1.11987975099e-10
0.0
0.00487950651056
1.20881298314e-17
0.0273649918057
0.0273649918057
5.28294171398e-12
0.000271876135099
0.00110695847419
7.53728430986e-08
8.21197752874e-06
0.00577088517499
0.0273649918057
0.00514704234184
7.09438332866e-24
1.31874162845e-09
1.20797524931e-05
1.04521410238e-08
0.00110695847419
0.0
6.29221860178e-06
6.04924366957e-06
1.03807541122e-08
2.58707148377e-06
1.12746199265e-08
2.92837772721e-05
4.04005735213e-10
1.23110733426e-07
7.92779937797e-08
7.77300348651e-14
2.12764176816e-06
3.23198405104e-06
2.39298537077e-06
0.000906093719068
4.11878333412e-17
3.03732371227e-08
0.0273649918057
4.51228921978e-10
0.00514704234184
0.0273649918057
1.21921099267e-19
0.0273649918057
0.0
1.07302260106e-07
2.27948595039e-12
0.0273649918057
0.000422684670407
7.88784582639e-06
8.5011594036e-09
0.00084167721343
4.42223006083e-06
0.000135843578012
0.0273649918057
2.61049195989e-07
6.03180350537e-10
0.0273649918057
0.0273649918057
7.555352409e-05
0.00703672855127
0.000622416704001
6.0875909809e-08
9.06537068425e-09
8.61860005369e-11
6.62353204528e-05
0.0
0.000271876135099
0.000969615125275
0.0
4.71249110203e-10
0.000969615125275
0.00514704234184
1.04822965624e-10
3.48122321891e-18
8.61759258955e-07
4.23918206043e-07
0.000587341517452
2.93980620416e-05
0.0236748833509
9.01319605161e-11
0.0236748833509
0.000471223647457
2.86076293637e-08
1.01163945667e-21
0.0273649918057
0.0010002444975
2.78009503812e-05
1.07312996843e-09
0.000969615125275
3.61930752926e-08
7.44103520149e-07
0.00703672855127
2.8909440311e-06
0.000935543367389
0.00514704234184
0.0273649918057
4.10460769328e-06
0.0273649918057
0.00013439121889
2.08073899762e-05
2.68446679698e-10
1.79920897513e-13
0.0273649918057
4.73222057231e-21
3.5402021927e-12
0.000935543367389
0.0273649918057
6.62872148113e-05
7.21213763916e-07
5.95912252298e-12
0.00514704234184
0.0236748833509
1.16843675814e-06
0.0273649918057
4.43502505371e-16
1.90979320248e-09
1.68651787428e-13
0.0273649918057
3.36790385355e-06
0.0236748833509
1.31515619774e-12
2.40057746927e-06
9.73777123316e-06
0.0273649918057
0.000171760596396
0.0
0.0273649918057
0.0273649918057
0.0273649918057
3.46962049058e-09
0.000193005098945
0.0273649918057
0.00390932589035
0.0273649918057
2.26838255529e-11
3.61696910472e-15
0.0273649918057
0.00514704234184
0.000906093719068
3.64865210666e-09
0.00577088517499
0.00577088517499
0.0273649918057
2.92255787718e-15
0.000271876135099
1.35442683049e-11
0.0273649918057
0.0273649918057
0.0273649918057
7.76105266874e-10
1.64396027988e-17
1.71253595117e-13
1.93327579597e-08
0.0273649918057
2.95303597553e-11
0.000199591708019
5.64084988761e-08
0.0273649918057
1.95703669858e-11
0.000178093562791
6.24316438427e-07
0.0236748833509
4.28849032215e-06
1.27226573827e-08
6.46998800089e-11
0.000218027842413
8.3714334754e-06
0.00160954008457
0.00514704234184
0.0
1.81594685123e-11
9.91492401151e-14
1.23640762011e-10
1.96863364885e-08
0.0236748833509
0.0273649918057
3.38457902882e-06
0.0273649918057
1.43338502783e-05
3.50818204605e-07
3.77814067049e-06
1.48134465349e-05
0.00514704234184
0.000566861798301
0.000107503677019
0.000563919644639
0.000537864119423
0.0273649918057
0.00033889492547
6.05486432563e-17
1.09902029942e-13
1.92705903145e-14
0.0
1.81209756557e-11
4.09516437102e-05
0.0236748833509
0.00013439121889
2.07861143272e-13
1.05111385312e-08
0.0236748833509
2.6369046644e-05
1.08836279479e-05
0.000191464830325
3.04453453606e-14
1.29552176039e-07
1.05861881728e-07
0.00691845140338
3.68676056335e-12
3.07602553689e-10
0.0273649918057
5.93807859269e-08
0.0
0.00514704234184
1.3127076924e-06
2.35092863049e-05
0.0273649918057
7.76908895332e-07
7.46254814191e-07
0.0273649918057
1.9140648087e-06
0.00110695847419
3.41895908541e-05
6.17401229591e-07
0.0273649918057
0.000707319590372
0.00179820569111
1.36833474594e-09
2.80141264049e-08
0.000130270651673
0.00179820569111
0.0273649918057
0.0273649918057
0.00476413212628