500
0.0
0.0
0.0
0.0
0.0
0.0
0.0
0.0
0.0
0.0
0.0
0.0
0.0
0.0
0.0
0.0
0.0
0.0
0.0
0.0
0.0
0.0
0.0
0.0
0.0
0.0
0.0
0.0
0.0
0.0
0.0
0.0
0.0
0.0
0.0
0.0
0.0
3.82928532523e-07
0.0
0.0
0.0
0.0
0.0
0.0
0.0
0.0
0.0
0.0
0.0
0.0
0.0
0.0
0.000524035239776
1.58126210845e-05
0.0
0.0
0.0
0.0
0.0
2.79065304252e-06
0.0
0.0
0.0
0.0
0.0
0.0
0.0
1.20340048256e-10
0.0
0.0
0.0
0.0
0.0
0.0
0.0
0.0
0.0
0.0
0.0
0.0
0.0
0.0
0.0
0.0
0.0
0.0
0.0
1.58126210845e-05
0.0
0.0
0.0
0.0
0.0
0.0
0.0
0.0
0.0
0.0
0.0
0.0
0.0
0.0
0.0
0.0
0.0
0.0
0.0
0.0
0.0
0.0
0.0
0.0
0.0
0.0
0.0
0.0
0.0
0.0
0.0
0.0
0.0
0.0
0.0
0.0
0.0
0.0
0.0
0.0
0.0
0.0
0.0
0.000154877673771
0.0
0.0
0.0
0.0
0.0
0.0
0.0
0.0
0.0
0.0
7.75756251936e-08
0.0
0.0
0.0
0.0
0.0
0.0
0.0
0.0
0.0
0.0
0.0
0.0
0.0
0.0
0.0
0.0
0.0
0.0
0.0
0.0
0.0
0.0
0.0
0.0
0.0
0.0
0.0
0.0
0.0
0.0
0.0
0.0
0.0
0.0
0.0
0.0
0.0
0.0
0.0
1.66133982148e-06
0.0
0.0
0.0
0.0
0.0
0.0
0.0
0.0
0.0
0.0
0.0
0.0
1.0819418848e-07
0.0
0.0
0.0
0.0
0.0
0.0
0.0
0.0
0.0
0.0
0.0
0.0
0.0
3.41122116204e-12
0.0
0.0
0.0
0.0
0.0
0.0
0.0
0.0
0.0
0.0
3.16516313926e-15
0.0
0.0
0.0
0.0
0.0
0.000199873428141
0.0
0.0
0.0
3.50857853016e-11
0.0
0.0
2.79065304252e-06
0.0
0.0
0.0
0.0
0.0
0.0
0.0
0.0
5.81314641688e-06
0.0
0.0
0.0
0.0
0.0
0.0
0.0
0.0
0.0
0.0
0.0
0.0
0.0
0.0
0.0
0.0
0.0
0.000199873428141
0.0
0.0
0.0
0.00406475282614
0.0
0.0
0.00141967058657
0.00141967058657
0.0
0.0
0.0
2.03435293767e-10
0.0
0.0
0.0
0.0
0.0
0.0
0.0
0.0
0.0
1.93683374354e-09
0.0
0.0
0.0
0.0
0.0
3.46473463627e-16
0.0
0.0
0.0
0.0
3.98438520783e-22
0.0
0.0
0.0
0.0
0.0
0.0
0.0
0.0
1.23547902392e-07
0.0
0.0
0.0
0.0
0.0
0.0
0.0
0.0
0.0
0.0
0.0
0.0
0.0
0.0
0.0
0.0
0.0
0.0
0.0
0.0
0.0
0.0
0.0
0.0
0.0
0.0
0.0
4.46530804854e-22
0.0
0.0
0.0
0.0
0.0
0.0
0.0
0.0
0.0
0.0
0.0
0.0
0.0
0.0
0.0
0.0
0.0
2.11073828119e-07
3.62666616186e-11
0.0
1.5099387357e-09
0.0
0.0
0.0
0.0
0.0
0.0
0.0
0.0
0.0
0.0
2.11073828119e-07
0.0
0.0
0.0
0.0
0.0
0.0
0.0
0.0
0.0
0.0
0.00141967058657
0.0
0.0
0.0
0.0
0.0
0.0
0.0
0.0
0.0
0.0
3.68717920195e-05
0.0
0.0
0.0
0.0
0.0
0.0
0.0
0.0
0.0
0.0
0.0
0.0
0.0
0.0
0.0
0.0
0.0
0.0
0.0
0.0
0.0
3.08034168334e-15
0.0
0.0
0.0
0.0
3.82928532523e-07
0.0
0.0
0.0
0.0
0.0
0.0
0.0
0.000524035239776
0.0
0.0
0.0
0.0
0.0
0.0
0.0
0.0
0.0
0.0
0.0
1.42850151609e-14
0.0
0.0
0.0
0.0
0.0
0.0
0.0
0.0
0.0
0.0
0.0
0.0
0.0
0.0
0.0
0.0
0.0
0.0
0.0
3.2052178628e-10
0.0
0.0
0.0
0.0
1.66133982148e-06
0.0
0.0
0.0
0.0
0.0
0.0
0.0
0.0
0.0
5.47855383483e-21
0.0
0.0
0.0
0.0
0.0
0.0
0.0
0.0
0.0
0.0
0.0
0.0
0.0
0.0
0.0
0.0
0.0
0.0
0.0
0.0
0.0
0.0
0.0
0.0
5.10577168028e-11
0.0
0.0
0.0
0.0
0.0
0.0
0.0
0.0