500
1.62113018836e-05
0.000102574291329
2.85845063722e-05
1.92982745339e-13
0.000195405520444
3.0917478693e-07
9.86924511138e-06
1.26296109494e-07
1.50625644394e-19
3.56138010615e-05
3.86741678608e-05
2.70034562813e-13
2.03286533229e-07
0.0242634122449
0.000153023493761
6.56238642146e-07
0.0242634122449
1.50343332934e-08
0.0298421760455
1.02704988485e-05
4.91679558715e-07
7.00575496273e-12
0.0242634122449
0.0242634122449
7.33539349941e-34
3.23746548165e-09
0.0242634122449
1.90786239386e-07
4.74824572886e-07
0.0181111510204
1.06068151708e-16
0.000166652814387
6.31496106304e-07
0.0242634122449
2.85818084091e-06
0.00113291425067
7.14062144304e-05
1.83086819847e-06
0.000106604617432
1.55983259579e-06
0.000261969516341
2.85818084091e-06
0.000214656612096
0.0242634122449
7.56425983236e-16
6.54212699578e-26
1.02979217535e-09
0.0242634122449
0.02258091925
1.22259737778e-08
3.90949402153e-15
0.000263649035327
7.01771087651e-06
2.51854061573e-11
4.39926342822e-09
0.0160591009573
0.000203526084104
4.33886225199e-08
0.0242634122449
1.05129222684e-05
1.79622352076e-10
8.13558632017e-05
0.0242634122449
5.99120895098e-10
7.77161763909e-05
5.82004568374e-06
0.00105168622765
1.20138948389e-06
1.8921658928e-06
0.000536928767568
4.28018951965e-13
9.63509742225e-14
0.0181111510204
0.000111388826895
4.09124911725e-05
2.98401506097e-08
0.000105910140578
0.0269593469387
0.00112908435966
0.00311299213124
0.0242634122449
2.85845063722e-05
2.3508475009e-16
2.65677675998e-05
0.0242634122449
7.95476178729e-08
1.14251566801e-05
1.55619177676e-05
0.0298421760455
0.000261969516341
0.000290531216918
3.88855701649e-10
5.04823969465e-05
1.20138948389e-06
0.02258091925
1.78399802548e-08
1.54100282988e-16
1.79735178634e-06
3.23847493339e-07
9.41953364963e-05
5.73874126836e-05
0.000851656480709
0.00132060276497
0.000770899904968
2.90123991155e-05
1.49259480634e-05
0.000214656612096
0.000214656612096
0.0242634122449
0.0298421760455
0.0269593469387
0.00565673655139
1.97614364952e-06
6.60065923287e-05
5.51534738599e-15
0.000837111919523
2.08354294756e-10
0.0160591009573
0.0160591009573
0.000105354829039
0.000203526084104
0.0242634122449
0.00498019499084
9.21324977008e-22
0.02258091925
3.48047855293e-05
3.51616865291e-18
0.000105910140578
0.000194131800257
0.0242634122449
1.30107304329e-07
2.72554826918e-05
8.93001911357e-05
0.000146134097913
0.0269593469387
8.24025957274e-10
0.000250686753191
0.00026525186169
1.39187451426e-05
1.06099053061e-07
0.0242634122449
1.76623944403e-05
3.69923022038e-07
1.93895514902e-08
2.03025610325e-06
2.89258020822e-10
2.78450507601e-15
0.00492660932289
3.02326471429e-06
0.000256932330492
0.000601133138835
1.17278742597e-08
0.0242634122449
3.69484006316e-05
1.29679558547e-05
7.19751055014e-06
1.82516986634e-05
2.72494692475e-06
0.000194131800257
2.56891429664e-08
8.64901504314e-05
0.0242634122449
0.0160591009573
0.0160591009573
2.2656810101e-07
1.42340214913e-11
8.77564182515e-07
5.37449374504e-07
0.0242634122449
9.57043058318e-06
3.71878171906e-12
8.90057602335e-07
1.05260429257e-17
0.00116152841329
0.000149065057148
4.01608941116e-05
4.29184958826e-07
1.61279223111e-08
9.875806701e-08
0.0269593469387
0.00026525186169
0.00037938496187
0.000203526084104
0.000136504500053
0.0242634122449
0.000269790601593
1.07718616462e-07
1.59311621293e-06
0.0242634122449
1.26969105126e-05
0.000207848441234
2.78877955927e-14
0.0242634122449
0.00132060276497
3.29005346502e-05
9.4186080301e-08
0.0160591009573
6.0452815314e-06
9.16691299095e-13
0.000105354829039
0.00101219531976
4.52467323429e-05
3.65053326075e-07
0.000536928767568
1.8966893738e-07
2.63190761326e-19
0.0160591009573
2.39658526113e-06
1.03164669659e-12
1.79561486249e-06
3.83292563471e-05
0.000222917072907
1.35304086604e-12
0.0242634122449
0.00026525186169
2.99102018823e-10
0.02258091925
8.93890248493e-07
0.000341446465683
2.06605097359e-06
0.0160591009573
0.0160591009573
0.000218533175575
3.30077161172e-10
0.02258091925
2.81440809794e-07
2.8311318771e-05
6.94330419437e-09
3.36942297295e-06
9.15248148651e-08
1.41048090456e-08
0.0181111510204
0.0242634122449
4.52103962805e-13
1.88989407437e-10
8.64901504314e-05
0.0269593469387
0.000256932330492
0.00132060276497
0.000156312249395
0.00245494560459
4.52711439302e-16
1.45237254925e-08
2.63107439524e-07
0.0160591009573
6.03585355258e-05
0.02258091925
0.0298421760455
5.0336115471e-05
3.83017589978e-05
0.000105354829039
0.0160591009573
3.42118596409e-10
0.0269593469387
1.25054266322e-06
1.57633107552e-07
0.000218533175575
0.0160591009573
9.67448121866e-08
0.0242634122449
0.000256932330492
6.16531267636e-07
4.91090913838e-11
3.16628582852e-05
1.05648160247e-07
0.000244304830847
0.000142569153575
0.00025486887182
0.0160591009573
0.0242634122449
0.0269593469387
4.76632161226e-05
0.02258091925
0.0242634122449
0.0242634122449
0.0242634122449
1.34908120964e-35
2.62205695884e-05
0.0269593469387
0.00026525186169
3.50834917693e-20
0.0242634122449
0.0242634122449
0.0242634122449
4.69901636172e-12
0.000214656612096
0.00016841007522
1.39819099886e-06
0.02258091925
1.49078704237e-14
1.6926590959e-11
5.36991912711e-05
1.58837524546e-06
0.0269593469387
6.24490945887e-08
0.0160591009573
4.17554754913e-05
0.00037938496187
0.02258091925
6.04051895714e-06
0.0242634122449
0.0160591009573
0.0269593469387
0.000809470947523
6.58144106242e-14
4.50438316823e-07
2.07504976252e-12
0.00025486887182
0.000149991985736
0.00011397143481
7.20511845368e-08
0.0242634122449
1.84207051962e-20
8.99464401404e-06
1.35349966213e-05
0.02258091925
0.0004112254329
0.0242634122449
0.000126723534971
0.0181111510204
3.54195549017e-05
0.000136504500053
0.000117677933976
0.000179349989024
0.0242634122449
1.28992816399e-05
6.94734805465e-05
6.14014589136e-11
0.0242634122449
0.0269593469387
4.91593261007e-21
0.0242634122449
1.56867634126e-05
0.0242634122449
0.0242634122449
0.0242634122449
0.000166652814387
0.0242634122449
3.04084441315e-21
1.36251534762e-05
1.67611677785e-08
0.0160591009573
7.73545282236e-06
2.57728233511e-08
0.000225618077872
5.64288078599e-06
0.0242634122449
0.000238507346773
1.98029835804e-08
1.06985673137e-10
0.000341446465683
2.1486941201e-06
0.000214656612096
0.000290531216918
0.000195819999434
4.31863956299e-05
0.000214656612096
0.02258091925
0.0242634122449
0.0242634122449
6.13288463982e-10
0.00101219531976
0.00016794507833
1.11340435913e-05
0.0269593469387
0.0269593469387
4.97920454977e-10
0.0298421760455
0.000178361645643
1.23161900028e-10
5.63387368033e-06
2.62489569691e-08
0.0242634122449
0.000536928767568
1.65552166986e-23
0.0044339483906
5.48771431323e-06
5.94059330958e-05
3.07699982139e-05
0.00132060276497
3.12033414593e-08
1.88665464898e-06
0.000422831086737
9.48003633491e-06
0.0242634122449
6.69898511107e-05
2.18771017481e-18
0.0242634122449
8.07864015313e-08
9.59504416721e-14
0.000127343854343
4.13572421139e-05
3.7657884494e-08
2.98525360167e-05
0.000341446465683
8.2216712256e-24
5.35318925076e-18
0.0160591009573
0.000125221912867
0.000536928767568
8.73182516411e-08
7.50274930359e-09
5.32043561157e-07
3.21182675349e-05
0.00163324082568
0.0242634122449
0.0242634122449
7.8623093677e-09
8.53290671167e-11
5.59229030131e-08
0.0022138981306
0.000225618077872
0.000102574291329
3.73521403962e-11
4.25799242435e-15
0.000166652814387
6.01908303206e-09
0.0242634122449
5.43805882019e-09
1.96317633148e-17
0.0160591009573
3.87269738824e-05
0.0269593469387
0.00058949515603
3.12940710062e-06
0.0022138981306
4.56752873492e-09
2.65771623204e-06
0.0242634122449
0.02258091925
0.000261969516341
1.87888397606e-18
3.30117700874e-07
0.0181111510204
0.0160591009573
0.0269593469387
2.51843037655e-06
4.09887666456e-05
3.05495343661e-10
0.0181111510204
0.0160591009573
0.0269593469387
2.37054769287e-05
2.78648114426e-08
3.15022338731e-11
4.99687309959e-10
0.0181111510204
1.55919779809e-12
0.000105910140578
0.0242634122449
4.30299709805e-05
0.000173122267659
0.0242634122449
0.000846172679157
5.55335527728e-10
0.0160591009573
8.05904429788e-05
1.24808682715e-06
3.4827202425e-08
6.64107680135e-06
2.21317647593e-09
0.0269593469387
0.000256932330492
3.06394777422e-05
0.000116486062054
4.51794725234e-11
2.31406140124e-10
3.16628582852e-05
7.18407328132e-20
0.0181111510204
2.08902520689e-07
0.0160591009573
9.30865418838e-10
0.000149991985736
0.00037938496187
0.0242634122449
6.92206183397e-08
1.8030342236e-07
3.87269738824e-05
3.65301138261e-11
0.000151807189395
0.0022138981306
3.86741678608e-05
3.50631553564e-20
1.10417064635e-06
0.000102574291329
2.72006846438e-09
2.09577878445e-06
1.28844907814e-05
1.99898744351e-05
8.50729018474e-06
3.16490515212e-05
4.4395564483e-20
2.46068931233e-15
0.000261969516341
0.0269593469387
0.00492660932289
0.0269593469387
0.0242634122449
0.000256932330492