500
5.10022371269e-07
2.12774892075e-05
0.0099513345187
8.21663564202e-29
1.43480924563e-05
3.4517408843e-10
9.01621495599e-09
3.50274596274e-11
0.0186516441265
0.011657277579
1.05252946986e-07
5.15613700739e-17
0.00117861023537
9.04489357604e-22
1.10479605649e-06
0.000225180904513
1.92653148603e-05
1.74526783994e-09
0.00174913349813
0.0186516441265
1.77725854334e-34
2.23616177163e-08
1.47241226983e-05
1.11978115791e-05
0.000702527317931
5.29014061248e-19
0.00186429525875
0.0099513345187
0.000713305550213
0.014671110319
0.0125671138779
0.00127154467647
0.0186516441265
1.27745928587e-29
5.85192621873e-09
0.014671110319
2.89580704307e-18
5.10301635609e-12
9.98742359164e-09
1.91843341622e-51
0.00477664056898
0.0145573807816
2.84614213718e-09
4.03620642437e-09
2.27751893192e-11
1.35523484244e-07
0.0186516441265
0.0125671138779
1.70806226166e-12
1.66580618766e-07
9.40743621931e-21
2.85743217264e-06
4.75976119144e-36
0.0186516441265
3.07121988443e-12
1.96703332408e-05
0.014671110319
0.014671110319
8.7378409081e-16
0.000134066354796
1.18810421634e-05
1.26803694286e-13
0.00142040844347
2.30726345301e-12
0.011657277579
5.0880786108e-13
1.51782695379e-07
0.00186429525875
2.21687724962e-09
1.36476848711e-06
0.0186516441265
0.0186516441265
1.78196287528e-17
0.00182688430572
3.95966017848e-07
4.88086213919e-05
1.2886381499e-05
8.90863190021e-10
9.96721620603e-18
1.51267042804e-10
4.22495726033e-11
0.014671110319
0.0186516441265
0.0186516441265
2.51925229169e-36
2.19895428369e-05
0.0186516441265
4.9010646309e-05
0.00174913349813
6.14638280285e-06
1.91589036655e-05
0.014671110319
2.38921483578e-08
2.6998273653e-06
2.12847094722e-08
0.0186516441265
0.0099513345187
0.0186516441265
2.4998586457e-10
3.06715846461e-06
4.10376554402e-11
1.10206157228e-05
0.0125671138779
0.0130220320273
0.0125671138779
2.97886086326e-06
3.81637398423e-20
2.34721888034e-09
0.00080014274763
1.38693656848e-25
0.014671110319
0.0186516441265
4.47994171233e-20
0.0125671138779
1.30886057135e-40
0.0145573807816
0.014671110319
7.14747718515e-16
0.00222370460227
2.45206921997e-06
1.65360321941e-10
5.732733422e-24
6.7790080948e-08
0.0125671138779
0.014671110319
2.19808421068e-07
6.25185608297e-12
2.4079985508e-05
0.014671110319
1.0273843785e-12
0.0186516441265
7.1553652579e-11
0.00106749929002
0.0125671138779
7.2608833183e-08
0.0125671138779
0.0125671138779
1.57276410123e-06
0.000210698094627
0.0130220320273
1.20586787023e-09
1.58911807633e-16
0.00149828877165
0.0186516441265
0.0186516441265
7.44519752468e-08
3.42447379675e-13
0.0130220320273
5.34867483548e-20
7.2483325391e-07
0.00477664056898
1.66223930544e-08
0.014671110319
1.56647565546e-05
0.00477664056898
0.0125671138779
1.18001299348e-05
3.43769201035e-06
2.17062158414e-09
0.0186516441265
1.83552264991e-05
1.72401419793e-16
3.6668411828e-25
0.014671110319
0.0013707871878
1.33578012933e-07
9.12857918967e-06
0.0186516441265
0.0186516441265
0.0130220320273
2.47267038004e-07
4.22194991107e-16
7.27908288371e-05
1.43209301319e-10
7.79196331025e-11
3.62075007431e-08
2.39113652359e-07
8.86327225579e-11
2.24769202733e-12
2.47980362675e-05
1.25135492258e-08
0.014671110319
1.51737993403e-12
1.51852806046e-05
9.59907782996e-21
3.76501322802e-05
0.00083317017758
0.0145573807816
0.0125671138779
3.70053012749e-06
0.00477664056898
4.41329352578e-10
2.06473714501e-17
0.0125671138779
1.62226693861e-08
0.000220758076128
3.47765483512e-06
5.25201663332e-23
0.00155252546927
1.43119652275e-05
2.77237445138e-06
9.31876380399e-10
6.80412459079e-11
1.73578049054e-08
0.0186516441265
4.62448892449e-12
0.0186516441265
2.69212264532e-08
0.0186516441265
5.71287538399e-12
0.014671110319
1.41568531022e-09
3.91669378418e-05
1.49572055679e-28
3.50945897762e-17
1.91285385693e-14
0.0125671138779
6.66010156879e-12
2.99961775423e-17
0.014671110319
4.47403121951e-14
7.87620570394e-07
1.59743579289e-06
1.8287512315e-08
0.0125671138779
1.33600662393e-06
1.42212525066e-07
4.14203233695e-06
0.000305089558408
0.00477664056898
5.63942289045e-13
0.00477664056898
3.29168920325e-08
4.90099743373e-05
0.000192708130946
3.13051804823e-12
0.0125671138779
4.94512445029e-24
7.69247882697e-05
4.26135786977e-22
2.82130816492e-18
7.73476149027e-08
0.014671110319
5.91158550721e-22
4.18211727238e-08
0.011657277579
1.97373270866e-08
0.000382380559765
0.000101424705349
0.00020946088796
5.81301158919e-05
3.49424383955e-06
1.65113043865e-05
2.74538961037e-09
0.0145573807816
1.32983412701e-16
9.58166976571e-13
0.0125671138779
3.02630854354e-14
0.0186516441265
0.014671110319
0.0186516441265
1.32448568234e-09
2.34227310507e-13
4.79489025517e-09
0.0186516441265
3.14645878766e-17
1.43930740627e-05
1.12677745832e-17
2.86103445399e-05
0.0099513345187
1.22853109097e-10
1.08604445729e-10
5.91140413909e-07
0.0125671138779
3.15491018723e-23
0.00158772370818
0.000173477778038
0.006539448398
3.23876122965e-05
0.000140268848731
0.00174913349813
1.20708368356e-07
4.78208675769e-07
0.000569485324972
2.36460456761e-05
0.006539448398
4.61548881321e-07
0.0186516441265
6.41336620417e-16
2.93412743909e-38
7.94669304733e-17
8.320984164e-14
0.000104623480314
7.01374687914e-21
5.36725108445e-07
1.95229580765e-13
9.76367183235e-09
1.28324424957e-06
0.0125671138779
6.16314954398e-21
4.50081450134e-08
1.16222926904e-17
1.17488594779e-05
0.006539448398
1.26084158248e-19
1.4678879869e-19
6.12496808104e-10
0.0125671138779
3.26247540652e-30
2.01330856406e-05
1.67278301634e-15
0.014671110319
3.09377418359e-17
0.014671110319
0.0125671138779
0.0186516441265
1.79543346915e-09
0.000606979851687
9.19244181314e-05
9.03491281353e-15
7.72748079544e-13
2.86642509631e-11
0.00203447148235
7.00895261981e-10
0.0186516441265
3.35368811383e-08
0.0145573807816
3.18484652361e-07
3.04689502776e-08
1.79285862309e-07
4.21909000446e-15
0.0186516441265
1.91020626223e-06
0.014671110319
0.00235644061667
0.000327640945566
0.00160028549526
0.0186516441265
1.5944971213e-05
0.0125671138779
0.0073355551595
0.0125671138779
0.006539448398
3.6340377795e-07
6.2394888963e-13
8.44680850583e-14
8.05951083912e-19
7.45778378543e-11
2.08521741442e-05
0.00021300460023
3.00834189319e-22
0.00019110960937
3.39458159457e-12
9.98827413482e-30
1.34158003069e-17
1.48549456842e-11
0.0130220320273
0.0186516441265
0.0145573807816
0.00237011180182
1.13489379842e-18
4.91547763004e-11
7.54498577539e-07
2.39504068594e-13
2.72920916408e-07
0.00186429525875
2.9688096364e-07
1.64179525002e-07
0.00477664056898
0.011657277579
0.014671110319
6.28049621664e-13
3.61366502931e-05
0.014671110319
1.90251875724e-07
0.000185055179629
2.39319747265e-21
0.00138981537642
3.14109260067e-05
0.0073355551595
0.000172132989061
8.28236241442e-12
1.06611277938e-13
0.014671110319
6.08437297643e-11
1.52902048104e-05
1.65340752641e-35
2.22796778157e-10
0.0125671138779
9.1355044768e-06
2.48970007834e-07
1.26413228827e-07
2.76715737123e-08
2.03273908588e-10
2.21092356465e-06
4.87837865719e-05
1.41166716939e-07
2.23982499597e-05
1.03175952377e-29
4.55905689145e-12
9.32570658554e-16
3.30735926359e-19
2.42254737987e-08
0.0186516441265
5.03164486699e-08
0.00056954992608
3.01325956852e-13
0.00165474269091
0.0125671138779
7.99492242807e-10
0.000176124000572
8.22706177609e-11
0.014671110319
4.87500814401e-12
7.70433530558e-39
8.18557120019e-08
0.0125671138779
1.34594137256e-15
0.014671110319
5.08693663462e-20
3.25894445492e-15
0.014671110319
2.54005116571e-13
1.44315461556e-09
1.29729292332e-07
3.77118293191e-11
2.67027048856e-24
0.00160028549526
0.006539448398
3.24509095267e-05
0.0145573807816
4.50736200734e-13
0.006539448398
0.0125671138779
0.014671110319
0.000204844684625
1.61242852787e-15
0.0125671138779
0.014671110319
3.5739688074e-11
0.000927077563191
2.91274277391e-07
6.98283596206e-16
3.83602871012e-09
2.2215931136e-18
1.13455122629e-37
6.50686230618e-17
1.13418840704e-15
2.71449152891e-08
1.36684873311e-12
1.44267644068e-05
1.11164647166e-05
0.0186516441265
3.60724276952e-05
0.000702527317931
8.48047106136e-09
0.00160028549526
2.66688648238e-06
0.0186516441265
1.86849586319e-24
2.52158336836e-08
0.011657277579
2.12844466293e-13
0.0186516441265
0.0186516441265
0.0186516441265
4.6193704748e-16
3.98363332268e-09
0.0186516441265
0.0130220320273
2.08125821245e-14
0.0145573807816
2.50117614602e-08
3.62678607409e-07
1.94996434035e-08
0.0125671138779
1.06004393907e-13
0.0186516441265
3.49175215202e-05
0.014671110319
7.42931555973e-29
3.25435653384e-22
8.43537007046e-22
1.79766110141e-05
1.24764393812e-09
8.3479329774e-13
2.20931315719e-07
1.77130634688e-19
0.006539448398
6.84757041099e-06
1.37122621984e-05
0.000204426713423
7.94898124002e-20
3.54303452329e-06
0.0186516441265
4.26986944014e-24
4.87790446156e-05
7.82526214241e-06
3.42880665354e-11