500
0.115580527022
0.0081741061807
2.85926385466e-05
0.000554527748197
8.46134348312e-05
3.36577135722e-07
0.115580527022
3.7800840363e-16
0.115580527022
6.74243168438e-21
4.14722313248e-07
0.00495097374169
0.00451323235156
0.0341860442303
0.115580527022
0.0081741061807
1.9321437232e-07
8.47669801883e-05
0.0341860442303
1.30148016048e-08
0.0043048104177
1.85551350497e-11
1.68137601994e-07
3.99572104924e-08
0.000783307315272
2.18066655637e-07
1.53449766052e-10
1.68285392355e-06
6.25258464492e-12
9.37095922631e-05
0.115580527022
0.00495097374169
0.00331357223182
0.0341860442303
0.0043048104177
0.023225759397
0.115580527022
0.115580527022
0.115580527022
2.18415579662e-05
0.0081741061807
1.17381335578e-09
0.003691908632
0.00322678064377
4.63026887651e-12
0.0043048104177
0.00010303379268
0.115580527022
0.0120774365577
9.2042327817e-10
7.05567560823e-11
0.000150365101328
1.35481933329e-05
0.115580527022
0.0218896471715
0.00361737189347
0.000930593334506
0.115580527022
4.18134128178e-13
9.57556632637e-12
1.07695418258e-05
5.16051278188e-12
2.01992275788e-05
0.00167853985821
0.000552617111761
1.36085002303e-05
0.00216518414768
0.0218896471715
8.40834833482e-05
0.0043048104177
0.0
0.115580527022
0.0218896471715
0.00361737189347
1.0305733029e-11
1.76922548087e-13
0.115580527022
0.115580527022
3.85105096092e-12
0.000351891067437
0.000623414185149
6.58927916092e-16
4.3401573348e-06
0.0120774365577
0.115580527022
7.94504438013e-07
0.0341860442303
0.115580527022
4.25733148981e-05
1.04971937506e-08
1.54722373135e-06
6.01204575375e-05
1.35535870238e-05
0.115580527022
2.76219731869e-05
2.52250804432e-11
2.26359844719e-06
0.0120774365577
2.93085569531e-05
0.0218896471715
4.38359300186e-06
0.00402874220948
3.13473423742e-06
9.0077812166e-10
0.00332331210175
1.3473260296e-07
1.13866047486e-10
5.19484556552e-08
0.115580527022
1.67996733844e-09
2.50707869779e-08
6.9189753404e-05
0.115580527022
7.81668329015e-05
2.07475194013e-05
0.00279864907516
0.000552617111761
0.00276357252141
2.8654893253e-05
2.78660186816e-08
0.0120774365577
5.88632951817e-14
0.115580527022
0.00656890932089
2.71904182579e-34
2.73364470743e-12
1.92296415928e-15
3.7622135444e-07
3.85323068652e-05
0.000486374414887
0.115580527022
1.68623512847e-19
2.65270615566e-09
0.115580527022
0.0055871962887
3.01366498541e-07
8.63358885044e-05
0.115580527022
5.99879909642e-11
0.003691908632
0.115580527022
0.115580527022
6.17518880251e-08
1.69960515231e-12
1.05544985916e-10
2.75159718799e-09
0.0081741061807
1.06198991676e-07
2.22643038857e-09
0.115580527022
0.0120774365577
0.0012160000553
0.00268000968601
0.115580527022
6.19179546538e-06
0.115580527022
6.64461754794e-09
0.0120774365577
0.00375659879094
5.442976683e-10
6.7965878539e-05
1.85634357654e-06
2.17452160654e-06
0.115580527022
0.000482004833823
0.001298117925
0.115580527022
4.32985942071e-07
0.00331357223182
0.000797222593217
0.115580527022
0.000436226888042
2.08866591437e-09
0.0218896471715
3.53235149674e-08
0.000122771424503
2.47718527221e-09
0.0341860442303
0.0341860442303
0.115580527022
0.115580527022
1.01565934852e-08
0.00656890932089
1.81061618793e-11
0.00185711940187
0.115580527022
3.04205227888e-15
2.47978871863e-07
1.48203013425e-08
0.115580527022
0.115580527022
0.000122040476886
0.000577946024035
9.50612621329e-06
4.04245427445e-06
0.000615058233522
5.09233682034e-05
2.30090271057e-06
2.15255018946e-06
0.115580527022
0.000165042980782
6.39324285601e-05
0.00351841541557
0.000109185689825
0.0341860442303
0.115580527022
0.115580527022
0.00268000968601
5.25276013006e-06
7.31446596119e-05
0.0011711399958
1.05302669936e-06
0.00150983467832
0.115580527022
2.59363725984e-05
1.06346266667e-06
3.29731614777e-12
0.0081741061807
3.92274922284e-08
0.0120774365577
2.07642598898e-23
1.06252507571e-07
8.24780752618e-08
0.00467566227891
2.86843622029e-12
2.20037729317e-05
0.115580527022
2.15282426108e-08
0.0218896471715
0.115580527022
0.0218896471715
0.00451323235156
0.00467566227891
1.78827566756e-11
0.000623414185149
0.115580527022
9.54700274628e-08
0.00375060198811
0.115580527022
3.82397618663e-07
0.00375060198811
2.47089705159e-06
0.00322678064377
0.115580527022
4.32248002197e-16
0.115580527022
2.28010571889e-08
2.35739940326e-05
1.1543329602e-07
0.0341860442303
0.00351841541557
0.115580527022
0.00185711940187
0.000486374414887
1.40710690144e-09
0.023225759397
4.79554489445e-06
0.000630812998463
1.06951763691e-08
6.87473286359e-06
0.00268000968601
0.0341860442303
0.000783307315272
0.00656890932089
0.115580527022
0.00495097374169
8.98424647293e-07
9.88789387762e-08
3.13148184328e-10
1.03634494996e-05
0.00375060198811
2.52283302707e-16
0.115580527022
0.115580527022
5.44296509347e-11
0.00115895580298
0.00495097374169
5.47413919073e-07
4.52644883555e-05
0.023225759397
0.115580527022
0.0218896471715
4.26032798463e-22
8.99965199709e-09
6.43062530908e-05
5.44105489224e-08
0.00495097374169
2.75269659497e-06
3.03040141013e-05
1.13257853131e-05
6.27640811137e-08
9.5848178381e-06
4.99400723679e-08
0.000104411014832
2.52873458796e-09
6.38395003154e-07
1.40935272615e-07
8.17191126086e-13
1.66734305257e-05
1.98476209016e-05
1.41605418918e-05
0.00402874220948
1.7729313184e-16
1.65861847732e-07
0.115580527022
1.75855746179e-09
0.0218896471715
0.115580527022
6.14490249879e-18
0.115580527022
1.4318827028e-12
2.06287707593e-07
2.86221608692e-12
0.115580527022
0.00245426596485
3.79455793524e-05
8.86958625489e-08
0.00276357252141
2.20342372472e-05
0.000156770244256
0.115580527022
2.02009983795e-06
7.01657301577e-09
0.115580527022
0.115580527022
3.36097898497e-05
0.0055871962887
0.00268000968601
3.24722466403e-07
2.00885779973e-08
1.12181342491e-09
0.000186237851098
4.29027413316e-11
0.00115895580298
0.00322678064377
1.24385843409e-05
2.46689228504e-09
0.00322678064377
0.0218896471715
2.85552103146e-10
7.28335761994e-17
5.96535418956e-06
3.27969029556e-06
0.00187900014991
0.000166298236936
0.0341860442303
2.80128714498e-10
0.0341860442303
0.000665723769613
1.88489364191e-07
2.05140733897e-20
0.115580527022
0.00150538019682
3.40503908237e-05
7.78455232566e-09
0.00322678064377
2.00058028368e-07
4.51184309763e-06
0.0055871962887
1.3626250357e-05
0.00375659879094
0.0218896471715
0.115580527022
2.21286043318e-05
0.115580527022
0.000620024941751
0.000106955347013
2.05414612618e-09
1.39460578627e-12
0.115580527022
4.61085100262e-20
2.41114013413e-11
0.00375659879094
0.115580527022
0.000893719881813
3.00299680518e-06
1.86706672727e-11
0.0218896471715
0.0341860442303
1.30174702399e-06
0.115580527022
5.51556122202e-15
8.83217064445e-09
2.91925622109e-13
0.115580527022
1.9311075194e-05
0.0341860442303
9.82057016646e-12
1.65261507446e-05
8.86208623479e-05
0.115580527022
0.000654302484981
0.0
0.115580527022
0.115580527022
0.115580527022
3.17309946154e-09
0.000798229753731
0.115580527022
0.0120774365577
0.115580527022
1.77123017974e-10
4.06166871307e-14
0.115580527022
0.0218896471715
0.00402874220948
2.72834222308e-08
0.023225759397
0.023225759397
0.115580527022
2.1292216955e-14
0.00115895580298
1.36643897935e-10
0.115580527022
0.115580527022
0.115580527022
3.54260156571e-09
2.56519326418e-16
7.54794860727e-13
1.31420497922e-07
0.115580527022
3.45119812625e-11
0.000186924896672
3.4190296218e-07
0.115580527022
1.14860842041e-10
0.000279761999835
3.90614441108e-06
0.0341860442303
2.29694550144e-05
8.32091249425e-08
6.05618396253e-10
0.000816526004228
7.10075326697e-05
0.00183292833812
0.0218896471715
0.000155081783257
1.54127340334e-10
6.78506174889e-13
1.19596262323e-09
4.80973089523e-08
0.0341860442303
0.115580527022
1.98871647968e-06
0.115580527022
9.68924081805e-05
1.59812066256e-06
2.59750712741e-06
3.20515018558e-05
0.0218896471715
0.00172965624954
0.00052522751686
0.00331357223182
0.00216518414768
0.115580527022
0.00185711940187
8.89669281252e-16
1.03285732939e-11
5.02846573893e-14
1.10213899871e-22
2.76454131061e-10
0.00019763700408
0.0341860442303
0.000620024941751
8.80262647656e-13
4.96492074241e-08
0.0341860442303
0.000165076914751
5.7581031494e-05
0.00068429012913
1.2517535946e-12
1.71371010505e-07
9.59360907345e-07
0.00656890932089
6.1797159784e-11
2.80257131549e-09
0.115580527022
2.66934999275e-07
0.000885089171112
0.0218896471715
7.58443813134e-06
0.000111199838861
0.115580527022
6.0595314286e-06
4.96133889909e-06
0.115580527022
8.95052388883e-06
0.00495097374169
0.000131936825088
2.85332743876e-06
0.115580527022
0.00361737189347
0.00467566227891
1.64847286749e-07
2.12903935991e-07
0.00451323235156
0.00467566227891
0.115580527022
0.115580527022
0.00351841541557