500
3.50369718781e-06
7.30114093793e-05
3.06843465411e-07
0.00129972892545
0.00129972892545
0.00026092724069
0.0
0.0
0.00469563943287
0.00469563943287
0.0209155134585
0.00129972892545
0.0
0.00630106465892
0.0209155134585
0.00469563943287
7.63026577547e-13
8.05757818301e-08
3.06843465411e-07
5.02858497484e-18
3.62147395013e-05
0.0
0.0
0.00129972892545
0.0
1.50925045226e-09
3.06843465411e-07
3.71036565479e-11
0.00469563943287
0.00469563943287
0.0
7.89431448194e-05
0.0
9.71626580338e-11
8.47946202177e-09
0.00469563943287
7.89431448194e-05
3.45784002335e-06
5.34892981311e-08
1.88860947018e-07
0.00129972892545
3.00470568293e-05
0.0
0.0
0.00469563943287
3.06843465411e-07
3.23622589986e-06
7.89431448194e-05
2.96321800522e-09
0.00469563943287
1.72911577963e-06
5.34892981311e-08
0.0
3.62147395013e-05
6.97468301392e-12
0.000246916817871
0.0
0.0
0.00469563943287
0.00469563943287
0.00469563943287
0.00469563943287
0.00129972892545
0.00469563943287
0.00026092724069
0.00469563943287
0.00129972892545
2.47997764448e-16
0.000258691112384
5.20387929126e-11
7.30114093793e-05
1.74275789257e-12
0.00129972892545
3.06843465411e-07
0.000258691112384
0.00129972892545
1.46227996026e-07
1.07522281673e-10
0.00630106465892
4.10584672491e-08
3.73501549846e-26
7.89431448194e-05
0.0
0.00469563943287
0.00469563943287
0.00129972892545
0.0
3.82375082723e-16
0.00129972892545
3.00470568293e-05
0.0
5.56665940553e-05
0.00630106465892
3.45784002335e-06
0.00469563943287
7.30114093793e-05
0.000258691112384
0.00026092724069
0.00469563943287
0.00469563943287
1.12692183531e-05
2.16199921095e-05
0.00026092724069
0.0209155134585
0.00469563943287
0.0
6.83111960277e-07
0.00469563943287
0.00469563943287
0.00469563943287
2.20737686506e-09
0.0
0.0
0.00129972892545
0.00129972892545
1.62938475869e-24
0.0
0.00469563943287
2.30733981864e-16
1.66651771758e-05
1.257730772e-08
0.00037031099401
0.00129972892545
0.0
0.0
0.0
0.000159159719093
0.00469563943287
1.98400683657e-09
0.00129972892545
7.15568892508e-12
0.000258691112384
0.00129972892545
9.72602015672e-07
0.0
0.00469563943287
1.95008325891e-09
0.0209155134585
0.0454868171986
0.000258691112384
3.23622589986e-06
8.86218601757e-07
0.00114747401563
1.61357024892e-12
4.25220377277e-06
7.89431448194e-05
0.00469563943287
0.000258691112384
0.0
2.46865638511e-15
0.0
0.0209155134585
0.0454868171986
0.0209155134585
0.00469563943287
0.00469563943287
0.0
0.00129972892545
2.52736572242e-07
1.22049943636e-07
0.00469563943287
0.00026092724069
1.257730772e-08
5.15086112582e-06
3.03400774693e-08
0.0
0.00129972892545
0.00129972892545
0.0
0.0
0.0
0.0454868171986
0.00630106465892
0.00469563943287
0.00129972892545
0.00630106465892
0.0
2.37761834269e-06
0.0
0.000214895109588
0.00026092724069
1.64732877152e-09
0.0
0.00630106465892
4.07044611058e-13
7.89431448194e-05
0.0
0.00469563943287
0.000258691112384
3.06843465411e-07
0.0209155134585
0.0209155134585
2.37761834269e-06
0.00469563943287
0.0
5.10063276093e-12
0.0
0.00129972892545
7.89431448194e-05
0.00630106465892
5.5270211602e-08
0.0
1.7737396608e-10
3.50369718781e-06
4.71740907209e-13
0.00469563943287
4.97564331721e-10
0.0
0.00630106465892
0.000305155287856
1.68732332322e-08
1.77707834357e-14
0.0
5.38524977402e-08
0.00469563943287
0.0209155134585
2.16199921095e-05
6.25915369955e-21
6.83111960277e-07
0.0
3.23622589986e-06
0.00469563943287
0.0
0.00469563943287
2.40032264009e-12
0.000305155287856
0.00129972892545
3.06843465411e-07
0.00129972892545
2.17567275721e-10
5.56081432027e-10
9.08227272408e-11
0.0
6.98627088903e-07
0.0209155134585
0.00469563943287
0.0
0.0
0.00114747401563
8.99932596072e-13
2.16199921095e-05
3.00470568293e-05
0.00129972892545
0.00469563943287
5.5270211602e-08
0.00026092724069
0.00630106465892
0.00129972892545
0.000258691112384
0.0
0.00037031099401
0.000125638744269
0.00469563943287
0.0
0.00692431640626
3.23622589986e-06
1.04980569723e-08
0.0
0.0
0.0209155134585
0.00630106465892
0.0
0.00469563943287
1.82726864496e-13
0.0209155134585
6.62252886454e-09
0.0
8.01224331275e-10
0.00469563943287
0.0
0.0
0.0
0.00469563943287
0.00129972892545
0.0
5.67614066141e-08
0.00026092724069
0.0454868171986
4.18898325834e-09
5.15392656298e-05
4.10148983017e-09
0.0
0.00129972892545
1.27490069702e-07
0.00630106465892
2.42053632809e-11
3.23622589986e-06
0.00129972892545
0.00129972892545
0.0
2.71394924223e-05
0.00469563943287
0.00129972892545
0.00114747401563
3.98663455334e-08
0.000882289191705
0.00469563943287
0.0
1.42215266428e-05
6.17576454185e-06
0.00129972892545
1.257730772e-08
0.00026092724069
1.01379876612e-10
0.00469563943287
0.00469563943287
5.02350875772e-10
0.00469563943287
0.0
0.0
7.67216842931e-12
0.0454868171986
7.89431448194e-05
9.06098042076e-07
1.66651771758e-05
0.0
0.00469563943287
0.0
0.00469563943287
0.0209155134585
3.75681807124e-08
0.00469563943287
0.0209155134585
1.11621041667e-08
5.21113857623e-10
0.0
0.000258691112384
0.00630106465892
0.00469563943287
2.44934402857e-11
0.0209155134585
0.00469563943287
0.0
0.00129972892545
5.34892981311e-08
0.00129972892545
3.38992873331e-11
0.00129972892545
3.52149729518e-09
0.0209155134585
1.18767468004e-07
2.70077759316e-06
0.00026092724069
0.00630106465892
0.00469563943287
7.30114093793e-05
0.00469563943287
1.79074833274e-08
0.00469563943287
2.16199921095e-05
0.0
0.0454868171986
0.00129972892545
0.0
0.00469563943287
2.0611087807e-11
0.0
0.00469563943287
7.82583063983e-14
0.000214895109588
0.00129972892545
0.000258691112384
4.91014202478e-07
7.16755490277e-08
4.75728889243e-15
0.00129972892545
0.0
8.01125516734e-05
2.21541217575e-20
6.17576454185e-06
0.00469563943287
1.85424784924e-18
2.52736572242e-07
0.0
7.82533724527e-07
0.0
3.06843465411e-07
0.0
3.23622589986e-06
0.0
0.0
0.000258691112384
9.06098042076e-07
0.00469563943287
2.71394924223e-05
0.0
0.00129972892545
0.00469563943287
0.0
1.68732332322e-08
0.00630106465892
1.74894307612e-10
7.30114093793e-05
0.00692431640626
0.0
0.00469563943287
0.00026092724069
0.00469563943287
0.00692431640626
0.0
0.00469563943287
3.45784002335e-06
0.000214895109588
0.00630106465892
4.24854251623e-17
1.41735242604e-07
0.00630106465892
4.00383715588e-11
0.0
0.0
0.0
0.00469563943287
3.06843465411e-07
1.25141030979e-05
1.79074833274e-08
0.0209155134585
1.04987619153e-08
1.64323935152e-12
0.00469563943287
3.06843465411e-07
6.04472171203e-10
0.00114747401563
0.0041953380107
0.00026092724069
0.0
2.51370785197e-14
0.0
0.00469563943287
0.0
0.0
0.00026092724069
0.0209155134585
0.0
0.00469563943287
1.81939566586e-06
0.00026092724069
6.01374845367e-05
1.05186453168e-08
5.15086112582e-06
0.000258691112384
0.0
0.00129972892545
1.00779418521e-10
7.20346456992e-13
1.59466518994e-10
4.60753268928e-06
1.93003143584e-10
0.00469563943287
0.00469563943287
0.00129972892545
0.0
0.0
0.0
0.00026092724069
1.84245951776e-09
0.0
0.00469563943287
1.03595016016e-08
2.98132824428e-13
0.00469563943287
0.0
1.8100977388e-18
0.0
0.0
0.00469563943287
4.24233744535e-09
1.257730772e-08
1.257730772e-08
1.04980569723e-08
0.00630106465892
2.30770918238e-06
6.50552429153e-07
0.0
3.06843465411e-07
1.28554640482e-09
6.83111960277e-07
2.30770918238e-06
7.89431448194e-05
0.00026092724069
0.00469563943287
7.30114093793e-05
0.00469563943287
0.00129972892545
0.0
0.000258691112384
5.28788077484e-08
5.61708544747e-12
3.52149729518e-09
0.00114747401563
0.0
0.00129972892545
0.0
0.0209155134585
0.0
0.000214895109588
0.00469563943287
0.0
0.00129972892545
0.00129972892545
0.00129972892545