500
0.0410097479816
0.00596259884361
1.55410903762e-05
0.000165708888724
1.72743499804e-05
1.64662395366e-07
0.0410097479816
1.32673948745e-16
0.0410097479816
8.78177587373e-22
4.35179177785e-08
0.00136142470736
0.00243778642638
0.0252694247405
0.0410097479816
0.00596259884361
1.7112421916e-07
2.30189599378e-05
0.0252694247405
4.76051607124e-09
0.00144298840045
2.91083138446e-12
5.16629864541e-08
1.58357729321e-08
0.00099085471581
1.38614686957e-08
4.99854393069e-11
9.00056500202e-07
1.11492104158e-12
5.99480786109e-05
0.0410097479816
0.00136142470736
0.00105527927242
0.0252694247405
0.00144298840045
0.0071138056687
0.0410097479816
0.0410097479816
0.0410097479816
1.60098587096e-05
0.00596259884361
6.0510500499e-10
0.00123237437098
0.000435603563279
5.32732826839e-13
0.00144298840045
3.18671521892e-05
0.0410097479816
0.00881612673209
2.86633115723e-10
4.41979702295e-11
0.000267072540849
1.27546580334e-05
0.0410097479816
0.00763125531377
0.00116557152407
0.000401831288381
0.0410097479816
2.88631897671e-13
1.75125779725e-12
6.24784848624e-06
1.16025921149e-12
5.47236736906e-06
0.000953833882805
0.000198824215407
4.74167699092e-06
0.0013079960751
0.00763125531377
0.000104344325548
0.00144298840045
0.0
0.0410097479816
0.00763125531377
0.00116557152407
4.38839951026e-12
2.99875053374e-14
0.0410097479816
0.0410097479816
1.15660735632e-12
0.000118832153207
0.000370235564614
4.03193239392e-16
2.98715731709e-06
0.00881612673209
0.0410097479816
2.09306242324e-07
0.0252694247405
0.0410097479816
3.1422140473e-05
3.28471463727e-09
9.87219477335e-07
3.53713551248e-05
4.73863275286e-06
0.0410097479816
9.08215152927e-06
4.71258834659e-12
1.28502266928e-06
0.00881612673209
2.03574523838e-05
0.00763125531377
3.2374080182e-06
0.00224238863299
1.40814275277e-06
2.32851154931e-10
0.00117588717403
3.75667556124e-08
3.00049929474e-11
1.40873069839e-08
0.0410097479816
4.4552307367e-10
1.15956299822e-08
2.45061498404e-05
0.0410097479816
2.58681958923e-05
1.14965923185e-05
0.000873541868699
0.000198824215407
0.00157126271428
1.49657414318e-05
2.07793623202e-08
0.00881612673209
1.3256730102e-14
0.0410097479816
0.00634608387963
8.50446803024e-35
2.44416182538e-12
8.46209368356e-16
1.81152038375e-07
7.66012552227e-06
0.000154904389008
0.0410097479816
8.36801970919e-20
2.51536849355e-09
0.0410097479816
0.00695934797514
1.71549961845e-07
0.0
0.0410097479816
6.45587109939e-11
0.00123237437098
0.0410097479816
0.0410097479816
4.20159664043e-08
7.25618968466e-13
6.68323728142e-11
4.9856749793e-10
0.00596259884361
3.54724222926e-08
1.53858611528e-09
0.0410097479816
0.00881612673209
0.0011523927261
0.00148795591137
0.0410097479816
5.39573586245e-06
0.0410097479816
1.04980311878e-08
0.00881612673209
0.00137112527274
6.02620602111e-10
3.67335019958e-05
9.8940833244e-07
1.25167528829e-06
0.0410097479816
0.00017016620874
0.00135881109958
0.0410097479816
4.69906603499e-07
0.00105527927242
0.000267000775346
0.0410097479816
0.000132420483036
8.39523934374e-10
0.00763125531377
1.11967980194e-08
9.47075885796e-05
9.63257975787e-10
0.0252694247405
0.0252694247405
0.0410097479816
0.0410097479816
4.92714727648e-09
0.00634608387963
2.33238598857e-11
0.000577514654682
0.0410097479816
7.40807134056e-16
1.81923076758e-07
5.70118845183e-09
0.0410097479816
0.0410097479816
3.58615975336e-05
0.000162833741933
1.76211630398e-06
1.00213807321e-06
0.000875221905944
0.000110367709335
2.17417854945e-06
6.61654778315e-07
0.0410097479816
0.000103176565312
1.98745975288e-05
0.0035405867663
3.32390768471e-05
0.0252694247405
0.0410097479816
0.0410097479816
0.00148795591137
2.31487528611e-06
7.13509238064e-05
0.000866804382061
4.91634025138e-07
0.000909984199256
0.0410097479816
5.8287623165e-06
1.9315086921e-07
1.55578601658e-12
0.00596259884361
1.11650998603e-08
0.00881612673209
6.00469649813e-24
3.37224775304e-08
2.2846517285e-08
0.00153135333464
7.00393809974e-13
1.17434916178e-05
0.0410097479816
4.93360905e-09
0.00763125531377
0.0410097479816
0.00763125531377
0.00243778642638
0.00153135333464
4.564191352e-12
0.000370235564614
0.0410097479816
0.0
0.00467137758803
0.0410097479816
1.84970574955e-07
0.00467137758803
7.50582486631e-07
0.000435603563279
0.0410097479816
2.14342743908e-16
0.0410097479816
1.0854804922e-08
2.60060372198e-05
3.48980139907e-08
0.0252694247405
0.0035405867663
0.0410097479816
0.000577514654682
0.000154904389008
4.42401504055e-10
0.0071138056687
1.77714881517e-06
0.000250619612773
1.01460802811e-08
1.97955812756e-06
0.00148795591137
0.0252694247405
0.00099085471581
0.00634608387963
0.0410097479816
0.00136142470736
4.50546391105e-07
5.60183380508e-08
1.93139315029e-10
1.95534751531e-06
0.00467137758803
5.07869123325e-17
0.0410097479816
0.0410097479816
1.77243378603e-11
0.000694441659136
0.00136142470736
1.67770852989e-07
1.48257859905e-05
0.0071138056687
0.0410097479816
0.00763125531377
1.11213493824e-22
3.51044509551e-09
1.99234713813e-05
3.13555908967e-08
0.00136142470736
2.40170665327e-06
1.15649709257e-05
5.59398256809e-06
1.56499683138e-08
6.81649604195e-06
2.81876142805e-08
7.83108589492e-05
1.68733194616e-09
2.15673302234e-07
1.39311012157e-07
2.647510375e-13
3.56792517138e-06
5.52586892733e-06
5.11034139918e-06
0.00224238863299
1.00885153009e-16
1.04436468965e-07
0.0410097479816
5.3648610571e-10
0.00763125531377
0.0410097479816
9.18983429175e-19
0.0410097479816
6.18698624282e-13
1.10835628542e-07
2.07359766239e-12
0.0410097479816
0.000815525675724
1.89779263186e-05
1.99979051511e-08
0.00157126271428
7.82039883799e-06
0.000154453904356
0.0410097479816
6.235968303e-07
1.93611187458e-09
0.0410097479816
0.0410097479816
7.28191661352e-05
0.00695934797514
0.00148795591137
9.49842664559e-08
9.39856159842e-09
2.58960646717e-10
0.00013518738145
8.56314390151e-12
0.000694441659136
0.000435603563279
3.15660726826e-06
1.79073758467e-09
0.000435603563279
0.00763125531377
1.76376527454e-10
1.577413443e-17
1.88649508681e-06
8.90965428189e-07
0.00106520549326
3.97092727497e-05
0.0252694247405
1.17633513941e-10
0.0252694247405
0.00021533164809
5.45998635906e-08
3.8418129073e-21
0.0410097479816
0.000816401044502
3.14267930357e-05
1.95030631361e-09
0.000435603563279
1.15193613118e-07
1.31092100083e-06
0.00695934797514
7.91364025474e-06
0.00137112527274
0.00763125531377
0.0410097479816
9.33972731588e-06
0.0410097479816
0.000266804512688
6.099533394e-05
1.04810645981e-09
8.19799879813e-13
0.0410097479816
1.38050885383e-20
9.7923554856e-12
0.00137112527274
0.0410097479816
0.000524574175039
2.04741323033e-06
8.13132920445e-12
0.00763125531377
0.0252694247405
1.40739867347e-06
0.0410097479816
2.02096864333e-15
4.84378163288e-09
2.54747214917e-13
0.0410097479816
3.2178287531e-06
0.0252694247405
3.38569951137e-12
4.79195655772e-06
3.04854211128e-05
0.0410097479816
0.000299530679366
0.0
0.0410097479816
0.0410097479816
0.0410097479816
4.9979357649e-09
0.00051123759245
0.0410097479816
0.00881612673209
0.0410097479816
8.08759504334e-11
2.22662443214e-14
0.0410097479816
0.00763125531377
0.00224238863299
6.56190220104e-09
0.0071138056687
0.0071138056687
0.0410097479816
1.22079789515e-14
0.000694441659136
4.75286348422e-11
0.0410097479816
0.0410097479816
0.0410097479816
2.79859614258e-09
5.16597681588e-17
2.89082967012e-13
3.49497214487e-08
0.0410097479816
3.33140352574e-11
0.000208674866802
2.20471625903e-07
0.0410097479816
5.98632631523e-11
0.000133997056122
1.54615709417e-06
0.0252694247405
6.96056660477e-06
2.14563369446e-08
1.43030053397e-10
0.000379415172867
1.87244801331e-05
0.00174001136714
0.00763125531377
0.0
3.78665210222e-11
2.95854079823e-13
6.11814102619e-10
1.69189063463e-08
0.0252694247405
0.0410097479816
4.15759845104e-06
0.0410097479816
2.70875907738e-05
1.12648048233e-06
5.31852545544e-06
1.44482726347e-05
0.00763125531377
0.00128005206526
0.000168664938043
0.00105527927242
0.0013079960751
0.0410097479816
0.000577514654682
1.87043291112e-16
5.91140657233e-12
3.53324797646e-14
0.0
6.31265323887e-11
4.91185167923e-05
0.0252694247405
0.000266804512688
5.59669122966e-13
3.12802879518e-08
0.0252694247405
5.60347498363e-05
1.83265675005e-05
0.000436168886597
8.42069218273e-13
1.4175771403e-07
3.60878459123e-07
0.00634608387963
1.49548611795e-11
1.05421461783e-09
0.0410097479816
1.13944673257e-07
0.0
0.00763125531377
4.20273968376e-06
6.6063965487e-05
0.0410097479816
1.85648970176e-06
1.67547764934e-06
0.0410097479816
4.54992667308e-06
0.00136142470736
8.84126328732e-05
1.90037819704e-06
0.0410097479816
0.00116557152407
0.00153135333464
6.72861568282e-08
6.82081056455e-08
0.00243778642638
0.00153135333464
0.0410097479816
0.0410097479816
0.0035405867663