500
6.12116627173e-41
3.38026380046e-18
0.000116499045804
9.6192678558e-24
1.93579690391e-14
3.85248253611e-06
9.79072934967e-12
4.87636308682e-11
4.32581198607e-13
3.70844662697e-29
1.00050195185e-08
0.00080582594705
2.32570997488e-11
2.47182106482e-34
4.20117303058e-06
3.04594498302e-06
0.000317815427559
9.57501556136e-10
6.36495923528e-05
4.16649446066e-09
1.24472500449e-18
0.000435273512198
4.9705687856e-08
3.27375179214e-36
5.44101618758e-05
0.0140389344262
2.42290413794e-06
1.14589037696e-08
9.08259801963e-17
2.47887022061e-17
0.00771014492757
9.14375152761e-07
0.0040404040404
2.05195884278e-13
7.5614757333e-34
2.83051647038e-06
4.55084587075e-06
0.00339902278095
3.37918755484e-11
5.61554190634e-07
5.44923743361e-12
3.02130261666e-33
2.63510765946e-06
5.24165445242e-35
2.89915862834e-39
4.71461464565e-21
7.44506578033e-27
1.03334670719e-12
4.08756643626e-07
2.02537097217e-05
7.36387615456e-05
3.86410454386e-05
4.39597156637e-05
1.70553088396e-17
8.63168217798e-10
1.00155119488e-17
1.96424134456e-20
3.76284405759e-07
8.6087767064e-07
6.61252577978e-26
9.40222856086e-12
0.0018080997797
8.22262036004e-13
2.82618876339e-20
4.29523403393e-26
8.81224760646e-12
3.75105312705e-06
9.8326529554e-29
3.1325094282e-10
3.25317091317e-05
2.28672185932e-18
2.50852762281e-13
1.15912720417e-09
9.2410359299e-05
5.61439790591e-29
1.29652033125e-17
3.29155228207e-16
4.5430914385e-05
7.41567984739e-07
1.56829998302e-19
0.0140389344262
8.74150748067e-05
1.34034647302e-29
1.27837492875e-17
7.81052104807e-10
5.47194680776e-13
5.40809814398e-45
1.21777307381e-05
1.09717929752e-05
0.00771014492757
1.54658038621e-16
4.35288175981e-25
7.9313653462e-05
3.46507373824e-31
1.62371538226e-14
0.00771014492757
1.12082895219e-05
1.43055903782e-11
6.33814448922e-19
5.08340420514e-19
5.68990603445e-14
1.06385009041e-07
5.43948978146e-46
1.49542033868e-08
1.33288632303e-06
0.0140389344262
4.4047074406e-26
6.59419901098e-33
6.90739800166e-31
2.24773494479e-12
4.02040190439e-10
0.00339902278095
4.92499873261e-71
0.00188269705466
1.27169169074e-55
6.43593325122e-06
3.65016114752e-14
0.00109885217118
3.04295733065e-23
1.12367428747e-09
3.34445030056e-06
6.81897632177e-42
1.17202941781e-17
7.38826792942e-10
1.5255480561e-19
2.29023694819e-20
3.25749006585e-08
5.53555290328e-07
1.08126713363e-09
3.13288130203e-11
2.3796699998e-11
6.51117281104e-11
1.08576088877e-16
2.39118853961e-07
4.20172027658e-11
3.31029879687e-13
0.00771014492757
3.1873977618e-07
5.97319081871e-09
3.7516049362e-10
2.38531767319e-40
1.38474412183e-10
0.00339902278095
4.84589163606e-09
3.60397791368e-18
0.000469897541577
1.55725795138e-05
1.05471979052e-17
3.21310736838e-14
3.15918785923e-25
2.44927098426e-10
1.92033754742e-06
3.97505703746e-24
0.00771014492757
2.98485490717e-07
5.24374343122e-09
2.37984293805e-18
2.61655458563e-26
1.59583837312e-09
3.46661363479e-38
0.00771014492757
2.08509565894e-27
1.25328007755e-15
4.74855551572e-26
3.26400440785e-06
0.0140389344262
5.21936424336e-09
1.29684321301e-08
3.73535484234e-14
0.0140389344262
0.000523842460844
0.0140389344262
9.68753612441e-18
2.49469597509e-11
1.2214898893e-05
3.78328340431e-16
1.64641470653e-19
0.00221744677723
3.00912056449e-14
6.03181030456e-47
1.32839813879e-09
1.2399381957e-26
1.64083722475e-13
0.000114865897293
1.97234932857e-07
9.10192792126e-11
1.44235263442e-12
0.0140389344262
2.66496243851e-10
6.96076423085e-08
9.73827418898e-08
2.36399064359e-07
0.00221744677723
9.86952390409e-10
4.24023617469e-16
0.00771014492757
6.3967029784e-27
6.07607835529e-09
1.4608829282e-12
0.000204462426095
6.7030852544e-11
1.65100288495e-18
6.42544452695e-20
4.44915415532e-16
8.46824756556e-40
8.45075652351e-14
3.36100068768e-06
8.08390789583e-05
1.07910756869e-41
1.47085850098e-09
3.50217255248e-16
2.51687468398e-19
1.17650626e-24
2.37219377837e-07
3.25548878349e-14
0.00771014492757
6.76454634904e-08
1.9362092807e-17
2.14275272664e-09
1.53588121777e-22
2.71355483807e-05
2.41429087486e-12
0.000117255202712
1.62377139026e-06
2.41981034182e-13
7.36387615456e-05
1.3979142349e-37
1.21796435292e-46
0.00125622264061
5.31768609478e-16
0.0140389344262
1.07454126318e-21
0.000242175064188
1.6539030546e-09
1.72936406265e-07
3.52736176665e-09
1.11701603691e-31
4.77000866265e-16
4.05747854348e-06
0.00771014492757
5.86369797381e-26
1.66303257163e-94
1.88585574561e-10
5.85303932054e-34
1.97222961781e-16
0.000190365717657
2.20935557276e-12
3.75200498839e-11
1.40665681192e-11
1.70803639668e-29
1.31493015795e-07
5.59170408032e-10
4.2625059799e-10
9.10040691237e-06
0.00765376106194
0.00125622264061
4.43671983527e-11
3.64375997129e-13
0.00080582594705
2.35763418826e-11
5.7773116087e-14
9.69390372646e-13
6.99093009515e-14
0.000204462426095
9.90466637088e-35
0.000317815427559
9.4219608651e-10
4.44443843316e-07
5.43231341399e-09
7.89198941511e-21
2.42512090487e-17
1.21620425606e-14
0.000669417895014
1.44258421782e-43
2.27497587732e-06
1.53335044928e-30
8.12930885441e-09
2.7875446481e-21
3.51933909525e-06
8.33285184721e-32
7.57499486904e-37
3.64912473115e-28
4.17082219758e-21
3.22348872584e-24
2.49471651383e-70
2.32798704605e-10
0.00765376106194
5.02182149822e-59
3.048679559e-87
2.20942694496e-09
1.17969600036e-23
3.96029482937e-17
5.51824785699e-10
5.51705419713e-06
1.49201696289e-22
2.03274659847e-11
5.41986845342e-05
1.6163217671e-73
0.00771014492757
2.49252261316e-08
2.95014313061e-25
1.10989190375e-23
0.0140389344262
0.000482253580389
1.32668109838e-15
6.69239540782e-11
6.85580987888e-14
1.13677936339e-18
3.60895663274e-11
1.04393095722e-15
9.36496565618e-25
8.18736326185e-08
9.93386841731e-19
3.2300804818e-27
0.00771014492757
0.0040404040404
5.53352582548e-24
0.000242175064188
7.14394453098e-31
2.6742264206e-10
8.59354753433e-35
4.50877903032e-33
3.24472564108e-31
1.29928038765e-18
7.83153013081e-05
4.71600573506e-13
3.88623648126e-15
1.83718490876e-07
2.2970334379e-18
2.48919781241e-08
4.2291272057e-06
4.54199625184e-15
2.34602721922e-11
2.57341720059e-12
1.62134844644e-06
6.01087926112e-13
3.65074630722e-42
4.51499119421e-08
2.25825022319e-06
2.08580226771e-56
1.27160775469e-08
0.000242175064188
6.6367304908e-07
2.8383570019e-11
0.000660755543552
8.0816760198e-15
9.58115203895e-05
2.40224163334e-10
3.35952303196e-16
4.30070096436e-21
3.62363745211e-20
1.92300166008e-18
3.81807305632e-18
1.36378707545e-30
2.39299134801e-20
4.93861070886e-47
9.19202920755e-07
8.32590462756e-08
3.93127832476e-25
7.71485681065e-22
1.68935097008e-24
2.10503871167e-13
3.47580876273e-19
1.67681155531e-05
3.27803309669e-22
7.56210039201e-11
9.38245177628e-15
4.75473498629e-15
4.20199990428e-19
9.01612111669e-18
1.18560753483e-16
1.96275073546e-34
0.0
0.0140389344262
0.0040404040404
6.71933637713e-15
4.88961831159e-07
1.51513622341e-13
1.30264353911e-08
3.43913959681e-21
3.4022035926e-47
1.63798296135e-14
2.69574664035e-18
0.00221744677723
0.000242175064188
4.58909812801e-50
4.21119239497e-05
1.07240395188e-11
5.89935701099e-22
5.89779814274e-08
1.67785272037e-24
1.4207813908e-17
0.00125622264061
2.4459015275e-09
6.55258908435e-18
8.47537064622e-13
1.13134742464e-52
1.04893734505e-15
1.6370118565e-05
0.00771014492757
2.99686580885e-26
2.88630652131e-27
3.12046942409e-10
1.77166588826e-19
7.29313502028e-37
5.28750297322e-32
5.12505160622e-26
4.24281398584e-26
3.32431872956e-25
2.56574624589e-05
2.91998775513e-08
4.083788808e-09
2.04568520683e-13
1.89612320395e-05
6.5758534987e-13
6.89122947991e-20
7.47183991326e-10
2.20476287987e-28
2.91898535959e-11
2.63764138739e-05
0.00771014492757
0.000251603880149
7.72662649115e-14
7.73947874247e-07
1.833778198e-27
0.0018080997797
2.06794053502e-10
5.58830019187e-22
2.25324749798e-09
1.12371536259e-05
2.0538186299e-07
1.87941339387e-07
4.70007586488e-09
1.626067454e-22
0.00109885217118
0.0140389344262
3.94832914276e-27
5.97690963574e-10
8.36296689385e-19
5.07753733596e-17
1.02507903256e-06
5.74297821538e-17
7.82522921035e-25
3.74451433868e-16
2.26507781498e-06
9.46054142836e-08
1.07892527566e-19
3.05409993391e-53
1.25284632809e-10
1.04854076849e-21
2.35376994738e-05
2.76804385846e-35
2.23243448319e-10
2.37055251236e-06
6.90116882993e-29
3.3333611896e-23
1.41948152059e-18
5.8085200103e-05
0.000304149107315
3.8432718492e-32
1.52695467962e-86
3.33515960587e-10
1.88823497624e-11
3.88078979403e-12
0.00188269705466
2.06675270066e-15
2.98187492031e-27
4.65840653758e-08
2.59890167235e-13
1.07938356585e-21
3.76797196788e-09
1.15417429916e-07
0.000580199106189
5.68639522839e-10
2.35567288915e-13
9.2542516501e-16
0.000109348393482
1.28270434856e-07
9.06648844365e-06
1.97691559442e-08
5.41986845342e-05
2.68993334241e-32
0.000242175064188
9.73348283081e-06
3.75872784998e-05
1.51890936162e-70
6.16847843151e-30
1.59116086174e-17
7.19438198475e-09
7.83153013081e-05
8.94008150173e-13
7.50858879309e-06
1.53206933059e-25
0.00771014492757
4.86208724937e-08
6.4671945765e-18
1.80472662605e-20
0.00221744677723
1.42930996362e-16
4.0631683872e-15