500
0.00310362024463
0.000124020143755
1.89075486051e-06
0.000734663395824
0.0325692117883
1.01958299918e-06
0.0
0.000196719861076
0.00310362024463
0.0
0.0
6.61253876736e-05
5.66613196076e-05
6.04520406815e-09
0.00049097378391
0.00310362024463
7.16459812671e-08
0.00049097378391
0.0
5.80020189528e-06
0.0
4.63527355238e-10
0.0
2.6300179545e-07
3.89561317786e-12
0.0
1.26071392667e-07
6.00283531715e-05
0.000136377349784
0.0325692117883
0.00310362024463
0.000393762296254
0.0325692117883
2.78254402536e-07
0.00158967508779
5.01621621392e-06
1.03890364276e-05
0.0325692117883
4.70345484287e-05
0.00310362024463
2.78701644789e-10
0.00949563621608
0.000241349186451
0.000105518286452
0.0
6.05832886453e-08
1.11316607354e-09
0.000177156441448
0.000258497509735
0.0144317437692
2.67461583063e-06
0.0325692117883
0.0
0.000446826647167
2.51227232174e-06
0.0
0.0
5.63779769388e-05
0.0
0.0
9.37090367517e-05
1.97305707126e-09
0.0
0.00184414705253
7.85300827767e-05
5.18243495657e-06
7.43984077678e-06
1.85760731728e-08
0.0
0.000393762296254
1.5691217021e-06
7.85300827767e-05
0.0
0.0115962274414
0.0
3.87092500351e-05
3.12983825843e-05
0.000164321702526
1.25261147696e-07
1.11696469057e-06
0.0
5.21357334915e-06
0.0325692117883
0.000564078653785
4.00893322321e-06
0.000869207292079
6.16566434443e-08
7.39017687138e-06
0.0
0.0
0.00158967508779
4.70878773648e-07
0.0
1.45660886363e-06
1.91618518689e-06
0.0325692117883
1.10031529585e-07
0.0
0.0325692117883
0.00193178469949
5.29662823081e-09
0.000869207292079
1.51173013456e-12
0.0
2.42718596313e-05
0.0
9.17163439233e-05
0.0
0.0
0.0
0.0
0.000241349186451
0.0
0.0115962274414
0.00116845827427
9.25660659001e-05
0.0
0.0
3.39846829344e-10
0.0
7.43984077678e-06
0.000446826647167
0.0325692117883
3.39147848133e-08
3.00602841192e-05
0.0
0.00030676830057
5.86525145776e-06
6.28529333007e-05
3.87092500351e-05
0.000185222378808
3.80876197123e-09
9.59633283137e-07
0.00158967508779
0.00101495528714
0.00475981284597
0.0
3.11624824414e-09
1.46271672925e-05
0.0121884285759
0.0
0.0
2.53259666483e-25
8.22921505968e-05
0.0121884285759
0.000608169716977
0.0325692117883
0.00310362024463
0.0
6.9507655794e-15
1.01208436723e-05
0.00310362024463
4.50129000145e-05
0.0
6.50315085421e-07
0.0
0.0144317437692
0.0
1.38268334488e-05
0.0115962274414
0.0325692117883
9.19748482812e-06
0.0
8.39563361051e-08
0.0325692117883
9.44152485653e-08
0.000124235676434
1.73894335774e-07
0.0
1.62273279588e-08
0.00158967508779
3.89568799628e-05
0.00310362024463
0.0
0.0
6.74885254785e-05
0.0
0.0
3.55364444051e-06
0.0325692117883
0.00310362024463
0.00049097378391
0.0
0.0
0.0
5.51628636898e-06
0.00015844905159
1.71781325314e-05
0.000446826647167
0.0325692117883
0.00310362024463
0.000136377349784
2.135661873e-16
0.0
0.0
0.0
2.67217930085e-09
8.24409906787e-11
0.0
0.00030676830057
5.48106531046e-05
0.0325692117883
0.0
8.53887329434e-05
0.0325692117883
0.000185535327074
0.0
0.00195482598865
1.04872490945e-07
0.0
9.3932521335e-06
2.07316086236e-05
4.19529760634e-07
0.000196719861076
5.03957516366e-10
0.0
0.0
0.0325692117883
0.000734663395824
4.41701023504e-08
0.0
0.00310362024463
0.0
8.75589876513e-07
1.0160123292e-07
0.0
1.05441952259e-05
1.3742784798e-05
0.000263863775935
0.000869207292079
0.0
1.0578511537e-10
0.0
3.53543830701e-07
1.91697434048e-05
0.000241349186451
0.0144317437692
0.0
2.00964117626e-06
0.000348109132095
5.51495969565e-06
0.00101495528714
0.00310362024463
0.0
0.00116845827427
0.0
0.0
0.0
0.0
1.26385467485e-07
0.000246775774596
0.0
0.0
0.0
6.66723937546e-05
0.0
1.28303708524e-05
0.0
0.000738118242539
0.0
0.0325692117883
0.0
1.45629909757e-07
0.0
8.67082306183e-08
0.00310362024463
2.86093762733e-12
0.00175871258677
0.00117743757439
4.70345484287e-05
0.0
5.57253124263e-06
0.00310362024463
0.0
0.0
0.0
0.0
0.000862821654107
0.0325692117883
0.0
1.67118720917e-05
0.000131641379073
0.0
2.76701191062e-10
0.00158967508779
2.15871382325e-06
2.16294462848e-06
0.000185222378808
0.00010255781858
0.000869207292079
0.0
0.0
0.000416735158662
3.49506412714e-08
0.0325692117883
3.45899801311e-05
0.00310362024463
1.76217567411e-13
5.41120996392e-05
0.00310362024463
0.0
0.0
4.86521670972e-09
0.0
2.52878605462e-05
0.0
0.0
0.000608169716977
0.0
0.0
0.0
0.0
7.08420662491e-06
1.86468651155e-08
0.0
3.00602841192e-05
1.01208436723e-05
0.000420584120425
0.0
0.0
0.0325692117883
7.03158812383e-05
2.9894796342e-07
0.0
0.00049097378391
4.69273421264e-08
0.0115962274414
0.0
2.16458167679e-09
0.0
0.0
0.0115962274414
4.9686500045e-05
0.00310362024463
2.09806610269e-05
3.08643064894e-10
5.27696917849e-12
0.0
0.0
0.000951917817878
0.00310362024463
0.0
0.000185222378808
8.27376355241e-08
0.000393762296254
0.000191769740114
0.00475981284597
0.00161348962086
0.00595854299806
2.2028149312e-10
0.00101495528714
0.0
5.67493213956e-07
0.0
0.0
0.000185222378808
2.14141731097e-09
0.00310362024463
0.0
1.27426870636e-08
0.000135002299085
0.00475981284597
9.4861418348e-06
0.00310362024463
0.00310362024463
3.20339307643e-08
0.0
6.21011744716e-06
0.00310362024463
0.0325692117883
2.02882675919e-12
0.0144317437692
0.0
0.0325692117883
4.12890799726e-06
0.0325692117883
0.0325692117883
0.00310362024463
0.000951917817878
0.0325692117883
0.00049097378391
9.91255357244e-08
0.000288569679452
0.000348109132095
0.000159190035267
3.15766921159e-05
0.0
0.0
0.000539854244128
1.98601951943e-05
0.000526979205966
0.0325692117883
0.0
1.39551492255e-05
0.00380039548632
1.01208436723e-05
6.94563992369e-08
3.05324292868e-05
0.0
0.000288569679452
0.0325692117883
0.000446826647167
0.0
0.000185222378808
0.0
1.27635676004e-05
7.10841018834e-08
0.0
0.0121884285759
0.0
3.30041202137e-05
4.70119873067e-08
0.0
0.0
1.33125767175e-06
0.0
0.0
0.0
0.000869207292079
0.0325692117883
0.00307223773718
0.00310362024463
9.17163439233e-05
0.000164321702526
0.0
9.30278108221e-06
5.18000469524e-07
2.90701516745e-05
9.05234837897e-06
5.18545663288e-10
0.0
0.00158967508779
0.0115962274414
3.64082172936e-06
0.0
0.0325692117883
0.0325692117883
0.0
0.00158967508779
1.98411880266e-06
0.000175051523603
0.000734663395824
0.0
5.00563346907e-14
0.000345969045909
7.32929812612e-05
0.0121884285759
0.0325692117883
0.000164321702526
0.000162435357833
0.0325692117883
0.0
7.85300827767e-05
0.000348109132095
0.00116845827427
5.63779769388e-05
0.0325692117883
4.86755405798e-09
0.0
0.0
0.0115962274414
0.0
3.95557081734e-06
2.02489668532e-05
7.36063171507e-08
3.05871575065e-11
4.11968953116e-05
0.0
6.71904835869e-07
0.0
0.0
2.51341675543e-10
0.000246775774596
0.0325692117883
0.0
3.34612298909e-05
1.69831110379e-05
6.49014176096e-11
3.85475961618e-06
0.0
0.00310362024463
2.88501790704e-09
0.000185222378808
0.0
0.0
3.03538904938e-13
0.0
0.00310362024463
1.17660033608e-05
0.0325692117883
5.81682341302e-18
0.0
1.22937682768e-11
0.000241349186451
7.02514760038e-11
0.000947435356095
0.0115962274414
0.0
1.82814977972e-05
0.0