500
0.0
0.0
0.00144901054155
0.0
0.0
5.59926133411e-06
0.0
0.0
0.0
0.0
0.0
0.00777969732645
3.87139101963e-07
0.0
1.06538914545e-05
0.0
0.0013631594918
0.0
0.000339256693097
0.0
0.0
0.000236032685005
0.0
0.0
0.000174736194203
0.0319229996605
0.0
1.39108366052e-06
0.0
0.0
0.0260397583612
0.0
0.004492330168
0.0
0.0
6.85365162959e-05
1.81955159941e-05
0.00986340449249
0.0
1.11765913911e-05
0.0
0.0
5.99278881258e-05
0.0
0.0
0.0
0.0
9.44455532919e-09
0.000344669674072
0.000140460267237
0.000768695456433
0.000268383187991
0.000194289609337
0.0
0.0
0.0
0.0
4.75629196137e-06
5.37399109651e-05
0.0
0.0
0.00106911824689
0.0
0.0
0.0
0.0
0.0
0.0
0.0
3.71720997932e-05
0.0
0.0
0.0
0.00065114420139
0.0
0.0
0.0
0.000436490713577
0.0
0.0
0.0319229996605
0.000873340286192
0.0
0.0
0.0
0.0
0.0
0.000122509531998
7.30846711197e-05
0.0260397583612
0.0
0.0
0.000311126577152
0.0
0.0
0.0260397583612
3.7587337827e-05
0.0
0.0
0.0
0.0
0.0
0.0
0.0
7.97370298926e-05
0.0319229996605
0.0
0.0
0.0
5.05489029157e-08
3.38543773056e-07
0.00986340449249
0.0
0.00158844186965
0.0
5.83636045577e-06
0.0
0.0014199720118
0.0
3.0582544499e-07
0.0
0.0
0.0
0.0
0.0
0.0
0.0
0.0
0.0
0.0
0.0
0.0
0.0
0.0
0.0
0.0
0.0260397583612
0.0
0.0
0.0
0.0
0.0
0.00986340449249
0.0
0.0
0.000596251794443
6.90989716248e-06
0.0
0.0
0.0
0.0
6.31295509317e-05
0.0
0.0260397583612
0.0
0.0
0.0
0.0
0.0
0.0
0.0260397583612
0.0
0.0
0.0
0.0
0.0319229996605
0.0
0.0
0.0
0.0319229996605
0.00214456528197
0.0319229996605
0.0
0.0
0.000231738944156
0.0
0.0
0.00589844997153
0.0
0.0
5.73172377362e-07
0.0
0.0
0.00250523921972
2.98442693788e-05
0.0
0.0
0.0319229996605
0.0
0.0
4.13224164249e-06
4.16451754997e-06
0.00589844997153
1.31449296378e-06
0.0
0.0260397583612
0.0
0.0
0.0
0.00153791081361
0.0
0.0
0.0
0.0
0.0
0.0
1.52643159706e-05
0.00201493698161
0.0
0.0
0.0
0.0
0.0
1.12622102846e-05
0.0
0.0260397583612
0.0
0.0
0.0
0.0
0.000912811408581
0.0
0.000639325342837
0.0
0.0
0.000768695456433
0.0
0.0
0.00781907496077
0.0
0.0319229996605
0.0
0.00456178570015
0.0
2.56854188379e-05
0.0
0.0
0.0
2.70081052565e-05
0.0260397583612
0.0
0.0
0.0
0.0
0.0
0.00282518788603
0.0
0.0
0.0
0.0
0.0
0.0
0.0
0.000111101209253
0.0029350238171
0.00781907496077
0.0
0.0
0.00777969732645
0.0
0.0
0.0
0.0
0.00153791081361
0.0
0.0013631594918
1.859250674e-07
0.0
0.0
0.0
0.0
8.63897934604e-09
0.000847029607979
0.0
6.7749227716e-05
0.0
1.89688181819e-05
0.0
1.16974291232e-05
0.0
0.0
0.0
0.0
0.0
0.0
0.0
0.0029350238171
0.0
0.0
0.0
0.0
0.0
0.0
2.7031690503e-05
0.0
0.0
0.000712404021402
0.0
0.0260397583612
0.0
0.0
0.0
0.0319229996605
0.00298663595199
0.0
2.93169395069e-07
0.0
0.0
0.0
0.0
0.0
0.0
0.0
0.0
0.0260397583612
0.004492330168
0.0
0.00456178570015
0.0
0.0
0.0
0.0
0.0
0.0
0.000785274002457
0.0
0.0
0.0
0.0
1.46738100496e-05
0.000402746621004
0.0
0.0
0.0
2.57776878126e-06
0.0
0.0
0.0
8.0787874317e-06
0.0
9.42142410669e-06
0.00456178570015
0.0
0.0
0.000751803170243
0.0
9.71957356816e-05
0.0
0.0
0.0
0.0
0.0
0.0
0.0
0.0
0.0
7.74577924282e-06
0.0
0.0
0.0
0.0
0.0
0.0
0.000244515405173
0.0
0.0
0.0
0.0
0.0
0.0
0.0
0.0
0.0
0.0319229996605
0.004492330168
0.0
6.95610494747e-06
0.0
0.0
0.0
0.0
0.0
0.0
0.00589844997153
0.00456178570015
0.0
7.64282179461e-05
3.49468872787e-08
0.0
0.0
0.0
0.0
0.00781907496077
2.25811736348e-09
0.0
0.0
0.0
0.0
9.45054591299e-05
0.0260397583612
0.0
0.0
0.0
0.0
0.0
0.0
0.0
0.0
0.0
0.000173745695259
0.0
1.47031612673e-08
0.0
0.000246801284058
0.0
0.0
0.0
0.0
0.0
6.26739355597e-05
0.0260397583612
0.000864390043646
0.0
0.0
0.0
0.00106911824689
0.0
0.0
0.0
2.72373250456e-05
0.0
1.71170586692e-05
0.0
0.0
0.0014199720118
0.0319229996605
0.0
0.0
0.0
0.0
0.0
0.0
0.0
0.0
0.000471806334406
0.0
0.0
0.0
0.0
0.0
7.10384856598e-05
0.0
0.0
0.000100279677377
0.0
0.0
0.0
0.00092053471037
0.00244804994083
0.0
0.0
0.0
0.0
0.0
0.00158844186965
0.0
0.0
0.0
0.0
0.0
0.0
1.68790548534e-06
0.000570506645724
2.79386308995e-08
0.0
0.0
0.000482483476278
7.69646322076e-06
0.0
2.82857879788e-05
0.000712404021402
0.0
0.00456178570015
1.15729430101e-05
0.000353419736573
0.0
0.0
0.0
0.0
0.000785274002457
0.0
4.64201511479e-05
0.0
0.0260397583612
0.0
0.0
0.0
0.00589844997153
0.0
0.0