500
5.81235344938e-05
0.0
8.6038879658e-10
2.3969949906e-19
0.0
4.93808627216e-05
2.78602819634e-10
1.22353467e-06
0.0
2.19875111744e-14
4.30239535045e-07
0.000139258334051
2.56066478554e-05
5.05730362633e-05
4.69563878246e-06
1.01755093112e-05
2.38528575151e-06
1.18535545928e-09
2.10870130248e-12
4.20282130616e-06
5.03935203631e-05
3.00727745294e-05
0.0
0.0
6.35166406312e-08
3.86205726688e-08
2.02889268117e-06
0.0
0.0
0.000154097875251
0.000395887426069
5.34172427314e-05
1.7312077009e-07
1.8004503517e-09
0.000217831232028
2.27978162303e-14
0.000158531645955
0.000246702008943
7.9816222679e-05
0.000386017775271
0.000154097875251
9.81410954978e-09
6.99656196298e-05
5.1964570362e-06
8.26891114679e-06
1.00750322796e-07
0.0
4.73046777684e-05
4.26287076436e-09
0.00015457013448
4.58811297276e-08
3.09923048723e-06
0.0
9.76473058614e-06
2.25727178479e-07
1.12132349657e-06
5.42801952054e-12
9.16728700474e-07
3.2778171887e-08
2.10934803186e-05
0.000218770876359
0.00164887109377
5.97921217851e-07
2.89776716787e-08
6.65357536707e-05
0.000370032138437
2.08034412947e-05
0.0
9.28987486173e-06
1.33449415818e-06
1.57513578036e-06
2.60544539349e-05
0.0
1.62828705163e-05
0.0
0.00164887109377
1.5722039581e-07
2.91220021658e-06
0.0
1.87091802008e-09
9.75594752892e-10
0.00164887109377
1.90399461812e-09
0.0
0.000246702008943
4.35389798589e-05
8.63426432534e-05
2.440580503e-05
4.49042616812e-06
6.38458479246e-05
7.28818823622e-06
4.35894829754e-07
1.11433933914e-08
0.00019915961571
4.93009719895e-06
1.67036224606e-16
0.0
0.000170987947752
0.0
0.000753944775219
4.95963192359e-05
1.20568932902e-08
0.0
0.0
0.000247309367689
4.41418467398e-05
1.21963113493e-05
6.95167524303e-13
6.60104745817e-05
1.30862805876e-05
2.92152733535e-07
2.42459286944e-05
0.0
0.000285147790056
5.11479194167e-08
0.000112804264312
0.000654630276281
2.41518421181e-06
6.11005722443e-07
0.0
4.22046338472e-06
0.0
5.6182001829e-07
1.43559413268e-08
0.000895710020058
5.15216418446e-16
3.10943067692e-06
4.44240374805e-06
7.19149666911e-07
0.000132403782937
0.000133672744841
1.10291297817e-07
1.68839972137e-06
0.0
0.0
2.01367477681e-05
0.000119009217596
0.000706512421643
5.56864999405e-07
1.54251585628e-06
0.00023224078114
6.99341033671e-11
2.61623432827e-06
1.3322890072e-06
0.0
5.75766793474e-13
0.0
6.99734347389e-10
4.82113808526e-05
7.48498969861e-08
0.0
0.0
0.0
0.000154356455648
0.00015508239158
0.000706512421643
1.18845666368e-05
3.12269684246e-07
8.20042011357e-06
0.000435560460373
1.55591313176e-07
0.000292454924626
1.29254010359e-07
0.000144219349028
1.5985048293e-10
7.89957005235e-07
1.96557792836e-06
0.000124668789917
1.94520933404e-10
0.0
0.0
0.000890115892221
0.000292341206197
2.31268156809e-07
6.08792599645e-11
4.43551351877e-05
8.23725083775e-09
7.75755562468e-08
4.81527745137e-05
1.36803959063e-06
0.0
0.000250381725472
0.0
0.0
1.04193902231e-06
2.93562633449e-11
0.0
4.86500419857e-08
4.64415096755e-05
0.0
0.0
0.000281963086667
5.94515472552e-05
0.0
9.76473058614e-06
6.86414409387e-06
0.00164887109377
0.0
0.000121459998691
1.92040701804e-08
2.73651546182e-07
0.0
0.000289565996831
2.23080428803e-10
2.92395747085e-05
1.06108186325e-05
0.0
6.38458479246e-05
2.66267635219e-05
1.27513127813e-05
0.000133890750974
0.0
0.000311417364669
0.000890115892221
0.000386017775271
0.0
2.29314233359e-06
0.0
2.90764935216e-05
7.49787367778e-16
2.28581307824e-08
0.0
6.73276711822e-15
4.80140179847e-16
7.44824579076e-05
3.7625763221e-05
0.0
0.000654630276281
0.000220152245798
2.31939310359e-08
2.14871572198e-07
0.000127837235416
3.58957009338e-09
0.0
8.91581166331e-07
1.36955397714e-07
0.000281963086667
0.000895710020058
6.02389068946e-06
0.000155804090043
0.000406886909566
4.04899677021e-07
0.000162333916342
1.43768418725e-07
0.00025377399107
0.000456229682416
0.000706512421643
2.89431532348e-05
3.10965279706e-05
6.86114190996e-10
0.000153169743207
0.000654630276281
2.18764228898e-08
9.82241326644e-05
2.26741707006e-06
0.0
4.38925281066e-06
5.55374715206e-05
1.00099334907e-06
1.41739960245e-11
2.3508077477e-11
3.6134624686e-08
6.87196779417e-07
0.000215479617829
0.000702051369998
4.10162227949e-07
0.0
0.0
4.87853535287e-08
4.95168619115e-05
2.8295352544e-05
0.000132812533342
2.29320102048e-07
1.74415199382e-05
5.44071322303e-12
1.25866840589e-08
0.0
0.0
7.42270323793e-05
0.0
0.00143167109203
1.30757998671e-06
6.3336162573e-10
1.75006518297e-06
7.64224157726e-07
0.0
0.0
4.31782374774e-07
2.20589947722e-05
6.13339340482e-05
7.72151330504e-05
1.14665090083e-05
4.41418467398e-05
2.19292772319e-10
4.05173296715e-08
5.41497113559e-29
3.15239996262e-06
6.59800416654e-06
5.14027241351e-09
0.0
0.000292454924626
2.6733875293e-06
1.33817177559e-08
3.69424040405e-21
0.0
7.24872204252e-10
0.0
0.000890115892221
2.73918442585e-05
0.000352880422294
8.3507770538e-05
4.80401469371e-06
2.50991304473e-11
2.73058171004e-07
0.0
0.0
0.000139258334051
0.0
0.0
0.000139635405146
0.000380377741812
5.8433127019e-12
3.70784906533e-05
5.02367885557e-07
0.0
0.000119009217596
2.99409414937e-09
0.0
0.000895710020058
2.31479223437e-05
1.89428257911e-07
0.0
1.32555245834e-08
4.64913045666e-09
1.19927491843e-09
0.0
1.49148768047e-05
2.4668369306e-07
6.79070676426e-06
3.61076236054e-10
8.28973522161e-06
0.0
1.00669044179e-07
0.0
0.000136369422861
0.0
3.85133188839e-07
7.44824579076e-05
6.93162855565e-07
0.0
0.000111704237987
4.76196657697e-07
0.0
0.00080925727837
0.000158531645955
5.10384350946e-07
8.4776709168e-10
2.72270722859e-06
2.1267654212e-06
0.000144219349028
2.5399904708e-12
1.370156382e-06
0.0
0.000706512421643
0.000890115892221
1.83246936445e-06
0.000220152245798
1.47294981133e-05
6.62151854223e-08
7.05667250161e-06
3.01197089164e-06
0.000200415649778
0.000137274946719
2.12353371379e-05
2.14081029214e-05
0.0
0.0
0.0
3.18858357911e-06
0.0
8.63426432534e-05
9.4465311588e-05
5.51827334983e-09
0.0
0.000244821078934
0.0
0.0
0.0
4.81552922299e-06
1.99719950563e-11
0.000395887426069
0.0
2.02308950643e-11
1.91596917109e-06
6.07622136413e-05
0.000285147790056
5.16330986972e-05
4.90609459371e-07
8.83714757377e-08
1.41193103192e-08
0.000244821078934
0.000789180070808
5.84006681473e-05
1.55521211062e-05
2.40335956243e-05
3.09720037138e-07
6.35473328507e-07
3.29500514095e-07
4.86538602619e-08
9.81928509674e-06
0.0
2.49046009257e-05
3.1674493641e-06
4.18059506243e-19
5.12125919694e-11
0.000138142689401
4.56751959996e-05
6.46388049967e-05
4.0755413004e-08
1.31623082634e-06
0.0
7.81684986869e-05
0.000789180070808
0.000138142689401
0.000706512421643
0.0
0.0
4.42359025793e-05
0.000702051369998
9.84270333873e-07
0.0
1.50193978397e-05
0.0
2.72459868256e-10
1.00706027015e-08
1.33580851111e-09
4.99609411653e-07
0.0
3.04234115297e-05
3.91817257785e-06
4.80866850392e-05
1.63226053717e-08
0.0
9.39357177275e-05
5.3835517722e-06
0.0
1.05051017055e-05
6.38458479246e-05
0.00026760366123
1.34482456821e-07
1.71829427226e-06
0.00023224078114
2.80174428018e-05
8.12619839525e-06
0.000789180070808
0.000340742278224
3.98196703747e-15
3.06426421578e-07
1.01487184902e-05
2.42408662911e-05
0.0
2.82845968023e-06
0.00026760366123
1.69495278384e-05
0.000456229682416
0.00143167109203
0.00164887109377
8.35645809708e-05
0.000250381725472
0.0
0.0
0.000753944775219
1.29419682781e-11
2.31737902898e-07
0.0
0.0
5.97182454247e-05
0.000890115892221
1.1271566953e-06
0.00164887109377
0.000407004664473
2.74880306239e-09
0.000386017775271
3.00416601359e-06
2.12604840923e-07
4.96821447392e-06
8.43246142107e-05
3.25324981772e-07
0.000250381725472
2.55153061503e-09
2.64831387476e-09
0.000244821078934
7.81684986869e-05
0.00143167109203
1.13101648461e-09
1.33046709905e-07
0.00164887109377
6.40233145562e-09
1.21743810111e-05
2.07493484508e-07