500
0.000700655815357
5.73990307999e-09
0.000717268793633
0.00467320939875
0.00317994103182
0.0317653388779
0.000847976771698
0.000257281254176
0.000728795063614
0.000416820888042
9.95168022183e-13
2.76627687103e-15
0.0240086384899
0.00813850450797
-3.49955108998e-07
0.00043640763297
0.0317653388779
1.03045546987e-05
0.0271572847682
0.0143205041845
0.112798547102
0.00258619341077
2.8135601947e-08
0.0271572847682
2.15898235414e-21
2.70231751862e-05
0.0313739886876
3.4453527565e-10
2.4180980977e-13
1.72189262345e-05
8.73994888962e-23
0.0240086384899
1.0533413331e-10
-3.72060180427e-12
0.00270772069533
-3.4693123788e-14
0.0240086384899
0.000623655102063
5.86898717735e-05
3.41890232188e-09
0.000390291042204
4.63447701884e-05
1.88429537917e-41
9.83415066277e-15
0.112798547102
3.54539266656e-11
0.0317653388779
3.44545442515e-05
3.64697310709e-08
1.04070220141e-05
0.000273747518413
0.00467320939875
9.49224034444e-09
1.4024226751e-06
0.00143639417769
0.00101203443314
0.00990446899466
2.20157644814e-05
0.00171026544009
8.43752336208e-12
0.000332184139943
0.000121818481916
0.0271572847682
9.47252291704e-07
0.0114179892473
6.29038254173e-05
7.95466849503e-10
3.24585807718e-06
0.0289952440027
2.55462515766e-11
0.00990446899466
3.80107844445e-11
1.3684674716e-05
1.60241004733e-12
7.73092289949e-07
9.88470491917e-05
7.3981705523e-09
0.000256555162051
0.000164462803564
0.000717268793633
0.000109015627169
0.0240086384899
1.87373448187e-07
0.00128545137822
0.0271572847682
5.79372191786e-12
0.0313739886876
1.27547945855e-06
0.000405804739924
3.41639197792e-08
0.112798547102
0.000100515480548
0.112798547102
2.87160193838e-11
0.000407291611073
0.000667759763479
0.0074401890407
2.03122924315e-06
0.000251399340865
0.000728795063614
8.53672175332e-08
4.8650654553e-06
0.0114179892473
0.112798547102
0.0112505942476
0.112798547102
3.13909420829e-08
0.00901593327825
0.00505659544709
0.000613303206791
1.13362466179e-05
6.38936549244e-07
5.0304350349e-06
9.20781449203e-10
0.000308605633718
1.1196418151e-17
0.000396527311962
1.40511321538e-11
0.000299899317327
0.112798547102
0.00591375197117
0.0271572847682
0.112798547102
6.94342036112e-05
0.112798547102
0.0277842756702
0.00505659544709
0.00259042176198
6.01994753456e-08
0.00813850450797
1.35020400118e-16
2.18743638113e-08
1.05191487225e-07
8.63417049131e-06
0.0277842756702
0.0240086384899
1.08152050188e-05
0.00172312670222
0.112798547102
2.97458586941e-22
0.0289952440027
0.000186047753315
0.112798547102
3.29481716959e-10
6.77713270081e-05
0.00115434587737
0.0277842756702
0.00132250551693
-7.43376584225e-10
0.0240086384899
0.00876332363847
-2.11257983132e-09
0.000108121072568
0.000106024683842
0.000133672507028
0.00744809309636
4.63447701884e-05
0.0289952440027
0.0074401890407
0.0313739886876
0.000273747518413
9.19618262077e-18
0.0271572847682
1.21507696127e-08
8.13333380431e-07
-1.79977445495e-06
2.34303488968e-06
0.00990446899466
1.97207001977e-06
0.000105025982501
4.72840706937e-20
9.43899844308e-17
0.00270772069533
2.92919079714e-06
2.62493550273e-08
-2.292123842e-11
0.0240086384899
0.000330726240303
2.92792004194e-08
0.112798547102
3.70376357007e-06
0.00990446899466
0.0114179892473
1.03189712997e-06
3.03668129498e-09
6.91994669327e-08
1.67187163744e-11
0.000141679200342
3.92756626595e-06
0.0143205041845
0.000261578116126
1.66357244211e-05
0.000667759763479
9.47570273109e-22
5.23515659969e-07
9.51226831103e-06
0.0271572847682
0.000390291042204
0.000106759016897
6.35785025359e-05
0.0313739886876
0.000765139134825
7.51148939179e-10
1.30548315175e-10
0.00172312670222
0.000507979654984
-0.00133222700624
5.40611558509e-21
0.0271572847682
0.000196667917548
-4.42727824187e-11
0.000174206172541
8.54252849906e-23
0.000123245202202
2.99042022846e-07
0.0313739886876
1.18051797629e-12
5.10065148505e-05
0.000589731648653
0.0143205041845
1.79296598814e-05
0.0271572847682
0.0271572847682
-4.50453883487e-10
0.000183388378276
3.13424419465e-07
1.84768011844e-10
0.0317653388779
0.00144778687466
0.112798547102
0.112798547102
0.0074401890407
6.01068931725e-11
0.00473475289667
2.68303291581e-07
0.0007571887084
0.000304838551191
5.56564843914e-05
0.0114179892473
-6.87406666937e-30
4.52656343458e-07
1.77507059283e-08
0.00171026544009
2.3428713961e-06
0.0317653388779
5.16437391671e-05
0.0289952440027
0.0289952440027
0.0112505942476
1.46077300926e-09
0.000433619485582
0.0277842756702
0.0277842756702
2.69696861529e-07
0.0074401890407
0.00182228263108
7.93260154795e-08
9.88880754707e-09
0.00591375197117
0.0317653388779
7.09361430985e-05
0.000814979496873
8.70178575713e-06
5.39727904537e-09
1.75051202326e-06
1.17725840803e-18
0.0114179892473
0.0277842756702
4.45700126145e-08
0.0289952440027
7.0194857094e-07
3.08954630317e-07
-0.000221260302781
0.000371573535756
1.31002433002e-16
-5.40402684163e-23
0.0313739886876
2.52370847556e-06
-1.53258773563e-10
2.47139601107e-07
4.13836821878e-07
0.00990446899466
0.0112505942476
0.00115434587737
6.70456276155e-07
0.00182228263108
5.89506393997e-19
0.112798547102
5.27989954043e-08
0.000185257060286
0.000613303206791
0.112798547102
2.33970529617e-05
5.27784651363e-11
2.31941377161e-14
3.38598124582e-07
1.01968798532e-05
0.00473475289667
0.0143205041845
0.00467320939875
1.27576037098e-07
9.76874087005e-05
0.00967803497711
0.0289952440027
2.51890052652e-05
0.0277842756702
2.28662210339e-05
0.0277842756702
0.00246081026818
0.00159631895462
0.0277842756702
0.000195702212364
0.00591375197117
0.0114179892473
0.0074401890407
0.000396527311962
9.18336107766e-08
0.00145753609441
0.0112505942476
0.112798547102
0.000114482988819
3.33284210377e-06
3.74459811415e-07
7.74455344345e-05
0.112798547102
5.41471049195e-06
7.68748875282e-05
2.19541137251e-05
0.0271572847682
0.0313739886876
3.71248796264e-22
5.48946256083e-05
2.38002603286e-07
0.0313739886876
1.54417639336e-07
0.0317653388779
0.0313739886876
0.0271572847682
1.39827487162e-10
0.0289952440027
6.95872625371e-06
0.00182228263108
3.33641800735e-07
0.00115434587737
1.30538574332e-05
1.68719445665e-09
0.000304838551191
0.00259042176198
1.08005681456e-09
1.31304737803e-08
0.112798547102
3.31076362731e-35
4.38604025874e-06
0.112798547102
0.0313739886876
0.000179742413705
0.00967803497711
0.0313739886876
0.000574800534413
0.000146962671141
1.18763372138e-07
0.0074401890407
1.4134184636e-13
0.112798547102
0.000700655815357
0.000109836428838
0.00813850450797
6.09045249681e-05
-3.55929617245e-21
0.000284728035374
1.39823326835e-07
0.000102244673243
1.00815998025e-12
0.00990446899466
0.0074401890407
1.09194980804e-08
0.0277842756702
0.0277842756702
6.16475785496e-09
0.0011991470515
1.68204318855e-07
7.03206346617e-21
0.000953128771428
6.56438340275e-05
0.000753188560253
0.000467816513884
0.000101242086123
5.69280671256e-08
0.00132034678823
0.000389783180305
0.0277842756702
0.0271572847682
5.54978359028e-07
5.12283695494e-07
3.3313065599e-10
0.0277842756702
0.112798547102
1.58942889836e-09
0.112798547102
2.67418565866e-23
9.26415125037e-05
0.00901593327825
0.00017636525017
8.37016433597e-06
0.112798547102
5.38171971134e-06
1.11333162498e-07
0.00270772069533
8.41858452191e-08
0.00317994103182
0.000305200493436
0.00159631895462
4.51199254948e-05
2.81020837929e-05
0.0313739886876
4.81023636301e-05
4.69606296e-06
0.0317653388779
0.112798547102
0.00967803497711
0.0313739886876
1.21780445342e-05
0.112798547102
0.00270772069533
0.0317653388779
-4.32689195762e-12
0.000416820888042
0.0271572847682
0.00294996215634
0.0007571887084
2.57588236354e-07
3.62370773886e-06
2.83204018951e-19
3.57320838994e-09
-1.20175588684e-13
7.9977359026e-18
0.0313739886876
4.05159692032e-07
1.57419860124e-06
0.0112505942476
0.0074401890407
1.63440971989e-06
6.86439143032e-06
0.000753188560253
1.56439118538e-05
0.0240086384899
0.0289952440027
0.0114179892473
2.67236752192e-11
0.0240086384899
0.000866987781405
2.13033457995e-06
6.99893587163e-05
-0.000183125755598
0.000765139134825
0.0317653388779
0.000524251421921
1.71405101183e-05
5.38179750991e-10
1.70701438973e-05
0.0277842756702
4.47618610536e-09
0.00200320214183
0.00143639417769
1.80125465925e-05
0.00467320939875
-2.30054701001e-15
0.00171026544009
0.112798547102
1.95406841628e-22
0.00813850450797
0.00813850450797
8.84478744075e-10
8.24537881583e-08
0.00813850450797
2.33156321028e-07
0.0074401890407
0.0112505942476
1.43261981023e-08
3.17144066086e-09
0.000416820888042
-9.93912491838e-12
1.87674071165e-08
1.72977998743e-05
3.70376357007e-06
0.000611190972885
0.00813850450797
0.00145585238085
0.00270772069533
0.00155982422539
0.0114179892473
0.00258619341077
5.36411627896e-06
9.23542734542e-08
0.00591375197117
0.0289952440027
0.0317653388779
2.76256316301e-06
0.00246081026818
0.112798547102