500
5.00790392415e-05
0.0429743518009
2.81100326546e-05
6.17692166769e-07
0.0429743518009
0.0429743518009
0.0
1.53534849419e-08
4.31182337958e-05
4.82437636971e-08
0.0715126204367
0.00113167601516
2.72135396366e-05
0.000147411612294
7.97566183761e-05
0.0214586541485
5.12334214732e-05
0.0429743518009
1.34313443848e-05
0.000876461402548
0.000251651125082
0.000439254519672
0.0715126204367
0.0715126204367
1.1951747644e-07
0.000365345168676
1.67087902586e-06
0.0715126204367
0.0214586541485
0.0715126204367
1.61605141339e-05
0.0214586541485
0.00113167601516
0.0
0.0
3.10247639072e-08
0.0429743518009
0.0715126204367
0.0
0.0715126204367
5.20240082562e-05
0.0715126204367
0.0429743518009
1.00384605046e-05
0.000399406721116
0.0214586541485
5.30134699043e-06
0.0112510854024
0.000330828884495
0.00548046717064
0.0429743518009
0.0715126204367
0.000313420372333
0.0
0.0715126204367
0.0429743518009
0.0715126204367
6.64397202523e-05
0.0214586541485
0.00298075457847
7.82996394633e-05
0.0027534774216
8.04313065718e-08
7.58155400759e-06
0.0214586541485
0.0214586541485
0.00146220074521
0.00428085612511
1.16351030983e-06
0.000150343592696
7.30793737514e-05
0.00113167601516
8.31137524344e-05
0.0715126204367
0.0
1.40708216665e-05
0.0429743518009
3.49640711478e-08
0.0
0.0429743518009
4.37124481323e-06
0.00097957034477
0.000110067851699
2.32689684718e-09
0.0429743518009
1.2658146057e-06
9.58585609651e-06
4.64028051557e-07
0.0715126204367
0.000126015702017
5.52773571215e-05
0.0
0.0715126204367
0.000145272133063
0.0429743518009
0.0715126204367
0.000842745663637
0.00503423073622
0.00146186575681
0.0214586541485
1.66562856098e-05
1.13866246803e-06
0.0715126204367
5.82858615131e-07
0.0
5.37832998987e-09
0.0715126204367
1.96916960614e-12
5.20240082562e-05
9.36623897579e-06
1.09496044546e-05
0.0715126204367
3.90104471022e-11
0.0715126204367
0.000281129902977
0.00030523509723
0.0112510854024
2.50242228606e-08
4.8387413476e-07
2.42528435889e-06
0.00548046717064
0.00289838165278
0.0429743518009
7.06329930321e-05
0.0214586541485
3.18257096598e-06
0.0715126204367
0.0429743518009
3.89939200056e-06
0.0429743518009
0.0120467715138
2.51001824561e-12
0.00113167601516
0.000747501050789
4.46061752958e-05
0.0429743518009
5.32110420391e-05
0.0715126204367
0.000313420372333
0.000830127997922
1.85325182073e-05
0.0
0.0715126204367
1.63641098815e-13
1.82749201642e-11
0.0715126204367
4.09954622667e-05
0.00129228505073
0.0429743518009
1.69405028104e-05
5.71421280864e-06
0.0
2.11439916912e-12
0.000652816762277
1.60654717122e-05
0.0715126204367
0.0214586541485
0.0715126204367
7.49881619208e-13
0.0002280977717
0.000163906038235
4.30047341188e-08
0.0715126204367
0.0
0.0715126204367
0.0214586541485
6.02321401269e-13
6.86411098771e-05
0.000568395342121
0.00503423073622
0.0214586541485
0.0214586541485
2.56349739134e-06
8.74363234104e-07
1.81764322805e-09
0.0214586541485
7.58672230329e-05
5.32110420391e-05
0.0715126204367
0.0429743518009
0.0715126204367
0.0
0.0715126204367
4.58046841091e-06
0.000281129902977
0.000147411612294
8.96026904769e-06
0.00113167601516
2.12120875146e-08
0.0715126204367
0.00442403035051
2.88645004581e-08
0.00548046717064
0.0214586541485
0.0715126204367
2.50242228606e-08
8.26263059092e-05
2.69423318543e-08
2.21448258369e-09
0.000365345168676
0.0715126204367
0.0715126204367
2.8265955847e-06
0.00113167601516
3.78329028959e-10
1.37525739002e-05
1.61795228481e-15
0.00030523509723
1.67830420735e-05
0.0715126204367
0.0715126204367
3.14250953885e-07
0.0715126204367
2.73249636909e-08
0.00428085612511
0.0214586541485
0.0112510854024
0.0715126204367
0.00097957034477
1.50444968636e-06
0.000103566545703
7.58672230329e-05
0.0214586541485
0.0429743518009
5.49280032594e-05
0.00097957034477
0.0214586541485
0.0429743518009
0.000270793227029
1.0740034116e-08
1.76131168545e-08
0.0715126204367
0.0715126204367
0.0429743518009
0.00442403035051
1.10624347462e-06
3.11160438022e-06
0.0
3.59558261991e-05
8.98988813999e-05
0.0429743518009
0.0429743518009
0.0715126204367
0.000269407057834
0.0715126204367
0.000272097551566
0.0214586541485
0.000167777416996
0.0715126204367
1.34779742796e-06
0.000270793227029
0.0715126204367
1.23047053799e-09
0.0429743518009
5.45255165817e-06
1.43670182617e-05
0.0
0.000227147146384
0.00503423073622
0.0715126204367
0.0715126204367
0.0715126204367
0.00428085612511
8.23927865534e-10
0.000381785220804
7.58924334127e-05
0.0
0.0429743518009
0.0214586541485
4.98899841641e-13
3.33879968548e-06
3.20685934022e-18
0.00548046717064
0.0112510854024
1.67830420735e-05
0.000876461402548
0.0429743518009
0.0715126204367
0.0
0.0715126204367
0.0214586541485
0.0
0.0715126204367
0.000167777416996
0.000107914715265
0.000114576459152
0.000876461402548
0.0715126204367
2.72135396366e-05
0.000270793227029
1.00177288796e-08
6.29133782293e-06
5.08021189762e-06
3.63116503409e-11
0.0715126204367
0.0715126204367
2.38208426655e-05
0.0715126204367
0.0715126204367
1.34313443848e-05
0.0715126204367
0.000270793227029
0.00125825137226
2.38208426655e-05
0.0429743518009
0.000449934779955
8.8237314399e-16
0.0715126204367
4.16431677756e-09
0.00548046717064
0.0715126204367
0.0715126204367
0.0429743518009
0.000313420372333
0.00146220074521
1.05674831029e-05
0.00113167601516
2.16734552129e-06
0.000269407057834
8.51144960126e-07
0.000193246194403
0.0715126204367
0.0429743518009
5.26492861146e-06
9.72644888475e-12
0.00428085612511
0.0715126204367
4.47455820829e-10
0.00236964031402
0.0715126204367
0.0429743518009
0.0429743518009
2.45838480557e-06
1.4644452057e-17
0.0715126204367
0.000953455267574
0.00442403035051
0.0
3.26630858325e-06
0.0214586541485
4.50406793746e-15
0.0715126204367
7.58672230329e-05
0.0715126204367
0.00442403035051
0.0112510854024
7.97566183761e-05
0.000118303302828
2.89532084418e-08
9.88882980397e-06
7.26266394493e-09
0.0429743518009
0.0429743518009
0.0715126204367
0.0715126204367
0.000924966666953
0.0715126204367
7.97566183761e-05
0.000149651961269
0.0214586541485
3.50574129565e-07
0.0429743518009
0.0
0.00503423073622
0.000399406721116
0.0715126204367
0.000347968455236
3.21535996215e-08
4.09954622667e-05
4.0113789092e-06
0.000126015702017
0.0429743518009
0.0
0.0
0.0
0.0715126204367
2.05441872727e-09
0.0214586541485
0.0
0.00112062640283
3.05135407731e-05
1.51209141716e-10
8.01905875961e-08
0.0
0.0
0.0429743518009
0.0715126204367
1.90903343565e-07
5.20240082562e-05
9.47965444828e-05
0.0715126204367
0.0715126204367
1.93600568239e-08
0.00129228505073
9.30476814031e-07
0.00146220074521
8.11793586771e-05
1.24297199169e-07
0.0715126204367
0.0214586541485
1.4154649524e-13
9.85326757547e-11
0.0715126204367
6.86411098771e-05
4.18257542422e-05
0.000313420372333
0.000668584807815
0.0715126204367
0.0
0.000270793227029
0.000281129902977
0.0429743518009
0.0429743518009
5.14798366541e-06
0.0429743518009
5.10311355208e-06
0.0715126204367
0.0112510854024
0.000119082974016
0.00548046717064
0.000842745663637
1.21608873936e-08
4.50073830654e-08
6.67691759859e-08
0.00140665435177
0.00097957034477
1.99704754404e-10
4.58046841091e-06
0.0715126204367
6.94656468577e-08
0.000830127997922
5.38870327901e-09
0.000202934789386
0.0429743518009
0.00097957034477
0.0429743518009
7.49222441421e-06
0.000876461402548
0.00548046717064
2.05015795181e-06
0.0112510854024
0.00428085612511
2.16843416013e-05
9.36424164804e-07
0.0715126204367
1.3104330791e-12
0.0
0.0715126204367
7.82624199279e-06
1.56945207088e-07
0.0715126204367
0.00442403035051
0.0715126204367
0.00442403035051
8.61738896267e-05
0.00129228505073
0.000876461402548
0.000399406721116
0.0715126204367
0.00129228505073
0.00039998808892
0.000881505575236
0.000104030968332
3.39786114185e-06
0.0214586541485
1.91774484151e-07
0.000281129902977
0.0715126204367
2.52797872002e-05
1.04143126498e-09
0.0429743518009
1.18685583339e-07
0.0715126204367
0.000330828884495
0.00113167601516
0.0715126204367
0.0
0.00097957034477
0.0429743518009
8.0753658001e-07
0.0429743518009
0.000924966666953
0.0163284724063
0.0
0.000652816762277
3.63999963926e-08
0.0
0.0429743518009
3.51261519088e-07
7.22554581836e-08
0.0715126204367
0.00289838165278
0.0715126204367
0.000167777416996
0.0715126204367
5.32110420391e-05
0.0429743518009
0.000449934779955
0.000335874299975
0.0715126204367