500
0.000786569217732
7.82198760625e-09
6.05134260994e-10
0.0
7.25137197569e-12
1.22886895623e-13
0.000130319266126
0.000665962160152
0.0
0.0
3.43845763632e-10
1.26853060104e-10
0.0
7.70576726009e-11
2.92156042997e-21
6.07806404014e-05
1.2673247565e-12
6.76959867073e-10
4.20068968526e-14
0.0
2.40359184191e-06
5.51230560066e-07
0.000644535703187
8.74900734603e-07
2.60482205699e-08
0.0
2.04724560736e-12
5.02669032084e-06
5.32307427652e-08
0.00108855663635
1.12913379722e-07
1.34654694537e-29
0.0
0.00097877408096
1.56317357327e-06
0.0
0.00715247515801
0.000348861954225
3.39070306296e-07
4.41592775135e-11
5.65243687803e-05
1.85026116644e-28
4.15993750499e-07
3.84598683169e-20
1.7187349854e-05
1.99856161508e-06
1.28727517719e-11
5.43070029196e-18
0.0
6.41193396313e-10
0.000665962160152
0.0002951518926
0.0013512623459
0.00184856767196
3.28188547273e-09
1.84349914529e-08
1.92098451541e-12
1.34883735917e-13
1.77789470242e-05
0.00079103897125
0.0
0.00385556649585
0.000174947973373
5.08872477037e-05
0.0
1.15502166029e-08
9.1164096832e-16
2.57491413056e-05
1.03735297677e-14
6.50395826359e-29
1.51463561883e-41
3.93106188818e-06
0.0
0.000498966269156
3.76911094397e-06
0.0
7.94977043334e-15
0.0
0.0015444303234
0.0
1.24722644808e-30
0.0205677365845
3.51243373369e-06
6.78532746947e-13
5.03995684835e-05
0.00236793463341
6.11531982367e-12
0.00184856767196
0.0
7.80600372412e-07
1.89347471433e-09
7.20746312018e-15
0.0
2.7795197207e-07
0.000139796544138
0.000293047054047
0.0
1.73284790733e-09
1.21598724439e-08
0.0
0.000680679935904
0.0
0.000377576496708
3.96958016349e-06
0.00173248899697
1.9393398847e-12
0.0015444303234
0.0
3.62859179692e-06
9.23714253677e-07
0.0
0.0
0.00385556649585
1.86648498099e-23
4.34675725205e-10
0.000139796544138
0.0
0.0
1.11384372172e-21
0.00236793463341
2.84941313649e-06
1.10913664909e-06
0.000174947973373
6.78102142197e-12
2.45169498259e-08
0.0205677365845
3.32798318798e-10
2.03466244529e-10
0.00236793463341
6.09436679208e-16
1.22155406931e-16
0.000188506429973
1.38058943954e-08
9.20648944128e-07
1.03512058465e-15
0.0
1.03053943033e-06
4.30049214681e-15
0.0
0.00227483976553
0.00256412163887
1.55531255197e-06
0.000646783834594
0.0
0.000760020844246
6.10818927306e-18
0.0
3.76396647433e-19
3.74926853934e-07
0.000591867480529
2.32208167927e-12
0.000644535703187
0.0
3.14226300575e-06
0.0
0.00108855663635
4.23864657584e-12
6.41067160638e-09
8.9709804033e-09
0.0
5.29566606832e-06
0.0
0.0
0.0
1.0011691018e-05
0.0
0.00715247515801
0.000111091334529
4.18176888563e-05
0.0
1.82080932011e-05
0.00013043064777
0.0
0.000199424540453
0.0
0.0
9.3120363601e-19
0.0
3.12433052288e-10
0.0
6.14626515686e-18
2.41739058217e-07
0.000444182256766
1.17251489938e-08
1.49426718272e-10
2.0234361871e-16
0.0
0.000644535703187
1.97799898176e-05
2.67407592095e-09
0.000142570197942
8.6674691449e-12
0.0
1.4720784984e-12
0.000158472424404
9.23295680031e-09
0.000139796544138
4.50063852947e-07
0.0205677365845
0.0
2.74643090317e-07
0.0205677365845
0.00715247515801
0.000810175334619
0.0205677365845
2.6311009151e-07
2.17756958191e-09
0.0
7.31537577107e-06
4.84843678527e-05
4.30808816923e-13
8.1286302251e-09
0.000150062234548
4.49133390119e-15
4.44400608001e-11
0.000333593908038
3.11429820418e-05
1.70509066575e-07
4.33670923338e-16
0.0
6.66629429648e-05
5.30334325992e-13
0.000438070419807
0.0
0.0205677365845
0.0
0.00274435601876
1.09079517558e-09
1.44791715736e-16
2.44775555473e-07
5.29736194635e-06
2.22135453851e-05
5.21376777695e-09
0.00079103897125
2.72107423054e-22
3.24307710959e-08
9.74822781236e-10
0.0002951518926
0.0
0.0
0.000111091334529
0.000563216693731
0.000570726558103
0.0205677365845
2.1849383648e-06
5.66698780579e-13
0.0
0.00093579878455
0.0
1.11141891347e-07
9.09539610615e-05
1.2121853782e-09
9.88415793007e-06
0.0
2.93515843748e-13
1.7682271782e-05
8.26091645359e-06
0.0
0.00715247515801
5.21469570075e-10
0.00274435601876
0.0
4.63459653505e-05
0.0
0.00302115798055
3.59573434868e-10
3.35215953824e-07
0.00440275972372
0.00440275972372
0.00715247515801
1.96577725825e-09
1.96299333913e-05
7.68459787864e-05
0.0
0.0
0.00093579878455
1.93205095228e-13
1.76961164673e-12
0.0
0.0
8.42536171753e-05
1.89231225399e-10
0.000329819887284
6.69110649295e-13
5.02253744478e-11
0.00217093428754
2.33843470986e-06
7.22519293174e-16
4.21232101611e-06
1.29790850249e-10
8.27170106813e-06
1.62115159402e-10
7.29486772931e-10
2.03095176696e-10
0.0
0.00108855663635
2.20097927394e-18
0.00256412163887
1.63188221405e-16
2.33247550294e-08
3.22079623976e-26
5.2477353871e-09
0.000221488969647
7.04396674501e-08
0.000793264417384
7.85237099807e-09
1.43600918595e-06
1.08969880941e-12
3.80053140587e-10
7.47675129224e-05
0.00715247515801
0.00385556649585
2.11543287018e-09
2.13813778125e-12
0.0205677365845
0.0
0.00227483976553
0.0
0.0
0.0
0.0015444303234
4.50768006865e-05
2.87450875127e-16
7.13806431659e-07
1.37771672787e-13
0.0
2.73383977339e-09
5.95090696243e-09
0.00227483976553
0.0205677365845
1.8518265395e-08
4.43646258913e-16
1.04408341938e-07
0.000130319266126
0.0
0.00256412163887
1.94719608846e-08
1.64879795778e-14
0.00029303000185
0.0205677365845
1.15986031066e-07
5.56808088257e-18
5.34758858796e-14
6.927302294e-25
0.0205677365845
2.70020380408e-09
6.12123733915e-09
1.82379524241e-13
0.00212005229856
5.26874059026e-06
2.88942228327e-11
2.17316000516e-05
2.55924754919e-05
3.12412094625e-28
9.12063607233e-11
2.2430994713e-09
0.0
0.0
3.06052664599e-08
1.08294182798e-07
3.61286958274e-10
0.0
0.00212005229856
0.00040607741283
3.5051390399e-05
3.28701684334e-08
0.000182266088765
0.0205677365845
1.97423198398e-06
0.0
0.00715247515801
2.1576586595e-20
0.0
0.00440275972372
1.06215169934e-18
0.00146406538765
1.84279495533e-08
1.12946463694e-07
5.99338569203e-15
0.0
0.0
6.99151922079e-06
0.000139962761709
1.6655403204e-05
0.000455369610646
1.60730327465e-06
0.000680679935904
1.83355767978e-09
0.0
2.42563033421e-10
0.0
9.88771283556e-17
0.0205677365845
0.000467887499648
0.0205677365845
0.0
0.0
0.0
0.000130319266126
2.15004597595e-05
0.0
0.0205677365845
7.07092284788e-05
8.55057252936e-15
2.25142657595e-09
2.80548673135e-06
5.27416695798e-06
0.0
1.30622394437e-13
0.0
0.0
0.000348861954225
2.1312076056e-31
9.61261239899e-12
0.0
0.0
2.99128744364e-08
5.84190137925e-05
3.17434172666e-17
0.0013512623459
0.0
1.76986104817e-16
1.43735418854e-09
6.98657463485e-05
6.44446472974e-17
0.0
2.36472888199e-09
3.58458366763e-26
0.00311567367732
0.0
1.55241518102e-11
1.3352529362e-06
0.0
3.67165581704e-06
7.69199857437e-05
6.6479294097e-06
6.38924835491e-11
0.000563216693731
1.17824393976e-06
1.58890077903e-15
0.0205677365845
9.55486307542e-08
0.00093579878455
2.83195971164e-16
0.0
0.000125266603338
1.72924551296e-06
6.4777616338e-05
0.0
1.23357008361e-17
1.91440183034e-06
8.38369024738e-05
7.30188202964e-14
9.11288134283e-13
0.0
1.97989356871e-09
0.000444182256766
9.71067397339e-21
1.52066656455e-07
0.000204431158552
0.000309579012821
3.77305415942e-05
0.0
0.00227483976553
5.85106207575e-06
0.000126170462758
5.94200189037e-08
8.98729406618e-08
0.00217093428754
0.0015444303234
0.0
3.15020194775e-07
1.45011034967e-05
4.17632576775e-20
0.0205677365845
0.00108855663635
1.43530388846e-07
0.0
0.0
0.0205677365845
0.0
0.0
8.10075620774e-07
0.0
0.0
5.25191462863e-18
0.00093579878455
0.0205677365845
0.00217093428754
8.51293609889e-06
0.0
5.16069123089e-07
3.05824842476e-23
0.0
0.00715247515801
0.000449433516165
4.16841475154e-05
0.000105451323988
0.00218278747115
3.32689564917e-22