500
0.0107105405955
0.015052054191
0.0
0.0
0.00552158512077
0.011637238189
0.0450435536888
7.86458891857e-07
0.0450435536888
0.0231053290515
0.00106669003564
0.00357910564899
0.0
0.00665023955535
0.0
0.00772103079136
1.25741932789e-05
0.0
0.000963077461058
6.12246012271e-05
0.0120202383324
0.0120202383324
0.0
0.00288202731489
0.0348246529346
0.00055636173452
0.000497628940513
0.0
0.0
0.0107105405955
0.0
0.0
0.0
0.0231053290515
0.0107105405955
0.000840337797798
0.0133970399875
0.0
0.0400908927307
0.0231053290515
0.015052054191
0.0
0.0100223074573
1.81082898889e-07
0.000135760232841
0.0
0.0
0.00142219629484
0.0
0.0231053290515
0.00897747060873
0.000158235212213
0.0
0.0450435536888
0.0
1.6585681413e-05
2.43784103076e-07
0.021012985497
4.23445987085e-06
0.0
0.0
0.0
1.54268416616e-11
0.0
0.0
0.0450435536888
0.0450435536888
0.021012985497
0.021012985497
0.0
7.07936174886e-10
0.0400908927307
0.00665023955535
0.0
0.0
0.000574981775985
0.000963077461058
1.46030530058e-07
0.0450435536888
4.82068104615e-08
1.68463036946e-07
0.0348246529346
0.0400908927307
0.0
8.54407899585e-05
0.0
1.24172227095e-05
0.00153126856866
0.00199575068999
0.0
0.00665023955535
0.00485781339615
0.0100223074573
0.0133970399875
0.0450435536888
0.011637238189
0.00315977201174
0.0231053290515
0.00014633753819
0.000198532524867
1.75174421675e-08
0.0348246529346
0.0450435536888
0.0450435536888
0.0
0.0100223074573
0.0450435536888
0.0400908927307
0.0231053290515
0.000166689494655
0.0
1.78033524187e-05
0.0033273949779
0.0231053290515
0.000235553694644
3.22148456691e-05
0.0
0.00485781339615
0.0
0.0133970399875
0.0
0.0
0.0348246529346
0.0
3.69059289314e-06
0.00153126856866
0.0
0.0450435536888
0.0
0.0450435536888
0.00485781339615
0.0
0.0
0.0
0.00432948196418
0.0
5.47587369471e-06
0.0
0.00143105423671
0.00432948196418
1.75976631474e-06
0.0
0.015052054191
2.86905181901e-05
0.0
1.58067786796e-06
0.0
6.44538796031e-07
0.0400908927307
0.021012985497
7.2710487028e-06
4.12943617284e-07
0.00597979289964
0.000947162740645
2.06969015473e-05
3.38669191303e-06
0.0
0.000283170933283
0.00485781339615
0.0133970399875
0.00077467689674
0.00995729170445
0.00485781339615
2.84163854579e-09
6.4523448036e-05
0.0
0.0
0.0
0.0
0.000508569781531
0.021012985497
0.00995729170445
0.0
5.588461054e-07
0.0450435536888
0.0
0.00897747060873
0.0400908927307
0.000945784249394
0.00275481950087
0.0100223074573
0.000454329080215
0.00132585103764
0.0033273949779
0.000947162740645
0.0
1.93050815664e-05
0.0
0.0033273949779
0.011637238189
2.8314977779e-14
0.0
3.2887310387e-06
0.0
0.0
0.0450435536888
0.0
0.00772103079136
0.0133970399875
0.0348246529346
0.00571851429804
0.0231053290515
0.0003442844483
0.0
0.000171778252606
1.11696272907e-06
0.0450435536888
0.00357910564899
3.73303364586e-08
0.00222228838475
0.0
0.00124133690864
0.000266621712213
0.000232326214069
0.0
0.0348246529346
0.0
0.000367930403107
1.24434112864e-05
0.000120344302117
0.000136347553073
0.0450435536888
0.0
0.00485781339615
0.000176117610094
0.021012985497
0.0
0.0400908927307
5.23240127854e-08
0.00432948196418
0.015052054191
4.07449576764e-09
2.8133187442e-09
0.0
0.0348246529346
0.000424451702981
0.0
0.00772103079136
0.000443055221744
0.021012985497
2.28845772158e-08
0.00153126856866
8.24702818121e-06
2.75293107222e-07
7.78150238323e-10
1.07807542899e-05
0.00161614168938
8.98974191785e-08
0.0348246529346
1.14751621582e-07
0.00665023955535
0.000258871196327
0.0231053290515
0.0
0.0450435536888
0.0400908927307
0.0
0.0450435536888
0.0450435536888
0.000166689494655
0.0348246529346
0.000861554129491
0.0400908927307
0.00897747060873
0.0
0.0400908927307
0.000437766748632
0.000855665437344
0.00571851429804
0.0
0.0
0.0231053290515
0.0
8.26081722919e-06
3.35033983036e-05
0.00485781339615
0.0
0.0
0.0400908927307
0.0
0.00032767146953
0.000152702021457
0.0400908927307
2.25067403829e-05
0.000352153734438
1.57673258617e-08
0.0
0.0348246529346
5.37191218257e-08
0.0
0.0
2.60911784496e-07
8.0826392212e-06
4.62704086996e-06
0.00995729170445
0.0450435536888
2.04790139325e-06
8.23231364634e-09
0.0348246529346
0.000111210413667
0.0
0.00275481950087
0.0120202383324
0.011637238189
3.70835728665e-08
0.0348246529346
0.0400908927307
0.00571851429804
1.06772218192e-05
2.30760814744e-08
0.0
0.0
0.0
0.00897747060873
1.75482020371e-05
3.29926404611e-08
0.00106512472505
0.00571851429804
3.45549447888e-05
0.011637238189
0.021012985497
0.00184512969452
0.0
0.0231053290515
0.0
0.000483418959358
0.021012985497
0.0
0.0
0.0
0.0
0.0348246529346
0.000283170933283
0.00897747060873
1.42500540436e-06
0.00288202731489
0.000501445580717
0.0120202383324
0.0
0.0
0.0107105405955
0.0450435536888
0.0
0.0
1.84539945228e-07
0.0450435536888
0.000261768921082
4.3911073609e-05
0.0
0.00995729170445
0.0450435536888
2.51345698834e-05
3.93063229391e-07
0.0450435536888
0.0
1.20811079891e-05
0.00161614168938
0.0348246529346
4.5207723244e-09
0.0
0.0
0.000478210624101
0.000840337797798
0.0
0.00897747060873
0.0450435536888
0.0348246529346
1.95486782829e-06
0.0400908927307
0.00552158512077
0.0348246529346
0.000840337797798
0.00222228838475
5.42998239706e-05
0.0107105405955
0.0450435536888
0.000305931177728
0.0
0.021012985497
0.000182818846702
0.0
8.1883040399e-07
0.000466031351795
0.00995729170445
0.00644802804058
0.0
0.00275481950087
2.57773710516e-05
0.0
0.000116032263542
0.0
0.0
0.0
1.13108573907e-08
0.0
0.000203709184467
0.00485781339615
0.0
0.0348246529346
0.0
0.000280812880764
0.0133970399875
0.0
0.0
0.000853058719292
0.0120202383324
0.0348246529346
0.0
0.0348246529346
0.0231053290515
0.0
0.00288202731489
0.000102587944177
0.011637238189
0.0107105405955
0.00401676297608
0.00995729170445
1.41738649786e-07
0.0348246529346
0.0
0.00772103079136
0.0231053290515
0.0
0.0231053290515
4.44538885232e-06
9.72914525202e-05
0.000115125551857
0.0
0.0
0.000367930403107
0.0400908927307
0.0
0.0
0.0
6.63429520598e-05
3.80019506038e-11
0.0
0.0120202383324
0.0
0.0348246529346
0.0003442844483
0.000158711604429
0.0
0.0
0.0348246529346
0.0
0.0100223074573
0.00995729170445
0.0
2.44613517253e-08
1.85815485196e-14
0.00772103079136
0.0
0.0348246529346
0.0450435536888
0.000348145132423
0.0450435536888
1.4434390763e-05
1.10546200382e-06
9.32629604517e-05
0.0133970399875
0.0
5.42998239706e-05
0.00315977201174
0.0
0.0100223074573
2.62630923506e-05
0.011637238189
0.000671930608962
8.89115191858e-06
0.0
0.0
0.000274656358579
0.00401676297608
0.0348246529346
0.0
0.0
0.00485781339615
0.0133970399875
9.65298259159e-07
0.0
0.000195967589704
0.000437766748632
0.0120202383324
1.5624731788e-05
0.000126186830775
0.0100223074573
0.000840337797798
0.0
0.0
0.021012985497
0.000198532524867
0.021012985497
0.000367930403107
0.011637238189
0.0348246529346
6.90330565514e-09
1.42378588315e-08
0.000963077461058
0.00485781339615