500
1.12959534675e-05
1.79226739295e-15
9.23872753375e-06
5.14548567208e-06
1.3594130767e-14
3.10159208487e-17
6.6029956893e-05
1.60227274807e-12
5.45872260922e-07
4.17477107257e-10
4.79835215253e-08
0.0
0.000224142442375
9.72551481204e-06
2.41242876628e-12
1.68863645795e-10
5.54385784657e-12
0.0
8.45350055796e-06
4.69771909153e-05
0.0
0.0
0.000352251584445
0.0
0.000108863265154
2.77585751724e-11
0.000569741946338
0.0
3.88815992266e-18
2.45875064653e-05
0.0
1.05005376921e-06
3.48230553479e-08
0.000100875281917
0.0
0.0
0.000215191179056
1.21025370078e-06
0.0
1.63713065844e-17
4.96417171827e-13
8.75617617011e-10
2.77440354686e-12
1.62356774913e-07
2.85447754683e-06
4.71298098894e-10
7.56243340833e-07
0.0
7.08938641101e-07
1.43037034531e-07
0.0
0.0
4.18203837115e-08
0.000643878428988
2.02200853819e-06
1.15947693117e-06
1.52796394989e-06
2.30136720675e-25
0.0
0.000142221350603
0.0
2.31362253589e-08
0.0
6.83280589536e-05
0.0
0.000214419449748
2.39280186873e-11
8.05619873703e-11
0.0
1.53010884713e-11
3.5357055087e-07
0.0
2.97932733486e-12
0.0
4.60957302523e-06
4.07894300349e-10
3.2320218319e-19
1.31578581248e-19
4.73294459287e-06
0.0
9.27988484808e-24
5.2339846038e-11
1.21513309483e-30
6.96381701967e-07
0.0
2.20541473055e-13
3.07633428218e-10
3.55256179264e-34
1.70794012061e-11
1.05915857024e-07
7.45320061603e-10
0.000244807066718
2.23418938239e-06
0.0
0.0
0.0
0.0
7.82322114321e-07
1.84252776849e-07
0.0
7.65900411935e-06
0.0
0.0
6.49983807962e-06
0.0
4.88642239147e-15
9.99913951614e-29
1.51360425263e-12
7.97524343718e-13
6.92317100169e-05
3.42991906097e-10
0.0
3.74466375643e-29
6.08407280172e-06
0.0
4.91366171979e-12
0.0
0.0
0.000164752280858
9.30563011976e-10
7.36034465268e-10
1.92645851006e-13
5.43693059136e-21
0.0
0.0
0.0
0.000947064902877
0.0
5.9620294357e-06
0.0
2.11350367567e-05
6.67121156946e-07
6.83952092799e-34
1.40687168929e-16
6.37562954664e-10
3.6496302026e-09
0.0
6.70432294382e-08
5.05018268129e-05
0.0
4.84945545929e-23
0.0
4.08361042351e-09
7.65905152702e-08
0.000322180385159
6.10313485642e-41
4.00061892464e-07
1.11727842848e-12
0.0
0.0
0.0
0.0
7.893886611e-05
0.0
1.54375613308e-10
5.20126191467e-05
9.55971480355e-07
8.65904049854e-08
1.59467395775e-17
0.0
0.0
0.0
1.67941173991e-06
0.0
0.0
0.0
0.0
0.0
5.39365779834e-10
6.04288286416e-18
3.82746730894e-20
8.51912187984e-24
0.0
1.50380937964e-08
1.19001659484e-13
0.0
0.0
0.0
3.46256624539e-11
0.0
0.0
0.0
1.18243297262e-31
0.0
0.0
5.83830974572e-08
0.0
0.000290199004774
2.34715289312e-06
0.0
8.74948189851e-05
5.83761822662e-08
0.0
2.43000903146e-06
2.05240168318e-05
0.00033415109445
5.87449013366e-11
1.03608176438e-08
0.0
0.0
0.0
0.000503970746145
0.0
7.57550832797e-07
0.000119226703273
0.0
0.0
0.0
0.000239442267793
1.19172548756e-10
1.0026860502e-10
0.0
6.54787832804e-10
1.23488113987e-21
5.38770536677e-07
0.0
0.000234413821651
0.0
0.0
1.48668393478e-20
0.000573368265204
0.0
0.0
0.0011142813321
2.57504640978e-16
0.0
0.0
0.0
8.77582677619e-07
5.65157927224e-18
0.0
6.4633380996e-08
6.43688537889e-31
9.96641115347e-06
8.13646757052e-05
0.0
1.93747313873e-06
7.46013473942e-10
3.41986159544e-06
7.42694870715e-15
0.0
6.55328706587e-23
0.0
0.0
6.78974947934e-32
1.25143031437e-17
2.40279057036e-06
2.97048273441e-08
7.01445993227e-13
0.00101171097133
0.0
0.0
0.000139846885381
0.0
2.96672385996e-20
0.0
5.22732335281e-06
3.73390215875e-13
5.64391277985e-12
1.24592906839e-05
3.92255436682e-05
0.000792579785064
0.0
3.24303936999e-06
7.06194660586e-13
1.08156159018e-14
4.74978515452e-13
3.9795834392e-05
3.61675208586e-06
0.000105373514953
2.80599425048e-20
4.04350644036e-06
0.0
0.0
1.92429134926e-08
5.03122093355e-09
9.47716189351e-05
0.0
4.62215875857e-06
1.03915449038e-10
0.0
5.5637004438e-11
0.0
1.23725602967e-19
0.000165782198086
0.0
6.83519138987e-05
0.0
1.59786683485e-23
1.43829001345e-05
0.0
4.29053570813e-07
0.0
0.000174906580083
0.0
0.0
0.0
0.0
0.0
8.97127427071e-11
0.0
1.66104083858e-15
1.95676161941e-08
0.0
0.0
0.0
4.34125953691e-06
1.86000343728e-11
0.0
0.0
6.11627119019e-08
2.71103401434e-16
7.64020765742e-07
3.32442649733e-09
1.24808405804e-05
1.62053195455e-17
7.56816137555e-05
1.54284937222e-05
2.85241966833e-09
1.04717026483e-05
6.77746434062e-08
2.3598194821e-07
1.87821352011e-20
0.0
0.0
0.0
1.32219156414e-28
8.00694251455e-09
2.01335956301e-16
3.44535646023e-14
0.0
0.0
0.00101171097133
4.06125915455e-05
0.000239442267793
2.11506848742e-05
7.73116370231e-06
0.0
1.59501739554e-07
0.0
0.0
6.51877253541e-12
0.0
8.27571516121e-16
5.89070299078e-19
0.0
1.17813286099e-06
0.000352452339119
0.0
0.0
0.0
0.0
0.0
0.0
0.0
6.91439617573e-06
5.24883166368e-14
3.46812656489e-18
2.69337591889e-05
6.8808032119e-06
1.16153809041e-09
5.83061475611e-05
0.0
0.0011142813321
0.000247960005213
0.0
0.0
5.90612986082e-05
1.86147762794e-09
6.8786210088e-10
5.65032100166e-20
0.000271655937376
0.0
0.0
8.05130921364e-10
2.25162279117e-13
0.00053837147967
5.16955410776e-17
1.29669484732e-07
0.000107760966689
6.83519138987e-05
3.99159302671e-12
2.40806637654e-13
1.38135258367e-17
0.0
0.0
3.65813157782e-15
0.0
1.26387669679e-15
1.74334055078e-08
0.0
0.0
6.86470492451e-15
6.80429188084e-07
0.0
8.316358214e-08
0.0
9.9613178813e-11
0.0
7.54745280127e-07
2.9863712346e-12
3.16335945193e-11
2.48896775234e-18
0.0
0.0
0.000114007977647
2.4106101526e-14
0.0
2.3123545714e-07
3.40946806262e-21
0.0
0.0
2.43089195188e-08
1.67117311477e-11
7.00775129731e-08
9.69799133639e-06
0.0
0.0
0.00015613320876
0.00104308124698
0.0
2.93865876758e-05
7.59585174774e-10
8.66129983356e-09
0.0
2.73926859797e-06
9.90457516819e-26
8.29914029994e-08
1.57062160473e-06
0.0
0.0
9.64335351442e-12
2.10283446546e-30
0.0
0.0
1.39031951708e-14
0.0
0.000115853049484
1.27565499417e-05
6.84628570735e-11
2.33974155934e-07
7.19702731898e-25
1.11435404937e-05
0.0
0.0
0.0
1.06708678738e-09
0.0
2.18520728209e-12
1.04818499593e-13
0.0
2.36070927802e-06
7.49012111997e-10
1.4317079571e-11
2.8303161563e-12
0.0
4.983360628e-07
2.72931251233e-14
6.46027559453e-06
1.39459612995e-12
1.87092286512e-07
0.000602736037359
1.48886998161e-10
0.0
9.29401942163e-15
3.96674359203e-20
0.0
1.78374422078e-14
0.0
0.0
4.43002959021e-05
0.0
1.4310071945e-24
0.0
0.000573368265204
6.32435175911e-07
1.12659727895e-05
0.0
0.0
1.48067018567e-15
1.23285233011e-07
1.39517548407e-15
6.55046981196e-32
0.000187374141287
4.55242776262e-13
0.0
2.06343710224e-06
3.60321821883e-11
0.0
0.0
0.0
0.0
2.22670317923e-12
2.3323289231e-05
2.17213804123e-08
0.0
0.0
2.21076016789e-11
0.0
0.0