500
2.91614903533e-10
2.68689173036e-07
1.57465229456e-11
3.5066594304e-08
4.49224679096e-17
1.54817771133e-13
2.15276445084e-18
3.11450548724e-12
2.19675589879e-08
6.09808747597e-18
1.77810686117e-06
3.10417376986e-13
2.2639530386e-05
3.77374137497e-11
0.000186729907867
8.40461678913e-11
1.48414896964e-19
5.88304187649e-17
2.77061582578e-20
8.86514531017e-10
1.14133958961e-07
2.21296240414e-07
9.94148240361e-13
6.97903670151e-11
1.83037651034e-05
3.6673134509e-10
5.33549633398e-19
9.76834388386e-08
0.000123558492821
9.76432183418e-08
1.06465654228e-10
1.06801064099e-12
1.76105398883e-17
5.70811951757e-19
1.66589223489e-13
1.0565524439e-06
2.65577801154e-14
8.34586348488e-17
2.10574993093e-12
4.93267345752e-06
1.35780357915e-20
1.06897119941e-09
1.03176630905e-08
0.000653835623598
9.55156088454e-09
2.14797596442e-16
0.000490923781602
5.99481192276e-05
0.000260467657388
4.01865886254e-21
5.88195525501e-17
3.02102238234e-06
8.91006297514e-07
1.40487379163e-18
2.0922555033e-11
1.66919131893e-11
9.35467029518e-13
2.61888074532e-06
0.0381023207299
5.72768911557e-18
2.49628776245e-17
8.9711442144e-16
6.12985760685e-18
3.14608068089e-09
0.000601199241967
3.94855858051e-17
8.12897336216e-09
2.20610174418e-10
3.33230931591e-18
7.48708265833e-09
8.75723253227e-19
0.0226509922588
0.00250386027737
6.4762493339e-07
8.86376552084e-07
6.16010721334e-14
8.41982903803e-14
2.49489383598e-11
3.60879048082e-10
5.43383562893e-19
1.20258964443e-15
5.7493390206e-09
0.00209294750576
0.00171849073428
2.17128781965e-14
1.47506862251e-08
0.00959644402113
1.17042693552e-09
4.3163310322e-18
7.15379781745e-14
1.40156419316e-14
6.11334071391e-11
6.17970849612e-15
3.57971530971e-13
1.00364756277e-17
7.43734866917e-16
2.42401306556e-13
8.53930976318e-07
1.02106302652e-08
1.43052873089e-16
6.59115196482e-08
4.28927299532e-06
3.93023966772e-05
2.60806990577e-13
2.15609273356e-19
9.9653098594e-18
1.22774957591e-10
0.2665
2.01807136484e-22
4.25171175741e-14
2.31706682313e-13
4.63033499523e-17
0.0615796116505
3.172180435e-18
2.24291712064e-11
7.81153568774e-23
1.25063475224e-22
0.000254987741484
1.78724952574e-19
1.1958455065e-16
2.33173093798e-14
3.8525040978e-12
0.000185218761385
4.78829823214e-14
2.56768920616e-20
6.05900525996e-19
1.81410268459e-15
0.099872815534
2.45134297321e-15
0.00481982529939
0.0787852494577
4.73703359879e-09
2.17414997325e-17
5.26385592219e-15
0.000360522621796
5.61372529429e-05
8.55251816323e-14
2.41714621121e-15
6.25566951161e-07
1.4716052122e-16
2.58050804972e-13
1.59255815985e-07
1.64841909037e-14
0.000107864612131
5.92135498918e-20
1.46189060068e-17
1.08792622692e-14
7.54815606026e-06
7.45283490599e-20
0.00795659752247
4.38198083798e-11
1.06979502361e-16
1.92043430251e-15
2.75806167235e-05
0.0753044052441
3.0202447878e-19
1.79207467288e-15
1.63183926448e-18
1.10826808032e-12
5.26029818804e-12
1.62151180746e-14
1.24710316627e-19
2.0862802759e-09
9.59306554985e-12
0.000741802122915
7.99604197717e-20
1.96850127846e-20
0.00037913247687
2.12132349784e-08
0.00417405042429
1.3676792739e-20
7.27564844783e-15
2.18130357678e-20
2.596648072e-10
1.85818598166e-19
1.9838168537e-11
0.0127273282406
5.94933215411e-10
2.99560249066e-18
3.15012172799e-12
5.12040252786e-13
0.000764293605972
3.59682594502e-09
1.15746350713e-14
0.00849033587786
4.28255270016e-13
7.17797232233e-19
0.00574113325723
1.70497541121e-12
0.00092685514729
0.124787500996
4.9270886926e-08
2.42937651693e-11
4.34331398656e-10
0.0198768346417
7.37982790949e-05
1.18418077529e-13
1.45109519737e-05
6.64825056907e-20
0.16
0.000785631176153
4.327355825e-15
3.96924970464e-17
1.3232322946e-07
0.000837056242039
3.45909739949e-12
0.0465075921909
1.38103914903e-15
5.94115041073e-08
0.0465075921909
5.88710023419e-13
4.07193521157e-09
1.80550034213e-07
3.23725330843e-05
2.4558330273e-14
8.6287075992e-13
1.47314865736e-21
5.74406412566e-09
1.70419596419e-17
5.08747816045e-06
2.37591391956e-18
1.33192690617e-14
1.1483913201e-15
0.0028430749957
0.000137337424045
4.68932047924e-19
2.58497994188e-21
4.87237458029e-15
4.20756583564e-16
2.91966251997e-11
1.75078583377e-17
0.00644848572332
0.000415331771898
1.98142076601e-12
0.00198666341391
1.01718714991e-09
9.07612014627e-09
9.92739979748e-08
0.2665
1.13709011699e-09
3.09969647763e-12
9.00778347054e-15
1.14644484036e-06
3.49064768388e-12
3.32897208812e-16
1.65767471982e-08
1.15447051136e-18
0.00484895419008
3.91669853789e-18
4.22846591176e-07
1.15483180407e-16
4.10697337094e-05
2.41920922618e-11
0.1655
2.43937433819e-09
8.80244710023e-13
2.81967898513e-09
2.28093367386e-18
1.15398084252e-19
4.03017848851e-17
0.000477245778336
3.11257725228e-15
0.000278282250038
1.52320118759e-14
9.64222690157e-06
2.47853909506e-18
2.56768424235e-14
2.4197835612e-11
0.2665
1.71636137766e-12
3.28293143015e-17
0.0465075921909
1.45323112e-12
4.07930231628e-12
7.13749704981e-13
3.3958560524e-19
1.1720220966e-07
2.95895292414e-06
2.69950133006e-18
3.92711813939e-12
0.00015030528481
7.46124862851e-09
3.90938497052e-19
9.26616364535e-07
6.92592387862e-11
6.80126838823e-20
6.06203372084e-17
1.79802378603e-19
9.13333680577e-16
2.08551141477e-12
0.00251254611132
0.000320187219189
2.75236184507e-10
4.99654590144e-08
1.33022807504e-18
6.06135501662e-08
1.3875339552e-17
4.10758070044e-14
8.86328979449e-08
3.10979136791e-18
8.2762801506e-20
7.88231341059e-07
4.05943415465e-21
0.0127273282406
4.34637124487e-18
4.49298953493e-06
0.000123802308376
4.19057254179e-17
1.43419327478e-15
3.36268602683e-17
4.20131627161e-11
3.34066743514e-20
0.00950068750214
4.80529889284e-11
3.18115821355e-20
1.67874033569e-20
0.0134250065076
0.000455446422901
8.51749698888e-21
1.26047190831e-14
0.00214096185733
2.40749876919e-07
1.19834719121e-09
0.000785631176153
0.0753044052441
0.000502139844076
2.68535056926e-09
3.24752119227e-10
9.97493991516e-08
1.72981333625e-18
0.00272494357788
1.19014329591e-17
3.48827476224e-20
0.00327180482008
0.000869358555459
6.10242468016e-05
0.000290445101887
5.0470222455e-15
3.97347846713e-14
0.16
0.00484895419008
5.08208299195e-19
0.2665
1.85372755279e-13
5.68207472692e-16
1.26663265381e-09
0.0615796116505
9.43261051369e-11
5.48711767433e-09
7.99758163656e-21
0.00250386027737
1.05648265583e-11
8.77855009096e-18
5.82031861576e-05
7.84794895051e-14
1.71816539905e-17
0.00262466903873
1.11419949398e-12
7.30495643167e-13
1.20575551046e-09
2.18074187191e-10
0.0753044052441
0.00326841369514
1.17959236894e-12
0.2665
7.8706157298e-12
1.00610375488e-05
1.32358341654e-11
3.72471301771e-13
7.50506866015e-13
3.84694706661e-05
2.22545578693e-17
2.77740378752e-08
1.2158192334e-19
2.20015695557e-16
5.61480123965e-19
0.000209100294802
2.20179045766e-19
0.000564007395501
0.2665
0.0116181898941
6.02062388193e-11
2.43544487731e-17
1.09042374222e-10
2.37959931044e-05
8.60717856546e-12
4.12378955672e-09
0.099872815534
8.53818704146e-15
2.79641172832e-20
1.99483427212e-16
7.39162038798e-16
1.09279408293e-18
0.000130659709564
2.864172985e-05
3.26077649761e-13
0.00303550900312
5.62517548854e-05
5.63465504912e-16
4.0880891294e-10
5.30543815691e-14
1.06747606818e-15
3.87678911683e-18
1.50369127588e-18
0.0012885558132
1.07262011712e-16
0.00514258525777
4.04353522552e-07
6.24881509141e-16
4.38581161444e-19
1.16332513184e-12
2.67429113923e-15
2.30328930794e-16
4.46019546557e-20
8.94321262548e-20
1.6259180998e-16
0.000839338975174
8.78135034572e-07
1.17470455878e-10
2.04156091697e-15
1.10230044812e-05
4.68235233885e-10
1.99674003856e-14
9.57476980078e-08
0.00691620046087
4.19074588501e-17
3.34346609449e-16
6.32282929318e-09
8.163497552e-21
5.53891795878e-07
3.63852401751e-11
1.03674454783e-07
0.099872815534
7.04879395028e-20
6.65798713503e-17
3.06803354381e-14
9.03479695007e-07
1.15455258359e-16
2.51080059238e-10
2.32976533544e-13
1.73074790389e-05
9.29662460057e-13
2.02938361604e-11
0.000196883170765
0.000801410243218
3.0488223086e-11
2.47721491744e-05
2.85286602378e-12
1.40974822957e-17
1.23873798047e-11
1.84041739391e-14
2.03593434073e-07
7.80396514453e-05
1.87163804719e-07
1.11929942251e-13
1.20342758581e-19
2.41183728501e-13
5.60904751203e-15
9.95860375964e-15
2.41933467739e-06
2.21274939752e-21
4.1156550528e-16
0.000121364749157
2.84420392093e-12
1.21802526241e-07
6.99144864245e-08
1.5665506564e-16
6.03587176949e-09
3.23949768647e-16
5.37105494938e-18
8.58579446308e-17
1.46307737333e-06
3.26023771221e-08
0.00538597088885
2.30618013307e-11
1.92052028116e-15
0.000324831795813
1.45590314116e-08
1.05616058034e-15
1.3573081485e-10
3.13752031669e-07
1.3092870177e-16
6.53219690777e-14
1.28529176547e-10
1.72102456201e-12
9.10819179732e-05
6.08211157156e-14
9.75021094066e-09
8.31798866438e-05
2.20096633316e-11
1.450304724e-07
0.000233311532273
1.15814819452e-13
1.63236760077e-10
0.0615796116505
0.2665
1.14135124604e-15
2.49974998058e-07
3.15138682663e-08
0.16