500
0.0
0.0
0.0
0.0
3.35200221265e-07
0.0
0.0
0.0
0.0
0.0
0.0
0.0
0.0
1.20154935111e-07
0.0
0.0
0.0
1.30496887694e-11
0.0
3.35200221265e-07
0.0
0.0
0.0
3.35200221265e-07
0.0
0.0
0.0
0.0
0.0
0.0
0.0
0.0
0.0
0.0
0.00231644013387
0.000213372979111
1.65907179569e-06
0.0
0.0
3.35200221265e-07
0.0
0.0
0.0
0.0
0.0
0.0
0.0
0.0
0.0
0.0
0.0
0.0
0.0
0.0
0.0
0.0
0.0
3.47432688594e-12
1.65907179569e-06
0.0
0.0
0.0
0.0
0.0
1.65907179569e-06
1.65907179569e-06
0.0
0.0
0.0
0.0
0.0
0.0
0.0
0.0
0.0
0.0
0.0
0.0
0.0
3.35200221265e-07
0.0
0.0
3.35200221265e-07
0.0
0.0
0.0
0.0
0.0
0.0
0.0
0.0
0.0
0.00231644013387
0.0
0.0
0.0
0.0
0.0
3.35200221265e-07
1.90861810793e-05
0.0
0.0
0.0
0.0
0.0
0.0
0.0
0.0
0.00231644013387
0.0
0.0
0.0
1.65907179569e-06
0.0
0.0
0.0
0.0
0.0
0.0
1.65907179569e-06
3.35200221265e-07
0.0
0.0
0.0
0.0
0.0
0.0
0.0
1.90861810793e-05
0.0
0.0
0.0
3.35200221265e-07
0.0
0.0
0.0
0.0
0.0
0.0
0.0
0.0
0.0
0.0
0.0
0.0
0.0
0.0
0.0
0.0
0.0
0.0
0.000213372979111
0.0
0.0
0.0
0.0
0.0
0.0
0.0
0.0
1.90861810793e-05
0.0
0.0
0.0
0.0
0.0
0.0
1.90861810793e-05
0.0
0.0
0.0
0.0
0.0
0.0
0.0
0.0
0.0
0.0
0.0
0.0
0.0
0.0
0.0
0.0
0.0
0.0
0.0
0.0
0.0
0.0
0.0
0.0
0.0
0.0
0.0
0.0
7.42423061429e-10
0.0
0.0
0.0
0.0
1.65907179569e-06
0.0
0.0
0.0
0.0
0.0
0.0
0.0
0.0
0.0
0.0
0.0
0.0
0.0
0.0
0.0
3.35200221265e-07
0.0
0.0
0.0
3.28786968172e-09
0.0
0.000213372979111
0.0
1.90861810793e-05
0.0
0.0
0.0
0.0
0.0
1.30496887694e-11
7.42423061429e-10
0.0
0.0
0.0
0.0
0.0
3.35200221265e-07
4.42437704576e-09
0.0
0.0
0.0
0.0
0.0
0.0
0.0
0.0
0.0
0.0
0.0
1.65907179569e-06
0.0
0.0
0.0
0.0
3.35200221265e-07
0.0
0.0
0.0
0.0
3.28786968172e-09
0.0
0.0
0.0
3.54381160926e-10
0.0
0.0
0.0
0.0
0.0
0.0
0.0
0.0
0.0
0.0
0.0
0.0
0.0
0.0
0.0
1.65907179569e-06
0.0
0.0
0.0
0.0
0.0
0.0
0.0
0.0
0.0
0.0
0.0
0.0
0.0
0.0
0.0
0.0
0.0
0.0
0.0
0.0
0.0
0.0
0.0
0.0
3.54381160926e-10
6.45724471147e-11
0.0
0.0
0.0
0.0
1.65907179569e-06
0.0
0.0
0.0
0.0
0.0
0.0
0.0
0.0
0.0
0.0
0.0
6.45724471147e-11
0.0
0.0
0.0
0.0
0.0
0.0
0.0
1.65907179569e-06
0.0
0.0
1.90861810793e-05
0.0
3.35200221265e-07
1.90861810793e-05
0.0
0.0
0.0
0.0
3.35200221265e-07
0.0
0.0
0.0
0.0
0.0
0.0
0.0
0.0
0.0
0.0
0.0
0.0
0.0
0.0
0.0
0.0
0.0
1.90861810793e-05
0.0
0.0
0.0
0.0
1.65907179569e-06
0.0
0.0
1.75354870785e-09
1.30496887694e-11
0.0
0.0
0.0
0.0
3.28786968172e-09
6.45724471147e-11
0.0
0.0
0.0
0.0
0.0
0.0
1.65907179569e-06
0.0
0.0
1.65907179569e-06
0.0
0.0
0.0
1.90861810793e-05
0.0
3.35200221265e-07
0.0
0.0
0.0
0.0
0.0
0.0
0.0
0.0
0.0
0.000213372979111
5.95862919707e-07
0.0
0.0
0.0
1.65907179569e-06
0.0
0.0
0.0
0.0
0.0
0.0
0.0
0.0
0.0
0.0
0.0
0.0
0.0
1.90861810793e-05
0.0
0.0
0.0
0.0
0.0
0.0
0.0
0.0
0.0
1.65907179569e-06
0.0
0.0
0.0
0.0
0.0
1.90861810793e-05
0.0
0.0
9.64246987218e-07
0.0
3.28786968172e-09
0.0
0.0
0.0
1.65907179569e-06
0.0
0.0
0.0
0.0
0.0
0.0
0.0
0.0
0.000150758734399
3.28786968172e-09
0.0
0.0
0.0
0.0
0.0
0.0
0.0
0.0
0.0
0.0
0.0
0.0
0.0
0.0
0.0
0.0
0.0
0.0
0.0
0.0
0.0
0.0
0.0
1.65907179569e-06
0.0
0.0
0.0
0.0
0.0
0.0
0.0
0.0
0.0
0.0
0.0
0.0
0.0
0.0
0.000150758734399
1.75354870785e-09
0.0
1.30496887694e-11
0.0