500
0.0153928175938
3.58598708625e-05
9.91149132786e-06
0.00516396608809
0.066965140818
1.43768881343e-06
0.0
0.000659981821312
0.0153928175938
1.63589079236e-05
1.02357624548e-09
0.000123212116999
0.000113191469482
4.99252401986e-08
0.00169595444957
0.0153928175938
1.52584499433e-07
0.00169595444957
3.78890242763e-14
1.46873564145e-06
0.0
0.0
1.18291152693e-08
2.45254767224e-06
0.0
1.96830611044e-07
2.77752617271e-05
1.89258819897e-05
0.000277993709098
0.066965140818
0.0153928175938
0.00169226461909
0.066965140818
3.24201624861e-05
0.00502160075727
7.65311676696e-05
3.08595541466e-05
0.066965140818
0.000528656984403
0.0153928175938
0.0
0.00453762306611
0.000813254984212
0.000422237332195
0.0
0.0
0.0
0.000440770173388
0.00010499225702
0.00691690688773
6.68249972341e-05
0.066965140818
0.0
0.0013990944441
1.09772319231e-05
0.0
2.07975036784e-06
0.000241843460254
9.64360423373e-09
0.0
2.10817510154e-05
0.0
1.47365790808e-11
0.00146840944622
0.00044462520117
4.44395771279e-05
5.68039833113e-05
1.22266430418e-07
0.0
0.00169226461909
1.71675104013e-05
0.00044462520117
0.0
0.0211063738122
3.01451171373e-06
0.000121158169928
0.000193071177771
0.000687615738586
7.081496331e-07
7.32820221236e-06
0.0
4.67741082882e-06
0.066965140818
0.000310714605082
0.0
0.00294259802011
0.0
2.67744361873e-05
5.49059578634e-09
0.0
0.00502160075727
1.61577740108e-05
9.77726693191e-15
4.31991808309e-06
7.53423263885e-05
0.066965140818
3.23095661097e-06
3.19092147483e-09
0.066965140818
7.77634716494e-05
4.90229801763e-08
0.00294259802011
0.0
0.0
1.16380666265e-05
3.78618621909e-08
0.000815659513569
9.6081701931e-07
0.0
1.32211966283e-06
0.0
0.000813254984212
0.0
0.0211063738122
0.00225869104905
2.12217230967e-05
0.0
0.0
4.05829381568e-09
0.0
5.68039833113e-05
0.0013990944441
0.066965140818
2.50454462272e-07
0.0
0.0
5.83163391694e-05
1.5025665877e-05
0.000264096267086
0.000121158169928
0.00164345876385
0.0
1.03318924371e-05
0.00502160075727
0.00108815807747
0.00496234259138
0.0
8.07934877501e-09
3.47952919465e-06
0.00966686259032
3.98524774173e-12
1.06353023452e-10
0.0
0.00029629067834
0.00966686259032
0.00141184222013
0.066965140818
0.0153928175938
0.0
2.87957568711e-13
0.000160994545349
0.0153928175938
3.0037932609e-05
4.67120327133e-11
1.73837035137e-05
0.0
0.00691690688773
1.78167758164e-08
8.17492380113e-05
0.0211063738122
0.066965140818
1.91013854756e-05
3.80944515e-05
4.57516996357e-07
0.066965140818
0.0
0.000540985415207
7.94078520115e-07
0.0
4.97657252357e-07
0.00502160075727
0.000568182624669
0.0153928175938
0.0
0.000599192101807
0.00018873194981
4.01945840032e-05
0.0
1.60401668666e-06
0.066965140818
0.0153928175938
0.00169595444957
0.0
0.0
8.63260002602e-09
0.0
0.00160972531868
0.000141052299332
0.0013990944441
0.066965140818
0.0153928175938
0.000277993709098
0.0
0.0
0.0
0.0
0.0
5.75269547178e-09
0.0
5.83163391694e-05
3.15841923853e-05
0.066965140818
0.0
0.000210436687354
0.066965140818
0.00012127606751
0.0
0.00282529786391
8.81454865219e-07
0.0
0.0
0.00010232731245
2.59007171111e-06
0.000659981821312
0.0
9.37415670989e-14
0.0
0.066965140818
0.00516396608809
7.00141995403e-07
0.0
0.0153928175938
0.0
0.0
6.76456023243e-06
0.0
5.01006242924e-05
2.03941568137e-05
7.74976414716e-05
0.00294259802011
0.0
2.52548262328e-08
0.0
3.87895143698e-07
4.15555227729e-05
0.000813254984212
0.00691690688773
0.000599192101807
2.57843107086e-05
0.000550703061187
4.02005826142e-05
0.00108815807747
0.0153928175938
0.00121986533486
0.00225869104905
0.0
0.0
0.0
0.0
1.95958429461e-06
0.000698675217524
1.89743803339e-09
0.0
0.0
0.000337649575993
0.0
1.19023662001e-05
0.0
0.000450992086229
1.60600373102e-11
0.066965140818
0.0
2.14531552038e-07
1.04811709442e-07
0.0
0.0153928175938
0.0
0.00162995136691
0.000687084480764
0.000528656984403
0.0
1.9673950537e-05
0.0153928175938
1.09492924678e-16
0.0
5.60621959329e-07
0.0
0.000329417708532
0.066965140818
0.00121986533486
6.82881011656e-05
4.64646108267e-05
2.28636179924e-05
0.0
0.00502160075727
1.65052031755e-05
3.45447342922e-05
0.00164345876385
1.82680710299e-05
0.00294259802011
2.25964392667e-08
0.00105516629083
0.000740476063203
1.14244064283e-06
0.066965140818
0.000119310569398
0.0153928175938
1.82720770686e-11
0.000183890538198
0.0153928175938
3.25809840758e-06
0.0
0.0
0.0
0.00010187568325
0.0
0.0
0.00141184222013
9.20413242379e-10
0.0
3.18173445032e-05
0.0
6.32332586026e-06
0.0
0.0
0.0
0.000160994545349
0.000913460821826
0.0
0.0
0.066965140818
0.0
1.72893758471e-06
6.10967989348e-05
0.00169595444957
1.86397412211e-06
0.0211063738122
0.0
0.0
0.0
0.0
0.0211063738122
0.00029243358868
0.0153928175938
5.30051263471e-05
3.83843171004e-08
0.0
3.97814910151e-05
0.0
0.000683628864482
0.0153928175938
0.0
0.00164345876385
9.57707905645e-07
0.00169226461909
0.000171736627352
0.00496234259138
0.0015501164168
0.00117928460674
0.0
0.00108815807747
0.0
3.12211239158e-06
0.0
0.0
0.00164345876385
3.31966048857e-10
0.0153928175938
9.49425124496e-06
2.15354516392e-06
4.21450501369e-05
0.00496234259138
7.15071588178e-05
0.0153928175938
0.0153928175938
1.86691975072e-06
4.01408902784e-12
7.99414675251e-06
0.0153928175938
0.066965140818
1.00744262537e-11
0.00691690688773
4.19033579041e-14
0.066965140818
8.37272747518e-05
0.066965140818
0.066965140818
0.0153928175938
0.000683628864482
0.066965140818
0.00169595444957
2.52810365515e-06
0.000511984235029
0.000550703061187
0.000828316917335
0.000174146848175
0.0
9.29215295571e-09
0.00227831176021
0.0
0.00164935181374
0.066965140818
0.0
3.000803549e-05
0.00685970670854
0.000160994545349
0.0
0.00022487607379
5.35413814994e-05
0.000511984235029
0.066965140818
0.0013990944441
0.0
0.00164345876385
0.0
5.28519598214e-05
1.89947081348e-07
4.89319454934e-07
0.00966686259032
0.0
0.0
0.0
0.0
0.0
8.67202446258e-06
5.94673216024e-09
0.0
4.92805450787e-06
0.00294259802011
0.066965140818
0.00112920924602
0.0153928175938
0.000815659513569
0.000687615738586
1.24224256462e-07
0.0
0.0
9.70880306909e-05
2.76834056627e-06
8.86014644826e-11
0.0
0.00502160075727
0.0211063738122
0.0
9.72414957047e-15
0.066965140818
0.066965140818
0.0
0.00502160075727
6.28234157151e-06
0.000694209239859
0.00516396608809
0.00121986533486
3.61335305711e-11
0.00130044330746
0.000457139146602
0.00966686259032
0.066965140818
0.000687615738586
0.00012418408278
0.066965140818
4.127934981e-10
0.00044462520117
0.000550703061187
0.00225869104905
0.000241843460254
0.066965140818
0.0
2.96929241295e-06
0.000190081888421
0.0211063738122
0.0
1.05991343156e-05
7.38174487685e-05
1.8893076402e-07
0.0
0.000293104493559
8.41282957342e-07
9.61052319771e-07
0.00121986533486
0.0
0.0
0.000698675217524
0.066965140818
0.0
1.34478136435e-05
0.000101519304484
3.12416191994e-09
3.8917434797e-05
0.0
0.0153928175938
0.0
0.00164345876385
1.70673493383e-11
0.0
1.75302652012e-11
0.0
0.0153928175938
1.35592496107e-05
0.066965140818
0.0
2.02966040007e-08
0.0
0.000813254984212
2.53118389802e-09
0.00178354216511
0.0211063738122
0.0
0.00021703006149
0.000138331425245