500
1.06803567821e-10
5.40571362192e-28
7.67829706764e-13
1.08254065772e-26
2.12963275332e-08
2.17118351392e-27
1.1613583002e-25
2.13565838847e-09
3.70626680898e-47
2.13989935036e-09
2.79069511669e-05
6.0846470735e-13
4.84396339445e-11
0.00124254698647
0.00050905002234
2.97768202267e-08
1.57792711006e-09
4.78778762421e-21
5.25813080722e-22
0.000236461863838
2.67454517825e-07
2.87147378154e-16
3.23880245819e-05
2.60085426714e-35
1.31478716077e-06
2.51332405953e-23
1.50499840091e-19
1.75050527791e-62
7.45950502776e-13
3.32852026092e-16
1.91321398554e-10
1.33861985993e-15
0.0026167254897
8.14016231514e-18
4.52876173197e-07
4.6594085652e-16
2.13647015138e-20
1.80120011843e-37
4.06374158104e-05
8.78108710848e-24
0.000462194984086
3.1195051647e-07
4.18237436588e-17
3.61755586372e-05
1.20881704641e-15
6.60187552592e-12
1.78450085272e-23
2.66618079259e-19
1.67391685967e-08
6.93090591955e-06
1.43443132567e-07
2.8590066548e-26
1.23952270507e-18
5.77381425331e-11
1.04521555805e-23
3.62787420772e-05
5.75600964108e-14
2.65924285632e-80
1.85399891689e-31
0.00455403933906
7.80896970983e-11
0.000241001670273
2.13483012516e-16
8.84058163085e-05
1.33358264986e-51
3.42254632205e-06
1.51590639484e-09
1.5528357291e-13
0.000283874939582
8.29209652823e-13
1.25290734282e-30
0.000820968544631
1.20561232216e-24
2.59325015654e-61
7.49648977564e-10
1.44590878334e-22
9.97084095003e-44
3.99271630869e-89
1.40409930069e-06
1.01474141894e-08
0.000319295598615
8.84703814772e-32
2.00089843389e-34
4.71183724811e-35
4.97898558719e-06
2.97887524161e-13
1.57634807214e-63
1.44898830568e-15
5.45775828391e-05
4.78281119013e-07
2.046632074e-23
3.19428554598e-05
8.65118746893e-15
8.77302079561e-22
1.47722937503e-09
1.13086391878e-16
6.17696756121e-16
3.25288480033e-08
6.37642088925e-61
3.10099654681e-19
3.57782751322e-14
0.000462194984086
2.16004226192e-11
1.00719240574e-16
1.20307235071e-15
5.52382951229e-29
3.88977758592e-05
3.13636014434e-35
5.3542829629e-39
1.10741929912e-16
1.1943328042e-19
0.000547512681726
2.64904289037e-20
4.95457065488e-17
1.56013866315e-24
6.57952134408e-19
1.43436519943e-10
1.63261795847e-10
5.64940661854e-57
1.23126117204e-15
2.88507594317e-21
9.85696497177e-53
5.52209224083e-20
1.09133374848e-08
3.36348975874e-25
1.31379322297e-11
1.04457882439e-10
5.97774508537e-56
8.61688990422e-53
0.000638081795004
1.95174122522e-38
6.32710422799e-07
5.51049966574e-05
6.09258014161e-07
5.46681205005e-19
3.20541108319e-61
1.3211690911e-31
1.44282656646e-21
0.000330618137573
1.28701687558e-11
1.32940142688e-26
6.15562485397e-16
1.10965749422e-20
1.86838953192e-09
1.14935158532e-08
1.35622754404e-19
8.91594898535e-53
2.60454654647e-14
1.71797928611e-33
9.16168497856e-26
3.78116442403e-18
1.03585726102e-09
2.70274995368e-41
1.06768530065e-24
1.140111683e-11
2.84997836907e-05
5.90047005466e-05
6.29922463562e-08
1.28757074469e-35
1.34214575419e-30
1.6379013065e-07
6.40174065936e-13
5.37434060376e-16
6.09303749733e-37
1.15443921585e-19
0.000453941502227
3.71005917287e-07
1.39687673718e-07
2.11720722977e-39
8.98776406051e-15
3.06268781427e-24
8.22773688195e-30
0.000232748188415
1.54769280669e-08
1.52263423421e-08
7.22994120144e-21
7.02914527966e-85
6.84718686365e-12
5.2930447455e-50
1.59373568407e-11
8.2924733239e-05
3.6911619647e-15
2.95719668157e-21
6.39735024016e-30
3.16607434133e-29
9.70302478382e-06
1.15372032008e-12
2.71363660304e-66
2.34214821892e-10
2.39360701422e-48
4.68905452362e-16
1.45213070937e-31
5.69226732724e-06
2.01508664826e-39
8.42106276392e-31
9.54456342077e-10
1.99982454001e-18
8.19905560744e-23
0.00455403933906
2.86257353938e-11
0.00010344250673
2.51887610495e-15
6.78502258715e-12
6.26780291078e-34
1.3906218281e-21
2.65778965287e-17
1.14427411438e-12
1.23213985615e-09
4.16997863981e-19
2.824141266e-18
3.84983791313e-15
3.71654371393e-30
1.73269703217e-35
3.51016937568e-08
2.20331271739e-29
1.54033845204e-07
6.65006743359e-23
1.17611930005e-18
7.27228713182e-06
5.05105055075e-16
2.68228405977e-32
9.58493859874e-15
8.765129462e-36
0.000418933941445
1.93277147733e-19
2.44889317341e-23
2.38044464061e-25
5.16084892803e-05
5.84605107934e-14
5.07905973419e-26
6.04516592819e-05
2.38900387945e-37
2.63396192341e-15
3.36140723197e-07
1.51890731868e-10
1.44274317188e-17
1.21769851312e-08
9.51162398618e-40
0.00455403933906
1.13746174914e-07
0.000283874939582
0.00597515799806
0.00888199161874
2.83503743024e-06
1.60075225153e-09
4.04981075457e-65
5.77294220343e-06
3.58358175726e-05
3.67241926021e-06
8.73417344994e-58
4.74526547895e-05
4.25356680597e-76
4.98278703148e-33
1.45397941902e-08
2.39736055225e-15
1.69037120634e-10
2.90870664358e-15
0.000264947411617
3.14930794219e-05
9.47310468208e-11
1.84225319516e-11
8.44769278526e-12
4.71648991262e-12
1.02050947882e-19
7.66431266742e-23
1.70371833861e-05
2.74331159103e-07
2.1400356841e-40
3.61264244056e-59
3.14507583955e-42
8.68446965762e-12
9.29328439366e-14
0.000232748188415
4.8943461984e-58
1.93397020929e-36
2.62118180592e-07
5.90381163879e-09
2.9667548128e-23
4.98271533117e-24
0.00888199161874
5.20366023328e-39
1.83320306601e-07
8.93209800786e-23
1.77429601738e-08
9.83654820982e-10
7.14597934035e-07
1.54263849308e-22
5.05603333759e-06
5.24240467395e-11
4.71720936937e-16
2.53075479518e-07
0.000242652366645
3.5224123163e-38
0.00034245183321
5.72401636261e-20
4.22017004999e-12
1.52049764337e-05
3.43217253218e-12
1.2040515929e-21
1.93805861658e-13
9.56043432419e-63
1.55190467407e-15
2.41657449927e-05
2.14125691316e-08
1.43327902722e-11
7.17525336501e-18
1.33069749037e-14
2.82307618313e-15
3.51778367306e-12
0.00888199161874
1.20910565912e-09
9.41175725712e-08
0.00455403933906
8.65981973299e-11
2.21369319843e-74
4.73796170518e-32
1.38613976886e-08
1.47220906537e-62
1.28644775392e-07
4.74907379238e-75
1.8073923393e-15
5.28730133031e-27
4.71088193353e-17
9.31502690735e-05
3.73287088876e-16
4.10099701686e-22
1.55416922094e-06
5.478955589e-05
2.79460271499e-29
5.32694585538e-05
6.43367947361e-23
0.00597515799806
4.78775044781e-20
3.54843546292e-71
1.9781733229e-12
4.05908727629e-23
4.86643832473e-36
4.79334716837e-13
3.19051269756e-14
3.12748991131e-06
0.000293941426801
2.90845203518e-83
1.00726739988e-20
3.03148954821e-07
1.13653727554e-08
5.03302630319e-13
4.20789209585e-06
2.45196535847e-06
6.49020664467e-16
2.73802318213e-40
1.7529098795e-18
1.84171622237e-28
8.15240121821e-21
7.06671414313e-27
3.25534162344e-07
2.01699137589e-08
5.75506836918e-30
8.52989771432e-32
1.28116649443e-24
1.95319921676e-12
3.33545526974e-40
1.08268225458e-16
0.000547512681726
3.61216177344e-14
3.02827199352e-35
0.00474782824711
1.19734807369e-08
7.08843228006e-36
1.28258817802e-47
3.9951356114e-07
0.000557467457757
1.14567189188e-43
2.19501415315e-47
5.23239066738e-05
6.05461223457e-30
1.22017923217e-37
7.08230422301e-11
0.000283874939582
0.000547512681726
9.76336887417e-46
4.09747300491e-10
2.5039785407e-11
1.57027853517e-51
4.05842383218e-06
1.88392524127e-14
7.205246688e-24
2.25095917305e-10
0.00888199161874
0.00888199161874
6.59183129594e-33
5.27269074891e-05
2.47134862836e-12
2.87700018852e-34
5.27936341838e-05
1.8880641192e-22
7.5864456463e-05
5.25920581372e-17
1.69707833187e-25
0.00888199161874
7.32456671302e-10
0.00122035864742
1.13358054389e-12
3.47771073707e-21
8.51096256237e-47
2.62749087004e-14
1.30417322074e-06
7.67491359446e-21
6.81363138814e-09
3.68917400914e-08
9.12327919957e-23
6.96094024326e-16
1.40762211698e-08
6.68686439101e-13
2.21297561456e-15
1.03916642178e-15
3.64660952072e-42
3.73639412256e-05
5.8117192233e-27
1.37667952859e-07
2.76347296387e-20
0.000235555800929
1.01568424411e-10
0.00888199161874
0.00455403933906
9.60638689137e-47
1.7263539022e-20
3.7870395875e-14
2.27673592975e-10
3.28890270917e-08
7.78880112608e-31
2.33657396982e-05
5.61053185584e-07
2.23605900362e-07
8.81292918293e-29
0.00455403933906
3.48340121083e-05
8.97133175172e-05
1.0756430697e-13
9.86258479034e-30
3.27237691032e-18
3.95693884146e-32
2.05360065968e-05
8.1888895442e-20
8.42806945701e-15
3.00814027229e-69
1.52258982715e-11
4.03046756495e-18
8.60357004525e-16
1.74352479974e-14
2.68806838714e-14
1.36577141899e-12
2.56190834963e-16
1.06446787197e-29
0.000319295598615
1.10696792747e-19
1.7821084355e-18
3.7196553919e-07
7.61553995953e-32
8.55534758849e-18
2.74837040539e-26
2.5131386253e-14
1.27798155882e-08
3.86287495257e-23
5.73496906684e-05
2.9790500336e-10
3.31962719087e-40
1.03389328108e-11
1.42577076182e-24
2.55945677683e-21
3.8164005111e-14
1.70244554526e-07
2.06845037102e-19
4.75780266161e-26
1.42058921459e-07
1.54219424502e-35
3.67244707742e-74
3.81416741413e-55
3.99058063738e-08
2.33146120566e-13
4.12605173191e-21
1.98543054522e-26
1.91280320689e-59
4.78755324129e-21
2.16510675048e-09
0.00124254698647
0.000180570231599
2.5035268757e-09
1.74879525538e-28
2.38722452264e-06
2.60012177691e-39
1.0232695549e-80
3.54031467429e-17
4.97697383828e-07
3.07915118281e-05
4.76094007936e-21
3.19953867341e-28
2.03737471786e-08
1.00979282106e-15
1.20025758976e-20
5.2105137271e-14