500
0.0
0.0
0.0
0.0
0.0
0.0
0.0
0.0
0.0
0.00224978823745
0.0
0.0
0.0
0.0
0.0
2.87969275034e-05
0.0
0.0
0.0
0.0
0.0
0.0
0.0
0.00224978823745
0.0
0.0
0.0
0.0
0.00224978823745
0.0
0.0
0.0
0.0
0.0
0.0
0.0
7.02827690121e-05
0.0
0.0
0.0
0.0
0.0
0.0
0.0
0.0
0.0
0.0
0.0
0.0
0.0
0.0
0.0
0.0
0.0
0.0
0.000210434493889
0.0
0.0
3.02134849706e-05
0.0
0.0
0.0
0.0
0.0
0.000200016874173
0.0
0.0
0.0
3.18082979267e-05
0.0
0.0
0.0
0.0
0.0
0.0
0.0
0.0
0.0
0.0
0.0
1.86536807621e-07
0.0
0.0
0.00100151237746
0.00100151237746
0.0
0.0
0.0
0.0
0.0
0.0
0.0
0.0
0.0
0.0
0.0
6.74984404634e-06
0.0
1.17150543032e-07
0.0
0.0
0.0
0.0
0.0
0.0
0.0
9.83646664345e-06
0.0
0.0
0.0
2.86768873188e-06
0.0
0.0
0.0
0.0
0.0
0.0
0.0
0.0
0.0
0.0
0.0
0.0
0.0
0.0
0.0
0.0
2.89124288136e-07
2.19241803041e-06
0.0
0.0
0.0
0.0
4.98412852987e-06
0.0
0.0
0.0
0.0
5.9097917876e-05
0.0
0.0
0.0
0.0
0.0
0.00224978823745
0.0
0.0
0.0
0.0
0.0
1.84021941203e-05
0.0
0.0
0.0
0.0
0.0
0.0
0.0
2.17537091788e-05
0.0
0.0
0.0
0.0
0.0
0.0
0.0
0.0
0.00100151237746
0.0
0.0
0.0
0.0
0.0
0.0
0.0
0.00224978823745
0.00224978823745
0.0
0.0
0.0
0.0
0.0
0.0
0.0
0.0
0.0
0.0
0.0
0.0
0.0
0.0
0.0
0.0
0.0
0.000206882844001
6.47430452007e-10
0.0
0.0
0.0
1.72388517619e-06
0.0
0.0
0.0
0.0
0.0
0.0
0.0
0.0
0.0
0.0
0.0
0.0
0.0
0.0
0.0
0.0
0.0
0.0
0.0
0.0
0.0
0.0
0.0
0.0
0.0
0.0
0.0
0.0
0.0
0.0
0.0
0.0
0.0
0.0
0.0
0.0
0.0
0.0
0.0
0.0
0.0
0.0
0.0
0.0
0.0
0.0
0.0
0.0
0.000741359515898
0.0
0.000189807938951
0.0
0.0
0.0
0.0
0.0
0.0
0.0
0.0
0.0
0.0
0.0
0.0
0.0
0.0
0.0
0.0
0.0
0.0
0.0
0.0
0.0
0.0
0.0
0.0
0.0
0.0
0.0
0.0
0.0
0.0
0.0
0.0
0.0
0.0
0.0
0.0
0.0
0.0
0.0
0.0
0.0
0.0
0.0
0.0
0.0
0.0
0.0
0.0
0.0
0.0
0.0
0.0
0.000189194099556
0.0
0.0
0.0
0.0
0.0
1.32361233837e-05
0.0
0.0
0.0
0.0
0.0
0.0
0.0
0.0
0.0
0.00224978823745
0.0
0.0
0.0
0.0
0.0
0.0
0.0
0.0
0.0
0.0
0.0
0.0
0.00224978823745
0.0
0.0
0.0
0.0
0.0
0.0
0.0
0.0
0.0
0.0
0.0
0.0
0.0
0.0
0.0
0.0
0.0
0.0
0.0
0.0
0.0
0.0
0.0
0.0
0.0
0.0
0.0
0.0
0.0
0.0
0.00224978823745
0.0
0.00019754687764
0.0
0.0
0.0
0.0
0.0
0.0
0.0
0.0
0.0
0.0
0.00264033904224
0.0
0.0
0.0
0.0
0.0
0.0
0.0
0.0
0.0
0.0
0.0
0.00224978823745
0.0
0.0
0.0
0.0
0.0
0.0
0.00224978823745
0.00100151237746
0.0
0.0
0.0
0.0
0.0
0.00224978823745
6.89487717609e-05
0.0
0.0
0.0
0.000167746111974
0.0
1.04085732933e-05
0.0
0.0
0.0
0.0
0.0
0.0
0.0
0.0
0.0
0.0
0.0
0.0
0.0
0.00224978823745
0.0
0.0
0.0
0.0
0.0
0.0
0.0
0.0
0.0
0.0
0.0
1.44271542115e-05
0.0
0.0
0.0
0.0
0.0
0.0
0.0
0.0
0.0
0.0
0.0
0.000135702617757
0.0
8.73863923491e-05
0.0
0.0
0.0
2.06653816824e-05
0.0
3.02134849706e-05
0.0
0.0
0.0
0.0
0.0
0.00100151237746
0.0
0.0
0.0
0.0
0.0
0.0
0.0
0.0
0.0
0.00224978823745
0.0
0.0
0.0
0.0
0.0
0.000107478696507
0.0
0.0
0.0
0.0
0.0
0.0
0.0
0.0
0.0
0.0
0.0
0.0
0.0
0.0
0.0
0.0
0.0
0.0
0.0
0.0
0.0
0.0