500
0.0
0.0
0.000218901887729
0.0
0.0
0.0
0.0
0.0
0.0
0.0
0.0
0.0
0.0
0.0
0.0
0.0
0.0
3.37768294276e-06
0.0
0.0
0.0
0.0
0.0
0.0
0.0
0.000280679771321
0.0
0.0
0.0
0.0
0.0
0.0
0.0
0.0
0.0
0.0
0.00584044292509
0.0
0.0
0.0
0.0
0.0
0.0
0.0
0.00412139551442
0.00584044292509
0.0
0.0
0.0
0.0
0.0
0.0
0.00156480380499
0.0
0.0
0.0
0.0
0.0
0.0
0.0
0.0
0.0
0.0
0.0
0.0
0.0
0.0
0.0
0.0
0.0
0.0
0.0
0.0
0.0
0.0
0.0
0.0
0.0
0.0
0.0
0.0
0.0
0.0
0.0
0.0
0.0
0.0
0.0
0.0
0.0
0.0
0.0
0.0
0.0
0.0
0.0
0.0
8.27482446815e-05
0.0
0.0
0.0
0.0
0.0
0.0
0.0
0.0
0.0
0.0
0.0
0.0
0.0
0.0
0.0
0.0
0.0
0.0
0.0
0.0
0.0
0.0
0.0
0.0
0.0
0.0
0.0
0.0
0.0
0.0
0.0
0.0
0.0
0.0
0.0
0.0
0.0
0.0
0.0
0.0
0.0
0.0
0.0
0.0
0.0
0.0
0.0
0.0
0.0
0.0
0.0
0.0
0.00013846537511
0.0
0.0
0.0
6.87413873185e-05
0.0
0.0
0.0
0.0
0.0
0.0
0.0
0.0
0.0
0.0
0.0
0.0
0.00156480380499
0.0
0.0
0.0
0.0
0.0
0.0
0.0
0.0
0.0
0.0
0.0
0.0
0.0
0.0
0.0
0.0
0.0
0.0
0.0
0.0
0.0
0.0
0.0
0.0
0.0
0.0
0.0
0.0
0.0
0.0
0.0
0.0
0.0
0.0
0.0
0.0
0.0
0.0
0.0
0.0
0.0
3.06976720406e-05
0.0
0.0
0.0
0.0
0.0
0.0
0.0
0.0
0.0
0.0
0.0
0.0
0.0
0.0
0.0
0.0
0.0
0.00584044292509
0.0
0.0
0.0
0.0
0.0
0.0
0.0
0.0
0.0
0.0
0.0
0.0
0.0
0.0
0.0
0.000408962068769
0.0
0.0
0.0
0.0
0.0
0.0
0.0
0.0
0.0
0.0
0.0
0.0
0.0
0.0
0.0
0.0
0.000294284699171
0.0
0.0
0.0
0.0
0.0
0.0
0.0
0.0
0.0
0.0
0.0
0.0
0.0
0.0
0.0
0.000533069758053
0.0
0.0
0.0
1.52912928352e-05
0.0
0.0
0.0
0.0
0.0
0.000125128032035
0.0
0.000150491273707
0.0
0.0
0.00584044292509
0.0
0.0
0.0
0.0
0.0
0.0
0.0
0.0
0.0
0.0
0.0
0.0
0.0
0.0
0.0
0.0
3.69478956463e-05
0.0
0.0
0.0
0.0
0.0
0.0
0.0
0.00412139551442
0.0
0.0
0.0
0.0
0.0
0.0
0.0
0.0
0.0
0.0
0.0
0.0
0.0
0.0
0.0
0.0
0.00584044292509
0.0
0.0
0.0
0.0
0.0
0.00584044292509
0.0
0.0
0.0
0.0
0.0
0.0
0.0
0.0
0.0
0.0
0.0
0.0
0.0
0.00584044292509
0.0
0.0
0.0
0.0
0.0
0.0
0.0
0.0
0.0
0.0
0.0
0.0
0.0
0.0
0.0
0.0
0.0
0.0
0.0
0.0
0.0
0.0
3.10080919669e-05
0.0
0.0
0.0
0.0
0.000322652771808
0.0
0.0
0.0
0.0
0.0
0.0
0.0
0.0
0.0
0.0
0.0
0.0
0.0
0.0
0.0
0.0
0.0
0.0
0.0
0.0
0.0
0.0
0.0
0.00584044292509
0.0
0.0
0.0
0.0
0.0
0.0
1.08685776112e-05
0.00584044292509
0.0
0.0
0.0
0.0
0.0
3.3994621018e-06
0.0
0.0
0.0
0.0
0.0
0.0
0.0
0.0
0.00584044292509
0.0
0.0
0.0
0.0
0.000519677781603
0.0
0.0
0.0
0.0
0.0
0.0
0.0
0.0
0.000125128032035
0.0
0.0
0.00584044292509
0.0
0.0
0.0
0.0
0.000171080282279
0.0
0.0
0.0
0.0
0.0
0.0
0.0
0.0
0.00412139551442
0.0
0.0
0.0
0.0
0.0
0.0
0.0
0.0
0.0
0.0
0.0
0.0
0.0
0.00412139551442
0.0
0.0
0.0
0.0
0.000353737892551
0.0
0.0
0.0
0.0
0.0
0.0
0.0
0.0
0.0
0.000208377408497
0.0
0.0
0.0
0.0
0.0
0.0
0.0
0.0
0.0
0.0
0.0