500
0.0
0.0
0.0
0.0
0.0
2.01516505836e-07
0.0
0.0
2.01448173585e-05
0.00767785461292
0.0
0.0
0.0
0.0
0.0
0.000182057277591
4.40902129735e-06
0.0
5.20687587539e-05
0.0
0.0
0.0
0.0
0.0
0.0
0.0
0.0
0.0
0.00047460766196
0.0
0.000108202503524
0.0
0.0
0.0
0.0
0.0
0.0
0.0
0.0
0.00138475576251
0.00047460766196
0.0
0.0
0.0
0.0
0.0
0.0
0.000182057277591
0.0
0.0
0.0
0.0
1.38493035922e-07
0.0
0.0
0.0
0.0
0.0
0.0
0.0
0.0
3.59381833082e-07
0.0
0.0
0.0
0.000461019385406
0.0
0.0
0.000236818336669
0.0
1.58229212464e-10
0.00138475576251
6.95720057103e-08
1.76328420474e-05
0.0
0.00015198232282
0.0
0.0
4.78172956587e-06
0.0
0.0
0.0
0.0
0.0
0.0
0.0
0.0
2.09124545837e-09
0.00771404629076
0.0
0.0
2.97989050655e-05
0.0
0.0
0.0
7.17453480183e-05
0.0
0.00176064673209
0.0
0.0
2.01448173585e-05
0.0
0.0
0.0
0.0
0.0
0.000130575302322
0.0
1.56241073245e-05
0.0
0.00886666666667
0.0
0.0
0.0
0.0
0.0
0.00886666666667
0.0
0.000182057277591
1.31392660193e-05
0.0
0.0
0.0
0.0
0.0
0.0
0.0
1.60401670077e-05
0.0
0.0
0.0
0.0
0.0
0.0
0.0
0.0
0.0
0.0
0.00138475576251
0.0
0.0
0.0
0.00047460766196
0.0
0.000182057277591
0.0
0.0
0.0
0.0
0.0
0.0
0.0
0.0
6.4479407165e-05
0.0
0.000255754193281
1.74032314869e-10
0.0
0.0
0.0
0.00037463227651
0.0
0.0
5.44074623427e-08
0.0
0.0
0.0
0.0
0.0
0.00013782717567
1.28749561838e-06
0.0
2.16030547081e-07
0.00138475576251
0.0
0.0
0.0
5.07062732784e-09
0.0
0.0
0.00771404629076
0.0
0.0
0.0
0.000461019385406
0.0
0.0
5.22934251676e-05
0.00138475576251
0.0
0.0
0.0
9.03213221195e-06
0.0
0.0
0.0
0.0
0.00767785461292
0.0
0.0
0.000182605441103
0.0
0.0
0.0
0.0
1.15153642172e-06
0.0
0.0
0.0
0.0
0.0
0.0
0.0
0.000780411298345
0.0
0.0
0.0
0.0
0.0
0.0
0.0
0.0
0.00138475576251
0.0
0.0
0.0
0.0
0.0
0.0
0.0
0.0
0.0
0.0
0.0
0.0
0.0
0.000115124050536
0.0
0.0
0.0
0.0
0.00104017317417
0.0
1.31795556963e-06
0.0
0.0
0.00176064673209
0.0
0.0
0.0
0.0
0.0
0.0
0.0
0.00138475576251
0.0
1.7629076492e-06
0.0
2.36605757707e-05
0.00047460766196
0.0
0.0
0.0
0.0
0.0
0.0
6.54948058531e-07
0.0
0.0
0.000167621050242
3.42211476947e-09
0.00771404629076
0.0
0.0
0.0
1.35967939226e-05
0.0
0.0
5.06763055302e-05
0.00138475576251
5.8780787488e-07
0.0
0.0
0.0
1.31392660193e-05
0.0
0.0
0.0
0.0
0.0
0.00771404629076
0.0
0.0
0.0
6.10790982703e-06
0.00771404629076
0.0
6.62556891536e-06
0.0
0.0
0.0
0.0
0.0
0.00886666666667
0.00771404629076
0.0
0.000461019385406
0.0
0.0
0.0
0.0
0.0
0.0
0.0
0.00138475576251
1.8186331257e-05
0.0
0.0
0.00771404629076
0.0
1.91055103689e-08
0.0
0.0
2.8884816695e-06
0.000108202503524
0.0
0.0
0.0
0.0
0.00025713816994
1.45085561513e-06
0.00138475576251
0.0
8.9892841176e-08
0.0
0.000470266306483
0.0
0.0
0.00767785461292
0.0
0.0
0.0
0.0
0.0
0.0
0.0
0.0
3.37388826634e-07
0.0
0.0
0.0
0.0
0.0
0.0
0.0
0.0
0.0
0.0
0.0
0.0
0.0
0.0
0.0
0.0
8.44444395147e-07
0.0
0.0
0.0
0.0
0.0
3.24475599765e-11
0.0
0.00047460766196
0.0
0.0
0.0
0.0
0.0
4.68880371246e-05
0.0
0.0
0.00771404629076
5.35708155964e-07
0.000780411298345
0.0
0.00037463227651
0.0
3.52468633744e-06
6.39736432453e-05
0.0
0.0
0.0
0.0
0.0
0.0
0.0
0.0
0.0
0.0
0.0
0.0
0.0
0.0
0.0
1.2565161279e-07
0.0
0.0
0.00767785461292
0.00037463227651
0.0
0.0
1.74095694649e-07
0.000461019385406
0.0
7.65983743682e-09
0.00625037401456
0.0
5.54608163908e-08
0.0
0.0
0.0
0.0
0.0
0.0
0.0
0.0
0.0
0.0
0.0
0.0
0.00771404629076
0.0
0.0
0.0
0.0
7.20822321665e-08
0.0
0.0
0.00138475576251
0.0
0.0
0.0
0.0
0.0
0.0
0.00886666666667
0.0
0.0
0.00047460766196
0.0
1.34631280893e-08
0.00771404629076
0.0
0.00138475576251
0.0
0.0
0.0
0.0
1.17587965002e-08
0.0
0.0
0.00886666666667
2.12973483068e-05
3.29143592162e-05
0.0
0.0
0.0
0.0
0.000356662921248
0.0
0.0
0.0
0.0
0.00771404629076
0.0
0.0
0.0
0.00047460766196
0.0
0.0
0.0
0.00015198232282
0.0
4.59126121581e-10
0.0
0.0
0.0
0.0
0.0
0.0
0.0
0.0
0.0
0.000230711825855
0.0
0.0
0.0
0.0
0.00138475576251
0.00037463227651