500
7.24470345863e-05
0.00333095403503
4.48657478531e-05
0.000283825099933
1.44492690895e-06
1.95332517455e-08
3.42032125822e-06
0.00225280100972
0.00146335082609
8.03905928719e-05
0.0268430617133
0.0216002415459
0.000352566190934
0.006412273079
0.00919995828563
1.78840980361e-08
0.00616734348845
1.88341617053e-08
3.72562880499e-08
0.000318233430902
0.0386252977794
0.0466137116383
5.82123121701e-13
0.00509431054988
1.66528764676e-17
8.2443981993e-09
0.0
6.95415104975e-09
0.00568361178539
7.68624420022e-06
1.46987254204e-08
0.0084786740067
5.8877096718e-06
0.0386252977794
0.0466137116383
2.02504956737e-05
0.000677901405096
2.25485066166e-07
0.00762331760015
0.0
0.0386252977794
0.00762331760015
0.0466137116383
5.62568934597e-09
0.0386252977794
8.39816191593e-09
0.00150220098972
4.08019180899e-10
0.00136000872452
0.00702564324472
4.17298170559e-08
0.0
0.00116662339385
0.00152762185382
2.29267878101e-08
0.00227574760032
0.000190192674444
1.74758087806e-05
0.0386252977794
6.30224104876e-08
0.0466137116383
8.60416201787e-07
5.98445840043e-05
0.0
0.00225280100972
7.10275664174e-10
5.49411944256e-09
4.01180529085e-18
0.00744286225537
3.89856743503e-15
2.02908616935e-11
0.0466137116383
0.000921485644938
0.0
1.3818538e-08
0.000456515117932
0.0
0.00813612508553
1.27406201693e-17
0.00221616899627
2.0954968034e-07
1.3122657725e-10
6.37313068391e-09
4.54973011296e-07
3.1122963512e-14
0.0268430617133
0.00765686836624
1.33469188136e-20
0.0466137116383
0.0
0.0216002415459
1.7367959353e-06
0.0202782813342
6.8974757262e-05
0.0466137116383
0.0268430617133
0.00568361178539
0.000256998278114
0.0466137116383
1.21831223485e-05
4.70093358399e-05
0.0
0.0268430617133
3.49281968335e-05
0.00113009375906
0.000146549612381
0.0202782813342
0.00509431054988
1.43017328877e-05
0.00225280100972
0.00765686836624
0.00207803593838
7.97314503665e-16
0.0084786740067
0.00176599838331
0.0466137116383
0.00765686836624
0.000263436721446
1.08953045734e-09
3.80998444856e-10
7.14620229421e-05
1.3201898787e-05
0.0386252977794
0.00140752222636
1.63374305995e-12
0.0386252977794
0.0386252977794
0.0466137116383
0.00702564324472
0.00762331760015
0.00103883291135
1.25073914156e-18
0.000397995479004
4.24901208331e-09
0.0386252977794
0.000379180097305
0.00544286393803
1.17990650493e-05
7.88296184143e-11
3.49424842557e-05
4.23402376081e-06
1.02411737174e-05
0.00422127427862
0.0
0.00478800466319
0.0466137116383
0.0466137116383
1.04829259512e-09
0.0466137116383
0.000408081483269
0.000721824685563
0.0268430617133
0.0
0.000466857146782
0.0268430617133
6.07094213667e-05
0.00919995828563
0.0216002415459
0.000379180097305
0.000813544064157
3.1172588574e-19
5.75330248887e-08
0.0466137116383
0.0015449238367
0.0268430617133
0.0386252977794
0.0268430617133
0.000372705841956
0.00744286225537
1.58581847707e-17
0.000860803165711
0.0466137116383
0.00478800466319
1.16819835739e-05
1.00794469692e-06
0.0
0.0202782813342
8.54724681308e-14
1.37115366911e-09
0.00744286225537
0.00123329644491
8.60164696892e-08
0.0202782813342
0.0386252977794
0.0386252977794
4.65277572517e-05
0.0268430617133
3.1936489753e-07
0.0386252977794
0.006412273079
0.0084786740067
0.000119650672226
0.0101723532302
0.0386252977794
1.82879636272e-09
0.00419293522229
0.000388567523057
7.847376911e-05
2.85945403419e-08
0.00813612508553
2.06728891958e-06
0.0
4.02044511411e-17
0.000787056855667
0.00544286393803
0.00919995828563
2.40176358416e-05
7.87100846281e-05
6.03923700211e-25
0.0268430617133
0.0
0.000372705841956
2.15568009206e-07
1.83075931868e-12
6.56920895269e-05
0.00139024908244
0.0202782813342
1.62588919568e-07
0.000991173827962
0.0
0.0041111302904
0.0466137116383
6.8353866234e-07
0.0268430617133
0.0466137116383
0.0386252977794
0.00131790362038
0.0
0.00024577854116
3.96772476249e-10
7.91734102471e-06
9.71806833503e-10
0.00702564324472
3.54541829408e-08
0.0466137116383
0.00478800466319
0.0268430617133
0.0386252977794
0.000184595839711
0.00744286225537
1.98057253733e-19
2.79408824267e-07
7.45135191605e-09
4.98035566219e-06
0.00176599838331
0.0386252977794
0.0216002415459
1.61741515243e-12
2.44181353426e-09
0.0084786740067
0.0011774335224
2.34298553441e-08
7.94115560902e-07
0.0386252977794
0.00765686836624
0.00340115001438
0.000243405615851
0.0268430617133
0.0466137116383
0.0216002415459
0.0466137116383
0.000476623611589
1.3075127714e-06
0.0216002415459
4.11502447693e-11
2.16201517796e-08
0.00157354125428
5.48949550625e-10
1.15024711557e-07
0.0
0.0268430617133
0.0466137116383
0.0216002415459
0.0268430617133
0.0466137116383
5.35928933899e-08
8.10389750594e-07
1.0106950439e-10
6.98151647816e-06
0.000453346195101
0.00419293522229
7.91537483162e-07
0.0
2.20749558908e-09
0.00765686836624
0.0386252977794
1.66744607329e-11
0.00027914211882
3.61704530254e-11
2.34665274816e-18
3.44483878042e-07
0.0386252977794
0.00765686836624
0.0268430617133
0.000169839543094
1.06545916071e-20
6.17231325726e-05
3.64900324391e-06
5.08642986603e-09
8.97678472115e-06
1.4171814836e-09
1.94595362251e-06
0.0466137116383
0.0216002415459
0.00172191301862
1.6996072669e-07
0.00123017400374
1.91998604606e-05
0.0
4.97128291122e-19
0.00140013299378
0.000768259183698
0.00133733544163
0.0386252977794
2.89167639518e-09
0.0268430617133
0.0386252977794
8.47094591897e-05
1.45628476181e-05
1.07643856993e-13
0.000805010034447
1.0273597701e-05
0.0386252977794
1.02697683635e-05
0.00509431054988
0.0
2.98112493265e-07
1.66982896475e-08
0.000868682487992
5.65430910218e-06
0.0268430617133
0.0
0.0216002415459
0.0
0.000722309609317
9.68374186544e-09
5.43398352747e-05
0.0
2.42142726736e-05
0.00568361178539
0.0466137116383
1.32138010604e-05
0.0386252977794
1.57532530604e-05
0.0268430617133
1.27753054774e-10
3.83562933638e-05
4.55326360739e-07
0.0268430617133
0.0268430617133
0.000303858914597
0.00744286225537
0.0202782813342
4.20128206953e-05
0.00225280100972
3.48060842701e-09
1.2744602759e-14
0.0466137116383
8.05506702025e-07
1.96139588212e-15
3.05550962161e-06
0.00400224174008
0.0386252977794
1.8040384857e-06
0.00133643870046
4.60299427482e-09
4.31786902094e-07
1.90887724432e-06
3.04468647751e-06
0.0386252977794
1.19910949111e-05
0.000537441769
0.00139605189871
0.0386252977794
8.3091923153e-05
4.97476953087e-07
0.0268430617133
1.8499909163e-08
1.94432306238e-11
0.00221616899627
5.59017822887e-05
0.0386252977794
0.00765686836624
2.59466509262e-10
1.69025814852e-08
1.21580686154e-10
0.0466137116383
0.000289935497227
0.0466137116383
4.45576204697e-07
0.000438459822614
0.000410973324084
0.00478800466319
3.25908210626e-06
0.0466137116383
7.40194626142e-06
0.00509431054988
0.0268430617133
0.0466137116383
0.00136760116838
7.85784651813e-06
1.16714658736e-07
0.0386252977794
0.00419293522229
0.0101723532302
3.48236641121e-09
0.0466137116383
0.0268430617133
0.0
0.0466137116383
0.000239703553099
1.80724750859e-05
0.00919995828563
0.000872467772481
0.00368846270348
7.75966532175e-05
7.26896443696e-06
7.78283616846e-07
1.00639102216e-08
0.00813612508553
0.00136000872452
0.0268430617133
3.80900544185e-05
0.00112693754951
0.0
4.19498630535e-09
0.0041111302904
0.0216002415459
0.00702564324472
6.76033288219e-10
0.0216002415459
0.0
0.0002209012497
0.0001105082834
8.21959855227e-05
0.0202782813342
0.00221616899627
5.61129667623e-05
0.0386252977794
3.15720319599e-06
5.72200679306e-16
0.0466137116383
0.0268430617133
6.77382799951e-06
9.95986375859e-08
0.0268430617133
0.0268430617133
4.18005184316e-05
0.0202782813342
9.69687678794e-06
1.15080065337e-08
1.38751784709e-06
0.0
0.0
4.11498204951e-13
5.74228075444e-17
2.8043467587e-07
0.0268430617133
2.05765519889e-09
0.0466137116383
0.00634467435244
2.56288692801e-05
0.0466137116383
0.000229643539996
2.05275230223e-07
0.00765686836624
0.00181817613706
1.22563864841e-06
0.0101723532302
1.39496148452e-11
0.00813612508553
0.000907854498264
0.0
0.0386252977794
0.0386252977794
3.23080782795e-08
3.19452183142e-07
5.83518348945e-05
0.00762331760015
1.54404219368e-07
3.67053912367e-10
0.0268430617133
3.38426019751e-05
0.000246499378254
0.000160431961423
0.00117976897932
0.00118138170933
4.32441029326e-05
0.00765686836624
7.75441811629e-07
0.0466137116383
9.67849240276e-08
0.00118138170933
4.42798407803e-06
0.0084786740067
9.61933875362e-13
1.31364063781e-05
3.85002793917e-08
0.00478800466319
0.0