500
8.39840762201e-09
1.21146404254e-06
4.1120800007e-06
2.98281374617e-10
1.82038384377e-17
1.30310032085e-11
1.86206701175e-06
0.00705338774782
0.0221244523195
4.11682269041e-10
1.71961258966e-06
4.98336762641e-05
6.73617932967e-05
1.59674325852e-11
7.94293851273e-26
1.58316690301e-05
0.0221244523195
7.95974718699e-21
4.38974674168e-08
4.28277722282e-08
2.20192634139e-13
4.12950783002e-06
5.09421611483e-06
1.02817767202e-21
0.0199934852406
3.30184416655e-09
9.75457510757e-05
5.19412545652e-09
1.50850196723e-09
1.11717492594e-14
0.0130991799852
9.28120059933e-06
0.0221244523195
0.0345342017792
7.08584503045e-12
0.00067152565859
1.32789777354e-06
8.03682125092e-11
5.63007355134e-13
6.4069635208e-13
1.05354361348e-12
3.81666975375e-06
4.3926671374e-06
2.65793243317e-11
0.00311341159392
0.0149794450549
5.82340082386e-16
1.29024013568e-10
1.409317857e-10
2.76117229776e-20
0.000804216491239
0.00281353625626
6.72251875722e-09
1.20622468966e-05
6.03937414067e-06
2.59620133669e-12
1.89730485362e-14
2.32443679127e-10
0.0345342017792
0.00035578067219
0.000272204544878
0.00408354027505
0.0199934852406
6.31834169841e-07
1.00327151496e-31
8.90055653065e-06
0.0104532276666
4.91068206834e-09
1.25427409686e-08
1.74340887549e-17
1.3374647727e-06
0.0199934852406
8.73301736222e-06
1.41928923493e-12
6.97849775708e-18
0.0199934852406
0.0149794450549
4.02976706031e-20
7.85435639641e-06
3.29500958906e-08
3.11073034696e-05
0.000628629751735
0.00127976002809
1.20193260774e-26
5.31452190563e-59
8.72434660909e-13
5.41404764489e-12
5.0736139871e-12
0.00155869926303
0.000447697055604
9.01386028648e-06
4.22533663655e-13
0.000644148900367
4.95879730236e-14
1.51146682994e-13
2.48963096828e-06
4.23160633181e-08
0.0221244523195
4.72947178843e-23
4.16533896327e-10
0.0345342017792
0.00320925944426
0.0221244523195
5.91347380473e-10
1.0703426328e-10
0.0345342017792
2.15832984614e-05
0.0130991799852
3.80401492767e-05
1.66352926992e-10
1.62081562668e-08
0.0104532276666
7.71651952854e-12
0.0130991799852
0.0199934852406
1.39281482684e-06
4.6863396467e-12
0.00010108847966
3.55154916235e-06
0.00384526308654
2.26514149073e-08
5.41026903652e-12
1.11392154711e-24
2.97740071323e-13
1.79441359259e-06
2.09343235487e-27
1.26183286949e-11
5.65849319055e-07
4.77663528809e-10
0.000395802850644
1.18981422266e-10
0.0130991799852
5.05059026929e-05
1.27476253735e-06
0.00267542293883
3.04250264704e-10
5.65838342553e-28
1.11985493079e-18
7.16740624806e-09
1.01153098795e-10
2.67357616212e-06
6.22055636097e-12
0.00170634670412
3.4944456239e-16
8.89996971825e-09
0.000528289160484
1.58350366922e-07
9.37702084632e-15
2.21663474186e-06
0.0345342017792
2.46619655911e-11
3.00820984695e-16
0.00016639543874
1.78658039449e-09
3.00285826815e-07
5.41457476316e-17
2.72758905956e-08
2.99938016417e-12
5.66649858788e-17
0.0345342017792
1.01348933808e-05
0.000567572462192
2.59993536862e-05
9.60152064937e-09
0.0221244523195
1.61536237656e-08
0.0221244523195
0.0345342017792
2.07680751974e-13
3.87936769519e-11
2.19442028679e-15
0.000161904998346
3.35595472433e-06
3.26015142131e-13
1.7047061912e-06
2.9282399108e-15
0.0199934852406
1.74012150719e-07
0.0345342017792
0.000118696805843
0.0345342017792
0.00783992074994
5.39124465761e-05
1.54140697445e-19
2.41490671763e-07
9.36243918659e-23
5.67466172575e-06
8.50756623585e-24
9.88085544984e-06
4.87980123489e-16
0.000110757312258
7.57960917607e-13
4.62426295698e-05
0.0221244523195
0.000231384516378
1.90857620029e-11
9.44202570713e-05
5.62041606841e-07
2.24068259438e-06
4.7850609352e-29
5.06513491568e-10
0.0345342017792
6.29015348181e-05
0.0104532276666
1.22306948494e-06
1.39039488761e-06
1.19025387203e-05
0.00222620494484
1.49882443912e-05
1.15188121532e-08
8.98479300434e-06
1.12163716364e-05
1.99967852566e-05
4.13448761244e-07
2.36265294265e-11
1.31940589983e-17
2.36838868595e-09
9.33280288804e-39
2.22335371654e-28
6.67049797536e-06
6.35627217243e-06
4.32816565448e-18
1.48861654695e-09
0.000584595842165
7.44091118466e-11
1.64966335661e-08
1.0620792441e-06
5.22162205361e-06
3.71744561319e-10
1.21717106962e-06
1.50023940952e-19
1.73960448472e-07
7.56397953881e-05
7.55406738857e-08
0.00452800637995
7.43294884732e-19
9.22226516707e-05
9.0033923655e-09
1.9363139078e-06
4.64212010661e-09
1.27145591978e-05
2.44035259394e-05
6.99985862311e-05
1.0052790907e-08
1.13840993436e-12
0.0199934852406
2.59117760494e-30
1.87716277389e-06
1.41998729331e-06
5.01051839193e-22
0.00147156501008
0.0345342017792
1.0422137754e-05
0.0149794450549
5.31265490016e-10
2.86041774581e-10
8.25366367858e-11
1.11324012747e-12
2.61591059052e-10
2.12904352483e-16
2.2538035119e-15
8.55308906706e-05
4.03175658893e-16
8.8990909144e-09
9.06565672071e-08
3.98771572218e-22
4.49410529187e-21
1.74137207275e-22
9.78237586399e-11
0.0345342017792
5.26605684077e-12
1.30465577675e-07
2.4512449038e-10
1.53074843767e-09
6.72881190564e-05
3.64341677383e-13
3.50039451103e-05
5.27004414866e-09
0.00311341159392
2.29992672794e-09
0.000310328001973
6.11559747384e-08
0.00137614976106
3.44566247049e-15
1.49242215421e-06
0.000104516293465
2.50463322768e-21
7.66509307548e-05
5.64313215391e-10
5.22476575809e-08
1.69384843774e-08
0.000231384516378
1.98854341726e-08
1.32048853101e-11
4.82475590665e-05
0.0221244523195
5.68473731692e-21
4.23277901382e-08
3.03788109122e-06
0.00384526308654
1.44448951892e-18
9.91292857123e-07
6.50649782552e-27
8.63297827562e-25
2.33551768631e-05
0.00185799230984
4.62968488227e-14
3.92326201444e-24
2.45727629771e-05
0.0345342017792
2.59471883656e-10
6.72076763424e-06
0.00137614976106
0.00145854806731
6.33305690821e-05
0.00267542293883
2.07763487919e-20
2.05148004373e-15
0.00705338774782
0.000371561784565
8.12635774664e-08
2.09058926976e-10
1.75945352861e-06
0.00451877654261
2.05158723292e-15
7.5143698674e-06
8.16746488505e-49
7.04684445105e-09
0.0199934852406
0.000310328001973
1.43511423958e-09
0.000100548323721
4.88000054952e-12
3.55678370242e-05
0.0199934852406
5.49080775748e-08
0.000107394758421
1.75606406862e-05
0.0199934852406
4.15219528914e-07
0.00179115481203
0.0199934852406
7.67215930617e-06
0.0130991799852
0.000288164480644
9.61487131468e-18
0.0199934852406
0.000183735275956
0.00170634670412
0.0130991799852
0.0199934852406
0.0199934852406
4.1664659561e-06
1.12854945279e-19
0.0345342017792
9.90206700364e-15
0.0130991799852
3.15437775972e-10
0.0345342017792
6.66503482011e-20
1.56861440421e-05
1.3681108304e-13
1.40073248863e-10
1.79981578655e-05
3.38726723398e-16
1.40088536537e-06
1.39450821266e-05
5.69961717683e-05
0.000200247035937
8.98429207425e-41
7.35582637578e-05
1.2836165852e-09
2.12381031362e-07
0.0345342017792
0.0345342017792
4.02376163971e-07
0.000729127150468
0.0345342017792
4.5941649798e-17
0.0130991799852
5.40936926888e-06
1.67580833045e-10
7.20826095977e-13
2.80690085008e-16
6.25625099928e-13
9.61056427526e-06
2.81518772558e-06
5.23073247435e-09
2.83396285386e-21
0.00705338774782
0.0221244523195
3.04808528536e-05
1.87423621757e-21
0.0199934852406
0.00132378117727
0.00026155336773
4.78105346571e-28
1.24809385765e-13
3.47642003587e-17
1.66530660243e-07
9.26528362042e-11
3.22168791946e-11
0.0149794450549
1.2546213122e-08
0.00147156501008
2.90069978191e-10
1.72359431959e-16
9.9253492042e-19
0.00281353625626
2.24643471328e-07
0.00783992074994
5.37528245939e-09
1.67775633408e-14
4.49166011881e-06
3.6852583703e-16
4.3122497017e-07
0.0345342017792
2.3071715486e-18
2.32169761125e-05
0.0199934852406
0.00232431036199
8.20645802698e-14
0.0199934852406
2.69150707511e-14
0.0199934852406
6.12727048518e-07
0.0130991799852
0.0345342017792
5.91390574642e-05
0.000140786420251
1.1348409744e-09
0.0149794450549
3.65332660085e-05
1.08611267265e-06
6.54735455993e-11
0.00485974444263
6.06113393198e-05
1.75050232679e-05
6.00207201372e-05
2.50051401359e-13
5.32939279472e-17
0.0130991799852
1.34361309122e-11
3.42706246261e-11
0.000371561784565
0.00451877654261
0.00705338774782
0.00705338774782
1.40260563216e-15
0.000306319115199
3.89578517426e-08
0.0345342017792
0.0199934852406
2.40793264548e-11
3.09206966758e-12
7.40968549327e-10
0.00147156501008
1.15972563199e-10
0.0104532276666
7.66360481122e-16
2.16861841862e-16
2.49977312974e-13
1.39912553453e-05
9.22351528144e-17
0.00112900655312
0.000259790054193
0.0104532276666
1.12514088929e-06
3.73202626379e-05
5.71450457101e-14
3.851919919e-27
0.0149794450549
0.000183735275956
6.7289135145e-15
2.04547514947e-08
5.94890198722e-23
0.000101366566247
1.01756322148e-05
0.000346120484455
4.35510480666e-11
0.00377846108284
2.02890672658e-07
0.0130991799852
0.0199934852406
0.00170634670412
0.0199934852406
9.89490542555e-07
1.79484661849e-12
0.0130991799852
2.51567371312e-06
1.24715753111e-07
2.75436720778e-07
0.00362803118826
1.54871932107e-15
2.19585451455e-06
0.000790285515518
2.96639835325e-16
0.0149794450549
5.84394162719e-08
2.80718086127e-10