500
6.73395716006e-09
0.0
5.48385700555e-07
8.26019585667e-05
1.13423375272e-12
1.70509597682e-11
1.08723906435e-11
2.18254415857e-11
2.52451500208e-15
6.76153338256e-09
8.40324788236e-07
0.000431243782359
0.0295319922875
2.18508322419e-07
0.00191657421977
2.94779992639e-05
0.000122986653135
1.06143426573e-07
4.80038193017e-09
4.91817355173e-06
1.63516283235e-47
6.27996848972e-11
0.00289433810453
1.05330225061e-05
3.28385194121e-16
9.94305351627e-06
0.0295319922875
2.19347804045e-05
1.71601377616e-05
0.0
2.05437506724e-09
7.49191734532e-05
1.04534902866e-08
0.000610977263705
1.93857569697e-06
1.0691744761e-13
0.0
0.0295319922875
0.00191657421977
0.00289433810453
4.56273476827e-10
4.69555121874e-05
1.7868730969e-07
4.43661933893e-06
1.33179821559e-20
2.08846801563e-10
0.000431243782359
1.22092906589e-07
1.65281284267e-06
6.78297396159e-11
0.00289433810453
0.0
9.94091400771e-14
0.00191657421977
8.5217327756e-19
1.00635201281e-06
5.83069168084e-10
0.0
0.000610977263705
0.0
2.21202706285e-08
2.80776525094e-05
0.000610977263705
0.000119481241724
3.30048756067e-21
0.000367509481154
3.78690221247e-18
3.13334666179e-08
4.64209006536e-08
7.21825349605e-09
3.40292782622e-15
6.86957879725e-12
1.44568488988e-05
3.7465829355e-05
5.00900182706e-18
0.0
0.00191657421977
1.08730125319e-10
2.45046829513e-15
2.60980075645e-07
0.0
9.9013191892e-10
4.13471669652e-09
1.05693066249e-05
2.46411050842e-10
6.03174845497e-17
3.60171265209e-17
6.40871075758e-09
0.000610977263705
7.58939580271e-07
3.34320490309e-05
4.10438616834e-09
1.92299735359e-16
3.32274372437e-10
8.28113973364e-11
0.00289433810453
3.13148866583e-08
1.00635201281e-06
1.57721105202e-11
0.000968414116172
3.5620501054e-06
0.0
1.28902723939e-09
4.65987742758e-14
0.00138234973363
0.000377824267275
2.80197445048e-07
0.000431243782359
0.0295319922875
1.13414881934e-11
4.87332444882e-06
2.81704311122e-16
3.0093409991e-07
0.00374863078995
5.84803207246e-06
1.49701554326e-06
0.000897775539585
0.000115117751341
7.0874719832e-07
1.04023482004e-08
6.3834028675e-08
3.66498062183e-13
3.55217205375e-16
1.28261950608e-10
3.15171185052e-13
0.0
3.94947752456e-06
1.43505389782e-09
3.07363561423e-08
0.00374863078995
1.33106952923e-06
2.84087967773e-07
3.31809423142e-16
4.85945410607e-22
3.19475768504e-12
7.65864573559e-05
7.46513913067e-06
9.87662144921e-07
7.67983951389e-19
0.0
1.71435818784e-06
1.61833782847e-15
0.00289433810453
2.80776525094e-05
0.000610977263705
7.3212534406e-10
6.323814908e-10
0.0295319922875
9.4712885367e-05
0.000641474769726
1.05767613084e-10
0.00620771346494
4.32564803543e-11
0.000123440654854
1.07390900805e-07
0.000225496456008
1.62368299892e-11
5.40309164656e-08
6.04926241728e-08
4.67242328874e-09
0.0295319922875
0.00374863078995
3.1489152419e-05
5.24163440546e-07
1.59056668315e-14
6.30201218755e-10
0.000610977263705
1.15808158087e-05
0.000124912923146
3.4411677469e-05
1.08046551835e-14
1.65281380968e-09
4.72065903981e-07
0.0
0.0
9.24724806259e-15
0.000143931151889
1.07347957066e-05
2.52511968331e-07
0.000102282764232
0.00289433810453
2.99961094432e-08
8.08858214025e-07
0.00289433810453
2.1611060114e-08
0.00374863078995
7.08842040464e-07
5.81763728757e-05
4.47234421059e-06
0.0
5.30829653308e-05
5.45793764776e-05
2.51740095153e-10
4.67634434992e-08
5.62527020183e-15
4.91587563199e-05
1.3394774244e-23
2.17534206022e-08
0.000610977263705
0.00191657421977
3.80845110942e-09
0.000175737074299
3.49772141536e-05
1.92659831342e-12
1.14573373865e-12
1.16717374449e-07
3.57317274608e-15
3.73174424667e-09
2.7451359185e-13
1.14385804235e-11
0.000367509481154
1.02653845049e-08
6.82840605211e-15
3.25504887919e-13
1.3448167739e-07
3.7223806168e-07
8.16733964153e-16
2.90589026731e-06
8.80262782117e-10
0.0
6.00867000887e-06
1.70931750466e-05
4.7399174022e-37
3.04434781141e-09
3.82281318379e-06
1.91092819854e-09
4.69831623907e-09
6.68128671942e-16
1.61500290985e-14
1.70419445764e-15
5.14910883048e-05
1.18416010051e-06
6.15084969049e-06
2.62716668948e-07
1.2893065237e-05
4.29478624717e-05
0.00289433810453
0.0
1.68417963623e-20
6.35140110604e-06
0.0
1.33001477845e-05
5.77266195619e-12
0.0295319922875
5.42979757553e-14
5.97664744258e-08
0.0
0.00191657421977
0.000167823279027
4.4696889916e-08
3.12779601684e-05
0.000243539219078
2.61965837934e-07
7.44175183611e-07
0.0
7.23984660352e-08
0.00620771346494
0.0
1.93857569697e-06
0.000820285816142
1.80420335918e-06
3.0668022376e-18
0.000364918642982
0.000549775734692
1.82013881491e-10
3.1814675967e-15
9.90967349083e-07
3.30767734818e-06
9.41020711328e-18
5.30829653308e-05
0.0
3.91143327885e-05
5.11483964945e-12
0.0
0.0
1.8495161702e-07
1.92488469392e-09
9.89053444491e-05
1.11895007992e-06
9.69984165025e-08
9.89453186133e-10
5.67897726766e-12
2.19347804045e-05
0.000377824267275
2.25703809306e-18
1.34482631094e-08
0.00374863078995
0.0
1.84378143566e-16
2.30762457571e-18
1.21519850759e-12
0.00191657421977
0.000136738302525
8.84056942866e-09
1.70227725081e-07
7.39114830012e-12
0.00289433810453
1.58944538053e-10
0.0
1.28823846089e-22
0.0
0.0295319922875
4.84761080465e-12
2.573704245e-12
5.30829653308e-05
4.39177638219e-10
0.000431243782359
2.81884705801e-08
0.0
0.0295319922875
0.0295319922875
0.0
3.09683014857e-08
0.000377824267275
1.33484343325e-05
7.44917360973e-13
0.000431243782359
1.7964482494e-05
0.000308892840422
2.3894694584e-07
8.42651114233e-06
2.68325264827e-06
1.4049879167e-12
2.49061610618e-06
3.9772015101e-14
3.15938474362e-32
0.0
4.29478624717e-05
3.57658378595e-06
2.34167416606e-07
0.000367509481154
8.29433459049e-07
0.0
7.38180215048e-06
3.8457415016e-07
1.26807743376e-12
1.38825833872e-09
1.95345279051e-20
2.92197566564e-11
7.6061237167e-05
3.26684964495e-07
1.40826746501e-06
0.00191657421977
1.71601377616e-05
5.86938441392e-11
8.45986398542e-07
1.02756552268e-06
0.00374863078995
0.000217691281994
2.57578279336e-11
1.2086353846e-07
0.000143931151889
0.0
3.57658378595e-06
1.20426822038e-23
2.4820113607e-05
4.67455820045e-17
0.000119481241724
1.16011625196e-06
1.4592800229e-07
1.36604134499e-14
4.90698934095e-13
0.00374863078995
2.48453114163e-14
7.51193661337e-16
0.0
0.0
0.00374863078995
0.0
0.000610977263705
0.00191657421977
6.69432966548e-20
6.7057494463e-15
0.000121485011444
1.15912906044e-05
0.000115202238426
0.0295319922875
7.07536333173e-13
0.0
7.3832437101e-15
1.09460566506e-06
7.67524301054e-11
1.86271064299e-06
0.00289433810453
5.01882928066e-06
7.18753449646e-27
0.000377824267275
3.77068626871e-06
4.20828088529e-09
0.000188793307578
0.0
0.000123440654854
0.000431243782359
4.44550721164e-08
1.15367661496e-05
0.00289433810453
0.000641474769726
1.02905700902e-05
0.000610977263705
1.16346874972e-17
2.58506094878e-06
9.63028793491e-07
0.0
6.04764021339e-05
6.04764021339e-05
1.39748169818e-09
1.81609547165e-12
1.73832729772e-08
0.000115202238426
0.0
1.03754322874e-05
2.18026741431e-17
6.20426165758e-15
5.42839926989e-07
3.14122795296e-10
2.90273044814e-08
0.000123440654854
0.0
4.6512952252e-12
1.12637844292e-07
0.00138234973363
1.47057642644e-07
0.0
2.52390942024e-06
0.0
1.22645055123e-17
0.000610977263705
2.43650111945e-07
7.78784715065e-09
6.32252199804e-06
9.38930049835e-12
0.000364918642982
1.47465210576e-09
7.84760834906e-06
9.61214225536e-06
0.00289433810453
0.0
7.49084291108e-06
3.5620501054e-06
0.000167823279027
0.00289433810453
3.98256629048e-07
4.5593936444e-08
0.0
0.000243539219078
4.49819659089e-05
0.0295319922875
0.0
2.446814016e-13
1.28965826041e-11
0.000115202238426
1.57721261505e-06
6.09029861941e-10
1.28025685517e-12
0.00191657421977
1.04498362488e-10
5.44713510113e-13
2.43227390214e-06
5.33497878346e-07
5.90478793996e-05
3.30679847001e-07
1.96999154149e-05
4.10311303348e-17
1.54084321949e-07
6.73974200862e-07
1.06405050428e-08
1.25281200366e-12
5.51746965735e-05
0.000243539219078
9.08141827965e-12
0.0
6.43646010348e-15
0.00191657421977
0.0
0.0
2.39429183868e-05
1.37693072892e-10
1.97678726986e-07
5.96801696408e-06
1.37710505956e-07
1.66336041257e-09
8.2327880995e-08
3.46933060388e-12
3.14017965847e-05
3.50257795049e-11
0.0
2.4528045655e-14
3.05767211513e-13
0.00289433810453
2.39485782742e-15
0.0
1.34711595355e-22
8.16061375151e-11
0.0
0.000308892840422
0.000641474769726
2.94779992639e-05
2.05578114295e-05
7.00451863012e-07
2.74182280328e-07