500
2.73934595703e-10
1.27217361172e-28
3.56716114183e-12
5.3254555992e-27
3.40393968515e-08
5.13541338645e-27
9.1590391868e-26
1.41133272025e-08
1.15767827533e-47
2.60083187079e-09
4.01402625388e-05
5.72295102727e-13
5.73092062264e-11
0.00181504304788
0.000577038830131
8.71679644697e-08
2.6797990177e-09
4.41556759663e-21
6.50457993457e-23
0.000203484243741
2.88354419969e-07
2.71862570151e-16
1.59687043758e-05
3.97982418373e-37
6.29399509005e-07
2.61746028281e-23
1.92777416829e-20
5.35961425309e-64
1.31219175083e-12
1.68265229011e-16
1.09391636182e-10
5.71229723332e-16
0.00312171052632
2.45435903463e-18
6.75228399546e-07
6.98724242571e-16
8.97796970375e-21
1.22923158449e-37
0.000109109415197
4.27568605505e-24
0.0003225587345
1.18215948269e-06
7.79814420493e-18
0.000109961832504
3.25918595334e-15
1.4722607298e-11
3.43665473447e-23
7.10178590592e-20
2.04001170968e-08
2.28836868324e-05
1.86646710944e-07
3.83257004541e-26
8.24300342866e-19
4.11833795452e-11
5.26752684575e-24
5.39466896601e-05
7.06740679705e-14
1.4319283132e-83
1.02336546201e-32
0.00795394736842
1.5843175469e-11
0.000220968054704
1.65663390274e-16
0.000272438060162
3.84269121684e-53
4.74278142685e-06
6.00953652174e-10
1.3593725492e-13
0.000585432498168
2.46068542752e-12
1.34019082119e-31
0.00137907039603
4.06408317793e-25
1.08491005932e-62
6.44236070837e-10
8.58210886609e-23
4.08288746756e-44
5.32941091017e-91
1.84300703887e-06
9.42801149319e-09
0.000753686776159
1.66182599507e-32
4.67065259859e-35
3.79116788029e-36
1.11516229321e-05
7.66129264284e-13
1.72987838205e-66
8.24910354138e-15
8.8788945758e-05
2.31912591791e-06
2.32598797659e-23
1.99001125792e-05
5.60363259567e-15
6.46972295214e-22
1.55955959672e-09
3.44759727808e-17
7.07144107231e-16
2.23555637177e-07
1.59811007623e-62
6.25148051938e-20
1.54925797307e-14
0.0003225587345
2.58898005743e-11
6.74036654388e-17
2.01742118731e-15
5.32208777815e-30
0.000120294335339
9.83341679524e-37
1.0512275484e-39
8.6720022915e-18
1.65985914054e-19
0.00113907546898
1.53754117349e-20
7.877951188e-17
7.7633381951e-25
1.53621700858e-19
6.19070362451e-11
4.71024017325e-10
2.26473001424e-58
8.33472849288e-16
1.36029266173e-21
1.73375290573e-54
4.20393567267e-20
5.24465817435e-09
3.18454892427e-25
3.02692635663e-11
2.559854423e-10
8.31445467984e-57
4.68631956081e-53
0.00101888788801
3.82082593162e-39
6.46076551925e-07
0.000148849433609
1.01819814549e-06
9.38210612989e-19
5.17028739143e-63
8.20376277745e-33
8.42041190902e-22
0.000360635070313
6.32144390362e-11
1.10299626396e-26
6.84066308283e-16
2.0001158272e-20
1.54995102726e-09
1.43126658061e-08
5.55924899331e-20
2.97493058679e-54
1.65106639712e-14
1.40325516003e-33
2.35044913256e-26
4.35104559413e-18
9.76078452921e-10
2.77021467157e-41
1.73378748984e-24
9.52677067146e-12
2.00806904127e-05
0.000200873991294
1.69410935275e-07
1.39409033442e-35
2.14998526094e-30
4.38847406494e-08
1.27143088715e-12
2.01972428354e-16
1.21077391982e-37
2.14260021523e-19
0.000769986267232
6.78344950559e-07
3.65596333151e-08
5.37075294e-41
6.35690249729e-15
1.25779664337e-24
4.84135799166e-30
0.00046179840646
1.67949442212e-08
4.36813507739e-08
6.02091174254e-21
4.53647482503e-87
1.42597707989e-11
8.11634497997e-51
3.87169559038e-11
9.72547624565e-05
3.40568446747e-16
4.81542582591e-21
1.25667368908e-29
5.09352761618e-30
2.14570345142e-05
5.95058656588e-13
3.19504082827e-67
3.50110600754e-09
7.89093620526e-50
9.64484931097e-16
1.50163894069e-32
2.52093580485e-05
4.69921561622e-40
9.44610309546e-31
3.19186946483e-09
7.04308499038e-19
7.95243688685e-24
0.00795394736842
5.3693387834e-11
0.00028365173496
2.11867249816e-15
5.6316733571e-12
2.36383491144e-34
3.3021785008e-21
1.82775922657e-16
8.42359975834e-13
5.26234491661e-09
1.73187445567e-19
2.03472760545e-18
8.21672394786e-15
9.14882330028e-32
1.92798034349e-35
4.46146653748e-08
3.29574627383e-29
1.55733614719e-07
2.95423301561e-23
5.82055097569e-18
2.73377525561e-05
2.39809517051e-16
5.3913369972e-33
5.36900517724e-15
1.78889630375e-36
0.000752698727603
3.96823873218e-19
1.16896314212e-23
5.78005865631e-26
0.000128148151836
2.10897785286e-13
1.2140034422e-26
6.18608669305e-05
2.67931909805e-38
1.20620221014e-15
1.28024690188e-06
1.84618862692e-10
2.10796278876e-17
2.93828651302e-08
2.51549081608e-40
0.00795394736842
2.00232401615e-07
0.000585432498168
0.00685667485667
0.0115413595413
7.41334237886e-06
3.19461230283e-09
5.73673922207e-67
1.25309415034e-05
0.000163441153016
2.87695333194e-06
9.79829671282e-60
0.000353858030318
3.68752288025e-78
4.09325928638e-34
1.22477640131e-08
3.62633655316e-15
9.28565709667e-10
1.65613370809e-15
4.16097578658e-05
4.50237107076e-05
1.98735395415e-11
5.81460585926e-11
6.49321540454e-12
3.14442546302e-12
3.37125974083e-20
6.37999471919e-23
2.65791668987e-05
3.98841301407e-07
1.05986766914e-40
2.4818213464e-60
8.81844385499e-43
1.30507812869e-11
2.51740935805e-13
0.00046179840646
2.11318436532e-58
7.75567493076e-37
2.66530593917e-06
8.3175659373e-09
1.11684666853e-23
2.28607710616e-24
0.0115413595413
2.58838652967e-40
2.22041882924e-08
7.5147494218e-23
2.52365769922e-07
5.10316590805e-10
2.17029008683e-07
4.94074875687e-22
1.71781961819e-05
1.07468319725e-10
9.9411436174e-16
6.74704840467e-07
0.000205992636068
8.59820857531e-40
0.000342816426757
3.11690776159e-20
1.08239614621e-11
1.50699553028e-05
2.19516911497e-12
1.72851655099e-21
3.71449655682e-13
1.3073257215e-64
6.12734142959e-16
2.12590002252e-05
2.06509592422e-08
3.59579467993e-11
2.6108166705e-18
5.29621465047e-15
2.6651363687e-15
1.33476451211e-12
0.0115413595413
3.02066303816e-10
6.47378860706e-08
0.00795394736842
6.51040461359e-11
6.06393750787e-76
1.23028853008e-32
2.71169729456e-08
2.28048825085e-63
1.59582660883e-07
2.24435280573e-75
5.29453710111e-15
7.52410562396e-27
3.14404914826e-17
9.65008495691e-05
1.19726238964e-16
5.02057013866e-23
2.09484641961e-06
0.000197623712961
2.26665547297e-29
0.000275109021536
1.10698894446e-22
0.00685667485667
3.34657122347e-20
1.83818406095e-72
4.6541236591e-12
5.58267478184e-23
4.88761860842e-37
6.30206773176e-13
1.72257419257e-14
1.39482416988e-05
0.000280126302887
7.36669357191e-84
8.59634647668e-21
1.27115785131e-06
1.26716371251e-08
6.98617819363e-14
6.84758191252e-06
8.32242957727e-06
6.77016190793e-16
1.09780134861e-40
4.72770971354e-18
1.18190962446e-28
3.27601990769e-21
2.69841479292e-27
9.7982042803e-07
4.65780617257e-08
5.28308053643e-31
1.01807356772e-31
4.57819544636e-25
8.40043525366e-13
1.2226078256e-40
4.08607025004e-17
0.00113907546898
6.23707089086e-15
1.4569879982e-36
0.00308763308763
1.9723887893e-08
3.7816272514e-37
1.07696051951e-49
2.07570627449e-06
0.000984213483711
9.01506613243e-45
6.69903261737e-49
0.00020146853228
2.64571139865e-30
1.14083368144e-37
1.58027543061e-10
0.000585432498168
0.00113907546898
1.22987641285e-45
2.10438303102e-10
2.74948747026e-11
8.96483009627e-53
2.22997440433e-05
2.04116460589e-14
5.38906436291e-23
6.57131841718e-11
0.0115413595413
0.0115413595413
1.23164264389e-33
4.31354244078e-05
1.7874250251e-11
3.03174872509e-35
6.5451488335e-05
1.7106097368e-23
0.000307160558026
1.59187795635e-17
1.41486156427e-25
0.0115413595413
1.88863928531e-09
0.00232129240574
1.58410920685e-12
4.92380893766e-22
4.0581764684e-48
2.29313244849e-14
5.61996177141e-07
3.39275021375e-21
1.3697692709e-09
1.62143963666e-07
2.57259388553e-23
7.86555477577e-16
3.14737604326e-08
2.41379943807e-13
2.53228097306e-15
7.46177242484e-16
4.26152100638e-43
3.29248075451e-05
4.41949942446e-27
1.13216344181e-07
2.27968210775e-20
5.08563707248e-05
3.89669513383e-11
0.0115413595413
0.00795394736842
2.32815157861e-48
3.75503475306e-20
2.50059991864e-14
1.64159414813e-10
7.39175330229e-08
1.25508335373e-31
4.07534378876e-05
8.48367093916e-07
3.48189752397e-07
1.23682654223e-29
0.00795394736842
7.57429643349e-05
0.000106149965788
2.89217687019e-14
1.5802984708e-30
8.58724232051e-18
2.27762617063e-32
1.3199113249e-05
2.83817883934e-19
1.49168285232e-14
3.41589625247e-70
6.39935154006e-12
3.94461277711e-18
8.17695945639e-16
1.37078132189e-14
1.73255996504e-14
5.5687949092e-12
5.06125417275e-17
1.65709606938e-30
0.000753686776159
1.22073103407e-19
5.32726241679e-19
8.6357984729e-07
1.07640022115e-33
6.08942998338e-18
5.9290407574e-27
2.03693428485e-14
4.08633260926e-08
5.80932920695e-23
9.92588430534e-06
1.57492104321e-09
5.10523789221e-41
3.29486159332e-11
1.73187364231e-25
1.17538897859e-21
3.40034766028e-14
3.87855940508e-07
1.5046504934e-19
9.60183901291e-26
3.95538334462e-08
2.79234382719e-36
3.31764057088e-76
6.66537571055e-56
4.54955098567e-08
1.60166653277e-13
4.27891439743e-21
2.82631232437e-27
9.59061340784e-61
1.23054092082e-21
4.42248425835e-09
0.00181504304788
0.000295801799245
5.78556303295e-09
9.23131347264e-28
1.07686696487e-06
7.40149762044e-41
1.01157187966e-82
2.06351596416e-17
1.29780028201e-06
1.89236124154e-05
9.35961986932e-22
1.20780159056e-28
3.68181784733e-08
1.20709118141e-15
1.69629068899e-21
1.58001915536e-13