500
0.0019727501068
6.34342194591e-07
3.48457876784e-05
0.0
0.00385351669349
0.00385351669349
0.000758838921653
0.000277653143321
0.00385351669349
5.95710941365e-08
0.000334057915309
0.00740756867512
0.0062680502
0.0217673183446
0.00740756867512
0.000124285288876
0.00385351669349
0.000247271593177
0.0019727501068
0.0217673183446
0.00121077987463
0.0062680502
1.33324943363e-07
0.000440918574469
0.0217673183446
0.00740756867512
2.50366052209e-09
3.49618700618e-11
0.0062680502
0.0
0.000466264327471
0.00385351669349
4.61997263675e-07
0.0
2.72139350989e-05
0.00740756867512
0.00385351669349
0.00183544793444
1.14173584941e-05
0.000831526659604
0.0217673183446
0.00219621893372
0.0
0.000408587637934
0.000285006741987
0.000400920852122
0.000758838921653
0.000400476072067
0.0217673183446
1.28128986745e-08
0.000831526659604
4.76972621657e-05
0.00740756867512
0.00385351669349
0.00121077987463
0.0217673183446
0.0062680502
1.48934808778e-08
3.34299019891e-05
1.16570593158e-05
0.00183544793444
1.59921943482e-10
0.00219621893372
0.000193494739814
5.5727559098e-06
1.8964853616e-05
0.0
4.95918613609e-05
0.000400476072067
5.73037657757e-08
0.000154461101232
0.000508753521527
0.000400920852122
0.0217673183446
0.0217673183446
0.00740756867512
0.000894378657466
1.36924738288e-06
0.0217673183446
0.0217673183446
3.45749715346e-05
8.59921857815e-05
1.27269247634e-06
2.38642435907e-05
0.000154206880065
0.00740756867512
0.00183544793444
4.04812254083e-05
0.000248486688946
0.000609943863219
0.000216184565949
5.5570275887e-05
0.0062680502
0.000216184565949
0.00740756867512
8.74362999616e-05
0.000861043623069
0.0217673183446
0.00121077987463
0.000894378657466
0.000656483171005
0.00385351669349
1.2409608654e-05
0.0062680502
0.000424831696937
0.0217673183446
0.0
2.96386297952e-06
0.0217673183446
5.44673619143e-07
0.00144574713747
7.39440883542e-16
7.97232308623e-07
0.000188602396188
0.0217673183446
0.000334057915309
3.6912465083e-06
0.000154206880065
0.000277653143321
0.0217673183446
3.53319639641e-11
0.000651614659595
0.000832470936709
0.00219621893372
0.00025699374489
0.00144574713747
0.00144574713747
1.95708195061e-05
0.000609943863219
0.0217673183446
0.0062680502
0.0217673183446
0.0217673183446
8.16290974683e-05
0.0217673183446
0.0062680502
0.0062680502
0.000831526659604
5.5570275887e-05
0.000400920852122
0.0
0.0217673183446
0.000273898304175
0.000832470936709
2.29168318735e-12
5.90583237195e-05
0.0019727501068
0.00121077987463
0.00385351669349
0.000108651426441
0.00219621893372
0.0217673183446
0.000768408779808
0.0217673183446
0.000595381111951
5.40507266108e-05
0.0217673183446
9.77407354995e-05
0.000104460287229
0.000176329136396
0.00144574713747
0.000832470936709
1.00072755004e-06
0.000122111848972
0.000424831696937
0.0
0.00740756867512
0.000440918574469
0.0217673183446
0.0217673183446
0.00740756867512
0.000641621646319
0.000758838921653
0.000641621646319
0.0062680502
0.000651614659595
1.97386241422e-05
0.00121077987463
0.0062680502
5.58261850719e-05
0.000208579368694
0.0217673183446
1.10135905436e-05
0.0217673183446
0.0
8.05248923714e-06
1.77484678239e-05
0.00740756867512
0.0
0.0217673183446
0.000334057915309
9.60734200164e-07
0.0217673183446
0.000440918574469
3.43149383745e-06
0.00183544793444
0.00144574713747
0.00144574713747
0.000108651426441
9.20674354158e-09
0.0
0.0217673183446
0.0217673183446
1.00180768429e-06
2.56821545185e-09
0.0
0.000368538564144
0.00183544793444
0.0217673183446
0.000609943863219
7.29339794015e-07
3.93424839248e-07
0.0217673183446
0.000285006741987
3.11256993816e-09
0.0
0.00385351669349
3.99088403361e-06
3.085366492e-09
0.000239193851659
3.57757131459e-06
0.0019727501068
0.0217673183446
0.00740756867512
2.75723027735e-06
0.000153064287893
0.0
1.21049719621e-05
2.82449743442e-05
0.000277653143321
0.000277653143321
0.00740756867512
0.0217673183446
0.0217673183446
0.0217673183446
0.00740756867512
1.00025377116e-08
7.06677075027e-06
0.000400920852122
0.0019727501068
4.37070507832e-05
0.000229216486893
0.000651614659595
0.000832470936709
0.0217673183446
0.0
0.0062680502
0.0217673183446
0.0062680502
0.000831526659604
0.0
0.0217673183446
0.0217673183446
0.00183544793444
0.0
0.00183544793444
0.0
0.0217673183446
0.00037827025573
0.0062680502
0.0217673183446
0.0
0.00037827025573
0.0019727501068
0.0
0.00183544793444
0.000832470936709
3.41966250869e-05
0.000186105193257
0.000247271593177
0.0217673183446
2.21707650093e-07
1.79879606768e-05
0.000292866763209
0.0217673183446
0.00740756867512
0.00740756867512
0.0217673183446
3.44904064955e-05
1.46921136574e-05
0.000832470936709
0.0
0.0217673183446
3.20805725753e-06
0.000408587637934
0.00183544793444
0.000642636397007
1.04796765354e-08
0.0
0.000508753521527
8.52549964915e-08
0.0217673183446
7.14562467534e-09
0.00385351669349
0.00740756867512
0.0217673183446
0.0
3.57757131459e-06
0.000229216486893
0.00740756867512
0.0
2.99657347266e-05
9.55403534044e-06
7.20989511967e-06
0.000832470936709
0.0062680502
0.00025699374489
0.0062680502
0.0
0.0217673183446
9.40408967717e-07
0.00219621893372
0.00144574713747
0.000213626137872
6.38610652594e-05
0.00385351669349
0.0217673183446
0.0217673183446
0.000277653143321
0.0
0.0217673183446
0.00740756867512
0.0062680502
0.000277653143321
0.000595381111951
0.0217673183446
0.00385351669349
0.00740756867512
0.000248486688946
0.000334057915309
0.0
0.0217673183446
5.02482791487e-07
0.0
0.00183544793444
0.00385351669349
0.000656483171005
0.0062680502
0.00385351669349
0.00385351669349
0.000104460287229
1.67507886935e-08
0.000832470936709
1.16494466019e-07
0.000154206880065
0.0217673183446
0.000180707646535
0.0
0.00183544793444
0.0062680502
0.0217673183446
0.00183544793444
0.00740756867512
4.28543976269e-05
0.0062680502
0.00385351669349
0.000595381111951
0.00740756867512
0.0062680502
0.0
0.000758838921653
0.0217673183446
3.04783354045e-05
0.000248486688946
2.39223896246e-05
1.93961734954e-06
0.00740756867512
0.000861043623069
0.0217673183446
0.00144574713747
0.000104460287229
1.02585267923e-06
0.000285006741987
0.00048344869341
0.000656483171005
0.000212474948978
0.0062680502
0.0217673183446
0.00183544793444
2.10258411882e-05
0.00740756867512
0.00183544793444
0.0217673183446
0.0217673183446
7.117302952e-05
0.0217673183446
0.00740756867512
7.29377979094e-07
0.0019727501068
0.0
0.0062680502
0.000239193851659
0.0062680502
0.000220154108848
0.0
0.000127080424255
2.82449743442e-05
1.65764707227e-06
0.0062680502
0.000400920852122
0.0217673183446
0.000408587637934
0.0062680502
2.27996335026e-05
0.0
0.00385351669349
0.0217673183446
4.68181415029e-07
0.0217673183446
0.000186105193257
0.000642636397007
1.07902265225e-05
0.000832470936709
0.0217673183446
0.0
0.00740756867512
0.0217673183446
0.0217673183446
0.0217673183446
2.43506038719e-06
0.000831526659604
0.0
0.0062680502
0.000213626137872
0.0
0.00121077987463
1.69763865084e-05
1.66736411921e-05
0.0
0.00219621893372
4.97752197169e-08
0.0217673183446
0.0
0.0062680502
0.0217673183446
0.0062680502
0.0217673183446
0.0
3.62256759948e-05
0.00183544793444
1.54198345862e-06
2.11968540355e-05
0.0217673183446
2.61901614095e-12
0.000424831696937
0.0217673183446
0.0217673183446
0.000642636397007
0.00385351669349
0.00183544793444
0.0217673183446
0.00144574713747
0.00037827025573
0.00740756867512
0.000408587637934
4.9031306208e-07
0.0217673183446
6.6455614089e-06
0.0019727501068
0.0217673183446
1.75303464179e-05
0.0217673183446
0.000408587637934
0.00219621893372
0.0062680502
0.0
6.12147376779e-06
0.0217673183446
0.000832470936709
0.0217673183446
4.25551437956e-05
2.37597153575e-06
5.58261850719e-05
0.000292866763209
3.94807252849e-07
3.62856851856e-07
1.00416084334e-08
0.0217673183446
0.00183544793444
0.0217673183446
0.0217673183446
0.0217673183446
0.0062680502
0.000832470936709
1.18485331769e-07
0.0217673183446
8.15931543114e-07
7.22563000321e-07
0.000109272070138
7.117302952e-05
0.0217673183446
2.05993826246e-06
1.02372073363e-05
0.000212474948978
0.0217673183446
0.000248486688946
8.97121315487e-06
2.8509337854e-05
0.00183544793444
1.8043703089e-05