500
2.54350672136e-07
4.25229783616e-05
0.00329620533604
7.97850738274e-29
1.00693699916e-05
1.78392350851e-10
1.14105229243e-08
3.47666326343e-11
0.0233600639032
0.00482488027449
1.55505832709e-07
7.24256737386e-17
0.000996853236445
2.59499502014e-21
1.13578784087e-06
0.000195450918823
1.8589113693e-05
2.51232076013e-09
0.00262904613672
0.0233600639032
4.35882753833e-34
4.43147045728e-08
1.51719917312e-05
2.28804551785e-05
0.0011969792088
4.6798884654e-19
0.0021863123997
0.00329620533604
0.000849728040859
0.0157644603028
0.0166721110475
0.000587825562512
0.0233600639032
7.21186191033e-29
9.71633046861e-09
0.0157644603028
8.05085228126e-19
1.73047169109e-11
1.81393999582e-08
1.55036874154e-50
0.00291403660143
0.00793000124322
1.22250409357e-09
3.80487010819e-09
3.64518087149e-11
1.46165412256e-07
0.0233600639032
0.0166721110475
4.00308689946e-12
1.43386983149e-07
6.81772422236e-20
5.97385376072e-06
2.30654209454e-36
0.0233600639032
3.46554478755e-12
2.04477289304e-05
0.0157644603028
0.0157644603028
3.69132580787e-16
0.000202057675384
1.81519100576e-05
3.84300710845e-13
0.00131533244681
4.36730319232e-12
0.00482488027449
8.98752849521e-13
2.91663566097e-07
0.0021863123997
2.27856355327e-09
1.69841460528e-06
0.0233600639032
0.0233600639032
4.21814141492e-17
0.00211776900479
3.26463349399e-07
2.95154894946e-05
1.14947670865e-05
1.26157049444e-09
1.69539182355e-17
3.01963765343e-11
2.44078554626e-12
0.0157644603028
0.0233600639032
0.0233600639032
7.96455427633e-36
1.50191283294e-05
0.0233600639032
0.00012229358186
0.00262904613672
3.86873745006e-06
5.01822296683e-05
0.0157644603028
3.04103244346e-08
1.7194598309e-06
2.75086553915e-08
0.0233600639032
0.00329620533604
0.0233600639032
1.28083806783e-10
6.29580773443e-07
7.41634823064e-11
1.71826228175e-05
0.0166721110475
0.0107962667528
0.0166721110475
1.24441487732e-05
2.23815890965e-19
4.99107952019e-09
0.000366663469686
1.55483962078e-25
0.0157644603028
0.0233600639032
1.59215686207e-19
0.0166721110475
8.04032810887e-40
0.00793000124322
0.0157644603028
4.48125133194e-15
0.00389576836623
8.16733526538e-07
4.83107898564e-10
1.19866859369e-22
4.63004996161e-07
0.0166721110475
0.0157644603028
5.22040755095e-07
6.42996866279e-12
2.53983145356e-05
0.0157644603028
5.97888322102e-12
0.0233600639032
3.24578451311e-10
0.0011187087747
0.0166721110475
1.02354847067e-07
0.0166721110475
0.0166721110475
1.56465443772e-06
0.000158004731461
0.0107962667528
1.18319805428e-09
6.82615410531e-17
0.00278041545974
0.0233600639032
0.0233600639032
2.63269599003e-08
8.61016739914e-13
0.0107962667528
4.98177536475e-19
1.50635824594e-06
0.00291403660143
1.37478730392e-08
0.0157644603028
1.66605461137e-05
0.00291403660143
0.0166721110475
3.4461536667e-05
6.61463658235e-06
1.37582733644e-09
0.0233600639032
3.81738806317e-05
6.15448116352e-16
7.2492729763e-25
0.0157644603028
0.00203119922096
8.48108850249e-08
5.46103258567e-06
0.0233600639032
0.0233600639032
0.0107962667528
2.27322874272e-07
2.12358683447e-15
3.06052755278e-05
7.88169499988e-10
8.93715350646e-11
8.65469696678e-08
2.82725516429e-07
1.91105271683e-10
8.83829772497e-12
4.02912326613e-05
9.99103983568e-09
0.0157644603028
6.74619137494e-12
1.20413637631e-05
3.39000782075e-20
1.84031810631e-05
0.000379766168917
0.00793000124322
0.0166721110475
7.06587901606e-06
0.00291403660143
1.13044551158e-10
7.16436574595e-17
0.0166721110475
1.43641262565e-08
0.000423739367748
5.34423097784e-06
1.94152375129e-23
0.00180049826333
3.05215876929e-05
2.45730421084e-06
4.66809210156e-10
9.26129785551e-11
3.48235633108e-08
0.0233600639032
2.49714743328e-12
0.0233600639032
6.52403770286e-08
0.0233600639032
1.22636789358e-11
0.0157644603028
3.52708656084e-09
0.000106216099544
5.33091821722e-28
2.14221160163e-17
3.89426455571e-14
0.0166721110475
2.0527901816e-11
2.49362990393e-17
0.0157644603028
7.14378875906e-14
8.93017673366e-07
3.4743027383e-06
2.8551015811e-08
0.0166721110475
2.42128163348e-06
1.71332844894e-07
3.68863529954e-06
0.000632667185186
0.00291403660143
7.2447850488e-13
0.00291403660143
1.48069590289e-08
4.87051033654e-05
0.000544207074527
2.88159687647e-12
0.0166721110475
4.68410471392e-23
0.000242042357136
1.45025970182e-22
1.85919546335e-18
5.10234807949e-08
0.0157644603028
8.72006500591e-22
3.63116658942e-08
0.00482488027449
3.44567432511e-08
0.000676754816867
0.000107690149765
0.000118530638719
0.000148824277012
4.92816852275e-06
1.38186093796e-05
1.07690558368e-08
0.00793000124322
2.75280682063e-16
2.98136322215e-12
0.0166721110475
6.20314429613e-14
0.0233600639032
0.0157644603028
0.0233600639032
7.41840506693e-10
2.28993661951e-13
9.89600709757e-09
0.0233600639032
1.44585437393e-16
2.69253992165e-06
1.03747228839e-17
2.76839239438e-05
0.00329620533604
4.78538219283e-10
1.04854919408e-10
1.03386989611e-06
0.0166721110475
4.15669280356e-23
0.000984488016907
0.000324752374932
0.00697457940669
3.80403666049e-05
0.000119524289121
0.00262904613672
3.81040145611e-07
3.09438551399e-07
0.000485975194969
4.29110447195e-05
0.00697457940669
8.77651205263e-07
0.0233600639032
4.15746218572e-15
2.34251440402e-37
3.03714433611e-16
9.45887834197e-14
9.46571522224e-05
5.71120908679e-21
7.34540436381e-07
4.44081735263e-13
3.35357402008e-09
3.75109539851e-06
0.0166721110475
6.11226075179e-21
1.29536407038e-07
8.20782857425e-18
1.8233071162e-05
0.00697457940669
2.92276577441e-19
6.06303349014e-20
5.18219567738e-10
0.0166721110475
3.58147445878e-30
1.10635291131e-05
9.20727237434e-16
0.0157644603028
3.69217975028e-17
0.0157644603028
0.0166721110475
0.0233600639032
4.59016445804e-09
0.00040413653449
0.00015480059651
3.72459729854e-15
7.41764448954e-12
8.15557673576e-11
0.00284600693137
1.71012842817e-09
0.0233600639032
3.79617983016e-08
0.00793000124322
9.64632368325e-08
2.60704165406e-08
7.09927613075e-07
5.10652953355e-14
0.0233600639032
3.93463234387e-06
0.0157644603028
0.0013794115767
0.000593720776013
0.00192061817454
0.0233600639032
4.49824620899e-05
0.0166721110475
0.00300957878508
0.0166721110475
0.00697457940669
5.61907037659e-07
1.17693187178e-12
3.98531039866e-13
8.82674420073e-18
7.54245943662e-11
3.66666734673e-05
0.000292398330986
3.22512523151e-22
0.000193216440012
1.61327377945e-12
6.99492748041e-29
1.83724368604e-17
4.64949516494e-11
0.0107962667528
0.0233600639032
0.00793000124322
0.00323971746501
4.42312551753e-18
1.29495014238e-10
1.2206679243e-06
3.10655922961e-13
6.06181752959e-07
0.0021863123997
3.47027635211e-07
4.07966771665e-07
0.00291403660143
0.00482488027449
0.0157644603028
9.41534967515e-13
9.95105017079e-05
0.0157644603028
4.2673381038e-07
0.000269397701619
2.91873881591e-21
0.000804647453966
7.36373965472e-05
0.00300957878508
0.000163360285572
7.13806633192e-12
9.50070356133e-14
0.0157644603028
2.92739722466e-10
3.6815848502e-06
8.16306560038e-36
6.1909772871e-10
0.0166721110475
1.28872885595e-05
6.25135210423e-07
5.71044414467e-08
2.26682021019e-08
3.11299728005e-10
1.29385807723e-06
1.16798660712e-05
7.25629798788e-08
7.06302224194e-05
4.83040856014e-30
4.01656103461e-12
8.67660317289e-16
1.84929420251e-19
1.8385629299e-08
0.0233600639032
2.01112989573e-08
0.000157854612381
5.62111111897e-13
0.00149729273434
0.0166721110475
2.94140010456e-09
0.000396125714151
1.19531688175e-10
0.0157644603028
1.0188916304e-11
1.89846108215e-39
2.05195956023e-07
0.0166721110475
2.02387849456e-15
0.0157644603028
2.37493528478e-20
5.10716672913e-16
0.0157644603028
5.38509743317e-14
3.55447602269e-09
1.96361490448e-07
1.48985868163e-10
2.47714570878e-23
0.00192061817454
0.00697457940669
1.85120438536e-05
0.00793000124322
1.28174771501e-12
0.00697457940669
0.0166721110475
0.0157644603028
0.000188350569144
3.73150486526e-15
0.0166721110475
0.0157644603028
7.52871666442e-11
0.000672723043
4.01457768774e-07
7.40545058401e-16
1.18008717273e-08
4.44723623209e-18
3.41896151974e-38
2.05869405805e-16
2.69837890632e-15
1.88215641676e-08
1.39513636327e-12
2.90480191092e-05
2.64888360743e-05
0.0233600639032
2.04579407703e-05
0.0011969792088
1.28370642964e-08
0.00192061817454
1.5706307667e-06
0.0233600639032
7.94304796858e-25
3.00752321569e-08
0.00482488027449
2.98549662715e-13
0.0233600639032
0.0233600639032
0.0233600639032
1.08757414998e-15
3.93772651749e-09
0.0233600639032
0.0107962667528
5.57655672435e-15
0.00793000124322
8.58309375677e-08
8.52217816981e-07
6.04574074521e-08
0.0166721110475
9.01780528538e-14
0.0233600639032
4.69099124165e-05
0.0157644603028
1.55921321665e-28
1.03086525907e-21
8.06742656789e-22
7.56616086487e-06
1.36477904048e-09
1.80436581691e-12
2.63519525578e-07
1.16274593779e-20
0.00697457940669
7.48740704086e-06
3.0659074125e-05
0.000397048284835
8.04325205174e-19
4.41044616338e-06
0.0233600639032
5.94838071944e-25
8.32950336738e-05
1.13024664773e-05
2.3331605754e-11