500
1.01077441033e-05
6.67913316869e-05
0.0
0.0
0.0
0.0
0.0
0.0
0.0
0.000796554857879
0.0
0.0
0.0
0.0
0.0
0.0
0.0
0.0
2.45929901795e-07
0.00137134221504
0.0
5.07880520426e-06
0.00137645961422
0.00360814297981
0.0
1.61505812187e-05
0.017629278864
0.00137645961422
0.0
0.0104882245076
0.00155294584162
0.000146446139237
0.0
0.00360814297981
0.0
0.0
0.000272338203476
0.00137645961422
0.00575835780574
0.000489257133314
0.0
0.00227396537567
0.0
0.0013662420793
1.72711512753e-07
0.0
0.00575835780574
0.0
4.48892680865e-06
0.00137645961422
0.0
0.0
0.00396953316346
0.0
0.0
0.00210450981024
0.00387555028598
0.0
0.0
0.0001855648608
0.0
0.0
0.0
5.78250781892e-06
0.0
0.0
0.0
0.000956938896285
0.0
0.000103267705523
0.0
0.0013662420793
0.0001855648608
0.0
0.00396953316346
1.11122696961e-12
0.0
0.0
0.000489257133314
0.0
0.0
0.0
0.0081835691476
0.0
0.0
0.0
0.00575835780574
0.00148005682311
0.0
0.00257064177755
0.000128447269234
0.0
0.0
0.0104882245076
0.0
0.000272763429957
0.0142403622597
0.0
0.0
5.42206120803e-05
0.0
0.0
0.0
0.00396953316346
5.2234535123e-06
0.00242006741486
0.0
0.00387555028598
0.0
0.00575835780574
6.25047468467e-05
0.0
0.0
0.0
0.0
0.00396953316346
0.000623526275817
0.0
0.0
3.37421225984e-05
0.0
0.0081835691476
0.0
0.000144572035806
0.0
0.0
0.00021227668562
0.0
0.00387555028598
0.000104461456475
0.000125919989822
0.0
0.0
0.0
0.0
0.0
0.000329458610249
0.0
0.0
0.0
0.000224228119728
0.0
7.61063005793e-06
0.0
1.31470353965e-06
2.2454508507e-06
0.0
0.000217154956491
0.0
0.0
0.0
0.0
0.0
0.0
2.1577813553e-05
0.0
0.0
0.0
0.0
0.000489257133314
0.0
0.000411749314085
0.000272338203476
5.1383864351e-06
0.0
1.33449061502e-05
5.23781348388e-05
0.0
0.0
0.000640156378265
0.00387555028598
1.0207397726e-05
0.0
0.0
0.000796554857879
0.0
0.0
0.0
0.0
0.0
0.00137645961422
0.00227396537567
3.97244895182e-05
0.0
0.000807182658193
1.88882130448e-07
0.0
0.0
0.0
0.0
0.0
0.0
0.0
0.000509491159301
1.85154665386e-05
0.0
0.0
2.01425965359e-06
9.85106019033e-06
0.00257064177755
0.0
0.0
0.000796554857879
0.0
0.0
0.00242006741486
0.0
0.0
0.000509491159301
0.000985308636414
2.10440981825e-05
0.00227396537567
0.0
0.0
0.00227396537567
0.0
0.00387555028598
0.0
0.00575835780574
0.0
3.14669857248e-05
0.000329458610249
0.00227396537567
0.0
0.0142403622597
0.0
0.00242006741486
0.0
0.0
0.00137645961422
0.0
1.90197260162e-05
0.0081835691476
1.02637626291e-08
0.0
0.00012727295929
0.0
0.00396953316346
0.00575835780574
0.000640156378265
0.0
0.0
0.0
0.000591362225287
0.00137134221504
0.000248141326561
0.0
0.0
0.0
3.18205695854e-06
0.0
0.000375275096724
0.000306875186381
0.0
0.000139382559904
2.75115770026e-06
0.00210450981024
2.27706671688e-06
0.0
0.0
0.0
0.0
0.00085610049943
0.0
0.0
0.0
2.58566332215e-11
0.0
0.0
0.0
0.000591362225287
0.000125919989822
0.000807182658193
0.00210450981024
0.000411644101619
0.0
0.00105661413144
0.0
2.53205201091e-05
0.0
6.77976054458e-08
0.000765226367512
0.0
0.00242006741486
0.0
0.0
0.0
0.0064348304626
0.0
0.00575835780574
4.45738594003e-08
0.0
0.0
0.00575835780574
0.0
0.0
0.0
0.0
3.31279091127e-05
0.0142403622597
0.0
0.0
0.0
0.0
2.95800219045e-10
0.0
0.00137645961422
0.0
0.0
0.0
0.0
0.0
0.000248141326561
0.00137645961422
0.0
1.27927517882e-05
0.000317083655971
0.0
0.0
0.0
0.00396953316346
0.0
0.00210450981024
0.0
6.30202437239e-07
0.00257064177755
0.0
0.0
6.67913316869e-05
0.0
0.0
0.0
0.0
0.00227396537567
0.0
0.000148207482075
0.0
4.4687037761e-08
0.00021227668562
0.0
0.0
0.0
0.000985308636414
0.0
0.0
0.00210450981024
0.0
2.1577813553e-05
0.0
0.00137134221504
0.00575835780574
0.00575835780574
5.18314981261e-05
0.0
0.0
0.0
0.00396953316346
0.0
0.0
0.0
0.0
0.00575835780574
0.000525705660628
0.0104882245076
0.000101895066041
0.000468912245515
0.0
0.0
0.0
0.0
0.0
0.00148005682311
3.70860901258e-07
0.0
0.0
0.0
0.00242006741486
0.0
0.0142403622597
0.0
0.0
0.0
0.0
0.0
0.00227396537567
0.0
5.84094605704e-09
0.0
0.0
0.000110844823542
0.0
0.0
0.0
0.00227396537567
0.0
0.000577274566512
0.00387555028598
0.00575835780574
0.0
1.08440901723e-05
0.0
0.0
0.0
0.00111773432392
0.0
1.72817966411e-05
0.0
0.0
5.20489158442e-10
0.0
0.0
0.0
7.53574198725e-05
0.00242006741486
0.0
0.0
3.18205695854e-06
0.0
0.0
0.0
0.0081835691476
0.00227396537567
0.00387555028598
0.000525705660628
0.0
0.0
0.000364559245088
0.0
0.00396953316346
0.0
0.0
0.0
0.000306875186381
0.0
0.0
0.0
0.0
0.000311606988088
0.0
0.0
0.0
0.0
0.0
0.0
0.0
2.22033184848e-05
0.0
0.0
0.0
0.0
0.0
0.0
0.0
0.0
0.00387555028598
0.0
0.0
0.00227396537567
8.49551541915e-05
0.0
0.0
0.0
0.0
0.0
0.0
0.0
0.0
0.00155294584162
0.0
0.0
6.08713179681e-06
0.0
0.000570123739307
0.0
0.0
0.000423586193229
0.0
0.0
0.000956938896285
0.0
0.0
0.0
0.0
0.0
0.00387555028598
2.16170038331e-05
0.000197456829155
0.0
0.00396953316346
0.0
0.0
0.00012690979802
0.0
0.0142403622597
0.00588270837079
0.0
0.0
2.71764606734e-05
0.0
0.0