500
0.0236569529882
0.000849773996123
0.000118913409679
0.00201208660593
0.0111517502021
0.00933317819471
0.0111517502021
0.00013767157614
0.105982828154
0.000466794270189
0.105982828154
0.0236569529882
0.105982828154
0.0236569529882
0.00213729195018
0.105982828154
0.105982828154
0.0236569529882
0.0236569529882
0.0111517502021
0.105982828154
0.0236569529882
0.105982828154
0.105982828154
0.000849773996123
0.0106362094046
0.0127949610713
3.38568266885e-05
0.105982828154
2.37991960848e-05
6.2431198975e-05
0.0122777258218
0.105982828154
0.105982828154
0.000663580129918
0.00370045869395
0.000827302174783
0.0236569529882
0.000216021632355
7.3909461486e-05
1.39646981791e-05
0.105982828154
0.105982828154
0.105982828154
0.000154400186018
0.000849773996123
0.00167449123836
0.105982828154
0.00113768207258
0.105982828154
0.00933317819471
0.0236569529882
0.105982828154
0.00933317819471
0.0236569529882
0.00116803574664
0.105982828154
0.105982828154
0.000119558601387
0.00076792232727
0.0127949610713
0.0111517502021
0.00506653244256
0.0236569529882
0.0127949610713
0.0236569529882
0.105982828154
0.00249373922967
0.000706320353939
0.00099979842575
0.0127949610713
0.0236569529882
0.0236569529882
8.13172369171e-05
0.105982828154
3.91601901001e-05
0.105982828154
0.105982828154
0.00112138366662
0.000119558601387
0.0236569529882
0.105982828154
2.74432256743e-05
0.105982828154
0.0236569529882
0.105982828154
0.105982828154
0.00933317819471
0.00421504245735
2.21821080809e-05
0.00167449123836
0.00136522286737
0.105982828154
0.000312832935022
0.000854909992537
2.7793441859e-07
0.00370045869395
0.0127949610713
0.00116803574664
0.00370045869395
0.105982828154
0.105982828154
0.0236569529882
0.0
0.00213729195018
0.0236569529882
0.00370045869395
0.0236569529882
0.0236569529882
0.00213729195018
0.0236569529882
0.105982828154
0.0236569529882
0.000161819011666
0.00506653244256
0.105982828154
0.0236569529882
0.00421504245735
0.105982828154
0.00506653244256
0.105982828154
0.0236569529882
0.0236569529882
0.105982828154
0.00441850580849
0.00506653244256
0.0236569529882
0.0236569529882
0.0
0.000340862196726
0.0127949610713
0.105982828154
0.105982828154
0.105982828154
0.0236569529882
0.000542972790468
0.105982828154
0.105982828154
0.105982828154
0.105982828154
0.0236569529882
0.0122777258218
0.00249373922967
0.00933317819471
0.0236569529882
0.0122777258218
0.0106362094046
0.00506653244256
0.105982828154
0.0111517502021
0.0236569529882
7.41543687595e-06
0.105982828154
0.105982828154
0.000572960407414
0.000318259899374
0.105982828154
0.0236569529882
0.00249373922967
0.00421504245735
0.0106915422639
5.1298581406e-05
0.00421504245735
0.0236569529882
0.0127949610713
0.0236569529882
7.33538896177e-07
0.105982828154
0.000119558601387
0.0111517502021
0.0236569529882
0.0236569529882
0.00370045869395
0.0122777258218
0.00441850580849
0.0048626309127
0.00933317819471
0.0236569529882
0.0127949610713
0.0111517502021
0.0111517502021
0.0106915422639
0.00506653244256
6.91217395654e-06
0.0236569529882
0.00370045869395
0.105982828154
0.105982828154
0.00147036347086
0.105982828154
0.0236569529882
0.0236569529882
0.105982828154
0.105982828154
0.105982828154
2.56394719298e-05
0.00249373922967
0.0111517502021
0.0236569529882
0.0236569529882
0.105982828154
0.0236569529882
0.105982828154
0.105982828154
0.0111517502021
0.105982828154
0.0236569529882
0.00933317819471
0.00506653244256
0.105982828154
0.0
0.0236569529882
7.6426112354e-05
0.00421504245735
0.0236569529882
0.0236569529882
0.000180965194682
0.00370045869395
0.0236569529882
0.0106362094046
0.0127949610713
0.00441850580849
0.105982828154
0.105982828154
0.0236569529882
0.00119212292475
0.105982828154
0.00017437952261
0.0236569529882
0.0106362094046
0.0127949610713
0.0236569529882
0.0127949610713
0.000120456752576
0.0111517502021
0.0236569529882
0.0127949610713
0.0106362094046
0.105982828154
0.105982828154
0.0
0.000227949422289
0.105982828154
0.0122777258218
0.0236569529882
0.00175517969882
0.00506653244256
0.000134500502347
0.105982828154
0.0106362094046
0.105982828154
0.105982828154
0.105982828154
0.000542972790468
0.000263992305279
0.000446037666693
0.000406711355567
0.00933317819471
0.0111517502021
0.0236569529882
0.0236569529882
0.00441850580849
0.105982828154
0.105982828154
3.21958086271e-05
0.000185719773849
0.00506653244256
0.0
0.0236569529882
0.105982828154
0.0111517502021
0.105982828154
0.0
0.000257022599333
0.0127949610713
0.105982828154
3.64450935714e-05
0.105982828154
0.0106362094046
0.105982828154
0.00213729195018
0.0106362094046
0.105982828154
0.105982828154
0.00933317819471
0.00933317819471
0.0122777258218
0.0236569529882
0.0127949610713
0.105982828154
0.105982828154
0.0106362094046
0.00039433815365
0.0106362094046
0.00213729195018
0.0236569529882
0.105982828154
0.00370045869395
0.0236569529882
0.105982828154
5.12278380823e-06
0.000182169296212
0.0236569529882
0.00933317819471
0.105982828154
0.105982828154
0.105982828154
0.00506653244256
0.105982828154
0.0
0.105982828154
0.105982828154
0.00441850580849
0.0236569529882
0.0
0.105982828154
0.0236569529882
0.105982828154
0.00933317819471
0.0236569529882
0.0
3.10186119077e-05
0.105982828154
0.000706320353939
0.105982828154
0.105982828154
0.105982828154
0.105982828154
0.0111517502021
0.0111517502021
0.000146458138178
0.00370045869395
0.000406711355567
0.105982828154
0.105982828154
0.105982828154
0.0236569529882
0.00147036347086
0.00370045869395
0.00018484098256
0.105982828154
0.0127949610713
0.105982828154
0.105982828154
0.0111517502021
0.00201208660593
0.105982828154
0.105982828154
0.00421504245735
0.105982828154
0.105982828154
0.0127949610713
0.0236569529882
0.0236569529882
4.90223766757e-05
0.00013767157614
0.0106362094046
0.105982828154
0.0236569529882
0.105982828154
0.0
0.105982828154
0.00370045869395
0.00175517969882
0.105982828154
0.105982828154
0.105982828154
0.00370045869395
0.105982828154
0.105982828154
7.53599140136e-05
0.105982828154
0.0106362094046
0.0127949610713
0.105982828154
0.0236569529882
0.0236569529882
0.105982828154
0.00933317819471
0.105982828154
0.0236569529882
0.105982828154
0.00933317819471
0.0106362094046
0.00506653244256
0.105982828154
0.00370045869395
0.00147036347086
0.0236569529882
0.000398998710011
0.0127949610713
0.0106362094046
0.105982828154
0.000312832935022
0.00370045869395
0.105982828154
0.00201208660593
0.0127949610713
0.105982828154
0.105982828154
0.0106915422639
0.105982828154
7.37828588811e-05
0.0236569529882
0.0236569529882
0.000854909992537
0.0236569529882
0.0236569529882
1.06620676213e-05
0.0127949610713
0.000128917820839
0.105982828154
0.0111517502021
0.0236569529882
0.105982828154
0.0236569529882
0.000143912555152
0.0236569529882
0.000135623118397
0.000663580129918
0.00933317819471
0.105982828154
0.00370045869395
0.0236569529882
0.0236569529882
0.105982828154
0.00933317819471
0.0127949610713
0.00370045869395
0.105982828154
0.105982828154
0.00933317819471
0.0122777258218
0.105982828154
0.00193126464215
0.105982828154
0.0236569529882
0.0127949610713
0.105982828154
0.0236569529882
0.0
0.105982828154
0.105982828154
0.0122777258218
0.105982828154
0.0236569529882
0.105982828154
0.105982828154
0.0236569529882
0.105982828154
0.0127949610713
0.000523599250371
0.00933317819471
0.00441850580849
3.50028337464e-05
0.00175517969882
0.0236569529882
0.105982828154
0.0122777258218
0.000452517480516
0.105982828154
0.0106362094046
0.105982828154
0.0236569529882
0.00933317819471
0.00933317819471
0.00933317819471
0.0236569529882
0.0236569529882
0.0236569529882
0.0
0.00933317819471
0.0236569529882
0.105982828154
0.0236569529882
0.00933317819471
0.105982828154
0.0236569529882
0.105982828154
0.00423688363749
0.105982828154
0.0236569529882
0.00933317819471
0.000572960407414
0.00421504245735
0.0111517502021
1.1413437585e-05
0.00249373922967
0.105982828154
0.105982828154
0.00175517969882
0.105982828154
0.105982828154
0.105982828154
0.0236569529882
0.0106362094046
0.00441850580849
0.0127949610713
0.0111517502021
0.0