500
4.73424289648e-06
0.000117992249849
0.000203700832791
7.75043393818e-08
5.27032064599e-21
5.21323659111e-26
7.07223815526e-40
7.75279061751e-05
1.26892442971e-20
1.31104935398e-24
2.55034996084e-40
7.13210945667e-14
1.49226488131e-16
0.000195786852525
1.95554771545e-08
8.87013986548e-14
2.09853800738e-17
1.18959280554e-25
9.13369492196e-16
7.45984384747e-11
0.00042070328583
1.89907575907e-16
3.39899540965e-09
5.82240802784e-10
4.71435280152e-09
7.3666858477e-24
8.93407232089e-17
1.20322099329e-09
0.00140844421332
2.61802816706e-48
5.48759302049e-10
2.20781121591e-07
0.00658824494914
1.04976642753e-31
5.99940488916e-18
6.26348005131e-05
1.36297261969e-22
4.08623372759e-07
2.6480203238e-17
7.19592102992e-18
7.98748106646e-08
1.95828525557e-06
3.37451254312e-26
1.90442454511e-13
4.62674687639e-10
4.37457033547e-09
0.00612022754838
0.00848326009416
1.04007004487e-10
9.81587432099e-47
1.2808122699e-07
0.000215627163815
6.30733609281e-22
3.19529393793e-21
5.07872047339e-27
0.000124564488748
8.19260416653e-08
3.61012070994e-17
4.40162754168e-17
0.000372356361015
8.97642256374e-11
3.06326640744e-43
4.59090624168e-12
8.02127630533e-06
1.08584625497e-05
6.49235755659e-14
4.47293347008e-28
0.000278290490472
0.0109039643643
4.56534089458e-06
2.64945875426e-11
1.36213455763e-43
2.20624274884e-17
0.000117992249849
1.7456090941e-07
5.41318396735e-13
1.1336294456e-06
3.19519510234e-14
5.65777671863e-36
4.45999762785e-06
6.67749318546e-11
1.4774088744e-36
2.29343066778e-08
3.88156951419e-37
1.05559268197e-08
9.55343053679e-10
1.3126323465e-12
3.94716429916e-40
1.79903083765e-15
7.12649004552e-11
9.58797134796e-06
8.91857765132e-29
9.98153993837e-45
5.28918472171e-10
1.31256680562e-05
1.49545104426e-08
8.60647177963e-06
1.63285829887e-22
2.71741200724e-08
9.94751518843e-25
2.51863767169e-06
0.00105655961066
1.99865287616e-29
1.42355766406e-28
8.226855584e-11
0.000901490423441
2.83563381727e-18
2.26565617895e-08
5.10916766583e-20
1.12518521776e-05
0.000123981328052
1.89776252827e-11
0.000119252494984
6.13938278315e-09
1.4339370808e-13
6.33833947577e-10
0.00795629581289
4.77774468958e-09
5.29993658693e-16
4.10007530652e-22
1.03869665758e-15
1.08472369825e-06
5.96773785374e-05
8.40521307638e-09
5.79851815925e-07
1.85938488263e-06
5.37959193544e-14
1.04146385829e-27
2.80232080649e-05
9.66022481014e-12
1.61551172699e-07
6.90618732525e-15
5.11442401678e-28
6.1093920887e-06
1.88387208346e-12
5.56527887127e-25
0.000943586314941
1.60176534786e-35
8.59030785193e-34
1.76129048572e-06
1.78119322189e-10
0.00334812448235
8.16444547728e-09
0.000825677038469
2.54493779309e-09
9.34784743932e-08
1.79475989927e-12
8.47161195583e-07
7.17873946769e-06
1.7891501921e-12
5.3500147924e-06
9.39364805157e-10
1.75146039864e-18
5.71208598415e-18
3.26238003348e-07
0.00177298065546
3.18361731817e-07
1.3125426435e-23
1.16611774202e-15
0.000730855349298
2.72223708651e-66
2.80289356628e-15
0.000109789795501
0.000424298612668
7.42425283797e-05
8.76147423675e-05
0.000169440752119
9.0460172055e-10
1.34438378567e-05
3.79422538825e-31
4.38549124917e-05
5.67458005227e-14
3.14484516884e-07
3.33804755709e-18
0.000633224144192
4.48897433614e-30
2.8656819903e-06
1.09693016255e-11
3.27333058523e-18
1.04108210978e-14
5.24392011464e-08
5.07350926796e-32
1.79828805126e-24
1.16210691581e-20
5.87742193128e-05
1.37815576367e-06
2.61199331575e-35
0.000219686154395
0.00658824494914
1.83219237092e-07
3.51142807694e-05
1.00509385147e-06
1.61132128383e-09
4.29006951453e-41
1.22073070075e-39
0.000162996823732
4.36964037524e-05
3.7786330173e-07
2.00449906118e-08
1.6911948987e-05
3.41229686869e-23
3.11851547881e-16
4.71836285509e-13
0.000219686154395
9.07036525466e-37
1.63463113988e-05
9.86104420688e-09
5.00160548011e-07
7.88103562051e-06
1.60430940747e-28
2.93192795779e-34
1.84510209669e-33
1.73975667794e-07
8.60787426545e-09
0.000759354156653
2.5123673693e-07
6.82551567068e-08
1.45866520573e-08
3.26198236656e-05
3.53852657527e-07
1.46816004762e-07
3.00925327244e-15
1.77037657133e-05
1.05817402336e-11
2.51625800801e-28
8.96336866973e-21
1.0254728426e-37
0.000807228185442
7.66705097182e-38
1.78583111813e-15
2.88144548734e-16
2.71235975685e-18
4.02331678451e-07
3.29754974013e-13
5.16961858529e-07
4.53308469862e-16
0.000109789795501
4.7402503905e-24
6.86089395289e-19
1.39381083606e-44
3.92347896192e-10
6.59356447853e-22
7.16656799148e-13
0.000901490423441
7.65007174496e-15
1.71388011286e-11
1.76540494612e-15
0.00334812448235
1.52810940404e-15
3.34133294356e-11
5.13714898903e-08
8.65598056711e-06
1.03772849758e-05
0.00795629581289
1.91843959989e-06
2.08852458972e-17
7.70115543812e-12
9.12260950282e-05
1.35415105733e-12
2.23501043543e-10
0.000905636820249
6.13714826995e-06
3.51142807694e-05
8.61771484901e-11
1.10561054818e-53
2.17339267549e-21
8.69614722607e-07
0.00140844421332
2.81711682197e-17
5.30050882873e-23
0.000130330097993
2.97684838729e-13
1.86696218093e-14
2.89965811797e-21
0.00334812448235
1.21628128746e-07
8.67395689275e-13
2.04430021489e-13
1.12251171498e-26
5.85516911218e-58
1.04498296197e-19
1.48168562962e-21
1.50604518965e-05
0.00177298065546
0.0109039643643
6.92530156405e-08
3.81949446129e-16
3.41312926591e-20
8.34109120148e-10
1.61589072561e-11
0.000156878721352
5.83961046637e-07
6.57291233982e-05
6.81820173982e-07
0.00580312679728
1.1143494367e-10
0.000104198426598
0.000170251899849
0.00105655961066
6.4520907953e-06
0.00334812448235
1.46910020271e-08
8.43412972243e-09
7.02382002548e-05
1.2533551804e-24
1.80489703794e-14
0.00658824494914
2.03744247789e-10
0.00334812448235
0.00795629581289
1.32870635205e-09
5.06134774721e-13
7.1456943241e-40
0.000714853791028
3.08512298948e-12
1.52856977662e-13
1.57154660285e-11
7.94241512781e-17
2.15921420947e-15
5.80771212231e-10
7.47843738786e-28
1.80697568464e-57
8.65360035272e-06
2.4970035568e-31
3.51738661439e-31
1.13687570421e-06
8.76147423675e-05
9.21272819046e-07
0.000714853791028
1.15585926392e-08
0.00658824494914
7.57653822052e-39
5.85026553822e-12
1.48610991906e-05
2.17479799352e-10
1.08973768796e-30
7.43598848997e-09
3.98675480496e-10
1.5308605119e-07
0.000291259750622
4.0751433099e-15
0.000173707369643
4.12948675036e-11
2.45136296316e-13
8.06700183312e-17
1.8099113398e-08
4.14196853178e-34
1.55914268764e-11
1.62808329269e-09
1.28670245137e-05
5.357625723e-15
3.7592807476e-08
2.62013167249e-13
0.00848326009416
1.16941786473e-05
4.45246688122e-05
0.00334812448235
0.00795629581289
1.05096742571e-26
1.17467769551e-12
2.08500147472e-12
0.000203700832791
2.61395731207e-11
4.61938825679e-19
1.79780820899e-12
1.48450060677e-27
5.28874513626e-05
0.00580312679728
1.20631155769e-12
0.000113573529421
4.9772438153e-11
6.15072308417e-08
8.03170998655e-06
9.61162836084e-06
3.58575970306e-07
0.000177017716855
6.52826363847e-18
0.000881063268552
2.64903642937e-06
1.55268681831e-07
1.36516293461e-08
1.36057653328e-07
0.000219686154395
7.22032852454e-15
1.78351722101e-20
7.76398202888e-09
0.00334812448235
1.04366336496e-10
2.98803541698e-05
3.17267301205e-10
0.000105052605913
0.00048406326932
3.99389262467e-17
1.23854625141e-12
6.54064855094e-12
2.22886629699e-14
2.09240502118e-28
7.48287379111e-05
6.51433500914e-15
4.82921472036e-11
1.43859467015e-05
0.000400830670975
6.96975704864e-06
1.78356877671e-35
1.48517064093e-09
1.20427447222e-07
1.21786674076e-20
9.10604984562e-11
8.55217850029e-10
0.000593726571127
1.37760284031e-05
2.66261470572e-17
1.82230385117e-17
2.30215818009e-26
3.03364188126e-54
1.46492752854e-39
4.75179394597e-14
0.000633224144192
5.38037099631e-27
0.000148919488368
2.97158595186e-13
0.000137373478203
1.78792188114e-05
0.000730855349298
1.40218427717e-07
1.48113055781e-18
1.44536817358e-20
1.2486905282e-12
1.15498893728e-18
1.81988365694e-15
0.00658824494914
0.00108926548172
1.55209478119e-07
0.00016908286258
0.000371418292266
5.23203066855e-11
5.08287252535e-25
2.74807902185e-12
2.86994970429e-11
6.28084987579e-18
0.000372356361015
1.14076911398e-06
1.44364984048e-06
0.000203700832791
2.84930611853e-28
1.28908460912e-19
1.28207320889e-09
5.3451946033e-08
7.83472354111e-39
5.33856052525e-10
5.04703344615e-27
5.02589177836e-05
8.66397297975e-05
3.23250719043e-17
0.000730855349298
3.32114838345e-10
0.00140844421332
3.80375280326e-36
2.65888098865e-07
1.19618057354e-10
3.91171428386e-27
8.48313243797e-06
1.14537142972e-08
0.00334812448235
1.35444036256e-07
4.66433990027e-21
4.94072834639e-15
1.07898791739e-15
5.50829866521e-06
8.01502697135e-09
1.65985155182e-15
1.30967897187e-64
8.59459702621e-06
2.02790915936e-20
0.00108926548172
0.00014429417296
8.64758540066e-05
3.5703589315e-22
0.00169388327971
8.8192687694e-09
8.47942397984e-38
8.28382134499e-05
9.69178530637e-05
1.28129191604e-05
1.82683691814e-23
0.00658824494914
5.16037381534e-08
3.06202175085e-12
0.000143705419554
1.88602330723e-12
6.41272167786e-06
3.77275123729e-16
1.25073490247e-20
2.25931252168e-13
1.63596150368e-12
0.000144854281126
6.79664317461e-23
3.21391804124e-28
2.86749256942e-21
3.30748561247e-08