500
0.000919894835526
0.0
6.76398484088e-10
0.0
8.48965990825e-12
1.37203030098e-13
0.000190667822638
0.000753827911781
0.0
0.0
6.50003189549e-09
0.0
0.0
1.18770127349e-10
0.0
6.38272611654e-05
1.38043483154e-12
2.75643295269e-09
4.74692829812e-14
0.0
1.47646180225e-06
5.68991839552e-07
0.000928743533536
9.4580040261e-07
2.57046697376e-08
0.0
3.34921206908e-14
2.44426036433e-07
3.59900770386e-08
0.00104855356142
2.46111175278e-07
9.39405728426e-30
0.0
0.00109944409641
4.85100990348e-07
4.83854890053e-10
0.00880004847191
0.000394908819003
5.77870375456e-07
0.0
6.08317317254e-05
0.0
1.54038506044e-07
0.0
2.40737654657e-05
2.5862190455e-06
0.0
0.0
0.0
9.82648023092e-10
0.000753827911781
4.27407576698e-05
0.00137580061364
0.00186917658586
6.10095761524e-09
0.0
1.62745036531e-12
1.46431226604e-12
1.54132029273e-05
0.000498205458166
0.0
0.00156433519797
0.000208030136486
5.3678268397e-05
0.0
8.65664041048e-09
3.58638642707e-17
3.02600366921e-05
0.0
0.0
4.35347057445e-41
1.72908088022e-05
0.0
0.000586297915332
4.90493139072e-07
0.0
0.0
0.0
0.00181559023672
0.0
0.0
0.0241228129866
1.40970569777e-06
0.0
6.37473900159e-05
0.000404738846405
2.93527338914e-11
0.00186917658586
0.0
1.09121183696e-06
2.3055918788e-09
3.24525515927e-15
0.0
3.32632557819e-07
0.000169209086299
0.000376215605849
0.0
0.0
3.7106258279e-09
0.0
0.000724037625071
0.0
0.000452244882423
6.81219407407e-06
0.00229365155262
0.0
0.00181559023672
0.0
4.28756546713e-06
0.0
3.54047015936e-07
0.0
0.00156433519797
0.0
3.09153805636e-10
0.000169209086299
1.30130241701e-15
0.0
0.0
0.000404738846405
3.37072476412e-06
1.05774829013e-08
0.000208030136486
0.0
3.01847934246e-08
0.0241228129866
7.14553629437e-10
0.0
0.000404738846405
0.0
1.23429541308e-17
4.79704999531e-05
9.47838037178e-08
0.0
1.06367371728e-15
0.0
1.05092580683e-06
0.0
0.0
0.00264003618424
0.0033260292327
1.22604317886e-06
0.0007042378333
0.0
0.00107976002934
1.01629033061e-17
0.0
9.06396598796e-19
0.0
0.000708964941122
4.3050403996e-12
0.000928743533536
0.0
4.02150410322e-06
0.0
0.00104855356142
3.35628713035e-12
8.27907144381e-09
1.0520916985e-08
0.0
7.80441393571e-06
0.0
0.0
0.0
5.15810735974e-06
0.0
0.00880004847191
5.68291560847e-05
3.38702268449e-05
0.0
4.07409394617e-05
0.000136628005337
0.0
0.000201859503983
0.0
9.97306343756e-13
0.0
0.0
2.14294888515e-10
0.0
0.0
4.2515477691e-07
0.000520038555633
2.0663525029e-08
1.6017420532e-10
0.0
0.0
0.000928743533536
3.71099772587e-05
7.27062582536e-10
0.000151872379969
0.0
0.0
1.2966359764e-12
9.94745838585e-05
7.72181099311e-08
0.000169209086299
5.1623129529e-07
0.0241228129866
0.0
3.59433693614e-07
0.0241228129866
0.00880004847191
0.000522585108962
0.0241228129866
8.90720145829e-07
2.09039034983e-09
0.0
5.19021230602e-06
9.86663402353e-05
7.99879024839e-13
1.55145600515e-08
0.000118215057653
8.63606175917e-14
0.0
0.00023952177916
3.88843998605e-05
1.84859850891e-07
0.0
0.0
7.60011893234e-05
2.76269570819e-13
0.000508177234144
0.0
0.0241228129866
6.33527263792e-13
0.00708303423191
3.46714938689e-09
1.93052199781e-16
2.71468848092e-07
6.64484833113e-08
2.72458957067e-05
5.16151818952e-09
0.000498205458166
6.86437224047e-22
2.35831843948e-08
1.50550033506e-09
4.27407576698e-05
0.0
0.0
5.68291560847e-05
0.000694936904715
0.000591499082231
0.0241228129866
2.57546581163e-06
9.5093563241e-13
0.0
0.00104683229079
0.0
9.12927071391e-08
4.28913906088e-05
0.0
7.89481807285e-06
0.0
8.62744050548e-15
2.34791014718e-05
1.01188351888e-05
0.0
0.00880004847191
0.0
0.00708303423191
0.0
2.81646145915e-05
0.0
0.000453652896173
1.05798257515e-11
5.5759214005e-07
0.00437239653998
0.00437239653998
0.00880004847191
1.90581677436e-09
1.10378148858e-05
9.31607688873e-05
0.0
0.0
0.00104683229079
1.76547598709e-13
1.16007886998e-12
0.0
0.0
0.000118262963272
1.39384659395e-10
0.000345554188583
1.96357165007e-13
2.15557985553e-10
0.00240056606826
2.41666800718e-06
6.74054518851e-16
2.42221540421e-06
1.33072248587e-10
1.52836284844e-05
1.08961974444e-10
8.52957004309e-10
2.40712137779e-10
0.0
0.00104855356142
2.05778795729e-18
0.0033260292327
0.0
2.39689268263e-08
3.74519734235e-27
0.0
0.000367373181746
1.30965289444e-07
0.00037741608298
0.0
1.7580054213e-06
0.0
4.17927196373e-10
8.40305777423e-05
0.00880004847191
0.00156433519797
7.62318036848e-10
7.10004293291e-13
0.0241228129866
0.0
0.00264003618424
0.0
0.0
0.0
0.00181559023672
4.97633104527e-05
0.0
6.18619234368e-07
3.61253049754e-13
0.0
6.55047328329e-09
0.0
0.00264003618424
0.0241228129866
0.0
0.0
1.13633573742e-07
0.000190667822638
0.0
0.0033260292327
4.91540574483e-08
0.0
0.00034089407677
0.0241228129866
0.0
8.48131257283e-18
5.78538901885e-14
4.38727700974e-25
0.0241228129866
8.84438021846e-09
3.02384253387e-09
2.6501375104e-13
0.00225318556482
5.57313869065e-06
7.89066095472e-11
2.32302266307e-05
3.01224575794e-05
0.0
0.0
4.3097193797e-09
0.0
0.0
0.0
0.0
5.21275726168e-10
0.0
0.00225318556482
2.41171693541e-05
5.02404170884e-05
2.73142516608e-08
0.000212568197393
0.0241228129866
2.48412238975e-06
0.0
0.00880004847191
0.0
0.0
0.00437239653998
0.0
0.00190568315512
3.14092423616e-08
1.77982637288e-07
4.81068685097e-15
0.0
0.0
8.04128193632e-06
0.000174792013222
1.70589058492e-05
0.000519086355473
9.19383051671e-07
0.000724037625071
4.47561064332e-09
0.0
4.11928569151e-10
0.0
0.0
0.0241228129866
0.000636439967543
0.0241228129866
0.0
0.0
1.06743404273e-20
0.000190667822638
2.02162115095e-05
0.0
0.0241228129866
0.000106347269489
3.05785783014e-15
0.0
1.30051516565e-06
5.38789605198e-06
0.0
3.17916468309e-13
0.0
0.0
0.000394908819003
0.0
1.84810523249e-11
0.0
0.0
2.47076323682e-08
6.61235849553e-05
2.17236513346e-17
0.00137580061364
0.0
6.03391616632e-19
0.0
8.71154641287e-05
0.0
0.0
2.2483385241e-09
5.37217099257e-26
0.00255968185189
7.68394984937e-09
2.32928802484e-11
2.08630676556e-06
0.0
4.93391104714e-06
9.38911806189e-05
5.03770062821e-06
1.838910896e-11
0.000694936904715
1.02685407085e-06
1.3939010479e-15
0.0241228129866
0.0
0.00104683229079
0.0
9.9472239982e-14
8.40638143124e-05
1.56815390788e-06
7.75092595217e-05
0.0
0.0
0.0
9.56125148554e-05
0.0
0.0
0.0
1.9750463087e-09
0.000520038555633
0.0
2.95234327819e-07
0.000238085848282
0.000437953555667
5.15694272304e-05
0.0
0.00264003618424
6.71825622032e-06
9.90341876077e-05
9.33939057793e-08
2.47910549611e-07
0.00240056606826
0.00181559023672
0.0
1.44445319745e-07
1.85954321563e-05
0.0
0.0241228129866
0.00104855356142
2.29732708054e-07
0.0
0.0
0.0241228129866
0.0
0.0
4.17719750365e-06
0.0
2.14262459895e-16
0.0
0.00104683229079
0.0241228129866
0.00240056606826
1.10938977113e-05
0.0
5.96704828933e-07
0.0
0.0
0.00880004847191
0.000523877247655
2.06795402333e-05
0.000119293643011
0.00258321162446
0.0