500
0.0
0.0
0.0
0.0
0.000165655075905
0.000165655075905
0.0
0.0
0.000165655075905
0.0
0.0
0.0
0.0
2.67881107401e-05
0.0
0.0
0.000165655075905
0.0
0.0
2.67881107401e-05
9.8970184841e-08
0.0
0.0
0.0
2.67881107401e-05
0.0
0.0
0.0
0.0
0.0
0.0
0.000165655075905
0.0
0.0
0.0
0.0
0.000165655075905
0.0
0.0
0.0
2.67881107401e-05
1.22982702324e-06
0.0
0.0
0.0
2.48042273542e-07
0.0
0.0
2.67881107401e-05
0.0
0.0
0.0
0.0
0.000165655075905
9.8970184841e-08
2.67881107401e-05
0.0
0.0
0.0
0.0
0.0
0.0
1.22982702324e-06
0.0
0.0
0.0
0.0
0.0
0.0
0.0
0.0
0.0
2.48042273542e-07
2.67881107401e-05
2.67881107401e-05
0.0
0.0
0.0
2.67881107401e-05
2.67881107401e-05
0.0
0.0
0.0
0.0
2.0456472533e-07
0.0
0.0
0.0
0.0
0.0
0.0
0.0
0.0
0.0
0.0
0.0
0.0
2.67881107401e-05
9.8970184841e-08
0.0
0.0
0.000165655075905
0.0
0.0
0.0
2.67881107401e-05
0.0
0.0
2.67881107401e-05
0.0
0.000177199058291
0.0
0.0
0.0
2.67881107401e-05
0.0
0.0
2.0456472533e-07
0.0
2.67881107401e-05
0.0
0.0
0.0
1.22982702324e-06
0.0
0.000177199058291
0.000177199058291
0.0
0.0
2.67881107401e-05
0.0
2.67881107401e-05
2.67881107401e-05
0.0
2.67881107401e-05
0.0
0.0
0.0
0.0
2.48042273542e-07
0.0
2.67881107401e-05
0.0
0.0
0.0
0.0
0.0
9.8970184841e-08
0.000165655075905
0.0
1.22982702324e-06
2.67881107401e-05
0.0
2.67881107401e-05
0.0
0.0
2.67881107401e-05
0.0
0.0
0.0
0.000177199058291
0.0
0.0
0.0
0.0
0.0
0.0
0.0
2.67881107401e-05
2.67881107401e-05
0.0
0.0
0.0
0.0
0.0
0.0
0.0
9.8970184841e-08
0.0
0.0
0.0
2.67881107401e-05
0.0
2.67881107401e-05
0.0
0.0
0.0
0.0
0.0
2.67881107401e-05
0.0
0.0
2.67881107401e-05
0.0
0.0
0.0
0.000177199058291
0.000177199058291
0.0
0.0
0.0
2.67881107401e-05
2.67881107401e-05
0.0
0.0
0.0
0.0
0.0
2.67881107401e-05
0.0
0.0
0.0
2.67881107401e-05
0.0
0.0
0.0
0.000165655075905
0.0
0.0
0.0
0.0
0.0
2.67881107401e-05
0.0
0.0
0.0
0.0
0.0
0.0
0.0
0.0
0.0
2.67881107401e-05
2.67881107401e-05
2.67881107401e-05
0.0
0.0
0.0
2.48042273542e-07
0.0
0.0
0.0
0.0
0.0
2.67881107401e-05
0.0
0.0
2.67881107401e-05
0.0
0.0
0.0
2.67881107401e-05
2.67881107401e-05
0.0
0.0
0.0
0.0
2.67881107401e-05
0.0
0.0
2.67881107401e-05
0.0
0.0
0.0
0.0
0.0
0.0
0.0
0.0
0.0
2.67881107401e-05
0.0
0.0
0.0
2.67881107401e-05
0.0
0.0
2.67881107401e-05
0.0
0.0
0.0
0.0
2.67881107401e-05
0.0
0.0
0.0
0.0
0.0
0.0
0.0
0.0
2.67881107401e-05
0.0
0.000165655075905
0.0
2.67881107401e-05
2.38699036257e-07
0.0
0.0
0.0
0.0
0.0
0.0
0.0
0.0
0.0
0.0
0.0
0.0
2.67881107401e-05
0.0
1.22982702324e-06
0.000177199058291
0.0
0.0
0.000165655075905
2.67881107401e-05
2.67881107401e-05
0.0
0.0
2.67881107401e-05
0.0
0.0
0.0
0.0
2.67881107401e-05
0.000165655075905
0.0
0.0
0.0
0.0
2.67881107401e-05
0.0
0.0
0.0
0.000165655075905
0.0
0.0
0.000165655075905
0.000165655075905
0.0
0.0
0.0
0.0
2.0456472533e-07
2.67881107401e-05
0.0
0.0
0.0
0.0
2.67881107401e-05
0.0
0.0
0.0
0.0
0.000165655075905
0.0
0.0
0.0
0.0
0.0
2.67881107401e-05
0.0
0.0
0.0
0.0
0.0
0.0
2.67881107401e-05
0.000177199058291
0.0
0.0
0.0
0.0
0.0
0.0
0.0
2.67881107401e-05
0.0
0.0
0.0
0.0
2.67881107401e-05
2.67881107401e-05
0.0
2.67881107401e-05
0.0
0.0
0.0
0.0
0.0
0.0
0.0
0.0
0.0
4.54373997841e-09
0.0
0.0
0.0
2.48042273542e-07
2.67881107401e-05
0.0
0.0
0.0
0.0
0.000165655075905
2.67881107401e-05
0.0
2.67881107401e-05
0.0
0.0
0.0
0.0
2.67881107401e-05
0.0
0.0
2.67881107401e-05
2.67881107401e-05
2.67881107401e-05
0.0
0.0
0.0
0.0
0.0
0.0
9.8970184841e-08
0.0
0.0
0.0
1.22982702324e-06
0.0
2.67881107401e-05
0.0
0.0
2.67881107401e-05
0.0
2.67881107401e-05
0.0
0.0
0.0
0.0
0.0
2.67881107401e-05
0.0
0.0
2.67881107401e-05
2.67881107401e-05
0.0
0.000165655075905
0.0
2.67881107401e-05
0.000177199058291
0.0
0.0
0.0
0.0
2.67881107401e-05
0.0
0.0
2.67881107401e-05
0.0
2.67881107401e-05
0.0
1.22982702324e-06
0.0
0.0
0.0
2.67881107401e-05
0.0
2.67881107401e-05
0.0
0.0
0.0
0.0
0.0
0.0
0.0
2.67881107401e-05
0.0
2.67881107401e-05
2.67881107401e-05
2.67881107401e-05
0.0
0.0
0.0
2.67881107401e-05
0.0
0.0
0.0
0.0
2.67881107401e-05
0.0
0.0
0.0
2.67881107401e-05
0.0
0.0
0.0
0.0
0.0