500
3.192978243e-25
1.34525940011e-12
5.33482238425e-09
1.54333347482e-06
6.03549154523e-06
2.7785855624e-12
0.0
6.70301617759e-15
1.37792710549e-05
0.0
0.000521624040151
0.00179030491722
8.38616203178e-30
1.87103772812e-21
0.00831276565096
8.74048475368e-20
2.14490206389e-13
1.8043747586e-53
9.8621025399e-13
0.00608570067011
3.27395086228e-28
0.00858630164002
1.44543908914e-18
2.05621193091e-20
1.13028551166e-07
4.86915478115e-07
5.1821278396e-15
1.73206943176e-35
0.0
1.13749593681e-08
1.12144514782e-09
1.53867116633e-54
4.05353383981e-71
1.63870116819e-73
4.61397224473e-24
4.2238134644e-28
0.0
3.6081030825e-52
1.54267043195e-30
0.0
1.82731963352e-06
1.57244630258e-06
8.52879041512e-51
1.35603785134e-20
7.78673038411e-08
3.29019654967e-34
0.0
3.69547691335e-28
0.0
5.00531792644e-11
0.00858630164002
0.00425536744937
0.0
7.82182842661e-12
1.27131265384e-09
5.61543493456e-08
2.9151256548e-09
6.10616672597e-36
6.00109545955e-07
7.12819611755e-54
3.99001228688e-20
4.27140712563e-11
1.26537940911e-08
6.53729137292e-36
1.23824134264e-20
3.32095173796e-16
0.00608570067011
2.48100897901e-40
7.70189385423e-21
3.6881557996e-28
1.37920514773e-22
0.000877888288286
7.78714264111e-05
0.00858630164002
2.24373806023e-09
1.17430829661e-05
2.10782435439e-28
1.54583052702e-22
3.88898779152e-12
1.30954147046e-23
3.14218598992e-20
0.0
8.46428172146e-32
9.90817598611e-24
7.18746936697e-10
1.53647597469e-08
5.48678906152e-60
0.00143260615499
1.21284659979e-35
9.50589173363e-09
5.81297258242e-13
6.27079606285e-20
3.019846887e-09
2.90791522384e-06
1.56706648682e-64
9.46106239011e-29
0.000159143278608
4.27519209111e-29
1.09028876969e-12
4.51460835241e-67
5.25661061316e-25
1.29999992908e-12
1.86846140246e-22
1.0167200992e-13
1.0961233769e-06
7.78855743164e-11
4.48916067677e-06
0.000120071598078
1.60332599559e-51
0.0014797468249
4.50487137103e-06
6.08589844999e-58
1.15370457666e-20
4.40997476281e-11
4.68587895277e-18
1.73328243654e-88
0.0
2.7202954966e-30
2.07879028319e-20
7.61795123518e-07
4.51941800133e-24
1.19266037351e-14
1.40352425005e-15
0.00157686890086
5.50758244935e-22
2.13838618584e-42
2.35711313373e-25
9.82994279829e-23
5.17022973463e-17
0.00608570067011
1.64580566294e-16
0.00858630164002
1.55540444944e-22
0.0
4.27583689117e-06
3.71785538419e-41
0.000258259123228
1.92627995875e-09
1.33877034596e-16
1.16004685491e-05
1.18105420242e-20
7.86481526897e-06
9.38987313673e-11
3.7119552426e-05
4.42349331766e-13
2.88476566708e-28
4.14942008194e-48
7.50415344513e-31
3.02620453817e-19
8.92407222654e-07
2.03155201155e-05
1.67657694354e-13
2.47143779449e-07
1.6060768304e-12
1.83556856903e-12
2.44322482179e-21
6.47350083934e-05
1.97121644384e-23
0.00425536744937
2.04605058368e-17
9.08241233261e-15
4.66887433737e-09
4.83184027855e-38
1.4340161093e-38
3.43434569145e-28
2.37954201475e-11
7.32823019817e-14
1.25423842439e-21
5.52249190705e-08
2.7693560428e-10
1.2809135699e-07
1.37541608866e-12
1.66846962703e-13
7.21144746916e-32
4.47431609133e-11
2.21637407604e-11
7.62360143711e-09
7.18997362043e-24
3.50291349616e-36
0.000228883649856
1.79211334888e-09
8.4793107838e-06
0.00102764087691
0.0
2.20352127652e-48
2.01860820785e-26
4.09247261983e-18
6.64920067088e-28
6.8599353324e-35
5.58433952059e-12
8.07627198178e-51
0.0
5.22539611337e-20
1.8561746457e-09
2.29739545222e-07
0.00831276565096
6.93804196123e-06
6.29881717798e-14
0.0
4.35240009233e-17
3.66278370736e-12
8.03328380004e-14
1.59749229162e-15
1.03636518825e-06
1.18720686641e-12
1.64745599235e-05
1.11838505882e-13
8.47990725077e-43
1.18934686332e-05
3.48534908924e-07
8.71650576549e-18
8.36666385619e-25
4.99300656279e-41
1.65844794644e-09
0.000135374536122
2.95948726663e-16
1.76537648165e-18
3.14022627185e-16
4.99601795459e-45
3.39777803121e-05
9.06412946895e-17
4.82997682013e-34
3.72681538702e-10
3.69699387181e-42
1.11844682947e-15
1.60930109807e-11
1.80668239164e-37
1.04619302971e-10
1.74150713848e-06
2.16089772219e-26
1.04823288023e-18
0.0
0.000188933470356
2.8817850277e-06
1.34914113946e-16
7.19640315802e-09
6.41134951624e-12
1.13813800925e-11
3.02987715816e-06
1.48224946703e-11
5.00093433969e-15
0.00652967076675
3.02205012553e-19
4.90160657556e-37
4.13232931306e-05
3.06474645915e-17
0.00104879802987
0.0
1.90549979899e-09
1.87739305233e-17
8.02899573396e-52
2.24944317544e-21
8.32510031419e-05
1.64714235441e-25
5.00246771731e-12
0.0
0.00200747359299
3.81085600451e-17
6.56904600899e-33
2.82055322017e-16
3.22032206045e-30
0.00831276565096
1.38038233106e-06
1.22623961773e-08
0.0
3.31022633384e-06
0.0
2.97301362758e-09
2.45214382845e-11
0.00858630164002
7.13717054903e-12
1.84422262796e-23
7.63206744876e-24
4.36012046745e-10
0.00831276565096
3.68074040628e-08
7.33305059081e-09
0.00652967076675
1.37252527049e-14
5.47215973655e-07
8.35567121507e-17
7.92814609122e-12
3.48642969951e-12
0.0
3.96230137483e-55
1.10039603016e-94
1.06010754449e-46
8.8749249705e-17
7.48370324588e-14
9.99141572411e-13
4.84064498186e-15
5.03674502177e-16
6.75774886644e-22
1.70771507198e-09
1.66121747814e-14
5.27619243302e-15
0.00858630164002
9.19082148195e-05
8.89997831596e-08
2.30593987628e-19
3.30911561352e-20
1.78405549889e-08
1.29316903527e-34
9.84132299574e-29
2.58545354763e-07
3.18979033998e-25
6.78801837088e-18
6.1670903132e-36
1.62867296899e-10
2.5680691672e-12
0.0
0.0
5.432949273e-20
8.73369833169e-07
1.45510670038e-08
5.61412848869e-16
7.51486409773e-27
5.57068336037e-19
5.70111984036e-12
3.67110760048e-10
4.7290599163e-05
1.33159621917e-09
4.36527354445e-07
0.00016236125763
0.00608570067011
1.97515775274e-40
0.000756930595348
1.88430579737e-40
7.67852957573e-36
8.98618211464e-12
1.75064809021e-05
5.6022062111e-27
9.19082148195e-05
0.0
2.76341844881e-23
0.000125474054662
0.000122896904742
0.000131056868504
3.8562640258e-07
2.15157176033e-11
2.42514745358e-33
5.76760894561e-09
7.06158326682e-11
1.84202576373e-42
0.000171116000191
0.0
1.63964250161e-23
4.20731943205e-18
3.25008310305e-20
3.89997872201e-26
0.0
5.24685032327e-08
2.82861009678e-09
0.00608570067011
1.56796956296e-11
1.36863884773e-11
4.34210220898e-16
3.47343147805e-14
1.99348234455e-48
0.00244546783146
1.50827590608e-14
1.29731423757e-08
0.0
1.75012307657e-10
2.29337062722e-20
0.00608570067011
6.08902692513e-66
2.03200425688e-24
6.52147975426e-10
7.57656440278e-35
3.67884461984e-06
1.06317673148e-09
2.51655398927e-06
5.75929995911e-08
2.92546356862e-05
1.90055600228e-11
9.86962969384e-15
2.24846068197e-11
0.000461831811593
3.57225575181e-31
6.07176747414e-09
0.00831276565096
1.79062870425e-17
2.41396583419e-53
3.60737576977e-50
0.000447119118438
1.40793231053e-07
6.9966331011e-33
5.21578705464e-14
7.88071830531e-07
0.00425536744937
9.22695901407e-12
1.07231799231e-18
1.51225194896e-08
9.85792914086e-13
1.67255765791e-29
1.47048652239e-05
2.02264078817e-17
0.00128181890564
4.25028054079e-08
4.24426738345e-12
0.000112187201492
2.07893375898e-20
8.43298110835e-15
5.38364398744e-10
0.0
1.03117247516e-07
2.17547567514e-34
9.88312587646e-23
5.47874015934e-32
3.54702479673e-09
0.00858630164002
4.83613990977e-13
1.09506333279e-18
5.04158157786e-07
3.39887397314e-49
8.02891904586e-19
1.63160260399e-23
7.16916546743e-41
2.55983467494e-48
1.68374417428e-41
0.000397297889006
0.00200747359299
4.25957735623e-20
3.46128412081e-13
0.00858630164002
3.22273018685e-16
3.89581717784e-05
0.0
3.8043188871e-05
0.00831276565096
0.0
1.40991446967e-39
4.41516482605e-26
0.0
2.22245860928e-14
1.03089534636e-50
4.56260850475e-05
5.98873382815e-40
2.65662820966e-11
2.00167342607e-35
8.32486104092e-09
3.95540259934e-20
7.69575940402e-10
5.84960000518e-07
0.0014797468249
1.74161012189e-12
1.9000516252e-09
3.07605078188e-06
0.00128181890564
2.28891578024e-06
1.31311571743e-07
5.84769619036e-14
6.09819166873e-07
1.141629303e-05
0.00151597415856
2.17701735483e-44
9.37196910112e-06
9.91823857751e-44
1.77948340442e-68
1.16020955547e-44
1.03731427646e-48
1.76223664833e-28
2.6770487403e-25
2.22994382521e-16
3.90716798193e-05
0.0
8.63972648956e-28
1.77749394841e-07
7.07701620186e-11
0.00014859459604
2.94364310631e-13
0.0
1.90522063486e-12
0.0
9.56953375378e-05
0.00652967076675
1.3852050777e-36
5.3572004943e-05
1.64141883002e-21
1.3499649039e-06
1.21126239461e-11
6.26029946701e-14
2.2881415865e-20
2.98822128516e-20
0.00652967076675
1.07961174128e-08
9.22882456607e-15
8.82941383177e-36
2.51330431449e-49
0.00207353058266
9.16732915154e-06
0.00858630164002
0.0
1.40874010102e-08
0.00831276565096
8.99117484836e-15
1.50534958277e-35
1.11743961151e-07
1.89143142346e-05