500
0.00278639808415
0.00529694047321
7.42088182262e-17
0.00529694047321
9.62437798298e-07
0.0
1.03201941316e-11
0.0131166537975
5.8827191689e-09
4.80281091094e-07
0.00529694047321
0.00215842608987
9.63832666948e-08
0.00234250977606
2.00566638023e-05
4.08052240874e-06
0.000264731027502
3.33028960675e-05
0.0
0.000326578194309
0.0
0.000954538613753
0.00529694047321
1.46661960746e-15
4.72558684738e-05
7.98428870194e-20
0.0
0.00215842608987
0.00841079005464
0.000128187475339
0.00529694047321
0.0262239446366
5.17871904302e-10
0.00529694047321
0.000123576830157
0.0
0.00215842608987
1.65679158285e-07
9.29821248502e-12
3.62144976657e-08
3.08486889606e-08
4.0705625864e-05
0.0131166537975
0.00186027647118
7.92257182139e-18
2.6871647127e-06
9.04187935519e-08
5.13190790626e-16
0.00115781843941
1.15919400326e-05
5.82296085329e-08
0.00421823480894
2.00669825145e-26
5.83879459252e-10
1.65378004488e-08
0.00529694047321
0.000341899693266
0.0
6.25500771568e-10
0.00059877823456
0.00137128717304
5.71082499897e-07
1.04694926313e-13
2.01716727637e-06
0.000127247656189
2.60849144007e-16
0.0
0.0262239446366
3.74710189318e-16
2.47404280731e-16
4.36909676604e-08
2.1272547751e-08
2.87020996064e-06
0.0
2.00790378157e-12
2.78625119625e-20
4.79080734933e-24
0.0
0.0
1.47267796527e-16
2.09609848486e-20
1.84757091497e-06
0.0131166537975
7.4337517375e-08
2.09907564744e-05
0.0
1.94519417327e-06
0.0
0.00065653578497
8.54402371736e-07
0.0
2.83422719167e-05
3.33028960675e-05
4.84719020503e-10
0.000231597101988
1.67124003062e-06
5.66881411137e-15
1.56565106407e-11
1.61698751854e-10
0.000140144930197
2.01257372033e-06
8.0218605222e-09
1.01002273906e-05
5.75375575643e-09
0.000155849838094
8.77749381229e-06
2.07489122153e-09
0.00215842608987
7.27660102204e-10
0.000435709389951
0.000302125052822
0.000224039447596
1.28579029578e-05
0.0131166537975
5.61423927519e-09
0.00215842608987
0.00234250977606
3.65107000109e-23
2.5468207751e-05
6.33687124202e-10
0.0
0.0
1.61639303701e-05
1.17023556644e-08
5.19807361751e-10
0.0
0.00215842608987
1.40742177297e-09
0.00529694047321
3.58339976184e-10
2.20285558029e-10
0.0113784132158
0.000130202741196
0.000287735516443
0.00012253253742
0.000535599215055
3.82849430992e-06
1.60505256713e-08
4.82424472337e-08
0.000435709389951
4.69882825984e-12
0.00242484699428
4.51950743817e-05
0.000954538613753
3.06503650283e-07
0.0
9.67059819207e-05
1.21559731804e-05
0.0
0.0
2.07246723762e-13
8.37299072678e-14
7.51078282562e-05
3.72999970913e-10
0.0131166537975
0.00137128717304
0.00215842608987
0.00215842608987
0.000698417994738
0.0131166537975
0.00186027647118
2.73651490781e-11
0.00186027647118
3.62878812928e-10
9.04187295188e-10
9.07753827719e-16
0.0
3.92292652364e-13
0.0020843987173
0.000193634298347
3.29584699636e-33
2.66353284441e-14
0.0
6.13600110234e-11
2.15954176823e-14
0.0
2.01360338806e-05
0.0020843987173
1.99851911479e-28
5.46683785458e-16
0.000771101368225
2.25830047986e-08
3.8418982023e-17
4.76960125585e-18
0.0
0.0
1.10868267559e-05
1.12318643259e-11
0.0
1.20617994137e-06
2.25944392612e-05
3.95225650562e-08
1.50013367268e-06
0.0262239446366
0.000592945883674
1.18065665244e-06
2.60409423862e-14
0.000383109310694
0.00177991954069
0.000302125052822
1.51110030981e-08
0.000152593443153
0.0
2.90746050557e-05
3.15550157897e-06
0.000739851468844
0.000479935120951
0.0
0.0
0.0
0.0
1.48290981118e-16
0.00137128717304
3.15755171852e-07
4.11058401252e-06
0.0105618758747
0.000365933326775
1.70770901717e-07
2.42572733783e-10
2.91375297267e-06
8.27801356573e-09
2.85117507032e-09
0.0
0.0131166537975
0.00529694047321
0.000302125052822
0.000302125052822
0.00186027647118
5.50047470184e-12
0.0
0.000109674266255
3.98170152583e-23
3.62279627264e-26
6.75852808422e-05
2.5349343991e-10
0.000771101368225
0.000537475499341
2.58109043689e-12
3.68765521559e-11
3.20069911466e-11
6.57832280496e-05
7.93779010237e-10
0.000598961853957
0.00024512348783
0.00529694047321
1.50247822733e-11
6.83725246494e-05
1.79336079283e-10
0.00841079005464
6.56880810873e-20
1.68253275986e-12
2.7101473173e-20
0.000179356949543
0.00115946546444
1.82314766396e-05
0.000698417994738
1.22684868669e-07
0.00529694047321
1.97183699612e-05
1.74770876413e-07
0.0
0.00215842608987
0.0
1.18208913284e-07
1.2431356466e-08
0.0
6.96319909634e-07
0.000698417994738
0.0131166537975
0.000247905475157
8.98279723122e-10
0.00013464961354
0.00529694047321
3.56608733931e-15
4.84406126806e-05
6.80383880032e-05
8.21646107189e-18
0.0
0.0
7.16033132146e-07
2.28355521934e-12
0.000251306855296
1.16171798753e-08
1.48519406426e-11
9.70384395967e-06
0.0
1.68720060769e-07
0.00177991954069
1.12457450186e-05
5.68843726666e-08
0.0
0.00215842608987
0.00234250977606
0.00215842608987
0.0275215029424
0.00215842608987
0.00200736863817
2.91722458922e-07
0.0131166537975
6.25521465126e-07
0.0
6.33739896116e-09
0.0
0.00137128717304
7.55001873395e-11
2.41070664719e-05
0.0
2.11959227825e-08
0.0262239446366
3.48195555267e-08
0.0275215029424
0.000355168970235
0.0113784132158
0.00234250977606
6.57397570069e-09
1.23526384982e-17
8.86991590068e-07
7.38188026301e-18
0.00529694047321
4.0861701582e-08
1.4384551824e-07
0.0
5.40105393186e-15
1.89326627936e-05
3.48384559556e-11
3.07153113467e-11
5.10600596591e-07
0.0
0.000246352153914
0.0
8.1459264648e-06
1.78601256975e-08
0.000202140573597
0.0
0.000739851468844
1.60676313685e-05
0.0275215029424
2.55575076105e-07
3.63705801754e-09
0.000954538613753
1.48321186447e-14
1.07583332722e-23
1.73525457966e-11
1.41078013625e-10
1.59904661165e-06
5.46026388138e-09
3.85070753154e-15
6.33323424939e-07
0.00137128717304
4.17596053314e-08
0.0131166537975
1.80861357083e-12
0.00177991954069
0.00529694047321
0.0
7.3111273806e-07
0.0
0.0
1.68437087124e-14
1.79723543646e-10
0.00841079005464
3.52948648939e-07
0.0
7.72490581322e-15
3.46022075998e-09
9.21439252875e-09
1.83304041149e-20
9.38187250443e-15
0.00529694047321
2.42895860527e-07
1.5501399682e-09
0.00234250977606
0.0113784132158
0.00011542313941
0.0
0.0
0.0
0.00164108282904
1.66580333274e-09
0.000135341939957
0.000739851468844
0.0
0.00108073597092
0.0131166537975
1.26382694001e-07
7.42965238034e-05
6.17813109605e-10
0.0
1.79921618597e-05
1.67266841289e-12
0.00159401574374
0.00137128717304
1.80883661549e-07
2.18029947295e-15
3.05741388018e-06
0.0
0.000338718995063
3.06885192368e-18
4.5742184703e-12
1.67538793832e-06
0.0
8.00359383503e-07
5.35240349109e-05
0.0
1.24723783177e-05
9.56229241295e-14
0.00137128717304
5.45992403963e-06
1.00228809474e-23
0.0275215029424
1.663317162e-08
3.46056059428e-07
6.8658553781e-07
4.17084087687e-06
0.0
6.30797708047e-14
0.000194914115068
0.0
4.08757256908e-16
1.69995853414e-12
0.0131166537975
1.72031270493e-06
0.0010246393115
0.00137128717304
0.00841079005464
6.97997949746e-13
1.35377103932e-10
1.57247978745e-06
0.0115972318339
0.00177991954069
0.00529694047321
0.000435709389951
0.00137128717304
0.000773111959467
3.77020977927e-06
8.23411355917e-09
0.0262239446366
0.0
0.00186027647118
0.00115946546444
1.76135419195e-14
0.000535599215055
0.00529694047321
1.04153501778e-08
8.89440189619e-06
0.000739851468844
0.0
1.26603112598e-05
8.00564568082e-06
1.09008652036e-15
0.0
1.13859836938e-14
2.83871928389e-10
0.000954538613753
9.01771623653e-07
1.56447939042e-13
5.35240349109e-05
8.03375889856e-05
0.000773111959467
1.25854494622e-09
9.36056052358e-06
0.00115946546444
0.00421823480894
2.36191627077e-05
0.0
0.0
1.29619034092e-09
1.04149179303e-07
0.00234250977606
4.27217477804e-14
9.48002743553e-19
4.23788865428e-07
9.23796066437e-05
1.35406998592e-29
0.000512031620316
8.28480184047e-05
2.50969966711e-08
1.50074531013e-14
0.00186027647118
0.00841079005464
8.67918614213e-05
1.24723783177e-05
6.88477636617e-06
0.000251306855296
1.47067417949e-06
0.00186027647118
0.000512031620316
0.00234250977606
0.000171841988962
2.80989487364e-08
0.00529694047321
0.00177991954069
0.0275215029424
0.00215842608987
0.00231693950437
0.00115781843941
0.0
8.4970089676e-27
5.39440343216e-09
0.000773111959467