500
3.98614562236e-05
0.00154960543654
0.00128474991009
0.0130522511436
0.0130522511436
0.00462394207717
8.83415313908e-11
0.000234643467644
0.0389472389819
0.0389472389819
0.036964644585
0.0130522511436
1.51837073125e-14
0.00918734035955
0.036964644585
0.0389472389819
1.31136481252e-07
2.64708430166e-06
0.00128474991009
6.40817403717e-09
0.000218453501813
3.0200235181e-06
3.24162220009e-08
0.0130522511436
1.40369351173e-11
1.42165802464e-07
0.00128474991009
1.96789251556e-07
0.0389472389819
0.0389472389819
3.14736393406e-10
0.00184002320954
2.92990865453e-06
1.40444781591e-06
1.52257217534e-07
0.0389472389819
0.00184002320954
0.000325732585297
9.84549322371e-06
0.000109946545943
0.0130522511436
0.00138375538626
8.73269766728e-15
2.64949738494e-06
0.0389472389819
0.00128474991009
0.000926074403318
0.00184002320954
5.19431419614e-06
0.0389472389819
0.000102904826202
9.84549322371e-06
1.11649031709e-07
0.000218453501813
2.29251705769e-05
0.000154932192943
1.12017175619e-09
6.64156012135e-14
0.0389472389819
0.0389472389819
0.0389472389819
0.0389472389819
0.0130522511436
0.0389472389819
0.00462394207717
0.0389472389819
0.0130522511436
3.74073161255e-10
0.00157434626866
1.73171843636e-05
0.00154960543654
1.84161827661e-07
0.0130522511436
0.00128474991009
0.00157434626866
0.0130522511436
8.5828303029e-06
5.66431131511e-07
0.00918734035955
7.98337731564e-06
1.5890903307e-16
0.00184002320954
0.000290586963826
0.0389472389819
0.0389472389819
0.0130522511436
1.82603492638e-11
2.21832280952e-09
0.0130522511436
0.00138375538626
2.34846873811e-08
0.000112889688203
0.00918734035955
0.000325732585297
0.0389472389819
0.00154960543654
0.00157434626866
0.00462394207717
0.0389472389819
0.0389472389819
8.69300494758e-05
0.000129497452588
0.00462394207717
0.036964644585
0.0389472389819
6.9176824151e-09
0.000351551242728
0.0389472389819
0.0389472389819
0.0389472389819
2.20198869779e-05
3.44994234312e-05
1.18937393971e-13
0.0130522511436
0.0130522511436
2.07830248477e-16
2.28477895086e-06
0.0389472389819
1.61845794138e-11
0.000698499433354
0.000646608151586
0.00109075073808
0.0130522511436
3.80866367408e-06
0.000696060470018
3.89558753999e-06
0.000207333209335
0.0389472389819
1.56133915366e-06
0.0130522511436
3.33124595961e-06
0.00157434626866
0.0130522511436
8.29281100584e-05
0.000696060470018
0.0389472389819
1.56133915366e-06
0.036964644585
0.0559868204283
0.00157434626866
0.000926074403318
6.51754149162e-05
0.00438856206324
1.55094874819e-07
0.000183974165264
0.00184002320954
0.0389472389819
0.00157434626866
1.3208417074e-14
2.89403666522e-09
6.45495978259e-10
0.036964644585
0.0559868204283
0.036964644585
0.0389472389819
0.0389472389819
1.97142693986e-08
0.0130522511436
2.59355057083e-05
1.85963129063e-06
0.0389472389819
0.00462394207717
0.000646608151586
1.03206164044e-05
4.00244777624e-06
4.9818941457e-07
0.0130522511436
0.0130522511436
8.88202845297e-05
4.50721466907e-06
6.21489741046e-07
0.0559868204283
0.00918734035955
0.0389472389819
0.0130522511436
0.00918734035955
1.65506927139e-05
3.54684462317e-05
9.89734938467e-08
0.00100186384553
0.00462394207717
6.62685349401e-06
7.48294827092e-08
0.00918734035955
2.72175033783e-06
0.00184002320954
2.86747771132e-13
0.0389472389819
0.00157434626866
0.00128474991009
0.036964644585
0.036964644585
3.54684462317e-05
0.0389472389819
1.55587910822e-08
1.00273233459e-07
7.41961352609e-05
0.0130522511436
0.00184002320954
0.00918734035955
0.000613692809399
7.66387932898e-07
8.65012641079e-06
3.98614562236e-05
1.82534974761e-06
0.0389472389819
2.94017491744e-06
1.924458186e-05
0.00918734035955
0.000236331621532
0.000152529661233
1.57203604103e-13
2.0567499733e-09
4.37514555693e-05
0.0389472389819
0.036964644585
0.000129497452588
5.80382494761e-14
0.000351551242728
0.000117402757087
0.000926074403318
0.0389472389819
3.70278967908e-07
0.0389472389819
5.15251336049e-06
0.000236331621532
0.0130522511436
0.00128474991009
0.0130522511436
5.00112641483e-09
8.09285589651e-07
1.31510136112e-07
0.0002869410051
0.000790724731379
0.036964644585
0.0389472389819
0.000696060470018
2.29180621315e-12
0.00438856206324
2.28965842421e-08
0.000129497452588
0.00138375538626
0.0130522511436
0.0389472389819
0.000613692809399
0.00462394207717
0.00918734035955
0.0130522511436
0.00157434626866
2.78576307726e-05
0.00109075073808
2.05060993509e-05
0.0389472389819
9.09880521185e-08
0.0277978723404
0.000926074403318
0.000140099793312
1.04573069573e-10
8.97670922827e-14
0.036964644585
0.00918734035955
7.65689929601e-07
0.0389472389819
1.12162808017e-10
0.036964644585
2.20781436568e-07
2.42227605596e-17
6.85257486059e-08
0.0389472389819
0.000155460832735
6.65013864309e-07
3.27015901821e-06
0.0389472389819
0.0130522511436
0.000696060470018
9.84549322371e-06
0.00462394207717
0.0559868204283
1.25425052421e-08
5.15314236992e-05
6.80925818421e-08
4.76422582975e-07
0.0130522511436
2.21907345657e-05
0.00918734035955
4.84047230779e-08
0.000926074403318
0.0130522511436
0.0130522511436
1.39384347301e-05
0.000291431744974
0.0389472389819
0.0130522511436
0.00438856206324
4.17372996397e-05
0.000434046672817
0.0389472389819
1.41750175951e-07
0.000878932937809
0.000307062652593
0.0130522511436
0.000646608151586
0.00462394207717
5.66431131511e-07
0.0389472389819
0.0389472389819
1.10033778619e-05
0.0389472389819
1.01741758548e-06
1.66840471168e-08
8.88688253273e-08
0.0559868204283
0.00184002320954
0.000310352055903
0.000698499433354
5.66324461771e-07
0.0389472389819
0.000696060470018
0.0389472389819
0.036964644585
4.17372996397e-05
0.0389472389819
0.036964644585
1.39872743536e-05
2.54401902542e-07
1.62700223655e-08
0.00157434626866
0.00918734035955
0.0389472389819
2.63347121813e-07
0.036964644585
0.0389472389819
8.47380089872e-15
0.0130522511436
9.84549322371e-06
0.0130522511436
3.12097423066e-09
0.0130522511436
0.00021669551441
0.036964644585
7.89444092585e-08
0.00020065140252
0.00462394207717
0.00918734035955
0.0389472389819
0.00154960543654
0.0389472389819
0.000152529661233
0.0389472389819
0.000129497452588
1.1922629259e-10
0.0559868204283
0.0130522511436
6.52515743011e-09
0.0389472389819
1.3272137265e-06
3.12939229294e-08
0.0389472389819
3.98960110574e-09
0.00100186384553
0.0130522511436
0.00157434626866
4.06558221392e-06
6.3610900907e-07
5.451070273e-07
0.0130522511436
1.92329921091e-09
3.85074658555e-05
2.50609389674e-14
0.000307062652593
0.0389472389819
6.02034737215e-09
2.59355057083e-05
2.11762044042e-16
0.000104349758812
3.26224357998e-08
0.00128474991009
1.45651401786e-08
0.000926074403318
9.28321718125e-08
3.2884678184e-05
0.00157434626866
0.000310352055903
0.0389472389819
0.000291431744974
1.20668455656e-07
0.0130522511436
0.0389472389819
2.97660293934e-05
0.000152529661233
0.00918734035955
1.38517855138e-07
0.00154960543654
0.0277978723404
6.43719614704e-14
0.0389472389819
0.00462394207717
0.0389472389819
0.0277978723404
2.50349105963e-12
0.0389472389819
0.000325732585297
0.00100186384553
0.00918734035955
1.26050619736e-10
0.000163939567722
0.00918734035955
1.00929556214e-07
1.20581843989e-11
1.72008875603e-11
4.53964204515e-06
0.0389472389819
0.00128474991009
0.00011894451345
0.000152529661233
0.036964644585
8.62341467229e-08
1.71344487335e-07
0.0389472389819
0.00128474991009
1.54971918568e-06
0.00438856206324
0.00264504113024
0.00462394207717
4.25743674827e-07
5.9744245702e-08
4.15915647419e-05
0.0389472389819
8.26385484492e-05
1.74416817108e-10
0.00462394207717
0.036964644585
4.80803917872e-06
0.0389472389819
2.55716970778e-06
0.00462394207717
0.000335751104966
1.39872743536e-05
1.03206164044e-05
0.00157434626866
1.70996029793e-09
0.0130522511436
2.95105474396e-07
3.36835311797e-09
5.57419234457e-06
0.000218453501813
5.14052382575e-09
0.0389472389819
0.0389472389819
0.0130522511436
2.92990865453e-06
0.000332490628724
5.56181270764e-06
0.00462394207717
4.77102184188e-06
5.94909738764e-05
0.0389472389819
1.30532092471e-05
4.99253369564e-09
0.0389472389819
2.9174411455e-06
6.88134344817e-11
1.76256083044e-18
4.16245639002e-06
0.0389472389819
8.08540858416e-08
0.000646608151586
0.000646608151586
0.000140099793312
0.00918734035955
0.000186911476808
2.49620407529e-06
3.60292176255e-06
0.00128474991009
6.53810799294e-07
0.000351551242728
0.000186911476808
0.00184002320954
0.00462394207717
0.0389472389819
0.00154960543654
0.0389472389819
0.0130522511436
1.407762058e-14
0.00157434626866
3.68459990371e-05
4.76831556787e-09
0.00021669551441
0.00438856206324
1.10748697536e-07
0.0130522511436
4.08729152373e-07
0.036964644585
0.000117402757087
0.00100186384553
0.0389472389819
1.37197810318e-06
0.0130522511436
0.0130522511436
0.0130522511436