500
3.74370140233e-05
2.87980285555e-10
1.16414973473e-18
1.78821110471e-10
5.06149694887e-05
3.42000140033e-10
2.05610976347e-07
0.000440147310239
6.53003139839e-08
2.40048842998e-06
3.0546431316e-38
7.3444216616e-10
1.38541370876e-18
2.72398119243e-24
3.57600329014e-06
1.25062972793e-27
6.78126458096e-10
3.52293482093e-06
0.000560972062069
2.04113408933e-13
7.29934677266e-07
0.0
4.18352480271e-07
3.02137783919e-07
2.63215759375e-17
1.21970871481e-08
0.0
2.84537038635e-05
1.51214354264e-07
0.000169468556474
0.0122495902867
0.0
1.04743149245e-13
2.45703787143e-11
4.00674856924e-05
0.0154306854386
7.16601468908e-12
3.71724669049e-09
1.05277918709e-12
1.38914016644e-06
3.75230007196e-10
1.71957789107e-13
2.4408775331e-11
0.00010447875683
4.3518192202e-07
0.000172169250601
0.0
5.16117361109e-05
2.03281508574e-26
4.20642955937e-23
0.000660867076743
4.96073476144e-05
4.24907042002e-05
4.00738647362e-08
0.00190928171947
0.0
1.5835733675e-07
3.10501768589e-06
6.6549753195e-06
1.06047119512e-14
5.09191711345e-09
1.09276140943e-08
4.63474599087e-05
5.91262403897e-11
4.81191361314e-07
1.63738673583e-07
8.43061376067e-11
1.80425997682e-12
5.46755198317e-11
3.53362094101e-10
0.0121071531903
5.51348968645e-20
9.06248852899e-06
0.000318314211326
8.12571368306e-11
0.000245836513978
5.21120176631e-31
1.60667940369e-23
9.39539952249e-12
2.48465345144e-12
0.0
0.000242225277482
1.4359409709e-12
2.65544804746e-05
3.18887196743e-08
6.31065535911e-05
0.00265050675016
3.34373747281e-05
6.7496499807e-07
2.41726266795e-06
1.07909176454e-10
2.09406318122e-06
6.32015213133e-11
4.64999230539e-08
7.65790491302e-07
6.94535386268e-12
2.57227605845e-46
2.04662620091e-12
1.63746750566e-08
1.27446071545e-05
3.05646813735e-14
2.21972674457e-07
0.000245836513978
2.07694702545e-18
9.10414499322e-09
1.2261609434e-17
0.00207426597445
1.79123012342e-17
4.93852173938e-06
1.89098992044e-06
0.000245074986629
0.0
2.48000316937e-18
0.00187879301101
7.3248862361e-06
7.7233989024e-18
5.56158112429e-08
1.36416336389e-08
3.5980547257e-06
1.27407956882e-13
4.79985346361e-05
1.47727132211e-12
4.30368781362e-08
7.12246208649e-12
2.61643073267e-05
1.2436695426e-06
0.000560972062069
3.47773503658e-12
0.0154306854386
2.29825423851e-27
0.0154306854386
4.78829927199e-06
3.02213076195e-05
2.4733303563e-11
3.82632440107e-05
0.0
5.11615130952e-06
3.95055189056e-07
0.0121071531903
1.38409733578e-21
2.72444788394e-07
0.0
3.20713839055e-10
4.09523303195e-06
2.27308214098e-05
3.72320495768e-16
0.00261968690423
0.000391817409506
2.29411506776e-06
1.79342949048e-05
0.0
2.94017907296e-11
5.52299412229e-24
5.33323202008e-05
6.72231060615e-14
4.23268679604e-09
4.11483531171e-13
1.0556577048e-07
8.35595169605e-16
0.0154306854386
4.63474599087e-05
3.11099718972e-44
0.0154306854386
6.34731202015e-07
4.00674856924e-05
1.07950844771e-06
1.45997840031e-08
1.45525277903e-07
1.41936540821e-15
4.65838417546e-06
0.0122495902867
0.0
1.6176997506e-11
4.39577217169e-22
0.0
0.000318314211326
3.5779805144e-05
3.94239409019e-06
3.13432300575e-08
0.0
1.04124009613e-05
3.08341201802e-13
3.3670398425e-08
3.80679475862e-20
2.2890347335e-12
7.29057027927e-09
0.000308718490909
2.70631805735e-05
1.35306886829e-15
3.99154682074e-05
9.64325801468e-12
0.0
0.00508321658141
0.0
3.18074194112e-05
2.4995239266e-07
1.30942012812e-17
4.32954055244e-05
2.44517162553e-17
0.0122495902867
1.88456482557e-18
1.49734802517e-10
0.0119172370618
7.4484450499e-08
8.69681393335e-28
1.78054971361e-08
4.62907579852e-17
0.0
1.73448280077e-09
1.90647141386e-06
4.8293557836e-12
6.10247890964e-07
4.96619755857e-07
6.67098264235e-17
6.03076179395e-08
6.33300497697e-19
1.43923252321e-08
2.45619270239e-11
1.62926421639e-17
0.0
4.91063432538e-24
0.000180485872294
2.71982208657e-21
0.000445325513888
5.85519423696e-25
1.28291052529e-10
5.23808130973e-06
0.00333881664264
7.9416839564e-05
4.76790237508e-26
2.82329692676e-13
3.73181486277e-08
2.72495031263e-34
4.62465517386e-11
2.75119485772e-07
7.05334376809e-14
5.76416078799e-06
6.7065460606e-11
2.22555056061e-05
0.000440147310239
3.05208019995e-10
9.10252750598e-10
1.95352911637e-07
1.73569475701e-21
2.14972790278e-08
6.32250508811e-05
3.27075734747e-06
1.06922670894e-28
0.0
0.0
7.6366696216e-18
6.76680799419e-07
2.01674774986e-07
9.27479396794e-11
3.94298133576e-06
2.722205912e-06
2.34097948819e-05
2.40702599426e-06
4.50714599682e-05
1.41167064593e-07
5.2287847075e-08
1.03998876699e-13
5.86696185899e-06
2.14238649691e-07
3.5872244748e-17
4.07383733593e-22
0.000267315333609
0.000316984877045
6.20052934614e-12
4.56674808177e-13
4.95850784557e-27
0.0154306854386
1.42127989518e-07
0.0154306854386
8.37811700033e-11
4.27143912769e-06
0.0
0.010777740291
2.38549904878e-15
3.26633215791e-08
3.92084756204e-09
6.27483560929e-27
7.36734702691e-22
6.50147838606e-05
0.0121071531903
1.26554604819e-13
3.35072786087e-08
3.50145347866e-06
3.43698911548e-05
2.78080886081e-11
4.91416904509e-08
1.00246756967e-10
1.54174433825e-05
0.000165973975828
0.0121071531903
3.87580329468e-12
1.08689927081e-16
1.14835942837e-28
0.0
3.57145098679e-13
3.26173231659e-16
2.94307810424e-12
0.000170118761689
5.01541388249e-06
9.77659711539e-07
3.98585554453e-08
0.0
8.97889981661e-06
1.43818501099e-05
1.45915609057e-06
0.0
7.96712688192e-06
4.72389447667e-18
4.41602663077e-05
9.43216314936e-07
2.35581609399e-08
0.0122495902867
6.60327923393e-11
6.90974951781e-06
2.93453190553e-07
1.81151841687e-08
6.19680100835e-06
2.03805046587e-10
3.06179734961e-28
7.99795914942e-37
0.000560972062069
5.25190238612e-18
8.35320294383e-29
3.58141916832e-17
7.12500258689e-07
3.40148651452e-06
3.40923188829e-08
2.76406456962e-05
4.29945536413e-06
1.30704648327e-09
9.41624879128e-06
1.31967412261e-19
5.01909634687e-05
6.45092748386e-05
1.14169763949e-05
1.19936504277e-05
3.09444274117e-05
2.72449789696e-06
0.0154306854386
5.47072893086e-13
6.77910439251e-21
2.32015812451e-12
8.55561324143e-05
0.0154306854386
2.52534413569e-12
5.12807819429e-05
0.0
2.95740382629e-09
2.69175584004e-22
1.02761189376e-05
4.42479091382e-08
2.09711589553e-06
3.04310374579e-06
5.92903553662e-18
3.28124917314e-14
4.66889779994e-13
7.80389168806e-10
1.23208684267e-05
2.19081941951e-27
1.12487960599e-13
0.00164664806587
6.32494932969e-26
7.52740080797e-08
3.00243574839e-13
4.95453560007e-05
2.13305032285e-09
5.3718045e-07
3.81618370276e-11
4.50088733259e-12
2.78819062398e-20
2.10056628306e-28
0.0121071531903
1.43818501099e-05
1.28195047066e-10
7.0430915506e-05
6.03177233874e-06
5.24827522255e-06
0.0
2.45331292462e-05
0.0
1.86754918471e-05
0.00164664806587
2.92315430792e-07
5.75460843046e-13
2.0797610325e-10
9.94217311106e-07
0.0
1.15059984868e-12
1.06581820157e-17
4.1528152706e-05
0.0121071531903
6.93797891674e-08
3.4011028686e-05
5.41440047576e-17
1.98311057535e-08
0.0
4.72709566983e-10
4.03412015621e-11
6.87102016863e-06
0.00038819663606
3.55872569708e-20
3.42433991859e-19
2.78035099693e-11
1.01422099441e-10
3.82339625994e-15
3.99252135713e-27
7.09349810583e-05
3.14000057379e-16
0.000105100495356
8.25689146266e-15
1.20721517446e-17
1.95521526251e-06
0.00160197156796
5.44555658078e-05
5.77536374268e-06
4.86070681156e-22
4.50572473488e-05
5.58518046405e-05
3.32493095274e-16
4.08507322535e-12
9.04875351525e-05
7.09979121965e-05
3.75475508391e-14
1.64449338789e-07
4.07929041186e-07
1.27446071545e-05
9.18898501238e-08
8.31810272594e-18
2.70655666001e-24
6.08311518704e-13
8.11391092433e-08
7.28456409693e-12
1.70285270211e-20
1.11229663644e-25
6.47541396264e-31
1.47339806749e-14
0.0
7.09979121965e-05
0.00167249417059
2.31359598187e-15
1.69475912695e-11
5.24827522255e-06
3.43836344972e-05
0.00162750099534
0.0
0.000150513274026
2.87648486794e-29
0.00024175530171
0.010777740291
2.63282272651e-08
0.0121071531903
5.03902027971e-24
0.00040025658025
2.21203046164e-07
3.57303040919e-31
4.13260642482e-16
1.77212775515e-06
0.0121071531903
3.61881898919e-08
1.35316004433e-12
2.65547454117e-05
0.0
2.73067725333e-06
5.35295088898e-20
8.46125384258e-15
0.0
1.85820006773e-18
1.11370427017e-09
7.84519238642e-05
0.0
1.55063035229e-09
1.55181170876e-18
0.0
6.70781824487e-06
0.0
2.27484858647e-27
7.1898603255e-19
2.02325985963e-08
7.09349810583e-05
9.99799243808e-15
2.84064665427e-14
5.30112057517e-10
2.53471195642e-26
4.18958764223e-07
3.89526847824e-05
5.27782473543e-32
0.00333881664264
6.59727770869e-08
7.59949624018e-06
0.00261968690423
6.85171896918e-05
6.86521950491e-06
2.92472334533e-05
2.05040135649e-06
1.84688120814e-15