500
0.0177837115286
0.000780634634705
0.109587811027
0.00918932674876
0.0
0.024372365226
0.0177837115286
0.00524043531261
5.33398710316e-08
0.00131946791573
4.04363512947e-07
6.50499048149e-06
0.000629049635928
2.66252096471e-05
0.00299892110955
0.000755475451065
1.48798571343e-06
1.40410066371e-06
0.00142259382177
9.64132042422e-09
0.000169218331094
0.109587811027
0.0417091799771
0.0444960227264
4.64720455268e-05
0.000529717799319
1.80787743449e-05
0.00142259382177
0.0417091799771
0.00778947185585
0.00397668868705
3.46414606313e-05
3.41367915289e-08
0.0212009171231
0.0417091799771
1.33981810401e-08
0.0080385353418
0.0212009171231
4.13908590722e-13
4.38949090764e-08
1.72578626217e-05
0.000741119670057
0.00118051817788
0.000304563720289
0.00271908307548
0.109587811027
1.27923222825e-09
0.000167598985341
0.000329856879968
0.00918932674876
9.89702188121e-08
6.41773484076e-08
4.135330923e-05
0.00778947185585
7.22499966507e-08
2.40580343829e-12
1.57996419023e-08
0.0177837115286
2.33800111719e-06
0.0177837115286
0.0417091799771
0.00220662238425
0.00220662238425
0.00220662238425
0.00147173775425
0.109587811027
8.6552051836e-06
4.00673110474e-06
0.00237114025819
0.000249749928452
0.024372365226
0.0
0.00271908307548
1.86873958117e-05
5.3822143079e-13
2.90181464253e-06
0.0444960227264
0.00271908307548
0.109587811027
0.00778947185585
0.024372365226
0.00778947185585
0.0018054324127
0.109587811027
0.00117419686407
0.024372365226
5.71933371935e-06
0.0080385353418
0.00680208884373
0.000741612174005
0.0417091799771
0.000461440343882
0.0212009171231
0.0417091799771
1.03684418182e-09
0.0417091799771
0.0417091799771
1.75361492063e-07
0.00295210551571
0.0417091799771
9.39703178311e-05
3.58079211439e-05
0.024372365226
0.000298766897724
0.0138798399223
1.02159277044e-05
3.88327878226e-16
4.29389550431e-05
1.16245792099e-05
1.83746806206e-06
3.22612721103e-06
6.83964661194e-09
0.109587811027
0.00524043531261
0.00918932674876
2.67452343771e-10
0.000534286180519
0.00235789629595
4.01661852133e-05
0.0138798399223
4.13937810716e-10
0.00147173775425
0.109587811027
0.0007176526677
1.18554917847e-09
0.0417091799771
0.00105753642213
0.000365570074214
0.024372365226
6.04943084215e-06
7.21144785394e-08
0.000134871793026
0.00397668868705
0.000114502469896
0.00142259382177
4.24459048831e-05
0.0417091799771
1.45837347386e-06
8.05701812469e-06
1.15123270953e-07
0.0177837115286
6.65178659392e-14
3.97174924647e-09
4.91444635234e-05
3.74271147447e-15
5.5120604403e-06
2.54312321826e-07
2.2231400756e-05
2.84576821836e-05
0.00918932674876
4.84353973844e-06
0.000235452463218
4.62407105954e-06
2.65388835959e-07
1.01276909954e-05
0.0417091799771
0.000776866604518
0.0444960227264
5.10712133797e-08
0.00295210551571
0.00353875454263
0.0417091799771
0.0417091799771
0.0
5.97603115013e-08
0.00105753642213
0.0417091799771
0.0417091799771
0.00918932674876
0.109587811027
0.0
2.13438117429e-05
0.00124434541537
5.29356131718e-07
7.01026686704e-06
0.000954353251738
0.000292933532154
5.20836206848e-09
0.024372365226
0.0212009171231
6.62835805323e-08
3.63541462537e-10
0.0177837115286
0.000287423047714
0.00033513527756
4.72552168554e-09
3.64131051166e-06
1.5165368116e-05
0.024372365226
0.0417091799771
0.00271908307548
0.109587811027
0.00324807703874
0.00761852292868
0.0417091799771
0.024372365226
0.000140452566087
0.109587811027
0.024372365226
0.024372365226
0.0417091799771
0.000589121868591
0.0417091799771
0.0417091799771
0.00680208884373
0.024372365226
0.00129741121652
3.47652113047e-12
4.28623144931e-10
3.51359333425e-15
0.000365570074214
0.0
0.0138798399223
0.00918932674876
6.07657422082e-06
2.24803472282e-05
0.000173067302817
0.109587811027
0.0177837115286
0.000461440343882
0.00390251980374
0.00180790801861
6.01025195424e-10
0.000357532990743
0.024372365226
1.31269104461e-05
6.96560684162e-06
0.00918932674876
0.00220662238425
0.000884636981135
3.87569506801e-07
0.000123853285979
1.50438826081e-08
0.000444477899587
7.27126311727e-08
0.000286694771773
4.22056382233e-11
0.00261120622836
0.0417091799771
0.024372365226
0.000169850118563
6.35888912372e-12
0.00234754966832
0.00918932674876
0.000329856879968
1.29862609634e-05
8.05701812469e-06
4.32607535021e-10
3.47402465839e-07
1.43500190736e-05
6.80757172793e-10
1.8727446563e-05
0.000167598985341
2.63123341948e-06
0.0417091799771
3.79893277486e-06
9.86781264976e-07
0.00271908307548
0.00521228947645
0.000628761690834
1.0944213179e-06
8.35068425459e-06
0.0417091799771
0.0417091799771
5.10127741959e-05
1.94856116513e-05
0.00131946791573
9.33136555758e-09
0.000365570074214
1.27971503095e-05
0.00127828965484
8.38612336647e-08
0.00918932674876
0.00147173775425
1.09943862902e-06
0.024372365226
0.000529457491243
0.0417091799771
0.0138798399223
0.0417091799771
0.024372365226
1.32035962444e-06
0.0
0.000497550261972
0.109587811027
5.85451561938e-06
0.109587811027
0.00105753642213
0.0417091799771
0.0417091799771
0.0417091799771
0.0177837115286
5.80528328885e-05
0.0177837115286
0.0417091799771
0.109587811027
0.0013582724341
0.000342001851978
8.25835757521e-05
0.00129741121652
2.31828468098e-11
1.04333350265e-05
0.00524043531261
0.109587811027
0.00295210551571
5.19873519016e-09
0.000771318703219
0.000446058912612
8.62615347875e-07
0.00127828965484
5.2701326376e-12
0.0417091799771
0.000473223265683
0.0417091799771
0.00204002931119
0.109587811027
0.0417091799771
2.87568336015e-10
0.00302747250647
2.41952567622e-05
0.0417091799771
2.17972671946e-07
0.024372365226
8.73994621122e-06
0.00142259382177
0.00302747250647
0.000621827994276
4.73683217597e-07
0.00127828965484
0.000104286713798
0.000540097960064
0.00271908307548
1.24603367547e-11
0.024372365226
0.000755475451065
0.0417091799771
0.109587811027
7.38626396815e-09
0.00778947185585
0.000741119670057
0.00524043531261
0.0177837115286
0.109587811027
1.2206094711e-05
0.0444960227264
0.0
0.024372365226
0.024372365226
9.68685576798e-05
1.36928374626e-07
1.16541269412e-10
4.24331480002e-11
0.0417091799771
1.41677847821e-07
0.109587811027
0.00261120622836
0.00237139296276
8.00211916874e-09
0.00324807703874
8.61609766778e-05
0.0177837115286
0.024372365226
5.4282381348e-05
0.024372365226
5.63834312132e-06
0.024372365226
2.68022002628e-06
0.0417091799771
4.10538070785e-08
3.34065655094e-11
7.66128933193e-07
4.05393018214e-16
1.92468874436e-06
0.0417091799771
5.34370878504e-06
1.53652894013e-09
9.09071734261e-06
5.04565894547e-09
0.00918932674876
0.00918932674876
0.000329856879968
0.0444960227264
0.00105753642213
0.00261120622836
4.6063044727e-07
8.4720711168e-09
0.024372365226
0.000574196298949
1.37592744743e-05
0.00521228947645
6.06443723691e-05
0.00761852292868
0.00778947185585
0.00335328327438
6.77296952785e-12
9.09243629329e-08
1.22935268037e-18
3.37789317754e-14
1.35671291997e-10
0.00017062653027
1.27412410379e-06
3.9633262382e-06
4.32657287232e-07
0.000236505930667
0.0417091799771
1.54862797531e-06
9.12389193585e-14
1.96934002808e-09
0.0177837115286
0.0417091799771
0.024372365226
0.0212009171231
0.109587811027
1.21263059215e-09
0.0444960227264
0.00147173775425
0.0417091799771
1.12512979859e-09
0.000107365248511
0.000529457491243
0.0177837115286
2.33925599546e-06
0.0417091799771
0.0018054324127
0.109587811027
1.8224203422e-08
0.024372365226
0.0417091799771
1.29386147228e-09
0.109587811027
0.000197260211469
7.13227049563e-06
0.00778947185585
0.0417091799771
0.109587811027
0.00015332764764
1.20537479392e-05
7.9951173028e-06
1.63650378944e-07
1.47884934208e-16
0.0
0.00271908307548
1.17164634033e-09
2.25080227254e-10
0.000461440343882
0.0417091799771
8.13441874073e-07
0.00382609743512
5.25788691126e-07
0.000589121868591
0.00100561580741
0.00382609743512
0.000529457491243
0.0
0.00302747250647
0.0417091799771
0.000473223265683
5.20241647241e-06
0.00105753642213
0.00299892110955
5.85661635151e-11
0.00105753642213
8.6072735654e-12
0.0177837115286
0.0417091799771
5.45702938459e-05
0.0417091799771
7.32576442709e-06
0.024372365226
8.12294095704e-11
0.00106889074139
0.00235789629595
0.00271908307548
1.97633246333e-13
1.06561137155e-05
0.000529457491243
0.000145081835331
2.14419204956e-05
1.62860220711e-19
0.00299892110955
4.3152538504e-24
0.000780634634705
1.02062147235e-10
0.00918932674876
1.16774861236e-06
7.2685535926e-08
0.024372365226
0.000239544559851
0.0417091799771
2.98039978462e-10
0.0417091799771
4.41941554286e-05
0.00220662238425
0.000473223265683
4.7992410795e-07
2.6856658284e-05
0.0
0.0177837115286
6.60922196345e-06
0.00136754262373