500
1.77018665869e-10
1.14408213015e-27
2.81169407966e-12
9.15361214639e-27
2.19596521949e-08
6.2126787849e-27
7.55786959141e-25
7.43936617246e-09
1.52481178726e-46
4.16213035273e-09
2.56884708598e-05
6.40022288172e-13
6.70059680286e-11
0.0013288136231
0.000534778651956
3.76357171122e-08
4.28107814119e-09
3.89063617611e-21
3.44874744798e-22
0.000305865670394
3.23457037864e-07
7.40170907897e-16
2.33320263443e-05
2.58773031407e-35
1.86766365146e-06
3.9346751316e-23
4.86915159192e-20
9.50877074868e-62
9.47735751806e-13
3.71802168595e-16
2.79967914418e-10
9.05869522834e-16
0.00314368682758
9.62605604465e-18
1.04733189403e-06
3.52618397705e-16
1.27261994489e-20
7.79778499431e-37
6.67286643802e-05
4.8955335475e-24
0.000277047144379
9.10880513937e-07
2.36834901652e-17
8.04452301989e-05
1.81048064548e-15
1.29949281204e-11
3.16584603183e-23
1.4295286961e-19
1.84646844389e-08
1.1397103712e-05
2.47930286917e-07
7.70397543447e-26
6.15596930887e-19
3.99471155447e-11
6.88661332843e-24
4.58166636961e-05
5.13166159186e-14
9.40614624335e-80
1.41028453117e-31
0.00457929111454
5.61410219487e-11
0.000221593921241
2.11576484971e-16
0.000161304920055
3.26928136543e-51
4.00683650911e-06
6.66700184369e-10
2.40864835615e-13
0.000343591577188
7.51573331076e-13
1.00483410227e-30
0.0010722695549
1.14370412725e-24
8.52140027347e-61
1.15560072597e-09
1.49994197557e-22
1.83762051239e-43
1.38597672515e-88
3.0346327932e-06
8.40746430237e-09
0.000337890572085
4.70622624704e-32
6.00648066322e-35
1.38586052571e-34
7.62178847221e-06
1.70878487817e-12
2.75893656666e-63
2.12188432636e-15
6.20053492552e-05
1.84290544378e-06
3.84300951637e-23
3.17798048448e-05
2.74547536079e-14
1.87140529634e-21
1.937425066e-09
5.63803542348e-17
6.00509872475e-16
1.14724666858e-07
5.43550221662e-61
4.39581202175e-19
3.79940724912e-14
0.000277047144379
2.56483569507e-11
1.19981290091e-16
2.39310298664e-15
4.81766938546e-29
5.42857691694e-05
2.43937851431e-35
2.16182863564e-38
2.72131498218e-17
2.99172760619e-19
0.000865916464689
2.67674775758e-20
2.01642890552e-16
1.87985468338e-23
8.14633088367e-19
1.40234708345e-10
4.49254745737e-10
2.16771125034e-57
4.01587914088e-16
4.62933377907e-21
3.53322886001e-52
5.81889610122e-20
7.74948975651e-09
1.14482480581e-24
4.47769278923e-11
1.00805116162e-10
3.35225031985e-55
3.94059860317e-52
0.0010216624023
7.86594494908e-39
4.4888172064e-07
0.000115621994387
6.40077928971e-07
1.27650317099e-18
9.27240164503e-61
8.58817816622e-32
6.97135953081e-21
0.000214995415482
4.33105660494e-11
5.28546643901e-26
9.54338992883e-16
9.13419341616e-21
2.41184476736e-09
1.47588936902e-08
9.70452222121e-20
1.45008820208e-52
3.58448034103e-14
6.18528173153e-33
5.45554220633e-26
5.05055352329e-18
1.10901944754e-09
5.30061360418e-42
4.09691332097e-24
1.22626573578e-11
1.75905115641e-05
0.000132950594654
4.36946373485e-08
3.20347405752e-35
1.84119005346e-30
1.4847928919e-07
1.13321331635e-12
4.46528646753e-16
2.88857020796e-36
2.22120744369e-19
0.000677942231582
4.2052110281e-07
8.68255476079e-08
2.74664320578e-39
3.69309742624e-15
2.7954416512e-24
3.81811190799e-30
0.000157577000335
2.46225327821e-08
2.65729166149e-08
1.20348370919e-20
7.77968888875e-85
9.78015772216e-12
6.98564563841e-49
3.38138604421e-11
8.87020822706e-05
3.3963158135e-15
3.20265554773e-21
1.25789994313e-29
4.51653561858e-29
1.72950978238e-05
8.46269315531e-13
6.42815064896e-66
1.31774051149e-09
1.48745335049e-48
1.38603682782e-15
7.37576340891e-32
1.6743270508e-05
4.81396330787e-39
3.0953695123e-31
2.04025503082e-09
1.16584306387e-18
4.00728764659e-23
0.00457929111454
2.67169694862e-11
0.00013340111606
1.95108628581e-15
3.94761722429e-12
2.30026161069e-34
2.17852115519e-21
8.58032425783e-17
1.29865764026e-12
5.40504240096e-09
4.18047471351e-19
1.09479385289e-18
6.10764384706e-15
5.30840639512e-31
5.42786879827e-35
4.62148594749e-08
7.64321052168e-30
5.2043541416e-07
1.45331373019e-22
5.40649205691e-18
1.82526011188e-05
5.85087137872e-16
1.87233283105e-31
6.45226308132e-15
2.30688912235e-35
0.00071043362395
4.20129562903e-19
4.35987363495e-23
2.03856745934e-25
8.90346706246e-05
2.61515851975e-13
2.62646558689e-26
5.57712111448e-05
1.99767026381e-37
8.87392545286e-15
9.87338807884e-07
9.57801201194e-11
3.73386206859e-17
1.44641652732e-08
1.13173911323e-39
0.00457929111454
1.04394595173e-07
0.000343591577188
0.00807425102406
0.0131434236595
2.18297518405e-06
2.33506690026e-09
4.75867948312e-65
7.52712748322e-06
8.45085325465e-05
3.89999619827e-06
8.32494629469e-58
0.00017858577818
2.62216865999e-76
1.04593842303e-32
1.12797526971e-08
5.5135683274e-15
6.66078895919e-10
3.46209867218e-15
8.97325496692e-05
3.28132011666e-05
1.13157625762e-10
4.21590728062e-11
1.02792780421e-11
5.85339100445e-12
1.87347161607e-19
8.30504704168e-23
2.53289024756e-05
4.16333783402e-07
2.16146567474e-40
3.4390946747e-58
4.97537430543e-42
1.11834268685e-11
2.00334726546e-13
0.000157577000335
2.31094270324e-57
2.732238884e-36
1.40530908102e-06
1.10071798599e-08
3.20131311045e-23
2.85207168232e-24
0.0131434236595
7.05236283407e-39
1.00968904808e-07
3.68184215999e-22
1.12514384196e-07
9.97800640667e-10
6.5588775384e-07
4.09154301003e-22
1.23802321438e-05
5.27495086011e-11
4.6432141763e-16
3.53581858972e-07
0.000214499043249
1.99666630396e-38
0.000328524529839
1.14446273602e-19
7.57276951895e-12
1.50701726471e-05
3.05970092976e-12
4.69132089308e-21
1.80158669157e-13
1.09292446965e-62
9.39580422587e-16
1.65637687469e-05
2.7682319803e-08
3.44683782778e-11
1.12603633137e-18
4.97405531736e-15
2.59584018914e-15
3.17680630898e-12
0.0131434236595
1.11419422856e-09
2.31633639044e-07
0.00457929111454
1.02297758601e-10
6.75804830639e-74
2.86705285089e-32
2.08272500952e-08
3.36915925098e-62
2.45017120881e-07
1.74616243972e-75
1.16488257922e-14
9.87172610379e-27
1.81056593407e-17
6.89078830751e-05
2.4223291016e-16
3.68182208506e-22
2.34079596153e-06
0.000115564136069
1.14624647052e-28
0.000137564641326
2.05060793009e-22
0.00807425102406
7.13462083745e-20
4.49222821463e-71
4.40313665801e-12
1.10421207436e-22
4.0189460999e-36
1.50988818741e-12
3.21744754464e-14
7.12244460429e-06
0.000231907407013
1.17140331443e-82
8.97504893451e-21
8.45982095584e-07
1.01471046175e-08
4.70906853869e-13
3.26903780497e-06
4.29876152778e-06
4.38894739203e-16
1.22775094501e-39
3.53930360856e-18
8.34230117605e-29
1.32257581487e-20
2.41621172049e-27
7.5692194066e-07
3.51745786774e-08
2.36472435634e-30
2.43780786142e-31
2.82414285896e-24
2.24143412086e-12
7.40234179513e-40
5.92696733669e-17
0.000865916464689
2.95650690402e-14
1.20401388599e-35
0.00415854282066
1.91193458613e-08
3.38191634093e-36
1.01520360162e-47
1.12970303179e-06
0.000596073833875
1.22777919543e-43
1.68035783579e-47
0.000121717080182
1.02054139155e-29
4.25165992994e-37
1.36537114726e-10
0.000343591577188
0.000865916464689
7.51475011681e-45
4.46388349914e-10
4.89533034453e-11
4.21795711121e-52
9.20837778633e-06
4.80465519052e-14
1.01716454967e-22
8.16452408071e-11
0.0131434236595
0.0131434236595
3.66266118977e-33
5.91075898494e-05
1.24863434319e-11
3.79943552155e-34
4.37026251024e-05
4.56030600853e-23
0.000144082895317
1.75334155862e-17
2.21495788961e-25
0.0131434236595
1.89686549367e-09
0.00174546134313
1.67560617111e-12
1.80975236646e-21
4.36714591895e-47
2.26123962878e-14
1.70987963075e-06
8.23811622169e-21
4.32963676476e-09
1.42016648559e-07
1.72473227516e-22
2.00269686675e-15
1.30165153834e-08
2.25165551504e-12
4.15360419003e-15
1.12262790175e-15
1.95182422006e-42
3.80916067358e-05
3.90158393671e-26
9.99155362315e-08
2.80583261654e-20
8.09219265615e-05
9.43463464173e-11
0.0131434236595
0.00457929111454
1.880320017e-46
2.42774245785e-20
4.14948179883e-14
1.13809451948e-10
6.16261451017e-08
1.45196006863e-31
2.66995617867e-05
7.32767591906e-07
2.73144636235e-07
9.66664581227e-29
0.00457929111454
5.52352455361e-05
6.71612459214e-05
8.98486751609e-14
3.280927013e-30
1.06156311914e-17
1.92331322317e-32
1.90874346323e-05
3.66693385216e-19
2.41832299106e-14
2.85728036165e-69
2.09280562333e-11
6.67163098084e-18
9.39863979784e-16
3.80649361666e-14
7.29599660394e-15
2.16128101504e-12
3.47089325331e-16
1.53874550205e-29
0.000337890572085
1.71745970206e-19
1.96350045602e-18
5.58364972944e-07
1.51881240184e-32
7.24223328408e-18
2.16708057591e-26
3.52298319207e-14
3.43040175035e-08
1.73337291369e-22
4.76443026622e-05
5.43058085294e-10
7.44748847114e-40
2.76547187897e-11
1.10112264519e-24
2.92957139869e-21
4.00727855699e-14
2.97606481747e-07
5.29278985931e-19
1.55354995376e-25
1.03745502029e-07
4.59293760777e-35
3.30804797e-74
6.11868326419e-55
6.09402403548e-08
2.43820674903e-13
5.96335902306e-21
2.50108032221e-26
1.18895433813e-59
2.92645391179e-21
1.96903119893e-09
0.0013288136231
0.000178244062408
5.94662402939e-09
6.18355427156e-28
2.22911200302e-06
6.52015912597e-40
3.69002843581e-81
1.98855282762e-17
8.5058203803e-07
3.45801963669e-05
2.69442138533e-21
4.78868182257e-28
5.32686970504e-08
1.31758920502e-15
2.66443452399e-20
2.74303071643e-13