500
4.83353374637e-23
5.25436842589e-36
0.00229201902749
9.66268756634e-26
3.40267678133e-30
8.48259542234e-08
0.00013735053268
1.90965446336e-12
2.48861352403e-26
0.00246849173554
2.94882542654e-09
6.62023661943e-23
0.00183356643357
3.47729134459e-12
2.96416625403e-18
7.17613257943e-168
6.96088649847e-65
9.94471124295e-22
2.96256770667e-16
0.0010996433491
1.40708678878e-12
8.47657445294e-26
7.64076488048e-21
0.0
2.88070946314e-07
4.7565218362e-139
8.04309163658e-42
2.90075362668e-17
6.62432084485e-39
3.29924580491e-20
4.28734835217e-21
7.0780306053e-21
2.8291541009e-53
2.88133815661e-17
4.86539870526e-60
5.12520033876e-92
6.09516627523e-14
6.78009996763e-12
6.79955632521e-11
1.09931547701e-06
0.0107496124031
6.50793365932e-22
1.79887401433e-05
9.4631318166e-05
1.46210746541e-31
5.20727513809e-06
6.01246767124e-86
4.63277664117e-11
3.24250902777e-65
0.0317975708502
2.4656398456e-05
1.49995137763e-40
1.86586443288e-12
2.57190747922e-22
6.02541232931e-13
2.43465971901e-35
5.96249926435e-20
1.90145180642e-17
1.14012939606e-05
2.39601522565e-14
4.30294740775e-21
2.35297604155e-07
1.75702425833e-35
1.02234086704e-34
4.76093615758e-31
2.31336439275e-07
1.72262072369e-10
6.92464997367e-08
0.00229201902749
1.25330882489e-05
8.73093690086e-47
1.17494209097e-12
3.17182332478e-05
0.0107496124031
9.60916335976e-08
9.99835390675e-57
3.52136650464e-11
3.06641485349e-43
1.0157893319e-10
8.99945766318e-72
4.39878079939e-69
4.68903135444e-19
1.05406399866e-11
0.00051648733079
1.12653031934e-53
0.00495
5.95224860501e-19
7.12141930189e-07
6.40926479897e-35
1.22914932939e-16
3.37593523975e-10
2.45667202581e-30
2.74556046003e-37
1.79144125892e-15
3.03964585111e-27
2.8671964261e-24
8.91849065227e-31
4.30849541337e-05
8.32486174366e-36
1.89249548307e-12
1.89764413962e-29
8.13215598393e-05
5.04859800418e-28
8.26643569638e-37
7.63300904062e-13
2.90737408067e-05
0.0045723378213
5.13177681746e-13
0.00502666666666
4.68872837146e-05
1.25068370196e-22
1.33053780429e-12
4.17559212433e-08
2.57573419251e-17
1.5891763146e-116
0.0
8.30631494592e-70
7.45985266112e-79
1.23805616602e-14
2.36011609132e-35
9.35321528278e-29
2.45016245802e-08
5.9486742318e-10
7.64910633727e-11
1.92881914626e-15
1.77538140784e-16
1.40061838823e-42
1.05488833945e-06
0.0
5.07763502547e-65
8.52115606382e-05
4.19057672352e-33
8.82430297546e-09
1.10577556095e-14
3.66747306484e-35
8.70760510432e-28
3.28082034824e-49
1.21962553133e-80
5.79781686015e-27
1.42268634088e-09
2.0576386136e-34
0.00892405063293
1.86783538443e-19
9.62174020346e-13
7.62976673793e-09
6.1654774667e-11
4.62559770576e-39
2.79760696322e-31
3.00965181022e-35
0.00322302158274
6.44366335851e-19
1.7002017295e-07
4.08900398871e-11
4.62922666402e-19
1.26177815894e-19
2.59507906543e-15
3.09541654083e-06
4.33219340768e-17
2.361164314e-14
0.0
2.75948987169e-21
3.17342848894e-12
0.0317975708502
3.06959589135e-41
4.6952436794e-18
5.87836695464e-08
1.24878536918e-49
0.0107496124031
7.04212911461e-23
0.0107496124031
1.77387264514e-20
2.27731871903e-199
7.81963238086e-18
2.90527770859e-19
0.00246849173554
1.56133905413e-43
1.58281601762e-42
7.53762130295e-09
2.0422255619e-11
1.59716386517e-54
8.26461272399e-36
2.00187614775e-15
2.1335877866e-08
2.80145675119e-07
9.31222561136e-16
4.43766291225e-07
1.88337615773e-59
1.61047140387e-14
1.56507838227e-07
0.00824349750968
1.42469900954e-36
6.15807533117e-07
0.0
3.29000676877e-83
2.26804312745e-27
9.58262739659e-18
3.85941678839e-19
1.82361646425e-06
8.63915687294e-17
2.56968223477e-26
1.38063834603e-66
3.32250469826e-05
2.12733547606e-68
2.13194724023e-06
0.000997826421264
2.76222226694e-25
2.89972433557e-28
1.10854410891e-82
7.66970618795e-41
1.25809127989e-05
1.68688671092e-66
1.15243336549e-09
4.08951564599e-53
1.26147636572e-24
3.19792945036e-56
3.93304247292e-28
4.93385050112e-67
1.38311203074e-16
3.04501896849e-06
1.76102987186e-15
1.70421508639e-06
1.85389973416e-38
3.53601946448e-06
1.16495014189e-32
8.26697936293e-28
1.31639802355e-09
0.0107496124031
3.57935231841e-06
1.32425263157e-06
0.00246849173554
0.0107496124031
2.88809942071e-34
3.6574418799e-20
9.19918479633e-17
2.49492896315e-28
2.0958611657e-08
6.63877553008e-55
0.00892405063293
3.0667517275e-27
9.60326225619e-18
4.15887372076e-18
9.53540851818e-18
3.55953531503e-42
9.88115347435e-32
2.13930803088e-34
2.76748047388e-48
6.76761718799e-59
8.19068715926e-18
1.54227241819e-06
1.53307473934e-23
3.67389924406e-12
1.09078696039e-29
4.56815138981e-35
0.00495
4.28050435019e-16
1.6986448203e-11
1.58440332688e-30
9.85345773095e-10
4.00869237413e-16
2.23251094599e-07
9.59204532188e-66
1.10324274869e-15
6.23005841367e-20
0.01202004662
1.75011903154e-26
1.56456435022e-21
1.30214588267e-45
5.7896161351e-28
2.29123946694e-24
2.19915374466e-10
2.89464052831e-08
2.14675197886e-39
0.0317975708502
1.72999436225e-34
1.12941276491e-25
3.98715886034e-08
0.00892405063293
1.67509327831e-42
1.27713808335e-22
9.86834662587e-20
5.49178649506e-70
1.03767684413e-58
0.0
2.00127619396e-36
2.59983972241e-16
1.22033649088e-16
0.00246849173554
6.47298859446e-07
7.91532263774e-17
0.0
5.97244639719e-36
0.00824349750968
1.85582663411e-05
1.36182387058e-42
5.31800219883e-30
4.41252954775e-16
3.36967439815e-22
1.25708150182e-12
2.56760178267e-25
4.91078813372e-28
1.7245074696e-13
6.30804194408e-32
1.00138838321e-20
3.79114967384e-34
1.61281930943e-20
1.15688415671e-17
7.63934822988e-15
7.73530507281e-25
1.88220917285e-20
1.27004385279e-14
1.75871962645e-53
6.2100480508e-60
5.21661005611e-42
3.08660069172e-09
1.84287289791e-88
2.57097965938e-30
3.01848553874e-61
1.52785834736e-28
5.14133630139e-18
6.76099882365e-06
1.25747747475e-09
2.41502875268e-21
3.42236140499e-05
2.27198342252e-40
4.79638593102e-06
1.13284479108e-47
8.53374022154e-29
6.45854646432e-09
8.31531834255e-07
0.0
7.38574025761e-11
1.57751169973e-29
3.0607727175e-07
5.04056487512e-10
3.78044903278e-13
3.96316521594e-24
2.96052414796e-13
1.50029419497e-32
4.26994319088e-22
4.38494906457e-11
0.000789917355373
1.1071161418e-49
3.87304953245e-37
1.82739647072e-06
1.31321899568e-11
6.92420667439e-43
1.15068820301e-26
7.60266451687e-39
0.00068432177335
8.74981558268e-17
1.85257750607e-17
1.07691415444e-19
1.48026776277e-08
5.18992761224e-07
4.08487304252e-07
3.26147614287e-30
2.26265934871e-11
2.58821116885e-15
5.84336912645e-52
9.30264300968e-05
7.42139439266e-10
3.09300140273e-14
0.0
0.0
3.70937874696e-06
1.99906514642e-05
1.77748742172e-08
0.00502666666666
6.69698075629e-34
4.19378229467e-78
3.26352787432e-49
0.0
0.00495
2.30510666398e-22
2.79308598831e-35
3.50270129559e-38
0.00183356643357
5.79744417937e-58
3.37656880427e-23
2.95638013423e-28
3.74599838624e-28
2.22032775305e-25
7.21616958031e-44
3.8104286537e-47
0.0317975708502
0.0317975708502
8.99200530029e-09
1.46334749058e-25
3.30066116461e-25
1.56218254142e-05
5.44646078384e-26
1.78549865177e-23
2.76634580662e-55
0.00379392000002
1.85829122042e-56
6.51849037625e-27
3.98949800138e-18
7.15283414926e-62
9.28075740149e-27
5.49006174141e-10
7.37017891467e-50
1.55520579236e-10
5.65444765025e-87
3.15251239595e-47
1.22607747329e-24
0.0
5.63965368051e-19
7.13618074874e-43
1.77790948586e-59
9.46389988669e-23
2.11103539443e-18
4.92924666228e-16
0.0317975708502
1.8252302567e-23
3.82707120216e-29
5.53053412635e-29
1.30088095739e-07
1.0395752304e-42
1.69702910617e-14
9.12295398148e-23
5.33894028841e-16
5.90281924221e-69
3.87300147944e-42
4.1875903705e-06
6.49742536657e-08
6.19108670128e-05
0.00322302158274
2.89039495532e-24
2.64911732774e-26
2.02539965035e-05
2.12437196277e-23
2.07190470805e-06
1.2593054381e-68
3.70394108475e-29
2.53625384935e-31
1.68928001058e-08
0.000377175076547
2.12362351299e-31
7.56246698272e-24
0.00322302158274
6.39755734049e-16
0.0010996433491
0.00495
0.0317975708502
3.06244899496e-39
0.0317975708502
5.6079539609e-60
4.35005180692e-23
1.04185234706e-10
6.19108670128e-05
1.35923144417e-26
0.00229201902749
9.92646559128e-29
2.74686472466e-17
0.000352235176907
2.76704993696e-06
4.49255094686e-15
4.59087630185e-50
1.91162232064e-29
6.36692799588e-53
0.0107496124031
0.0
1.78601976896e-27
3.41891478958e-09
9.29761819452e-27
4.87568978073e-09
1.26423498014e-32
1.87172057125e-24
4.56491505227e-20
3.64915513418e-14
1.80494076153e-41
1.87724279054e-12
0.000162711254362
1.10110752716e-22
1.92750254011e-07
1.1670710344e-07
0.0
0.0
5.28454274104e-70
2.56448430714e-64
5.15119375933e-08
3.79207165358e-68
2.43752885229e-30
1.66433367682e-13
6.56099238816e-19
1.36731280242e-05
0.00892405063293
4.71814475416e-05
2.79539409146e-39
0.001152
7.5625549915e-16
2.43838502589e-24
0.00502666666666
0.0107496124031
1.62898897333e-13
0.00495
1.10730134408e-54
1.80504936026e-09
7.92375723187e-93
1.20928933682e-10