500
0.160786759701
0.00671226688648
1.27385751501e-05
0.000233274577192
4.69831260922e-05
6.51192190341e-08
0.160786759701
1.26831535502e-17
0.160786759701
3.37699570729e-23
1.7286803535e-07
0.00391863418163
0.00459076560833
0.0423185975609
0.160786759701
0.00671226688648
6.96707277849e-08
2.58255271977e-05
0.0423185975609
5.17511854401e-09
0.0028769216837
2.94268677907e-13
5.76600521005e-08
1.12446811493e-08
0.00101953447571
6.63743579198e-08
3.93456940545e-11
7.44079289684e-07
1.43761562511e-13
2.46074049632e-05
0.160786759701
0.00391863418163
0.00238106332791
0.0423185975609
0.0028769216837
0.0292951579676
0.160786759701
0.160786759701
0.160786759701
1.66883641851e-05
0.00671226688648
2.62232431774e-10
0.00272583267854
0.00392590459232
3.8021660916e-13
0.0028769216837
5.92045878987e-05
0.160786759701
0.0102813272249
4.34903071535e-11
4.41184564145e-12
0.00011207801676
1.04310184161e-05
0.160786759701
0.0215074618548
0.00317757314777
0.00045899665056
0.160786759701
9.06491420888e-14
2.60134819146e-12
1.053866566e-05
3.82293840999e-13
1.12877312757e-05
0.00209238574455
0.000427453491753
5.88640772573e-06
0.00177243798999
0.0215074618548
6.04080745045e-05
0.0028769216837
9.37295364955e-11
0.160786759701
0.0215074618548
0.00317757314777
8.9973155678e-13
1.16649968979e-14
0.160786759701
0.160786759701
4.43612497999e-13
0.000229894935392
0.00048904918299
1.34613462484e-17
2.51227440939e-06
0.0102813272249
0.160786759701
3.48425198797e-07
0.0423185975609
0.160786759701
2.39769389541e-05
2.97865743697e-09
7.40241036595e-07
3.27351321931e-05
5.62127260974e-06
0.160786759701
1.47944461345e-05
5.84041008284e-15
4.56135858542e-07
0.0102813272249
1.5640836536e-05
0.0215074618548
2.97157025135e-06
0.00251920758505
4.36674704662e-07
7.43934736612e-11
0.0025181141756
1.86036611825e-08
5.23688317308e-12
1.65483720531e-08
0.160786759701
6.79861737321e-11
4.6892868485e-09
4.88559286506e-05
0.160786759701
5.22149147269e-05
6.95891736255e-06
0.00174392792792
0.000427453491753
0.00187324569343
7.20560385178e-06
9.17522086252e-09
0.0102813272249
2.10459313773e-15
0.160786759701
0.00663163388608
1.32471272279e-37
3.43752547747e-13
8.53339465642e-17
7.14442296787e-08
2.2732712106e-05
0.000238044475263
0.160786759701
6.44518912066e-21
5.49484483332e-10
0.160786759701
0.00789208475259
1.09871357603e-07
0.000106103379825
0.160786759701
5.70023391778e-12
0.00272583267854
0.160786759701
0.160786759701
2.58622530784e-08
1.81090352067e-14
1.04109703221e-11
1.18062822104e-10
0.00671226688648
2.08742018048e-08
7.25782862831e-10
0.160786759701
0.0102813272249
0.00126248593494
0.0016446897646
0.160786759701
2.37542629635e-06
0.160786759701
2.02267540602e-09
0.0102813272249
0.00288744331166
1.71296287908e-10
3.14857836204e-05
3.22752165494e-07
6.47695381201e-07
0.160786759701
0.000350748922303
0.0010392255541
0.160786759701
1.57583376907e-07
0.00238106332791
0.000644505119311
0.160786759701
0.000207936083135
5.50091090601e-10
0.0215074618548
7.84781335888e-09
8.72206582532e-05
4.85602531245e-10
0.0423185975609
0.0423185975609
0.160786759701
0.160786759701
8.50665336927e-10
0.00663163388608
4.21085684053e-13
0.00113854071823
0.160786759701
5.64342758105e-17
6.92407393066e-08
1.42442024228e-09
0.160786759701
0.160786759701
5.3869688902e-05
0.000343462290764
4.53177500526e-06
3.60491608181e-06
0.00070769560735
3.0439040285e-05
9.3234536482e-07
4.82395466991e-07
0.160786759701
6.53241885951e-05
2.04461597959e-05
0.00495404423442
6.08467944236e-05
0.0423185975609
0.160786759701
0.160786759701
0.0016446897646
2.93190470771e-06
4.73371721061e-05
0.000867120376358
1.72707944771e-07
0.00193293823412
0.160786759701
7.35470771613e-06
3.21300566497e-07
1.78983813142e-13
0.00671226688648
1.3034767864e-08
0.0102813272249
3.06979032989e-25
5.13320337259e-08
1.49421159019e-08
0.00567120261612
5.22267230061e-14
7.86648637301e-06
0.160786759701
1.49598608778e-09
0.0215074618548
0.160786759701
0.0215074618548
0.00459076560833
0.00567120261612
9.11574715592e-13
0.00048904918299
0.160786759701
4.34571360025e-08
0.00515242614025
0.160786759701
6.19982035766e-08
0.00515242614025
7.13379986602e-07
0.00392590459232
0.160786759701
4.70623423079e-18
0.160786759701
3.12276485129e-09
1.50981097956e-05
2.55076134434e-08
0.0423185975609
0.00495404423442
0.160786759701
0.00113854071823
0.000238044475263
3.01840734039e-10
0.0292951579676
2.85644973252e-06
0.000488589317653
1.93118574557e-09
2.67191093874e-06
0.0016446897646
0.0423185975609
0.00101953447571
0.00663163388608
0.160786759701
0.00391863418163
7.75035399078e-07
3.3907762242e-08
1.29190972757e-11
9.87881370803e-06
0.00515242614025
1.92507201993e-18
0.160786759701
0.160786759701
5.8606231317e-12
0.000931025966827
0.00391863418163
2.01737206366e-07
2.59424705243e-05
0.0292951579676
0.160786759701
0.0215074618548
1.16742178321e-24
4.30866346552e-09
2.04461597959e-05
1.51354774922e-08
0.00391863418163
1.46731894517e-06
1.97085355137e-05
4.383346126e-06
2.53830980385e-08
4.14740261125e-06
4.4704356152e-09
7.73185296974e-05
6.78458575956e-10
1.711900554e-07
3.78421979697e-08
7.2254500714e-14
1.08497308909e-05
9.66611486262e-06
5.40770401105e-06
0.00251920758505
3.62758115931e-18
4.23913246514e-08
0.160786759701
1.31201599135e-10
0.0215074618548
0.160786759701
3.87845543297e-20
0.160786759701
1.44068614867e-13
7.20458763465e-08
1.83698549153e-12
0.160786759701
0.00177958701499
1.12716648471e-05
7.90064412585e-09
0.00187324569343
7.65189676762e-06
8.55992560282e-05
0.160786759701
6.11178389641e-07
1.05716163808e-09
0.160786759701
0.160786759701
1.98724306397e-05
0.00789208475259
0.0016446897646
7.82092857523e-08
8.76231272876e-09
7.23103238837e-11
7.86959593665e-05
6.96293318375e-12
0.000931025966827
0.00392590459232
1.27343740695e-05
3.54112049695e-10
0.00392590459232
0.0215074618548
3.35820331646e-15
1.48737111057e-18
2.70726035599e-06
9.03056237249e-07
0.00122296710952
7.74426126545e-05
0.0423185975609
5.62885462321e-11
0.0423185975609
0.000789943611391
6.44667401413e-08
5.12449137243e-22
0.160786759701
0.00182773616422
2.13078064689e-05
1.03190859713e-09
0.00392590459232
5.90747257231e-08
7.65088873777e-07
0.00789208475259
7.69499796828e-06
0.00288744331166
0.0215074618548
0.160786759701
6.40762517765e-06
0.160786759701
0.000299660535178
4.02605576078e-05
1.92242015255e-10
1.45486126519e-13
0.160786759701
3.63575044375e-22
4.27756155938e-12
0.00288744331166
0.160786759701
0.000719406561793
1.79565258598e-06
8.37592999219e-13
0.0215074618548
0.0423185975609
3.03341119605e-07
0.160786759701
1.44583916632e-16
1.83629237491e-09
1.91469778183e-14
0.160786759701
8.7831741894e-06
0.0423185975609
1.08060447922e-12
4.8173284364e-06
7.84260446934e-05
0.160786759701
0.000732631081281
3.50206844279e-12
0.160786759701
0.160786759701
0.160786759701
3.08182774176e-10
0.000617481985028
0.160786759701
0.0102813272249
0.160786759701
1.77774289132e-11
2.36601056864e-15
0.160786759701
0.0215074618548
0.00251920758505
5.06085552577e-09
0.0292951579676
0.0292951579676
0.160786759701
1.05896676565e-15
0.000931025966827
8.4804788486e-12
0.160786759701
0.160786759701
0.160786759701
5.6400582669e-10
7.01996126828e-18
1.03603591685e-13
1.99753198144e-08
0.160786759701
2.63772934237e-12
0.00012359954593
1.1838650305e-07
0.160786759701
1.22765648724e-11
0.000179064695983
2.56563784068e-06
0.0423185975609
1.60225005544e-05
2.43363794049e-08
1.88305404566e-10
0.000810143186032
1.93017851804e-05
0.00193377754989
0.0215074618548
0.000157191961469
2.7722138486e-11
1.65721047848e-14
8.68147298882e-11
6.99097198172e-09
0.0423185975609
0.160786759701
1.1315748857e-06
0.160786759701
2.73120102967e-05
4.2725405771e-07
1.93906863722e-06
1.48163093332e-05
0.0215074618548
0.00132818740427
0.000442605171727
0.00238106332791
0.00177243798999
0.160786759701
0.00113854071823
2.36008911929e-17
1.03324050499e-13
1.92590342006e-15
1.64039685525e-25
1.61715618781e-11
7.01152487222e-05
0.0423185975609
0.000299660535178
7.67039812171e-14
1.06613018118e-08
0.0423185975609
9.85648670641e-05
3.13804838602e-05
0.00046991684792
3.65037196473e-14
4.6937097107e-08
1.09526268847e-07
0.00663163388608
2.85701065124e-12
5.69687658088e-10
0.160786759701
1.38420115768e-07
0.00110038259716
0.0215074618548
3.36706153198e-06
6.23194131784e-05
0.160786759701
1.74395340398e-06
1.95806343019e-06
0.160786759701
4.52373638689e-06
0.00391863418163
8.99850247404e-05
9.74270227014e-07
0.160786759701
0.00317757314777
0.00567120261612
2.279985026e-08
4.88589111285e-08
0.00459076560833
0.00567120261612
0.160786759701
0.160786759701
0.00495404423442