500
0.0
1.3064225046e-05
0.0
0.0
0.0
0.0
0.0
0.0
0.0
0.0
0.0
0.0
0.0
0.0
0.0
0.0
0.0
0.0
0.0
0.0
0.0
0.0
0.0
0.0
0.0
0.0
0.0
0.0
0.0
0.0
0.0
0.0
0.0
0.0
0.0
0.0
0.0
0.0
0.0
0.0
0.0
1.3064225046e-05
0.0
0.0
0.0
0.0
1.3064225046e-05
0.0
0.0
0.0
0.0
0.0
0.0
0.0
0.0
0.0
0.0
0.0
0.0
0.0
0.0
0.0
0.0
0.0
0.0
0.0
0.0
0.0
0.0
0.0
1.3064225046e-05
0.0
0.0
0.0
1.3064225046e-05
0.0
0.0
0.0
0.0
0.0
0.0
0.0
0.0
0.0
0.0
0.0
0.0
0.0
0.0
0.0
0.0
0.0
0.0
0.0
0.0
0.0
0.0
0.0
0.0
0.0
0.0
0.0
0.0
0.0
1.3064225046e-05
0.0
0.0
0.0
0.0
0.0
0.0
0.0
0.0
0.0
0.0
0.0
0.0
0.0
0.0
0.0
0.0
0.0
0.0
0.0
0.0
0.0
0.0
0.0
0.0
0.0
1.3064225046e-05
0.0
0.0
0.0
3.76329119353e-09
0.0
0.0
0.0
0.0
0.0
0.0
0.0
0.0
0.0
0.0
0.0
0.0
0.0
0.0
0.0
0.0
0.0
0.0
0.0
0.0
0.0
0.0
0.0
0.0
0.0
0.0
0.0
0.0
0.0
0.0
0.0
0.0
0.0
0.0
0.0
0.0
0.0
0.0
0.0
0.0
0.0
0.0
0.0
0.0
0.0
0.0
0.0
0.0
0.0
0.0
0.0
0.0
0.0
5.64243148914e-09
0.0
0.0
0.0
1.3064225046e-05
0.0
3.02787413336e-07
0.0
0.0
0.0
0.0
0.0
0.0
0.0
0.0
0.0
0.0
0.0
0.0
0.0
0.0
0.0
0.0
0.0
0.0
0.0
0.0
6.89047207645e-07
0.0
0.0
0.0
1.3064225046e-05
0.0
1.0978242561e-10
0.0
0.0
0.0
0.0
0.0
0.0
0.0
0.0
0.0
0.0
0.0
0.0
0.0
0.0
0.0
0.0
0.0
0.0
0.0
0.0
0.0
0.0
0.0
0.0
1.3064225046e-05
0.0
0.0
0.0
0.0
0.0
0.0
0.0
0.0
0.0
6.89047207645e-07
0.0
0.0
0.0
0.0
1.42891744415e-07
0.0
0.0
0.0
0.0
1.3064225046e-05
0.0
0.0
0.0
0.0
0.0
0.0
0.0
0.0
0.0
0.0
0.0
0.0
0.0
0.0
0.0
0.0
0.0
0.0
0.0
0.0
0.0
0.0
0.0
1.01387240079e-09
0.0
0.0
0.0
0.0
0.0
0.0
0.0
0.0
1.3064225046e-05
0.0
1.3064225046e-05
0.0
0.0
0.0
0.0
0.0
0.0
0.0
0.0
0.0
0.0
0.0
0.0
0.0
0.0
0.0
0.0
0.0
0.0
0.0
0.0
0.0
0.0
0.0
0.0
0.0
0.0
0.0
0.0
0.0
0.0
0.0
0.0
0.0
0.0
0.0
0.0
0.0
0.0
0.0
0.0
0.0
0.0
0.0
0.0
0.0
0.0
0.0
0.0
0.0
0.0
0.0
0.0
5.64243148914e-09
0.0
0.0
0.0
0.0
0.0
0.0
0.0
0.0
0.0
0.0
0.0
0.0
0.0
1.3064225046e-05
0.0
0.0
0.0
1.3064225046e-05
0.0
0.0
0.0
0.0
0.0
0.0
0.0
0.0
0.0
0.0
1.3064225046e-05
0.0
0.0
0.0
0.0
0.0
0.0
0.0
0.0
0.0
1.3064225046e-05
0.0
0.0
0.0
0.0
0.0
0.0
0.0
0.0
0.0
0.0
1.3064225046e-05
0.0
0.0
0.0
0.0
0.0
0.0
0.0
3.02787413336e-07
0.0
0.0
0.0
0.0
0.0
0.0
0.0
0.0
0.0
0.0
0.0
0.0
0.0
0.0
6.89047207645e-07
0.0
0.0
0.0
0.0
1.3064225046e-05
0.0
0.0
3.02787413336e-07
0.0
0.0
0.0
0.0
0.0
0.0
0.0
0.0
0.0
4.77740420285e-08
0.0
0.0
0.0
0.0
0.0
0.0
0.0
0.0
0.0
0.0
0.0
0.0
0.0
0.0
0.0
0.0
0.0
0.0
0.0
0.0
0.0
0.0
0.0
0.0
0.0
0.0
0.0
0.0
0.0
0.0
1.3064225046e-05
0.0
3.02787413336e-07
0.0
0.0
0.0
0.0
0.0
0.0
0.0
0.0
0.0
0.0
0.0
0.0
0.0
0.0
0.0
0.0
0.0
1.3064225046e-05
0.0
0.0
0.0