500
0.00193367427954
0.0106817486911
0.00122733217412
0.0418837076787
0.0396270811533
0.0418837076787
0.000180527531744
0.0418837076787
0.0106817486911
0.0418837076787
0.0418837076787
0.00133755090883
0.027146833144
0.0256080595363
0.0396270811533
0.0396270811533
0.027146833144
0.0256080595363
0.0396270811533
0.0169888560873
0.0256080595363
0.000944364628713
0.0169888560873
0.0256080595363
0.027146833144
0.0013796973214
0.0256080595363
0.0418837076787
0.0396270811533
0.0256080595363
0.0169888560873
0.0418837076787
0.0396270811533
0.0396270811533
0.0256080595363
0.0169888560873
0.0396270811533
0.0418837076787
0.00705493569897
0.000342808876312
0.00312193310471
0.0169888560873
0.0418837076787
0.0256080595363
0.000361849202769
6.65085325995e-06
0.0396270811533
0.00124441000313
0.0169888560873
0.0396270811533
0.000533721596259
0.0418837076787
0.0106817486911
0.0418837076787
0.00437726367474
1.1487344449e-08
0.0418837076787
5.15554740061e-07
0.0396270811533
0.00437726367474
0.0418837076787
0.0418837076787
0.0256080595363
0.0396270811533
0.00998296630323
0.000163597222022
0.0396270811533
7.39007915557e-06
0.0256080595363
0.0396270811533
0.0396270811533
0.027146833144
0.0106817486911
0.0396270811533
0.00122733217412
0.00705493569897
0.0418837076787
0.0169888560873
0.0256080595363
0.0396270811533
0.0418837076787
0.000254354882449
9.14310950337e-05
0.000944364628713
4.00908928475e-05
0.0396270811533
0.00312193310471
2.8701939573e-07
0.00124441000313
0.00327536874279
0.027146833144
0.0169888560873
8.01197483296e-05
0.000809177453421
0.0418837076787
0.027146833144
0.00023274144247
0.027146833144
0.0418837076787
0.0396270811533
0.00202903392617
0.0256080595363
0.0396270811533
0.0256080595363
0.00152720618331
0.000281090850295
0.00117873496576
0.027146833144
0.0256080595363
0.0106817486911
0.027146833144
1.10112408374e-06
0.0418837076787
0.00438783052183
0.0418837076787
0.00114195964718
0.0256080595363
0.0396270811533
3.07803927644e-09
0.0418837076787
0.0106817486911
0.0396270811533
5.89175201865e-06
0.0256080595363
0.00152720618331
0.000244752295736
1.30435909778e-05
0.0106817486911
0.0418837076787
0.00998296630323
0.0158969505863
0.00437163086271
0.00998296630323
0.00130813526183
0.00304934457585
0.000391643265647
0.0418837076787
0.0158969505863
0.0158969505863
0.0256080595363
0.00222959737647
0.027146833144
1.35814580727e-05
4.23780346602e-05
0.0158969505863
0.0418837076787
0.00152720618331
0.0418837076787
0.0418837076787
0.0106817486911
0.0158969505863
0.00053489419397
0.0396270811533
0.0169888560873
0.0396270811533
7.17605589762e-05
0.00193367427954
0.00196751171731
0.00042108978814
0.0396270811533
0.0106817486911
0.00998296630323
0.00188826974616
0.0169888560873
0.000152355489616
0.000165750666639
0.0158969505863
0.0106817486911
0.00121718586533
0.0418837076787
0.0396270811533
0.00271125271762
0.000143726792053
0.0396270811533
0.00184614445762
0.0418837076787
0.0418837076787
0.027146833144
0.00101040427491
0.0418837076787
0.0169888560873
0.0418837076787
1.19240710887e-05
0.0418837076787
1.51472911406e-05
0.0418837076787
0.0256080595363
0.0396270811533
0.000241894176617
0.0396270811533
0.00169780438227
0.027146833144
0.00271476216986
0.0396270811533
0.0396270811533
0.00198387906387
0.0418837076787
0.000362709185187
0.0396270811533
0.0106817486911
0.000928491004825
0.0418837076787
0.0418837076787
0.00998296630323
0.027146833144
0.00998296630323
8.7133322795e-06
0.0418837076787
1.17721568209e-06
0.0418837076787
0.0106817486911
0.0158969505863
0.027146833144
0.00196751171731
0.000389059877764
0.0256080595363
0.00705493569897
0.00083890829891
0.0418837076787
0.00193367427954
0.00657693029049
0.0256080595363
2.58303273591e-05
0.000101847457747
0.027146833144
0.00408845779192
0.000340053508808
0.00169780438227
9.7400461196e-05
0.0025243380146
0.0418837076787
0.0418837076787
0.00198387906387
0.0158969505863
0.027146833144
0.0256080595363
0.00202903392617
0.00196751171731
0.0396270811533
0.00169780438227
0.027146833144
0.000537537479043
0.0396270811533
0.027146833144
0.0256080595363
0.00013713037768
2.42322570346e-05
0.0169888560873
0.00114195964718
0.0158969505863
0.0396270811533
0.027146833144
0.0418837076787
0.00998296630323
0.0169888560873
0.00122733217412
0.0256080595363
0.0256080595363
0.0418837076787
0.0256080595363
0.027146833144
0.000863713117843
0.00271125271762
0.0396270811533
0.00437163086271
0.0169888560873
0.00998296630323
0.0396270811533
0.00327536874279
0.00188826974616
0.0418837076787
0.0418837076787
0.0396270811533
0.0418837076787
0.00184614445762
0.00657693029049
0.0418837076787
0.000928491004825
0.00407152826193
0.0256080595363
0.0396270811533
0.00294579976058
0.0418837076787
0.0396270811533
0.0396270811533
0.027146833144
0.0256080595363
0.000332051187182
0.0256080595363
0.00182424589361
0.027146833144
0.00152720618331
0.0418837076787
0.0158969505863
0.0418837076787
0.00998296630323
0.0256080595363
0.000361849202769
0.0158969505863
0.0106817486911
0.000139402890048
0.027146833144
0.0158969505863
0.0396270811533
0.00271476216986
0.00437163086271
0.000874855512871
0.0256080595363
0.0418837076787
0.00304934457585
0.0169888560873
0.00016429436441
0.0106817486911
0.027146833144
0.0418837076787
0.00133755090883
0.0396270811533
0.000826927469249
0.00437726367474
5.61225193479e-05
0.000515461508177
0.0418837076787
0.0396270811533
9.14310950337e-05
0.0256080595363
0.0418837076787
0.0106817486911
0.027146833144
0.0396270811533
0.0418837076787
0.0158969505863
0.0396270811533
0.0418837076787
0.00998296630323
0.00438783052183
0.0418837076787
0.0418837076787
0.00182424589361
0.0396270811533
0.00408845779192
0.0169888560873
0.0418837076787
0.0396270811533
0.00116806772165
0.0418837076787
0.0396270811533
0.0158969505863
0.0158969505863
0.00152720618331
0.0256080595363
0.0418837076787
0.000874855512871
0.00327536874279
0.0256080595363
0.027146833144
0.0396270811533
0.0418837076787
0.00437726367474
0.0418837076787
0.027146833144
0.00198387906387
0.0418837076787
0.0256080595363
0.0396270811533
0.0418837076787
0.0169888560873
0.0256080595363
0.0418837076787
0.0418837076787
0.0396270811533
0.00304934457585
0.0158969505863
0.00657693029049
0.0418837076787
0.0418837076787
0.0418837076787
0.0256080595363
0.0106817486911
0.0396270811533
0.000120182614857
0.0418837076787
0.0256080595363
0.00124441000313
0.00407152826193
0.0396270811533
0.000111476730746
0.0418837076787
0.0256080595363
0.0256080595363
0.027146833144
0.00188826974616
0.0396270811533
1.10248559297e-05
0.0418837076787
0.0396270811533
0.0418837076787
0.0106817486911
0.00998296630323
0.0396270811533
0.00998296630323
0.00116806772165
0.00202903392617
6.0349155186e-05
0.0418837076787
0.027146833144
0.027146833144
0.0418837076787
0.027146833144
5.16980164849e-05
0.0396270811533
0.00196751171731
0.027146833144
0.0256080595363
0.000108919874421
0.0396270811533
0.0396270811533
0.0396270811533
0.0418837076787
0.00152720618331
0.0158969505863
0.0256080595363
0.0256080595363
9.73745542117e-05
0.000140798535984
0.0106817486911
8.61834771789e-06
0.027146833144
0.0256080595363
0.0418837076787
0.0396270811533
0.0418837076787
0.00188826974616
0.0418837076787
3.98827712784e-09
0.00705493569897
0.0418837076787
0.00193367427954
0.0418837076787
0.0396270811533
0.0396270811533
0.0418837076787
0.0418837076787
0.0256080595363
0.0158969505863
0.0418837076787
0.00998296630323
0.0158969505863
0.000372843252934
0.027146833144
8.82043685224e-05
0.0106817486911
0.0169888560873
0.000567035679248
0.0169888560873
0.0418837076787
0.000827719710774
0.0256080595363
0.0396270811533
0.0256080595363
3.08716604311e-05
0.0396270811533
0.0418837076787
0.00211420533153
0.027146833144
0.0396270811533
0.0418837076787
0.027146833144
0.00188826974616
0.000114826198547
0.00196751171731
0.00304934457585
0.0169888560873
0.0106817486911
0.0256080595363
0.0418837076787
0.0169888560873
0.0256080595363
0.00135690277182
0.0256080595363
0.00182424589361
0.0418837076787
0.0396270811533
0.00998296630323
0.00274220160733
0.0396270811533
0.0396270811533
0.000242728923558
0.0158969505863
0.00705493569897
0.0418837076787
0.00198387906387
0.00222959737647
0.027146833144
0.0396270811533
0.0396270811533
0.000259680248237
0.0158969505863
0.0418837076787
0.0418837076787
0.0158969505863