500
3.71762650565e-07
3.25243354233e-05
0.00519198896171
3.95792052283e-29
7.70774248366e-06
3.15530739873e-10
1.76151299411e-08
4.40832890624e-11
0.0365763998497
0.00759425251116
1.36311408912e-07
5.27283348513e-17
0.00127693971858
1.53526473468e-21
2.0069819927e-06
0.000264505112504
2.78346917002e-05
1.52879458104e-09
0.00299275298596
0.0365763998497
1.50466709929e-33
2.25180580227e-08
1.18139593094e-05
1.7203073491e-05
0.00124279610363
3.63221614719e-19
0.00270687143844
0.00519198896171
0.000947799798951
0.0284397007306
0.0273548075147
0.000688032446646
0.0365763998497
2.37996817182e-29
9.42722844923e-09
0.0284397007306
1.37971032477e-18
9.68121344424e-12
1.03807857817e-08
2.66695130996e-50
0.00449455760864
0.0132511957082
2.7518518175e-09
2.66057362708e-09
4.90553438711e-11
1.3451851551e-07
0.0365763998497
0.0273548075147
7.2532168363e-12
1.13513529798e-07
9.51781175204e-20
4.94944501553e-06
6.32580676162e-36
0.0365763998497
4.60958586631e-12
2.83973682731e-05
0.0284397007306
0.0284397007306
3.5172567121e-15
0.000136432757873
2.67640701249e-05
3.46996780905e-13
0.00155860411383
4.95796341267e-12
0.00759425251116
1.28959164295e-12
2.30420782185e-07
0.00270687143844
3.73388622857e-09
2.93476913969e-06
0.0365763998497
0.0365763998497
4.00655182179e-17
0.00177428686525
2.5503083206e-07
7.61241482326e-05
1.16844311001e-05
4.54560023911e-10
2.01553061227e-17
4.86145677552e-11
1.90699935446e-11
0.0284397007306
0.0365763998497
0.0365763998497
1.5942114534e-35
2.18736485347e-05
0.0365763998497
0.000152413715602
0.00299275298596
3.04190021561e-06
3.85565368723e-05
0.0284397007306
6.92303423307e-08
1.74936080365e-06
4.27290086634e-08
0.0365763998497
0.00519198896171
0.0365763998497
6.34897372792e-11
1.23663562044e-06
9.02469667323e-11
1.55244150486e-05
0.0273548075147
0.017203306709
0.0273548075147
5.97405387409e-06
7.44466466628e-20
5.33039268185e-09
0.000400182137335
4.22428361282e-25
0.0284397007306
0.0365763998497
2.02871479175e-19
0.0273548075147
1.37496892069e-40
0.0132511957082
0.0284397007306
1.92981120305e-15
0.00384899021628
7.49185050968e-07
1.35094177278e-10
3.01312008616e-23
4.15022314904e-07
0.0273548075147
0.0284397007306
4.99907708849e-07
2.64609176257e-12
4.40450573559e-05
0.0284397007306
1.1120439563e-12
0.0365763998497
1.76114348222e-10
0.00128376723015
0.0273548075147
1.49384457497e-07
0.0273548075147
0.0273548075147
2.50803557186e-06
0.000118210993152
0.017203306709
5.49251434169e-10
5.67815459328e-16
0.00287858802192
0.0365763998497
0.0365763998497
1.67629184362e-07
8.09433746649e-13
0.017203306709
2.93980245147e-19
1.29230736031e-06
0.00449455760864
5.58947192755e-09
0.0284397007306
1.06046860391e-05
0.00449455760864
0.0273548075147
3.16838776867e-05
6.90027803382e-06
2.85257053377e-09
0.0365763998497
2.63957809133e-05
4.85789498504e-16
4.42190818628e-25
0.0284397007306
0.00247832095577
9.86826933779e-08
5.27004571309e-06
0.0365763998497
0.0365763998497
0.017203306709
2.18163738836e-07
4.57030239526e-15
2.37057702385e-05
2.20794024661e-10
1.10592924168e-10
1.04026491326e-07
2.75478920073e-07
1.11833890854e-10
3.97172721058e-12
4.89672302668e-05
3.09854991145e-08
0.0284397007306
2.66409470327e-12
2.44565649121e-05
1.27740766018e-20
7.71245433561e-05
0.000465093636348
0.0132511957082
0.0273548075147
7.37444011657e-06
0.00449455760864
1.46695664284e-10
8.71293412986e-17
0.0273548075147
1.34972890651e-08
0.000339360764039
5.42250719574e-06
1.55372314633e-23
0.0018103301441
4.28613271252e-05
2.13386849769e-06
4.40444944632e-10
8.72615965282e-11
3.41714015714e-08
0.0365763998497
3.38536611733e-12
0.0365763998497
2.75131726909e-08
0.0365763998497
9.18410833395e-12
0.0284397007306
6.3991148428e-09
0.000129080979195
1.67239735095e-28
5.45500370241e-17
1.09720870523e-14
0.0273548075147
1.72415487454e-11
6.630597916e-17
0.0284397007306
3.32578520036e-14
5.46859937575e-07
1.96008500603e-06
1.97562868974e-08
0.0273548075147
2.96328849302e-06
4.75270157079e-07
2.69844053179e-06
0.000456682551283
0.00449455760864
6.74332710083e-13
0.00449455760864
2.08629463193e-08
4.34207950658e-05
0.000378154772028
5.38379495222e-12
0.0273548075147
7.31158326919e-24
0.000156701801174
1.03042582597e-21
3.37238112469e-18
8.5847661656e-08
0.0284397007306
4.15541317172e-21
8.79744972697e-08
0.00759425251116
6.05318384122e-08
0.000477009346045
0.000131698754661
0.00013646138276
0.000172595530255
5.07406165397e-06
1.7507721136e-05
9.92564044702e-09
0.0132511957082
7.94792666364e-16
4.0723481075e-12
0.0273548075147
3.93110308531e-14
0.0365763998497
0.0284397007306
0.0365763998497
9.94159212228e-10
3.33403331339e-13
5.40863814485e-09
0.0365763998497
5.8455682423e-17
2.97497392579e-06
1.57596670896e-17
3.66150530755e-05
0.00519198896171
1.54056515547e-10
6.8153489234e-11
1.09802463854e-06
0.0273548075147
9.85975544624e-23
0.00245534629118
0.000248769945924
0.010461470296
4.86137401161e-05
8.74419859201e-05
0.00299275298596
4.60274248617e-07
1.50438054234e-07
0.000472969136746
3.96476838361e-05
0.010461470296
7.92614556954e-07
0.0365763998497
5.83534348245e-15
3.18315659469e-37
2.26113217493e-16
3.70958914222e-14
7.98195144562e-05
2.06648754153e-20
7.5594152645e-07
1.01706308089e-13
9.17204174798e-09
3.05045648603e-06
0.0273548075147
7.35045730264e-21
8.12351909768e-08
7.97437415949e-17
2.39925618796e-05
0.010461470296
1.86739945964e-19
5.86626901459e-20
3.15486112647e-10
0.0273548075147
8.49177135043e-30
1.60844456087e-05
9.46409957319e-16
0.0284397007306
4.16978788041e-17
0.0284397007306
0.0273548075147
0.0365763998497
6.91667751479e-09
0.000427788946674
0.000124897565585
3.91054128458e-15
3.26707595991e-12
8.68660152571e-11
0.0033137889267
1.55007067964e-09
0.0365763998497
4.80524573743e-08
0.0132511957082
8.34296914857e-08
3.30039966914e-08
4.28103138241e-07
1.00146095775e-14
0.0365763998497
4.08372413894e-06
0.0284397007306
0.00328306926186
0.000453762834636
0.0025766113053
0.0365763998497
5.10719721811e-05
0.0273548075147
0.00441706523608
0.0273548075147
0.010461470296
4.69269519925e-07
1.29445589143e-12
3.96343961563e-13
3.36350306392e-18
1.06205347847e-10
5.25330333795e-05
0.000214795606747
6.59114227323e-23
0.000197804701933
1.01902884067e-12
6.11798927729e-29
1.7286539016e-17
3.05940272e-11
0.017203306709
0.0365763998497
0.0132511957082
0.00348131694535
6.73602748834e-18
1.4174982628e-10
1.25474506429e-06
3.79835273169e-13
5.85756907529e-07
0.00270687143844
3.5186751305e-07
3.0690558768e-07
0.00449455760864
0.00759425251116
0.0284397007306
5.17350401043e-13
0.00013122937028
0.0284397007306
7.59733984536e-07
0.000224668443867
4.71892991703e-21
0.000799154748295
9.28926509844e-05
0.00441706523608
0.000115911882161
1.19932815041e-11
1.18425944668e-13
0.0284397007306
1.87186165916e-10
3.47969634793e-06
1.16570734481e-35
3.35503282607e-10
0.0273548075147
8.90120177927e-06
8.93830355587e-07
5.86473173505e-08
2.50507880081e-08
6.48512786005e-10
1.18579490287e-06
2.12421958817e-05
3.30639488308e-07
5.44321321589e-05
9.17249799656e-30
3.99920104065e-12
6.37640357062e-16
2.80085786201e-19
8.62079398031e-09
0.0365763998497
2.63351220465e-08
0.000182229670382
9.55495323812e-13
0.00163739907175
0.0273548075147
2.36645954059e-09
0.000324898209853
5.35801277166e-11
0.0284397007306
5.75780697625e-12
7.69886014679e-39
1.85246137222e-07
0.0273548075147
1.91796996646e-15
0.0284397007306
2.95317131314e-20
3.77239835313e-15
0.0284397007306
5.89900602107e-14
1.66427322934e-09
2.97176549034e-07
5.48210757746e-11
1.35046456694e-23
0.0025766113053
0.010461470296
7.31444432374e-05
0.0132511957082
1.11230012595e-12
0.010461470296
0.0273548075147
0.0284397007306
0.000234284827529
1.91039770451e-15
0.0273548075147
0.0284397007306
1.69591596101e-10
0.000992874738809
4.05936531093e-07
7.36950357016e-16
8.54021565428e-09
9.29646745487e-19
4.60406368625e-37
3.17750935797e-16
3.46632886568e-16
1.56237866627e-08
1.1201497856e-12
1.97682642966e-05
3.32445610884e-05
0.0365763998497
1.68283520531e-05
0.00124279610363
1.16655094888e-08
0.0025766113053
6.23642665877e-06
0.0365763998497
1.4099284604e-24
2.98732805628e-08
0.00759425251116
2.26895123287e-13
0.0365763998497
0.0365763998497
0.0365763998497
7.26669899188e-16
5.5662895818e-09
0.0365763998497
0.017203306709
5.88706996385e-15
0.0132511957082
7.38889319752e-08
4.52914845843e-07
4.94055053477e-08
0.0273548075147
5.29192272081e-14
0.0365763998497
6.38125201507e-05
0.0284397007306
5.97436110074e-28
9.14827775753e-22
2.36649327373e-21
7.64461164002e-06
3.65796227929e-09
4.06513053289e-12
4.65117229862e-07
8.80858496545e-20
0.010461470296
9.45184350608e-06
4.01132435432e-05
0.000345089526221
2.51466356352e-19
6.63741007954e-06
0.0365763998497
2.15935436832e-25
0.000121191278073
8.46662731632e-06
4.6487791299e-11