500
0.103659362239
0.000536040648112
8.03976943383e-06
0.000972539571465
0.0130869453294
0.0260170135609
0.0130869453294
2.08564765218e-05
0.141521672118
0.0001351446193
0.141521672118
0.103659362239
0.141521672118
0.103659362239
0.00213574212073
0.141521672118
0.141521672118
0.103659362239
0.103659362239
0.0130869453294
0.141521672118
0.103659362239
0.141521672118
0.141521672118
0.000536040648112
0.0193395511873
0.0154386549054
1.5336660882e-05
0.141521672118
1.10886517411e-06
9.99805744078e-06
0.0030772398539
0.141521672118
0.141521672118
0.000253300567454
0.00652989734846
0.000178574336043
0.103659362239
2.36384356929e-05
5.02917180794e-06
3.21965900394e-07
0.141521672118
0.141521672118
0.141521672118
2.51006225508e-05
0.000536040648112
0.00121827185978
0.141521672118
0.000470064921247
0.141521672118
0.0260170135609
0.103659362239
0.141521672118
0.0260170135609
0.103659362239
0.000318089797743
0.141521672118
0.141521672118
3.26257352352e-05
4.86528270612e-05
0.0154386549054
0.0130869453294
0.00387488100794
0.103659362239
0.0154386549054
0.103659362239
0.141521672118
0.00251953261353
0.000275024725897
0.000632366558672
0.0154386549054
0.103659362239
0.103659362239
5.52357611969e-06
0.141521672118
1.60539650222e-06
0.141521672118
0.141521672118
6.3401805969e-05
3.26257352352e-05
0.103659362239
0.141521672118
7.19453130167e-07
0.141521672118
0.103659362239
0.141521672118
0.141521672118
0.0260170135609
0.00485395004014
6.81233933507e-07
0.00121827185978
0.00037525018197
0.141521672118
6.64088222107e-05
0.000536040648112
1.00771117057e-09
0.00652989734846
0.0154386549054
0.000318089797743
0.00652989734846
0.141521672118
0.141521672118
0.103659362239
4.28340042249e-10
0.00213574212073
0.103659362239
0.00652989734846
0.103659362239
0.103659362239
0.00213574212073
0.103659362239
0.141521672118
0.103659362239
1.69854239053e-05
0.00387488100794
0.141521672118
0.103659362239
0.00485395004014
0.141521672118
0.00387488100794
0.141521672118
0.103659362239
0.103659362239
0.141521672118
0.00328463562529
0.00387488100794
0.103659362239
0.103659362239
7.40580986312e-18
0.000134538516443
0.0154386549054
0.141521672118
0.141521672118
0.141521672118
0.103659362239
9.4182415e-05
0.141521672118
0.141521672118
0.141521672118
0.141521672118
0.103659362239
0.0030772398539
0.00251953261353
0.0260170135609
0.103659362239
0.0030772398539
0.0193395511873
0.00387488100794
0.141521672118
0.0130869453294
0.103659362239
5.98407560431e-08
0.141521672118
0.141521672118
0.000192790331395
6.12639652782e-05
0.141521672118
0.103659362239
0.00251953261353
0.00485395004014
0.00260849601084
1.94048416276e-06
0.00485395004014
0.103659362239
0.0154386549054
0.103659362239
8.41520890576e-10
0.141521672118
3.26257352352e-05
0.0130869453294
0.103659362239
0.103659362239
0.00652989734846
0.0030772398539
0.00328463562529
0.000772343079098
0.0260170135609
0.103659362239
0.0154386549054
0.0130869453294
0.0130869453294
0.00260849601084
0.00387488100794
1.3939930172e-07
0.103659362239
0.00652989734846
0.141521672118
0.141521672118
0.00163891060292
0.141521672118
0.103659362239
0.103659362239
0.141521672118
0.141521672118
0.141521672118
1.26399073057e-06
0.00251953261353
0.0130869453294
0.103659362239
0.103659362239
0.141521672118
0.103659362239
0.141521672118
0.141521672118
0.0130869453294
0.141521672118
0.103659362239
0.0260170135609
0.00387488100794
0.141521672118
7.37517478307e-11
0.103659362239
6.68471956085e-06
0.00485395004014
0.103659362239
0.103659362239
3.99392081662e-06
0.00652989734846
0.103659362239
0.0193395511873
0.0154386549054
0.00328463562529
0.141521672118
0.141521672118
0.103659362239
0.000318089797743
0.141521672118
2.28752740633e-05
0.103659362239
0.0193395511873
0.0154386549054
0.103659362239
0.0154386549054
4.32688089246e-05
0.0130869453294
0.103659362239
0.0154386549054
0.0193395511873
0.141521672118
0.141521672118
1.03163335172e-06
4.8387608779e-05
0.141521672118
0.0030772398539
0.103659362239
0.000824396443888
0.00387488100794
3.37672384931e-05
0.141521672118
0.0193395511873
0.141521672118
0.141521672118
0.141521672118
9.4182415e-05
6.35748103796e-05
1.59129441861e-05
6.76748776437e-05
0.0260170135609
0.0130869453294
0.103659362239
0.103659362239
0.00328463562529
0.141521672118
0.141521672118
1.52011371998e-06
3.39193616192e-05
0.00387488100794
5.522068669e-06
0.103659362239
0.141521672118
0.0130869453294
0.141521672118
1.29996816053e-10
4.65521010876e-05
0.0154386549054
0.141521672118
3.27007780709e-06
0.141521672118
0.0193395511873
0.141521672118
0.00213574212073
0.0193395511873
0.141521672118
0.141521672118
0.0260170135609
0.0260170135609
0.0030772398539
0.103659362239
0.0154386549054
0.141521672118
0.141521672118
0.0193395511873
0.000158714938786
0.0193395511873
0.00213574212073
0.103659362239
0.141521672118
0.00652989734846
0.103659362239
0.141521672118
4.90460409901e-08
2.51111968736e-05
0.103659362239
0.0260170135609
0.141521672118
0.141521672118
0.141521672118
0.00387488100794
0.141521672118
1.16035333895e-12
0.141521672118
0.141521672118
0.00328463562529
0.103659362239
6.39396932984e-07
0.141521672118
0.103659362239
0.141521672118
0.0260170135609
0.103659362239
5.33753756278e-07
1.02516722874e-06
0.141521672118
0.000275024725897
0.141521672118
0.141521672118
0.141521672118
0.141521672118
0.0130869453294
0.0130869453294
1.7582743475e-05
0.00652989734846
6.76748776437e-05
0.141521672118
0.141521672118
0.141521672118
0.103659362239
0.00163891060292
0.00652989734846
2.00376857621e-05
0.141521672118
0.0154386549054
0.141521672118
0.141521672118
0.0130869453294
0.000972539571465
0.141521672118
0.141521672118
0.00485395004014
0.141521672118
0.141521672118
0.0154386549054
0.103659362239
0.103659362239
2.769390016e-06
2.08564765218e-05
0.0193395511873
0.141521672118
0.103659362239
0.141521672118
3.37529410487e-09
0.141521672118
0.00652989734846
0.000824396443888
0.141521672118
0.141521672118
0.141521672118
0.00652989734846
0.141521672118
0.141521672118
5.02917180794e-06
0.141521672118
0.0193395511873
0.0154386549054
0.141521672118
0.103659362239
0.103659362239
0.141521672118
0.0260170135609
0.141521672118
0.103659362239
0.141521672118
0.0260170135609
0.0193395511873
0.00387488100794
0.141521672118
0.00652989734846
0.00163891060292
0.103659362239
0.000158714938786
0.0154386549054
0.0193395511873
0.141521672118
6.64088222107e-05
0.00652989734846
0.141521672118
0.000972539571465
0.0154386549054
0.141521672118
0.141521672118
0.00260849601084
0.141521672118
5.02917180794e-06
0.103659362239
0.103659362239
0.000536040648112
0.103659362239
0.103659362239
1.97996832188e-07
0.0154386549054
7.73145427612e-06
0.141521672118
0.0130869453294
0.103659362239
0.141521672118
0.103659362239
1.60354006463e-05
0.103659362239
3.37672384931e-05
0.000253300567454
0.0260170135609
0.141521672118
0.00652989734846
0.103659362239
0.103659362239
0.141521672118
0.0260170135609
0.0154386549054
0.00652989734846
0.141521672118
0.141521672118
0.0260170135609
0.0030772398539
0.141521672118
0.000193847038304
0.141521672118
0.103659362239
0.0154386549054
0.141521672118
0.103659362239
3.93562195773e-13
0.141521672118
0.141521672118
0.0030772398539
0.141521672118
0.103659362239
0.141521672118
0.141521672118
0.103659362239
0.141521672118
0.0154386549054
1.87724826256e-05
0.0260170135609
0.00328463562529
2.25658514669e-06
0.000824396443888
0.103659362239
0.141521672118
0.0030772398539
0.000117979555019
0.141521672118
0.0193395511873
0.141521672118
0.103659362239
0.0260170135609
0.0260170135609
0.0260170135609
0.103659362239
0.103659362239
0.103659362239
6.39396932984e-07
0.0260170135609
0.103659362239
0.141521672118
0.103659362239
0.0260170135609
0.141521672118
0.103659362239
0.141521672118
0.000654695095759
0.141521672118
0.103659362239
0.0260170135609
0.000192790331395
0.00485395004014
0.0130869453294
4.6816872367e-07
0.00251953261353
0.141521672118
0.141521672118
0.000824396443888
0.141521672118
0.141521672118
0.141521672118
0.103659362239
0.0193395511873
0.00328463562529
0.0154386549054
0.0130869453294
1.83811748172e-09