500
2.54557529342e-25
1.84850493104e-13
8.49752098169e-10
2.87898559842e-07
3.29465539313e-06
5.47963656698e-13
8.37289976596e-10
1.04910889098e-15
2.55136185011e-06
1.82135646865e-06
0.000102761146516
0.000368321261754
4.38812047605e-31
2.39858900272e-22
0.0017612626376
1.69986631106e-20
3.37624222933e-14
1.13778361957e-54
1.36407741676e-13
0.00127867954663
5.51995084651e-29
0.00182928219447
1.79369641789e-19
2.18474080667e-21
6.41652490725e-08
7.68294981492e-08
5.65802662217e-17
1.60236498633e-36
0.0
1.91303113958e-09
2.05749804302e-10
5.23889597366e-56
3.56795070365e-72
3.07197689619e-75
1.26439214428e-24
6.30772676278e-29
0.0
1.87123031735e-53
1.45627354371e-31
0.0
3.13087498611e-07
2.72915871247e-07
6.1529710316e-52
5.42388135757e-21
1.68885901815e-08
2.04784622616e-35
0.0
2.16244024755e-29
2.47601780764e-29
8.72784948522e-12
0.00182928219447
0.000892332202536
0.0
1.19212145867e-12
2.16317540955e-10
1.20397992049e-08
5.29436269098e-10
4.54639197195e-37
1.28113655607e-07
4.14043893844e-55
2.95628361243e-21
7.21927815602e-12
3.6508772172e-09
5.81107386379e-37
1.48751873624e-21
5.16396009261e-17
0.00127867954663
2.68306619803e-41
5.77491791308e-22
1.28145444344e-28
1.0713999163e-23
0.000170383282229
4.16895754548e-05
0.00182928219447
3.47805971426e-10
2.20912433719e-06
2.55601951592e-29
4.62487343603e-23
1.3704579404e-12
1.4542224723e-24
5.06895061897e-21
0.0
9.30809704888e-33
1.36736921119e-24
1.22613975265e-10
3.07176084963e-09
6.28125938926e-61
0.000578495588299
5.76340183529e-36
2.02588022327e-09
8.04868369483e-14
7.85595883894e-21
5.81268862454e-10
5.53272456479e-07
7.13832110424e-66
1.34073403625e-29
0.000706572350979
1.04557414589e-29
3.30041175983e-13
7.51683254273e-69
4.19877623305e-26
2.24829343441e-13
0.0
1.7831229523e-14
7.2033174089e-07
6.86536168399e-12
8.42765725351e-07
3.09452241611e-05
9.48360499734e-53
0.000760688209372
8.4453316824e-07
4.01930679087e-59
1.45883478855e-21
7.20323317035e-12
5.49277208251e-19
3.53185694839e-90
0.0
4.01367444859e-31
1.97558065586e-21
8.02029690172e-08
1.42136946403e-24
1.64155248101e-15
1.98839779414e-16
0.00030282306489
5.91738811444e-23
4.07348086187e-44
3.08651111449e-26
8.54001199033e-24
7.68167308126e-18
0.00127867954663
2.45972426012e-17
0.00182928219447
3.07849922582e-23
0.0
2.48385667214e-06
6.65589647127e-42
0.000737979133026
2.42047508956e-10
1.79630255295e-17
0.0
7.51456361186e-21
1.46140196416e-06
6.11921412542e-11
9.34109609065e-06
2.87822611417e-13
2.60702905597e-29
1.3123041493e-49
8.30013319513e-32
1.62047837231e-20
1.66253824884e-07
3.20062402363e-05
4.53913161607e-14
4.37283419106e-08
2.03794805444e-13
3.53480856405e-13
6.20267470354e-22
1.11313050949e-05
3.03035276513e-24
0.000892332202536
2.83048242703e-18
1.79709427923e-15
9.02481074894e-10
4.71218933156e-39
1.23333681998e-39
4.45511320444e-29
3.67224590239e-12
1.04604456864e-14
2.45150417883e-22
7.16977930519e-08
4.29488496425e-11
2.50298288962e-08
0.0
2.52142037627e-14
1.57259608196e-32
9.16922297216e-12
1.03241233506e-11
1.42445748666e-09
7.76111391129e-25
4.02213694897e-37
0.00017148020974
3.29083342586e-10
1.67545666656e-06
0.000178767798538
0.0
1.58420009705e-49
2.43858435307e-27
1.17983189395e-18
1.5869327848e-28
1.4460877098e-35
9.10417566101e-13
1.67409310224e-52
0.0
7.34044611201e-21
3.32570610301e-10
0.0
0.0017612626376
1.31834721504e-06
1.18045616188e-14
0.0
1.20804411886e-17
5.27689944459e-13
1.13741169543e-14
2.36631999886e-16
1.81364626657e-07
1.73633193791e-13
2.85505888417e-06
1.83367354382e-14
3.0285919546e-44
3.05729735021e-06
1.32261152575e-07
1.02330266984e-18
9.69530300203e-26
7.98010973455e-42
1.80955783959e-10
2.72703647552e-05
1.38055155205e-17
3.20489192192e-19
4.8240342572e-17
5.33136364975e-46
6.56372267864e-06
1.57962773513e-17
4.00567650137e-35
4.39655133837e-11
3.72221717467e-43
3.26122396647e-16
2.53074089775e-12
1.32292614162e-38
1.60267196323e-11
4.89589718966e-07
1.91314242549e-27
0.0
9.78466618972e-27
3.63432327665e-05
3.23932269685e-07
2.2607229129e-17
3.57112675355e-09
7.78015817957e-13
7.39136384123e-12
9.93588023069e-07
3.08565418911e-12
1.24918394543e-15
0.00135318708227
0.0
3.31997274348e-38
7.46755571524e-06
4.20623091663e-18
0.00034947691813
1.41804435267e-72
2.3887099907e-10
9.69924266342e-18
0.0
2.3015085722e-22
1.60957538194e-05
2.52013779112e-26
1.70497301429e-12
0.0
0.000240906833896
1.59350673017e-17
2.60021124413e-34
3.19169030887e-17
2.89616895009e-30
0.0017612626376
2.81206387604e-07
1.41737185945e-09
0.0
6.71471359399e-07
4.02745065041e-12
1.32740975526e-09
3.19648601211e-12
0.00182928219447
8.59691279334e-13
1.62617375882e-24
9.1662229794e-25
7.18269237417e-11
0.0017612626376
6.1565062988e-09
1.22810960462e-09
0.00135318708227
1.30274271074e-15
2.23627922442e-07
9.51959131912e-18
1.41741339721e-12
2.74961656805e-13
0.0
9.51533874754e-57
4.8719550807e-96
5.97144393404e-48
8.49223043275e-18
9.76481461308e-15
9.37098678356e-14
6.9060892923e-16
1.90279965562e-16
5.33007819987e-23
2.82410777154e-10
2.27728295282e-15
8.20145735782e-16
0.00182928219447
1.96585462458e-05
1.49033939133e-08
6.64304672629e-20
3.03680106605e-21
3.13388823845e-09
1.57998455239e-35
3.6778237985e-30
4.68525788662e-08
4.36444914551e-26
2.57234183228e-18
1.16944911947e-36
2.55232068324e-10
4.40447344749e-13
0.0
0.0
7.42073824214e-21
1.80831127387e-07
2.85989823556e-09
7.18479334859e-17
1.5361792274e-27
2.12040991391e-19
8.50929231411e-13
9.90716732291e-11
5.75442527057e-06
7.07136205574e-10
5.16155518566e-08
3.37593877448e-05
0.00127867954663
3.61413946732e-41
0.000980691171886
1.88384531483e-41
1.14420483212e-36
9.78465985348e-13
9.33185671372e-06
4.04380931972e-28
1.96585462458e-05
0.0
4.36845807349e-24
2.7067359836e-05
2.48871701165e-05
6.9123466812e-05
6.79204659599e-08
3.49792266544e-12
2.53663476115e-34
3.22600330235e-09
1.31257161765e-11
3.65627382766e-43
3.34061973123e-05
0.0
5.11050515885e-24
4.7152818558e-19
5.03530157112e-21
3.64193431321e-27
9.23539387879e-31
1.29939856946e-08
9.43670723268e-10
0.00127867954663
3.72187444072e-15
3.00041753446e-12
4.36800266954e-17
1.49012705152e-14
1.48920704827e-49
0.000609688977864
1.01499303904e-15
2.34330869414e-09
0.0
2.68310783147e-11
3.00386834241e-21
0.00127867954663
3.08532859811e-67
8.38531340216e-25
2.71184508226e-09
1.1999012115e-35
6.78250997925e-07
1.21309159449e-10
5.18433684296e-07
1.20446159251e-08
1.71762272318e-05
2.57316191332e-12
9.19464096066e-16
3.65457370697e-12
0.000351534656589
1.03945881249e-31
6.27662662186e-10
0.0017612626376
1.74078877967e-18
2.72098105744e-54
1.46893441447e-51
0.00033846328267
2.65969463677e-08
1.7237204517e-33
5.13771050982e-15
1.51341113083e-07
0.000892332202536
1.61885287255e-12
3.16374063294e-19
2.683077811e-09
1.60920775239e-13
4.274976026e-30
2.74717638611e-06
1.12571644628e-18
0.000742128719465
1.47274781255e-08
7.29311582701e-13
2.21243380831e-05
2.82599825666e-21
1.32118750578e-15
8.72498991284e-11
0.0
1.90026553621e-08
4.91067883883e-35
1.12318694233e-23
5.11314723653e-33
2.07279120814e-09
0.00182928219447
6.12654748076e-14
1.28278829514e-19
3.51539229826e-07
1.73900389311e-50
2.20830286207e-19
1.95017709843e-24
9.08724027056e-42
1.15296201783e-49
7.40475328775e-43
7.60971935793e-05
0.000240906833896
0.0
5.13125813551e-14
0.00182928219447
4.29243417561e-17
1.19728248378e-05
0.0
7.22393865297e-06
0.0017612626376
0.0
3.06905958804e-40
1.13655972317e-26
0.0
3.57448779129e-15
6.94083611088e-52
0.0
7.59408955231e-41
4.36097968192e-12
8.35106207243e-37
1.46256292517e-09
6.69927632842e-21
3.50315982138e-10
1.16292127275e-07
0.000760688209372
2.78037061283e-13
0.0
4.789095776e-07
0.000742128719465
4.90967551383e-07
3.4941235896e-08
8.05670079006e-15
5.37396993658e-07
1.06438548575e-05
0.000306162916139
3.70131453014e-45
1.82912372904e-06
6.41602702553e-45
5.71671757058e-70
7.07652830874e-46
1.42684660366e-49
1.70982356285e-29
2.76212282029e-26
1.29644202126e-16
6.95008244572e-06
3.26226626176e-39
9.03657485348e-29
2.98084619836e-08
1.18226711476e-11
3.4027197666e-05
3.23713680164e-14
0.0
1.67208078098e-13
5.50874554294e-15
1.79330063774e-05
0.00135318708227
2.51406972376e-37
2.17350882235e-05
2.38876241917e-22
1.41671524375e-07
2.22419761636e-12
1.11579545263e-14
3.6709048929e-21
4.09514997267e-21
0.00135318708227
5.78230950068e-09
4.32092581456e-15
9.43409453307e-37
4.41100226823e-50
0.000390888326083
1.78850148812e-06
0.00182928219447
0.0
7.34341199883e-09
0.0017612626376
1.21679957056e-15
1.23954113558e-36
1.95145199959e-08
3.93034262296e-06