500
1.69693674702e-05
8.10511256665e-22
5.09865601772e-13
5.83958972137e-06
0.00688318447719
4.40324844015e-16
9.55745965857e-20
0.0177750080641
7.14204258807e-11
1.36430015616e-10
0.00688318447719
5.74239632247e-17
4.99680305681e-19
1.48005283103e-10
7.09197391194e-08
8.79105300558e-26
3.35377795089e-14
1.72428066444e-09
8.59804142747e-06
0.000702708978119
0.0
1.88502429309e-05
4.52877370145e-25
0.0
3.37274979691e-37
3.4500572427e-18
0.0
4.01907895311e-07
8.23147633737e-12
0.00688318447719
1.87476953831e-14
1.07550466234e-18
1.69661288609e-23
4.02336306486e-10
1.42998641928e-12
0.00688318447719
6.18526075869e-14
0.0
0.00688318447719
6.12153265432e-10
6.25795131957e-28
1.0833643824e-06
1.17765058701e-05
7.93904352506e-13
2.85260366165e-08
7.08008372469e-16
1.39272841509e-18
0.00052204782535
7.66496924917e-37
1.52353280596e-19
2.01506718725e-11
5.58260540134e-23
3.025088038e-10
5.83336088707e-11
4.17319411334e-14
1.88872101079e-08
2.14030560383e-10
5.37172668919e-13
3.77586351525e-25
2.22124373463e-25
5.56021618271e-16
4.25546836367e-08
5.3234863988e-06
6.45284457737e-75
1.4253270292e-52
1.27202834136e-08
4.11632149991e-11
5.64651673432e-39
0.0
1.63535583645e-07
0.00688318447719
1.2560034198e-12
5.94760669912e-20
4.24952266716e-07
5.88743084528e-05
3.86099875802e-06
4.59949771254e-21
2.21753801985e-21
3.50907282594e-65
6.67851234647e-09
0.0
1.9583062149e-12
4.98536218227e-44
2.35384419084e-11
1.90018311067e-39
3.53934092988e-16
2.32418105792e-06
9.08510779258e-16
1.54119413268e-16
7.42949101485e-13
2.86621180476e-34
6.65596235267e-26
3.39485121252e-07
8.02428911611e-54
0.0007842386046
1.85031159471e-08
1.14380126545e-09
3.12340969969e-31
0.0
2.01655617876e-07
1.56127594839e-44
9.00031654616e-22
4.4747356942e-14
0.00688318447719
1.73420769078e-42
2.80208037448e-05
6.86355078886e-09
0.0
0.000116489383359
1.38244832338e-24
5.3234863988e-06
4.77691732556e-08
3.44006866479e-06
6.82916391198e-26
4.5456946321e-08
4.58903038726e-05
3.22697965477e-08
0.000807271394963
7.42642576849e-24
3.58040100198e-15
1.61485294649e-09
1.20200926519e-07
6.43662109686e-09
2.20556854532e-14
2.83135020698e-05
1.24590364618e-11
1.98542475761e-08
1.53828359058e-14
9.73144473177e-34
2.93088877003e-08
2.05438983494e-08
1.56278069362e-06
2.46299163023e-10
5.10846556717e-09
2.82654195386e-18
1.61665519351e-15
4.43836277096e-16
0.0
0.00918439452939
0.00122729891025
1.35263875532e-15
0.000393307342059
7.61024575144e-09
0.00688318447719
2.89295124435e-06
2.62159149254e-34
3.25326374394e-13
3.45494491789e-09
3.02231103315e-09
0.0
3.95338430759e-11
1.9646368429e-22
2.44967028205e-12
0.0007842386046
0.00688318447719
4.84647656888e-11
0.0
4.28551510355e-18
1.55513912714e-14
0.0
2.11400340339e-05
4.27015508454e-12
0.0
5.75042837692e-18
9.0730454325e-18
1.26006346974e-35
4.06221964551e-42
8.8836702135e-10
0.0177750080641
7.98105212819e-10
0.00918439452939
1.25943788084e-24
0.00688318447719
0.0
2.17005268763e-30
5.07444560714e-19
1.12480393872e-06
1.72655693049e-24
4.14013343373e-11
0.000393307342059
1.36500307709e-19
9.58476488232e-09
6.19982059516e-16
3.8415074847e-05
1.78065596988e-14
3.68507487806e-11
0.0007842386046
4.73828639646e-09
2.56242124343e-12
2.09795111678e-12
4.62694165476e-18
1.18721495081e-10
2.05020422365e-16
0.0
7.43788822801e-23
0.0
1.86210919169e-14
6.65961189154e-06
1.52823305864e-07
1.76326111329e-12
0.00688318447719
0.0
7.25688125946e-08
3.84597601149e-47
1.16446477502e-27
5.36306394986e-05
4.72143589376e-19
1.64778677323e-57
3.27392497835e-08
3.81034880319e-14
5.82543508717e-41
4.54778942123e-14
1.44019582728e-26
0.0
7.35486361226e-08
4.24501451399e-40
3.01613467719e-05
4.4806870579e-12
3.2206025236e-07
3.01613467719e-05
1.11248708167e-06
6.12696474739e-27
9.08822804798e-33
0.0
1.11973238492e-26
0.0
0.0
2.41748804644e-26
0.000130179533968
1.21115814844e-11
4.04003071818e-16
0.0
0.00688318447719
6.65351618727e-09
1.24064833523e-28
0.0
0.00688318447719
0.0
7.28729268839e-13
2.18807986003e-07
2.96536442653e-11
3.61196183005e-16
1.55649880002e-09
1.60629778647e-70
1.99258743724e-10
3.01613467719e-05
6.08617624411e-23
9.17671722174e-11
0.000792835602465
9.2240451076e-08
3.52955066484e-15
0.0
3.12647174311e-07
3.86099875802e-06
0.0
8.21888506662e-45
5.65230883018e-14
2.77777665909e-15
0.0
9.19931125849e-16
7.28314712126e-25
1.19724246905e-11
2.185423714e-08
0.000616262433479
5.64381168061e-11
9.15619493003e-23
2.26186320427e-07
9.70536148008e-22
2.44961421727e-13
8.61102524742e-05
1.7915964385e-18
0.00688318447719
0.0
9.05928614214e-06
9.45745269226e-48
0.0
2.80208037448e-05
5.3889818573e-18
3.83617976629e-14
1.77458363394e-13
1.07325000113e-12
0.000393307342059
8.77995878338e-06
6.31664131425e-09
0.00122729891025
0.000505771430111
4.32340692624e-09
2.20345768016e-14
3.85624305283e-10
0.0
6.56810632763e-19
1.20981163209e-21
0.00688318447719
6.35077974297e-15
3.6581944277e-24
1.39521066579e-24
4.73911289931e-16
3.40124842393e-09
6.74521726293e-28
3.74130557283e-06
1.27410862516e-11
6.1442350003e-11
2.88129073885e-55
3.01367666662e-18
1.51181781725e-27
3.7093611998e-08
8.88900826704e-13
0.0
5.22229281254e-13
4.551891853e-18
3.7203491107e-22
0.0
0.000792835602465
0.000807271394963
1.25441481813e-18
2.73556299545e-10
0.00688318447719
1.28072319442e-35
1.15380162205e-39
3.03572931831e-08
1.92339797967e-13
1.70462132778e-17
1.90317284271e-19
0.0
2.35899761189e-19
6.28096742327e-14
3.20836274685e-41
1.47949594025e-10
0.0
3.74130557283e-06
2.05966327676e-16
2.49852877029e-15
0.000581029730133
1.82891962874e-25
7.03168123819e-53
4.85559192366e-11
3.50213412884e-09
1.11377418993e-08
0.000807271394963
0.00052204782535
1.1655554893e-17
6.11900752191e-11
3.66011263386e-16
4.21907439201e-09
1.51203579531e-15
3.97350223172e-05
0.00918439452939
1.04611602947e-20
2.47294423552e-09
3.4405328309e-10
1.37802739517e-35
1.05955533496e-14
2.02407131187e-10
3.3070466953e-14
3.22510843063e-07
1.84524710081e-30
6.17046725143e-08
8.81248900613e-08
6.61980223669e-09
1.78302671373e-06
6.43168086664e-19
0.0007842386046
6.90392315828e-26
3.86099875802e-06
2.88160288544e-50
3.02643844496e-06
0.0
0.0
1.84831003911e-24
0.000581029730133
0.0
4.37341254079e-07
2.11400340339e-05
1.75441435147e-05
6.05087118062e-06
1.44641575085e-09
0.0
1.95678270749e-48
1.93055488824e-15
1.50756322577e-30
2.07300008695e-24
2.97477478896e-57
0.0007842386046
7.87837293043e-64
1.61404201876e-10
3.18264409565e-10
0.000130179533968
6.41564590798e-09
1.88958377893e-07
3.09635529269e-38
3.86099875802e-06
6.41550842648e-11
5.34628995463e-33
3.67238699425e-18
1.01694083306e-13
1.79821252823e-35
5.09987490303e-10
3.02050086344e-23
1.7284731845e-21
0.0
1.22251388687e-31
4.55280751494e-08
1.90224588469e-12
0.00122729891025
3.96292553558e-21
1.50184669831e-16
2.84982627835e-08
1.30510399693e-10
3.60084037163e-16
5.38570528234e-08
4.74022149887e-30
7.1356446276e-10
3.27267673132e-09
8.96628253896e-27
9.23909691278e-11
1.12197306908e-25
8.01267930365e-19
0.00122729891025
2.76536121141e-14
1.61440274876e-22
5.13750883745e-14
3.56412818486e-14
5.64178004731e-21
2.34950156233e-15
2.73255498536e-06
3.61506025428e-15
1.1097320912e-11
9.83563406653e-18
1.24623272995e-44
2.39835134223e-13
3.87782765235e-23
7.01918438428e-09
0.0
3.30734220792e-07
0.00028308108059
0.0007842386046
0.0
0.00688318447719
0.000306289236865
3.7878958486e-12
0.0
0.000505771430111
2.56169958671e-09
5.7583560286e-73
1.41886189945e-09
3.45580174029e-10
3.12883160938e-07
1.75441435147e-05
3.97394121314e-08
7.52963784086e-12
4.09992716501e-06
7.64857036691e-52
3.8415074847e-05
2.08394937312e-33
9.65328585168e-16
2.90942309117e-28
6.66448442223e-05
7.00144617993e-09
9.78760744721e-31
4.216255195e-09
6.70911558222e-11
3.8415074847e-05
2.91602962989e-10
0.0
0.00122729891025
2.03856919205e-16
6.99575693593e-10
3.53987762578e-07
3.3252773466e-09
2.91433430981e-19
0.0
2.4008753553e-38
0.000108579975086
1.78492858614e-16
2.41182673535e-17
1.25226235736e-21
4.57228697334e-45
5.02300708804e-11
3.122960961e-13
8.36728904466e-12
0.0
1.7937388817e-12
1.19708700559e-09
1.8528385117e-10
4.70141639981e-16
1.44343001703e-09
0.000393307342059
0.00688318447719
5.51363543949e-16
0.0
5.52554896014e-10
3.00116813323e-26
2.54828974536e-22
4.5702531549e-20
6.9219276478e-10
1.84337004056e-12
4.23040360682e-18
5.3234863988e-06
1.47972327926e-20
1.35242200657e-38