500
0.000211170609152
0.0
5.76830751088e-11
4.28779703761e-06
1.65731867636e-12
5.98334253947e-14
0.0
8.27639707081e-05
0.0
0.0
7.36986966704e-10
0.0
0.0
1.60649122516e-11
0.0
1.42005360075e-05
3.73011333702e-13
6.65283603073e-10
2.18479216877e-14
0.0
1.75878200874e-07
1.01512308961e-07
0.000249668895815
0.0
0.0
1.93031076348e-30
5.95250743981e-13
1.49365002309e-06
1.44954672417e-07
0.000375560832648
3.31243114708e-08
1.24916824103e-30
0.0
0.0
5.32554142562e-07
1.165575764e-10
0.00187282584382
0.000119321355065
1.34994846644e-07
0.0
0.0
4.80572195404e-29
7.64242658176e-08
7.2759845412e-21
3.36015956661e-06
5.83316288971e-07
7.708798939e-12
1.35998543407e-18
0.0
2.70752665081e-10
8.27639707081e-05
0.0
0.000369856349467
0.000516610267151
4.90129301921e-10
1.85881428061e-08
1.33511019952e-11
1.65920167996e-13
1.62783036159e-05
0.000625310101648
0.0
0.00125149187215
7.36426463782e-05
0.0
0.0
5.18023068316e-10
0.0
9.34809233617e-06
0.0
7.82107454743e-29
4.83203437855e-42
3.40798864748e-06
0.0
0.000148462301457
6.68767390083e-07
0.0
0.0
0.0
0.000488617549707
0.0
0.0
0.00619426105368
2.37983442367e-06
6.28833255843e-13
1.59803986461e-05
0.000970091953089
2.41461702845e-12
0.000516610267151
0.0
3.03883686787e-07
3.41230230646e-10
3.24344255151e-15
4.20754960507e-23
0.0
2.46247879938e-05
6.58333874205e-05
2.62409010919e-18
2.55133579094e-10
1.09201693976e-09
0.0
0.000193727717368
0.0
0.000119035975068
1.25241819579e-06
0.00066668167978
6.68398552625e-13
0.000488617549707
0.0
1.70396800978e-06
4.2097662403e-07
4.52968659173e-07
0.0
0.00125149187215
8.25678470068e-24
9.59973585413e-11
2.46247879938e-05
0.0
0.0
1.53270538633e-21
0.000970091953089
7.54593998886e-07
3.35381243593e-07
7.36426463782e-05
0.0
7.72296579357e-09
0.00619426105368
8.59301010811e-11
0.0
0.000970091953089
1.82276390951e-16
3.57909023935e-17
0.000233986963603
5.29160949032e-09
1.63804352882e-07
3.55484287556e-16
0.0
2.73389457191e-07
7.71902757749e-16
0.0
0.000705200859823
0.000570610126511
3.74510495326e-07
0.000234157977198
0.0
0.000410582150369
2.02083705773e-18
0.0
6.11912421465e-20
1.22612634297e-07
0.000190578477191
5.08125595527e-13
0.000249668895815
0.0
1.00508631423e-06
0.0
0.000375560832648
0.0
1.47927741356e-09
3.69236152389e-09
0.0
1.38252359566e-06
0.0
0.0
0.0
1.72475626484e-06
9.17182222708e-23
0.00187282584382
4.04075995857e-05
0.0
3.15837065605e-35
6.5283541064e-06
4.00948748357e-05
3.79414708846e-19
0.0
0.0
0.0
0.0
0.0
1.68841061914e-10
0.0
0.0
9.28435994645e-08
0.000150070255528
5.04933478725e-09
4.34499855744e-11
6.35681925396e-19
0.0
0.000249668895815
8.32619337881e-06
0.0
3.52888725408e-05
0.0
0.0
1.26878379639e-12
0.0
2.61608711599e-07
2.46247879938e-05
1.44252277178e-07
0.00619426105368
0.0
1.35471489046e-07
0.00619426105368
0.00187282584382
0.000420424269624
0.00619426105368
2.30069149723e-07
6.78391899708e-10
0.0
2.00329643478e-06
3.70554762683e-05
2.22675079318e-13
0.0
0.000135074508681
1.30279528718e-14
6.34364602442e-12
3.22700724983e-05
4.70289850695e-06
1.76688543552e-07
7.22511413328e-17
0.0
2.55213948683e-05
5.28050907589e-13
0.000128529632852
0.0
0.00619426105368
1.42667776166e-12
0.00258844112404
1.7431032191e-10
4.86401807413e-17
0.0
1.49316384512e-06
1.06068678771e-05
1.70403841431e-09
0.000625310101648
3.57208324735e-23
9.20952052948e-08
3.31723601354e-10
0.0
2.56066912036e-31
0.0
4.04075995857e-05
0.000150704691526
0.000157969767545
0.00619426105368
6.54009109794e-07
6.36672820779e-13
0.0
0.000295591324467
0.0
1.84053298954e-08
3.28747355747e-05
0.0
2.08079171243e-06
0.0
2.79443402619e-13
4.85008632763e-06
1.43123388351e-06
0.0
0.00187282584382
0.0
0.00258844112404
0.0
0.000112497311424
1.34913216838e-16
0.00234634396817
1.4581118625e-10
5.33996098981e-08
0.00121437861652
0.00121437861652
0.00187282584382
0.0
0.0
2.70824637829e-05
0.0
0.0
0.000295591324467
4.88642272487e-14
5.68766798122e-13
0.0
0.0
3.24157016791e-05
4.90691810617e-11
9.42431260464e-05
5.79853305212e-14
5.88518086572e-13
0.000691661936513
7.53738971413e-07
2.08338771438e-16
1.24617635921e-06
0.0
3.76817981354e-06
4.11169706271e-11
2.19701185817e-10
1.13959278391e-10
0.0
0.000375560832648
6.84169307949e-19
0.000570610126511
0.0
1.63799927697e-08
0.0
0.0
8.17376636179e-05
1.98294526311e-08
0.000284748319324
1.30065636348e-09
4.5926139611e-07
9.98097452632e-12
9.48392431868e-11
2.38841281624e-05
0.00187282584382
0.00125149187215
1.5342862264e-09
2.27957995537e-13
0.00619426105368
0.0
0.000705200859823
0.0
0.0
0.0
0.000488617549707
2.90688159449e-05
4.5861596433e-17
1.02709185767e-07
4.57922347082e-14
1.12018335043e-07
9.63850534528e-10
0.0
0.000705200859823
0.00619426105368
4.59744651527e-09
0.0
2.10407132197e-08
0.0
0.0
0.000570610126511
4.04124772709e-09
0.0
0.000122535825895
0.00619426105368
0.0
1.73942310041e-18
1.09564871495e-13
3.94455150543e-26
0.00619426105368
8.86301219803e-09
4.76734888012e-09
1.75702318021e-13
0.000768478471467
1.49110211703e-06
0.0
8.23564269556e-06
8.50130413722e-06
4.68680018404e-29
0.0
1.34164664341e-09
0.0
0.0
6.70148371374e-09
7.85097417617e-08
0.0
0.0
0.000768478471467
0.0
1.67722017186e-05
1.80316228944e-08
5.70536548002e-05
0.00619426105368
7.22198157155e-07
0.0
0.00187282584382
0.0
0.0
0.00121437861652
0.0
0.000519773989466
8.68037111132e-09
3.22345057121e-08
3.06826472279e-15
7.65384503031e-10
0.0
2.83304104698e-06
4.41172582745e-05
4.73230712736e-06
0.000138596319041
4.95165655216e-07
0.000193727717368
4.53561940141e-10
0.0
1.03375307609e-10
2.54782383053e-17
1.35106502425e-14
0.00619426105368
0.000160525238751
0.00619426105368
0.0
5.43834978064e-11
8.47613397591e-21
0.0
4.99133218265e-06
0.0
0.00619426105368
3.82517830228e-05
2.58655091121e-15
1.25298585151e-09
2.25980721779e-06
3.73843273856e-06
0.0
6.7672878187e-14
0.0
0.0
0.000119321355065
0.0
4.17268861224e-12
0.0
2.93879217481e-08
6.59715335096e-09
1.85986801075e-05
5.62880456562e-18
0.000369856349467
0.0
1.93956601882e-17
8.10999059646e-10
2.25253658447e-05
1.27841745908e-17
0.0
5.30220908948e-10
0.0
0.00279025141728
1.24932786795e-09
3.64739754115e-12
2.88626511702e-07
9.38448048316e-17
1.21713680744e-06
3.5115241055e-05
2.20346982725e-06
6.26553776811e-11
0.000150704691526
3.42828306961e-07
4.85547109602e-16
0.00619426105368
0.0
0.000295591324467
5.36134537201e-17
0.0
5.17472724945e-05
0.0
2.73478690814e-05
0.0
3.36780890111e-18
0.0
3.05799623232e-05
1.26126983377e-14
0.0
5.31200255281e-23
1.87336736797e-09
0.000150070255528
2.02202846287e-21
2.85354294613e-08
2.48157321145e-05
0.000111244423968
1.30198726915e-05
0.0
0.000705200859823
2.00221602121e-06
3.43337888264e-05
2.51487709057e-08
5.73193532867e-08
0.000691661936513
0.000488617549707
0.0
6.17366699151e-08
5.82031303515e-06
0.0
0.00619426105368
0.000375560832648
0.0
0.0
0.0
0.00619426105368
0.0
0.0
7.76394937978e-07
0.0
0.0
1.14608009114e-18
0.000295591324467
0.00619426105368
0.000691661936513
1.22952922026e-06
0.0
2.03992042738e-07
1.05310720197e-24
0.0
0.00187282584382
0.000132114542035
1.16767059371e-05
4.4456910517e-05
0.000911111992526
4.46322732943e-23