500
2.99731922783e-07
3.91613225637e-16
3.29789844304e-06
4.33178732338e-07
3.32271664056e-17
2.35024289869e-19
2.94473398491e-06
1.01037553807e-12
1.02146304454e-07
6.42406150446e-11
2.58864696154e-08
2.41688287186e-38
0.000132642921351
8.9537472738e-06
1.61164062698e-14
1.25980819786e-11
5.49728025609e-13
1.2999258426e-32
3.76155152713e-07
1.88187934473e-05
5.33979227361e-42
6.27694340462e-08
0.000178332271688
4.05273606129e-17
9.67959477707e-05
2.02965833749e-12
0.00129475328701
2.5112901245e-11
1.59763302941e-18
2.85018120527e-05
1.33519704709e-25
1.30158869888e-07
4.0403007719e-09
2.77908044568e-05
1.3737220927e-35
6.15424854681e-10
0.000189429449121
3.090077549e-07
2.12583260776e-10
8.49420033873e-22
1.21147649801e-13
1.02106560791e-11
1.89125992843e-13
8.9920701333e-09
6.79196658111e-06
4.77969075089e-11
1.12606810451e-07
1.66099047194e-20
1.599251939e-08
8.85894673181e-07
6.89545427549e-34
4.39167639767e-13
5.14056671633e-09
0.000240733258258
7.69109861994e-07
1.99910473362e-07
1.77688649673e-06
1.12991710235e-24
1.27762981522e-38
0.000124984086043
0.0
8.18132561949e-10
6.64403149357e-51
1.42816014702e-05
1.62080431527e-07
5.71905242839e-05
3.00834190941e-11
1.83969296687e-14
4.26170215616e-39
3.8927279716e-13
3.47747661505e-08
2.68961548122e-37
5.57010228024e-12
5.22522351263e-09
1.36902957236e-07
3.5746119105e-10
1.10263168802e-22
3.75585751167e-21
4.36879324315e-07
3.32927888744e-15
2.13678905913e-26
1.56372115057e-12
9.08713619077e-30
1.37740832128e-08
1.34272182054e-23
3.01310070924e-14
3.21478450966e-10
1.79940603381e-39
1.77138913357e-13
8.962993616e-09
2.16878451243e-11
5.57931559612e-05
1.01410030822e-06
7.67234844892e-38
1.47401047787e-28
1.29004762005e-16
9.59588771119e-18
1.22648597698e-07
1.39303227072e-08
1.03459414934e-06
1.29253206511e-05
4.07128472133e-30
5.05096126277e-10
1.32191091373e-06
2.03283702973e-19
5.07819405372e-21
2.57056561933e-29
1.63909728323e-12
5.31199569208e-17
5.49459350581e-05
1.32893035764e-10
5.55597580953e-28
1.55128505451e-35
8.51582182777e-07
9.62622322357e-33
6.72829245409e-13
8.10291359102e-17
5.65483595771e-38
0.000204899478107
2.7736032808e-11
1.8168684555e-12
4.85215152519e-13
3.8715310899e-23
7.24931018237e-27
6.23327247124e-33
5.3443162647e-41
0.000459762887946
2.26009672694e-26
8.68395886276e-07
1.48346743892e-38
2.76030554504e-06
3.34261728054e-08
2.78099329476e-38
1.62070968216e-21
1.33837508572e-10
1.58761327905e-08
1.30378112891e-40
8.98369760421e-10
1.93079552415e-05
9.05929188088e-18
2.95292253759e-27
1.27241055283e-32
1.04734196654e-09
4.81993833784e-08
0.000185861693774
1.45238993403e-48
3.97354613313e-08
2.24857872633e-16
4.08981965746e-18
1.54549206684e-45
2.88267378981e-21
3.40773707125e-06
2.74605016567e-05
2.44650546574e-28
6.06487684482e-10
1.14747231722e-05
2.94384271021e-07
1.23500947821e-07
8.29916642848e-20
1.82122955217e-39
5.05098429898e-07
1.0157046691e-12
1.36120208696e-06
6.46229839614e-17
3.35252337762e-35
5.22275069445e-12
3.06365774045e-25
5.34036777058e-11
6.42226310826e-12
5.41571904464e-18
7.06491153682e-24
2.96367634539e-27
2.45375464503e-23
2.37412695072e-08
5.08379483661e-15
2.66893121878e-07
8.67057021191e-13
7.42354198719e-56
9.3005966877e-16
1.33155845599e-11
2.08158842106e-24
4.65893938782e-12
2.79811762666e-32
7.44009827134e-26
3.48558411697e-35
5.90519943571e-11
1.98037544828e-13
3.60308873858e-05
3.61741611309e-07
1.97565732792e-14
1.81804839196e-05
8.38225892762e-09
4.46697130392e-19
3.86705083196e-07
1.55750332473e-05
5.76533653224e-05
3.92263109592e-11
2.98376786334e-10
5.15265637222e-31
2.373515058e-09
1.69771134382e-28
8.93839644187e-05
1.56703292187e-14
1.76111707536e-07
3.57938218384e-05
6.31194068035e-22
5.32115511173e-13
9.03630258468e-51
0.000171918345365
1.1644548996e-11
7.61306417156e-11
1.08967528378e-54
2.78012694467e-10
5.02154795074e-23
1.73565367455e-07
4.76320979357e-28
4.20215580707e-05
6.54351738888e-27
2.68497098811e-12
1.43215717407e-23
8.60961834873e-05
1.19890212968e-25
8.12046295606e-42
0.000236061450546
8.85776109606e-19
4.3812139242e-25
2.01622279094e-20
1.01962012235e-45
5.71230033908e-07
4.93614429461e-23
6.08108956151e-56
1.00173690641e-07
2.08014079984e-31
3.70844264642e-06
1.27080706854e-05
2.19618368408e-09
1.33835129291e-06
1.42342811857e-10
2.32597690011e-05
3.2815254749e-14
4.42734555953e-30
1.71018139259e-22
1.5864796645e-23
3.37825098744e-24
7.19057469592e-35
6.15054800096e-18
1.50630899285e-06
7.6584676744e-08
1.95778175016e-15
0.000424089677761
1.19282751466e-19
6.91233061329e-38
2.0122695244e-05
1.27999655892e-33
1.10945391095e-20
2.0545073667e-12
1.1981792234e-06
1.81289467846e-14
9.42301692951e-14
4.65201589277e-07
9.59663674729e-06
0.000134688165563
1.30008414936e-37
2.90579103156e-07
3.51900783456e-14
9.71250432458e-16
3.45756917513e-16
1.32657907139e-05
2.90886276513e-07
5.20496340609e-06
1.1934228001e-23
7.5605437535e-07
5.80622209464e-15
7.43190441654e-07
6.52970020826e-10
7.33674997636e-10
3.23569108176e-06
2.96255795931e-16
2.41793511578e-06
1.16741953892e-13
5.97735283772e-16
6.00337630177e-12
2.76906905172e-27
2.80471593438e-23
7.39602110599e-05
7.11394462093e-11
1.80107590474e-05
5.24394303333e-21
3.8004455263e-29
7.31076946018e-08
0.0
7.91133616972e-07
1.2616011207e-19
0.000210040943585
6.36698955075e-13
8.92701299183e-38
2.5500643594e-45
1.77812827001e-38
1.98312459216e-23
4.17684644527e-12
1.21260454725e-36
1.07873540988e-17
1.29634281347e-10
9.74871587285e-30
2.04230023216e-08
1.15798375662e-10
1.43761851867e-05
1.6134620545e-11
3.45509363872e-25
9.39825226083e-27
3.38384368135e-08
4.72429224014e-21
8.66452624616e-09
7.0789166602e-10
2.18524538987e-06
9.75482248648e-20
2.42985534342e-05
5.57217087046e-06
7.78700449392e-11
2.94147096704e-07
1.85027053737e-09
1.11076581601e-08
1.57151052668e-23
3.81354834204e-37
3.41228506492e-43
2.04069749995e-09
5.21569430082e-29
1.85812845877e-08
7.39216243279e-19
9.65680090991e-15
2.93444368796e-13
1.31821006957e-10
0.000424089677761
4.15840590353e-05
0.000171918345365
2.40923329765e-06
3.10469072508e-06
3.93425353265e-29
1.44075067413e-07
3.34582245259e-19
1.00908699271e-21
1.73522197393e-10
8.49622255364e-11
4.79614883236e-20
3.17506294913e-25
2.2647729728e-21
1.70192504746e-06
0.000233671467665
4.91258013975e-29
3.84229562501e-54
1.49166873378e-09
1.02739942991e-67
2.35070363824e-51
1.23593171486e-16
1.83608269895e-24
3.775913522e-06
2.48565662093e-15
5.41845814141e-22
9.1931387296e-06
2.10593550594e-07
1.30670049962e-10
3.53585024108e-05
2.99964413009e-19
0.000236061450546
4.25497370028e-05
9.91622918575e-21
3.68155563903e-37
1.73252651158e-05
1.01336106857e-11
4.62893429716e-11
4.21592297495e-20
3.90617025324e-05
3.81017567618e-18
2.61895727247e-41
1.90771254328e-11
1.11579522283e-14
7.05231365881e-05
5.74621337347e-16
1.99867720514e-08
4.27519049225e-06
1.80107590474e-05
1.99298561208e-13
7.15263861193e-16
1.64963467054e-18
1.58764106524e-12
3.41933290655e-17
5.39728228106e-17
4.16663040608e-46
8.75705991683e-20
2.25999449359e-09
3.42469886643e-39
1.16157328297e-26
6.24692949796e-16
8.43756937335e-08
1.66136745167e-12
1.19307699021e-08
1.35636193013e-12
1.12322035344e-11
3.29717943679e-23
2.61113944861e-07
5.45278736716e-15
1.95219833105e-13
2.90264502983e-22
1.07549344903e-06
4.76070065956e-12
6.31076244026e-05
2.71246578285e-16
5.04879806003e-48
6.1475272717e-09
6.60109909243e-23
5.3904694417e-42
3.45321419152e-07
4.68700665673e-10
7.8879519454e-12
3.34576826946e-09
1.67731958097e-06
5.70273443825e-11
2.37068871062e-39
4.17227228847e-06
0.000448681745127
5.30241771522e-25
1.20029243457e-05
1.33027234541e-10
1.28122271996e-09
1.46017316788e-43
7.18152757811e-07
1.19265092108e-28
5.86151691975e-08
2.0571695448e-08
3.89918436822e-10
5.01769256944e-42
5.17230949625e-12
4.86075603952e-41
0.0
7.00703423922e-15
1.03358302013e-16
1.43937948437e-20
1.62619946392e-05
7.13627362641e-05
3.57767978568e-12
2.75880358774e-08
1.31779770999e-25
3.18435692815e-05
8.4060009244e-41
2.11651942968e-21
1.97521396523e-26
1.07851165755e-10
3.70606542308e-15
3.74859890282e-17
7.36485835901e-15
1.72744688516e-33
8.76121282179e-07
5.85503389668e-11
2.04036539756e-13
3.25179182872e-12
7.85457350628e-14
1.93600651772e-08
1.10339373671e-15
7.32814820787e-07
1.53815518171e-13
3.02587403687e-08
0.000305115371091
1.41894126233e-10
1.98671225014e-10
1.86623676413e-14
5.41104881532e-26
6.21201107407e-61
6.20877826549e-16
5.52697798648e-26
2.18433441763e-17
2.85449092092e-06
1.60325796204e-17
3.48745310319e-25
4.72847595966e-36
8.60961834873e-05
3.85382617337e-07
3.72233182926e-06
5.55445789372e-70
1.16203150904e-44
1.04467569564e-17
5.54505492486e-08
2.34572128046e-18
1.81652830018e-33
3.88579248566e-05
1.91966084499e-12
9.00137960618e-25
2.27741703364e-09
6.45052492443e-10
9.52109524418e-15
2.88496022362e-39
7.53586735431e-45
6.97182798576e-31
1.50915478807e-11
5.82777072157e-06
1.44475799269e-10
9.62401761739e-11
4.68897267465e-27
1.36270929697e-12
6.68591739849e-21
5.21861036766e-19