500
1.36118568478e-10
0.0
7.5527996848e-12
1.02515824189e-10
0.0
0.0
4.11260136331e-09
8.26191586329e-23
0.0
7.56820733134e-19
3.6227791797e-14
0.0
9.06076416002e-08
0.000640017337506
0.0
7.40020856962e-18
1.7451018778e-28
0.0
4.14809371216e-09
2.55512069757e-08
0.0
2.14358974189e-09
1.34790950415e-07
0.0
4.89455974512e-08
2.72216124324e-23
2.40456322734e-05
0.0
0.0
5.5233885326e-08
0.0
1.1877319984e-13
0.0
4.03694635975e-10
0.0
0.0
2.23437780811e-08
0.0
0.0
0.0
0.0
0.0
4.13369802076e-24
3.26704729219e-18
6.64775941412e-09
6.64044418817e-19
5.23206182359e-15
0.0
4.71868370973e-15
3.63254159893e-08
0.0
3.75216236075e-18
0.0
1.98611384201e-08
4.15229189443e-10
0.0
5.66338423649e-08
5.09741378233e-44
0.0
1.89038739253e-08
0.0
4.51418211973e-15
0.0
9.76098466384e-09
0.0
6.9580216078e-08
6.79034358752e-24
0.0
0.0
5.99629904633e-25
4.75112022525e-13
0.0
4.4312798743e-15
0.0
0.0
4.60139385027e-16
5.50681105137e-37
0.0
5.64322631016e-13
0.0
0.0
0.0
3.67028920936e-56
0.0
0.0
1.19706021084e-26
0.0
0.0
0.0
0.0
0.0
2.95631170449e-11
0.0
0.0
0.0
0.0
2.01085100279e-22
1.85494425935e-15
1.38690912562e-18
0.0
1.43862823357e-08
0.0
0.0
0.0
0.0
0.0
0.0
6.38173126596e-25
0.0
4.89771035677e-09
3.9814376337e-20
0.0
6.64204263393e-56
2.16246639042e-11
0.0
0.0
0.0
0.0
1.89641211163e-06
0.0
2.32566029307e-22
1.25780305818e-26
1.6981630297e-43
0.0
0.0
0.0
1.74860833809e-07
0.0
0.0
0.0
4.37960608989e-12
0.0
0.0
0.0
9.81285056807e-23
6.68280125582e-15
0.0
4.08432767719e-13
0.0
0.0
0.0
0.0
8.09510646412e-14
9.5389699586e-17
2.6456453823e-08
0.0
0.0
0.0
0.0
0.0
0.0
0.0
4.04738483211e-07
0.0
0.0
3.32585698392e-12
0.0
9.84344420896e-13
2.52276541347e-31
0.0
1.88299683388e-08
0.0
2.21815379155e-10
0.0
0.0
3.79459646098e-21
0.0
0.0
4.76844302338e-20
0.0
0.0
5.75475948761e-55
0.0
0.0
4.37719054916e-25
2.30764121924e-10
0.0
0.0
2.05013009121e-23
0.0
0.0
0.0
0.0
0.0
0.0
1.43688602903e-15
0.0
5.10507901737e-11
0.0
0.0
1.73760070372e-09
0.0
4.50745685336e-24
0.0
3.81421804436e-07
2.99826346842e-12
2.01987867114e-19
9.45375109879e-15
0.0
0.0
0.0
5.46918704224e-11
0.0
0.0
3.82886348325e-12
1.79304258223e-26
0.0
0.0
1.02851917492e-07
6.06507271919e-19
2.09561856789e-18
0.0
2.19937740808e-12
0.0
0.0
0.0
1.54857252575e-09
0.0
0.0
0.0
1.92389097149e-06
0.0
0.0
5.55585530284e-07
0.0
0.0
0.0
0.0
4.12069656557e-09
4.42948036331e-39
0.0
0.0
1.85315476766e-63
5.17081748312e-10
1.04182584753e-07
0.0
1.10596606392e-10
0.0
1.03777167175e-07
0.0
0.0
0.0
0.0
0.0
0.0
2.36745446982e-35
0.0
4.95789876557e-15
2.51511465886e-27
1.98490676216e-07
0.0
0.0
1.16930586928e-10
0.0
0.0
0.0
2.37303165143e-11
1.40176862719e-23
0.0
1.72019787258e-08
2.91694196867e-11
5.4691766533e-10
0.0
1.2954969063e-13
4.37096829876e-27
0.0
0.0
6.65170131052e-11
1.56105054488e-11
1.64569953493e-10
0.0
3.49506573119e-13
0.0
0.0
1.22261993971e-14
0.0
2.6828970021e-08
0.0
6.86379130762e-11
0.0
0.0
0.0
0.0
0.0
9.1613855785e-08
0.0
1.51151537797e-11
0.0
0.0
0.0
0.0
2.02582577801e-10
0.0
5.79955795923e-07
7.18980832522e-24
0.0
0.0
0.0
0.0
2.31759503316e-20
0.0
0.0
0.0
0.0
0.0
0.0
8.17943881417e-07
0.0
0.0
0.0
2.0385039855e-16
0.0
0.0
1.5846169188e-21
2.81072906466e-10
0.0
5.91263464026e-12
9.8186260628e-11
0.0
2.4427260574e-08
1.59790142223e-16
1.64135237788e-14
0.0
0.0
0.0
0.0
0.0
2.92556981634e-14
0.0
0.0
3.72608107288e-16
0.0
1.98490676216e-07
9.02115773314e-07
1.02851917492e-07
7.66061238816e-10
3.39928675669e-11
0.0
0.0
0.0
0.0
3.71993054872e-10
2.80163875601e-11
0.0
0.0
0.0
1.60663046365e-09
9.05493552847e-07
0.0
0.0
0.0
0.0
0.0
0.0
0.0
0.0
3.81041009159e-28
1.72459166284e-32
2.06128814525e-07
1.75045101789e-12
1.0644555441e-21
2.73982977919e-07
0.0
5.55585530284e-07
9.64264676544e-07
0.0
0.0
1.72281965733e-11
1.99822214349e-20
9.39694546258e-16
0.0
4.4973315153e-11
0.0
0.0
1.74506174479e-14
1.87824951335e-32
6.20826637228e-11
0.0
4.14910905099e-12
4.58247965161e-10
1.51151537797e-11
1.05311267241e-22
7.86888467827e-28
0.0
0.0
0.0
0.0
0.0
3.79565101217e-28
7.0100545586e-19
0.0
0.0
1.69564378514e-25
1.06169676884e-14
0.0
6.38494749126e-19
0.0
3.31848651895e-23
0.0
0.0
0.0
0.0
0.0
5.44511528421e-10
0.0
3.28709555334e-08
0.0
0.0
0.0
0.0
0.0
0.0
0.0
0.0
0.0
5.28577279435e-10
0.0
0.0
1.67396768114e-09
4.89444395726e-07
0.0
1.67856430388e-11
0.0
2.92963162706e-14
0.0
3.41294959769e-10
0.0
0.0
7.95816276789e-13
0.0
0.0
0.0
0.0
0.0
8.95885484884e-23
0.0
0.0
5.26041044737e-10
6.68746277121e-06
8.85556263727e-32
7.99410142596e-11
5.65372035688e-50
6.09159519136e-07
0.0
0.0
0.0
3.69533601579e-30
0.0
0.0
0.0
0.0
1.16165449178e-10
0.0
0.0
5.38788801258e-22
0.0
0.0
0.0
6.87860940299e-11
3.63749515886e-33
3.00582956207e-10
1.74967171796e-08
5.87521736219e-21
0.0
0.0
0.0
0.0
0.0
0.0
0.0
1.35326564709e-11
0.0
3.9945080834e-55
0.0
1.92389097149e-06
3.35920620225e-09
5.4572554202e-11
0.0
0.0
0.0
0.0
0.0
0.0
2.83225754046e-10
0.0
0.0
0.0
3.59109876513e-16
0.0
0.0
0.0
0.0
6.1440181875e-23
7.87758488596e-13
4.49728003919e-19
0.0
0.0
0.0
0.0
0.0