500
0.00962770831472
6.32879727602e-16
0.00184961538145
7.6370448579e-10
5.32599046082e-06
2.58898462027e-05
0.00239685197978
7.84533531363e-29
4.82690879625e-08
1.25874993719e-08
3.62085665609e-16
1.24620233477e-15
0.00256833229664
1.46484879159e-07
9.95128920652e-08
0.000282993777078
4.69490953166e-16
0.00184961538145
5.97398431133e-12
3.65872132289e-13
0.00103363142246
0.0146508604789
8.00578235425e-13
4.28215733763e-08
2.36337938819e-07
4.10965978101e-14
8.05788569628e-19
0.00936608580617
0.0014016203692
0.0181042775918
5.56514919008e-08
0.017162436561
5.04698150691e-07
0.00028826837208
4.2898224272e-14
4.59133028387e-12
1.22973876033e-18
3.85710560131e-05
4.14517877299e-11
7.33866851384e-12
1.02230026227e-11
8.12191935825e-08
4.19216653939e-11
7.49025084441e-06
4.79555940295e-07
2.66616262921e-06
0.00214161601004
3.14746958006e-06
4.09833750441e-09
5.61994962586e-15
0.0120346353934
6.03405962105e-07
3.61742521659e-07
1.72371767662e-06
3.55774281187e-05
3.90638833027e-08
6.16770781741e-09
0.0134473969396
7.84349654019e-10
0.017162436561
4.96931141847e-32
0.000133491098235
0.000120243877763
1.19433590678e-07
0.000104670959041
0.0181042775918
1.72874692008e-11
7.15136713174e-08
2.72752114785e-06
1.98292581881e-08
0.00153473515287
6.15362194059e-07
2.62307370216e-28
0.000211414506818
3.15625651896e-05
2.39043411026e-07
3.37265792571e-05
2.0491683282e-11
1.29543063849e-09
0.0146508604789
2.58985740971e-05
2.21679968725e-05
1.84516241664e-05
2.70758143584e-12
1.67378975416e-06
0.017162436561
0.00252838653965
5.60291192756e-12
9.52842702232e-14
3.15637957759e-08
1.6711642352e-11
8.92667539425e-08
3.22484463664e-05
0.0146508604789
0.0120346353934
1.73584255638e-08
1.25226538296e-10
2.68835232419e-05
7.51907519054e-11
4.48341676909e-06
4.61516897338e-07
0.00187837910335
0.000341727355648
5.39001284193e-06
0.0120346353934
4.09555265168e-07
5.33832867139e-09
2.71919857454e-06
2.62324848729e-13
1.94414032465e-09
0.0102556023352
3.73078792606e-25
3.8150097984e-14
3.01203715042e-06
1.74306794143e-32
3.68015227945e-06
0.0134473969396
0.0146508604789
5.87897697974e-08
0.000287296179904
3.28924361751e-06
1.54709215719e-05
2.39616282035e-10
3.85955417063e-11
0.0134473969396
7.30460138585e-08
1.10484730761e-22
6.80676926134e-10
1.40819951533e-10
2.71566626597e-13
0.000155810205994
0.0146508604789
1.37255121065e-11
1.56428835846e-08
3.74883068606e-07
0.00184961538145
0.0120346353934
6.38649935011e-13
0.0181042775918
2.24279233471e-12
0.0120346353934
0.00252838653965
3.37379889172e-06
2.62048476977e-06
0.0134473969396
1.21468882537e-07
5.38847496209e-07
5.08216677752e-06
2.92918771339e-06
2.5051196697e-05
2.72003785349e-27
1.83493924222e-06
6.11246216388e-07
6.18455355443e-36
0.00936608580617
1.50394273151e-09
3.53402497443e-16
0.000262239890033
7.12830656799e-10
7.05564301674e-14
1.37746942509e-32
2.47164732828e-29
4.70020409323e-17
0.0120346353934
6.2615862445e-09
0.00110794585491
2.7048026667e-34
2.54138248133e-05
3.42322041755e-06
9.07255218012e-18
0.00017398945254
5.25042360587e-07
4.67319221181e-14
1.31530680898e-10
1.09697342248e-11
0.00936608580617
0.00936608580617
3.73446182095e-05
7.74794559818e-09
0.000917414793148
6.76246671534e-08
0.00936608580617
2.81129769177e-07
8.70757681913e-17
0.017162436561
0.0014766163178
6.41912320747e-05
0.000332683637388
2.09119540214e-26
1.98661663382e-06
0.00936608580617
3.58611227436e-05
4.00707403581e-08
2.19824962029e-11
5.98016353735e-08
0.00135532283455
0.000298119273878
5.14659235221e-07
2.58634817675e-11
2.26640820086e-05
0.0146508604789
2.1706099389e-13
0.0181042775918
5.79490421213e-20
3.84743371117e-07
7.17264315198e-10
1.57095806972e-12
0.0102556023352
0.00022200401707
5.28435080639e-13
0.0181042775918
2.61021095816e-21
0.017162436561
2.19149699967e-05
9.47106240769e-08
2.41695662997e-14
7.0373995882e-08
9.00878670674e-07
3.91050979108e-05
2.77775393866e-06
0.00143948327513
1.12761506328e-09
2.56738098173e-05
0.017162436561
0.0014016203692
1.54959056834e-10
6.45577353459e-09
0.00121293483248
1.65271824135e-10
2.70175234349e-24
6.22126343998e-15
2.40174289641e-06
1.10775476342e-13
4.23831305957e-07
0.0181042775918
0.0146508604789
3.09352300437e-13
1.62879127785e-19
2.55048066933e-16
6.86576931383e-22
5.70449194204e-07
0.00239685197978
1.04748451689e-13
4.13309491682e-14
3.30545878556e-05
0.0134473969396
2.20823317804e-05
0.00204609315347
1.87848234199e-18
6.91414053668e-38
0.00210682454136
0.00153473515287
4.59253279217e-16
3.7534647647e-05
4.2651570468e-05
1.26100485488e-10
5.01829749853e-08
0.00131718213318
0.000168166443553
0.00017398945254
2.02937540532e-30
0.00022901230515
8.60383398099e-09
4.34304921504e-13
2.35210576028e-24
0.000286628594739
9.81864849101e-09
6.97840514011e-06
1.8292243744e-13
1.61933152562e-12
7.94413445077e-12
0.00239685197978
4.18429727235e-06
0.0134473969396
5.52530775845e-15
0.0181042775918
0.000140836432642
3.6999908368e-05
1.35905739017e-19
0.000255239679298
0.0181042775918
9.54067476255e-23
1.80894251435e-05
2.22959187323e-07
2.05373695058e-06
6.41786772587e-28
3.83495112541e-06
2.05971005628e-17
4.78258757762e-08
0.0134473969396
0.00206674414362
0.00936608580617
0.000245654786642
0.0146508604789
2.85839869881e-05
9.59137778863e-08
2.83931594428e-11
0.00121316976292
2.53154108687e-05
6.99896180099e-21
4.6970219943e-07
1.79448910517e-05
4.92089179281e-15
1.64458383749e-08
0.00210682454136
3.6698715126e-17
6.91286182059e-08
5.92838040814e-08
3.71307116584e-11
0.0120346353934
0.0146508604789
2.86033280431e-08
1.29513785958e-08
4.45450745211e-11
3.11673622115e-11
0.000258279065008
9.26508359583e-10
3.56212318567e-06
6.34308092741e-09
0.000249887288375
2.03108018171e-13
7.15633433267e-08
4.63880154466e-05
0.000193706516392
1.70451801265e-24
1.14921905453e-11
0.00152007557496
4.44288853426e-05
4.23327767934e-09
1.72655207323e-14
2.22529429002e-06
0.00936608580617
0.0017733269186
3.95995253812e-05
1.1723575511e-13
8.48226243266e-11
1.69212636337e-10
0.0120346353934
0.0181042775918
9.99764857768e-21
6.43797853062e-16
2.43282407627e-05
5.11900727963e-10
3.29478036007e-06
1.08486131976e-10
2.28452166611e-11
8.79500394761e-10
1.99802782031e-11
3.64085930992e-11
8.86469217063e-19
2.86813335271e-11
0.00936608580617
0.00180096472021
5.131910674e-12
7.94833367184e-27
2.81261322708e-05
2.02434952977e-09
0.0181042775918
1.47541582546e-14
2.81381981035e-05
4.41159937966e-07
2.23024416501e-05
1.94269757354e-15
1.81291521219e-10
0.0146508604789
3.8569920451e-11
0.0134473969396
1.9353452055e-12
5.58681217426e-05
2.29355064759e-13
4.10527247192e-16
6.39766722845e-16
0.00256833229664
8.17730570661e-10
2.11707519076e-11
1.82082672312e-05
3.63227086888e-09
5.16314392935e-06
1.74505887988e-05
2.95908255506e-06
1.46512932125e-09
3.3945529757e-45
7.14122899038e-13
9.18353938033e-10
9.81461045818e-20
2.70790696624e-05
4.930650218e-06
8.64240779209e-09
4.8184493954e-08
2.15193690484e-09
0.000146035746763
0.000215121102168
9.98370231835e-11
2.43282407627e-05
9.6738603976e-22
0.00204609315347
0.017162436561
3.49597744218e-11
2.54442549739e-34
1.75978646776e-05
2.65795174428e-06
0.00206674414362
1.94801782398e-05
5.83430323005e-09
2.50886303701e-21
2.05312619492e-11
1.50205742125e-47
0.00179850875482
5.70645580062e-09
5.37507831836e-06
9.07580577081e-14
1.86160557684e-05
5.7362462489e-12
5.04891581257e-06
3.39183574519e-20
4.90133483945e-07
0.0146508604789
4.2873419161e-07
3.11778201795e-06
4.08552350962e-06
0.000181200635147
2.54170613858e-06
1.0394132931e-09
2.39196940859e-11
0.00143226520743
1.12667111231e-10
0.000216079787805
2.96932768602e-16
5.19466617946e-05
0.000200694870455
0.00204609315347
4.78503319194e-16
0.00936608580617
3.76755654737e-05
7.66061780359e-26
6.57655613287e-09
4.07169553088e-05
2.99424326931e-09
3.67278299153e-14
0.00143226520743
0.00117880113086
1.52866699999e-14
0.00187837910335
2.78015637585e-07
2.8563999026e-05
0.0134473969396
2.27881562398e-05
5.44133926046e-07
2.33265512907e-24
4.12772801676e-07
5.55697392451e-07
0.0146508604789
0.00936608580617
2.55898936133e-13
0.0181042775918
4.1626161058e-07
0.00962770831472
4.44915876687e-06
0.000177975772795
4.32440273493e-11
4.00788446277e-09
0.0014766163178
0.00210682454136
2.39782396086e-08
0.00168071937607
0.000145692003738
2.69323171222e-05
8.09795962601e-13
2.60890691987e-19
6.89298777052e-19
0.0120346353934
4.21173559469e-05
0.000373642853195
8.25504293189e-09
0.0146508604789
1.01023824813e-08
0.0134473969396
4.8338452662e-11
2.07066711293e-14
0.0016507741071
0.00106405290247
4.47354299151e-07
1.06882618767e-26
0.0120346353934
6.07111116492e-08
2.65920812507e-12
2.34996027496e-06
0.00172975054371
2.28973477451e-05
1.9077524238e-07
2.9693164911e-45
1.22644339355e-11
0.00239685197978
0.00114976095397
4.62037017869e-06
2.70581312332e-05
0.00017826084704
0.00121293483248
4.37679361316e-06
1.32577593046e-09