500
9.46042085046e-09
7.57308091942e-07
2.52310054113e-06
5.32097564401e-10
1.51519923526e-17
1.05553274614e-11
1.76459615847e-06
0.00464255211294
0.0187588365595
3.57742897921e-10
1.57216099578e-06
4.16458556106e-05
5.00262590385e-05
8.49945077964e-12
7.82854422729e-26
1.82969134944e-05
0.0187588365595
7.77408731342e-21
1.93454604885e-08
4.90217712169e-08
2.52941460544e-13
2.61354747592e-06
3.53379139386e-06
6.42115418343e-22
0.0123533801733
2.72980235871e-09
6.57777031822e-05
4.94458538068e-09
2.18335515412e-09
8.56836281366e-15
0.0109721855008
4.54640052506e-06
0.0187588365595
0.0229274669061
4.74573387228e-12
0.000500698886968
1.32992230579e-06
5.1140707615e-11
3.96051586047e-13
3.83907454615e-13
8.22416474666e-13
3.63558785377e-06
3.93972313935e-06
1.87888701451e-11
0.00277783704981
0.0127092388615
4.26148403705e-16
1.56823130051e-10
1.18263911769e-10
3.17063260055e-20
0.000628969066592
0.00182930732549
5.69322168725e-09
7.36111668359e-06
4.50027799296e-06
2.74703504551e-12
2.30836207369e-14
2.62678144407e-10
0.0229274669061
0.000320254400731
0.000427195933686
0.00250141943114
0.0123533801733
5.92133563465e-07
1.10078132494e-31
8.65926519779e-06
0.0109721855008
4.58369964466e-09
7.13035776121e-09
2.1861918073e-17
8.26821526679e-07
0.0123533801733
8.37322179339e-06
1.19983870757e-12
7.36321370745e-18
0.0123533801733
0.0127092388615
3.55720079724e-20
5.33430540533e-06
3.50324021535e-08
2.26267246982e-05
0.000520534039087
0.00191964348971
9.78190981581e-27
8.7775539961e-59
1.12172472796e-12
3.97902017174e-12
3.89070628184e-12
0.00262494631663
0.000324618223438
9.08244228707e-06
5.97325676486e-13
0.000495570780569
6.09663615529e-14
1.04034605133e-13
2.40634811229e-06
3.2359583443e-08
0.0187588365595
4.0240225152e-23
2.592411188e-10
0.0229274669061
0.00242612288748
0.0187588365595
6.53091181071e-10
1.12335768868e-10
0.0229274669061
2.38312635578e-05
0.0109721855008
3.97393517818e-05
8.43227254496e-11
1.37278075742e-08
0.0109721855008
6.69610966841e-12
0.0109721855008
0.0123533801733
1.50296051445e-06
4.1808294122e-12
6.54883184373e-05
2.3744320313e-06
0.00304939978725
2.12833877853e-08
3.91100750318e-12
1.32111396035e-24
2.47531340765e-13
1.75229544766e-06
1.6131003103e-27
9.92197290334e-12
5.82109963257e-07
2.98591109057e-10
0.00029494560529
1.25610727188e-10
0.0109721855008
4.48625711317e-05
1.23675895161e-06
0.00214383429498
3.78323849872e-10
7.53430834167e-28
7.48119549145e-19
5.8986870443e-09
5.6603793156e-11
1.89217424665e-06
4.73800087866e-12
0.00179360201982
1.24416366997e-16
8.1215992954e-09
0.000286687128342
1.09721651683e-07
1.01100271282e-14
1.44199868599e-06
0.0229274669061
2.55632624154e-11
1.26809479359e-16
0.000155298925159
2.51259032213e-09
2.24746118669e-07
6.05015238925e-17
2.27864173405e-08
2.04756912934e-12
3.8423263133e-17
0.0229274669061
9.73399200118e-06
0.000361890297044
2.38032804784e-05
8.74060812428e-09
0.0187588365595
9.16737033796e-09
0.0187588365595
0.0229274669061
2.40157720109e-13
5.38048249327e-11
2.88885062154e-15
0.000218423362801
2.91577301703e-06
3.66281211913e-13
1.29761660436e-06
1.59577414682e-15
0.0123533801733
1.86063218439e-07
0.0229274669061
8.98303534939e-05
0.0229274669061
0.0129634236387
4.59502511286e-05
2.05291453837e-19
2.1668532332e-07
6.19768649334e-23
5.71599851008e-06
8.23682708392e-24
6.41745070969e-06
2.28027837519e-16
9.47181577676e-05
5.91637893435e-13
4.2617921941e-05
0.0187588365595
0.000211142103632
1.1561067603e-11
7.46196339487e-05
3.52238708765e-07
2.16050424061e-06
2.45262113809e-29
3.49251145195e-10
0.0229274669061
5.15906122459e-05
0.0109721855008
1.044111823e-06
1.66550341993e-06
7.2962183904e-06
0.00164302471907
1.2136827098e-05
8.56889486627e-09
6.70719376891e-06
1.75429573154e-05
3.09397575514e-05
4.70153280826e-07
2.04368422773e-11
7.75711336935e-18
2.13315549318e-09
5.09652725266e-39
1.445798878e-28
5.66709892818e-06
5.25700815874e-06
7.55595140079e-18
1.20023570066e-09
0.000435339713408
8.68527660225e-11
1.18923838214e-08
8.30175441301e-07
3.84266966517e-06
3.85927274031e-10
1.38592979402e-06
8.73046377e-20
1.30087042619e-07
4.92366178166e-05
1.31448271388e-07
0.00260317598197
5.56186464629e-19
6.79871326884e-05
1.92182125885e-08
2.08784931892e-06
7.82214489335e-09
9.2578549525e-06
4.56854499007e-05
6.40639957813e-05
1.54937327646e-08
6.9281324768e-13
0.0123533801733
1.64945837045e-30
8.16447044952e-07
1.36108288518e-06
4.34825585055e-22
0.000956169360973
0.0229274669061
9.70928709838e-06
0.0127092388615
7.6892498492e-10
3.30186196427e-10
5.86691893534e-11
1.48488889494e-12
1.89794040337e-10
1.47811686395e-16
1.14764392741e-15
9.1178484447e-05
4.37668129912e-16
9.3106896176e-09
7.54985719008e-08
2.82543623085e-22
3.45994858539e-21
5.72872245297e-23
8.37380088002e-11
0.0229274669061
2.89831609286e-12
1.09150554181e-07
1.99435631464e-10
1.43646076431e-09
4.16517428318e-05
3.26712320916e-13
6.66511652521e-05
3.71679548992e-09
0.00277783704981
3.35043193802e-09
0.000355048858664
4.25055041962e-08
0.00140929393569
3.41602400447e-15
7.66806175442e-07
7.8518014834e-05
4.8195619287e-21
5.98949810776e-05
2.79748176952e-10
4.05100717682e-08
1.72613946119e-08
0.000211142103632
1.76779880656e-08
1.02257013713e-11
5.42760265172e-05
0.0187588365595
7.09482745133e-21
5.89593581026e-08
3.35597004892e-06
0.00304939978725
1.67780898191e-18
7.59251124752e-07
3.532771999e-27
8.90650523439e-25
2.46456366484e-05
0.00130720146709
5.79261346735e-14
2.63290656862e-24
1.72131022469e-05
0.0229274669061
1.4806057056e-10
6.78415984884e-06
0.00140929393569
0.00128008141171
4.25255894727e-05
0.00214383429498
1.85389192879e-20
2.80006979507e-15
0.00464255211294
0.000261539347416
5.82354294336e-08
1.04295321392e-10
1.60911901703e-06
0.00379845172877
4.52218419673e-15
7.32578606821e-06
9.97666743652e-49
5.11407661369e-09
0.0123533801733
0.000355048858664
1.87311892871e-09
0.000101677134871
2.60919037373e-12
2.47903441309e-05
0.0123533801733
7.11532167285e-08
7.48679537793e-05
1.58802018477e-05
0.0123533801733
3.32167734216e-07
0.00202873524471
0.0123533801733
4.65700993314e-06
0.0109721855008
0.000417192654417
7.00672149162e-18
0.0123533801733
0.000274393637728
0.00179360201982
0.0109721855008
0.0123533801733
0.0123533801733
2.70803621242e-06
6.29870660377e-20
0.0229274669061
1.13799260776e-14
0.0109721855008
2.70650813748e-10
0.0229274669061
3.95810345224e-20
9.99611512288e-06
7.90376374908e-14
9.27828098666e-11
2.80329470731e-05
2.02978918583e-16
9.4514097997e-07
9.49028046334e-06
4.3392915999e-05
0.000141840753911
3.72364883339e-41
4.91220575214e-05
1.79457491684e-09
1.80107215977e-07
0.0229274669061
0.0229274669061
3.81572910873e-07
0.000549993845761
0.0229274669061
3.36867739067e-17
0.0109721855008
4.51154358847e-06
1.86292557929e-10
6.92208751235e-13
3.35350465712e-16
5.46321471577e-13
4.82420526495e-06
2.23513209184e-06
2.93161698284e-09
3.05699525726e-21
0.00464255211294
0.0187588365595
2.72963794262e-05
2.22872148657e-21
0.0123533801733
0.00128008141171
0.000227759011482
2.91037993062e-28
2.10836561448e-13
5.51787178631e-17
2.13625473545e-07
5.82342598135e-11
1.75667788101e-11
0.0127092388615
9.55926799061e-09
0.000956169360973
2.9209393955e-10
1.44758624762e-16
1.05341155216e-18
0.00182930732549
1.58464184442e-07
0.0129634236387
4.83533092471e-09
9.59276391967e-15
4.24042185114e-06
2.01732439717e-16
2.89111729649e-07
0.0229274669061
4.53742071928e-18
3.22505071716e-05
0.0123533801733
0.00227983763681
1.05629640787e-13
0.0123533801733
2.78706737988e-14
0.0123533801733
6.83310842542e-07
0.0109721855008
0.0229274669061
5.31644362082e-05
0.000103516239917
8.04438438177e-10
0.0127092388615
2.70061320998e-05
1.15215532451e-06
3.6466037963e-11
0.00339513417199
4.04578819646e-05
1.16651646812e-05
5.44040496318e-05
2.76524834115e-13
3.53624166141e-17
0.0109721855008
1.2234417587e-11
3.38070579671e-11
0.000261539347416
0.00379845172877
0.00464255211294
0.00464255211294
1.58580766848e-15
0.000195385838362
3.97123519818e-08
0.0229274669061
0.0123533801733
2.30770178141e-11
2.75782196581e-12
5.52150690341e-10
0.000956169360973
1.02066555257e-10
0.0109721855008
7.83561087562e-16
1.92788985622e-16
1.57459884364e-13
1.22446697559e-05
9.09627734854e-17
0.00121420344163
0.000255170242914
0.0109721855008
6.52984428701e-07
5.67111380277e-05
1.33870318777e-13
2.35292419594e-27
0.0127092388615
0.000274393637728
5.16864596662e-15
3.28482231048e-08
6.23308371068e-23
0.000129805270477
9.02930737365e-06
0.000248117869078
2.25106752732e-11
0.00366517406001
1.76780543928e-07
0.0109721855008
0.0123533801733
0.00179360201982
0.0123533801733
9.64046210871e-07
8.36161962039e-13
0.0109721855008
1.80191802025e-06
9.18974555646e-08
2.93555801033e-07
0.00278646822276
1.00280324567e-15
2.94121513264e-06
0.000755550455263
1.83331369208e-16
0.0127092388615
4.41967662658e-08
2.76897657298e-10