500
0.0
0.0
0.0875095463441
0.0
0.0875095463441
0.0875095463441
7.17879531187e-06
0.00062312113467
0.0152573139001
0.00387524816002
0.0875095463441
0.0197802710813
0.000362324383323
0.0
0.0
0.0
0.00137588654467
2.01712785406e-05
0.000289850211467
0.00365804164859
0.0153583197988
0.0875095463441
0.0152573139001
3.17201546046e-07
1.94569022825e-07
0.0
0.0875095463441
0.0
0.000565062972901
0.0153583197988
2.21912523304e-06
0.0875095463441
0.0875095463441
0.00461054921844
0.0153583197988
0.0
0.00113850607558
0.0875095463441
0.0875095463441
0.0875095463441
7.6236810546e-09
0.00616220311989
0.0875095463441
0.0197802710813
0.00223072392875
0.0875095463441
0.0197802710813
0.0875095463441
0.0875095463441
0.0
0.00113850607558
1.90269256169e-05
5.67300153206e-05
0.0875095463441
0.0152573139001
0.0
0.0197802710813
0.000325715620121
0.0197802710813
0.0152573139001
0.0197802710813
5.10553548403e-05
0.0875095463441
0.0875095463441
0.0
0.0875095463441
0.0
0.0152573139001
0.00616220311989
0.0875095463441
0.0875095463441
0.0875095463441
0.0152573139001
0.000428158195388
0.0875095463441
0.0153583197988
0.000508814303466
0.0152573139001
0.0197802710813
0.0875095463441
0.0875095463441
0.0
0.000363972099514
0.000538216930502
2.65052641035e-06
0.0
0.0875095463441
0.0
0.0875095463441
0.0152573139001
0.0
0.0875095463441
0.0875095463441
0.0875095463441
0.000269524770272
2.41993254409e-06
0.000213842823541
0.0875095463441
0.0
1.16760606068e-07
0.0197802710813
0.0197802710813
6.72851957805e-05
1.66694084875e-07
0.0
0.000269524770272
0.00223072392875
6.0219776547e-05
0.000126929743938
0.0
0.0875095463441
0.00365804164859
0.0
0.0002991713415
0.00062312113467
0.000269524770272
0.00365804164859
0.0
0.00168601642815
2.82396028412e-05
7.34811460662e-05
0.0875095463441
0.00062312113467
2.18124105055e-05
0.00062312113467
0.0875095463441
0.00365804164859
5.10226079677e-05
4.90093058915e-05
0.0875095463441
0.0875095463441
0.0153583197988
0.000371669292095
0.0875095463441
0.0
0.00387524816002
0.0
0.00365804164859
0.00168601642815
9.67619312378e-06
0.0875095463441
0.0
0.000200241530089
0.0197802710813
0.0
0.000363972099514
0.0
0.0
0.000199548262692
0.00461054921844
0.0
0.0875095463441
0.0153583197988
0.000428158195388
0.00062312113467
0.0875095463441
0.0153583197988
0.0
0.00168601642815
0.000362324383323
0.0875095463441
0.0197802710813
0.0875095463441
0.0875095463441
0.0
0.0
0.0875095463441
0.0
0.0875095463441
0.00365804164859
0.0153583197988
0.0153583197988
6.0219776547e-05
0.0197802710813
0.0875095463441
0.0152573139001
0.000554114300961
0.0875095463441
0.0197802710813
0.0152573139001
0.0
0.0
0.0875095463441
0.0152573139001
0.000146812397992
0.00223072392875
0.0875095463441
0.0
1.50581684447e-06
0.0152573139001
0.000325715620121
1.07587958826e-05
0.0197802710813
4.82158463119e-07
0.000142136939087
0.00365804164859
0.00062312113467
0.0
1.66434351086e-05
0.0875095463441
0.0875095463441
0.00387524816002
0.00365804164859
0.00200659183758
0.00149689171727
0.0875095463441
0.000362324383323
1.6989427122e-05
0.0875095463441
0.000242526882992
2.68121476662e-05
0.0002991713415
0.0
0.000126929743938
0.0
3.51748801894e-10
0.0152573139001
0.0197802710813
0.0
0.0
0.00365804164859
0.000184990220983
2.06908826872e-10
0.0875095463441
6.91443503409e-08
0.0197802710813
0.0
0.00387524816002
0.000565062972901
0.0
0.0153583197988
0.000325715620121
0.00365804164859
0.00062312113467
0.0152573139001
0.000184990220983
0.0875095463441
0.0875095463441
0.0
0.0875095463441
0.0875095463441
0.00223072392875
0.0
0.00137588654467
0.0
0.0153583197988
0.0
0.0
7.98553245573e-06
0.0875095463441
0.0875095463441
1.21990245075e-06
0.0
2.59248291577e-05
0.0875095463441
0.0197802710813
0.0875095463441
0.0
0.0875095463441
0.0875095463441
0.0875095463441
0.000171249435469
0.00149689171727
0.0
0.0875095463441
0.000362324383323
0.0875095463441
0.0
0.0875095463441
0.0
0.00181861086299
0.0
0.0
0.00616220311989
0.0875095463441
0.0
0.0875095463441
0.0875095463441
0.0152573139001
0.0875095463441
0.0875095463441
0.00168601642815
0.0
0.0875095463441
0.00365804164859
0.0
0.0875095463441
0.0875095463441
0.00140978856044
0.0153583197988
0.0875095463441
0.0875095463441
0.000362324383323
0.0
0.0875095463441
0.0875095463441
0.0875095463441
0.0
0.000538216930502
0.0875095463441
3.4859136997e-07
0.0152573139001
0.0
0.0875095463441
0.0875095463441
0.0153583197988
4.90093058915e-05
0.0875095463441
3.70768780222e-05
0.0875095463441
0.0
0.0875095463441
0.0875095463441
0.0875095463441
0.0
1.0819855431e-05
0.0153583197988
0.0875095463441
0.0197802710813
0.0
0.000152725788345
0.0
0.0153583197988
5.10980146639e-05
0.0
0.0875095463441
0.000508814303466
9.80935043615e-09
0.0
0.0875095463441
0.0153583197988
6.46670158488e-05
0.00181861086299
0.0153583197988
0.0197802710813
0.0
0.0
0.0875095463441
0.00387524816002
0.0
0.0197802710813
0.0197802710813
0.0
0.000362324383323
0.0
0.0
0.0875095463441
0.0875095463441
5.03464306885e-05
0.0875095463441
0.0
0.0875095463441
0.0875095463441
0.0875095463441
0.0875095463441
0.000215267922496
0.0875095463441
0.0875095463441
0.0
0.0197802710813
0.0875095463441
1.75504484638e-05
0.0875095463441
0.0875095463441
0.000362324383323
0.0875095463441
0.000137303176405
0.00616220311989
0.00062312113467
0.0875095463441
0.0875095463441
0.0
0.000269524770272
0.00387524816002
0.0153583197988
0.0153583197988
0.0197802710813
0.0875095463441
0.0875095463441
0.0875095463441
0.0152573139001
0.0152573139001
0.0875095463441
0.000428158195388
0.0875095463441
0.0
0.0
1.23718742812e-06
7.63086454451e-05
2.4051041371e-06
0.0
0.0
0.000335174429376
0.0
0.0
0.0153583197988
1.6929316333e-05
2.27265830148e-06
0.0875095463441
0.0
0.000325715620121
0.0
0.000565062972901
0.0875095463441
0.00062312113467
0.0875095463441
0.00140978856044
2.60106279058e-06
0.000649494467222
0.0197802710813
0.0
5.57111381227e-06
0.0875095463441
0.0
0.0875095463441
0.0
3.9767859848e-05
0.0197802710813
3.32181849857e-05
0.0875095463441
0.0875095463441
0.00140978856044
0.000428158195388
0.0875095463441
0.0875095463441
0.0
0.0875095463441
0.0875095463441
0.0153583197988
0.0875095463441
2.18124105055e-05
0.00181861086299
0.0
0.00168601642815
1.70471079498e-06
0.0
0.0875095463441
0.0875095463441
0.0875095463441
0.0197802710813
1.11006254605e-07
6.47334934211e-06
0.0875095463441
0.0153583197988
0.0153583197988
0.000362324383323
9.85931837911e-08
0.0
0.00149689171727
0.00387524816002
0.00461054921844
0.0875095463441
0.0875095463441
0.0152573139001
0.0875095463441
0.0875095463441
0.0153583197988
0.00181861086299
0.0
0.0875095463441
0.0875095463441
0.0153583197988
0.0152573139001
0.0
2.68121476662e-05
7.73100163315e-05
0.0153583197988
0.0875095463441
0.0875095463441
0.0875095463441
0.0
0.0875095463441
2.74863021172e-05
0.0
0.0153583197988
0.00062312113467
0.0
0.0875095463441
0.00616220311989
0.000361731645381
0.00200659183758
0.00049709907005
0.0197802710813
0.0152573139001
4.10706478368e-05
0.00461054921844
0.00365804164859
0.0
0.0875095463441
0.0153583197988
0.0197802710813
0.0875095463441
2.38938982667e-05
7.34811460662e-05
0.0875095463441
7.20038245059e-06
1.26606373265e-07
0.00049709907005
0.0
0.00181861086299