500
9.13531049703e-11
1.03548860198e-07
1.71629380033e-11
3.26118492371e-08
1.92018361808e-17
2.85710783973e-14
1.24636458287e-18
2.16884984028e-12
2.07663816105e-08
3.5906725119e-18
1.5237467548e-06
2.18933552851e-13
1.60461538556e-05
2.73578491388e-11
5.88517376754e-05
8.01572219499e-11
9.41684936716e-20
5.49502505437e-17
2.54233713486e-20
0.0
1.0896141259e-07
1.91816622199e-07
6.91413556688e-13
5.7821722129e-11
1.74063806438e-05
3.51026243623e-10
4.90537156302e-19
6.88297644706e-08
8.83650551589e-05
5.66366133734e-08
7.58995708796e-11
4.62507475718e-13
1.66958892494e-17
3.71160493771e-19
7.40391131569e-14
2.25383528096e-06
1.84063948079e-14
3.44465325542e-17
9.21543831736e-13
1.91702981294e-06
8.03654078152e-21
9.28734246079e-10
1.01766948825e-08
0.000631290150987
6.88681927154e-09
2.00423830185e-16
0.000466220434588
2.55218582189e-05
0.000246720601007
3.31247576031e-21
5.37616638702e-17
1.00158052927e-06
3.98518843615e-07
1.25490750664e-18
9.20141392642e-12
7.72619695685e-12
8.04469777481e-13
1.16916286243e-06
0.0366485090208
3.65495147186e-18
8.10553480215e-18
8.15501305265e-16
8.57975517897e-20
3.04838829547e-09
0.000518878150022
3.02279685385e-17
3.66387810849e-09
1.62470142032e-10
2.37318983505e-18
3.28613172579e-09
3.49463677972e-19
0.0253941111641
0.00218609168543
5.53155534144e-07
6.19963357199e-07
2.79376055054e-14
8.11956000064e-14
1.7198101283e-11
2.11990395154e-10
1.98026303175e-19
1.00841772841e-15
1.98807074075e-09
0.00184143955845
0.00101964482179
9.19620055724e-15
1.15203222055e-08
0.00838731110739
8.14525363609e-10
3.89983398013e-18
2.88776116268e-14
1.11855142001e-14
5.0761279181e-11
3.63305795858e-15
1.14852741088e-13
7.35348150055e-18
2.26188761706e-16
1.35531792727e-13
6.14457215824e-07
7.30908550492e-09
1.35688829406e-16
4.69152551497e-08
1.81930938628e-06
2.8356956418e-05
1.63770234541e-13
2.06283769132e-19
6.69616484424e-18
1.13336132486e-10
0.2635
9.6080904892e-23
1.64928475894e-14
2.25367261468e-13
3.55416958405e-17
0.0445759237875
1.00117754697e-18
1.57715652345e-11
6.13398015678e-23
2.88009144124e-23
0.000205494921426
1.56754265769e-19
2.87052425683e-16
2.22303368975e-14
3.20840217504e-12
0.000131574594143
1.29327886221e-14
0.0
5.62807392342e-19
0.0
0.0861091224018
2.0820846685e-15
0.00352449997974
0.076943324937
2.15879444132e-09
1.47025772993e-17
1.71293325628e-15
0.000256895868788
4.96207393987e-05
2.75644046708e-14
1.39788220395e-15
2.86038195214e-07
1.08625031764e-16
1.00048024383e-13
6.84938468228e-08
1.06181979701e-14
7.86712734847e-05
2.94791583659e-20
2.15485161568e-18
1.02858598953e-14
6.10035602232e-06
2.21789963207e-19
0.00472488685788
4.34236111229e-11
7.29235726558e-17
2.84732467689e-16
2.61961750451e-05
0.0601378723477
2.50926867112e-19
0.0
6.90560837652e-19
7.71362726352e-13
4.48952202295e-12
4.98206601971e-15
1.89880554794e-20
9.19683066964e-10
3.69498874383e-12
0.000435947658842
7.26986839694e-20
1.17361661734e-20
0.000380851102053
2.00680962197e-08
0.00409751529452
8.39694028249e-21
3.2558854081e-15
2.07341230554e-21
1.8645190078e-10
1.22593371986e-19
1.85237840542e-11
0.0111573985466
5.05809226387e-10
2.54743340691e-18
1.85843948873e-12
2.09087466184e-13
0.000518851399282
2.55915398209e-09
5.0897177362e-15
0.00749327136005
3.23115474719e-13
6.21772708279e-19
0.00411285395828
1.59306740319e-12
0.000881342812721
0.120652088129
4.66463392323e-08
1.72317792884e-11
3.13801706582e-10
0.02032344182
6.37906948928e-05
1.11868885493e-13
1.02483555797e-05
4.34038747054e-20
0.1535
0.000627575630709
3.59547472955e-15
3.75892117994e-17
9.25968699506e-08
0.000737377751005
2.35542531058e-12
0.0367317380353
1.04677079111e-15
5.28293396524e-08
0.0367317380353
2.65548867479e-13
2.97800880838e-09
8.04342325356e-08
1.22735151196e-05
1.10499725754e-14
7.59689894414e-13
6.2955164754e-22
5.41178592455e-09
5.25173723677e-18
3.78806116672e-06
2.19910644049e-18
1.20771439223e-14
6.457675626e-16
0.00128909117915
9.73076317911e-05
0.0
0.0
3.14848393052e-15
3.16043914027e-16
2.00427057435e-11
0.0
0.0056237039061
0.000414183002789
8.19657782256e-13
0.00142603144687
7.27629397066e-10
9.02338913195e-09
4.48537704013e-08
0.2635
8.09361313996e-10
1.45542691196e-12
5.08747358303e-15
5.24955406968e-07
3.12430912452e-12
2.8077057362e-16
7.14563456891e-09
2.23836375006e-18
0.00426216602163
3.63921207338e-18
1.80911762058e-07
4.44009993092e-17
1.88739349272e-05
2.32583768772e-11
0.1605
5.2684755213e-09
4.0225850206e-13
1.22268374081e-09
1.57094479883e-18
1.05997215386e-19
1.55002778905e-17
0.000390026838019
2.17021896785e-15
8.98931957389e-05
1.07250491642e-14
7.04357685607e-06
1.66799825255e-18
1.82402126199e-14
9.31754432549e-12
0.2635
7.50608766634e-13
3.1246750356e-17
0.0367317380353
1.17170391026e-12
2.25085746702e-12
1.3708139439e-12
3.05579837819e-19
6.83338250914e-08
2.60762037927e-06
2.46370240014e-18
2.87776561444e-12
1.98018086241e-05
5.23562129524e-09
2.7445383451e-19
6.50658277274e-07
6.8632533529e-11
5.44499210909e-20
4.46416145995e-17
3.04002968017e-22
3.54569567871e-16
1.51125919413e-12
0.0011177118963
0.000283934337711
1.90816917101e-10
0.0
1.12593245512e-18
2.6370342145e-08
6.34630512691e-18
1.8755297107e-14
8.43475278668e-08
2.75289632812e-18
7.05165311483e-20
2.90765251802e-07
1.40572371991e-21
0.0111573985466
3.02015217939e-18
2.01638145074e-06
0.000108434212147
1.56629532952e-17
1.02080689861e-15
1.4133798921e-17
1.38383763231e-11
1.88177858481e-20
0.00688064942116
3.87226921196e-11
2.76346883559e-20
0.0
0.0134815227454
0.000198578634445
1.56362069819e-21
0.0
0.00209848884871
2.29375703779e-07
7.16624759926e-10
0.000627575630709
0.0601378723477
0.000358643079983
1.19012459648e-09
2.34237101593e-10
7.18304550248e-08
1.15285939011e-18
0.00200740827992
7.73836478184e-18
2.86115507792e-20
0.00241572748268
0.000841046906866
2.71586292928e-05
0.000253587436517
2.13338166456e-15
3.05348087213e-14
0.1535
0.00426216602163
3.47980285319e-19
0.2635
1.28417146762e-13
4.33587816937e-16
1.01187885389e-09
0.0445759237875
7.51474921042e-11
3.20766570942e-09
4.85024237876e-21
0.00218609168543
4.43846543632e-12
6.94202093886e-18
5.50501743729e-05
3.28118377425e-14
1.07601673685e-17
0.00227565907864
1.52413583495e-12
5.07417509966e-13
5.4308942038e-10
3.26935982715e-11
0.0601378723477
0.00328318878498
1.10168515877e-12
0.2635
7.44204327944e-12
4.32470276117e-06
5.70437806414e-12
2.59848590089e-13
5.27267447645e-13
1.721011498e-05
2.11864177945e-17
1.25516593268e-08
9.53281041331e-20
9.52647564653e-17
3.82741104352e-19
0.000180166602216
1.5526105077e-19
0.000490390009044
0.2635
0.00509640328266
5.11894844274e-11
9.79895034687e-18
8.39632282526e-11
2.03796395072e-05
7.925364421e-12
3.91721084234e-09
0.0861091224018
3.724390199e-15
1.86242639709e-20
1.5589469661e-16
6.8267951544e-16
6.19154963732e-19
9.42445370901e-05
2.07211566012e-05
1.8604232834e-13
0.00290150550604
2.47717967849e-05
3.19038588691e-16
3.45731827484e-10
4.47554405133e-14
6.76013836052e-16
1.71699172458e-18
1.33611306523e-18
0.00122046095175
4.59144466085e-17
0.00367372182189
3.90961379716e-07
5.13307888327e-16
2.9699633395e-19
8.14245586348e-13
6.93250942793e-16
1.56271492236e-16
3.58066788755e-20
7.29720633512e-20
9.57019194502e-17
0.000731378045232
3.41227151938e-07
5.31427491586e-11
1.4642857416e-15
1.08600490982e-05
4.09116521163e-10
1.55137483063e-14
4.28140837867e-08
0.00316550863151
3.17302420837e-17
3.19597363246e-16
2.88060358353e-09
1.71308142769e-20
4.66978611931e-07
2.60793061826e-11
8.22192204583e-08
0.0861091224018
5.61905310498e-20
2.93534355906e-17
2.50217942982e-14
7.92074140404e-07
7.87257174904e-17
1.77660724849e-10
1.98026921884e-13
7.95191561838e-06
4.0315818012e-13
8.53487652883e-12
8.87172163449e-05
0.000691239692285
4.3284017775e-12
1.06857662143e-05
2.68006250399e-12
5.76778580788e-18
1.25397473049e-11
7.65320877699e-15
1.46192300924e-07
6.80350903422e-05
1.32394742312e-07
4.99829590365e-14
1.17162305622e-19
1.56721068892e-13
4.37389467579e-15
8.18263072476e-15
1.10317199522e-06
2.032628613e-21
2.98219802022e-16
9.84472822349e-05
1.89956375194e-12
5.38259620746e-08
3.01016726641e-08
1.28862369125e-16
5.9755196086e-09
4.82289578517e-17
4.44059732743e-18
8.19699206891e-17
2.78193733585e-06
1.89993450569e-08
0.00388704455894
1.31299448264e-11
3.86225389071e-15
0.000323721727002
1.25524169442e-08
7.47773519092e-16
7.72362527606e-11
3.01799530659e-07
1.08604443562e-16
0.0
1.21910620366e-10
1.93153407161e-12
5.46603779267e-05
5.60710318083e-14
6.97857885522e-09
7.27442062795e-05
1.761123184e-11
6.44921367173e-08
0.000107141239761
1.01486151241e-13
1.5351733305e-10
0.0445759237875
0.2635
9.7622890021e-16
2.47163713027e-07
2.68178539656e-08
0.1535