500
2.69584962077e-07
0.000415178421932
1.10067399112e-10
3.56019466352e-05
0.00395725432878
2.69584962077e-07
0.0
0.0104098703936
0.0287871699687
0.00126356557634
0.000148072302485
0.00670126563383
0.00395725432878
3.18098473426e-06
0.00395725432878
1.56757879564e-07
0.00670126563383
1.80601277715e-07
0.0163198891383
3.62753766802e-09
0.000316481212675
3.56019466352e-05
1.88302875704e-14
0.00126356557634
1.51610597949e-07
0.0104098703936
0.000148072302485
0.0163198891383
0.000148072302485
0.000239394896028
0.0104098703936
0.045598082713
0.0163198891383
0.0163198891383
2.41503074578e-05
0.00670126563383
1.28134449651e-07
0.000690627921078
1.33692745987e-05
7.83281921778e-07
0.0163198891383
4.8683216492e-06
1.05603379785e-08
0.0163198891383
0.0104098703936
6.96797616354e-08
5.1221057474e-08
1.92062238678e-07
2.37485939946e-07
0.00126356557634
1.26944308603e-05
0.000148072302485
0.00195643125091
3.91410747094e-07
0.0287871699687
4.36909331452e-05
7.56608145459e-06
0.00131799218663
0.045598082713
0.000148072302485
5.32837540849e-07
0.00195643125091
0.00195643125091
6.70799966579e-08
1.5721499398e-10
0.00312683465287
1.28134449651e-07
0.0163198891383
0.000148072302485
4.25741715006e-06
5.54709747979e-08
0.045598082713
3.78753905756e-07
0.0287871699687
7.51017109562e-07
6.66628520359e-05
1.17693966106e-09
0.000131752639176
7.51017109562e-07
2.01988686379e-05
9.76605025191e-08
0.000131752639176
3.59436149065e-09
0.000747969410149
0.00670126563383
2.19738511177e-07
0.000323312005867
0.045598082713
2.19738511177e-07
0.0104098703936
1.31970815972e-06
0.0287871699687
0.0104098703936
1.28117038644e-06
3.21493905133e-06
0.0163198891383
0.00288114319901
0.000148072302485
1.3855466959e-05
6.66628520359e-05
3.32037102688e-11
0.00101601468485
3.77270100743e-08
0.0163198891383
0.0163198891383
2.19738511177e-07
0.045598082713
5.24375394408e-09
0.000148072302485
0.000141774224903
0.00126356557634
0.00333318836845
6.70799966579e-08
0.00670126563383
2.8262777777e-08
0.045598082713
1.40606031533e-05
0.0287871699687
0.000165404934184
2.19738511177e-07
0.00670126563383
3.78753905756e-07
0.0163198891383
1.80601277715e-07
6.33405672243e-05
0.000148072302485
0.000148072302485
0.00126356557634
7.48657494768e-06
0.045598082713
0.045598082713
1.0155337241e-07
0.0287871699687
0.0287871699687
0.00670126563383
4.36909331452e-05
0.00195643125091
1.80601277715e-07
1.5430617529e-08
4.36909331452e-05
6.66628520359e-05
4.45439133712e-09
1.64801518647e-05
1.05061015312e-05
0.000148072302485
4.2230206415e-07
0.000165404934184
3.3859287333e-05
5.32837540849e-07
0.045598082713
4.61863076083e-08
0.0163198891383
0.000323312005867
0.00413152825155
0.000148072302485
0.000690627921078
1.98599847887e-08
1.54898457588e-05
9.36559800947e-05
0.0287871699687
3.12380965685e-06
0.0163198891383
0.00921442828497
4.36909331452e-05
1.05061015312e-05
0.0163198891383
0.045598082713
3.30510267356e-08
0.0287871699687
0.00921442828497
2.54964689426e-10
1.76413162573e-09
0.00670126563383
0.045598082713
0.000165404934184
1.19583145789e-08
2.20408605719e-08
0.045598082713
0.045598082713
5.61707554773e-09
0.0287871699687
1.05061015312e-05
1.05061015312e-05
0.0287871699687
5.32837540849e-07
0.0287871699687
0.0287871699687
0.0163198891383
4.78734485335e-08
0.045598082713
8.64527544299e-05
4.36909331452e-05
6.4828635752e-08
7.02384401559e-05
0.000148072302485
6.70799966579e-08
0.0
1.47927402118e-08
2.76190590889e-05
3.56019466352e-05
9.36559800947e-05
0.000131752639176
0.0104098703936
0.045598082713
0.00219316798861
1.56616877176e-07
0.000148072302485
0.045598082713
0.0287871699687
1.80601277715e-07
0.0104098703936
3.37945692282e-07
1.80601277715e-07
0.00670126563383
0.0163198891383
1.58078032705e-10
0.000747969410149
0.000165404934184
6.70799966579e-08
0.00395725432878
7.06492692627e-07
0.00921442828497
0.00670126563383
0.045598082713
0.000769828905996
7.74427068158e-06
0.045598082713
0.000323312005867
0.00195643125091
7.51017109562e-07
0.00395725432878
6.4828635752e-08
0.00670126563383
1.50223006877e-11
0.0163198891383
7.77207873135e-05
0.000145914797425
3.25722923937e-06
0.0163198891383
0.0287871699687
0.000148072302485
2.01772120095e-08
0.0163198891383
3.64586712953e-08
2.38529586342e-08
0.000148072302485
0.00921442828497
1.92062238678e-07
0.0163198891383
0.0104098703936
5.32837540849e-07
0.000323312005867
1.80601277715e-07
4.05225722973e-08
0.000148072302485
5.32837540849e-07
0.045598082713
0.00670126563383
0.0163198891383
0.0163198891383
0.0104098703936
0.0104098703936
0.0163198891383
0.00312683465287
0.0163198891383
0.045598082713
0.0163198891383
0.000148072302485
0.00395725432878
1.05061015312e-05
0.0287871699687
1.92062238678e-07
0.0287871699687
2.43032290431e-08
0.0287871699687
0.0104098703936
0.045598082713
4.61863076083e-08
1.80601277715e-07
6.77862062512e-11
0.0287871699687
0.00312683465287
0.045598082713
7.51017109562e-07
0.0
0.000148072302485
0.0
1.17342548505e-05
4.21223989579e-08
0.0287871699687
0.0163198891383
0.045598082713
6.03337704183e-07
2.19738511177e-07
1.56616877176e-07
0.00195643125091
0.00670126563383
0.0287871699687
0.045598082713
0.000148072302485
2.41503074578e-05
1.28134449651e-07
0.00333318836845
0.0104098703936
1.26640257445e-08
0.0163198891383
0.0287871699687
0.0287871699687
0.0287871699687
0.000165404934184
0.0287871699687
6.99172486301e-09
4.97277315433e-08
3.02742505381e-08
0.0287871699687
0.0104098703936
2.19738511177e-07
0.000131752639176
6.66628520359e-05
3.29267542375e-08
0.0287871699687
0.00395725432878
6.2660604538e-06
3.78753905756e-07
0.000148072302485
0.00670126563383
0.0163198891383
0.0287871699687
1.06815988704e-05
0.045598082713
0.0163198891383
0.045598082713
2.78580140428e-07
1.47402802409e-05
0.000148072302485
0.045598082713
2.42589287801e-12
1.61311135986e-08
0.0287871699687
0.045598082713
6.4828635752e-08
0.045598082713
2.97376630667e-07
0.000165404934184
6.75240246566e-06
0.0163198891383
1.57158733574e-13
0.045598082713
0.00921442828497
2.99799447059e-07
0.0
4.05822702059e-08
0.0163198891383
1.92062238678e-07
0.0163198891383
0.0287871699687
0.000130911984911
9.36559800947e-05
2.78580140428e-07
0.000148072302485
2.50472243871e-07
1.33692745987e-05
0.00126356557634
3.56019466352e-05
3.46808491296e-07
9.48665506123e-10
0.00219316798861
3.25722923937e-06
0.0163198891383
2.79574947983e-06
0.0287871699687
0.045598082713
9.02176486913e-09
0.0163198891383
0.0104098703936
0.0163198891383
0.000131752639176
4.58691124148e-10
0.0163198891383
0.045598082713
0.0287871699687
0.045598082713
0.0163198891383
0.0287871699687
7.51017109562e-07
0.0163198891383
0.0104098703936
4.2230206415e-07
3.78753905756e-07
7.77207873135e-05
0.0287871699687
0.000798583492589
1.80601277715e-07
0.00921442828497
7.51017109562e-07
0.0
2.43945192016e-08
4.36909331452e-05
0.0163198891383
1.51610597949e-07
0.0163198891383
1.63304295216e-06
1.61311135986e-08
0.045598082713
0.000323312005867
2.99799447059e-07
0.000148072302485
0.0287871699687
1.27063104894e-08
0.00037043985284
1.7343822679e-09
0.0287871699687
2.70944942757e-10
1.80601277715e-07
1.92062238678e-07
5.68586531518e-08
0.00037043985284
0.00921442828497
1.40606031533e-05
1.97036720051e-05
0.0163198891383
0.00288114319901
0.00670126563383
6.00102761546e-05
3.25722923937e-06
9.36559800947e-05
0.0287871699687
0.000148072302485
0.00395725432878
6.75240246566e-06
3.25488671156e-05
7.77207873135e-05
0.0287871699687
0.0104098703936
0.0287871699687
1.51610597949e-07
3.1197989891e-08
0.0163198891383
0.000148072302485
0.000798583492589
7.83281921778e-07
0.00126356557634
2.79679210764e-08
0.0163198891383
7.07685851077e-08
0.00921442828497
0.000131752639176
3.56019466352e-05
0.00037043985284
0.045598082713
1.16516572175e-09
1.05061015312e-05
3.56019466352e-05
0.000148072302485
0.0287871699687
0.000148072302485
0.00921442828497
0.000148072302485
0.0287871699687
1.36774687751e-06
8.7387162193e-09
4.78734485335e-08
0.000323312005867
2.18224097508e-07
0.000148072302485
4.36909331452e-05
7.51017109562e-07
7.51017109562e-07
7.60026480103e-14
0.000148072302485
0.000747969410149
1.18386697153e-05
0.000131752639176
4.08317448793e-05
2.99637122435e-07
0.00921442828497
0.000239394896028
0.000148072302485
0.000131752639176
0.000148072302485
1.95607245471e-08
0.00395725432878
0.0287871699687
0.000323312005867
0.0287871699687
2.19738511177e-07
0.0163198891383
0.0287871699687
3.25722923937e-06
0.00670126563383
1.47657323613e-08
3.43212765713e-07
0.0287871699687
3.17816241031e-09
9.36559800947e-05
0.045598082713
2.62730200527e-07
4.36909331452e-05
0.00395725432878
1.92062238678e-07