500
2.72809101825e-06
0.000132528865138
0.000168383786587
2.11555845315e-07
8.94570376801e-21
4.63768619955e-26
5.09528856342e-39
7.88450286993e-05
7.2748401476e-21
4.42481742149e-25
2.20351599816e-40
4.61639739608e-14
1.69043790568e-16
0.000187747257969
1.59913578282e-08
1.0826158553e-13
2.0145427172e-17
1.28087930461e-25
5.78734510565e-16
1.13298711652e-10
0.000467301400576
1.68406589865e-16
2.56329466794e-09
7.00578864377e-10
6.32903738806e-09
2.15653272947e-24
5.63027869177e-17
1.06222157492e-09
0.00146749682414
4.42851660096e-49
8.33515588534e-10
1.91797851082e-07
0.00666166592324
1.46481159807e-31
2.44127287407e-18
5.70827031664e-05
1.89561180835e-22
1.99806126551e-07
3.01163158575e-17
4.7881331495e-18
8.26443781454e-08
1.41542662091e-06
5.63855024501e-27
2.02194263348e-13
3.63876722759e-10
4.00778641489e-09
0.00625838488406
0.00928917504805
7.9621402487e-11
2.71565661024e-46
1.74744188948e-07
0.000235587993975
4.5706554878e-22
3.63759074915e-21
5.35384618361e-27
0.000127538921737
1.05061971592e-07
4.37690751616e-17
5.67948816211e-17
0.000465483222694
6.41101811549e-11
3.72437294693e-42
5.41909819819e-12
1.19518715184e-05
1.60714602908e-05
5.8866247304e-14
6.9057567397e-28
0.000264070136375
0.0123833421763
5.76002916974e-06
4.69266317163e-11
2.73583896795e-43
2.3687341307e-17
0.000132528865138
1.57027970938e-07
3.86187941718e-13
1.00124528454e-06
2.27846021329e-14
4.26649336458e-36
5.36435636409e-06
2.25892320525e-10
1.44870574403e-37
1.7228799743e-08
4.23911721606e-37
1.33765870443e-08
2.18233207775e-09
1.41543487495e-12
2.11659975775e-40
7.03742647715e-16
9.15201058018e-11
1.17856858685e-05
3.08145943603e-29
8.36332681049e-45
3.25014490041e-10
1.50541821015e-05
1.98804666679e-08
1.45613059155e-05
6.73947399634e-23
2.47282965763e-08
3.96630185428e-25
2.18355615762e-06
0.0013594622623
7.55503731997e-30
1.56852066611e-28
1.03176694885e-10
0.000763034587711
3.77031036075e-18
2.11757452215e-08
8.25351038632e-20
7.04673481218e-06
0.000145900054827
1.63711105652e-11
0.000116667088482
4.05707839481e-09
2.90703392578e-13
1.069751945e-09
0.00984945697854
1.75086965884e-09
6.66170827954e-16
2.53557985999e-22
1.87108162133e-15
9.02986438274e-07
7.41172315063e-05
1.64946417697e-08
6.65001204449e-07
2.6168774555e-06
3.6575878724e-14
1.3918841461e-27
1.46302625871e-05
2.94200263741e-12
9.67024128082e-08
1.25734951067e-14
1.10487246173e-28
5.84284040177e-06
2.05884918219e-12
4.04031198337e-25
0.000602190309456
6.61966250224e-36
1.40356109481e-33
1.59722543601e-06
1.27628660117e-10
0.00359648221623
8.9700795423e-09
0.00114276527529
4.13153861261e-09
1.06105869429e-07
1.67713478796e-12
7.48002193211e-07
9.59975981429e-06
2.2026273394e-12
5.20643456353e-06
5.53053591791e-10
1.9872630765e-18
7.14584570463e-18
3.27029618594e-07
0.00160900368607
3.00168921757e-07
1.8930424124e-23
1.25562828996e-15
0.000678114385917
2.65145372302e-66
1.41728171333e-15
6.38672088933e-05
0.000436373216113
4.83148108195e-05
6.63113498004e-05
0.000136161960271
9.96947076028e-10
1.43275202299e-05
1.7808482385e-31
6.52173202522e-05
3.0861360688e-14
2.72828079427e-07
7.58141743563e-18
0.000712118254515
1.01777060486e-29
3.88141152072e-06
2.15904635736e-11
3.63034840911e-18
2.61944212206e-14
4.16520120333e-08
1.56098417206e-31
1.16136265465e-24
2.11831395222e-20
6.53415531993e-05
1.21221739715e-06
1.6116505828e-35
0.000240651433427
0.00666166592324
1.92620390759e-07
2.87568357567e-05
1.05300059884e-06
2.82680237967e-09
1.3899425155e-40
9.71034096686e-40
0.000194379307448
3.70867148217e-05
4.77513300146e-07
2.68782372337e-08
1.31363689987e-05
1.03063465572e-23
2.6417657021e-16
6.62576420925e-13
0.000240651433427
7.35705266384e-37
1.10697504669e-05
8.93845673493e-09
4.97930727084e-07
8.85623012531e-06
4.1573784097e-28
1.13349184995e-34
1.78293978296e-33
1.44831840319e-07
9.95804920414e-09
0.000811172297436
2.10416841853e-07
5.66181282748e-08
2.03928839481e-08
4.05912769127e-05
2.94762709303e-07
1.36161714189e-07
2.97122951549e-15
1.37439297544e-05
1.37919284879e-11
8.81810177899e-29
6.42990735383e-21
1.42242271504e-37
0.00088828593849
2.25660358516e-37
8.86057292876e-16
2.7965771548e-16
9.71662568951e-19
4.46281947524e-07
3.21441997571e-13
3.19612973455e-07
4.22680183617e-16
6.38672088933e-05
5.70606837544e-24
4.83931324953e-19
8.5844305482e-45
2.82922236949e-10
7.54760844824e-22
5.30307798622e-13
0.000763034587711
9.71399424012e-15
1.29542638486e-11
1.286895502e-15
0.00359648221623
1.3110242672e-15
2.29412363263e-11
6.93617782587e-08
9.71951791883e-06
8.93791202191e-06
0.00984945697854
1.81323290664e-06
6.11572915536e-18
5.42210550634e-12
9.23887246599e-05
1.1825016164e-12
2.80004119388e-10
0.00126054391983
6.93740141463e-06
2.87568357567e-05
2.5209276756e-11
1.78857829426e-53
1.10735862275e-21
1.15910298656e-06
0.00146749682414
2.29544486704e-17
1.40114425868e-22
0.000178043300787
3.06024115378e-13
2.23318647881e-14
1.35429585576e-21
0.00359648221623
9.62336833376e-08
1.25073749277e-12
3.55207731739e-13
2.08722563813e-27
2.82119774666e-57
2.09922515238e-19
2.85889856606e-21
2.2223235221e-05
0.00160900368607
0.0123833421763
8.91009529211e-08
3.47033354191e-16
1.63212846805e-20
1.07378942285e-09
1.40958962859e-11
0.000218150708563
4.57588424781e-07
8.00619542799e-05
8.40615254015e-07
0.00469148873061
2.14908255737e-10
8.37757267414e-05
0.000100183933719
0.0013594622623
1.05488552302e-05
0.00359648221623
7.97392242646e-09
1.07862930135e-08
5.45923519943e-05
4.86145227122e-24
1.23895835123e-14
0.00666166592324
2.26601179717e-10
0.00359648221623
0.00984945697854
5.29831319501e-10
3.08875970936e-13
5.03524152918e-40
0.000579775992452
4.76439978684e-12
8.38164729715e-14
1.97610905581e-11
7.61994259222e-17
4.39807227301e-15
4.37363715451e-10
1.42368014646e-27
4.18945862348e-57
7.84648382121e-06
1.90422804379e-31
4.14383268773e-31
5.94127183785e-07
6.63113498004e-05
8.66862587852e-07
0.000579775992452
7.1556834097e-09
0.00666166592324
2.3758095669e-39
1.54074774462e-11
1.42651912625e-05
1.78424491693e-10
2.42817835638e-30
5.27454966625e-09
3.8075248611e-10
8.41447156013e-08
0.00020848217406
5.3297857295e-15
0.000206024709292
2.26793864484e-11
1.35718078815e-13
2.16758468337e-17
3.43678725275e-08
9.25461275948e-34
1.36105156538e-11
1.89032689991e-09
1.9832282958e-05
6.7120333351e-15
2.8448798417e-08
1.05231040328e-13
0.00928917504805
2.02119364228e-05
3.38835108461e-05
0.00359648221623
0.00984945697854
2.29820446581e-26
6.05349789321e-13
2.73374353325e-12
0.000168383786587
1.40489102913e-11
6.61632017263e-19
4.56361402598e-12
2.18810531223e-27
5.17089454431e-05
0.00469148873061
1.66100999984e-12
0.000118335917819
5.15136952587e-11
5.85498567383e-08
8.55846671096e-06
1.20657823771e-05
5.01718950291e-07
0.000160107954625
1.88531471244e-18
0.00119345531938
2.59445131526e-06
1.29660890229e-07
8.24653620375e-09
2.4680872774e-07
0.000240651433427
7.54055974673e-15
1.59894369298e-20
4.42423192208e-09
0.00359648221623
7.33783841585e-11
3.146836394e-05
4.85183282814e-10
0.000165822455275
0.000461141960993
4.25174919564e-17
9.6592275155e-13
6.91968512115e-12
6.74566465878e-14
5.74974271159e-29
7.55847504393e-05
1.05677052958e-14
2.79754854383e-11
7.20231056548e-06
0.000311892695609
5.80485514294e-06
9.13488846531e-36
1.250431786e-09
1.02510978419e-07
3.17904909221e-20
1.04114510509e-10
1.2624202134e-09
0.000690905915445
1.62366839528e-05
5.8880258998e-18
2.92732660326e-17
6.43837096034e-26
7.65857629368e-56
1.45153448961e-39
4.0001478354e-14
0.000712118254515
3.09817742538e-27
0.000162207513792
1.82650745103e-13
0.000100009659493
1.57732907017e-05
0.000678114385917
6.28255723768e-08
9.21890069045e-19
3.58207043338e-20
9.61105942833e-13
3.40182599861e-18
8.44317065513e-16
0.00666166592324
0.000612069073746
1.68498460618e-07
0.000189986984326
0.000366098564176
4.95295000151e-11
2.59822032443e-25
3.9235736366e-12
4.38575863961e-11
8.75538943364e-18
0.000465483222694
1.52584059811e-06
1.197732766e-06
0.000168383786587
2.73662447479e-27
5.79028521925e-20
1.54346095779e-09
6.25539220355e-08
1.08055802137e-38
3.75594277368e-10
1.48766123843e-27
2.72443272235e-05
9.155909468e-05
2.75851589331e-17
0.000678114385917
8.12967884802e-10
0.00146749682414
4.44318337687e-36
2.32960722813e-07
9.28659438356e-11
6.04203280136e-28
1.25759821842e-05
1.83594606823e-08
0.00359648221623
6.706047953e-08
6.84495041501e-21
8.86967758985e-15
1.47198473848e-15
8.32051833221e-06
9.27660423983e-09
1.45794397889e-15
2.16833197897e-64
7.09202743489e-06
6.40135000731e-20
0.000612069073746
0.000173512609781
0.000109707768485
5.63752840776e-22
0.00176144116646
1.87839510174e-08
2.58384220293e-37
0.000108952406946
0.000155794540936
1.72174239403e-05
1.19897627135e-23
0.00666166592324
4.33338172199e-08
2.24384904854e-12
0.000167770551692
6.50128554441e-13
8.57304730897e-06
2.94188844478e-16
5.72619505723e-21
2.76228842538e-13
1.76169295237e-12
0.000180866576475
9.98963069218e-23
1.77473620429e-28
6.43085301067e-21
1.82342048998e-08