500
0.0
0.0
3.48276575582e-05
0.0
0.0
0.0
0.00073625695752
0.000740034005662
0.0
0.0
0.0
0.0
0.0
0.0
0.0
0.0
0.0
0.0
0.0
0.0
0.0
1.47345582041e-05
0.0
0.0
0.0
0.0
0.0
0.0
0.0
0.0
0.0
3.53035434774e-07
6.73881819523e-06
0.00225623268698
0.0
0.0
0.0
0.0
5.53709186807e-05
0.0
0.0
0.0
0.000740034005662
2.80064189075e-06
0.0
0.0
0.0
0.0
0.0
0.0
0.0
8.63224773038e-05
0.0
3.44274768676e-05
0.0
0.0
0.0
0.0
0.0
0.0
0.0
0.0
0.0
0.0
0.0
0.0
0.0
0.0
0.0
0.0
0.0
0.00189233617415
0.0
0.0
0.0
0.0
0.0
0.0
0.0
5.0433517483e-05
0.0
8.63224773038e-05
0.0
0.0
0.0
0.0
0.0
0.0
0.00225623268698
0.0
0.0
0.0
0.0
0.0
0.0
0.0
0.0
0.0
0.0
0.0
0.0
0.0
0.0
0.0
0.0
0.0
0.0
0.0
0.0
0.0
0.0
0.0
0.0
0.0
0.0
0.0
0.0
0.0
0.0
0.0
0.0
0.0
0.0
0.0
0.000425169812187
0.0
0.0
0.000740034005662
0.0
0.0
0.0
0.0
0.0
0.0
0.0
0.0
1.44731205256e-05
0.0
0.0
0.0
0.0
0.0
0.0
0.0
0.0
0.0
0.0
0.0
0.0
0.0
0.0
0.0
0.0
0.0
0.0
0.000207402166214
3.36969149077e-06
0.0
0.0
5.27635435469e-05
0.0
0.0
0.0
0.0
0.0
0.00073625695752
0.0
0.0
0.0
0.0
0.0
0.0
0.0
0.0
0.0
0.0
0.0
0.0
0.0
0.0
0.0
0.0
0.0
0.0
0.0
0.0
0.0
0.0
0.0
0.0
0.0
0.0
0.0
0.0
0.0
0.0
0.0
0.0
0.0
0.0
0.0
0.0
0.0
0.0
0.0
0.0
0.0
0.0
0.0
0.000425169812187
0.00220182014347
0.0
0.0
0.0
0.0
0.0
0.00225623268698
0.0
0.00225623268698
0.0
0.0
0.0
0.0
0.0
0.0
0.0
8.63224773038e-05
0.0
4.24858878224e-05
0.0
0.0
0.0
7.66260498101e-06
0.0
0.0
0.0
0.0
0.0
0.0
0.0
0.0018664113749
0.0
4.21816970082e-06
0.0
0.0
0.0
0.0
0.0
0.0
0.0
0.0
1.31165905871e-05
0.0
0.0
0.0
0.0
0.0
0.0
0.0
0.0
3.44274768676e-05
0.0
0.0
0.0
0.0
0.0
0.0
0.0
0.0
0.0
0.0
0.0
0.0
0.00018796583714
0.0
0.0
0.0
0.0
0.0
0.0
0.0
0.0
0.0
0.0
0.0
0.0
0.0
0.0
0.0
0.0
0.0
0.0
0.0
0.0
0.0
0.0
0.0
0.0
0.0
0.0
0.0
0.0
0.0
0.0
0.00220182014347
0.0
0.0
0.0
0.0
0.0
0.0
0.0
0.0
0.0
0.0
0.0
0.000740034005662
0.0
2.10245060521e-05
0.0
0.0
0.0
0.0
0.0
0.0
0.000740034005662
0.0
0.0
0.0
0.0
0.0
0.0
0.0
0.0
0.0
0.0
0.0
0.0
0.0
0.0
0.0
0.0
0.0
0.0
0.0
0.0
0.0
0.0
0.0
0.0
0.0
0.00220182014347
0.0
0.0
0.0
0.0
0.0
0.0
0.0
0.0
0.0
0.00220182014347
0.0
0.0
0.0
0.0
0.0
0.0
0.0
0.0
0.00220182014347
0.0
0.0
0.0
0.0
0.0
0.0
3.50618098009e-06
0.0
0.0
0.0
0.000740034005662
0.0
0.0
0.0
0.0
0.0
0.0
0.0
0.0
0.0
0.0
0.0
2.10245060521e-05
0.0
0.0
0.0
0.0
0.00220182014347
0.00073625695752
0.0
0.0
0.0
0.0
0.0
0.000740034005662
0.0
0.0
0.0
0.0
0.0
0.0
0.0
0.000117466620638
0.0
0.0
0.0
0.0018664113749
0.0
0.0
0.0
0.0
0.0
0.0
0.0
0.000117999702696
0.0
0.000740034005662
0.0
0.0
0.0
0.0
0.0
0.0
0.0
0.00220182014347
0.0
0.0
0.0
0.0
0.0
0.0
0.0
0.0
0.0
0.0
0.0
0.0018664113749
0.000740034005662
0.0
0.0
0.0
0.0
0.0
1.68037471442e-05
0.0
0.0
0.0
0.0
0.0
0.0
0.0
0.0
0.0
0.0
0.0
0.0
0.0
0.0
0.0
0.0
0.0
0.0
0.0
0.0
0.0
0.0
0.0
0.0
0.0
0.0
0.0
0.0
0.0
0.0
0.0
0.0
0.0
0.0
0.0
0.0
0.0
0.0
0.0
0.0018664113749
0.0
0.0
0.0
0.0
2.09655021003e-05