500
0.0138066298343
1.59947998551e-13
4.74141489025e-08
3.41883737497e-09
7.41543449407e-06
2.00515878813e-06
2.10413001457e-08
7.22630451639e-05
3.53108852469e-11
0.00053810172075
3.04850491239e-16
1.85911774777e-06
0.000217925243404
2.97502229493e-17
0.000277578166912
2.33709328831e-08
0.00942329227325
4.80838459403e-09
0.00289989932094
1.08165904134e-07
4.74141489025e-08
0.0249047056884
0.00317628053586
0.000202875987829
3.79279685867e-07
3.25709106838e-08
3.85862970995e-05
0.00317628053586
0.0138066298343
1.98441793689e-05
0.016531496063
0.0252846975089
0.0054743993678
0.00406296769962
0.0252846975089
8.11808122216e-08
5.67350239472e-29
2.65942023762e-07
2.74543248421e-12
4.02296015105e-05
0.0013317684692
5.14527894856e-25
2.63456240219e-45
5.09538966394e-13
0.00515086615472
0.000531827821565
1.38920856666e-26
2.08448880186e-06
3.45950376064e-16
0.0054743993678
0.0
5.94319247759e-07
4.78748354665e-05
1.02426311829e-17
3.87982780906e-05
4.3998521311e-06
1.09486117093e-34
1.8646370719e-14
2.58983056579e-09
3.44685810063e-15
4.58744480288e-14
2.55370352548e-09
3.00948610894e-07
2.20493459753e-09
2.25766114407e-06
0.0
1.45546138425e-15
5.92567586191e-16
4.62591141311e-05
0.000836009302837
9.19806769912e-22
1.75709575897e-05
3.39904892421e-12
0.000788260893218
0.00501514791579
0.0249047056884
6.5363053842e-16
1.18948536562e-05
0.0
4.23054760945e-10
1.10401261577e-15
2.6672317701e-08
3.26015182174e-05
3.76840386404e-25
2.03056269909e-06
2.91540947858e-10
1.05326761961e-39
2.54272418152e-07
7.02146182511e-06
6.06696316969e-07
2.80770473372e-05
4.57891779192e-08
3.27359539058e-09
8.91228096935e-06
4.49482066431e-07
0.000444091584948
0.000937483560374
0.000215215729784
4.24489080469e-07
0.00547478836952
3.65633949794e-14
4.27947653697e-08
9.09495496354e-05
0.0249047056884
1.65025163838e-05
1.43258608694e-17
8.25727558554e-15
1.25716232679e-05
0.0252846975089
2.29557262564e-35
3.4359001836e-22
0.0
5.90730624418e-07
5.22410028614e-08
0.0249047056884
2.55427647165e-20
1.17184836425e-13
0.00042136854462
0.00391899732245
4.173576301e-08
1.76747632423e-10
0.000937483560374
2.62765339837e-06
1.96844507966e-18
8.48064690682e-16
4.10390890705e-11
0.000217925243404
5.9022112582e-08
1.58607092594e-06
4.5275737475e-13
3.89753249816e-10
0.000257194377167
1.94926985542e-10
1.94638328238e-05
8.67949463498e-13
1.73344385466e-08
0.00344699537978
1.46701724857e-08
3.17063306688e-10
3.11688178212e-10
0.022014129283
2.50460072001e-05
1.33706348567e-09
0.0
0.0252846975089
4.53606263798e-10
4.47464712825e-35
9.26652016527e-12
0.022014129283
2.02471730067e-15
3.93006169559e-07
1.62164241811e-11
0.0249047056884
7.54388174392e-33
0.000180930569791
0.00942329227325
3.57539360956e-14
4.99731727352e-10
4.75579283822e-08
8.0381886064e-35
8.24167900986e-11
0.0249047056884
0.000573785590496
0.00621685122164
4.14276245672e-18
9.77620750572e-08
2.3983848096e-09
0.00654589240494
1.52270292533e-10
0.0252846975089
0.000405733710936
0.00286927716712
1.4916025364e-10
0.00344699537978
0.000258853086071
6.6984527116e-05
3.27581753228e-10
2.31772036792e-05
8.57794751734e-06
2.26183748975e-18
0.00286944958138
5.8137469829e-05
0.00205363678304
3.07377592041e-08
7.78838102104e-12
0.00042136854462
1.38260672395e-13
8.66268069607e-05
1.06573763881e-05
9.7487043247e-06
0.000937483560374
5.75917357368e-05
3.39097007599e-07
7.18786723719e-06
7.57093649493e-07
5.24465981804e-12
9.66870248901e-18
1.79585962614e-14
0.00944780219784
2.01303896656e-08
3.94196802367e-07
3.96251964255e-09
2.64933213893e-06
7.61645431436e-10
4.21611425322e-08
5.47729702817e-06
0.000459238988319
8.84986098933e-08
1.51509191067e-09
8.73459612999e-06
0.000269765284543
8.94318142051e-08
3.52949055148e-11
0.000133975614779
3.01778437878e-21
2.83435718864e-05
0.0022217633801
0.00119377089148
1.08478518774e-24
1.51918167753e-06
3.89061038107e-08
6.6913998522e-06
4.42130215358e-22
8.76604453116e-05
0.000675690988609
6.73590092545e-09
8.45510924557e-09
0.022014129283
7.24958176013e-05
0.00547478836952
1.0808685864e-25
1.35368654426e-21
3.71487565794e-06
0.016531496063
1.60421057449e-05
0.0249047056884
0.00547478836952
0.00942329227325
0.00344699537978
1.80203730263e-05
1.25121338562e-06
0.00504293534011
6.43998340882e-12
0.00944780219784
1.26671427551e-20
9.78277187692e-12
1.93442748492e-10
0.00344699537978
0.0249047056884
5.8137469829e-05
0.0
8.01970699876e-14
3.20275476012e-06
0.0252846975089
0.0019112484972
0.000205693986323
5.5513997798e-12
1.91694579038e-05
1.27673092232e-13
0.000369600993911
3.84911818624e-19
2.68580824911e-08
2.42509825178e-21
0.000355116930657
9.6704466268e-05
4.30302925336e-09
3.26312069899e-09
6.10635277936e-05
5.62977109522e-16
1.26246279012e-05
1.00843330528e-09
4.83482191261e-14
5.24446872581e-10
0.00344699537978
0.0138066298343
0.0
1.65109712095e-15
3.35355743678e-10
4.58718061833e-07
1.454183817e-14
9.43451277594e-16
3.26623943288e-06
3.87982780906e-05
5.92083823601e-10
1.63048002557e-11
8.83415136296e-09
2.45936549683e-08
0.000522685554175
7.6485639565e-08
2.26868709482e-24
0.000263493877547
4.48186200775e-13
0.0249047056884
2.8465144506e-12
0.00942329227325
7.80632583074e-09
4.31391554796e-09
1.20534168906e-06
1.09383634592e-07
0.00621685122164
1.08145984783e-07
3.09443289794e-20
4.18705486858e-11
2.22021498257e-13
2.71098598137e-10
0.0249047056884
1.11404343221e-05
1.20831685089e-13
6.01585963431e-13
4.89229894941e-14
0.0138066298343
6.61048936552e-15
2.2106459981e-28
1.09354871875e-11
0.00344699537978
0.00501514791579
7.03065549848e-22
2.80835068619e-24
0.00942329227325
0.0249047056884
5.99730417889e-06
1.05500178284e-07
6.87586402799e-24
1.75081316838e-06
0.000466849492903
9.94009168068e-10
8.18259829158e-12
1.1787895879e-13
0.00944780219784
1.52480116335e-12
1.40477482448e-13
6.8083557091e-15
0.00621685122164
0.00501514791579
2.33379897912e-07
4.98742626506e-06
1.86094046364e-06
0.000422845778876
4.12838617631e-05
6.80316006489e-12
1.24445967422e-06
0.000836009302837
0.000119930183861
1.14619405957e-25
1.05824662333e-12
1.46878989417e-17
7.9562006154e-06
4.56124749295e-08
1.8798768094e-18
6.95227272758e-06
2.01294226133e-19
1.90858560503e-09
9.20603228003e-07
6.16748549561e-22
8.19730605294e-18
2.66460746721e-05
0.000241546760011
8.79373355287e-05
4.40910628301e-06
5.28986419966e-10
4.55159390083e-09
0.0249047056884
9.61258209998e-14
3.49526859226e-05
0.0249047056884
2.98320997986e-09
1.55836016202e-09
3.57743946236e-07
9.41231153202e-17
9.28730665965e-14
0.0
0.000233796579937
9.69974063662e-17
0.000269765284543
6.05166223162e-26
0.0252846975089
1.96849702857e-07
0.0013317684692
0.00515086615472
0.022014129283
1.58665771139e-07
2.71725513578e-06
0.00501514791579
0.00942329227325
7.05963162268e-20
1.1059313584e-14
0.000264798648051
0.00313207381918
0.0252846975089
0.000152323488326
1.57816318009e-18
1.04691212658e-07
5.00733846431e-08
1.39815809034e-11
1.64362031015e-13
7.91914778193e-18
0.000125024376761
1.35473212256e-22
0.00547478836952
5.58227439866e-07
1.05940564788e-06
5.18572277275e-06
7.08576465807e-18
0.0249047056884
1.42047759071e-09
4.24513745949e-12
1.49559595562e-17
1.19036158047e-13
3.51302992968e-07
1.18218672767e-08
2.02619936824e-28
1.3055850718e-17
0.00307940621497
0.0
0.0054743993678
4.71388751379e-08
0.00344699537978
8.48629223229e-09
2.85586634056e-05
0.00504293534011
0.00119377089148
1.39315402471e-27
7.72047137663e-10
0.0138066298343
9.16001539398e-14
3.1581761595e-06
3.59777158532e-06
2.14414281968e-15
8.18426505613e-05
1.2561132023e-09
9.89687029306e-18
2.5564129551e-06
0.00944780219784
3.83233424198e-12
6.80496436415e-18
2.31808759902e-08
0.00127625909946
1.07246834683e-12
3.00421810387e-15
4.78748354665e-05
2.51471621624e-10
0.00654589240494
0.0019112484972
9.50151492918e-06
9.72359726693e-08
1.23380887674e-09
1.26818280694e-05
0.00944780219784
0.016531496063
0.0249047056884
1.26275210571e-07
2.80302364917e-07
4.29691935046e-10
1.20542387415e-09
6.14265525917e-09
1.88710828987e-07
0.0138066298343
0.00944780219784
2.12404903252e-12
0.0249047056884
0.0252846975089
7.03872761281e-07
1.85636114766e-28
1.78353930462e-18
2.50460072001e-05
3.60444586168e-12
0.000876259025048
0.000165840957754
2.38230400321e-19
7.20335103272e-09
4.62591141311e-05
2.57555151718e-12
1.51112470065e-07
0.00344699537978
0.00504293534011
1.57990684419e-24
5.81937953413e-11
0.000159750278972
4.82623468777e-25
5.04457477303e-15
0.00515086615472
0.00547478836952
0.0252846975089
0.00344699537978
0.00344699537978
2.97492047419e-15
0.000466849492903
1.5640805257e-05
1.09963086321e-08
0.0252846975089
6.48283422238e-06
0.000522685554175
8.85159359189e-17
0.022014129283
7.15517282501e-07
0.00944780219784
6.23356034867e-12
5.03282203768e-11
7.35097861374e-13
8.34432606606e-52