500
0.0
1.53088703733e-31
7.44130196382e-19
0.00020605046031
4.69683133728e-62
6.16179725229e-35
2.02273629533e-32
1.60292243756e-25
6.21942817148e-11
0.000166658460544
1.35376558341e-09
0.0
1.56663066013e-07
2.73315464336e-54
2.97528885779e-57
3.78263118457e-10
6.91960135577e-20
1.72733857253e-26
0.0
4.27975788962e-06
8.14580877441e-104
5.38509623049e-05
7.74908226796e-56
9.77015192174e-59
2.27235683237e-36
3.72465653544e-14
0.0
1.93608732395e-12
4.41549477434e-38
1.84430226925e-11
1.64235171125e-33
1.49620876793e-22
1.60291902766e-14
4.24254127985e-48
4.44952984716e-15
7.61160429789e-58
7.65766305744e-42
0.0
1.93936783166e-31
5.527294565e-50
7.76940696301e-136
1.45382983099e-12
5.84358499725e-18
1.09401265753e-20
8.93765858584e-15
1.49708444014e-23
1.11562733788e-07
2.71364461668e-72
4.92208146585e-07
2.59344140068e-29
3.46612206612e-36
1.86648515641e-30
4.34582011088e-23
2.99379882939e-79
9.46862197313e-39
2.80337481351e-76
5.01459977624e-07
2.55398134296e-87
5.93906635982e-08
1.02136986216e-39
7.16472093853e-25
0.0
7.98498377796e-14
7.46894411613e-55
2.965060929e-19
4.26920613327e-75
3.22599307064e-92
3.37188591913e-05
1.17878706211e-48
3.36385132483e-46
2.87768158751e-33
1.67341749367e-26
6.91032491621e-22
2.49750633092e-15
0.0
1.39332813495e-18
4.92956144667e-48
8.24206650304e-98
1.56936892869e-46
2.0189820807e-15
7.77856809125e-42
1.12196171442e-32
6.4510271476e-43
2.14716516674e-10
5.51566239735e-05
0.000977069517549
9.21844805557e-42
1.73197662125e-30
9.00476544048e-22
1.17285897155e-32
6.44565993907e-40
2.5236331173e-65
0.000390889843821
5.90000415164e-14
9.26925785769e-26
1.69374300401e-18
0.0
4.26555698739e-11
2.57484394951e-06
5.37153283316e-29
0.00691466552315
3.98207222852e-30
1.70313203786e-42
8.94745653602e-37
2.74451087711e-66
1.92971818717e-43
7.12851913054e-49
8.20755763141e-23
4.86253170873e-15
9.26490335627e-22
1.53015872494e-05
1.32090639294e-13
2.13768823143e-15
3.88089234749e-31
2.73904187137e-41
2.71309013627e-08
7.77860386093e-21
5.16625670061e-05
4.71736400993e-19
1.83270591772e-14
1.23245020332e-46
3.08527480834e-12
1.43426474323e-30
3.75482572525e-11
3.55487215574e-20
2.79485950604e-05
6.46514944221e-06
2.53086301598e-121
5.23101122927e-24
9.1050012978e-41
2.42310494869e-23
7.46762137951e-43
7.73992045391e-16
4.66907235497e-05
3.41843927225e-10
1.03211424895e-26
1.9341335036e-25
6.29416075181e-16
6.81206692274e-12
1.30575900099e-06
0.0
2.46369447041e-59
6.34556152e-05
2.58162064845e-40
4.58985141633e-76
1.07081542737e-20
3.02706254266e-54
4.81309483588e-23
5.75641984376e-35
7.92441284768e-25
7.03460318816e-39
0.0
6.79247924084e-27
2.17848113125e-43
1.06366157647e-26
4.68248292994e-60
4.72329289189e-17
8.94043552237e-13
2.63412722804e-66
1.5870418481e-20
8.01088786366e-16
8.85654647116e-17
1.23520530275e-96
1.03463826072e-112
1.15591060685e-20
1.42939878926e-11
3.04351370297e-25
1.40886068737e-06
1.09794028522e-28
0.000392675470186
1.80128366224e-23
0.0
1.61113585637e-20
4.69571539735e-49
3.16369423751e-38
9.78978456379e-24
2.85362728965e-12
5.75296505693e-08
8.31437514731e-11
9.04121687415e-52
1.1608242107e-66
1.56336181525e-06
9.60921703908e-46
9.1948802753e-12
3.92346474012e-55
5.30032735561e-18
2.06130961454e-78
4.18110767037e-10
4.96462317147e-08
1.37952431685e-12
1.74570389394e-123
6.23659719987e-37
9.73822110595e-39
3.77459899541e-55
4.28297220187e-94
2.91840416445e-43
5.55529082381e-05
1.93569001866e-30
3.01818452419e-54
1.52578278894e-09
1.22311095424e-50
4.31211244188e-11
3.36497921681e-18
2.06511605318e-05
7.7893088571e-22
6.99599254079e-53
5.66343015141e-44
0.0
0.000125089995733
4.94306978699e-40
9.6240873152e-07
6.86381607081e-22
0.0
0.000638929578607
0.0
4.34296286953e-19
1.14077494493e-29
4.96729208771e-09
4.03505834601e-05
0.000392675470186
0.0
5.15014989108e-21
1.15935497252e-09
1.30369728117e-38
1.61285909927e-35
3.98921719758e-74
2.05183040461e-05
9.25145952436e-95
5.44059317079e-48
9.28348229302e-39
5.25721235871e-49
5.69369314366e-15
0.0
2.87527039297e-06
8.70356867142e-58
2.13572069994e-12
3.39163617637e-26
1.83618618382e-33
8.17293577894e-57
7.36417555463e-21
4.09200621275e-12
1.53251496698e-51
1.05563107788e-47
8.85089679318e-26
2.10923803333e-25
1.68343147911e-05
2.74931618967e-42
4.69725783193e-05
3.31649497437e-77
1.50238526468e-32
2.94572574263e-15
1.17633135516e-18
3.54752760365e-44
7.29041582062e-08
2.47657805321e-18
1.78545351784e-125
1.18146986545e-17
5.24851044553e-29
3.89886326506e-11
1.07502375347e-42
1.73047188344e-26
6.95657151951e-16
1.9250965687e-20
2.8466211141e-09
4.85858783608e-71
7.13419242666e-20
8.22398984953e-15
7.63241741424e-58
3.22978783637e-09
3.03683243837e-49
1.0092752857e-38
1.89334552249e-21
1.20484661326e-18
1.8744602352e-46
4.88814963866e-16
4.78483464668e-05
3.35490912856e-24
5.87786176007e-79
1.8943806467e-86
3.42734555934e-15
2.96126112932e-05
1.48628987671e-12
1.52809700452e-07
3.34764187836e-06
2.07842681785e-79
2.63478923992e-91
3.37814241647e-16
3.59971659942e-18
2.36057820135e-08
0.00585334476843
5.83684399998e-28
5.34657208997e-17
1.29919993738e-06
3.90092401968e-21
3.15057077498e-09
4.39503654098e-11
9.55174298802e-06
3.74717938436e-71
3.19432540624e-64
5.49158193303e-45
1.30087676405e-25
6.85280989788e-05
1.19242513065e-53
2.31377007669e-59
2.48014687614e-47
5.6530453336e-25
7.32338730077e-10
2.72654962448e-22
5.2783422188e-06
7.87582812504e-56
2.85442785747e-10
1.40624176362e-25
1.96595722289e-11
3.65711918643e-22
2.42625635474e-115
8.33931225092e-32
2.18361517941e-24
3.57689597545e-06
0.0
4.85332290891e-61
1.59645037081e-22
1.84678071907e-46
1.41959801416e-08
3.11871166438e-13
9.73813382727e-72
9.36952669956e-55
3.08958198929e-20
3.09135422627e-34
3.40231299089e-80
7.5403670701e-23
0.0
1.1876587156e-15
5.26402729018e-38
2.79288743331e-42
4.91439038018e-05
1.96203796498e-10
8.14881084631e-08
2.12083426835e-64
2.47794732786e-25
3.80608774372e-25
5.58179164138e-11
2.40063712844e-18
1.98725650411e-31
0.000237325976607
3.13406216343e-32
5.62647022006e-33
4.132910518e-15
6.83017651056e-57
7.87252274788e-26
2.051013963e-32
3.10151871244e-32
6.28038186635e-42
1.70230068566e-17
1.38556781575e-05
4.46003011137e-06
4.21197806539e-27
2.38716439035e-24
1.32824021938e-107
1.04560861577e-26
1.96482511003e-16
1.2733044924e-10
2.50863642313e-10
2.53510896133e-38
5.88213895618e-13
4.13023210636e-06
5.20856609014e-14
1.55740410347e-24
1.56922332146e-56
3.98295395619e-40
1.67789817524e-64
4.42223096393e-38
1.84070556689e-40
5.95214091323e-43
7.5593784821e-50
1.48840300463e-14
5.86538443569e-08
4.84197144184e-24
2.04890514467e-06
6.77002973778e-48
6.47816104989e-08
1.36852347729e-40
2.24417242952e-40
6.45109250132e-17
1.32720676509e-08
1.72840494534e-38
2.42559458694e-19
2.67019640439e-25
9.17555249843e-50
3.15871244418e-17
3.9562745404e-20
7.29977864575e-25
3.97523923611e-11
9.13851237827e-60
1.17310193712e-47
1.13847249913e-51
3.38730002334e-52
8.0122766139e-27
4.92926106907e-16
3.77094989427e-50
4.76234318626e-47
2.2736864035e-10
1.96990987994e-28
3.8727713306e-48
6.86484291153e-15
4.259184042e-14
9.86378396092e-32
5.51566239735e-05
0.0
2.57826421503e-21
2.43673759093e-06
8.39823291587e-14
2.74549349207e-18
1.81627275107e-19
5.21506186403e-12
4.36204163938e-28
1.64702477625e-12
1.66721772416e-29
9.62201830522e-16
1.24576591063e-13
4.92757147618e-21
1.80863310371e-50
8.42028075168e-63
2.09484085036e-29
9.85091484015e-26
6.53787723209e-13
1.93946906638e-75
1.75063420139e-07
2.97987063025e-41
4.4376820377e-05
7.60223815058e-07
1.9653541298e-33
2.41088125064e-09
3.00672241738e-120
6.64328338716e-32
0.0
8.30472763464e-61
5.97442244612e-32
9.18773358235e-52
1.97717821917e-08
8.64839784798e-22
2.86083145032e-09
1.5092352152e-07
7.29332955239e-36
1.70524252574e-33
7.23962520836e-32
1.15365027179e-16
2.56361018585e-19
4.54348510015e-09
7.70206185876e-52
2.09309741363e-34
8.26341510363e-28
6.38887471748e-114
4.72699914762e-57
5.11027483771e-21
2.64956003198e-06
5.14938001945e-09
1.03523006333e-16
9.75027351524e-25
1.13950628701e-63
2.66974244614e-13
0.00585334476843
9.13757830344e-28
1.18307367168e-21
2.07105119739e-12
2.43080940908e-35
1.61651686527e-55
3.54186146149e-41
1.60326100222e-06
2.40657517242e-06
2.49165208613e-29
9.48387928121e-43
1.64246792026e-11
1.08686723161e-27
4.63349922671e-26
2.02322896797e-08
9.25634642128e-17
3.12610058896e-07
0.000977069517549
0.0
2.50251674011e-24
3.74455365488e-30
1.83285269228e-17
1.1909838312e-103
0.000884804917804
1.62507118713e-19
3.67801817703e-22
7.67681798097e-26
2.99341453829e-23
1.21463341076e-41
7.81295258273e-42
6.65633360424e-16
2.34864825409e-20
1.55202473016e-07
5.01252015545e-28
1.64708308603e-19
6.84313048868e-14
6.38560312502e-09
2.06534875309e-11
3.22835132012e-17
5.24231669289e-05