500
5.60808074992e-05
0.0056434341298
4.42616199894e-05
0.000284668784743
1.57366858841e-06
1.85680989326e-08
2.51314162065e-06
0.00474429701788
0.00134075496855
4.73708407312e-05
0.0313382544836
0.0249248442637
0.000234453556652
0.0069699079133
0.00574309639007
1.96459800389e-08
0.00475756411835
2.45298355786e-08
1.11043985437e-07
0.000287731338197
0.0314840138067
0.0301721798981
4.70132506452e-13
0.00671056250257
7.1086062456e-18
1.05152368506e-08
2.85462847056e-12
5.56693400795e-09
0.00635255674297
9.32786264118e-06
9.55880712638e-09
0.0061494739738
2.68363256684e-06
0.0314840138067
0.0301721798981
2.99892655182e-05
0.00109937367142
1.10522224759e-07
0.00599279623311
9.84422500746e-06
0.0314840138067
0.00599279623311
0.0301721798981
3.97800473029e-09
0.0314840138067
1.26016854295e-08
0.000991699890131
5.14908374403e-10
0.000884040251269
0.00641684240744
5.7467221645e-08
4.2473802279e-21
0.00135701008575
0.0013335418931
2.01827439952e-08
0.00104985646926
0.000242680584054
5.35161664038e-05
0.0314840138067
5.09533190574e-08
0.0301721798981
4.64260979054e-07
3.76480627335e-05
9.99136338467e-06
0.00474429701788
7.895239362e-10
4.87463521657e-09
2.8430635631e-18
0.00455933228009
2.19740491106e-15
2.15787215086e-11
0.0301721798981
0.00108425711717
4.47836156998e-09
1.63808088112e-08
0.00129685543055
5.46699264544e-10
0.00508000023922
1.00723046207e-17
0.00619187168112
2.81208308695e-07
8.98488943728e-11
6.97563523727e-09
3.94382353921e-07
3.77942193407e-14
0.0313382544836
0.00611618253858
1.52175942007e-20
0.0301721798981
2.94004628168e-07
0.0249248442637
1.7826174088e-06
0.0278400307273
4.73268334709e-05
0.0301721798981
0.0313382544836
0.00635255674297
0.000284967717887
0.0301721798981
1.44422248445e-05
5.57940434861e-05
0.000205944986505
0.0313382544836
4.42664925319e-05
0.00133454776962
0.000182090828671
0.0278400307273
0.00671056250257
4.23123762195e-05
0.00474429701788
0.00611618253858
0.00140132164129
1.22765641144e-15
0.0061494739738
0.00128489017819
0.0301721798981
0.00611618253858
0.000245170155451
9.07797135167e-10
4.8406412117e-10
5.73164830117e-05
1.37361591046e-05
0.0314840138067
0.000777518248315
2.89491125902e-12
0.0314840138067
0.0314840138067
0.0301721798981
0.00641684240744
0.00599279623311
0.00130651668721
1.35890123164e-18
0.000215886870397
1.27095470635e-08
0.0314840138067
0.000216409221327
0.0063871348037
1.42040620379e-05
8.05653715815e-11
4.42821416914e-05
3.0848563642e-06
7.27692642293e-06
0.00700232608964
6.38880404595e-15
0.00596505180611
0.0301721798981
0.0301721798981
8.89345838254e-10
0.0301721798981
0.000290953424665
0.00107929639378
0.0313382544836
9.59145504046e-08
0.00126620029892
0.0313382544836
3.61233030151e-05
0.00574309639007
0.0249248442637
0.000216409221327
0.00103267874122
4.99824287078e-19
6.86519725209e-08
0.0301721798981
0.000946305812005
0.0313382544836
0.0314840138067
0.0313382544836
0.000221645027049
0.00455933228009
1.69221850388e-17
0.00136332176057
0.0301721798981
0.00596505180611
1.24977893245e-05
1.46782977552e-06
1.8178404587e-06
0.0278400307273
8.68464502903e-14
1.42501716923e-09
0.00455933228009
0.00131999497596
9.36375347086e-08
0.0278400307273
0.0314840138067
0.0314840138067
3.19974181983e-05
0.0313382544836
3.51369718053e-07
0.0314840138067
0.0069699079133
0.0061494739738
3.7827705965e-05
0.00505249861882
0.0314840138067
5.64558870642e-10
0.0055435081543
0.000365741238531
6.41713586924e-05
2.16641191659e-08
0.00508000023922
1.95698514259e-06
5.76236582656e-10
1.95942779188e-17
0.00058028103037
0.0063871348037
0.00574309639007
1.55315770026e-05
6.61864445353e-05
3.21681475772e-25
0.0313382544836
0.000225975516051
0.000221645027049
1.39634238302e-07
2.03901279738e-12
4.58538791926e-05
0.00144739921987
0.0278400307273
2.89184860297e-07
0.00124421143431
7.87247113969e-11
0.0011511872865
0.0301721798981
6.46131857881e-07
0.0313382544836
0.0301721798981
0.0314840138067
0.00133330775173
1.03568889629e-07
0.00019240802656
3.71183467572e-10
9.17190274071e-06
5.84832174389e-10
0.00641684240744
2.57378089774e-08
0.0301721798981
0.00596505180611
0.0313382544836
0.0314840138067
0.000194978382744
0.00455933228009
1.13380141694e-19
3.42099904054e-07
7.23108442074e-09
3.96243027032e-06
0.00128489017819
0.0314840138067
0.0249248442637
1.46529589554e-12
2.65302011963e-09
0.0061494739738
0.00136396211448
1.65881956341e-08
5.46681316626e-07
0.0314840138067
0.00611618253858
0.00376640492703
0.000164205944945
0.0313382544836
0.0301721798981
0.0249248442637
0.0301721798981
0.00128988270522
1.54184292578e-06
0.0249248442637
2.16756027455e-11
7.07116989804e-08
0.00159200622379
6.21585014131e-10
1.12487757543e-07
2.23185466227e-07
0.0313382544836
0.0301721798981
0.0249248442637
0.0313382544836
0.0301721798981
9.20689625164e-08
5.81942410555e-07
1.23874674913e-10
1.95142226854e-06
0.000292586511588
0.0055435081543
5.45653924291e-07
2.504892402e-06
1.26956486615e-09
0.00611618253858
0.0314840138067
1.61881658113e-11
0.00020592470677
1.20170041142e-11
2.89894776088e-18
5.28493524573e-07
0.0314840138067
0.00611618253858
0.0313382544836
0.0002699607881
1.47790091583e-20
3.86657813884e-05
3.08684782611e-06
3.91182594075e-09
9.32675871698e-06
8.52040647497e-10
6.57990747645e-06
0.0301721798981
0.0249248442637
0.00146224866918
1.19194906175e-07
0.000226515799028
1.10176121991e-05
1.78288945653e-10
5.16147220305e-19
0.00119380797297
0.00118557499534
0.00145981108674
0.0314840138067
3.34579972441e-09
0.0313382544836
0.0314840138067
6.27533334343e-05
1.23037472939e-05
7.96163078133e-14
0.00097758142332
1.31881243942e-05
0.0314840138067
1.08470832732e-05
0.00671056250257
3.24721864254e-09
7.5044191982e-08
2.14642985822e-08
0.000225362787922
7.88940513216e-06
0.0313382544836
4.14347931056e-05
0.0249248442637
9.30368499451e-06
0.00117264669958
2.41219589496e-09
3.61279097817e-05
4.7282139986e-05
6.36586783929e-05
0.00635255674297
0.0301721798981
1.12928914744e-05
0.0314840138067
1.46591291544e-05
0.0313382544836
1.92219815033e-10
4.26858149505e-05
3.39677412041e-07
0.0313382544836
0.0313382544836
0.000248813718622
0.00455933228009
0.0278400307273
4.76303517379e-05
0.00474429701788
2.31171891339e-09
6.94738095452e-15
0.0301721798981
1.22169657987e-06
1.18320120883e-15
2.36113787161e-06
0.00529918555798
0.0314840138067
2.08078923246e-06
0.000982128313661
3.17061568523e-09
3.32872075617e-07
1.71635603023e-06
1.59951431188e-06
0.0314840138067
1.23723387158e-05
0.00141429390114
0.00145196220744
0.0314840138067
5.73436493062e-05
3.55154462566e-07
0.0313382544836
1.997716063e-08
1.44026040041e-11
0.00619187168112
4.88404198288e-05
0.0314840138067
0.00611618253858
1.83950509101e-10
1.29187055271e-08
1.32794106367e-10
0.0301721798981
0.000303894202857
0.0301721798981
5.29546128867e-07
0.000241701900877
0.000984256009495
0.00596505180611
2.51924482909e-06
0.0301721798981
5.62452331982e-06
0.00671056250257
0.0313382544836
0.0301721798981
0.000242410993983
1.19104070173e-05
3.69469018904e-07
0.0314840138067
0.0055435081543
0.00505249861882
3.40121487519e-09
0.0301721798981
0.0313382544836
0.000206571620168
0.0301721798981
0.000221637250558
9.45395996667e-06
0.00574309639007
0.00116243942074
0.00567415231399
4.7880327881e-05
1.12274641018e-05
4.39875805899e-07
1.56285507472e-08
0.00508000023922
0.000884040251269
0.0313382544836
9.95374359803e-06
0.000922476783933
1.68395451776e-06
4.30082939927e-09
0.0011511872865
0.0249248442637
0.00641684240744
5.97738077566e-10
0.0249248442637
1.27186167145e-12
0.000224964999959
0.000184937814207
0.000237126730574
0.0278400307273
0.00619187168112
5.95648800837e-05
0.0314840138067
2.63822140306e-06
4.03975397751e-16
0.0301721798981
0.0313382544836
8.10658468366e-06
7.67451435778e-08
0.0313382544836
0.0313382544836
9.87433062187e-06
0.0278400307273
7.48531141391e-06
1.59441572995e-08
2.35637994047e-06
2.23516963717e-07
9.39855040882e-06
6.65675298294e-13
6.65838223028e-17
4.19151891313e-07
0.0313382544836
2.44941852237e-09
0.0301721798981
0.00638210351852
6.19555834288e-05
0.0301721798981
0.000145402584347
1.5506835152e-07
0.00611618253858
0.00103221365797
9.77434354887e-07
0.00505249861882
9.81049851744e-12
0.00508000023922
0.00145871552004
9.02946895585e-06
0.0314840138067
0.0314840138067
3.06881596225e-08
2.01197326581e-07
5.64222664913e-05
0.00599279623311
7.92516165869e-08
3.85870986543e-10
0.0313382544836
9.07743363678e-06
0.000278666718538
0.000142515236896
0.00132736808804
0.00132713503066
4.68079972617e-05
0.00611618253858
4.97683126617e-07
0.0301721798981
8.42985847643e-08
0.00132713503066
2.96702208797e-06
0.0061494739738
1.94378948018e-12
8.48578183276e-06
3.1812443861e-08
0.00596505180611
5.04280979389e-05