500
1.62331689999e-05
3.58498040806e-16
1.25437943304e-05
4.21492962102e-06
1.44134333035e-20
7.01116627835e-18
6.94804245415e-05
8.98120236451e-13
1.43615920747e-09
2.77507009339e-10
6.34356103806e-08
2.70052145622e-30
0.000269372103436
2.2960927721e-05
1.96223127358e-12
3.91417095646e-10
6.31540448611e-12
9.36659691999e-32
8.19358928024e-06
4.5345203785e-05
9.64808447995e-42
7.50156711743e-06
0.00043484559118
1.49782151307e-14
0.000130197630413
3.33956445735e-11
0.000491613569004
2.72341178239e-11
2.43326277384e-19
3.43280296674e-05
2.20640135663e-25
1.62045322642e-06
1.66850111601e-08
0.000143486475052
1.98096897613e-35
9.45819527639e-10
0.000252685031215
2.5862421699e-06
5.59667972148e-10
6.09764852014e-17
8.11037703802e-13
2.08561013772e-09
8.71540888571e-13
2.3293029988e-07
3.42753079349e-06
3.59010677399e-10
1.42825328289e-06
3.59444791964e-17
5.71914768768e-07
3.69123964774e-06
7.74034425577e-34
8.21774113364e-13
4.79407767452e-08
0.000751052275228
2.14629511494e-06
2.73163201753e-07
2.56447764212e-06
4.53587500459e-26
5.31976374766e-31
0.000184210450992
1.69989622609e-15
2.76360015859e-08
3.34671892687e-49
7.86822321835e-05
1.24668251685e-08
0.000229467027173
3.18069426953e-11
8.16484533979e-13
1.2128539517e-37
1.07591527012e-11
5.80339646413e-07
1.56810441852e-36
7.27998501873e-11
3.54163751055e-08
5.69135616101e-06
6.11921881498e-10
9.83908140919e-20
6.51382615207e-18
6.75056036152e-06
1.66349450145e-12
5.80392330511e-25
2.33978971834e-11
5.73170404064e-34
1.12325476609e-06
2.25218641489e-23
1.89654026626e-14
2.09406868528e-10
8.03960685522e-34
1.16043593321e-11
1.23870922994e-07
7.30764385147e-10
0.000297120236526
8.30620196102e-06
7.16454412559e-34
1.77271897332e-30
3.98453867608e-16
4.00067433906e-14
8.07840043827e-07
1.60213016989e-07
3.17256005364e-06
3.05876698976e-05
6.37345574973e-26
2.09651505087e-08
5.5808147625e-06
1.20551400857e-19
2.7753875315e-21
5.29580106164e-30
6.28490142899e-13
1.3767889412e-16
8.12760656919e-05
4.44476197967e-10
9.17233136044e-28
1.9956679274e-29
1.33162246498e-05
1.02404574999e-32
1.05881886257e-14
8.61052550924e-12
5.18554245057e-38
0.000495843416636
1.05058639027e-09
3.2297970925e-10
5.91049393621e-14
8.92139339114e-23
2.22606911231e-22
6.14737289929e-33
3.47043515605e-40
0.00111293814141
3.86127990343e-27
9.09929076714e-06
5.08813070128e-38
2.41540358806e-05
1.25962253857e-06
2.02328885788e-35
9.56344736995e-19
1.27338916923e-09
7.02991720754e-09
5.62824455835e-41
1.69184838699e-08
3.52171081161e-05
8.74287527287e-19
2.72540601609e-24
1.21321631254e-25
3.3172608513e-09
1.39500716366e-07
0.000319402972983
4.8750145876e-43
6.05003906226e-07
7.08965454867e-13
1.16708353539e-16
9.04221622113e-42
2.72558680764e-22
1.38907431466e-05
7.85256089167e-05
3.16222427697e-22
2.39678658589e-10
6.24023829115e-05
9.9827801149e-07
4.3018619937e-07
2.30839978982e-17
3.59559666429e-38
2.7834579575e-06
2.19803120922e-12
1.71716859151e-06
2.19991044862e-16
7.14209975381e-34
5.71250248638e-11
5.50008967852e-25
9.77944989918e-11
5.0912954726e-10
8.6525206414e-19
1.57845644019e-20
1.87893429562e-25
3.15366715497e-22
2.20700300907e-08
1.47349691377e-13
1.87867547092e-06
6.9371663675e-12
2.40112931802e-54
1.7176125304e-11
6.19185697949e-11
1.94686257608e-18
1.56280707544e-12
1.47846562839e-32
2.28006867915e-20
5.34586400427e-35
6.35297063262e-08
8.01033667977e-13
0.000339746604806
8.7837886579e-07
5.31341343452e-14
0.000201576204149
3.17770139099e-08
1.57907191097e-18
3.81190662697e-06
4.26004787036e-05
0.000417083778066
1.04649257472e-10
8.90501986969e-09
8.1615159897e-34
4.40872853184e-08
2.86514781549e-27
0.000614726265235
8.0993322013e-13
1.02026172068e-06
0.000151695324587
9.60896370656e-24
2.71150111792e-13
0.0
0.000291200532508
1.97285580868e-10
2.54199457638e-11
5.53076888996e-51
6.03873784434e-09
3.71420075256e-22
2.40377303028e-06
6.52443104729e-26
0.000415935289536
1.38837297214e-25
5.24910351838e-11
1.90106497972e-24
0.000561012072313
6.04896263445e-23
5.79776054147e-34
0.0011443752232
1.66490212811e-18
1.69672778684e-24
1.78114132026e-18
2.52082771255e-43
2.24844405992e-06
7.58342893617e-18
5.5213012325e-57
7.29083691316e-08
3.27637147905e-29
1.21957958308e-05
1.82828119681e-05
4.47979284214e-09
2.22844272066e-05
9.8756460626e-10
3.08598626269e-05
3.24469444575e-13
5.06439672407e-27
1.07086657248e-22
1.57505805553e-23
5.04490040601e-24
1.99292681692e-34
6.06501430288e-18
3.24498205125e-06
3.76897508146e-08
8.41783905006e-14
0.00120312450804
3.25591482763e-19
1.61244061604e-34
0.000174076778003
3.45090612387e-32
2.7557322606e-20
1.12263881757e-11
3.91580637358e-06
4.49964740338e-13
2.40704450174e-11
9.36549652437e-06
4.80469813081e-05
0.000984741355344
1.18909033849e-39
3.56090389945e-06
2.53049793773e-13
3.05554086599e-14
4.18519271405e-13
5.48371361613e-05
3.7701431497e-06
0.000154979135157
1.90319760301e-20
5.43031199163e-06
5.14292627085e-13
5.74792292042e-08
1.33955249787e-08
4.21274943177e-09
0.000115744095307
7.08826996196e-16
5.67507243065e-06
2.7944499372e-10
9.00527988359e-14
4.95608706237e-11
4.29527192036e-27
0.0
0.000156582316834
2.41013605249e-11
6.33630443253e-05
1.22490839951e-20
5.26532983861e-25
1.61929742768e-05
1.34677569519e-30
3.54694679488e-07
2.66181696459e-16
0.000224204943765
1.56382919787e-11
5.29257149662e-40
3.68762998587e-46
1.48408095598e-33
6.40970594181e-22
8.38659092517e-11
4.54934375815e-37
6.87843051259e-16
3.82381909922e-08
8.04562174503e-32
1.53573253681e-07
1.54436696537e-11
4.37628058877e-06
2.83448571041e-11
2.84161454029e-25
2.18797749105e-26
5.54738213132e-08
3.32452922908e-16
1.23193492098e-06
2.25670732477e-09
1.99398789623e-05
6.50680026368e-18
0.000101747795625
2.02890358437e-05
2.85419980928e-09
1.18554238516e-05
5.4492338154e-08
1.8228284224e-07
9.30951933354e-19
1.13201675835e-41
1.28685093248e-43
3.36150445664e-07
8.69344974801e-29
1.15060720252e-08
5.68157110797e-20
2.7948918137e-14
4.70924387517e-13
4.7737144142e-10
0.00120312450804
5.41274388565e-05
0.000291200532508
2.05123924636e-05
9.64463977272e-06
1.36224079575e-25
2.40605087568e-07
2.30047900396e-20
4.6889902323e-22
8.23760285497e-12
2.29715391389e-07
2.17657935091e-16
6.49800400656e-20
1.18837434215e-23
5.74638355887e-07
0.000431512146513
1.18183683354e-29
1.29636141232e-54
9.34003493476e-10
5.61455013644e-69
4.98177687638e-51
3.62628567178e-18
6.82399075379e-27
2.60006374035e-06
1.10536566313e-15
8.99516782326e-19
2.88991619321e-05
3.70632215015e-06
6.69585656305e-10
6.79350872138e-05
3.90922507118e-19
0.0011443752232
0.000269641126174
1.41192801347e-19
1.22445827672e-37
7.1090666052e-05
1.49774300708e-09
3.99902158712e-10
3.33442840271e-19
0.000314279155961
4.54764268137e-18
1.45274064468e-42
3.8180412031e-10
1.00101326164e-13
0.000664540290176
2.05241046275e-19
1.91788512741e-07
0.000155113827341
6.33630443253e-05
2.9839152369e-12
9.12364141227e-14
1.14239180774e-17
3.38054758112e-13
2.78991633578e-17
4.45798703565e-20
8.95347026261e-47
2.35407158882e-19
1.47303739247e-08
2.74776700497e-36
1.03805015791e-26
5.14759270532e-15
9.51573636171e-07
2.37633144967e-13
5.60512345358e-08
3.58554459532e-12
6.90964459986e-11
2.13804955875e-22
7.91413816732e-07
1.30578143833e-12
8.51483965378e-12
1.59449127755e-18
7.59025394071e-08
5.91122377164e-12
0.000110053127429
9.77071677425e-15
1.49890938483e-39
3.274079806e-07
8.41577548245e-22
1.12185917834e-39
2.56145600745e-07
1.78858406746e-08
3.56909460296e-11
1.21477815292e-07
2.56417379809e-06
1.30010180364e-09
5.90284901648e-40
0.00020003095881
0.00105859271046
2.98015627487e-27
4.28774495439e-05
7.13812243165e-10
8.91934241402e-09
2.08225704351e-44
6.0637335321e-06
1.3492363429e-31
1.04463846523e-07
2.20592495596e-06
1.92330438601e-09
7.87714744634e-42
1.81329087511e-12
1.4428889298e-37
5.1882491611e-11
1.65658935008e-13
7.09009694476e-16
3.31644355712e-20
0.000150814104084
1.68592980799e-05
1.45809744238e-11
1.98342845267e-07
4.17154970911e-25
6.45537942703e-05
1.11112958144e-40
1.57934909799e-18
1.49314087301e-25
7.14032665917e-10
7.93047279272e-14
9.33555656222e-17
1.69762055906e-13
2.38341337818e-32
4.32393267167e-06
5.83256302127e-10
5.64409635425e-12
4.3431967603e-12
2.07898298609e-13
6.23501180691e-07
2.16065176791e-14
8.85057011143e-06
2.79570762888e-13
1.64348892277e-07
0.000694753300849
2.59296158506e-10
2.1133389693e-09
5.29159155783e-15
9.06214550647e-26
5.8264773855e-50
2.22978118461e-13
4.71003710922e-29
2.96207040404e-16
5.57443640254e-05
1.43757508145e-14
5.9283641022e-25
1.40863456197e-35
0.000561012072313
1.34394757324e-07
1.87728474871e-05
1.27747710079e-68
1.342813528e-34
1.50466919168e-15
1.67337214618e-07
1.36364622619e-15
3.27516837635e-36
0.000238343750078
1.92437071451e-12
1.99821606871e-24
1.86867149174e-06
8.98337787924e-09
1.80780365674e-13
1.29438067196e-37
2.63287637781e-36
1.69397422281e-30
3.46398236849e-11
3.6332072354e-05
1.39327133048e-08
6.07439027339e-09
2.59515762002e-28
2.09512218837e-11
9.56137796128e-19
6.24889693108e-20