500
1.2638216406e-13
0.000317139925495
0.000754685640594
2.64865420076e-17
1.6874036234e-17
0.000754685640594
1.20142459473e-06
8.71692017594e-07
0.00059323642995
2.00010743639e-05
3.18218277742e-22
1.24246965985e-06
0.000409316392858
5.23598667794e-07
3.80467801612e-07
1.83850513057e-08
1.4535164231e-09
0.00084087586501
2.54925276333e-05
4.66027659946e-12
1.23362467776e-08
2.68488599361e-05
3.92451710819e-10
3.14695167265e-09
9.84097631246e-06
7.07823151083e-05
1.53976983403e-07
2.12145786137e-06
0.000465741275761
0.000197396156264
1.61978171409e-09
3.38736713666e-11
1.7252537426e-10
0.00084087586501
0.000696160643769
5.44797929346e-07
3.3357689604e-15
5.85231260987e-05
2.11456095641e-06
6.4236562044e-06
4.5173942953e-09
6.88326345428e-12
3.26192803729e-31
0.000114445407585
0.000754685640594
7.69904891723e-08
6.15599794916e-08
5.66445815779e-08
1.50754753833e-10
9.14535103637e-06
0.000100023425329
8.79027239363e-09
1.17975074218e-05
3.18204097082e-15
5.30411249431e-11
0.000262385273107
2.84660821025e-05
0.00091156681511
0.0
5.9430199608e-08
6.07041907367e-07
1.16919727536e-05
2.77167286819e-05
0.00091156681511
0.000176723003439
8.9159429048e-07
0.000921677472032
3.29114406045e-19
8.97823774627e-06
0.000409316392858
1.17975074218e-05
1.49465887959e-18
0.000696160643769
2.14083069559e-05
1.11427255227e-13
3.98455662606e-08
6.84731796112e-12
0.000317139925495
0.000409316392858
4.03265697149e-09
5.6849705077e-10
2.1057631886e-07
5.48064557449e-07
1.2433512045e-05
0.000921677472032
4.35438245321e-05
1.63350138298e-05
2.43732019891e-13
1.53397335761e-05
3.99378518856e-12
7.93623346275e-07
0.000430816018751
3.85679119148e-05
2.09349759193e-05
1.66132594662e-05
5.85032975632e-15
2.2781825678e-11
3.01398656326e-08
0.000206835411284
6.31232391811e-07
2.62637403752e-09
3.70666080811e-05
1.28528858225e-20
0.00059323642995
1.51525140654e-22
0.00084087586501
1.31619061101e-16
4.97762607279e-07
1.15326482534e-13
2.26504940126e-05
4.42036377979e-05
5.56815981637e-06
0.000114059932592
5.51655469381e-10
3.02717657083e-06
9.06186797579e-06
5.62342332875e-06
7.70022348457e-09
1.56941077011e-14
1.3409339711e-05
7.29584645838e-06
2.20345155906e-10
2.45721560852e-05
1.12048473505e-17
1.15959177294e-07
8.66590734226e-05
4.07639269245e-07
2.99694254225e-23
0.000696160643769
1.04235377886e-05
0.000176723003439
0.000206835411284
9.70142875901e-11
1.35575438977e-05
6.50784301848e-09
0.000169753999043
2.80265796228e-12
0.000206835411284
1.11564175341e-14
1.61543947367e-12
5.35457669511e-05
0.000120534765057
0.000921677472032
0.000358150831393
8.66965127573e-15
0.00091156681511
6.63487561496e-09
0.000696160643769
7.31378383966e-11
9.85131513301e-06
0.00084087586501
1.16399081716e-08
6.74381254554e-18
3.01159439246e-05
2.02379706225e-05
0.000921677472032
2.44861002068e-09
1.09694840799e-07
1.72829576946e-13
2.22611788975e-06
1.57742199851e-12
1.82500016444e-14
3.85713045166e-06
0.00084087586501
0.000176723003439
3.85679119148e-05
1.04527790156e-08
3.5828769004e-06
5.17619968398e-06
1.14337365461e-06
1.35120131419e-07
6.96834584459e-06
1.8962633264e-05
0.000319467679861
8.09881372867e-05
8.63669970003e-05
3.85360176798e-07
1.08932275726e-05
1.00031256648e-07
1.86742555549e-21
1.17171152343e-10
0.000309164509499
8.04324299586e-07
0.000999161270646
2.3111003972e-05
7.15692021156e-14
2.14822308018e-10
0.000492933677268
1.03337423347e-11
1.29479811538e-10
0.000141002796456
5.08089909662e-09
0.000518478993655
9.90142532992e-10
5.26441890997e-15
2.27935809905e-11
2.01121655123e-06
6.34740443121e-11
3.32908385404e-07
0.00059323642995
9.41642489166e-17
1.47917747317e-07
0.000141002796456
2.92134712428e-11
1.46796787927e-13
3.16879135637e-08
2.42835466786e-05
6.39276902365e-05
0.000184024918182
0.000276783534575
4.61427645055e-08
0.000303380271765
0.000504895322933
2.00856768664e-05
1.31423250346e-05
9.09632132288e-07
2.54644910941e-16
5.78102132643e-05
9.08845870872e-09
0.000191253272218
1.17028580573e-06
0.000114403369407
4.02566259614e-11
2.34582366613e-09
0.000239541858618
9.67316808757e-23
2.18687258141e-05
6.84258651503e-16
1.55100674323e-09
0.000229148928674
2.16704667416e-05
6.06830370159e-09
7.93436736295e-10
0.000396972645291
5.83210722656e-06
2.20742511769e-07
0.00059323642995
9.55550738272e-05
1.28593914714e-12
0.000116061548968
1.44204928276e-07
3.07200909036e-05
0.000388259939769
5.36621769283e-11
1.04358599267e-09
2.22611788975e-06
2.08087338703e-05
2.33086932456e-08
1.09007032832e-09
0.000108326519426
1.77814856579e-05
0.00084087586501
5.30808026889e-15
1.01129374218e-05
1.33730745645e-07
1.06248610198e-26
3.7680083847e-25
5.10699079754e-15
0.000396972645291
0.000492933677268
2.62137615124e-12
0.000134301240785
0.00059323642995
2.4569320288e-20
4.21515898954e-08
1.8252992374e-20
0.000999161270646
2.80378802966e-07
1.2564603961e-05
1.53860438227e-09
0.0
5.66736206059e-06
3.05097070474e-08
3.36210717506e-06
0.000754685640594
3.95761665406e-06
6.30934339092e-07
2.16054650573e-10
4.20943806443e-07
8.64110556161e-05
0.000238430116862
4.40660686749e-11
5.77644884847e-14
0.000754685640594
1.87523309321e-05
7.44696595509e-07
5.84578811092e-05
5.11943761494e-05
6.93578814298e-09
0.000366187876699
0.00084087586501
7.89641010684e-05
3.53428752634e-07
3.25163781929e-06
3.84059875601e-05
1.40952052485e-06
2.86799448282e-10
2.18736455981e-06
3.44257575299e-06
0.000197396156264
4.47718732912e-05
2.87521183671e-08
9.46076561442e-20
1.07688192502e-13
6.17195937016e-08
5.6854123814e-09
5.24142359549e-06
0.00059323642995
1.00742039487e-19
0.000153303860732
3.30978666419e-13
4.83420570242e-11
7.07823151083e-05
6.66045946151e-09
9.16107007108e-15
1.09437696876e-05
8.42041714706e-05
5.19133721144e-18
6.4585073496e-09
1.07792291816e-08
0.000754685640594
1.28437785042e-06
2.12986186155e-08
2.54739062155e-09
2.26719959493e-05
3.28337389879e-12
3.20791447826e-05
0.000921677472032
5.21759634056e-13
0.000141002796456
0.000276783534575
1.60059922106e-05
4.30569071563e-06
4.4224941031e-05
5.04798659299e-21
0.000492933677268
0.000518478993655
0.000492933677268
2.20974473173e-09
8.2951362691e-05
0.000133705593844
1.3416350614e-11
1.18607894209e-05
6.47881098197e-10
0.000335155424238
8.68898721087e-07
0.000358150831393
2.51774585893e-24
0.000165497497934
0.00059323642995
7.18379843389e-19
1.67033852576e-11
4.36145210977e-08
8.16646324215e-11
0.00091156681511
1.7140750306e-12
0.000328622451512
0.000492933677268
7.99438831431e-10
2.25146763917e-09
3.99978445244e-14
5.79520369342e-12
2.94656424814e-06
2.68484927167e-07
8.96834629683e-05
2.9546543356e-09
2.28065303681e-05
2.95932074206e-05
1.60737414461e-08
1.0563681802e-22
2.33150523505e-06
3.54690849343e-09
4.4224941031e-05
8.5173551782e-13
0.000169753999043
0.000309164509499
3.92204053401e-06
9.39443488002e-05
0.000358150831393
3.42057588062e-06
1.67343828172e-06
1.06972035452e-07
2.07509050781e-22
4.07483417916e-10
2.37803957962e-11
2.47779612323e-22
3.44257575299e-06
2.13060701369e-06
3.60503613687e-14
5.01836509672e-09
5.67133801645e-06
3.62820391185e-07
3.85264659746e-07
1.65273592456e-11
8.33970304609e-11
1.66508075856e-05
2.66457406268e-05
3.73840273053e-07
2.54302234667e-09
9.14262598872e-10
0.00084087586501
3.36735826677e-27
1.55371553788e-08
1.02116661234e-06
4.53972811652e-05
0.000162219270836
1.01291477638e-05
8.84557574447e-12
4.59691459404e-10
1.02917854641e-07
0.000921677472032
6.74765484446e-07
9.55550738272e-05
0.000366187876699
0.000123910570732
4.05315038968e-05
2.64524648794e-05
0.000696160643769
1.40984120865e-12
0.000144642122178
1.82174800184e-06
1.15465105378e-07
3.70460309297e-06
3.4864891676e-14
0.00011541869837
2.8485755549e-16
3.58810297855e-30
3.89089438513e-07
8.64110556161e-05
4.22622455618e-08
1.79741195358e-08
2.41242822135e-08
9.14436978412e-13
4.20418631895e-19
7.03978888933e-21
0.000218910971863
8.52717391812e-14
2.61361231697e-06
2.1493612551e-11
2.83502830537e-05
1.784423504e-06
7.37026345598e-11
5.0565322325e-08
3.08183001644e-07
0.000696160643769
2.08378761318e-07
4.64913779909e-06
1.97135743581e-10
6.95633718042e-05
0.00091156681511
2.38855155702e-06
0.000696160643769
5.02982134174e-19
0.00011541869837
1.71739236711e-06
0.000696160643769
1.82275988849e-05
5.56938650012e-13
6.55718457483e-11
6.05207748465e-13
1.3409339711e-05
1.12755542576e-10
9.61960588547e-10
0.000176723003439
0.000262385273107
0.000238430116862
0.00059323642995
1.42036253708e-07
2.86070482022e-05
8.39725379045e-19
0.00091156681511
0.000921677472032
3.96657168767e-07
4.56213320922e-06
1.25794247005e-09
1.08670744681e-08
0.000276783534575
0.000106383826056
1.42279899459e-11
1.75942178053e-18
4.33250149436e-07
7.17791001739e-08
3.10192004482e-08
3.1976760148e-12
8.42493984591e-12
6.86598261121e-14
1.91161338397e-18
0.00059323642995
4.02988311506e-12
1.16332990707e-10
0.000262385273107
8.81633478439e-11
2.40100353324e-13
3.96731517512e-06
3.60499072215e-05
2.63482235647e-11
4.7297521885e-05
5.66747311768e-08
0.000696160643769
0.000116061548968