500
0.0
0.0
0.0
0.0
0.0
0.0
0.0
0.0
0.00015769221966
0.00692893401015
0.0
0.0
0.0
0.0
4.67005806683e-06
0.000182022732652
1.61322523244e-06
0.0
5.81387491856e-05
0.0
0.0
0.0
0.0
0.0
0.0
0.0
0.0
0.0
0.00134887163176
0.0
0.0
0.0
0.0
0.0
0.0
0.0
0.0
0.0
0.0
0.00641479801239
0.00134887163176
0.0
0.0
0.0
0.0
0.0
0.0
0.000182022732652
0.0
0.0
1.66351569759e-10
0.0
0.0
0.0
0.0
0.0
0.0
0.0
0.0
0.0
0.0
4.57576828782e-07
0.0
0.0
0.0
0.00130642126698
0.0
0.0
0.000130435077167
0.0
1.00347674735e-08
0.00641479801239
0.0
1.75325673233e-05
0.0
0.00017317661116
0.0
0.0
5.30257193422e-06
0.0
0.0
0.0
0.0
0.0
0.0
0.0
0.0
0.0
0.012844731566
1.34386856119e-10
0.0
4.45499453006e-05
0.0
7.57598492033e-09
3.75253477189e-07
0.000114790996588
0.0
0.00237397033897
0.0
0.0
0.00015769221966
0.0
0.0
0.0
0.0
0.0
0.000482142409148
0.0
0.0
0.0
0.0130309155767
0.0
0.0
0.0
0.0
0.0
0.0130309155767
0.0
0.000182022732652
9.48876102362e-05
0.0
0.0
0.0
0.0
0.0
0.0
0.0
0.0
0.0
8.97254636576e-10
0.0
0.0
0.0
0.0
0.0
0.0
0.0
0.0
0.00641479801239
0.0
0.0
0.0
0.00134887163176
2.6315626491e-08
0.000182022732652
0.0
0.0
0.0
0.0
0.0
0.0
0.0
0.0
0.000174344181351
0.0
0.0
0.0
0.0
0.0
0.0
0.0
0.0
0.0
2.47156232328e-07
0.0
0.0
0.0
0.0
0.0
0.00027458484475
0.0
0.0
0.0
0.00641479801239
0.0
0.0
0.0
2.68104765119e-08
0.0
0.0
0.012844731566
0.0
0.0
0.0
0.00130642126698
0.0
0.0
8.83290628072e-05
0.00641479801239
0.0
0.0
0.0
3.03036042724e-05
0.0
0.0
0.0
0.0
0.00692893401015
0.0
0.0
0.0
0.0
0.0
0.0
0.0
0.0
0.0
0.0
0.0
0.0
0.0
0.0
0.0
0.0
3.89310182475e-08
0.0
0.0
0.0
0.0
0.0
0.0
0.0
0.00641479801239
0.0
0.0
0.0
0.0
0.0
0.0
0.0
0.0
0.0
0.0
0.0
0.0
0.0
0.000522588939216
0.0
0.0
0.0
0.0
0.00067574105378
0.0
9.88731246659e-07
0.0
0.0
0.00237397033897
0.0
0.0
0.0
0.0
0.0
0.0
0.0
0.00641479801239
0.0
0.0
0.0
3.33116440501e-05
0.00134887163176
0.0
0.0
0.0
0.0
0.0
0.0
0.0
0.0
0.0
0.000143009758116
0.0
0.012844731566
0.0
0.0
0.0
3.20136360158e-05
0.0
0.0
4.4386036293e-05
0.00641479801239
1.64499486699e-06
0.0
0.0
0.0
9.48876102362e-05
0.0
0.0
0.0
0.0
7.16247635418e-07
0.012844731566
0.0
0.0
0.0
6.027671205e-05
0.012844731566
0.0
1.49435021728e-05
0.0
0.0
0.0
0.0
0.0
0.0130309155767
0.012844731566
0.0
0.00130642126698
0.0
0.0
0.0
0.0
0.0
0.0
0.0
0.00641479801239
4.49379200126e-06
0.0
0.0
0.012844731566
0.0
0.0
0.0
0.0
0.0
0.0
0.0
0.0
0.0
0.0
0.000501354366939
8.64211511116e-06
0.00641479801239
0.0
0.0
0.0
0.000673888551003
0.0
0.0
0.00692893401015
7.42473263097e-05
0.0
0.0
0.0
0.0
0.0
0.0
0.0
1.95755522847e-06
1.81796244503e-08
0.0
0.0
0.0
0.0
0.0
0.0
0.0
0.0
0.0
0.0
0.0
0.0
0.0
0.0
0.0
0.0
0.0
0.0
0.0
0.0
0.0
0.0
0.0
0.00134887163176
0.0
0.0
0.0
0.0
0.0
0.0
0.0
0.0
0.012844731566
0.0
0.0
0.0
0.0
0.0
0.0
0.0
0.0
0.0
0.0
0.0
0.0
0.0
0.0
0.0
0.0
0.0
0.0
0.0
0.0
0.0
0.0
0.0
0.0
0.0
0.00692893401015
0.0
0.0
0.0
0.0
0.00130642126698
0.0
0.0
0.00463043026143
0.0
1.16781968885e-06
0.0
0.0
0.0
0.0
0.0
0.0
0.0
1.68839227036e-09
0.0
0.0
0.0
0.0
0.012844731566
0.0
0.0
0.0
0.0
1.23304045262e-06
0.0
0.0
0.00641479801239
0.0
0.0
0.0
0.0
0.0
0.0
0.0130309155767
0.0
0.0
0.00134887163176
0.0
1.93035389293e-08
0.012844731566
5.42934822804e-05
0.00641479801239
0.0
0.0
0.0
0.0
0.0
0.0
6.54311449385e-06
0.0130309155767
0.0
0.000174793549537
0.0
0.0
0.0
0.0
0.000114008323596
0.0
0.0
0.0
0.0
0.012844731566
0.0
0.0
0.0
0.00134887163176
0.0
0.0
0.0
0.00017317661116
0.0
0.0
0.0
0.0
0.0
0.0
0.0
0.0
0.0
0.0
0.0
0.000324575539909
0.0
0.0
0.0
0.0
0.00641479801239
0.0