500
1.39570263127e-08
7.82929277253e-31
0.00602852804437
1.33452976973e-24
3.94675957066e-45
1.45720989968e-09
8.35598259478e-14
7.72007716718e-10
1.05143839695e-11
1.56086058657e-16
4.46975731034e-18
5.56396044386e-08
2.02999907223e-07
3.0041855083e-11
9.43898879662e-14
5.43946608468e-12
0.000774436759646
2.6545765889e-14
1.63103451327e-19
7.90046701576e-29
5.04567905536e-11
4.30413899525e-08
1.19065584335e-20
7.65205484253e-15
1.47720753199e-06
4.74329866523e-27
8.73283744388e-38
2.74547815723e-23
0.00834191817012
4.79141551233e-32
1.07930327324e-22
0.001120517733
2.86251091921e-35
3.6118708506e-06
2.2684224014e-12
9.25450735991e-21
2.05636769609e-09
0.00109319221295
1.82801597997e-08
9.86706474079e-05
3.45241323407e-34
0.00109319221295
1.39720525961e-23
0.000989258917112
3.95842453196e-05
4.588827853e-07
2.46736521436e-13
1.84155203086e-05
8.38847906043e-05
2.695660082e-29
2.76061142354e-14
1.83455711994e-19
1.26472343261e-15
4.98910645886e-05
0.00034158619942
0.000462539942711
1.08487813802e-12
3.31837131707e-17
4.06342626907e-23
3.10584910761e-16
9.7602488563e-11
4.28841928101e-28
4.73091662109e-05
6.18426578324e-08
6.90871007022e-08
3.48232228482e-07
8.81812051793e-10
1.75596119122e-15
8.38847906043e-05
1.46941648227e-20
1.89547913835e-17
5.07440743413e-16
3.36137741604e-09
9.91743492348e-13
1.27484449149e-26
9.20129298378e-37
4.73091662109e-05
4.36343603162e-26
2.48540601225e-09
2.89993678648e-14
7.56893215412e-17
2.13941451445e-15
0.00727834483406
1.18969654146e-35
0.001120517733
2.95674608746e-22
0.003996034443
3.0680894603e-21
0.000989258917112
8.84353345452e-18
0.00556342547912
1.87862444819e-13
1.40713802166e-15
0.001120517733
3.99629156017e-05
0.000989258917112
7.55946623034e-66
1.01576729751e-11
3.65000068276e-12
0.00556342547912
3.28663718929e-15
5.31727182944e-22
3.25465767791e-40
9.64794289426e-17
3.64755970512e-07
4.89514806883e-12
8.61784344942e-15
1.62728553818e-29
9.9175676622e-28
0.00834191817012
8.34079469984e-11
4.26449883271e-12
0.000836424900289
9.85454532347e-12
3.56918189958e-05
2.25527499114e-06
6.27182121132e-05
5.96466550466e-12
2.35002109911e-30
0.000592686866189
2.12936780872e-06
1.86893721783e-10
7.39657165322e-13
3.89566980479e-33
0.000989258917112
5.80012117726e-56
7.97946437729e-32
0.000682162683748
1.3070350836e-07
4.04742397744e-18
1.58681240122e-08
1.72005230069e-10
3.41702392214e-13
0.00109319221295
3.68920147447e-09
2.23846762905e-10
9.5086304326e-05
8.40723526335e-14
1.29896633671e-05
1.22826166593e-20
1.94591757772e-08
3.48316944056e-19
2.12568789037e-08
8.62503346607e-27
7.50701604744e-06
1.94572255654e-27
7.00839954556e-20
1.18404075244e-08
0.00834191817012
4.82817874962e-06
7.00276400457e-14
6.40423598527e-12
0.00727834483406
2.29064423295e-07
0.00588180978763
1.58446238062e-07
9.75152716488e-19
5.89021649289e-06
3.28071509259e-06
1.61045288141e-15
3.37155166861e-33
0.000788825114211
5.11839996401e-05
5.63606516189e-22
6.27182121132e-05
5.95408527196e-17
0.00109319221295
2.93526266296e-24
0.001120517733
1.64400955285e-32
8.53331947966e-21
0.00556342547912
5.95100479883e-07
2.70541880537e-06
3.19044012166e-32
0.001120517733
1.60441771353e-22
6.52367267248e-09
1.31406023372e-32
0.00109319221295
1.88231943022e-12
7.43769100599e-18
2.01224286183e-16
1.20597129579e-14
3.10057972002e-38
1.05658803019e-09
2.47385415367e-08
2.31574622045e-28
3.10626925217e-24
3.51448288301e-09
8.12254515642e-19
1.03127903977e-52
2.81962000705e-06
1.55426677882e-25
1.59821250831e-10
1.27671868566e-19
0.000788825114211
3.83002889647e-18
2.40260040617e-08
1.02374003684e-16
0.000371372902114
7.00783896832e-17
3.52357920147e-15
0.00414682819557
0.001120517733
2.606285966e-40
3.16631026718e-23
7.60300109181e-11
9.31636592824e-08
6.5254886848e-13
8.61732141425e-28
3.52543129017e-09
0.000626193442975
3.37082900346e-12
7.00651680398e-16
4.57611439357e-17
1.65068238498e-66
0.001120517733
2.97185233447e-20
1.60800112489e-24
0.000387580364583
0.000459299372234
1.07153163835e-21
1.8491258195e-09
5.1595498488e-15
2.58323884791e-44
3.38958625815e-18
1.24459405297e-08
0.000639396261284
1.08588935036e-14
0.000989258917112
0.00109319221295
0.000989258917112
5.06335720284e-07
0.000651406070772
1.63169339971e-16
8.45293084604e-10
1.81549092135e-06
3.77209123776e-25
4.26833575785e-21
0.000547521910925
7.14783303711e-24
1.37012216701e-36
6.28697114644e-15
4.51858940277e-11
0.000788825114211
3.17640712304e-19
6.95846118363e-14
0.00034158619942
2.65466091491e-05
1.53501669035e-54
2.24256822806e-24
0.001120517733
0.000330301122884
1.88185794622e-15
0.003996034443
0.000788825114211
2.52833245306e-16
0.00834191817012
0.00414682819557
1.01719535833e-38
0.00602852804437
1.17703562714e-17
1.6868036189e-36
4.65804955726e-14
9.03967960827e-21
2.14505607296e-06
8.1025819841e-12
1.0846632326e-14
2.30973726192e-07
1.86243397129e-09
9.05255004103e-14
3.7545768138e-05
1.86369973262e-07
1.32912159878e-09
5.36669860481e-13
1.10963231286e-08
5.40492665881e-05
4.23145271193e-10
2.66459850149e-26
0.00588180978763
5.15347971864e-05
6.33998291568e-08
1.03307250592e-19
2.66642869325e-21
2.06012872889e-33
0.00556342547912
0.000153039984117
2.75136890011e-17
9.21020859315e-44
1.07294056911e-05
1.75278916865e-21
1.85780068088e-29
0.00588180978763
3.41863405277e-26
1.84239695906e-37
9.7075438999e-57
2.36880655851e-26
1.42685726398e-26
8.68907103758e-05
5.19740274452e-16
1.08932410516e-43
5.10047487371e-07
1.8153291087e-31
2.53582495084e-15
0.001120517733
1.46795962336e-08
0.00556342547912
1.14294762254e-09
3.08821441047e-27
3.46535537007e-21
0.000836424900289
9.85080762287e-11
7.75094967368e-06
9.94700249652e-38
4.98078772799e-34
3.0134588257e-05
7.11724813418e-23
3.88586714232e-46
1.96707333113e-05
7.19141727868e-11
0.00834191817012
2.72116146672e-18
3.94179530294e-05
2.36360082336e-09
0.00588180978763
7.48325273322e-16
5.55780814035e-18
2.54756502662e-36
0.001120517733
7.8864337177e-13
3.41490453689e-37
7.51706104606e-14
2.26206432942e-09
6.3717342301e-11
0.001120517733
4.95789960678e-13
1.0905705262e-09
9.60904267019e-06
1.73884663364e-40
1.40946202703e-12
0.000330301122884
1.21954086297e-06
0.000371372902114
1.12203913828e-61
9.08870121596e-06
3.29965345512e-05
0.00588180978763
1.01715494097e-27
2.1649029547e-11
1.99538260445e-08
2.17639702995e-07
7.81632295928e-17
1.26733182224e-05
5.45796664438e-13
1.67899111222e-41
4.1226100778e-05
0.000482354747751
0.000774436759646
9.47402571405e-15
0.003996034443
1.99653734517e-15
2.6195168426e-08
0.000390379760776
2.05195731495e-31
2.50169243709e-10
4.14132885471e-17
5.33467867254e-29
2.6334437923e-08
5.28826763859e-39
2.33169605671e-05
1.21000126604e-08
0.001120517733
2.30684206976e-07
7.79750142994e-10
1.74330693104e-08
8.11508588385e-05
4.06643040779e-16
9.5086304326e-05
0.00109319221295
1.33107362409e-09
8.95871062248e-13
6.16928539474e-10
0.00602852804437
1.13548896447e-11
1.96759870698e-17
5.64816217585e-19
3.19622656516e-68
3.99629156017e-05
4.0998291036e-14
1.9823457848e-16
0.00109319221295
1.90581842834e-10
7.00485724945e-14
6.64460854854e-05
1.12841049656e-16
6.08855059571e-12
1.10714738887e-45
3.2108346172e-14
1.97606305461e-15
2.76763384336e-19
1.29896633671e-05
5.20603240425e-06
0.00602852804437
1.49096005438e-14
1.55234938827e-27
1.05998730162e-30
2.58840276618e-21
5.21754153518e-81
0.000355762300463
0.000626193442975
9.5086304326e-05
2.18739183031e-36
2.31750447196e-14
1.97597602408e-09
2.27623275441e-14
6.22103544618e-17
0.000788825114211
2.5783239773e-09
0.000639396261284
1.20077390329e-09
0.00475000320583
0.001120517733
0.00602852804437
4.89208996408e-06
1.84500536115e-08
6.34543313471e-38
1.17262772361e-44
7.48311467285e-13
0.00834191817012
2.50967966099e-08
5.60427543648e-26
1.28572623447e-19
1.00954089471e-64
2.17430675715e-51
1.75959451399e-10
1.72984311717e-09
2.09292783839e-23
0.000330301122884
5.08821745096e-07
2.14057454361e-12
1.36844390104e-07
1.31547162675e-07
3.47126253709e-13
0.000774436759646
8.74400000223e-31
1.06345996028e-08
2.48537554243e-05
4.68744950245e-10
0.000297208480938
2.23837229183e-06
1.15060870571e-07
4.60598967041e-22
8.39830462366e-27
2.74881028258e-06
2.55107548876e-11
0.000371372902114
3.98984711283e-28
2.07460564347e-12
1.82773551301e-20
1.11343448744e-13
1.93507845598e-18
5.2377982588e-12
9.31169071562e-06
0.00109319221295
3.05139281937e-05
2.97558902283e-13
0.000452836559673
0.000989258917112
0.000592686866189
2.23570765811e-05
4.91323732527e-14
3.42113450941e-08
1.05750051416e-19
4.45652480179e-09
5.94296107825e-18
1.60759922363e-16
1.49728927558e-26
0.000234896638726
2.01542724026e-06
9.60904267019e-06
0.000774436759646
5.72994298512e-08
1.83714291834e-11
3.36802601971e-19
1.44021472679e-07
1.46089201913e-11
1.40461822811e-10
4.98777456219e-09
0.000755017059222
1.35288149635e-09
6.04994639488e-08
6.43675652184e-40
9.5086304326e-05
4.00008629775e-11
3.86098248962e-06
7.66742542835e-07
3.42073197967e-05
6.30008325735e-23
2.14320967473e-16