500
6.52508487844e-06
6.24446607922e-11
2.71052141192e-18
2.46422734175e-12
1.10788805781e-05
9.70087310617e-11
4.1177883815e-09
1.41094689055e-05
0.0
3.44825279206e-07
4.00040698608e-41
2.11186496933e-11
1.52121397032e-23
5.37928027538e-26
1.71886915326e-06
3.32448002535e-30
3.24579395313e-13
4.28966030811e-06
3.93049490939e-05
3.34868580709e-13
3.37318393201e-08
0.0
6.66010449267e-10
4.0549707651e-07
1.07076817599e-16
9.760544706e-11
1.91903666814e-25
1.29195505663e-05
1.5198650796e-07
2.85647576476e-05
0.0160274352233
3.54966286828e-21
6.88869162512e-16
3.05674196866e-14
6.10016968878e-06
0.0108081263465
3.73079722107e-12
1.31745581517e-10
0.0
8.14243626914e-07
1.45071845919e-10
2.75206424875e-16
2.53396302956e-12
3.83073926108e-05
2.45297140688e-06
9.59775856959e-06
3.6545518532e-13
6.74489772076e-06
1.34409491291e-28
0.0
0.00268772118229
1.97592954102e-06
1.66178744154e-05
7.71213870818e-10
0.00126737429861
4.67521311111e-32
5.96932992233e-07
1.22504081917e-07
1.83753306272e-07
1.07198822522e-15
4.97960268469e-09
1.92465418627e-07
1.9582497882e-05
9.50871261427e-13
7.3767713938e-08
0.0
1.3559193309e-13
0.0
0.0
2.55961841624e-13
0.00387984022696
0.0
2.74384544253e-05
0.000104446647403
7.65842983048e-13
0.000111588298508
1.64294371011e-34
9.07897518599e-27
1.52500644834e-13
1.43562154946e-12
0.0
4.01527046272e-05
1.45619548163e-13
2.32318484856e-05
3.77594072933e-09
3.38405469645e-06
0.000711736248499
4.97910205785e-06
5.19782468046e-07
2.08535442407e-07
5.05691768449e-13
1.00750056132e-06
0.0
2.12917565646e-09
4.55879437065e-08
1.35599856377e-13
0.0
1.70962684811e-12
2.49946382368e-08
3.8243106152e-07
4.73348976281e-16
1.46348402462e-08
0.000111588298508
1.11358619031e-19
1.61098095509e-09
2.46846534565e-18
0.000642803289259
0.0
4.09786822939e-07
8.22731356795e-09
0.000165868910781
4.84029764467e-13
9.8402798958e-19
0.000731731216685
1.7595762928e-06
1.19930752162e-19
2.88303569999e-09
2.67378696328e-09
6.08241358955e-07
0.0
6.04538841092e-06
0.0
3.5248576612e-09
4.36292146747e-14
9.22449131024e-06
8.69465800043e-09
3.93049490939e-05
1.34308602951e-12
0.0108081263465
1.99214814408e-30
0.0108081263465
3.30679140137e-07
2.56279956415e-05
1.84155911934e-13
9.78650665492e-07
4.74410955992e-17
9.85061941695e-07
1.47198936792e-08
0.00387984022696
0.0
6.91973431085e-07
7.60475788973e-19
6.16905959839e-12
2.85233526372e-07
8.91884794666e-06
3.91090370747e-18
0.000172293501078
2.20040526978e-05
3.1461096042e-07
2.40831897762e-06
0.0
8.22930353558e-12
5.19630912522e-28
9.64016573464e-06
0.0
8.03640120744e-09
1.0898600691e-15
2.26313203068e-09
2.13398865273e-14
0.0108081263465
1.9582497882e-05
0.0
0.0108081263465
2.67464949434e-08
6.10016968878e-06
4.97588732308e-08
3.73397250463e-10
1.24171421835e-07
5.99389395066e-17
2.3824145543e-07
0.0160274352233
9.57511634957e-09
1.16354633334e-12
0.0
0.0
0.000104446647403
3.51411723422e-05
1.2980738242e-06
2.58551582456e-09
2.01893407289e-13
9.59425368173e-07
2.2001827026e-14
5.44206200616e-09
2.44690947878e-23
1.04919040596e-14
9.28198883478e-09
0.00011185396289
1.65484662065e-05
7.84783503889e-18
6.27969348469e-06
3.04557888702e-15
6.41913562372e-16
0.012814361159
3.50761738483e-20
9.04597812823e-06
7.49424697381e-08
0.0
4.66043952615e-06
3.57507833598e-19
0.0160274352233
7.02658419375e-22
0.0
0.0115471435326
0.0
0.0
8.04262296063e-09
1.16798011507e-17
5.56000131213e-10
0.0
2.05418753937e-06
2.66106908714e-13
1.17894339793e-08
1.91562279039e-07
0.0
6.61921678528e-10
3.43168217078e-21
2.8160887331e-11
2.71016199716e-13
7.89901005466e-20
8.77991040515e-17
0.0
6.22308626092e-05
3.23184453239e-24
5.82855441691e-05
0.0
3.19210804437e-14
4.62808540125e-07
0.000479960467288
3.01190339291e-06
0.0
0.0
5.29957973565e-09
0.0
0.0
1.11108084305e-08
0.0
1.06536495849e-06
0.0
0.000190860224817
1.41094689055e-05
2.53077893319e-11
1.09991963097e-09
1.48786250027e-08
0.0
8.37594086469e-08
5.50437514997e-06
2.79901445e-07
0.0
2.95393958564e-09
5.4009294056e-28
0.0
2.4145987278e-08
3.41865604798e-08
2.49798993803e-11
4.46029549407e-07
4.41069847904e-07
2.804515252e-05
3.53208142807e-07
2.36975052682e-05
3.06070038242e-08
3.19286959817e-08
1.51102114794e-15
5.52975908482e-07
1.42484858262e-07
1.38624100728e-18
1.27889292861e-26
5.63128492931e-05
2.18328737462e-05
1.39140043767e-13
2.25858068498e-15
2.3631917934e-29
0.0108081263465
7.86158985104e-09
0.0108081263465
3.65932164986e-13
5.92984852909e-07
2.0419616627e-18
0.00605070321109
0.0
2.2896282602e-09
3.3434149398e-10
0.0
0.0
4.54843246876e-06
0.00387984022696
2.64674024907e-15
8.31387878333e-10
5.84310698437e-08
6.9109936563e-06
3.11621345548e-12
1.87863523832e-09
0.0
3.4663455172e-06
0.000123326450553
0.00387984022696
4.94065997151e-14
1.40313112384e-18
3.13658554041e-31
3.75966809478e-20
1.39030456884e-14
2.44487160213e-17
1.42001470583e-11
0.000108944890336
1.36332164703e-06
6.02851113088e-07
4.72582752956e-09
7.5910100861e-19
3.98622643835e-07
4.4057259319e-07
9.62706372252e-08
9.0677931372e-15
6.48829198259e-06
0.0
3.08150916516e-06
2.14424529518e-08
5.95409587196e-10
0.0160274352233
0.0
1.93633537133e-07
1.17206409927e-09
2.43459749594e-09
1.53471166789e-06
4.78029799649e-14
6.20320920787e-32
0.0
3.93049490939e-05
3.85888166741e-19
6.33655981552e-37
9.33078111666e-18
1.25065480752e-08
2.95269767735e-06
2.02778685682e-08
2.61826500868e-06
9.60179889293e-07
1.5661504551e-09
1.94923446757e-07
2.83218796547e-20
8.16247084206e-06
3.0862595896e-05
6.53327734345e-07
2.78039833592e-07
6.51727530853e-06
1.90534756539e-06
0.0108081263465
0.0
1.28825685232e-23
3.99041345317e-15
6.76705994325e-05
0.0108081263465
9.99957443568e-14
1.90591552459e-05
1.39520269387e-19
2.21810854519e-10
1.43076131879e-24
4.0864948598e-07
1.58360283656e-09
1.3712294111e-08
5.49595830168e-07
0.0
0.0
3.29552488183e-14
1.49532649516e-10
5.909442839e-07
0.0
1.97500117531e-14
0.000953216843474
0.0
3.05492640117e-08
1.63295489968e-14
3.32198407725e-06
9.80626520023e-12
3.58062289977e-08
0.0
3.46048476768e-12
2.64051094937e-23
0.0
0.00387984022696
4.4057259319e-07
4.84556980759e-11
2.36197291965e-06
2.22994002283e-07
7.89803351993e-07
1.89708988926e-24
1.23904674425e-05
1.17536311075e-15
1.65378867594e-05
0.000953216843474
1.62938534843e-07
1.66806669603e-14
4.10783346338e-13
2.95100738598e-08
0.0
2.50294782486e-14
3.7056971832e-20
5.29279966865e-06
0.00387984022696
1.04291946843e-08
1.20137104049e-05
1.03841012555e-15
3.05959075082e-10
4.74647644265e-14
6.16132431316e-11
2.84213346095e-13
4.63748818946e-07
0.000181036545167
2.44302306103e-24
1.07381580431e-22
4.2606456699e-13
1.51842863673e-12
8.82873355047e-15
2.2937488554e-32
5.93392575631e-06
2.04286748044e-17
4.80082516238e-05
1.6386135668e-16
5.85722416659e-23
1.16007067357e-06
0.000686755650918
5.80935076151e-06
2.20099666613e-05
1.78497627726e-24
1.72777780444e-05
1.64808007995e-05
2.4491741162e-18
1.19660705701e-12
7.16899511286e-06
2.57348542513e-06
9.69298047522e-16
0.0
8.0321252789e-09
3.8243106152e-07
7.05989523371e-09
0.0
0.0
8.30236283725e-14
1.48660681836e-09
3.91418133029e-14
0.0
0.0
1.15310066422e-32
0.0
3.14323394834e-22
2.57348542513e-06
0.00114115225459
1.12876541465e-16
2.70291100306e-15
7.89803351993e-07
8.91885316152e-06
0.000230749898708
1.56003721485e-29
1.12833663881e-05
1.55750111871e-33
2.95079330296e-05
0.00605070321109
6.12751404359e-10
0.00387984022696
1.77683666001e-28
0.000169054403442
2.37614260472e-08
5.26507302885e-34
3.52553857621e-19
1.19561976827e-06
0.00387984022696
2.21424975412e-09
2.66081452045e-14
9.52868927513e-06
4.18457059679e-23
5.02206314606e-07
0.0
0.0
1.08004823608e-20
5.23127360464e-20
6.40742679647e-10
0.000106475989361
0.0
2.9353015297e-11
7.83148022044e-23
4.06557677429e-24
4.29763171897e-07
0.0
2.03938188251e-30
9.0088931204e-22
3.97895312243e-09
5.93392575631e-06
1.01517754317e-15
1.87702263407e-18
8.22717165016e-12
2.15697779199e-27
7.57236774558e-07
5.38258092548e-06
6.46128224096e-36
0.000479960467288
3.21388419323e-08
3.72789995519e-07
0.000172293501078
5.64993575763e-06
4.13574747493e-06
1.7932336186e-05
1.4578524833e-06
3.01980088401e-18