500
3.18172832704e-06
0.0116910180639
2.35858985756e-14
0.0
3.80021838562e-05
5.88084787188e-05
0.00492262831359
0.0
0.00492262831359
1.97762289099e-06
3.99646453612e-07
2.51328443646e-05
1.63656545724e-19
1.04913717589e-05
1.05129257524e-09
1.5627322629e-05
4.08290561013e-07
0.0
0.000254710295697
0.0
0.000708147426932
0.000708147426932
3.00520674602e-16
0.000217070050376
7.45487761566e-06
0.000415047978626
0.00818732153479
0.0
0.0
3.18172832704e-06
4.91396086996e-10
0.0
0.0
1.97762289099e-06
3.18172832704e-06
1.55693382923e-05
0.00294418818081
0.0
0.0017039297185
1.97762289099e-06
0.0116910180639
0.0
0.00053080924736
2.36737538896e-13
7.69345702839e-08
0.0
0.0
6.22082395827e-05
0.0
1.97762289099e-06
0.00103207149371
3.87523300373e-06
0.0
0.00492262831359
0.0
9.04466316922e-09
3.42811870194e-15
0.019436692041
2.07777690771e-11
0.0
8.32730670792e-15
0.0
6.26827069658e-18
0.0
0.0
0.00492262831359
0.00492262831359
0.019436692041
0.019436692041
0.0
3.12329621735e-19
0.0017039297185
1.04913717589e-05
1.21681729628e-10
0.0
3.67428918138e-07
0.000254710295697
4.06667197882e-12
0.00492262831359
0.0
0.0
7.45487761566e-06
0.0017039297185
4.56618679427e-32
1.81705511867e-07
0.0
4.6833442305e-09
1.62331437121e-06
7.26420106599e-07
1.49293562084e-12
1.04913717589e-05
2.63014505567e-07
0.00053080924736
0.00294418818081
0.00492262831359
5.88084787188e-05
2.61068506325e-07
1.97762289099e-06
5.28959571675e-07
4.72247823946e-06
0.0
7.45487761566e-06
0.00492262831359
0.00492262831359
0.0
0.00053080924736
0.00492262831359
0.0017039297185
1.97762289099e-06
4.32497492689e-09
0.0
2.29529047582e-06
0.00136942007578
1.97762289099e-06
0.000122289398171
1.66736218898e-13
1.21560843636e-39
2.63014505567e-07
7.92670847381e-09
0.00294418818081
0.0
3.07127293875e-17
7.45487761566e-06
0.0
2.86062474089e-09
1.62331437121e-06
0.0
0.00492262831359
6.41860612584e-32
0.00492262831359
2.63014505567e-07
0.0
0.0
1.02822755592e-11
2.78327338869e-06
9.64414679294e-06
1.3594846527e-09
0.0
2.674906957e-07
2.78327338869e-06
1.84060990804e-12
5.32099346404e-07
0.0116910180639
2.41987182634e-12
9.41512704564e-10
4.96877559042e-10
0.0
8.19584131305e-11
0.0017039297185
0.019436692041
3.74127124539e-10
2.96643378362e-08
0.000204513574193
0.000245873799684
1.62657473752e-09
0.0
0.0
3.64222269263e-08
2.63014505567e-07
0.00294418818081
1.96507271746e-07
0.000340228744274
2.63014505567e-07
0.0
1.01402228969e-06
0.0
2.26895533197e-10
1.16565614739e-09
0.0
9.24387729361e-08
0.019436692041
0.000340228744274
0.0
7.42047889334e-13
0.00492262831359
0.0
0.00103207149371
0.0017039297185
8.84082989572e-07
0.00242350496745
0.00053080924736
8.70780407999e-05
3.38121157921e-08
0.00136942007578
0.000245873799684
1.05573058624e-10
5.77828245059e-06
7.27141115671e-17
0.00136942007578
5.88084787188e-05
1.45990917266e-20
0.0
2.59377244018e-10
2.40299423159e-11
0.0
0.00492262831359
0.0
1.5627322629e-05
0.00294418818081
7.45487761566e-06
0.00028580001191
1.97762289099e-06
0.00030112380716
0.0
1.90305207592e-09
0.0
0.00492262831359
2.51328443646e-05
2.80376364791e-15
0.000262923544517
0.0
4.79325885741e-07
1.78898017239e-06
4.92538040661e-10
2.7460464206e-18
7.45487761566e-06
0.0
1.66530182027e-06
2.34715636791e-10
2.37413236982e-11
6.62069364174e-06
0.00492262831359
0.0
2.63014505567e-07
4.54777360922e-08
0.019436692041
0.0
0.0017039297185
4.33310425097e-15
2.78327338869e-06
0.0116910180639
1.90817396642e-16
0.0
0.0
7.45487761566e-06
5.15786516508e-07
4.11153079082e-06
1.5627322629e-05
2.67346971145e-07
0.019436692041
0.0
1.62331437121e-06
2.09251272315e-11
1.72871900257e-16
1.04839443412e-16
0.0
0.00220154854677
0.0
7.45487761566e-06
3.89902983499e-10
1.04913717589e-05
1.55367314839e-06
1.97762289099e-06
0.0
0.00492262831359
0.0017039297185
0.0
0.00492262831359
0.00492262831359
4.32497492689e-09
7.45487761566e-06
5.8060002726e-08
0.0017039297185
0.00103207149371
2.12863446173e-13
0.0017039297185
5.95174253639e-09
0.000197673661563
0.00028580001191
0.0
0.0
1.97762289099e-06
0.0
4.03014940479e-10
9.45323645427e-09
2.63014505567e-07
1.9860849949e-08
1.9860849949e-08
0.0017039297185
1.12576234099e-10
6.16878866266e-08
0.00591301374298
0.0017039297185
4.03554039228e-09
0.000701750840528
5.30898775069e-12
5.61845884149e-31
7.45487761566e-06
4.13200057753e-15
0.0
0.0
4.18239308774e-09
1.22777573851e-12
2.014292097e-16
0.000340228744274
0.00492262831359
0.0
0.0
7.45487761566e-06
1.89273267697e-08
0.0
0.00242350496745
0.000708147426932
5.88084787188e-05
4.61450895909e-11
7.45487761566e-06
0.0017039297185
0.00028580001191
1.08015756928e-10
4.58297416866e-13
1.01704052951e-13
2.85945317657e-21
0.0
0.00103207149371
4.61104176014e-07
0.0
1.08601015514e-05
0.00028580001191
1.84667746397e-09
5.88084787188e-05
0.019436692041
6.48040875305e-05
1.33985295094e-10
1.97762289099e-06
2.97988796508e-17
1.03070500999e-06
0.019436692041
0.0
2.87205075018e-09
3.81040642749e-06
0.0
7.45487761566e-06
3.64222269263e-08
0.00103207149371
0.0
0.000217070050376
8.91319221259e-05
0.000708147426932
5.3937968515e-18
1.59661131207e-26
3.18172832704e-06
0.00492262831359
3.04215552208e-06
3.30089808956e-09
2.02012181298e-13
0.00492262831359
5.73518935384e-06
1.33083932209e-07
0.0
0.000340228744274
0.00492262831359
1.10434510699e-10
8.43062716052e-12
0.00492262831359
1.15442364857e-20
1.69240758749e-11
0.00220154854677
7.45487761566e-06
9.48598476684e-19
3.15460336474e-24
0.0
4.56017733638e-07
1.55693382923e-05
4.68235451953e-06
0.00103207149371
0.00492262831359
7.45487761566e-06
0.0
0.0017039297185
3.80021838562e-05
7.45487761566e-06
1.55693382923e-05
0.000262923544517
2.45968499409e-07
3.18172832704e-06
0.00492262831359
1.66407011457e-08
0.0
0.019436692041
6.3967019709e-11
0.0
8.17779107241e-13
3.31577070464e-05
0.000340228744274
0.0316420118344
8.73860506872e-06
0.00242350496745
8.92048004743e-09
7.3178058315e-17
7.23024535981e-09
0.0
0.0
2.50655801229e-08
7.45144034729e-16
4.8944827546e-10
3.17417060933e-06
2.63014505567e-07
7.24607300692e-18
7.45487761566e-06
5.85004969617e-15
2.65455756212e-05
0.00294418818081
9.98647449262e-13
0.0
2.69361178128e-06
0.000708147426932
7.45487761566e-06
2.67426579726e-18
7.45487761566e-06
1.97762289099e-06
1.7822228851e-19
0.000217070050376
2.97931239215e-07
5.88084787188e-05
3.18172832704e-06
0.00121373538819
0.000340228744274
7.63537385035e-07
7.45487761566e-06
0.0
1.5627322629e-05
1.97762289099e-06
0.0
1.97762289099e-06
8.84707213526e-12
1.12218602972e-07
0.0
0.0
0.0
1.66530182027e-06
0.0017039297185
0.0
0.0
6.78718577472e-17
7.5486391274e-06
3.86018952029e-14
1.52255341618e-16
0.000708147426932
0.0
7.45487761566e-06
0.00030112380716
3.70304658424e-08
1.40282016779e-17
0.0
7.45487761566e-06
1.28138824781e-17
0.00053080924736
0.000340228744274
7.35329620401e-08
2.86610612486e-15
0.0
1.5627322629e-05
7.02491685284e-18
7.45487761566e-06
0.00492262831359
1.68678544318e-07
0.00492262831359
2.60444950797e-07
2.69018045059e-11
2.33310435798e-11
0.00294418818081
1.56612103974e-22
2.45968499409e-07
2.61068506325e-07
0.0
0.00053080924736
2.09636154617e-06
5.88084787188e-05
1.2211214845e-07
2.28061761757e-09
0.0
6.88736487752e-13
0.0
0.00121373538819
7.45487761566e-06
1.64861442155e-07
0.0
2.63014505567e-07
0.00294418818081
7.75279602212e-10
0.0
1.03802522304e-07
5.95174253639e-09
0.000708147426932
1.09808965214e-06
2.92269384781e-06
0.00053080924736
1.55693382923e-05
0.0
0.0
0.019436692041
4.72247823946e-06
0.019436692041
1.66530182027e-06
5.88084787188e-05
7.45487761566e-06
3.29359375435e-14
4.81318768605e-19
0.000254710295697
2.63014505567e-07