500
2.55691033133e-10
2.34208357682e-07
1.71980564254e-11
3.19106625747e-08
3.96600244332e-17
1.29233809115e-13
1.81131505215e-18
2.6736406471e-12
1.97216312369e-08
5.09466632364e-18
2.21376545969e-06
2.52304247833e-13
1.93979805411e-05
3.18934746811e-11
0.000165311988764
7.35016814795e-11
1.45983089291e-19
5.3569701335e-17
2.2913521458e-20
0.0
1.04273407548e-07
2.75971295757e-07
8.51435301776e-13
8.62076412175e-11
1.65166248241e-05
3.17840183636e-10
4.58578617938e-19
8.09278677942e-08
0.00010663320564
8.45531858036e-08
8.92855626469e-11
9.10293172931e-13
1.60107118455e-17
4.83483886976e-19
1.47679706049e-13
9.04568655389e-07
2.27168780727e-14
7.25886216826e-17
1.81824940311e-12
4.31870974493e-06
1.23823986094e-20
9.78419954892e-10
8.98330244535e-09
0.000604708212727
8.13612549589e-09
1.90286284375e-16
0.000450478330223
5.34155489953e-05
0.000239959565706
4.72381447119e-21
5.30790881405e-17
2.608054191e-06
7.7906141073e-07
1.16607935626e-18
1.85275716403e-11
1.453799856e-11
1.1465219902e-12
2.30612357921e-06
0.0352979712173
4.60085353119e-18
2.12922968125e-17
8.20400117543e-16
4.94136312323e-18
2.72820704338e-09
0.000748158816069
4.39100626908e-17
7.24043684883e-09
1.87263786497e-10
2.89851040354e-18
6.54872444421e-09
7.69284597131e-19
0.0203852277044
0.00315955685432
7.98738280601e-07
7.69726850504e-07
5.26161384402e-14
7.40013632039e-14
2.07592860899e-11
3.1670530582e-10
4.60697298654e-19
1.424711616e-15
5.37694451275e-09
0.00261973112244
0.00152238355889
1.85982852554e-14
1.68565962221e-08
0.0120519892003
1.01045455588e-09
3.79643661858e-18
6.69882311041e-14
1.6996729795e-14
7.71595654517e-11
5.45405361601e-15
2.94435483018e-13
8.95055015614e-18
6.22039140339e-16
2.10504090271e-13
7.25508658546e-07
8.51483963507e-09
1.31485484048e-16
5.55621089761e-08
3.80979548351e-06
3.36168026533e-05
2.13833974917e-13
1.8977940711e-19
8.36931684725e-18
1.07382202013e-10
0.2515
1.74022232698e-22
3.55633525169e-14
2.04630886172e-13
5.06738998232e-17
0.0529744376278
3.91176468218e-18
2.46021042205e-11
9.27187586225e-23
1.4776269603e-22
0.000291537432391
2.1218314997e-19
1.17892270152e-16
2.04067886677e-14
4.83738271959e-12
0.00016015656213
4.24078319193e-14
2.78592104647e-20
5.46195342548e-19
3.03137076291e-17
0.089490797546
3.02460053219e-15
0.00418141413677
0.070555258467
4.18506168841e-09
1.78260313123e-17
4.43553781914e-15
0.000309271165015
7.06044777234e-05
7.73486886235e-14
2.68404011992e-15
5.55798066437e-07
1.42200292724e-16
2.23995262005e-13
1.38955419653e-07
1.39795083921e-14
9.18651271509e-05
5.08353782612e-20
1.20538907243e-17
9.62022250309e-15
8.73284697791e-06
6.5562916892e-20
0.00715770528438
3.83575817709e-11
8.54831782313e-17
1.72113348855e-15
2.51327217764e-05
0.0672325230128
3.61929951484e-19
0.0
1.46897992122e-18
9.36735664183e-13
6.44403856913e-12
1.38651165936e-14
1.07105590346e-19
1.82001276266e-09
8.29921794757e-12
0.000666238612218
6.89563217824e-20
1.90536641078e-20
0.000334535761066
1.92490093504e-08
0.00374850761327
1.1349057751e-20
6.11967504627e-15
1.58735123952e-20
2.23813251945e-10
2.27278663597e-19
1.78036331239e-11
0.0160419701242
7.29919780619e-10
3.67745699867e-18
2.80153816255e-12
4.46362206381e-13
0.00066392266592
3.05010821612e-09
9.63315842049e-15
0.0106808405249
3.89745564678e-13
6.64603422182e-19
0.00493085624596
1.57882182636e-12
0.000861337135659
0.115696907703
4.47044469853e-08
2.03355862079e-11
3.85716050955e-10
0.0172559562216
9.25374234975e-05
1.01060570572e-13
1.23205935094e-05
5.39061233971e-20
0.1505
0.000894489849382
5.29388086295e-15
3.5834255655e-17
1.69491496371e-07
0.00104830192836
2.86102220722e-12
0.0525811051693
1.5493615309e-15
7.43882497054e-08
0.0525811051693
5.25614568643e-13
3.44783802305e-09
1.56200157143e-07
2.87495175771e-05
2.18141948632e-14
7.62228140653e-13
1.27125263515e-21
5.26365108875e-09
1.4050722661e-17
4.3462743954e-06
2.07851349987e-18
1.15085255422e-14
9.60766116045e-16
0.00254133757659
0.000115727674407
4.00669803449e-19
2.14157379765e-21
3.9121451386e-15
4.54323758015e-16
2.4158666936e-11
0.0
0.00803781139838
0.000355450438247
1.70469682879e-12
0.00172063499483
8.61494060092e-10
8.01059813722e-09
8.95830831027e-08
0.2515
9.59733137978e-10
2.74763448555e-12
7.8378301913e-15
9.94345826459e-07
3.09127945544e-12
3.13918059042e-16
1.44970912323e-08
1.26826312723e-18
0.00608119959539
3.49895178472e-18
3.68081817308e-07
9.27090900083e-17
3.66613882673e-05
2.13892904871e-11
0.154
2.20826884615e-09
7.61256580642e-13
2.51719012332e-09
1.87875805037e-18
9.83020257531e-20
3.43611355851e-17
0.000556490173841
2.63896209337e-15
0.000248582764564
1.30615776853e-14
8.43442871709e-06
2.97942077692e-18
2.93039385755e-14
2.10915447324e-11
0.2515
1.49102859616e-12
2.80679194381e-17
0.0525811051693
1.67698173292e-12
3.48710732223e-12
6.22566474691e-13
3.05423776852e-19
1.02014659025e-07
3.71327714656e-06
2.38635508268e-18
4.54878088113e-12
0.00013149260226
6.39563227832e-09
3.57861078265e-19
8.03447050544e-07
7.08714017103e-11
8.01001848073e-20
5.45875910934e-17
1.5779406883e-19
8.2215080891e-16
1.7254499705e-12
0.00225271578201
0.000403818049055
2.30449648009e-10
4.354580705e-08
1.57706986819e-18
5.22654470575e-08
1.24377394447e-17
3.6628284986e-14
7.76912420191e-08
3.87830944753e-18
9.94113578149e-20
6.83729080626e-07
3.34967361253e-21
0.0160419701242
3.8595855507e-18
3.99919163643e-06
0.000157398683782
3.54200785757e-17
1.15138454503e-15
2.90532724101e-17
5.33632013137e-11
3.46023200298e-20
0.00815501702878
5.5568247694e-11
3.75572483888e-20
0.0
0.0120396081885
0.00040505540215
7.11363168953e-21
0.0
0.00190318390725
2.09486539733e-07
1.0561224951e-09
0.000894489849382
0.0672325230128
0.000425892092281
2.28300969105e-09
2.72273962055e-10
8.64703543274e-08
1.38925761932e-18
0.00236261151751
9.80308103404e-18
4.06846357498e-20
0.00284659494461
0.000767462746592
5.42184837573e-05
0.000363247286804
4.45221207982e-15
4.51452535754e-14
0.1505
0.00608119959539
4.19035400168e-19
0.2515
1.51783078318e-13
5.17693773628e-16
1.45257459389e-09
0.0529744376278
1.1645543077e-10
4.84648259887e-09
9.20791589109e-21
0.00315955685432
9.1732912175e-12
1.09843376414e-17
5.40244383792e-05
6.9041993264e-14
1.41619244064e-17
0.00327488748301
1.10153038095e-12
9.19870081726e-13
1.08486707733e-09
1.91492958239e-10
0.0672325230128
0.00290982147779
1.04836554487e-12
0.2515
7.43856612008e-12
8.88785908717e-06
1.18084078349e-11
3.10437848511e-13
8.74455466364e-13
3.35542622632e-05
1.86820539932e-17
2.43234183328e-08
1.35619841788e-19
1.92655906496e-16
6.80922203223e-19
0.000261933965119
1.76056725505e-19
0.000694248654405
0.2515
0.0103499422478
7.34252268795e-11
2.13878923108e-17
1.23743799898e-10
2.96335495676e-05
7.56205337155e-12
3.76260558048e-09
0.089490797546
7.18417248132e-15
2.23989032308e-20
2.40688769785e-16
6.31687558686e-16
9.74438998625e-19
0.000112439118706
2.4521499723e-05
2.88578301474e-13
0.0028232229686
5.01957249705e-05
4.89082216974e-16
5.14026393908e-10
6.65823560202e-14
1.4482757827e-15
3.38195559576e-18
1.38620269914e-18
0.00118834447081
9.23707347867e-17
0.0043916932461
3.55253181924e-07
7.6782183205e-16
5.52548143783e-19
9.7538023969e-13
2.33037872511e-15
1.91707733836e-16
6.83661319489e-20
1.08509700279e-19
1.41588525792e-16
0.00104096461966
1.4580707914e-06
1.05268589416e-10
1.74226623202e-15
1.0223589034e-05
4.35636992943e-10
2.22059955973e-14
8.37416184269e-08
0.00621932941039
4.72453354204e-17
2.880042019e-16
5.55132776725e-09
6.92500668503e-21
6.82814229336e-07
3.07008466609e-11
1.17660369631e-07
0.089490797546
8.88290976544e-20
5.62057620049e-17
3.71281611819e-14
1.13288377748e-06
9.78000668256e-17
2.09657998601e-10
2.831495862e-13
1.54054620137e-05
8.18308274269e-13
1.7857383544e-11
0.000176614981263
0.000999135468786
2.66752893636e-11
2.22083047058e-05
2.6752602625e-12
1.24195908749e-17
9.83402800036e-12
1.63086197185e-14
1.70391381397e-07
9.75758562538e-05
1.61959057494e-07
9.94197687274e-14
1.02295705753e-19
2.06563937528e-13
6.09961344006e-15
8.89739746879e-15
2.1374117498e-06
1.94121135334e-21
3.42731823412e-16
0.000140913348938
2.35851397672e-12
1.06039892605e-07
6.18329896438e-08
1.87375278688e-16
5.66500982782e-09
2.71212897974e-16
6.54420434946e-18
6.65892943612e-17
1.32821205177e-06
2.82902806571e-08
0.00457555299797
2.02817688059e-11
1.68405523703e-15
0.000291380265383
1.33354070422e-08
9.0636471131e-16
1.19943599915e-10
2.86585097885e-07
1.53195332212e-16
5.47777604534e-14
1.16199669191e-10
1.87449192954e-12
8.16427570546e-05
5.4697989758e-14
8.39645231339e-09
0.000103510133832
2.47402059504e-11
1.29654765146e-07
0.000206345309438
1.40356881892e-13
1.46300920616e-10
0.0529744376278
0.2515
1.41178643e-15
2.20572074297e-07
3.83370433275e-08
0.1505