500
0.0
0.0
0.0
0.0
0.0
0.0
3.99161548532e-10
2.89000002825e-06
0.0
0.0
0.0
0.0
0.00220452112974
0.0
0.0
0.0
0.0
0.0
0.0
0.0
0.0
0.0
0.00220452112974
0.0
0.0
0.000137514280584
0.0
0.0
0.0
0.0
0.0
3.49039941297e-09
0.0
0.0
0.0
0.0
0.0
0.0
0.0
0.000137514280584
0.0
0.0
0.0
0.0
0.0
0.0
0.0
0.0
0.0
0.0
0.0
3.03505964887e-08
0.0
1.08554023041e-05
0.0
0.0
0.0
0.0
0.0
0.0
0.0
0.0
0.0
0.0
0.0
0.0
0.0
0.0
0.0
0.0
0.0
0.0
0.0
0.0
0.0
0.0
0.0
0.0
0.0
0.0
0.0
0.0
0.0
0.0
0.0
0.0
0.0
0.0
0.0
0.0
0.0
0.0
0.0
0.0
0.0
0.0
0.0
0.0
0.0
0.0
0.0
0.0
0.000100416846833
0.0
0.0
0.0
0.0
0.0
0.0
0.0
1.83904532627e-09
0.0
0.0
0.0
0.0
0.0
0.0
0.0
0.0
0.0
0.0
0.0
0.0
0.0
0.0
0.0
0.000137514280584
0.0
0.0
0.0
0.0
0.0
3.69538579175e-07
0.0
0.0
0.0
0.0
0.0
0.0
0.0
0.0
0.0
0.0
0.0
0.0
0.0
0.0
0.0
0.0
0.0
0.0
0.0
0.0
0.0
0.0
5.07119738904e-08
0.0
0.0
0.0
0.0
0.0
0.0
0.0
0.0
2.88732309849e-06
0.000137514280584
0.0
0.0
0.0
0.0
0.0
0.0
0.0
0.0
0.0
0.0
0.0
3.58574653577e-17
0.000100416846833
0.0
0.0
0.0
0.0
0.0
0.0
0.0
0.0
0.0
0.0
0.0
0.0
0.0
0.0
0.0
4.67580015378e-05
0.0
0.0
0.0
0.0
0.0
0.0
0.0
0.000137514280584
0.0
0.00220452112974
0.000100416846833
0.0
0.0
0.0
2.61968376464e-07
0.0
0.0
0.0
0.0
0.0
0.00208194502291
0.0
0.0
0.0
0.0
0.000137514280584
0.0
0.0
0.0
0.0
0.0
0.0
0.0
0.000137514280584
0.0
0.0
0.0
0.0
0.0
0.000137514280584
0.0
0.0
0.0
0.0
0.0
0.0
3.51032724747e-06
0.0
0.00208194502291
0.0
0.0
0.0
0.0
2.64625182968e-09
0.00208194502291
0.0
0.0
0.0
0.0
0.0
0.0
0.0
0.0
0.0
0.0
0.0
0.0
0.0
0.0
0.0
0.0
0.0
0.0
0.0
0.0
0.00208194502291
0.0
0.0
0.0
0.0
0.0
0.0
0.0
0.0
0.0
0.0
0.0
0.0
0.0
0.0
0.0
0.000137514280584
0.0
0.0
0.0
0.0
0.0
0.0
0.0
0.0
0.0
0.0
0.00208194502291
0.0
0.0
0.0
0.0
0.0
0.0
0.0
0.0
0.0
0.0
0.0
0.0
0.0
0.0
0.0
0.0
0.0
0.0
0.0
0.0
0.0
0.0
0.0
0.0
0.0
0.0
0.0
0.0
0.0
0.0
0.0
0.0
0.0
0.0
0.0
0.0
0.0
0.000137514280584
0.0
0.0
0.0
0.0
0.0
0.0
0.0
0.0
0.0
0.0
0.0
0.0
7.25553047743e-07
0.0
0.0
0.0
0.0
0.0
0.0
0.0
0.0
0.0
1.52009605745e-11
0.0
0.0
0.0
0.000100416846833
0.0
0.0
0.0
0.0
0.0
0.0
0.0
0.0
0.0
0.0
0.0
0.0
0.0
0.0
0.0
0.0
1.88210285176e-08
0.0
0.0
0.0
0.0
0.0
0.0
0.0
0.0
0.0
0.0
0.0
0.0
0.0
0.0
0.0
0.0
0.0
0.000974779222286
0.0
0.0
0.0
0.0
0.0
0.0
0.0
0.0
0.000137514280584
0.0
0.0
0.0
0.0
0.0
1.08631880384e-05
0.0
0.0
0.0
0.0
0.0
0.000100416846833
0.0
0.0
0.0
0.0
0.0
0.0
0.0
0.0
0.0
3.99161548532e-10
0.0
0.0
0.0
0.0
0.0
0.0
0.0
0.0
0.0
0.0
0.0
0.0
0.0
0.0
0.0
0.000137514280584
0.0
0.0
0.0
0.0
0.0
0.0
0.0
0.0
0.0
0.0
0.0
0.0
0.0
0.0
0.0
0.0
0.0
0.0
0.0
0.0
0.0
0.0
0.000137514280584
0.0
0.0
0.0
0.0
0.0
0.0
0.0
1.51366752896e-06
0.0
0.0
0.0
0.0
0.0
0.0
0.0
8.99157881687e-09
0.0
0.00220452112974
0.0
0.0
0.0
0.0
0.0
0.0
0.0
0.0
0.0
0.000137514280584
0.00220452112974
0.0
0.0
0.0