500
0.000317032923438
0.00211176103877
0.000172288126248
0.0113838165178
0.0108500518823
0.0113838165178
3.59821885589e-05
0.0113838165178
0.00211176103877
0.0113838165178
0.0113838165178
0.000183764650477
0.0071570570678
0.00681054495399
0.0108500518823
0.0108500518823
0.0071570570678
0.00681054495399
0.0108500518823
0.00343544719105
0.00681054495399
0.000185224684337
0.00343544719105
0.00681054495399
0.0071570570678
0.000216132453957
0.00681054495399
0.0113838165178
0.0108500518823
0.00681054495399
0.00343544719105
0.0113838165178
0.0108500518823
0.0108500518823
0.00681054495399
0.00343544719105
0.0108500518823
0.0113838165178
0.00236809578773
5.98316029636e-05
0.000519699106936
0.00343544719105
0.0113838165178
0.00681054495399
5.57928699847e-05
0.0
0.0108500518823
0.000173534744991
0.00343544719105
0.0108500518823
6.30453867648e-05
0.0113838165178
0.00211176103877
0.0113838165178
0.00112845387515
0.0
0.0113838165178
3.27954987871e-08
0.0108500518823
0.00112845387515
0.0113838165178
0.0113838165178
0.00681054495399
0.0108500518823
0.00199809143129
2.34541752582e-05
0.0108500518823
7.3205706634e-07
0.00681054495399
0.0108500518823
0.0108500518823
0.0071570570678
0.00211176103877
0.0108500518823
0.000172288126248
0.00236809578773
0.0113838165178
0.00343544719105
0.00681054495399
0.0108500518823
0.0113838165178
4.29145691161e-05
0.0
0.000185224684337
2.85109537616e-06
0.0108500518823
0.000519699106936
1.85395594319e-08
0.000173534744991
0.000542665137584
0.0071570570678
0.00343544719105
5.66677744808e-06
9.79922844582e-05
0.0113838165178
0.0071570570678
3.46614139575e-05
0.0071570570678
0.0113838165178
0.0108500518823
0.000331062401043
0.00681054495399
0.0108500518823
0.00681054495399
0.000303798906927
4.60624342479e-05
0.000165590971308
0.0071570570678
0.00681054495399
0.00211176103877
0.0071570570678
5.74715060697e-08
0.0113838165178
0.00145155552294
0.0113838165178
0.000162702237862
0.00681054495399
0.0108500518823
0.0
0.0113838165178
0.00211176103877
0.0108500518823
4.25438909643e-07
0.00681054495399
0.000303798906927
2.75378742804e-05
0.0
0.00211176103877
0.0113838165178
0.00199809143129
0.00325211553735
0.000982098576183
0.00199809143129
0.000206310776877
0.000512589508759
6.73750200473e-05
0.0113838165178
0.00325211553735
0.00325211553735
0.00681054495399
0.000354446874617
0.0071570570678
1.16843056132e-06
2.33252235933e-06
0.00325211553735
0.0113838165178
0.000303798906927
0.0113838165178
0.0113838165178
0.00211176103877
0.00325211553735
0.0
0.0108500518823
0.00343544719105
0.0108500518823
4.53491097563e-06
0.000317032923438
0.000319553895036
7.13525938051e-05
0.0108500518823
0.00211176103877
0.00199809143129
0.000270492152803
0.00343544719105
1.68426757203e-05
2.40345027411e-05
0.00325211553735
0.00211176103877
0.000194838260062
0.0113838165178
0.0108500518823
0.000599823286302
2.11184025059e-05
0.0108500518823
0.00026688354071
0.0113838165178
0.0113838165178
0.0071570570678
0.000357741556068
0.0113838165178
0.00343544719105
0.0113838165178
1.05363238197e-06
0.0113838165178
1.79731079872e-06
0.0113838165178
0.00681054495399
0.0108500518823
4.10534673363e-05
0.0108500518823
0.000319228100015
0.0071570570678
0.000689471008557
0.0108500518823
0.0108500518823
0.000282596121586
0.0113838165178
7.1551648087e-05
0.0108500518823
0.00211176103877
0.000109562352164
0.0113838165178
0.0113838165178
0.00199809143129
0.0071570570678
0.00199809143129
5.00609557178e-07
0.0113838165178
1.01344881458e-07
0.0113838165178
0.00211176103877
0.00325211553735
0.0071570570678
0.000319553895036
5.90871999074e-05
0.00681054495399
0.00236809578773
0.000101750434656
0.0113838165178
0.000317032923438
0.00223988914912
0.00681054495399
1.59762035981e-06
8.57435255854e-06
0.0071570570678
0.00137250761905
3.44062593129e-05
0.000319228100015
7.24138154644e-06
0.000566683319743
0.0113838165178
0.0113838165178
0.000282596121586
0.00325211553735
0.0071570570678
0.00681054495399
0.000331062401043
0.000319553895036
0.0108500518823
0.000319228100015
0.0071570570678
6.32388166552e-05
0.0108500518823
0.0071570570678
0.00681054495399
1.6030949066e-05
2.42263208572e-06
0.00343544719105
0.000162702237862
0.00325211553735
0.0108500518823
0.0071570570678
0.0113838165178
0.00199809143129
0.00343544719105
0.000172288126248
0.00681054495399
0.00681054495399
0.0113838165178
0.00681054495399
0.0071570570678
0.000103457621248
0.000599823286302
0.0108500518823
0.000982098576183
0.00343544719105
0.00199809143129
0.0108500518823
0.000542665137584
0.000270492152803
0.0113838165178
0.0113838165178
0.0108500518823
0.0113838165178
0.00026688354071
0.00223988914912
0.0113838165178
0.000109562352164
0.000927967457298
0.00681054495399
0.0108500518823
0.000553991805704
0.0113838165178
0.0108500518823
0.0108500518823
0.0071570570678
0.00681054495399
0.0
0.00681054495399
0.000337982240117
0.0071570570678
0.000303798906927
0.0113838165178
0.00325211553735
0.0113838165178
0.00199809143129
0.00681054495399
5.57928699847e-05
0.00325211553735
0.00211176103877
2.08548368852e-05
0.0071570570678
0.00325211553735
0.0108500518823
0.000689471008557
0.000982098576183
0.0
0.00681054495399
0.0113838165178
0.000512589508759
0.00343544719105
1.40767674306e-05
0.00211176103877
0.0071570570678
0.0113838165178
0.000183764650477
0.0108500518823
0.000112006092499
0.00112845387515
1.14952742896e-05
5.34771435542e-05
0.0113838165178
0.0108500518823
0.0
0.00681054495399
0.0113838165178
0.00211176103877
0.0071570570678
0.0108500518823
0.0113838165178
0.00325211553735
0.0108500518823
0.0113838165178
0.00199809143129
0.00145155552294
0.0113838165178
0.0113838165178
0.000337982240117
0.0108500518823
0.00137250761905
0.00343544719105
0.0113838165178
0.0108500518823
0.000164903701957
0.0113838165178
0.0108500518823
0.00325211553735
0.00325211553735
0.000303798906927
0.00681054495399
0.0113838165178
0.0
0.000542665137584
0.00681054495399
0.0071570570678
0.0108500518823
0.0113838165178
0.00112845387515
0.0113838165178
0.0071570570678
0.000282596121586
0.0113838165178
0.00681054495399
0.0108500518823
0.0113838165178
0.00343544719105
0.00681054495399
0.0113838165178
0.0113838165178
0.0108500518823
0.000512589508759
0.00325211553735
0.00223988914912
0.0113838165178
0.0113838165178
0.0113838165178
0.00681054495399
0.00211176103877
0.0108500518823
9.70790902342e-06
0.0113838165178
0.00681054495399
0.000173534744991
0.000927967457298
0.0108500518823
2.1923193756e-05
0.0113838165178
0.00681054495399
0.00681054495399
0.0071570570678
0.000270492152803
0.0108500518823
1.30081653244e-06
0.0113838165178
0.0108500518823
0.0113838165178
0.00211176103877
0.00199809143129
0.0108500518823
0.00199809143129
0.000164903701957
0.000331062401043
5.01336689205e-06
0.0113838165178
0.0071570570678
0.0071570570678
0.0113838165178
0.0071570570678
3.53102839989e-06
0.0108500518823
0.000319553895036
0.0071570570678
0.00681054495399
1.02718314039e-05
0.0108500518823
0.0108500518823
0.0108500518823
0.0113838165178
0.000303798906927
0.00325211553735
0.00681054495399
0.00681054495399
1.40140251759e-05
1.58526491291e-05
0.00211176103877
4.29531605413e-07
0.0071570570678
0.00681054495399
0.0113838165178
0.0108500518823
0.0113838165178
0.000270492152803
0.0113838165178
1.29942271919e-10
0.00236809578773
0.0113838165178
0.000317032923438
0.0113838165178
0.0108500518823
0.0108500518823
0.0113838165178
0.0113838165178
0.00681054495399
0.00325211553735
0.0113838165178
0.00199809143129
0.00325211553735
0.00012593043125
0.0071570570678
9.89205692079e-06
0.00211176103877
0.00343544719105
0.0
0.00343544719105
0.0113838165178
0.0
0.00681054495399
0.0108500518823
0.00681054495399
3.0648559275e-06
0.0108500518823
0.0113838165178
0.000338353704195
0.0071570570678
0.0108500518823
0.0113838165178
0.0071570570678
0.000270492152803
1.07590007377e-05
0.000319553895036
0.000512589508759
0.00343544719105
0.00211176103877
0.00681054495399
0.0113838165178
0.00343544719105
0.00681054495399
0.000166945691543
0.00681054495399
0.000337982240117
0.0113838165178
0.0108500518823
0.00199809143129
0.000523292754719
0.0108500518823
0.0108500518823
3.62505299628e-05
0.00325211553735
0.00236809578773
0.0113838165178
0.000282596121586
0.000354446874617
0.0071570570678
0.0108500518823
0.0108500518823
2.58577819773e-05
0.00325211553735
0.0113838165178
0.0113838165178
0.00325211553735