500
6.56826813816e-11
2.25649394754e-26
9.09534722905e-11
1.85861943832e-10
7.55492520479e-25
0.0
1.24993519452e-11
7.01875580049e-21
6.34052931098e-17
1.20039995819e-20
1.0280823339e-12
0.0
4.46075624108e-07
0.000667056733433
4.11815828269e-25
5.71587243481e-17
1.4988950649e-27
0.0
9.30528219063e-10
1.16369239318e-08
0.0
1.87226674196e-10
1.3414077641e-07
0.0
3.71788274895e-09
9.34352151211e-22
1.75856216195e-05
3.83149098008e-15
6.80428023593e-35
1.07643158145e-07
0.0
8.85188743789e-12
9.3369528612e-15
3.43075762565e-09
0.0
0.0
5.74302359761e-08
0.0
0.0
0.0
0.0
0.0
2.65333295188e-23
0.0
4.44663844557e-09
2.86713561972e-18
1.22451844427e-12
0.0
1.52028033538e-14
0.0
0.0
4.95141476143e-17
1.45574001019e-17
7.33339367389e-08
8.16111489864e-10
0.0
2.56757314316e-08
0.0
0.0
3.13057387835e-09
1.97982282225e-32
7.50142190238e-15
0.0
1.9703031104e-08
0.0
7.16160556259e-08
4.22593088677e-22
0.0
0.0
8.77644958268e-24
3.59673590901e-13
0.0
1.16643389912e-14
7.85916136033e-12
0.0
3.99157469988e-15
3.66909869428e-38
0.0
7.62132154168e-13
0.0
0.0
4.52224182462e-25
0.0
2.22752760094e-14
0.0
1.09038570282e-24
0.0
1.70139102924e-69
4.00444241954e-20
0.0
2.80062774264e-21
5.62301466802e-12
1.09547833941e-10
0.0
0.0
0.0
2.38864429091e-23
3.48843537374e-14
6.36588817943e-19
0.0
5.23844513252e-09
8.17783386205e-45
0.0
0.0
0.0
0.0
0.0
3.29053483554e-26
0.0
1.48691874703e-08
3.45070477091e-19
0.0
0.0
3.65718120162e-13
0.0
0.0
0.0
0.0
3.72869643907e-07
0.0
1.76797873773e-22
8.6408955425e-25
2.09759261097e-41
0.0
1.68030062393e-53
0.0
2.68334903858e-08
0.0
5.01984046473e-14
0.0
8.94980349849e-11
2.4759796798e-10
0.0
0.0
3.97607891993e-24
1.06429219976e-13
9.08174428352e-71
2.0182733046e-12
0.0
0.0
3.84845561383e-37
0.0
1.62349329566e-14
3.61399505451e-17
3.77025814773e-08
0.0
0.0
0.0
0.0
0.0
0.0
0.0
1.98826623464e-09
0.0
1.69778202069e-15
1.76142463905e-11
0.0
1.28107698997e-11
1.72586911409e-28
0.0
2.37618232097e-08
0.0
1.06289108691e-09
4.05890305282e-29
0.0
7.10124663991e-20
0.0
0.0
2.12876697455e-23
0.0
0.0
1.6090702505e-53
0.0
0.0
1.8514063123e-27
3.28176393539e-10
8.42156238884e-16
0.0
5.82349749405e-23
0.0
0.0
1.03018283997e-13
0.0
0.0
0.0
1.15640002703e-15
0.0
1.52214172466e-11
0.0
0.0
3.84354880213e-10
2.16419504126e-18
0.0
0.0
8.57034647165e-08
7.50338085386e-11
1.16075274915e-19
5.20339975963e-17
0.0
0.0
0.0
6.74761127671e-10
0.0
6.50131013981e-12
4.01536345107e-11
3.55133311159e-27
0.0
0.0
3.04818343141e-07
9.89200129629e-19
4.15036701854e-19
0.0
8.80077556528e-13
0.0
1.19694379699e-12
0.0
5.76358283136e-10
4.01000662657e-47
0.0
1.23629018221e-39
2.70409435261e-06
0.0
0.0
7.72902920285e-07
0.0
0.0
0.0
0.0
3.48399775825e-09
8.38352374173e-39
0.0
3.42037003728e-14
7.47162076321e-61
1.19837463932e-09
8.19886339993e-08
0.0
3.30069653969e-10
8.51132036996e-17
2.12066005719e-07
0.0
0.0
4.70343247843e-40
0.0
0.0
0.0
3.20968311243e-32
1.11610322777e-10
9.01881058665e-15
3.91380290979e-25
1.83362184303e-08
0.0
0.0
9.80109030219e-10
0.0
0.0
0.0
5.28492544654e-11
2.22857966202e-25
3.84702344617e-22
6.13792381385e-08
7.03336054287e-12
1.68690440041e-10
0.0
3.42494427422e-13
7.54187006926e-27
3.35987567933e-23
0.0
1.54124799823e-11
2.78727385951e-12
8.26112801837e-09
5.20202077059e-44
5.26165668465e-12
1.22035853428e-21
0.0
1.06836885528e-19
0.0
9.01445045244e-09
0.0
3.31162534479e-11
0.0
3.39215218319e-15
1.34921790004e-22
8.65358140034e-50
0.0
1.31907041591e-07
0.0
2.39140403217e-10
0.0
0.0
0.0
0.0
4.05031453209e-10
0.0
6.30481354849e-07
0.0
0.0
0.0
0.0
0.0
5.69189811334e-20
0.0
0.0
0.0
0.0
0.0
0.0
1.4427899523e-06
3.60794920084e-25
0.0
0.0
6.41997399842e-17
0.0
4.85673125127e-10
1.27922289298e-23
1.12459569044e-09
3.56641372407e-37
7.87221315616e-11
2.85852720606e-10
4.52900541721e-17
7.48244952323e-08
2.19160425055e-15
7.00634675776e-14
0.0
0.0
0.0
4.26269244182e-11
0.0
6.02298857603e-14
0.0
0.0
1.69308999973e-15
0.0
1.83362184303e-08
6.69406455766e-08
3.04818343141e-07
2.41538798666e-12
1.42379213211e-10
0.0
3.70211211775e-15
0.0
0.0
0.0
1.89573938418e-11
0.0
0.0
0.0
3.7793758342e-09
1.11536482469e-07
0.0
0.0
4.69551206773e-14
0.0
0.0
0.0
0.0
1.91811859633e-11
4.70775640476e-26
1.87834670563e-32
3.61562778698e-07
1.37118154827e-10
2.50974352416e-22
5.48439139238e-07
0.0
7.72902920285e-07
7.53930675468e-07
0.0
0.0
1.00368947729e-10
3.4632104598e-22
5.75056489812e-17
9.20870525705e-38
2.22752447511e-11
0.0
0.0
4.45775885882e-14
3.27113297095e-32
4.61086770575e-10
3.89063679507e-31
1.29485044515e-11
2.3443510442e-09
2.39140403217e-10
9.17004927463e-25
3.76418003156e-28
0.0
0.0
5.05088339291e-32
0.0
0.0
1.97294254774e-26
4.34855740009e-19
0.0
0.0
6.6054194082e-25
2.24292208804e-13
0.0
2.07286988306e-20
0.0
1.07923339832e-23
0.0
0.0
1.15575928086e-29
2.45760249938e-16
0.0
0.0
2.3383691628e-12
3.78871687528e-08
0.0
0.0
8.12768459561e-12
0.0
0.0
6.40784124663e-14
0.0
0.0
6.03613673909e-15
5.97400059195e-10
1.24812306744e-12
0.0
3.1952419909e-10
1.13107744432e-06
0.0
9.09672018834e-12
0.0
1.0566863013e-14
0.0
5.68343941081e-10
0.0
0.0
5.51295250545e-12
0.0
0.0
5.27168581642e-21
0.0
0.0
0.0
2.53405731428e-23
0.0
7.9208621368e-10
3.60036149276e-06
1.91500435655e-30
7.04853545493e-12
4.24857044499e-48
2.63809039426e-07
0.0
0.0
0.0
6.28983153089e-29
0.0
8.88890696897e-25
0.0
0.0
2.96955057736e-10
0.0
0.0
9.5538253005e-22
0.0
0.0
0.0
1.32801101574e-10
1.42659436107e-29
1.4573025688e-10
1.07317956203e-07
7.89600853382e-20
8.21880544514e-10
4.40936374441e-27
1.11196859573e-33
0.0
0.0
4.53814829772e-45
0.0
8.08069085733e-11
0.0
0.0
0.0
2.70409435261e-06
6.83067580239e-09
3.51667904975e-11
0.0
0.0
6.52790637603e-35
9.31805826833e-12
0.0
2.39425220255e-56
2.80472978938e-09
8.30137340264e-24
0.0
0.0
0.0
0.0
0.0
0.0
0.0
2.47517905364e-24
5.68132541796e-13
1.98721551108e-19
0.0
0.0
0.0
0.0
0.0