500
5.43616186887e-05
0.00595370591744
4.62904825137e-05
0.000287330096979
1.68138746074e-06
1.71080121786e-08
2.37085510651e-06
0.00455254228921
0.00140599954896
4.50299275212e-05
0.0295014332265
0.0238475959006
0.000232969278259
0.00652713436007
0.00563186842465
1.85804253889e-08
0.00493389943123
2.33398011576e-08
1.17528176412e-07
0.000297825672718
0.0323283518895
0.0295014332265
4.231927467e-13
0.00652713436007
6.67462081669e-18
1.0469152887e-08
2.80303481462e-12
5.56090436117e-09
0.00589576230753
8.80728771304e-06
9.29920596353e-09
0.00607618757901
2.47929170798e-06
0.0323283518895
0.0295014332265
2.91897835235e-05
0.00116323766098
1.03389076493e-07
0.00617153149237
8.98872930239e-06
0.0323283518895
0.00617153149237
0.0295014332265
3.94938938457e-09
0.0323283518895
1.19099518604e-08
0.000961767939436
5.01294537892e-10
0.000875634161045
0.00665842668363
5.54655285991e-08
4.15260475813e-21
0.00127449243632
0.00136450872349
2.08448820732e-08
0.000975901140714
0.000226417559004
5.83394740187e-05
0.0323283518895
5.32658308297e-08
0.0295014332265
4.73000678211e-07
3.69736830557e-05
9.59214370197e-06
0.00455254228921
7.57341973645e-10
4.8816915702e-09
2.47116726689e-18
0.00450245979486
2.14411719568e-15
2.2099823434e-11
0.0295014332265
0.00102512522756
3.9373965141e-09
1.56382600987e-08
0.0013945448891
5.23273022623e-10
0.00491170936976
9.85148227772e-18
0.00659128310071
2.62175344205e-07
8.25436984316e-11
7.09013345904e-09
3.82709882433e-07
3.48703359694e-14
0.0295014332265
0.00589576230753
1.51225778617e-20
0.0295014332265
2.78324015731e-07
0.0238475959006
1.88566937886e-06
0.0297913736022
4.86002468333e-05
0.0295014332265
0.0295014332265
0.00589576230753
0.000263633978688
0.0295014332265
1.37260755632e-05
5.17608723426e-05
0.000191863207602
0.0295014332265
4.24308945554e-05
0.00128305340006
0.000195974462685
0.0297913736022
0.00652713436007
4.52803234852e-05
0.00455254228921
0.00589576230753
0.00137762255033
1.3161750879e-15
0.00607618757901
0.00128305340006
0.0295014332265
0.00589576230753
0.000255900172229
9.11849150877e-10
4.55624285802e-10
5.56747020489e-05
1.27675246359e-05
0.0323283518895
0.000740838114663
2.8931410237e-12
0.0323283518895
0.0323283518895
0.0295014332265
0.00665842668363
0.00617153149237
0.00127449243632
1.36002161263e-18
0.00020906763807
1.20028122296e-08
0.0323283518895
0.000214892863949
0.00607618757901
1.38208211879e-05
8.02324513842e-11
4.2445959719e-05
3.10765981482e-06
7.3653509283e-06
0.0071525845813
6.21032590965e-15
0.00563186842465
0.0295014332265
0.0295014332265
9.15039677144e-10
0.0295014332265
0.000274779332567
0.00103024081462
0.0295014332265
9.12594731789e-08
0.00119854999004
0.0295014332265
3.53577919794e-05
0.00563186842465
0.0238475959006
0.000214892863949
0.00111145599424
4.7801173929e-19
6.67181909328e-08
0.0295014332265
0.000944392721189
0.0295014332265
0.0323283518895
0.0295014332265
0.00021341783414
0.00450245979486
1.7678075363e-17
0.00139661824717
0.0295014332265
0.00563186842465
1.15091103293e-05
1.42960712036e-06
1.69355953406e-06
0.0297913736022
8.18586815271e-14
1.43200862232e-09
0.00450245979486
0.00120726980021
8.75353226306e-08
0.0297913736022
0.0323283518895
0.0323283518895
3.0902654143e-05
0.0295014332265
3.27643920567e-07
0.0323283518895
0.00652713436007
0.00607618757901
3.59678249823e-05
0.00476586191444
0.0323283518895
5.41075070573e-10
0.0052762339176
0.000338736104697
6.59748145243e-05
2.04102223114e-08
0.00491170936976
2.0376229667e-06
5.28415955322e-10
1.88621629882e-17
0.000566368868845
0.00607618757901
0.00563186842465
1.48679615299e-05
6.8126525773e-05
3.09969881373e-25
0.0295014332265
0.000212609287002
0.00021341783414
1.40325318869e-07
1.92582537635e-12
4.48427960187e-05
0.00133569591897
0.0297913736022
3.04113062947e-07
0.001186960171
7.79812825433e-11
0.0010797148829
0.0295014332265
6.03049964635e-07
0.0295014332265
0.0295014332265
0.0323283518895
0.00136318936542
9.8615008675e-08
0.000197215258859
3.56070860851e-10
8.44599169065e-06
5.68103657022e-10
0.00665842668363
2.5274311538e-08
0.0295014332265
0.00563186842465
0.0295014332265
0.0323283518895
0.000204944817666
0.00450245979486
1.10711062325e-19
3.37362302484e-07
7.51446650494e-09
3.99051096292e-06
0.00128305340006
0.0323283518895
0.0238475959006
1.50747994787e-12
2.72164077907e-09
0.00607618757901
0.00128063345904
1.60290632998e-08
5.35040194755e-07
0.0323283518895
0.00589576230753
0.00363958052214
0.000162070371331
0.0295014332265
0.0295014332265
0.0238475959006
0.0295014332265
0.0013534119413
1.44459293039e-06
0.0238475959006
2.07472160293e-11
7.57837610603e-08
0.00148270469893
6.00919524559e-10
1.04429705314e-07
2.16993116457e-07
0.0295014332265
0.0295014332265
0.0238475959006
0.0295014332265
0.0295014332265
9.61640014992e-08
5.59939824665e-07
1.16904008858e-10
1.8801360201e-06
0.00028345193782
0.0052762339176
5.33900226845e-07
2.35464722201e-06
1.22335275596e-09
0.00589576230753
0.0323283518895
1.61746902524e-11
0.000212663285541
1.09050553795e-11
3.32586591115e-18
5.42845452517e-07
0.0323283518895
0.00589576230753
0.0295014332265
0.000286177617428
1.56070454513e-20
3.81283293966e-05
3.10925864338e-06
3.86214867378e-09
9.36319496512e-06
8.33939736232e-10
7.29606770797e-06
0.0295014332265
0.0238475959006
0.00150963060798
1.23868774435e-07
0.000212974220526
1.06800130503e-05
1.71374493344e-10
4.66218327982e-19
0.00115354241075
0.00129566326149
0.00138097267606
0.0323283518895
3.22286479101e-09
0.0295014332265
0.0323283518895
5.99766143581e-05
1.26610876899e-05
7.98561063755e-14
0.000916477546103
1.27389694346e-05
0.0323283518895
1.0155598819e-05
0.00652713436007
2.99819059371e-09
7.13107320423e-08
2.07564443362e-08
0.000211954264363
7.51384758759e-06
0.0295014332265
3.90094713659e-05
0.0238475959006
8.86383487043e-06
0.00121913485968
2.22379094578e-09
3.53590344166e-05
4.38267695789e-05
6.72093720933e-05
0.00589576230753
0.0295014332265
1.09978765587e-05
0.0323283518895
1.33865880818e-05
0.0295014332265
1.90107179543e-10
3.88475777861e-05
3.20420513489e-07
0.0295014332265
0.0295014332265
0.000237016403153
0.00450245979486
0.0297913736022
4.48461211732e-05
0.00455254228921
2.23618348983e-09
6.86303868088e-15
0.0295014332265
1.17520303697e-06
1.12823972973e-15
2.32467638184e-06
0.00568721848288
0.0323283518895
2.00228562123e-06
0.00100429726182
3.16778213458e-09
3.27834837555e-07
1.68541066278e-06
1.53259229915e-06
0.0323283518895
1.30579219666e-05
0.00149727673528
0.00134024004893
0.0323283518895
5.57057158089e-05
3.58703117516e-07
0.0295014332265
1.84394500518e-08
1.38362978101e-11
0.00659128310071
4.66309886681e-05
0.0323283518895
0.00589576230753
1.89613229905e-10
1.22595200394e-08
1.23045313682e-10
0.0295014332265
0.00028345193782
0.0295014332265
4.95126139091e-07
0.000229129453422
0.000931156181177
0.00563186842465
2.4367931485e-06
0.0295014332265
5.70367604936e-06
0.00652713436007
0.0295014332265
0.0295014332265
0.000229637657168
1.19726224695e-05
3.95637215225e-07
0.0323283518895
0.0052762339176
0.00476586191444
3.40277505669e-09
0.0295014332265
0.0295014332265
0.000197358481161
0.0295014332265
0.000213376142555
9.11487050787e-06
0.00563186842465
0.00110063890428
0.00613590441025
4.6674310925e-05
1.23675394944e-05
4.34420365142e-07
1.58136621833e-08
0.00491170936976
0.000875634161045
0.0295014332265
9.562276205e-06
0.000959540137164
1.60771401023e-06
4.48648864845e-09
0.0010797148829
0.0238475959006
0.00665842668363
6.23994397908e-10
0.0238475959006
1.24117087108e-12
0.00022869225424
0.000204161764011
0.000253802231359
0.0297913736022
0.00659128310071
5.42937123903e-05
0.0323283518895
2.67872207415e-06
4.14368416458e-16
0.0295014332265
0.0295014332265
7.78016127359e-06
7.51815190146e-08
0.0295014332265
0.0295014332265
9.01869532955e-06
0.0297913736022
7.77994159241e-06
1.74048074858e-08
2.43588860337e-06
2.17304948797e-07
8.80452529434e-06
7.12275254222e-13
6.03785083347e-17
3.90765552282e-07
0.0295014332265
2.30067884284e-09
0.0295014332265
0.00646071250408
6.36944129686e-05
0.0295014332265
0.000143010324513
1.58826869563e-07
0.00589576230753
0.00101412853477
9.55456947564e-07
0.00476586191444
9.83080462208e-12
0.00491170936976
0.00146866599957
8.38247545056e-06
0.0323283518895
0.0323283518895
2.79155373738e-08
2.01464378149e-07
5.85656429332e-05
0.00617153149237
7.4057338929e-08
4.09298701959e-10
0.0295014332265
8.63618219178e-06
0.000263963799453
0.000149734656028
0.0012451906961
0.0012439867079
4.29816732809e-05
0.00589576230753
4.6249217298e-07
0.0295014332265
8.33096456232e-08
0.0012439867079
2.84428792312e-06
0.00607618757901
1.96367924753e-12
8.01212356778e-06
2.84108719469e-08
0.00563186842465
4.59293322272e-05