500
1.54045730205e-05
0.0380697694028
1.84031398485e-05
1.53324898234e-07
0.0380697694028
0.0380697694028
2.01924114686e-14
3.00193592083e-09
1.34277100487e-05
1.05415327582e-07
0.0463698914398
0.000245948000818
4.14518094048e-05
0.00011530211121
6.27089524293e-05
0.0239279869306
3.00134538924e-05
0.0380697694028
8.84512846831e-06
0.00044716024975
6.58991608073e-05
0.000228392291541
0.0463698914398
0.0463698914398
1.56234213829e-07
0.000126463087747
5.16971006274e-06
0.0463698914398
0.0239279869306
0.0463698914398
3.52487091157e-06
0.0239279869306
0.000723109207208
0.0
8.02861221621e-10
9.99396382958e-09
0.0380697694028
0.0463698914398
3.38515754538e-07
0.0463698914398
2.61036509721e-05
0.0463698914398
0.0380697694028
0.0
0.000134908618294
0.0239279869306
2.77286014281e-06
0.00851264744071
0.00018120928256
0.00337887268499
0.0380697694028
0.0463698914398
9.62762144125e-05
2.10795310135e-12
0.0463698914398
0.0380697694028
0.0463698914398
2.93870583645e-05
0.0239279869306
0.0032395775651
6.69171825973e-05
0.00168905073309
6.27495858706e-08
4.67546986596e-06
0.0239279869306
0.0239279869306
0.000813268886834
0.00472788121664
6.96650582127e-07
0.000106591379921
3.85014809386e-05
0.000245948000818
5.74037289017e-05
0.0463698914398
4.17458792399e-14
1.64300816453e-05
0.0380697694028
6.15288948281e-09
7.00913982301e-11
0.0380697694028
8.17642774928e-06
0.00130021879598
0.00017924673761
9.30524847658e-09
0.0380697694028
2.05953140286e-06
4.32168116779e-06
3.58477295891e-07
0.0463698914398
5.48798357794e-05
1.36424796679e-05
1.11965688827e-11
0.0463698914398
0.000104475685918
0.0380697694028
0.0463698914398
0.000529980156517
0.00293757130956
0.00122385440073
0.0239279869306
2.04324266086e-05
6.03231368599e-06
0.0463698914398
2.11066542153e-07
1.19861971097e-14
1.75901585759e-09
0.0463698914398
6.3700449941e-13
2.61036509721e-05
9.86985300097e-06
7.63298262611e-06
0.0463698914398
1.0426182063e-11
0.0463698914398
0.000205345553274
0.000186335481159
0.00851264744071
0.0
1.6900123232e-07
2.46615623472e-06
0.00337887268499
0.00304324466935
0.0380697694028
3.18222885607e-05
0.0239279869306
1.44414554461e-06
0.0463698914398
0.0380697694028
2.85973069858e-06
0.0380697694028
0.0106548674848
0.0
0.000723109207208
0.000649710484144
1.98030930246e-05
0.0380697694028
4.95190556348e-05
0.0463698914398
9.62762144125e-05
0.000423120347152
6.67853898051e-06
0.0
0.0463698914398
7.50809563996e-14
0.0
0.0463698914398
1.29302634512e-05
0.000565564943395
0.0380697694028
1.10793375225e-05
2.2115617968e-06
3.47006552478e-08
5.61383791212e-12
0.000440844898243
1.29831487923e-05
0.0463698914398
0.0239279869306
0.0463698914398
1.33525587935e-11
0.000134603057813
3.70341838948e-05
2.33155551954e-08
0.0463698914398
2.22315916392e-14
0.0463698914398
0.0239279869306
7.04701933969e-14
3.50308457114e-05
0.000378931447178
0.00293757130956
0.0239279869306
0.0239279869306
0.0
2.5861580162e-07
1.02637787663e-10
0.0239279869306
4.97430968908e-05
4.95190556348e-05
0.0463698914398
0.0380697694028
0.0463698914398
6.96627161113e-15
0.0463698914398
0.0
0.000205345553274
0.00011530211121
2.64148342207e-06
0.000723109207208
1.5279857457e-08
0.0463698914398
0.00203129751094
7.63647769421e-09
0.00337887268499
0.0239279869306
0.0463698914398
0.0
5.17342050266e-05
1.52044366903e-08
0.0
0.000126463087747
0.0463698914398
0.0463698914398
7.18031162962e-07
0.000245948000818
0.0
5.89734089823e-06
1.21447760652e-14
0.000186335481159
4.70652697242e-06
0.0463698914398
0.0463698914398
1.04855163136e-07
0.0463698914398
3.41493157631e-09
0.00472788121664
0.0239279869306
0.00851264744071
0.0463698914398
0.00130021879598
1.52493530168e-06
0.000198180317258
4.97430968908e-05
0.0239279869306
0.0380697694028
5.18016435323e-05
0.00130021879598
0.0239279869306
0.0380697694028
0.000158923854274
2.32523961644e-08
1.87655280984e-08
0.0463698914398
0.0463698914398
0.0380697694028
0.00196447734608
0.0
7.61395660236e-07
0.0
3.14801325294e-05
3.96231180743e-05
0.0380697694028
0.0380697694028
0.0463698914398
0.000176865334435
0.0463698914398
0.000172228694032
0.0239279869306
7.57370462068e-05
0.0463698914398
1.03287827953e-06
0.000158923854274
0.0463698914398
1.47123742593e-09
0.0380697694028
0.0
1.19993281803e-05
2.31499880886e-08
0.000128298528308
0.00293757130956
0.0463698914398
0.0463698914398
0.0463698914398
0.00472788121664
0.0
0.000362177738529
3.28611626856e-05
0.0
0.0380697694028
0.0239279869306
0.0
8.34850472401e-07
3.48200684795e-20
0.00337887268499
0.00851264744071
5.98210981478e-06
0.00044716024975
0.0380697694028
0.0463698914398
0.0
0.0463698914398
0.0239279869306
0.0
0.0463698914398
7.57370462068e-05
5.34522821924e-05
0.0
0.00044716024975
0.0463698914398
4.14518094048e-05
0.000158923854274
3.2722379453e-10
2.13105687129e-05
2.54865334904e-07
5.13639376485e-10
0.0463698914398
0.0463698914398
3.93206821836e-06
0.0463698914398
0.0463698914398
8.84512846831e-06
0.0463698914398
0.000158923854274
0.0010980846807
3.93206821836e-06
0.0380697694028
0.000439155215966
0.0
0.0463698914398
1.10109534248e-09
0.00337887268499
0.0463698914398
0.0463698914398
0.0380697694028
9.62762144125e-05
0.000813268886834
2.29236724845e-06
0.000245948000818
3.78494454779e-08
0.000176865334435
3.85875643612e-07
0.000160544324226
0.0463698914398
0.0380697694028
8.652607894e-07
0.0
0.00472788121664
0.0463698914398
6.6627157462e-11
0.00160687723116
0.0463698914398
0.0380697694028
0.0380697694028
2.50427453725e-06
3.65991630409e-17
0.0463698914398
0.000389922214758
0.00196447734608
0.0
1.2073434984e-06
0.0239279869306
0.0
0.0463698914398
4.97430968908e-05
0.0463698914398
0.00196447734608
0.00851264744071
6.27089524293e-05
0.000107363436563
4.93034293917e-09
7.97097958615e-06
1.58371984721e-09
0.0380697694028
0.0380697694028
0.0463698914398
0.0463698914398
0.000602292854452
0.0463698914398
6.27089524293e-05
0.000103328328442
0.0239279869306
1.26312444918e-07
0.0380697694028
1.3859339551e-06
0.00293757130956
0.000134908618294
0.0463698914398
0.000136903094519
2.22518041336e-08
1.29302634512e-05
4.71967056816e-07
5.48798357794e-05
0.0380697694028
8.02735862816e-09
8.8447317312e-12
1.43112366474e-14
0.0463698914398
4.41939814537e-09
0.0239279869306
2.91143777466e-11
0.00101444672257
1.98677718756e-05
1.58352945738e-09
2.56677054419e-08
1.58068663547e-09
0.0
0.0380697694028
0.0463698914398
5.24253399229e-08
2.61036509721e-05
8.80316512047e-05
0.0463698914398
0.0463698914398
2.59964368291e-09
0.000565564943395
4.37657654819e-07
0.000813268886834
7.366424017e-05
3.32817247801e-09
0.0463698914398
0.0239279869306
0.0
0.0
0.0463698914398
3.50308457114e-05
1.00539652652e-05
9.62762144125e-05
0.000473127041681
0.0463698914398
0.0
0.000158923854274
0.000205345553274
0.0380697694028
0.0380697694028
2.45279175221e-06
0.0380697694028
8.29310863659e-06
0.0463698914398
0.00851264744071
0.000214204142907
0.00337887268499
0.000529980156517
6.12701342224e-08
1.95001828054e-08
4.08714751085e-08
0.000675910616548
0.00130021879598
0.0
0.0
0.0463698914398
0.0
0.000423120347152
4.88633398226e-09
0.00027995626144
0.0380697694028
0.00130021879598
0.0380697694028
4.64217619333e-06
0.00044716024975
0.00337887268499
3.33362314686e-06
0.00851264744071
0.00472788121664
2.92394286307e-05
9.69122991198e-07
0.0463698914398
0.0
0.0
0.0463698914398
1.73863849509e-05
8.71868837798e-09
0.0463698914398
0.00196447734608
0.0463698914398
0.00196447734608
8.84057608473e-05
0.000565564943395
0.00044716024975
0.000134908618294
0.0463698914398
0.000565564943395
0.000220664366534
0.000942327094342
7.02412870587e-05
3.74762561088e-06
0.0239279869306
0.0
0.000205345553274
0.0463698914398
5.01531156886e-06
2.08973751354e-09
0.0380697694028
4.28518917015e-08
0.0463698914398
0.00018120928256
0.000245948000818
0.0463698914398
0.0
0.00130021879598
0.0380697694028
7.14981451369e-07
0.0380697694028
0.000602292854452
0.0127388882104
0.0
0.000440844898243
0.0
1.283528839e-06
0.0380697694028
2.38676485545e-07
0.0
0.0463698914398
0.00304324466935
0.0463698914398
7.57370462068e-05
0.0463698914398
4.95190556348e-05
0.0380697694028
0.000439155215966
0.000490046439844
0.0463698914398