500
0.0805831015251
0.00264052335296
1.69882683321e-06
0.00242960111849
0.0141370597453
0.0311992746107
0.0141370597453
0.000164775317081
0.0990647363022
0.000382039456498
0.0990647363022
0.0805831015251
0.0990647363022
0.0805831015251
0.00671198915693
0.0990647363022
0.0990647363022
0.0805831015251
0.0805831015251
0.0141370597453
0.0990647363022
0.0805831015251
0.0990647363022
0.0990647363022
0.00264052335296
0.0257899385189
0.0157552526109
5.8488753725e-06
0.0990647363022
2.14229066264e-05
0.000183224970947
0.00925126809483
0.0990647363022
0.0990647363022
0.000247930745672
0.0121573707663
0.000345595164026
0.0805831015251
0.000247196327033
8.5795104739e-05
9.85579320288e-06
0.0990647363022
0.0990647363022
0.0990647363022
0.000352310977961
0.00264052335296
0.00395504617965
0.0990647363022
0.00257047679949
0.0990647363022
0.0311992746107
0.0805831015251
0.0990647363022
0.0311992746107
0.0805831015251
0.00138935301886
0.0990647363022
0.0990647363022
0.000383472433844
0.000564777923967
0.0157552526109
0.0141370597453
0.0061743633584
0.0805831015251
0.0157552526109
0.0805831015251
0.0990647363022
0.00759865039818
0.000655298658606
0.00309031544022
0.0157552526109
0.0805831015251
0.0805831015251
3.8520342575e-05
0.0990647363022
2.89821970133e-05
0.0990647363022
0.0990647363022
0.000821416367606
0.000383472433844
0.0805831015251
0.0990647363022
1.4362803595e-05
0.0990647363022
0.0805831015251
0.0990647363022
0.0990647363022
0.0311992746107
0.0100681750572
9.21800275587e-06
0.00395504617965
0.00158908658754
0.0990647363022
0.000226644156941
0.00270860811405
1.72952899049e-07
0.0121573707663
0.0157552526109
0.00138935301886
0.0121573707663
0.0990647363022
0.0990647363022
0.0805831015251
0.0
0.00671198915693
0.0805831015251
0.0121573707663
0.0805831015251
0.0805831015251
0.00671198915693
0.0805831015251
0.0990647363022
0.0805831015251
0.000194971753942
0.0061743633584
0.0990647363022
0.0805831015251
0.0100681750572
0.0990647363022
0.0061743633584
0.0990647363022
0.0805831015251
0.0805831015251
0.0990647363022
0.00554388079298
0.0061743633584
0.0805831015251
0.0805831015251
0.0
0.00107612940224
0.0157552526109
0.0990647363022
0.0990647363022
0.0990647363022
0.0805831015251
0.000626610111181
0.0990647363022
0.0990647363022
0.0990647363022
0.0990647363022
0.0805831015251
0.00925126809483
0.00759865039818
0.0311992746107
0.0805831015251
0.00925126809483
0.0257899385189
0.0061743633584
0.0990647363022
0.0141370597453
0.0805831015251
2.51119236458e-06
0.0990647363022
0.0990647363022
0.0004989226965
0.000377740362457
0.0990647363022
0.0805831015251
0.00759865039818
0.0100681750572
0.00819615384084
5.78692288583e-05
0.0100681750572
0.0805831015251
0.0157552526109
0.0805831015251
9.20597168674e-08
0.0990647363022
0.000383472433844
0.0141370597453
0.0805831015251
0.0805831015251
0.0121573707663
0.00925126809483
0.00554388079298
0.00363542767394
0.0311992746107
0.0805831015251
0.0157552526109
0.0141370597453
0.0141370597453
0.00819615384084
0.0061743633584
5.59855939116e-06
0.0805831015251
0.0121573707663
0.0990647363022
0.0990647363022
0.00477148506358
0.0990647363022
0.0805831015251
0.0805831015251
0.0990647363022
0.0990647363022
0.0990647363022
2.3627198077e-05
0.00759865039818
0.0141370597453
0.0805831015251
0.0805831015251
0.0990647363022
0.0805831015251
0.0990647363022
0.0990647363022
0.0141370597453
0.0990647363022
0.0805831015251
0.0311992746107
0.0061743633584
0.0990647363022
0.0
0.0805831015251
6.73344718257e-05
0.0100681750572
0.0805831015251
0.0805831015251
0.000129848838983
0.0121573707663
0.0805831015251
0.0257899385189
0.0157552526109
0.00554388079298
0.0990647363022
0.0990647363022
0.0805831015251
0.0014286615977
0.0990647363022
0.000105363571228
0.0805831015251
0.0257899385189
0.0157552526109
0.0805831015251
0.0157552526109
7.3736179367e-05
0.0141370597453
0.0805831015251
0.0157552526109
0.0257899385189
0.0990647363022
0.0990647363022
0.0
0.000196835681316
0.0990647363022
0.00925126809483
0.0805831015251
0.00218212339706
0.0061743633584
0.00041047755121
0.0990647363022
0.0257899385189
0.0990647363022
0.0990647363022
0.0990647363022
0.000626610111181
9.78254923371e-05
0.000324017468032
0.000494197075073
0.0311992746107
0.0141370597453
0.0805831015251
0.0805831015251
0.00554388079298
0.0990647363022
0.0990647363022
1.8759104343e-05
0.000150730994405
0.0061743633584
0.0
0.0805831015251
0.0990647363022
0.0141370597453
0.0990647363022
0.0
0.000175272991845
0.0157552526109
0.0990647363022
0.000105466968316
0.0990647363022
0.0257899385189
0.0990647363022
0.00671198915693
0.0257899385189
0.0990647363022
0.0990647363022
0.0311992746107
0.0311992746107
0.00925126809483
0.0805831015251
0.0157552526109
0.0990647363022
0.0990647363022
0.0257899385189
0.00117753584459
0.0257899385189
0.00671198915693
0.0805831015251
0.0990647363022
0.0121573707663
0.0805831015251
0.0990647363022
6.89407152153e-08
0.000177595413957
0.0805831015251
0.0311992746107
0.0990647363022
0.0990647363022
0.0990647363022
0.0061743633584
0.0990647363022
0.0
0.0990647363022
0.0990647363022
0.00554388079298
0.0805831015251
0.0
0.0990647363022
0.0805831015251
0.0990647363022
0.0311992746107
0.0805831015251
0.0
1.34495070218e-05
0.0990647363022
0.000655298658606
0.0990647363022
0.0990647363022
0.0990647363022
0.0990647363022
0.0141370597453
0.0141370597453
0.000103292061725
0.0121573707663
0.000494197075073
0.0990647363022
0.0990647363022
0.0990647363022
0.0805831015251
0.00477148506358
0.0121573707663
0.000216154037745
0.0990647363022
0.0157552526109
0.0990647363022
0.0990647363022
0.0141370597453
0.00242960111849
0.0990647363022
0.0990647363022
0.0100681750572
0.0990647363022
0.0990647363022
0.0157552526109
0.0805831015251
0.0805831015251
4.20077462398e-05
0.000164775317081
0.0257899385189
0.0990647363022
0.0805831015251
0.0990647363022
0.0
0.0990647363022
0.0121573707663
0.00218212339706
0.0990647363022
0.0990647363022
0.0990647363022
0.0121573707663
0.0990647363022
0.0990647363022
8.81337367812e-05
0.0990647363022
0.0257899385189
0.0157552526109
0.0990647363022
0.0805831015251
0.0805831015251
0.0990647363022
0.0311992746107
0.0990647363022
0.0805831015251
0.0990647363022
0.0311992746107
0.0257899385189
0.0061743633584
0.0990647363022
0.0121573707663
0.00477148506358
0.0805831015251
0.00123155366698
0.0157552526109
0.0257899385189
0.0990647363022
0.000226644156941
0.0121573707663
0.0990647363022
0.00242960111849
0.0157552526109
0.0990647363022
0.0990647363022
0.00819615384084
0.0990647363022
8.56193589639e-05
0.0805831015251
0.0805831015251
0.00270860811405
0.0805831015251
0.0805831015251
6.90971973902e-06
0.0157552526109
0.000146657878123
0.0990647363022
0.0141370597453
0.0805831015251
0.0990647363022
0.0805831015251
8.18400001333e-05
0.0805831015251
0.000424441613641
0.000247930745672
0.0311992746107
0.0990647363022
0.0121573707663
0.0805831015251
0.0805831015251
0.0990647363022
0.0311992746107
0.0157552526109
0.0121573707663
0.0990647363022
0.0990647363022
0.0311992746107
0.00925126809483
0.0990647363022
0.00143217544531
0.0990647363022
0.0805831015251
0.0157552526109
0.0990647363022
0.0805831015251
0.0
0.0990647363022
0.0990647363022
0.00925126809483
0.0990647363022
0.0805831015251
0.0990647363022
0.0990647363022
0.0805831015251
0.0990647363022
0.0157552526109
0.000372161841655
0.0311992746107
0.00554388079298
3.57592168414e-05
0.00218212339706
0.0805831015251
0.0990647363022
0.00925126809483
0.00101313299878
0.0990647363022
0.0257899385189
0.0990647363022
0.0805831015251
0.0311992746107
0.0311992746107
0.0311992746107
0.0805831015251
0.0805831015251
0.0805831015251
0.0
0.0311992746107
0.0805831015251
0.0990647363022
0.0805831015251
0.0311992746107
0.0990647363022
0.0805831015251
0.0990647363022
0.00322228755096
0.0990647363022
0.0805831015251
0.0311992746107
0.0004989226965
0.0100681750572
0.0141370597453
2.49147309407e-05
0.00759865039818
0.0990647363022
0.0990647363022
0.00218212339706
0.0990647363022
0.0990647363022
0.0990647363022
0.0805831015251
0.0257899385189
0.00554388079298
0.0157552526109
0.0141370597453
0.0