500
0.0249656814755
0.000532920724698
9.39853405371e-06
0.00885337717932
0.0886152141804
3.6183261966e-06
7.26922664875e-20
0.00129915302871
0.0249656814755
2.35812079843e-06
8.5190904633e-11
0.00011265411319
0.000185625406014
9.90703207759e-09
0.0023179052776
0.0249656814755
1.93461213934e-07
0.0023179052776
4.10703351131e-15
1.27039036265e-05
4.01325179597e-12
2.12220443861e-12
3.84576801712e-09
3.34295696578e-07
1.25595834754e-11
8.61015249215e-08
2.12825222261e-05
0.000399475704488
0.000605879733571
0.0886152141804
0.0249656814755
0.00406825257166
0.0886152141804
7.32795336772e-06
0.00653627239399
2.35090734656e-05
5.27228900981e-06
0.0886152141804
0.00078425936201
0.0249656814755
1.87313212591e-09
0.00650630914826
0.000261629654705
9.19115549397e-05
2.62352517317e-18
1.20594061731e-08
9.05382829303e-10
0.000511482310972
3.1017732292e-05
0.00882631578944
1.34505698109e-05
0.0886152141804
6.01809487946e-23
0.00301591099794
8.14973091519e-06
7.76626504204e-16
2.02649453476e-06
0.000423568041307
1.27496464476e-10
2.61829505279e-18
0.000115966242393
9.25358356454e-14
3.11673138417e-13
0.00129904961631
0.000897622837503
3.78194292376e-05
4.90300152944e-05
2.04791675153e-08
3.72975857173e-13
0.00406825257166
1.0387147603e-05
0.000897622837503
2.13984368292e-12
0.0232003752313
1.70437353141e-06
0.000280998493149
0.000330888752118
0.000420144212912
9.4464465961e-07
4.90276193509e-06
8.58853039669e-07
8.01488081876e-06
0.0886152141804
0.00052979130581
1.66137400966e-06
0.00553575048664
6.44397805319e-08
4.12353246978e-05
1.90895962217e-09
1.91400317445e-19
0.00653627239399
2.00936329552e-05
1.62361169932e-17
6.89209350866e-06
6.45624711062e-05
0.0886152141804
6.73603770095e-07
3.79585180643e-10
0.0886152141804
0.000373071072864
6.64056507787e-09
0.00553575048664
6.14756222188e-15
6.0132633435e-16
0.000106402946304
8.97960811915e-10
0.000531518311878
4.90186249726e-07
3.8029634353e-13
7.68178993806e-10
1.83260658517e-13
0.000261629654705
2.51744738804e-14
0.0232003752313
0.0015832529807
0.000392629327498
6.62310885263e-08
3.68406858003e-11
8.01405385277e-10
5.18177513812e-08
4.90300152944e-05
0.00301591099794
0.0886152141804
3.20576336279e-08
1.35207344466e-05
3.03868693044e-17
0.00200077995328
3.44229500616e-06
5.67867416058e-05
0.000280998493149
0.00263502256884
6.52385386074e-09
9.23291609883e-06
0.00653627239399
0.000748515129089
0.00487676003499
3.72879550906e-23
3.29772314987e-12
3.16518916134e-06
0.0132294952681
1.94887231958e-17
2.41092714877e-15
8.06854501196e-33
0.000294141595277
0.0132294952681
0.00446077082685
0.0886152141804
0.0249656814755
2.20896189188e-20
3.34280703412e-15
0.000117855895764
0.0249656814755
0.000107775608028
3.26222839726e-10
3.47675477793e-06
3.34223834307e-08
0.00882631578944
7.00199979968e-09
4.26157199454e-05
0.0232003752313
0.0886152141804
2.27543868092e-05
4.18946468146e-05
3.44719214891e-07
0.0886152141804
1.65733460042e-07
0.000689876032071
7.32863163563e-08
3.72113265412e-10
1.3310521627e-07
0.00653627239399
0.000317545236515
0.0249656814755
4.48928603779e-15
0.000903891995616
0.000261304030277
1.89325700731e-06
2.84802898795e-25
1.24686435128e-06
0.0886152141804
0.0249656814755
0.0023179052776
1.4698045997e-19
1.99894026722e-13
1.7695716745e-09
9.57691105177e-08
0.000895447360743
0.000230285185075
0.00301591099794
0.0886152141804
0.0249656814755
0.000605879733571
1.69979867362e-17
1.41228533964e-15
3.3157521382e-25
3.99019546057e-10
2.55238251432e-09
2.52729219917e-11
5.99230868721e-17
0.00200077995328
0.000171464773112
0.0886152141804
9.9530446198e-09
0.000382360120911
0.0886152141804
5.32770383776e-05
7.53807863245e-27
0.00224229882527
5.32788873742e-08
3.61628337896e-13
4.36538425418e-06
2.80780442641e-06
5.17620460222e-07
0.00129915302871
4.1512473621e-10
1.15503885346e-15
9.48417863969e-13
0.0886152141804
0.00885337717932
1.15577164099e-07
5.94063127555e-11
0.0249656814755
5.70132641632e-15
2.05700683611e-07
2.41517214188e-06
2.6125921215e-09
4.03147410737e-05
2.03100721644e-05
0.000510099097849
0.00553575048664
2.79019315014e-10
3.02650906777e-09
1.65816699843e-14
2.55026964214e-09
3.72591038923e-05
0.000261629654705
0.00882631578944
0.000903891995616
1.32091650845e-05
0.00148323491702
4.02507470484e-05
0.000748515129089
0.0249656814755
0.00339354223047
0.0015832529807
3.01353970697e-08
3.6771940848e-13
1.81919445625e-10
8.28155900619e-08
1.94252539113e-06
0.00118815525808
4.71376785939e-10
3.34394400004e-09
1.11212276177e-07
0.000227350471302
3.44615485836e-16
3.63501656354e-05
8.85651744647e-12
0.000641192913507
1.45285682911e-13
0.0886152141804
4.12208421246e-19
1.30159115464e-07
5.14887853648e-08
3.95012738372e-11
0.0249656814755
4.89789973771e-13
0.00127678597599
0.000913775182339
0.00078425936201
1.23830742458e-12
4.34726143805e-06
0.0249656814755
3.20898184947e-19
1.49483589012e-10
1.96365986713e-07
1.56207235709e-21
0.000583855636726
0.0886152141804
0.00339354223047
7.63420177311e-05
4.91702817023e-05
7.71892431454e-06
1.37256702314e-11
0.00653627239399
2.07414717042e-05
5.11283319145e-05
0.00263502256884
2.41821057552e-05
0.00553575048664
3.6463734094e-10
0.00197298966888
0.000416346733359
3.8616981759e-07
0.0886152141804
3.37073895783e-05
0.0249656814755
4.27920246983e-16
0.000158879959098
0.0249656814755
1.62276448909e-06
7.88152587606e-12
4.86100450214e-09
2.24021598762e-24
0.000151356331296
2.77645433588e-19
7.50804731886e-31
0.00446077082685
8.35776090827e-11
1.04697163291e-07
2.82692022604e-05
3.35788839435e-13
1.570549726e-06
8.59726519609e-10
1.92205363994e-08
1.35207344466e-05
0.000117855895764
0.00147321251491
1.77213846092e-21
4.28070998996e-16
0.0886152141804
2.34889881314e-05
1.52344170131e-06
1.88488443921e-05
0.0023179052776
7.46049316437e-08
0.0232003752313
3.10512550067e-25
2.11253502427e-13
7.42608963537e-15
7.50183916945e-15
0.0232003752313
0.000571363602737
0.0249656814755
5.67427710683e-05
2.08989922867e-11
8.52321252835e-13
4.37351610225e-07
4.15686514994e-08
0.00326592149823
0.0249656814755
1.60306397272e-16
0.00263502256884
5.37270969928e-07
0.00406825257166
0.000738168693247
0.00487676003499
0.00174971127159
0.0101184300554
4.36237057168e-09
0.000748515129089
1.04903028492e-10
2.06807163248e-06
1.03346573758e-08
1.39382238953e-19
0.00263502256884
6.90054460171e-09
0.0249656814755
2.07103631673e-06
1.67819673677e-06
5.32770383776e-05
0.00487676003499
2.49378219143e-05
0.0249656814755
0.0249656814755
6.93958348774e-08
1.29379576392e-12
1.2518582898e-06
0.0249656814755
0.0886152141804
2.23856006065e-13
0.00882631578944
3.47338304947e-16
0.0886152141804
8.29836291e-07
0.0886152141804
0.0886152141804
0.0249656814755
0.00326592149823
0.0886152141804
0.0023179052776
4.61697702791e-07
0.000450003006093
0.00148323491702
0.00108360547355
0.000205327173731
7.5500587162e-11
2.04842354771e-09
0.00299553211366
4.82641893812e-05
0.00171126339373
0.0886152141804
3.45997697676e-16
8.87043549279e-06
0.00607409704812
0.000117855895764
5.38115477766e-09
0.00020465676438
3.79821916568e-05
0.000450003006093
0.0886152141804
0.00301591099794
4.14171156046e-07
0.00263502256884
4.5390058209e-16
6.94690321008e-05
1.27372749659e-07
1.15836102841e-07
0.0132294952681
1.70803843209e-10
3.45795372463e-06
4.19086323172e-10
5.10312093132e-10
3.3295245365e-29
5.66198270573e-06
2.69427294818e-12
5.55620865193e-11
7.09630368673e-06
0.00553575048664
0.0886152141804
0.00160447566439
0.0249656814755
0.000531518311878
0.000420144212912
2.73376975438e-08
2.82447987169e-06
2.30968896457e-08
0.000173704245984
9.82371861301e-06
1.65435750475e-09
4.65761565386e-13
0.00653627239399
0.0232003752313
3.0916344354e-06
1.46395928593e-16
0.0886152141804
0.0886152141804
2.6081032172e-08
0.00653627239399
8.90721871608e-06
0.00123195545826
0.00885337717932
0.00339354223047
2.62249316593e-16
0.00204063164843
0.000768356591323
0.0132294952681
0.0886152141804
0.000420144212912
0.000217738744632
0.0886152141804
1.01569370415e-13
0.000897622837503
0.00148323491702
0.0015832529807
0.000423568041307
0.0886152141804
2.39719016499e-09
1.46681724269e-08
0.000209901204816
0.0232003752313
1.83603024949e-09
5.27857377814e-06
7.11790049712e-05
4.95711006486e-08
2.55624357811e-12
0.00024065231314
5.67366739986e-07
3.83139282157e-07
0.00339354223047
7.32601249504e-07
1.10493585503e-10
0.00118815525808
0.0886152141804
3.75576500484e-08
2.21442797391e-05
6.51263239225e-05
7.0876587869e-11
2.87429121376e-05
3.92559369188e-21
0.0249656814755
2.01045717771e-11
0.00263502256884
3.0169554145e-13
9.46877803581e-13
3.37958049636e-16
2.02268025951e-23
0.0249656814755
8.090021259e-06
0.0886152141804
2.65540575988e-22
2.79362719611e-11
3.71682761513e-11
0.000261629654705
1.22899770997e-10
0.00130375892413
0.0232003752313
1.92167558086e-16
9.52514952064e-05
0.00012171662275