500
5.50444332048e-08
1.06452629423e-17
0.000548890356284
0.0
2.38926093469e-06
9.25092160906e-06
3.05319059382e-05
0.00113105864118
0.00423669767345
3.00765767584e-08
0.0
2.02184612644e-06
5.49352939291e-06
1.63816529594e-07
3.15903327793e-26
0.000268604810438
8.88266258788e-30
8.60721939062e-07
6.5559312737e-11
4.14894753351e-20
2.7162806158e-11
5.08694644932e-05
0.000530885391134
1.22625808174e-07
0.000126119126973
1.2375139818e-21
4.71636022063e-07
0.00108206645948
7.35985085909e-06
0.00100431802445
0.0
0.0
0.00113105864118
2.54035669644e-14
0.0
6.41277997828e-05
4.01812755206e-08
4.98723934601e-25
6.34139801106e-13
1.39126418242e-14
9.82392619638e-06
4.16663795602e-08
3.63150395188e-05
1.6323268102e-15
4.85935967909e-09
1.84852810037e-12
4.96823622621e-05
0.000146017411206
1.07848515937e-05
6.39623522691e-06
5.82069611705e-17
7.05461768042e-19
3.89630586369e-07
0.0
3.05568729964e-06
2.17519871204e-09
0.00423669767345
1.39629284161e-09
0.00423669767345
0.0
2.51707170135e-12
9.26047373771e-08
0.000183083435228
0.0
4.92871635678e-06
0.0
0.000189813097301
5.81559184439e-19
2.49872088641e-12
2.39365229372e-09
1.09430774179e-09
4.06943781351e-07
0.000548890356284
0.00108206645948
8.05793916113e-05
8.0679583931e-08
5.73176136597e-07
2.81222007218e-19
4.04324354327e-12
1.27369706466e-20
0.0
1.90854206483e-08
1.0759088022e-05
1.33878427799e-05
0.0
4.26341199692e-07
0.00439934273719
0.000548890356284
7.53154918964e-12
0.000269649922621
1.89748832128e-10
0.00423669767345
6.27513560288e-07
6.38526546428e-09
1.01516127001e-09
0.000175299312384
3.13844473364e-08
9.17555285246e-06
7.14698582514e-07
6.09684225196e-09
5.85008074318e-10
0.0
6.70290343548e-06
6.40687742149e-05
9.00999795905e-15
0.000754902317185
5.94761155477e-05
7.61275643878e-11
3.84951627127e-08
2.50356537706e-11
2.67858096477e-10
2.76481322572e-09
8.7208695263e-05
0.000269649922621
6.60681396612e-07
2.18311305042e-16
6.80600126525e-11
2.36970601586e-13
8.09278396349e-16
0.0
1.92253655597e-07
0.00423669767345
1.03916212269e-12
0.0
0.0006983203731
0.0
1.31348548584e-07
2.85628803439e-10
1.24936410211e-14
1.38317877255e-18
3.17377854642e-17
8.24598669425e-10
6.699824475e-14
6.59135181576e-15
1.01872328265e-07
3.07154431722e-14
1.19771945319e-20
0.00423669767345
0.00423669767345
5.47999797261e-05
1.33869174548e-05
3.23303768856e-17
0.00028153920475
1.16985628177e-17
0.000189813097301
3.12914449911e-05
0.0
2.29261011161e-06
0.00132414703618
7.03778181293e-06
0.000268604810438
0.00100431802445
8.28898924365e-15
9.99728580218e-05
5.30790637272e-05
1.34674618275e-05
4.57183920637e-05
3.86688715895e-10
0.0
0.000202163658723
0.0
0.0
2.92315164187e-06
0.00100431802445
0.00423669767345
0.0
3.97913481859e-10
3.88471787375e-10
7.02628226557e-06
0.0
3.20985638552e-09
4.88272078965e-06
2.98947492675e-06
0.000776966674448
2.8353749864e-21
0.0
8.73170585696e-12
8.54167998457e-12
0.0
0.00113105864118
5.20913298775e-06
1.16351699055e-07
0.00113105864118
0.0
7.62211666473e-09
3.10445362096e-17
2.11536777801e-05
7.657977426e-19
9.29952556406e-08
5.90129548656e-17
2.01680641049e-18
6.25420162866e-11
7.30823108069e-05
0.00423669767345
2.31034139883e-12
9.67825683838e-11
0.00423669767345
0.00423669767345
5.62843239678e-15
0.000140769782402
0.00113105864118
0.0
6.6467589946e-06
4.91020878161e-05
3.74586848836e-20
4.0089432724e-07
0.00100431802445
4.05007549124e-16
8.05793916113e-05
7.54095903336e-25
7.26846053008e-10
0.0
0.000140769782402
0.0
2.38582407398e-06
8.1022111054e-05
0.0
0.0
3.46363447224e-17
0.00028153920475
2.73541093228e-10
0.00423669767345
8.22213683269e-07
2.47697670803e-14
6.27416629311e-06
0.000269649922621
3.67782705745e-21
4.10563664443e-10
0.0
1.17143771463e-11
0.000439714225615
0.00028153920475
5.09427559905e-13
0.0
2.61388642566e-09
2.1868565412e-06
1.19478917356e-10
2.41248988939e-31
9.32924564009e-14
2.99683817722e-05
0.00423669767345
9.14463901958e-08
1.79769429453e-18
1.18714900255e-08
0.00113105864118
4.20063762686e-32
0.000548890356284
0.0
6.05922843518e-07
3.66549223267e-09
3.1809310524e-16
7.56167809953e-11
0.000189813097301
3.53558229588e-16
1.35694171592e-05
3.34991535429e-08
1.77693771014e-09
1.08558973974e-12
1.40229624281e-11
1.64943310428e-05
0.00310258273042
2.31347180509e-05
4.62501397873e-06
1.87844141445e-08
0.00100431802445
0.00100431802445
3.7719664153e-05
1.86592051242e-11
0.000269649922621
9.39065746172e-06
0.000152407555847
5.91643382321e-12
0.0006983203731
4.4544467112e-12
8.45723529756e-06
0.0
0.00439934273719
0.00423669767345
8.67522138243e-10
0.00108206645948
3.41541944969e-15
7.52072450663e-17
0.0
7.57588251786e-26
0.000210835134897
0.00310258273042
3.53499023823e-06
1.644458545e-07
5.27493064969e-10
0.00423669767345
1.4197727328e-08
0.00439934273719
4.45022745602e-12
5.24341323803e-06
1.21471741051e-08
0.000175299312384
2.55822052395e-12
3.76517475049e-07
2.96531079427e-15
6.81392551771e-10
1.39053961856e-11
0.0
4.01411655324e-10
5.20124644493e-13
4.96340479789e-09
0.0
9.89267741033e-08
0.00113105864118
2.24933017824e-08
6.30416159422e-08
1.33738324528e-14
0.00108206645948
6.46874366067e-13
1.52245480809e-05
2.87225982842e-06
1.19521910762e-33
1.22979816409e-07
1.4677591657e-08
0.00113105864118
0.00423669767345
6.39875461397e-05
1.51304258141e-09
4.72080872122e-05
8.17351917919e-16
1.93851344596e-13
2.75713096859e-07
0.00014265654988
1.11210386857e-05
0.0
0.000269649922621
0.0
5.21764993451e-16
3.10136651539e-07
6.31540004746e-08
0.0
1.07403668296e-05
0.00439934273719
1.48510728338e-10
6.22683672037e-20
1.14790194824e-05
3.17763399911e-06
1.68628574639e-19
7.02078120325e-07
0.0
3.94156440088e-05
0.00439934273719
1.11210386857e-05
0.00439934273719
0.00423669767345
0.0
1.06552223502e-05
6.38204945038e-05
0.00100431802445
2.59360584633e-05
3.77477003198e-07
5.71254335289e-16
0.0
0.00423669767345
2.48834219657e-11
1.71214669581e-06
0.00423669767345
1.39619286224e-20
3.05319059382e-05
0.0006983203731
3.55261283159e-09
4.07887562189e-13
1.49004283651e-32
0.0006983203731
2.06261135675e-07
5.56243514856e-09
0.0
1.13645811162e-06
7.47194151768e-09
0.00423669767345
2.49080450011e-13
2.51647240635e-05
4.28102004031e-06
0.0006983203731
9.63597865815e-12
3.12914449911e-05
1.29159098241e-10
1.5395281477e-09
1.00240792461e-25
0.0
3.63542679967e-08
4.17180235334e-05
0.00423669767345
0.00423669767345
0.0006983203731
1.38184523279e-05
1.65278895526e-06
0.00100431802445
7.15543091433e-05
0.00310258273042
4.29126825304e-07
4.23934271169e-06
0.00423669767345
0.0006983203731
7.92659395277e-07
0.00423669767345
1.47317701845e-06
3.81946555106e-12
1.94031548982e-06
4.61828094281e-05
0.00100431802445
0.0
6.03476689534e-22
0.0
0.000160881684031
1.29489654857e-09
5.86360050887e-09
1.73566783228e-11
7.74351077844e-05
0.00100431802445
3.67757543046e-14
1.5241907047e-05
0.0
5.80264341773e-06
2.64044094799e-05
0.0
1.36034661485e-25
0.0
6.40236902676e-09
4.42983800078e-08
0.00108206645948
1.91437649867e-05
0.00100431802445
1.04128523192e-05
1.259657094e-05
7.83002531836e-17
0.000184552721754
0.000195137553454
0.00423669767345
0.0
1.72260933096e-05
5.97493672819e-09
0.00132414703618
2.17548107272e-06
0.00423669767345
0.000269307999854
0.000175299312384
3.45114377092e-08
1.31928780994e-10
4.81294013004e-13
1.09699864274e-08
7.04692760657e-12
0.0
3.94512239153e-09
0.0
1.63641802709e-09
4.36652179916e-08
8.23821529323e-09
2.96479306088e-12
1.34566885526e-08
0.00108206645948
0.0
5.1043526834e-08
6.65613888517e-09
7.64139366518e-10
0.0006983203731
6.0656631279e-06
1.12933110713e-14
6.15514001216e-11
0.0006983203731
7.16102677619e-05
0.00423669767345
1.02474803737e-20
3.00077411622e-16
2.37657605918e-08
0.00423669767345
2.78059377779e-08
2.59855028089e-11
1.65798439506e-13
1.63437243438e-08
5.497592374e-06
1.70165451216e-05
0.000288403176743
0.0
0.000210835134897
1.56138078195e-11
0.00113105864118
3.40701523134e-09
0.000530885391134
6.40687742149e-05
0.0
1.18878592562e-05
0.0
0.000288403176743
6.66816155142e-21
0.0
9.71574604834e-07
3.56146081097e-09
0.00439934273719
3.10452312604e-07
4.05105549289e-06
2.02332089228e-06
1.65621205279e-07
0.0
0.00108206645948
0.0