500
5.28011388036e-05
7.6882336116e-16
7.74196664249e-28
3.00297919439e-22
5.46345245934e-16
0.0
8.55006790191e-09
3.56889480633e-08
5.23924323684e-06
0.00906587394795
2.31615473121e-06
1.37253777853e-24
0.00297177081957
0.0
0.0
1.453626287e-07
4.89166248192e-05
3.65800819119e-06
2.79339696825e-18
0.000558353984951
0.0
0.0
1.27886988996e-06
1.54796202899e-07
1.53523074e-24
1.93944958532e-11
0.0
2.33709875499e-27
1.43014554074e-09
1.19845802303e-05
3.66104357785e-38
0.0
0.0
1.10488825154e-11
1.95699271693e-14
0.0
1.16882749164e-37
1.03165996512e-05
0.0
5.70280494966e-40
0.000373701315433
2.75762656362e-61
0.0
0.0
4.17639986826e-06
2.36331358612e-06
0.0
5.68812618143e-09
4.19640438677e-11
2.64240073419e-13
6.42821163364e-16
1.81964039368e-06
7.00347475402e-36
0.0
1.90312651977e-06
3.96460267742e-05
0.000373701315433
1.30924961637e-17
8.2816239167e-07
5.41815243302e-15
5.05131009842e-11
3.12436990817e-15
0.00297177081957
5.28011388036e-05
2.77950636911e-30
2.33711341078e-21
8.2886456799e-05
0.000373701315433
1.68156161501e-49
2.07271145282e-13
1.71729146182e-32
0.0
7.70220712406e-13
7.79696837652e-16
6.31027405375e-13
4.49043071853e-06
3.12738740758e-42
9.53581449076e-11
1.93978364586e-15
2.32396759305e-11
4.36936366755e-18
4.26480454676e-09
2.2288944192e-08
3.66481053755e-18
8.00142921806e-41
4.92678022302e-07
3.97602860112e-16
5.28011388036e-05
0.0
6.17357551292e-16
1.13147051356e-31
9.52983989333e-26
0.000558353984951
0.000373701315433
5.23162723722e-17
5.13868682676e-21
4.61587490433e-05
0.00013718099293
4.0128614389e-40
0.000558353984951
2.92516703675e-19
1.44887554042e-13
3.29094352066e-06
5.76478380376e-15
2.22981186812e-23
0.000558353984951
7.27353973912e-07
0.0
2.44183124982e-16
0.000373701315433
1.48613799668e-19
1.40146493537e-09
9.28848080521e-59
7.9647028282e-11
0.0
3.34067328287e-20
8.2886456799e-05
4.82762463426e-26
7.96402249572e-34
5.22249778991e-12
6.55782952786e-05
1.13911072166e-19
3.83249802069e-12
5.28011388036e-05
1.80806098083e-08
0.0
2.83079827121e-34
1.7632384985e-09
9.25809991465e-23
6.7241784082e-12
0.0
0.0
1.93914559097e-06
0.0
2.53271430508e-24
1.37107077969e-09
2.58893783465e-25
2.08361320236e-20
8.48052160461e-13
1.59470407531e-13
1.84969308767e-23
0.000151319802921
1.71881969849e-27
9.15955166696e-13
7.50524731098e-22
4.23739421909e-08
4.39676860833e-21
2.37105376297e-12
7.84455739592e-20
0.000373701315433
2.50089750223e-14
4.73109051852e-14
6.34557466145e-05
3.52003349363e-17
2.2603182232e-10
8.20007462704e-09
2.7568104259e-10
3.71287753493e-05
4.82898944227e-18
2.02248654965e-28
3.29094352066e-06
2.02857325867e-17
8.91032301697e-08
1.40750656782e-08
0.000558353984951
3.29094352066e-06
2.7287000193e-09
5.45696934627e-09
4.21518419122e-07
0.0
0.000147894258915
4.45046415131e-10
1.07349803236e-47
0.00342916328394
2.06701290252e-23
4.59862515207e-05
2.10529432594e-13
3.00877396473e-14
1.75800819606e-07
7.62071085513e-25
1.19982484226e-32
1.31937993826e-10
1.9802507499e-09
4.97854794499e-17
0.0
0.0
0.000135816797073
5.46681131786e-17
1.34566414776e-06
4.59447532461e-10
2.03369350224e-32
0.000207919941234
0.0
1.38260975655e-06
0.0
5.18651609556e-10
2.90346748873e-11
0.00297177081957
1.58972284314e-15
3.81944057238e-07
5.00715311246e-22
6.02499353972e-11
0.0
5.54829393843e-12
5.57439281583e-33
3.67432028345e-29
0.0
1.87697484551e-08
0.000474693407991
2.67678329598e-16
0.0
6.93327230537e-13
0.000373701315433
1.18565107523e-22
0.0
1.35924420876e-16
1.46347865232e-08
1.89261676055e-47
1.73986666202e-07
0.000373701315433
3.18954400355e-28
1.19207716774e-10
8.2445374314e-12
1.97883582523e-15
0.0
8.08201416555e-08
4.22199274811e-12
2.65143474417e-06
6.65422393125e-18
5.36930171375e-05
9.98156110466e-12
2.15978727168e-27
1.19845802303e-05
2.72747891937e-27
1.0698400648e-09
5.66104564773e-14
1.41829718486e-15
2.35184862155e-13
3.50256773073e-11
0.0
8.2886456799e-05
0.0
6.21962640882e-05
4.2742159864e-22
0.0
0.000207919941234
1.90386595497e-44
0.0
0.0
1.04167727475e-06
2.37043690217e-13
5.91701927697e-23
0.0
0.0
0.0
0.0
3.39857684849e-06
6.55782952786e-05
6.67379504723e-07
3.94084924509e-16
0.00297177081957
1.36281885551e-08
1.50650190621e-11
5.20324478553e-21
1.95960651312e-41
1.01890242277e-12
5.28011388036e-05
1.44467449873e-18
7.17864513147e-17
1.66519294356e-11
5.13624007603e-15
1.2846457695e-22
1.44507635894e-06
2.7020375379e-18
0.000373701315433
2.55649150362e-07
0.0
3.34994298547e-13
0.000169845478188
1.29435747085e-13
3.28161056366e-19
0.000169057434935
0.0
1.56934673554e-15
1.23226302415e-18
2.6768030412e-12
8.63176273161e-62
0.0
4.42829546625e-09
1.46227270451e-29
1.90654748427e-09
3.7099822296e-06
0.0
6.72706996468e-10
1.74226290261e-17
5.89369422118e-55
1.20725615926e-12
0.0
0.0
0.0
5.52710578764e-19
1.55132563837e-28
8.39832257625e-17
0.000558353984951
5.31321604969e-27
0.00297177081957
2.37490232019e-10
4.89166248192e-05
5.4572731248e-16
1.55011467333e-13
1.71481170004e-05
1.13550781255e-08
4.97944580469e-24
3.84552749054e-17
0.0
8.22269382881e-18
0.000144712012191
3.47238621519e-10
1.35103017131e-33
3.24288272968e-09
0.0
7.13805232632e-07
0.0
4.88497362236e-48
0.000280546321519
2.66810826415e-32
2.53951329834e-09
2.28589676516e-13
9.33635723885e-14
1.29334457511e-06
6.47446298545e-13
0.0
9.35683078752e-10
1.41133367248e-35
0.000373701315433
0.0
4.0139782958e-12
2.17026453886e-10
2.81211583456e-09
0.0
3.63655380251e-13
0.0
4.69511369369e-08
1.30551718652e-39
1.90727744113e-16
0.0
5.06451227432e-11
6.14702325815e-17
0.0
1.31912962837e-15
0.0
0.0
2.65233926359e-10
8.20128578615e-07
5.96735674355e-08
1.24096244912e-06
2.28128619913e-06
3.91470405651e-30
0.000207919941234
7.59647929897e-25
1.71201945996e-32
0.0
6.69445441711e-07
2.25203299245e-11
2.55649150362e-07
1.37230635636e-17
2.25929516536e-08
8.00116272931e-28
1.21697241351e-16
6.55782952786e-05
1.83020248651e-12
0.0
0.0
1.78799112422e-10
8.65692606727e-06
7.6451423608e-27
1.76877727392e-27
1.62436868839e-17
0.00342916328394
2.9269924573e-07
3.69430773848e-09
3.98163576029e-09
6.44413760852e-21
1.05972141611e-16
7.93946319737e-35
0.0
3.35441937211e-42
0.000169845478188
6.04007492005e-26
3.22449007241e-30
1.0697553055e-18
8.72364446776e-10
5.59759671543e-10
1.64619309536e-08
0.000373701315433
0.00297177081957
2.41033542621e-10
5.51011275364e-16
7.10817379943e-15
1.6651771187e-34
6.79904241993e-15
3.39785924945e-14
3.27672390983e-07
2.72220118048e-26
5.36930171375e-05
0.0
2.18691537635e-14
1.78442887272e-07
0.0
5.36930171375e-05
1.21994377701e-11
1.02837088564e-25
9.0024900981e-05
9.57502327889e-08
9.59762345199e-06
4.60847398937e-07
1.58984277412e-15
0.000474693407991
0.00297177081957
4.08859328229e-11
2.80168620248e-09
1.18702120223e-84
0.0
2.29411360425e-15
0.0
1.38497963105e-11
8.77984418352e-31
0.000207919941234
3.00135309832e-15
1.41941254119e-23
1.34893162845e-12
0.000558353984951
0.000207919941234
1.99720748395e-20
2.52771236021e-10
1.27355468178e-05
0.0
5.28011388036e-05
3.86640637595e-20
7.01865516252e-37
1.19820745734e-22
4.6586963083e-12
0.0
7.41160572117e-06
1.31841909082e-22
1.04263679103e-08
1.91590867085e-21
4.62655458562e-23
8.984436358e-15
9.91210596004e-09
1.04893812133e-32
0.0
0.00297177081957
7.05741898674e-11
0.000207919941234
4.89166248192e-05
0.00906587394795
0.0
0.0
7.32254339471e-12
4.794843342e-19
1.4658168729e-07
4.38118001313e-13
2.22260686814e-09
1.38260975655e-06
1.67864439426e-09
7.5964018427e-05
2.9391627054e-34
0.000558353984951
3.83145748252e-09
2.63763575394e-15
1.89863200039e-07
4.63731797317e-12
8.36355371706e-10
0.0
0.0
2.64914521028e-12
0.000169057434935
0.0
1.45358040696e-22
9.33965981766e-09
2.69219356254e-19
5.42693000183e-17
0.000207919941234
0.0
3.75237481936e-24
1.66121690923e-15
2.48695315985e-38
3.00914224676e-29
1.40176091678e-18
5.85202236825e-19
1.75903768842e-09
4.89166248192e-05
7.91226629199e-20
0.0
2.19846036082e-13
5.77003367423e-16
2.78328046374e-06
0.000474693407991
3.16422531284e-46