500
0.00370200516842
0.0158096642704
3.93838402651e-16
0.0158096642704
3.09767067369e-06
0.0
7.26338818174e-12
0.015255132663
2.76285929169e-08
7.72645144586e-06
0.0158096642704
0.00656644088278
7.58369776278e-08
0.0077789954442
4.20013592134e-05
0.0
0.000307937342678
0.000105944826329
5.5899971122e-06
0.000808848855078
0.0
0.00323095499298
0.0158096642704
2.21855826153e-14
6.44667496242e-05
8.11394341232e-20
3.00734538577e-16
0.00656644088278
0.00707752516042
0.000787968323152
0.0158096642704
0.0199139607113
1.66854958142e-09
0.0158096642704
1.90782031691e-05
0.0
0.00656644088278
4.92201238477e-08
0.0
1.73876424729e-08
2.56316525964e-07
1.02745109698e-05
0.015255132663
0.00457692568824
1.67122494956e-17
4.44542080128e-06
1.36459422896e-07
1.81901796002e-14
0.00415451632601
9.53017329511e-05
0.0
0.00311417635611
9.55305776361e-26
0.0
1.37577807664e-07
0.0158096642704
0.0011805772901
1.41391862966e-19
1.44648593601e-09
0.00056380090009
0.00565116450037
1.95085692194e-06
7.28113276556e-13
2.61361213925e-08
0.000208775322348
0.0
0.0
0.0199139607113
1.66682486109e-17
3.11530751153e-17
4.36656910792e-07
4.08578264407e-08
5.12767566686e-06
1.14115331645e-15
3.90460571029e-11
0.0
0.0
2.61324278423e-05
5.9538120346e-15
0.0
0.0
1.71178249519e-06
0.015255132663
7.4301536824e-08
4.32897998264e-05
6.65740435475e-15
4.04361899161e-06
0.0
0.000501893713414
3.86799573304e-06
0.0
6.54642876069e-05
0.000105944826329
5.47289252746e-09
0.000343740762951
5.1810037727e-07
1.66097132315e-15
2.05084667389e-11
0.0
5.21959998825e-05
1.19408345728e-05
2.04682639055e-08
5.63124935712e-06
1.02065822152e-09
0.000608551029845
2.51815206519e-05
0.0
0.00656644088278
0.0
0.00134448289777
0.000990850051957
0.000404903740209
9.64470446413e-05
0.015255132663
0.0
0.00656644088278
0.0077789954442
7.06560307471e-24
3.01587936719e-05
1.76677598291e-09
3.420547793e-11
0.0
1.91578707449e-06
1.32878577866e-07
2.02724139366e-09
0.0
0.00656644088278
2.85127421915e-07
0.0158096642704
0.0
5.1351815874e-10
0.00383805098614
0.000196579552494
0.000424305140418
0.000120349361017
0.000502770050332
0.0
9.28767153545e-08
1.33265302321e-07
0.00134448289777
2.33622973037e-12
0.00298189338535
4.4642925899e-05
0.00323095499298
2.99974683257e-07
4.38258799291e-07
0.000159698644542
0.0
8.31126694413e-27
2.32469373832e-08
1.50720100921e-14
5.4709288909e-14
0.0001240361951
2.03664087437e-09
0.015255132663
0.00565116450037
0.00656644088278
0.00656644088278
0.00129807379186
0.015255132663
0.00457692568824
8.52068493705e-12
0.00457692568824
1.12494920334e-10
3.03771343603e-09
0.0
0.0
1.34922108717e-12
0.00239259240382
0.000467821095034
1.98157123418e-33
5.20218986211e-14
1.51111353895e-05
1.50056271633e-10
1.89828282231e-13
0.0
9.30233484242e-05
0.00239259240382
1.24237194179e-26
1.0894107558e-16
0.000805344598187
3.45921098874e-09
5.72512929698e-16
5.93828484599e-17
0.0
2.45878749935e-11
4.20843042826e-05
0.0
1.38842646206e-06
1.78824940229e-06
5.04904059415e-05
1.22671502084e-08
1.58283020508e-05
0.0199139607113
0.000289388939148
3.54951328737e-06
6.01612623825e-14
0.000215626359825
0.00327563644201
0.000990850051957
1.12054701689e-07
0.000505551674092
7.33164710316e-34
0.000196014434844
1.32800334417e-06
0.00172111610955
0.00204113168189
7.18885137359e-07
2.51838389785e-14
1.15228942648e-20
0.0
1.58821741402e-14
0.00565116450037
0.0
1.77721102919e-05
0.0106783110785
0.000958269272332
1.25383481984e-06
4.29840387892e-11
2.16340640005e-06
5.40215924432e-09
0.0
2.27458930085e-08
0.015255132663
0.0158096642704
0.000990850051957
0.000990850051957
0.00457692568824
4.823777e-11
1.87788810446e-16
0.000266565871521
4.60826445531e-23
1.57103008667e-25
3.28918262864e-05
4.98832427708e-09
0.000805344598187
0.000767235823644
3.12298243965e-12
5.44722250348e-11
0.0
5.33640239005e-05
3.6005853668e-09
0.00076562115405
0.00032826743879
0.0158096642704
0.0
0.00021613623025
0.0
0.00707752516042
2.95694289222e-18
6.44760264738e-13
1.13466892324e-20
0.000145709534918
0.00144067542298
3.12142918821e-05
0.00129807379186
3.13444253003e-07
0.0158096642704
2.295847328e-05
4.69676984939e-07
0.0
0.00656644088278
0.0
1.95002391919e-07
3.88721296298e-08
3.99176014072e-05
2.94829645674e-06
0.00129807379186
0.015255132663
0.000121705818647
1.00004459462e-09
0.0
0.0158096642704
8.59789646506e-16
0.000102670286066
0.000175850608447
4.02271919107e-17
1.8345588061e-26
3.13700447029e-22
2.10574314672e-05
2.83383041633e-11
0.000258876800649
8.25115331491e-08
0.0
6.04265036069e-05
0.0
1.27543699463e-06
0.00327563644201
8.62079860745e-06
0.0
2.12939385506e-08
0.00656644088278
0.0077789954442
0.00656644088278
0.0177043609799
0.00656644088278
0.00306993196053
3.01015920309e-06
0.015255132663
1.5076502526e-06
7.26816159318e-19
3.06511501369e-08
8.82957861466e-13
0.00565116450037
3.64760698137e-10
8.00727616261e-06
0.0
4.39740737167e-09
0.0199139607113
2.20820694253e-07
0.0177043609799
0.000730027328225
0.00383805098614
0.0077789954442
4.38070796235e-08
1.05155805612e-16
6.13375621334e-08
0.0
0.0158096642704
3.75334037503e-07
1.94922208471e-06
0.0
4.04254283392e-14
4.52146415599e-05
2.89206733193e-10
4.36777758254e-13
2.22403133217e-06
8.06967597219e-12
0.000685219973586
6.04937823594e-09
7.66885732287e-06
3.24816721331e-07
0.000280925221111
0.0
0.00172111610955
1.00296282251e-05
0.0177043609799
2.51416662949e-06
7.98746395209e-09
0.00323095499298
2.29209323577e-14
0.0
2.83497007219e-11
5.33472043828e-11
6.18262965695e-06
5.53435649904e-10
0.0
5.36214060838e-06
0.00565116450037
8.97137452403e-07
0.015255132663
1.28426041488e-11
0.00327563644201
0.0158096642704
0.0
4.83564689993e-07
1.16426780742e-20
1.29654997939e-23
6.55630482781e-16
3.7769824377e-10
0.00707752516042
2.14812594581e-06
1.65499114187e-17
0.0
4.15488396166e-09
1.73695375251e-09
2.44109307907e-21
0.0
0.0158096642704
2.63866158291e-07
6.22102243395e-10
0.0077789954442
0.00383805098614
0.000229613962244
0.0
2.2411642526e-10
0.0
0.00125344959915
2.78662733365e-09
0.000258988461384
0.00172111610955
1.02467053101e-37
0.000699348585058
0.015255132663
6.60097401589e-08
6.4469396332e-05
3.61380422692e-11
5.92370443223e-15
1.51616290851e-05
2.29777205488e-12
0.00208938888901
0.00565116450037
2.77536125428e-07
2.14750038645e-14
4.73774159416e-05
0.0
0.000713967184681
3.84700675589e-19
5.55140621898e-11
5.65952337566e-06
1.74921204742e-23
7.50109150524e-06
7.80959731478e-05
0.0
1.70810628703e-05
0.0
0.00565116450037
8.83281554026e-06
6.35195801906e-21
0.0177043609799
1.514513052e-09
9.21369461323e-08
4.41045731638e-06
3.78593431513e-05
0.0
3.07582259178e-14
0.000595700106034
5.81085931309e-06
2.40220969461e-17
3.80327783518e-10
0.015255132663
3.15562634242e-06
0.0010733182988
0.00565116450037
0.00707752516042
4.61522782607e-12
4.67455470294e-10
1.00941082434e-05
0.00979847560325
0.00327563644201
0.0158096642704
0.00134448289777
0.00565116450037
0.00239934972782
1.73205250206e-05
4.092161483e-08
0.0199139607113
7.88874599284e-18
0.00457692568824
0.00144067542298
1.07819970088e-14
0.000502770050332
0.0158096642704
0.0
6.46060435806e-05
0.00172111610955
0.0
2.90397925548e-05
3.9444110907e-06
3.782814915e-15
3.87218134693e-19
3.64070822977e-15
1.31852823124e-09
0.00323095499298
3.67105502624e-06
1.73760604303e-13
7.80959731478e-05
0.0003487714586
0.00239934972782
1.28933673377e-08
3.71572559546e-05
0.00144067542298
0.00311417635611
1.2112416234e-05
0.0
0.0
2.24185143181e-09
2.29463806508e-07
0.0077789954442
1.23833667371e-12
1.9585055399e-19
3.81601647845e-06
0.000166514730579
0.0
0.00204419037749
0.000120664167964
3.56087894366e-08
0.0
0.00457692568824
0.00707752516042
5.75604044735e-05
1.70810628703e-05
1.5254984963e-05
0.000258876800649
8.26017373668e-06
0.00457692568824
0.00204419037749
0.0077789954442
0.000283647046341
0.0
0.0158096642704
0.00327563644201
0.0177043609799
0.00656644088278
0.00218136160139
0.00415451632601
1.60988020179e-09
8.04399261177e-26
5.94070387407e-09
0.00239934972782