500
0.00521844118685
0.005754776165
3.42319559485e-18
0.005754776165
1.27594700017e-07
1.95697949255e-30
1.77647736214e-14
0.0116602491506
1.33251353411e-09
1.57200720493e-06
0.005754776165
0.00143747158811
1.00264988353e-08
0.00216451784544
7.82742181448e-06
2.72379670819e-06
0.00011011067262
1.59989311546e-05
8.57216558521e-06
0.00039149848995
3.93555196511e-40
0.00174178625662
0.005754776165
1.2652462789e-16
8.53673236087e-05
2.45848149217e-23
1.09862164246e-19
0.00143747158811
0.00599234712594
0.000157972619793
0.005754776165
0.0300850822462
5.63401071225e-10
0.005754776165
7.81063858343e-05
5.28099194146e-14
0.00143747158811
9.28829076025e-08
6.8860200878e-12
1.30136755878e-09
1.11182435163e-08
0.000102445207025
0.0116602491506
0.00262989293874
2.80060761279e-18
2.01748973323e-06
7.38564967873e-09
2.61913733242e-16
0.0018771235997
3.54367910028e-06
2.40235407687e-08
0.00244935907615
3.15202503844e-28
2.87261261574e-11
9.19258905644e-09
0.005754776165
0.000345912254447
4.52053993334e-21
9.27767003727e-11
0.000448872932011
0.00186490083501
2.49206129185e-07
4.84365853085e-14
3.22262266139e-08
9.79494420149e-05
1.50044910539e-17
1.99384649928e-08
0.0300850822462
1.87700577071e-17
3.17702638829e-19
1.06106252771e-07
1.4601195781e-09
3.69895464821e-07
1.66906837528e-19
2.9030112053e-14
1.40937536964e-21
5.09246417146e-28
7.33006131818e-07
4.75253780432e-16
1.48209158082e-19
9.507580567e-23
1.22389202167e-06
0.0116602491506
1.11462204379e-08
2.69151175787e-05
3.57537817743e-17
6.5627177231e-07
3.0302921971e-13
0.000115004463435
3.44093319335e-07
6.36831386301e-15
5.71117317978e-06
1.59989311546e-05
2.74508002147e-10
0.000122383804221
2.60247239444e-07
8.44451183901e-16
4.39359460315e-12
1.34638032726e-10
5.33849654202e-05
1.84012241321e-07
5.54436620542e-09
7.83652894707e-06
2.82054278132e-10
0.000145462391885
3.8146749263e-06
5.16450202586e-11
0.00143747158811
1.78483769385e-10
0.000649960445205
0.000301801546257
8.4215709549e-05
6.08671875415e-05
0.0116602491506
7.66321712394e-11
0.00143747158811
0.00216451784544
1.93759706592e-26
1.22421859014e-05
8.69996187629e-11
3.29198280912e-11
1.44593738462e-25
3.85994673319e-06
3.67848462856e-09
3.7129824668e-11
1.70099131296e-24
0.00143747158811
1.00683247446e-09
0.005754776165
1.5233326555e-10
6.91260027714e-11
0.0105285177986
0.000398699715741
0.000112536823478
2.45235636986e-05
0.000155417433608
6.22897496535e-07
4.39665902064e-09
4.48793336408e-09
0.000649960445205
3.22140415558e-15
0.00235666875145
2.8961755818e-05
0.00174178625662
2.49392313323e-07
8.96096241362e-09
6.30291370616e-05
4.73238282789e-06
2.82917121723e-30
4.90281804253e-08
1.33921854393e-15
6.39707317402e-16
7.9129990933e-05
4.58023682498e-11
0.0116602491506
0.00186490083501
0.00143747158811
0.00143747158811
0.000486585853649
0.0116602491506
0.00262989293874
4.40659812345e-12
0.00262989293874
3.96479277144e-12
1.15047168573e-10
5.33972650919e-17
4.86100495575e-61
5.50074480318e-14
0.0033112971124
0.000191875385907
8.72288798783e-35
9.70825908308e-16
1.23108321121e-06
2.48167786567e-12
1.1842308126e-16
7.91323065195e-11
1.09551944641e-05
0.0033112971124
6.13065425113e-33
2.28598246014e-17
0.000322166468263
5.87024587369e-09
6.29904901261e-17
1.41774553725e-18
3.75001411755e-21
2.07797835785e-14
3.12954305576e-06
7.51927127713e-12
1.65977817688e-07
1.35459905198e-07
3.32468653668e-06
3.42265415409e-08
1.43433781771e-06
0.0300850822462
0.000161123873973
2.80612349819e-06
5.05846923912e-15
0.00034722433165
0.0012055439203
0.000301801546257
3.95661215629e-08
7.1354802469e-05
7.04464069233e-43
4.59668790069e-05
4.31028461735e-07
0.000278971033584
0.000319902406625
4.33444315615e-07
1.04082697332e-15
7.81305072563e-23
1.36328483896e-23
2.85434662556e-17
0.00186490083501
2.9489678797e-07
5.26711317979e-06
0.00751487976506
0.000293764725406
4.47385281835e-08
9.52809478813e-12
3.91102222436e-07
1.19492119928e-09
5.03660407093e-10
1.80612572081e-07
0.0116602491506
0.005754776165
0.000301801546257
0.000301801546257
0.00262989293874
1.00629740147e-12
1.9687688243e-19
8.44219093933e-05
2.64137864454e-26
2.1421195781e-31
1.27290382602e-05
1.29965499177e-09
0.000322166468263
0.000239491474843
1.11599135634e-12
7.26377568213e-13
3.21807364405e-12
1.41880825351e-05
1.11416634771e-10
0.000242233114862
0.000271860198349
0.005754776165
2.26145391345e-13
3.05175149624e-05
8.60481366262e-11
0.00599234712594
4.41655905355e-22
5.29017639182e-13
2.82248653281e-21
0.000106096270309
0.00201393045178
4.21012310961e-06
0.000486585853649
1.61496147369e-07
0.005754776165
4.41774915475e-06
3.88704148097e-08
3.75975168211e-23
0.00143747158811
3.89447532832e-18
3.28782150881e-08
2.52133408763e-09
4.81510486896e-06
5.90612847931e-07
0.000486585853649
0.0116602491506
6.29803223173e-05
5.11127551778e-10
0.000160888804787
0.005754776165
1.66388488548e-16
1.64150071573e-05
0.000201856402137
1.18515061984e-18
3.74819481297e-33
8.56698099951e-25
3.29136771361e-07
2.42339782414e-13
0.000100243917322
2.32754778023e-09
1.833298031e-12
1.41577092911e-05
3.86518038881e-40
3.40980806932e-08
0.0012055439203
4.60708178438e-06
4.34673841194e-08
1.75142130274e-08
0.00143747158811
0.00216451784544
0.00143747158811
0.0260848287113
0.00143747158811
0.00195904420768
3.81823807138e-08
0.0116602491506
4.28987363038e-07
2.35101305368e-22
8.94311471531e-10
1.79719957224e-13
0.00186490083501
2.83524146891e-11
1.66950457089e-05
1.1199989717e-22
5.33831737059e-10
0.0300850822462
2.48199363056e-08
0.0260848287113
0.000559092368731
0.0105285177986
0.00216451784544
5.35053312003e-10
9.15688591854e-17
3.7863578171e-08
8.64313145808e-20
0.005754776165
5.17293028521e-09
6.72974250634e-08
3.55468371911e-18
5.31453090717e-16
7.32986288478e-06
6.5951249035e-12
1.48288301718e-13
1.07883469559e-07
1.1008508418e-14
0.000112122881575
6.77606465671e-11
1.29914952648e-06
1.32023623787e-08
0.000117988128171
3.25517367571e-15
0.000278971033584
7.85784673139e-06
0.0260848287113
5.92840959689e-08
3.16906849801e-08
0.00174178625662
7.2059272327e-16
9.72423981308e-25
8.30724485565e-13
5.39665548254e-12
9.7850349885e-07
4.87059423212e-09
2.57180151132e-18
3.35114604574e-07
0.00186490083501
1.2008865987e-08
0.0116602491506
4.57192922689e-13
0.0012055439203
0.005754776165
4.58953941213e-12
8.06727655942e-07
2.15708586956e-21
1.11025522786e-27
3.82845631157e-17
6.46535156659e-11
0.00599234712594
9.3152665991e-08
2.28234680008e-18
1.38608646438e-15
2.11845321555e-10
8.8669318267e-11
1.27739487493e-22
9.02679283391e-17
0.005754776165
7.64642717484e-08
3.27673961501e-10
0.00216451784544
0.0105285177986
9.20856982332e-05
2.26913153808e-23
1.38007970847e-11
3.02131782302e-22
0.00123268493057
8.35928850046e-11
0.000179208408234
0.000278971033584
4.14589533531e-46
0.00180896833119
0.0116602491506
4.30364681921e-08
1.52481449276e-05
1.51894481038e-10
3.55601798327e-18
9.18549668219e-06
1.74261277007e-13
0.000374859457956
0.00186490083501
4.99752291848e-08
8.63568543568e-15
7.67209670787e-06
1.75510720201e-18
0.000171390748794
9.41759084875e-19
2.2373975041e-14
4.24289482471e-07
1.36910434727e-24
1.91698758069e-07
2.15154040268e-05
1.46315708517e-26
2.29105298608e-06
1.86934448236e-15
0.00186490083501
9.89438024136e-07
2.72162677232e-26
0.0260848287113
3.01985511225e-09
2.92443625004e-07
2.25117216983e-06
4.3027705139e-06
1.7365096699e-08
1.66748603429e-15
0.000204807485983
1.49632377862e-05
3.19900508281e-17
1.08766898055e-12
0.0116602491506
7.5762003747e-07
0.00031909172609
0.00186490083501
0.00599234712594
1.50596759577e-14
6.29931359046e-11
2.20082831219e-06
0.0114974424553
0.0012055439203
0.005754776165
0.000649960445205
0.00186490083501
0.000347307594051
8.07697710124e-06
2.75963779589e-09
0.0300850822462
1.15557761729e-20
0.00262989293874
0.00201393045178
9.7280802325e-16
0.000155417433608
0.005754776165
1.18606484256e-09
4.23885002848e-06
0.000278971033584
3.89710175709e-14
1.860066917e-06
1.61428048484e-06
1.6495221931e-17
5.47138174623e-22
3.10865196518e-17
1.50587109592e-09
0.00174178625662
8.03894166596e-07
8.28848129074e-16
2.15154040268e-05
8.54898994521e-05
0.000347307594051
8.41153958069e-11
5.75798250631e-06
0.00201393045178
0.00244935907615
5.63838740106e-05
3.48788877428e-10
1.44385289194e-26
6.5912220169e-10
8.4297507913e-09
0.00216451784544
1.07461490327e-13
2.75161133469e-21
5.13418163519e-07
7.4391021067e-05
1.52001523931e-34
0.00102103599457
8.30227084053e-05
5.64867772257e-08
3.0990055233e-15
0.00262989293874
0.00599234712594
5.08850576186e-05
2.29105298608e-06
2.48764035108e-05
0.000100243917322
5.10163606755e-07
0.00262989293874
0.00102103599457
0.00216451784544
8.77072118899e-05
4.00780500538e-10
0.005754776165
0.0012055439203
0.0260848287113
0.00143747158811
0.00344482373373
0.0018771235997
4.26981016982e-11
8.31674159086e-28
3.16693812185e-10
0.000347307594051