500
9.64833481402e-08
1.86332320275e-17
0.00658177840887
0.0
2.42418869131e-05
9.11112592439e-05
0.000345379985126
0.0113484616429
0.0453148958582
3.21334545699e-07
7.03413499775e-13
2.24456115227e-05
5.93050258812e-05
1.66195952869e-06
9.20850616147e-26
0.00268797329732
7.72978579092e-29
9.10278612896e-06
8.63210028676e-10
5.53015706242e-19
4.8411242007e-11
0.000507107601839
0.00624985749323
2.33893294512e-07
0.00148448966736
2.7807440871e-21
5.27091010517e-06
0.0135423826703
1.37111922082e-05
0.0105321934507
1.24296009705e-21
0.0
0.0113484616429
2.85369048675e-13
0.0
0.000671203149142
6.39692344702e-08
1.03763051042e-24
7.96649281016e-12
2.57838765468e-13
0.000104533270988
5.20825299677e-07
0.000416749210546
2.02336505217e-14
8.4092609238e-09
1.719766945e-11
0.000494457795726
0.000279516703269
0.000112583806952
7.02665015484e-05
6.57642454075e-16
1.75578820634e-18
4.535839965e-06
2.02942515557e-08
2.90383525962e-05
2.65516306084e-08
0.0453148958582
2.77689083476e-09
0.0453148958582
7.94692066502e-11
2.48518547138e-11
1.24902883661e-06
0.00186777350372
0.0
5.91453502551e-05
5.88571081606e-20
0.000341436426756
8.11627290202e-18
2.8362491521e-11
4.10831657035e-09
1.28866649037e-08
4.93900795129e-06
0.00658177840887
0.0135423826703
0.00078400741072
9.19470093377e-07
6.26297912727e-06
3.89670510039e-18
9.45276815892e-10
1.83513698925e-19
0.0
2.64951325491e-07
0.000127445743009
0.000129341356065
0.0
8.05017809151e-07
0.00748084563553
0.00658177840887
7.83610560377e-11
0.00279493596502
2.62905972419e-10
0.0453148958582
1.10394999482e-06
7.09237156066e-08
1.1274430917e-08
0.00188753078326
4.2212016278e-07
2.05155020566e-05
1.27761642038e-06
8.12297988448e-08
7.04477153948e-09
0.0
1.33832267919e-05
0.000665124704508
1.62944473301e-14
0.0013030761941
0.000570954338549
0.0
3.49959728301e-07
4.02237517381e-11
3.06991680902e-09
3.41137731214e-08
0.000160549463572
0.00279493596502
6.74378462442e-06
1.2736867293e-15
9.11935242595e-10
3.92062017433e-12
1.71074690055e-15
9.54876511809e-11
3.87983592465e-07
0.0453148958582
1.95865184315e-12
9.03539132813e-08
0.0081431460476
3.91361885103e-32
1.36551264134e-06
2.76314630358e-09
1.42170662773e-13
1.81467220785e-17
3.28218433127e-16
1.66403896352e-09
9.50070077944e-13
5.83447381245e-14
2.11794716687e-07
2.9124757943e-13
1.49403586594e-19
0.0453148958582
0.0453148958582
0.000579495378898
0.000191177048588
8.38980292963e-17
0.00316170975644
1.66496597596e-17
0.000341436426756
0.000353850135091
0.0
2.60450670613e-05
0.00223124721438
8.72284107479e-05
0.00268797329732
0.0105321934507
9.89000746186e-14
0.000180697584343
0.000564915900864
0.000141533783723
7.87763645373e-05
3.63412887204e-09
1.0620357331e-20
0.00201843515691
0.0
0.0
2.95549547059e-05
0.0105321934507
0.0453148958582
0.0
4.23384135369e-09
4.53477083726e-09
8.5614442247e-05
1.83692775555e-07
6.04733948837e-09
5.55706398791e-05
3.0223063355e-05
0.00137202431062
2.94939189323e-20
1.50991310261e-19
0.0
8.8184736549e-11
0.0
0.0113484616429
6.26361403969e-05
1.23876535906e-06
0.0113484616429
0.0
1.23904774088e-07
4.00394761325e-16
0.000206653444864
1.30098271904e-18
1.07472752144e-06
5.41419312205e-16
2.49639355174e-17
6.41230055852e-10
0.000902620710984
0.0453148958582
3.90575896438e-12
1.02583790802e-09
0.0453148958582
0.0453148958582
1.27387736517e-13
0.0014345412908
0.0113484616429
0.0
7.93234079054e-05
0.00057131609703
1.00161724529e-19
3.81028906188e-06
0.0105321934507
5.20613269131e-15
0.00078400741072
1.33705395828e-23
9.02543571954e-09
2.67712285752e-13
0.0014345412908
2.69183820791e-11
2.86086309096e-05
0.000828991052947
2.40939372225e-19
7.95237172562e-18
4.88696226873e-17
0.00316170975644
2.44861669248e-09
0.0453148958582
1.02749435822e-05
3.12559093671e-13
7.36349344034e-05
0.00279493596502
8.46023245578e-21
4.36750763436e-09
9.80564323233e-12
1.65944374017e-10
0.000766963756931
0.00316170975644
5.54065628912e-12
0.0
2.82660792392e-08
2.41908391901e-05
2.42981790766e-10
0.0
1.35828158303e-12
0.000353525371244
0.0453148958582
1.08619191936e-06
4.79490271909e-18
1.24779920215e-07
0.0113484616429
1.23301226631e-31
0.00658177840887
0.0
6.63308559964e-06
3.76899830093e-08
3.78959955035e-15
9.64372028823e-10
0.000341436426756
0.0
0.000124332225558
4.03598710582e-07
3.3387782708e-09
1.39234345894e-11
1.45712502599e-10
2.85230264747e-05
0.00549052396514
0.000288987983809
5.21299784851e-05
2.82787652271e-08
0.0105321934507
0.0105321934507
0.00037348742761
1.78475373169e-10
0.00279493596502
0.000118774511445
0.000268644544295
6.40299822729e-11
0.0081431460476
5.61963296921e-11
0.00010306191559
1.05678914985e-17
0.00748084563553
0.0453148958582
1.23861163249e-08
0.0135423826703
5.03457145538e-14
8.4299178128e-16
8.41673266654e-20
0.0
0.00314755206574
0.00549052396514
3.85602027549e-05
3.03960188924e-07
5.83222615004e-09
0.0453148958582
1.53524827652e-07
0.00748084563553
4.8503879113e-11
5.47045257748e-05
1.48358264702e-07
0.00188753078326
2.86827121396e-11
4.12636204122e-06
2.98879871481e-14
8.33117614878e-09
1.33511357749e-10
7.18760197627e-35
4.25726883617e-09
8.80729366124e-13
5.37838543091e-08
1.51989696683e-21
1.01691879211e-06
0.0113484616429
2.42534739688e-07
7.17410553588e-07
2.26036086714e-14
0.0135423826703
6.71624703191e-12
0.000158467998414
3.04528789719e-05
2.12165092598e-33
1.21757739614e-06
1.58292426466e-07
0.0113484616429
0.0453148958582
0.000120223717705
1.5162724161e-08
0.000545436561709
8.84885192687e-15
2.30094196908e-12
3.25596102868e-06
0.00167037401997
0.000112710669438
0.0
0.00279493596502
0.0
9.06648662016e-15
5.55591191644e-06
7.1018634077e-07
1.95178285605e-10
0.000112545004636
0.00748084563553
1.63950966914e-09
1.54231742288e-19
1.96986034216e-05
3.24721955879e-05
1.59101215595e-18
7.44355335433e-06
0.0
0.000363913633201
0.00748084563553
0.000112710669438
0.00748084563553
0.0453148958582
2.96052189571e-37
0.000118136076981
0.00063970781643
0.0105321934507
6.59842082783e-05
4.50289606742e-06
9.03214722166e-15
1.58491768705e-09
0.0453148958582
4.94514330283e-11
2.07495795074e-05
0.0453148958582
1.37773920275e-19
0.000345379985126
0.0081431460476
4.08671546935e-08
7.0147784427e-13
1.80523709485e-31
0.0081431460476
2.1381930086e-06
6.50483309263e-08
0.0
2.14387731531e-06
1.30534649239e-08
0.0453148958582
2.65189810321e-12
0.000309225828389
4.43058324103e-05
0.0081431460476
1.09987480278e-10
0.000353850135091
1.38893228394e-09
1.4308857347e-08
1.45195241909e-24
7.2411892435e-14
3.48773991818e-07
0.000482467800144
0.0453148958582
0.0453148958582
0.0081431460476
0.000146412891851
2.09839549295e-05
0.0105321934507
0.000727869206457
0.00549052396514
4.8672236007e-06
3.96262111626e-05
0.0453148958582
0.0081431460476
9.2449958122e-06
0.0453148958582
1.58236625877e-05
4.39666442679e-11
2.09393407655e-05
0.000513500708074
0.0105321934507
1.69903664229e-13
6.49397617778e-21
1.00026904229e-11
0.00184272539157
1.37259644209e-08
7.97476733332e-08
1.95735990332e-10
0.000135674795668
0.0105321934507
4.22898759325e-13
0.000160261049236
0.0
7.07074085833e-05
0.000301015947685
0.0
1.80990013961e-24
1.91494480484e-13
8.75692516374e-08
4.73132706536e-07
0.0135423826703
0.000186386177981
0.0105321934507
0.000118303253283
0.000128579161223
1.02557712377e-15
0.000326762339663
0.0022749076109
0.0453148958582
1.91658759419e-17
0.00017898879924
7.48312817465e-08
0.00223124721438
3.87830907108e-06
0.0453148958582
0.000504560724023
0.00188753078326
3.43990024238e-07
2.32643294965e-09
9.58066080442e-13
1.46894462148e-07
2.06782932318e-11
9.3753365922e-08
3.8635759306e-08
1.27398057914e-17
3.14798042424e-09
5.53442912009e-07
9.34870968162e-08
3.09350309719e-11
2.62120308432e-08
0.0135423826703
4.15838189942e-11
9.4235745934e-08
7.31883933114e-08
1.09081412757e-08
0.0081431460476
7.17264878586e-05
1.49864796092e-13
7.70265228458e-10
0.0081431460476
0.000734150957249
0.0453148958582
1.18895001408e-19
6.0388027588e-16
3.2014856455e-07
0.0453148958582
3.43217835881e-07
2.78751253611e-10
1.72322546605e-12
1.84212593938e-07
6.88664672564e-05
0.000174907096934
0.00339149428409
8.01701159659e-15
0.00314755206574
1.56234506646e-10
0.0113484616429
1.45344130098e-08
0.00624985749323
0.000665124704508
1.48491502937e-07
0.000177524703007
8.33165774312e-09
0.00339149428409
7.60343984048e-20
4.19873956824e-17
1.10209382154e-05
2.55741664755e-08
0.00748084563553
3.61085817526e-06
7.52632195554e-06
2.08233118763e-05
1.80894461639e-06
0.0
0.0135423826703
1.26908141711e-29