500
0.0
7.09613584935e-05
0.0
0.0
0.0
0.0
0.0
1.24885580213e-05
0.0
0.0
0.0
0.0
0.00306911222565
0.0
0.0
0.0
0.0
0.0
0.0
2.2521361162e-05
0.0
0.0
0.00306911222565
0.0
0.0
0.000737866137458
0.0
0.0
0.0
0.0
0.0
0.0
0.0
0.0
0.0
0.0
0.0
0.0
0.0
0.000737866137458
0.0
0.0
0.0
0.0
0.0
0.0
0.0
0.0
0.0
0.0
0.0
2.75220711582e-05
0.0
0.0
6.51743621092e-06
0.0
0.0
0.0
0.0
0.0
0.0
0.0
0.0
0.0
0.0
0.0
0.0
0.0
0.0
0.0
0.0
0.0
0.0
0.0
0.0
0.000150677144961
0.0
8.94249936432e-06
0.0
0.0
0.0
0.0
0.0
0.0
0.0
0.0
0.0
8.63574305886e-07
0.0
0.0
0.0
3.14725543586e-06
0.0
0.0
0.0
0.000107658045353
0.0
0.0
0.0
0.0
0.0
0.0
0.000367817919428
0.0
0.0
0.0
0.0
0.0
0.0
0.0
0.0
0.0
0.0
0.0
0.0
0.0
0.0
3.4866779701e-06
0.0
0.0
0.0
0.0
0.0
0.0
0.0
0.0
0.000737866137458
0.0
0.0
0.0
0.0
0.0
2.66523406504e-05
0.0
0.0
0.0
0.000150677144961
0.0
0.0
0.0
0.0
0.0
0.0
0.0
0.0
0.0
0.0
0.0
0.0
0.0
8.94249936432e-06
0.0
0.000150677144961
0.0
0.0
2.23036437175e-06
0.0
0.0
0.0
0.0
0.0
0.0
0.0
0.0
2.00247907479e-05
0.000737866137458
0.0
0.0
0.0
2.94102773424e-07
0.0
0.0
0.0
0.0
0.0
0.0
0.0
0.0
0.000367817919428
0.0
0.0
0.000150677144961
0.0
0.0
0.0
0.0
0.0
0.0
0.0
0.0
0.0
0.0
0.0
0.000150677144961
0.000192635710964
0.0
0.0
0.0
0.0
0.0
1.11024332456e-08
0.0
0.000737866137458
0.0
0.00306911222565
0.000367817919428
0.0
0.0
0.0
1.90463185005e-06
0.0
0.0
3.99646329337e-05
0.0
0.0
0.0043501698511
0.0
0.0
0.0
0.0
0.000737866137458
0.0
0.0
0.0
3.34839164939e-06
0.0
0.0
0.0
0.000737866137458
0.0
0.0
0.0
0.0
0.0
0.000737866137458
0.0
0.0
0.0
0.0
0.0
0.0
9.62817673972e-05
0.000150677144961
0.0043501698511
3.61502739836e-07
0.0
0.0
0.0
0.0
0.0043501698511
0.0
0.0
0.0
0.0
0.0
0.0
0.0
0.0
0.0
0.0
0.0
0.0
0.0
0.0
0.0
0.0
0.0
0.0
0.0
0.0
0.0043501698511
0.0
0.0
0.0
0.0
0.0
8.94249936432e-06
0.0
7.55525617403e-08
0.0
0.0
0.0
0.0
0.0
0.0
0.0
0.000737866137458
0.0
0.0
0.0
0.0
0.0
0.0
0.0
0.0
0.0
0.0
0.0043501698511
0.0
0.0
0.0
0.0
0.0
0.0
0.0
0.0
0.0
0.0
0.0
0.0
0.0
0.0
0.0
0.0
0.0
0.0
0.0
0.0
0.0
0.0
0.0
0.0
0.0
0.0
0.0
0.0
0.0
0.0
0.0
7.53832565854e-05
0.0
0.0
0.0
7.09613584935e-05
0.0
0.000737866137458
0.0
0.0
0.0
0.0
0.0
0.0
0.0
0.0
0.0
0.0
0.0
0.0
0.0
0.0
0.0
0.0
0.0
0.0
0.0
0.0
0.0
0.0
0.0
0.0
0.0
0.0
0.000367817919428
0.0
0.0
0.0
0.0
0.0
0.0
0.0
0.0
0.0
0.0
0.0
2.934885566e-05
0.0
0.0
0.0
0.0
0.0
0.0
0.0
0.0
0.0
0.0
0.0
0.0
0.0
0.0
0.0
0.0
0.0
0.0
1.18771686028e-07
0.0
0.0
0.0
0.00468825017147
0.0
0.0
0.0
0.0
0.0
0.0
0.0
0.0
0.000737866137458
6.32619747086e-06
0.0
0.0
0.0
0.0
0.000160051387712
0.0
0.0
6.51743621092e-06
0.0
0.0
0.000367817919428
0.0
0.0
0.0
0.0
0.0
0.0
0.0
0.0
0.0
0.0
0.0
0.0
0.0
0.0
0.0
0.0
7.09613584935e-05
0.0
0.0
0.0
0.0
0.000150677144961
0.0
0.0
0.0
0.000737866137458
0.0
0.0
0.0
0.0
0.0
0.0
0.0
0.0
0.0
0.0
0.0
0.0
0.0
0.0
0.0
5.81061374286e-07
0.0
0.0
0.0
0.0
0.0
0.0
0.000737866137458
0.0
0.0
0.0
0.0
0.0
0.0
0.0
7.35349086826e-05
0.0
0.0
0.0
0.0
0.000150677144961
0.0
0.0
0.0
0.0
0.00306911222565
0.0
0.0
2.934885566e-05
0.0
0.0
0.0
0.0
0.0
0.0
0.000737866137458
0.00306911222565
0.0
0.0
0.0