500
0.0197874281181
3.60540917114e-14
1.05745478152e-07
2.2053211874e-09
8.90401936696e-06
1.9523870473e-06
4.47708773814e-08
0.0
1.703338998e-12
0.000405165896943
9.69180108526e-17
4.36047632727e-08
0.000127067142836
1.39053867079e-16
7.65249444279e-06
1.62729972011e-07
0.00607526782716
8.25681899582e-08
0.000183710449856
2.67430499008e-08
1.05745478152e-07
0.00207115254119
0.000577156470253
0.000273162434764
1.77343037487e-07
7.51519172055e-08
9.17748652082e-07
0.000577156470253
0.0197874281181
1.82327556195e-05
0.0127025567913
0.010857073438
0.00424364527702
0.00296104888417
0.010857073438
8.42257668329e-08
5.21734697822e-26
6.16952680651e-07
1.22781258758e-12
3.58714907334e-06
0.000915193105047
7.04367822571e-23
7.07275377989e-39
1.29223328132e-11
0.00300260642574
7.49222866019e-05
0.0
6.12618008104e-06
6.58963004369e-16
0.00424364527702
0.0
1.65743411075e-06
1.07691095597e-05
4.23819675153e-17
8.80503816282e-05
3.55052612966e-06
0.0
4.17578125028e-15
8.6399137187e-09
1.21383027329e-15
1.30528976531e-13
9.09096485121e-10
5.16920062053e-07
9.47251259672e-09
9.45184406384e-06
1.75634962782e-13
2.54188793444e-16
0.0
6.00445538483e-05
0.00107955782087
0.0
0.0
2.87260831045e-11
0.000295622337295
0.00462439283816
0.00207115254119
6.88724681122e-15
5.94160388269e-06
1.65868381451e-07
9.14743014489e-11
0.0
1.27646168814e-08
0.0
1.02305282041e-22
1.08090403911e-06
0.0
9.19012434466e-38
3.28463711285e-09
8.45715401796e-06
2.96294284733e-07
8.98873193092e-05
8.67299968362e-08
8.66428606609e-09
3.40637022798e-05
2.97716183561e-06
8.37908254343e-05
0.000466910917522
0.000107872294112
9.34077555547e-07
0.00249070607322
5.94531589095e-14
1.56059787266e-08
2.81940771704e-06
0.00207115254119
4.40255289085e-06
2.40552329843e-17
2.37851440361e-13
2.66850244755e-06
0.010857073438
5.95345538231e-34
1.33220004341e-20
0.00148987986128
1.06155681122e-06
9.05969603555e-08
0.00207115254119
1.95788710293e-18
5.09284662206e-14
0.000106310936742
0.00140291118152
1.90645178798e-07
0.0
0.000466910917522
1.41115736088e-06
0.0
1.16747653935e-13
0.0
0.000127067142836
8.91831747e-07
3.49718642671e-06
5.6831981105e-13
2.95277354037e-10
2.27990647561e-05
2.28066312538e-10
8.50143503847e-06
6.07515633614e-12
2.50308928885e-08
0.000808983025159
6.08979181361e-09
4.05828152098e-10
4.35587250292e-10
0.00448438555013
2.74431536712e-06
1.38747798996e-09
1.24667444385e-30
0.010857073438
2.54181092607e-09
8.72827921704e-34
1.12779311211e-11
0.00448438555013
7.82201508441e-17
1.6290041074e-06
3.99243313215e-11
0.00207115254119
1.48298570147e-30
0.000140890992565
0.00607526782716
3.00309278515e-15
9.59367063083e-10
3.77740154148e-08
0.0
0.0
0.00207115254119
9.35185898864e-05
0.00157395752374
2.99549058773e-17
3.89995737328e-08
0.0
0.00463253849231
1.9829716027e-10
0.010857073438
0.00016171146966
0.00223636511992
4.90413329388e-10
0.000808983025159
7.68278857183e-05
0.000129069291477
3.15324644184e-10
3.07993757004e-05
2.40362538661e-06
0.0
0.00150066969479
0.000129952048815
0.000260434005232
5.6057704107e-09
8.61918435202e-12
0.000106310936742
8.28339038311e-13
9.32191949547e-05
1.53913101561e-05
2.2870855262e-06
0.000466910917522
6.18280018544e-05
1.03262418423e-07
5.15544553011e-06
9.13140289157e-07
1.93877264088e-12
7.4340255737e-17
2.42474367465e-13
0.0160427972789
2.96011559603e-07
4.65585872758e-07
1.66029744678e-08
2.19869849212e-05
1.89006533707e-09
6.89945121163e-08
3.77547212466e-06
5.41336047679e-05
1.74536216304e-07
7.02604065511e-09
8.66022323272e-06
6.59208997938e-05
7.25632216175e-08
1.07504411137e-09
0.000127373232289
5.58497616139e-21
1.73627158797e-05
0.000184925379531
0.000599466872844
1.68133812148e-24
9.53648475134e-06
1.63908386625e-07
7.79448983876e-07
5.0797510882e-21
7.28200570759e-05
0.00224941852633
1.1274248393e-09
2.84709170817e-09
0.00448438555013
4.9363206178e-06
0.00249070607322
0.0
2.97718042642e-21
1.21196891406e-05
0.0127025567913
2.10166694346e-05
0.00207115254119
0.00249070607322
0.00607526782716
0.000808983025159
2.31376518055e-05
6.57798305818e-06
0.00341804950667
5.21532680186e-10
0.0160427972789
2.94640310578e-20
1.25825439811e-09
5.28847312939e-10
0.000808983025159
0.00207115254119
0.000129952048815
7.45231839646e-14
1.62719912399e-12
1.29056052037e-06
0.010857073438
0.000706141245155
0.000680891903798
9.9854640675e-12
3.97403649795e-06
0.0
0.000186095593261
4.05966390504e-20
5.62848580255e-08
0.0
2.62998370514e-05
0.000168885694009
2.74079897816e-08
1.24620314528e-09
0.0
3.64491866106e-15
1.91267975251e-05
3.11630809736e-09
1.16562937154e-11
1.49914547724e-10
0.000808983025159
0.0197874281181
7.21710248068e-08
1.41498631667e-15
0.0
1.64518479045e-06
3.2119296872e-14
9.54864932401e-16
8.6178919828e-06
8.80503816282e-05
6.57965549766e-10
1.09292251615e-11
0.0
2.44121975116e-07
7.38423675489e-05
0.0
0.0
3.97902479558e-05
1.28817493892e-12
0.00207115254119
0.0
0.00607526782716
6.46792951742e-09
3.66340084563e-09
2.29517545398e-06
7.04492755362e-08
0.00157395752374
3.60661553887e-07
1.77994356429e-21
4.70225388418e-10
0.0
8.72104485793e-10
0.00207115254119
2.05288298219e-06
5.73280101999e-14
4.82903803822e-13
1.16662494824e-14
0.0197874281181
1.93367180002e-14
0.0
5.22992582899e-11
0.000808983025159
0.00462439283816
5.82373978629e-21
4.73568530494e-21
0.00607526782716
0.00207115254119
9.43767806486e-06
9.87039776683e-08
4.76222220695e-23
3.15980843432e-07
0.000100949446622
0.0
1.11650373262e-11
1.24172105547e-13
0.0160427972789
0.0
0.0
6.48329490375e-14
0.00157395752374
0.00462439283816
1.59363014367e-07
6.21112254252e-06
5.13962205276e-06
0.000218821224522
2.54904438919e-05
1.79698914506e-12
2.22739929089e-06
0.00107955782087
7.94825015455e-05
1.03006509018e-25
4.31121748588e-11
0.0
2.66481164306e-06
1.19758848341e-07
1.96587378208e-17
3.25094108841e-06
2.41523256882e-18
0.0
4.95906994421e-07
0.0
2.07780114963e-17
1.85212012873e-05
0.000316412689773
3.21913338638e-06
4.55666864326e-06
5.73109409062e-10
3.01784617741e-08
0.00207115254119
2.74374025534e-14
2.17738706912e-05
0.00207115254119
5.00691378294e-09
0.0
3.15555958192e-06
1.55548066531e-14
4.07265231306e-14
6.88787118471e-21
4.24310468749e-05
8.67682480106e-14
6.59208997938e-05
1.95268365483e-24
0.010857073438
2.87576934611e-07
0.000915193105047
0.00300260642574
0.00448438555013
1.04495948194e-07
3.27188566112e-05
0.00462439283816
0.00607526782716
7.08940790485e-19
0.0
0.000271410380558
0.00227624841521
0.010857073438
4.13379916848e-05
5.77882184872e-18
2.58256000909e-08
2.97885487786e-07
4.48157354068e-11
2.15239048201e-12
0.0
2.72570100463e-05
4.8352792983e-20
0.00249070607322
9.77598226993e-06
1.31345026724e-06
6.2496136375e-07
1.90884936252e-16
0.00207115254119
5.06772369131e-09
2.22800987742e-10
2.74254905155e-17
7.79782867379e-13
0.0
6.46206763561e-09
1.02677749721e-26
0.0
0.000432997921486
0.00148987986128
0.00424364527702
3.68031249729e-08
0.000808983025159
7.89150634456e-10
5.53925168588e-05
0.00341804950667
0.000599466872844
6.87220175542e-26
3.01336818083e-09
0.0197874281181
7.69225340998e-14
2.28634682193e-07
2.22309040736e-06
4.31018867265e-15
4.77803093099e-06
3.93552872664e-09
8.74646947157e-16
2.11891896273e-05
0.0160427972789
1.41661336381e-12
0.0
2.73291915955e-08
0.00108999781514
2.061347114e-13
8.47525824736e-14
1.07691095597e-05
1.38918890001e-11
0.00463253849231
0.000706141245155
2.41546271503e-06
2.71433146168e-07
1.87926037343e-08
2.86058813644e-07
0.0160427972789
0.0127025567913
0.00207115254119
1.63369815477e-07
0.0
4.51280148383e-10
2.35181275263e-08
1.13638466424e-08
2.71925142969e-07
0.0197874281181
0.0160427972789
0.0
0.00207115254119
0.010857073438
1.92306889973e-08
0.0
3.16318971364e-17
2.74431536712e-06
2.70700448166e-12
0.000482394911949
0.000160567160588
5.14965346593e-18
1.08339726167e-09
6.00445538483e-05
7.77326126994e-11
5.55195924882e-07
0.000808983025159
0.00341804950667
0.0
8.67148454909e-11
9.44278611355e-06
0.0
0.0
0.00300260642574
0.00249070607322
0.010857073438
0.000808983025159
0.000808983025159
1.41931023811e-14
0.000100949446622
3.59951864096e-05
3.21999828133e-08
0.010857073438
1.42155265229e-06
7.38423675489e-05
7.57338908278e-15
0.00448438555013
2.2794942991e-06
0.0160427972789
4.8641283008e-10
2.9045097054e-10
1.25317125529e-11
0.0