500
6.77058943094e-09
1.37807844278e-16
3.25524516793e-18
1.47274026727e-32
0.00134440688394
5.76341718547e-10
3.1726464669e-32
1.43368879034e-13
7.79318607937e-09
3.51711228648e-11
2.63551667022e-08
1.30575724502e-11
1.46133601132e-07
4.77974227569e-05
1.80581074102e-33
3.74746532574e-05
8.19906280048e-23
0.000126071623156
3.13924669313e-34
0.00134440688394
8.97378091305e-23
1.42986457647e-12
1.89125320168e-21
0.00134440688394
2.47268368492e-24
3.61016478663e-07
1.80921142923e-14
2.90310803724e-31
5.25857402157e-15
6.82038592066e-08
5.39091134985e-22
2.97644076126e-50
0.0
1.03627289005e-18
0.00686899563319
0.000232452896032
0.00200767007535
1.71785152166e-57
1.96484094465e-84
0.00134440688394
1.4934470401e-30
1.23930325916e-43
8.59046230751e-20
4.45585362914e-54
2.44529205083e-74
1.07044301178e-17
4.03380255304e-15
1.14787563119e-06
1.20314895969e-13
2.17502399178e-43
3.54844120057e-16
1.27514223766e-05
4.43361293165e-30
3.44062335939e-22
4.2626271707e-35
7.89162461491e-14
3.58278441635e-12
1.32753344721e-05
0.00200767007535
2.81361546397e-29
5.87104372987e-11
8.62506359478e-20
6.77055005094e-25
1.22849855948e-25
0.00200767007535
0.00200767007535
3.676723693e-25
1.08489719899e-37
0.000112552215922
4.64862186187e-28
3.07572728492e-18
6.53634082536e-134
2.45340981405e-12
5.33920034355e-22
7.7703033599e-70
2.53387466298e-06
3.68485682487e-07
1.95371585707e-26
4.96767994894e-14
0.00134440688394
1.05270070616e-68
5.7096566182e-05
0.00134440688394
2.87699834343e-28
5.64662663875e-13
5.45482300775e-09
1.17891058609e-26
1.82382107533e-38
2.95361518039e-17
2.89120075655e-12
5.9891791146e-29
9.36001138725e-19
0.00686899563319
5.18113643811e-17
1.97836755642e-06
5.88158155822e-05
4.36715953146e-05
2.19122537966e-05
0.00134440688394
0.00249194332678
5.03143308386e-10
6.73351506761e-08
1.70443926223e-10
3.92993854529e-20
3.26190247407e-42
6.23666767663e-35
2.25272144166e-09
6.4996832282e-27
0.00686899563319
3.77572811476e-25
4.97660910758e-20
1.9704798807e-08
0.00200767007535
3.65860115025e-12
4.45890528185e-14
2.60708597247e-48
0.0
5.66239844648e-61
7.36020513699e-32
0.00200767007535
0.00134440688394
3.69216543001e-23
1.44055872206e-07
7.23596945881e-48
1.83677928582e-05
2.37873077655e-09
1.56662118631e-16
1.03497829345e-16
0.00249194332678
1.41725332008e-12
3.07747706221e-09
8.82156066292e-06
0.00134440688394
0.000498388665357
2.94791114403e-11
6.84496583919e-71
4.64681235208e-11
2.45163955373e-21
3.40208482742e-12
3.75807165935e-76
1.81428047657e-32
6.38529219177e-44
1.49940195322e-07
5.17902585335e-06
1.01354893992e-50
5.42114503136e-64
3.74888091185e-06
8.36875419033e-22
1.90375479949e-24
1.65958206338e-17
1.61167064946e-86
0.000232452896032
1.63249704911e-09
3.29665555878e-07
4.194069307e-25
5.04877317588e-15
4.62063125981e-24
5.29420948393e-16
3.48842231488e-28
1.86116572679e-20
0.00249194332678
1.86630275379e-38
5.44994839653e-13
2.10591869351e-08
1.61187846247e-25
8.54641635661e-67
2.96577964259e-20
0.00249194332678
1.93576715658e-07
3.1498324076e-06
4.37922125109e-19
9.62239655975e-17
1.12166746203e-97
9.9020300481e-24
1.81981573575e-68
1.653744305e-49
5.84385781066e-11
8.73269958174e-72
1.53417012946e-12
3.13677245548e-38
7.85476638416e-11
7.76812916214e-36
1.33672914894e-12
1.14478757258e-20
1.41120868626e-13
2.70141746428e-29
7.26486653072e-20
3.01476433715e-34
2.65275033173e-28
6.25834563376e-23
4.74658215271e-59
2.49348998805e-13
7.44208581742e-23
5.22959572429e-41
1.0058249796e-07
4.12298781775e-18
0.000233681740084
2.46398143865e-16
1.38980921313e-09
1.81299731774e-17
1.45154367593e-19
0.00200767007535
1.25949844981e-16
8.0215087537e-64
6.22401204416e-30
5.14394906545e-14
6.08289766151e-16
1.94804813487e-35
3.35279468681e-25
7.1334766361e-29
5.8264470003e-14
1.16713460039e-53
6.4299671128e-67
1.09611886401e-11
1.76119491138e-15
2.94129186201e-35
4.1945967084e-07
0.00134440688394
9.22425150319e-22
2.30426080629e-15
1.82478426853e-65
0.000301147142002
4.47902238321e-23
0.000232452896032
6.63802827947e-15
0.00249194332678
1.09605945636e-08
8.04225147075e-42
4.63922192139e-13
4.87590221609e-10
5.91099396924e-26
0.000126071623156
0.000233681740084
1.61457983211e-19
1.90459100514e-06
2.85126503907e-25
4.4545399911e-17
1.96827901951e-08
0.00134440688394
3.94222845896e-05
1.04520209389e-19
3.25407427181e-20
5.06443096277e-08
3.84083844323e-13
2.75492424025e-06
1.45338745678e-17
4.48458640146e-11
2.18037411881e-19
2.27126316928e-46
5.58813884793e-44
1.62116346179e-20
0.00200767007535
1.35003382806e-50
9.12664630264e-27
3.31836615753e-16
0.000112552215922
0.00134440688394
2.15244828004e-06
2.45391531456e-79
3.11162596952e-07
3.2815854823e-34
0.000301147142002
7.71792249544e-09
1.28243277358e-12
3.03683655988e-07
5.9264886036e-05
4.86325577846e-22
2.78644246009e-27
1.49908183329e-22
6.49059483287e-44
4.35873077394e-12
4.47362715142e-43
1.10344414822e-78
5.65486570001e-26
1.04922262358e-10
7.2693888825e-10
2.84991567889e-24
4.28704783323e-10
5.83841390756e-06
1.25518599459e-25
2.496555789e-28
0.00200767007535
4.17009168956e-43
7.36502343736e-10
5.24017257648e-30
2.32939289623e-09
1.31909982761e-05
6.9276287722e-11
9.33601277119e-60
2.04948437351e-42
1.06999714141e-06
4.82433298143e-54
3.23468983126e-06
6.01749566884e-16
3.99331839497e-35
7.71953904981e-06
6.64582583281e-55
2.46916885256e-21
7.96385531094e-09
1.8583515586e-79
1.59498124752e-21
1.52739237247e-16
7.06571748959e-18
9.10898306138e-09
4.75716703009e-23
5.1576326813e-17
5.9264886036e-05
0.000188269063618
2.0726540605e-12
5.83354306836e-25
8.96340197566e-60
1.51369546946e-07
0.00200767007535
5.04686497348e-11
0.0
2.30555768601e-21
5.17902585335e-06
2.11539334604e-10
2.84075435053e-78
1.70842112938e-45
1.38735122914e-38
7.1172054715e-05
2.69771418462e-19
9.07533096701e-20
0.000188269063618
1.86093310934e-20
2.21347217512e-93
2.77038362815e-11
2.01797075447e-30
2.38592757801e-40
5.25224380805e-23
1.88041369643e-07
0.00200767007535
3.12193704546e-20
5.07612897773e-30
0.00249194332678
5.91666713059e-10
0.00134440688394
0.00249194332678
2.30058435017e-16
1.5289251184e-13
5.63264130442e-09
5.24042078759e-42
0.00134440688394
8.56630346061e-33
6.70585256392e-18
5.54296073333e-46
4.13937915777e-14
1.65099390872e-36
4.61809046616e-09
3.39193862267e-11
6.7134208737e-18
4.45913079096e-08
4.39745370963e-49
3.88357783575e-15
7.71953904981e-06
8.97457568028e-12
2.57351625415e-11
1.44772080628e-20
9.3931381447e-14
5.88158155822e-05
0.00249194332678
7.65149787544e-22
4.38877028588e-19
2.4780207857e-36
2.56963808201e-35
0.00200767007535
3.59186072518e-35
1.74064169015e-16
8.85032199961e-05
0.000126071623156
1.90745555104e-08
4.28573243493e-13
8.21002507359e-11
2.34263231479e-09
0.000301147142002
0.000188269063618
1.88749358851e-17
3.06376663573e-17
2.88498525854e-24
2.29480551162e-57
1.49148108988e-37
4.6200515106e-13
0.00200767007535
3.98743939454e-93
3.1272298715e-07
0.00200767007535
7.05349020156e-17
7.35497278407e-08
0.0
0.00249194332678
1.36082194615e-05
0.00134440688394
1.06079245837e-16
1.26324289786e-13
2.3924724428e-18
1.91260721109e-27
4.51064332827e-22
2.98634336986e-50
1.07888790079e-13
6.8067581696e-06
4.80412256571e-13
0.000232452896032
2.08819440057e-05
9.60997602965e-30
1.65665898368e-17
3.44679407062e-25
0.00200767007535
2.61317730759e-18
1.08564195892e-38
2.39767169151e-06
5.46034212891e-09
5.08223153314e-21
1.1877331986e-11
7.24615755526e-06
2.4250641363e-14
1.03160302848e-10
7.33387358548e-41
5.10753782854e-44
4.70380235526e-06
2.59343217057e-43
0.00249194332678
5.55772169748e-11
5.04256836491e-16
3.78351440634e-16
6.04122317728e-12
2.40469878083e-48
2.58436983747e-47
1.14928444463e-13
6.4896760899e-28
2.07307084965e-12
0.00200767007535
6.44682320964e-09
1.86916558199e-11
5.36105815125e-31
1.30957220065e-44
1.73822839531e-10
0.00249194332678
8.02576787067e-31
2.58882154198e-27
4.45235362556e-06
1.38399807314e-05
0.000301147142002
4.90174735307e-22
5.69472786379e-19
6.82038592066e-08
0.00200767007535
9.83482107126e-18
1.08601018416e-09
7.96414815442e-07
1.03284115896e-40
1.90459100514e-06
0.00191915013519
8.90246357498e-07
3.16921006922e-31
0.00359582700062
0.000301147142002
1.02129334779e-21
4.07893958707e-22
2.95847395275e-45
6.98430886683e-11
0.000111096540544
2.73343336954e-29
2.01719392895e-09
1.40581559433e-07
1.13352873684e-05
4.28009995137e-20
3.49915616864e-57
4.82732369662e-16
4.03534946674e-23
6.90141622017e-15
1.31909982761e-05
5.87628083232e-10
1.33050744106e-07
0.0
2.0859555098e-15
0.00025489538474
1.51717636613e-21
6.46247881236e-17
1.43461075691e-24
0.00200767007535
1.31290190263e-30
5.4333723784e-08
6.22231575072e-30
5.93106191696e-14
3.1758374822e-73
1.88041369643e-07
3.41962271263e-08
2.39767169151e-06
3.42410318587e-10
5.8203112734e-19
3.02757765131e-58
1.85642935982e-16
3.27916891048e-07
1.46133601132e-07
0.00359582700062
8.85032199961e-05
4.98624346416e-41
0.000126071623156
2.9845223154e-22