500
0.0140864193439
0.000804183250945
0.0741234567901
0.00682417691531
0.0
0.0224806397115
0.0140864193439
0.00409155418616
4.52566493321e-07
0.000595820962965
5.20651060136e-07
5.7164792343e-06
0.000579034244976
8.22338567197e-05
0.0020038436196
0.000431844505141
3.39740183484e-06
1.43668580798e-06
0.000845854747347
1.01084274974e-07
4.00726881213e-05
0.0741234567901
0.0415873040017
0.0325267962108
1.72019964891e-05
0.000720775707457
7.99843613625e-05
0.000845854747347
0.0415873040017
0.00856639234553
0.00246349496144
3.39030812386e-05
1.60974675666e-08
0.0132483284702
0.0415873040017
1.86609521736e-08
0.00557305146463
0.0132483284702
2.59269141959e-12
8.28396449186e-08
1.17869315723e-05
0.000791988222512
0.000572880708612
0.000651295133871
0.00213184054216
0.0741234567901
7.4473309297e-10
0.000203692918424
0.000200183371492
0.00682417691531
5.73159810648e-08
0.0
2.80784876869e-05
0.00856639234553
7.18689230918e-08
4.62042086584e-11
2.02479043893e-09
0.0140864193439
2.10289681845e-06
0.0140864193439
0.0415873040017
0.00198260454841
0.00198260454841
0.00198260454841
0.00184359861756
0.0741234567901
1.67859216696e-05
1.92357130812e-05
0.00122781044403
0.000167591948604
0.0224806397115
2.37627485842e-05
0.00213184054216
1.17374529368e-05
3.98269048544e-12
8.96239107535e-07
0.0325267962108
0.00213184054216
0.0741234567901
0.00856639234553
0.0224806397115
0.00856639234553
0.00146127682564
0.0741234567901
0.000618616397259
0.0224806397115
4.78127018093e-06
0.00557305146463
0.00272789353615
0.000469826490626
0.0415873040017
0.000438024702864
0.0132483284702
0.0415873040017
1.07163323083e-10
0.0415873040017
0.0415873040017
0.0
0.00186488580046
0.0415873040017
4.80829094222e-05
6.98868987099e-05
0.0224806397115
0.000146574307193
0.00840533809989
6.92009769388e-06
7.1958863279e-16
0.0
1.19847770482e-05
1.17752646304e-06
1.49094644733e-06
3.08238563506e-08
0.0741234567901
0.00409155418616
0.00682417691531
1.34449589476e-11
0.000274959169232
0.00214016310059
0.000119920058869
0.00840533809989
2.34841549921e-10
0.00184359861756
0.0741234567901
0.000677564106591
6.00138442973e-09
0.0415873040017
0.00115372849777
0.000310453588253
0.0224806397115
6.23807788521e-06
4.11375663104e-08
6.53855938741e-05
0.00246349496144
0.00010764526083
0.000845854747347
6.58409630089e-05
0.0415873040017
2.76378700949e-07
2.00146208672e-06
6.53989307479e-08
0.0140864193439
3.18014905001e-13
1.4255806744e-09
1.75249159521e-05
9.23866422593e-15
3.09561080927e-06
2.22393318496e-07
1.38756437391e-05
9.14931625846e-06
0.00682417691531
9.06015285776e-06
0.000279366976704
8.24211922838e-07
2.0416637076e-07
1.92803767464e-06
0.0415873040017
0.00036582217628
0.0325267962108
7.39531505116e-08
0.00186488580046
0.00295804725643
0.0415873040017
0.0415873040017
4.51661959252e-10
1.34815531524e-07
0.00115372849777
0.0415873040017
0.0415873040017
0.00682417691531
0.0741234567901
1.57181674401e-06
1.04567481566e-05
0.000895514459725
2.5628794766e-06
0.0
0.000435387011087
0.000172790503613
1.41558613314e-09
0.0224806397115
0.0132483284702
9.62465425546e-08
2.70667282576e-11
0.0140864193439
5.11342619783e-05
0.000270672336212
1.77618370974e-09
5.02233107014e-06
2.14356141218e-05
0.0224806397115
0.0415873040017
0.00213184054216
0.0741234567901
0.00295919639411
0.0118467519443
0.0415873040017
0.0224806397115
4.21886977174e-05
0.0741234567901
0.0224806397115
0.0224806397115
0.0415873040017
0.00011192572768
0.0415873040017
0.0415873040017
0.00272789353615
0.0224806397115
0.00152530565407
3.77676526809e-11
2.71251570063e-09
8.41210341443e-15
0.000310453588253
2.92555253422e-12
0.00840533809989
0.00682417691531
1.2077699152e-06
9.18080605885e-06
5.44845685597e-05
0.0741234567901
0.0140864193439
0.000438024702864
0.00447968201041
0.00146118077122
2.79614674354e-10
0.000184337274349
0.0224806397115
4.79648001082e-06
2.43644090649e-06
0.00682417691531
0.00198260454841
0.000115399063545
2.53353696528e-07
8.17158766761e-05
1.68803542509e-08
0.000215675503982
1.84187115254e-08
0.000642600684112
7.71812764817e-12
0.0032015262106
0.0415873040017
0.0224806397115
0.000232371685445
1.22109606393e-13
0.00336975389441
0.00682417691531
0.000200183371492
1.22492794705e-05
2.00146208672e-06
3.70834474857e-10
1.22491318507e-07
6.44496640275e-06
3.03099651733e-10
9.85523585896e-06
0.000203692918424
5.7683557431e-07
0.0415873040017
2.67294273588e-06
5.61233039163e-07
0.00213184054216
0.00333403725283
0.000389588646264
5.40467990536e-07
1.2765533079e-05
0.0415873040017
0.0415873040017
5.83522868389e-05
1.95043071123e-05
0.000595820962965
2.94787669464e-09
0.000310453588253
1.30091902443e-05
0.000687293204186
1.67281281789e-07
0.00682417691531
0.00184359861756
6.25105569072e-07
0.0224806397115
0.000336380227941
0.0415873040017
0.00840533809989
0.0415873040017
0.0224806397115
8.37616253097e-07
0.000168172425374
0.00036599444792
0.0741234567901
1.04466689386e-05
0.0741234567901
0.00115372849777
0.0415873040017
0.0415873040017
0.0415873040017
0.0140864193439
5.650076291e-05
0.0140864193439
0.0415873040017
0.0741234567901
0.000843966483892
0.000171246858835
4.11229355349e-05
0.00152530565407
1.20754964256e-11
3.92067494885e-06
0.00409155418616
0.0741234567901
0.00186488580046
3.09137218726e-09
0.000215906923429
0.000577317577595
2.61421569642e-07
0.000687293204186
8.68122240714e-12
0.0415873040017
0.000137788804589
0.0415873040017
0.000747134480537
0.0741234567901
0.0415873040017
2.23132748925e-10
0.0023236751834
1.48998963349e-05
0.0415873040017
9.86784952708e-08
0.0224806397115
3.02338676148e-06
0.000845854747347
0.0023236751834
0.000305788801616
1.63239082551e-07
0.000687293204186
2.14847266688e-05
0.000375163910898
0.00213184054216
2.42429361019e-11
0.0224806397115
0.000431844505141
0.0415873040017
0.0741234567901
2.52737591991e-09
0.00856639234553
0.000791988222512
0.00409155418616
0.0140864193439
0.0741234567901
5.56797238141e-06
0.0325267962108
5.63394294258e-05
0.0224806397115
0.0224806397115
7.45525002926e-05
0.0
1.46237168274e-11
0.0
0.0415873040017
8.13748791052e-09
0.0741234567901
0.0032015262106
0.00111312774929
5.71164264301e-09
0.00295919639411
3.5160721273e-05
0.0140864193439
0.0224806397115
3.04248965163e-05
0.0224806397115
5.05623953239e-06
0.0224806397115
1.73482398711e-06
0.0415873040017
6.2165895105e-08
4.9407518441e-11
2.38931126363e-07
4.31819989376e-16
1.5549582284e-06
0.0415873040017
9.59565595078e-07
2.42196137336e-10
7.2570394322e-06
2.94263478186e-09
0.00682417691531
0.00682417691531
0.000200183371492
0.0325267962108
0.00115372849777
0.0032015262106
5.26155501722e-07
4.44755084177e-08
0.0224806397115
0.000106913145367
5.57997374015e-06
0.00333403725283
0.000263762407893
0.0118467519443
0.00856639234553
0.00206164666645
2.74213324404e-13
6.68467650903e-08
1.43400399748e-16
7.37629227737e-15
1.1284710366e-10
5.72306964818e-05
9.24379028321e-07
2.47154424276e-06
7.83833173288e-07
0.000106912140687
0.0415873040017
3.83550743195e-07
0.0
8.36610509916e-10
0.0140864193439
0.0415873040017
0.0224806397115
0.0132483284702
0.0741234567901
1.9743485923e-10
0.0325267962108
0.00184359861756
0.0415873040017
7.0241160534e-11
0.000117795078417
0.000336380227941
0.0140864193439
7.81033842387e-06
0.0415873040017
0.00146127682564
0.0741234567901
9.3011107741e-09
0.0224806397115
0.0415873040017
1.94609968217e-10
0.0741234567901
8.01081047121e-05
6.22009149057e-06
0.00856639234553
0.0415873040017
0.0741234567901
0.000292409093487
2.06228255226e-05
3.84283044585e-06
0.0
6.93695991154e-15
3.68193647709e-08
0.00213184054216
6.46270475899e-09
4.38144442594e-10
0.000438024702864
0.0415873040017
2.13486003033e-07
0.00285063881471
1.91727008784e-07
0.00011192572768
0.000460703297361
0.00285063881471
0.000336380227941
3.80512283734e-06
0.0023236751834
0.0415873040017
0.000137788804589
1.89371403487e-06
0.00115372849777
0.0020038436196
0.0
0.00115372849777
0.0
0.0140864193439
0.0415873040017
1.25454442498e-05
0.0415873040017
6.0034449077e-06
0.0224806397115
2.06522198595e-11
0.000776860033121
0.00214016310059
0.00213184054216
1.023439668e-11
8.01170305479e-06
0.000336380227941
0.000495600497333
1.35385746263e-05
2.32171174937e-21
0.0020038436196
0.0
0.000804183250945
1.27504621376e-10
0.00682417691531
2.32581654719e-06
1.44468112e-08
0.0224806397115
0.0002101832899
0.0415873040017
3.51736448773e-11
0.0415873040017
4.05879710185e-05
0.00198260454841
0.000137788804589
1.01213051648e-06
1.57458427097e-05
0.0
0.0140864193439
9.97645021577e-06
0.000489681615203