500
8.36637631105e-10
0.00169551648186
0.00720781797066
2.75032173939e-14
3.98417182171e-11
0.00720781797066
3.08752730954e-05
2.05032751678e-06
0.00469709184228
0.000290445785209
5.66598357088e-17
2.47034051001e-05
0.00292762247654
7.37757500659e-06
1.35196506276e-05
1.4634378348e-06
3.63089130679e-07
0.00866913049138
0.000512612299151
3.31406437525e-08
2.9476740928e-06
0.000274646583377
3.36269014764e-07
5.55627041415e-07
0.000218545596981
0.000865650758191
4.87471345578e-06
2.39953698411e-05
0.000895016583619
0.00253334644571
3.91919198237e-07
1.62060814478e-08
7.42794268132e-08
0.00866913049138
0.00745453891957
8.5927648054e-06
3.91172763089e-11
0.000240586608442
4.2000292074e-05
0.000122131526543
8.06618773932e-07
9.64962389681e-10
1.71913918489e-19
0.00104079007768
0.00720781797066
4.6211889111e-06
3.44091696841e-07
1.43454363021e-06
4.94522744568e-08
0.000325032356525
0.000529200925048
2.4987965838e-07
5.93897940494e-05
8.01887135719e-12
1.22453839243e-08
0.00172798762927
0.00029367097625
0.00838221051898
1.2457590749e-18
7.76294781012e-06
6.67491967942e-05
0.00017684367647
0.000284474480843
0.00838221051898
0.0015022888285
1.82469274435e-05
0.00780319580298
2.516464458e-12
0.000242797995383
0.00292762247654
5.93897940494e-05
1.95458404315e-14
0.00745453891957
0.000134545881422
2.21899152654e-09
6.50043014999e-07
1.11593159866e-07
0.00169551648186
0.00292762247654
6.05374373802e-07
4.14330519784e-08
7.98126721051e-06
5.91482328965e-06
0.000274209833623
0.00780319580298
0.000996926722742
0.000352596312193
9.94417792073e-10
7.11058217683e-05
1.43311631318e-09
9.65073823132e-05
0.00230924242241
0.000723808082835
0.000271763793017
0.000364016442486
3.15776984114e-12
4.56595150709e-09
1.19974352925e-06
0.00033579455562
2.24150723765e-05
3.60464269294e-07
0.000646187939421
4.45703924944e-14
0.00469709184228
4.40805688027e-16
0.00866913049138
1.03866559445e-12
6.18946123434e-06
5.16419787748e-08
0.000387857656186
0.000229836887532
0.000133839974831
0.000856396236954
4.0355443989e-09
7.97862013693e-05
0.000162292510825
0.000169651701892
3.01892280243e-07
1.43254607306e-09
0.000218667515027
6.61730720956e-05
6.22366014862e-08
0.000311680612683
2.40722103635e-12
2.4906106635e-06
0.000936254980252
1.69399264303e-05
3.02169678055e-17
0.00745453891957
0.000169055227833
0.0015022888285
0.00033579455562
7.13977521891e-08
0.000235036868251
3.16171478669e-07
0.0014543863806
2.70874864585e-09
0.00033579455562
5.42912949701e-12
7.20531066944e-08
0.000575249536035
0.00112822324723
0.00780319580298
0.0018735710941
2.45923608988e-12
0.00838221051898
1.10706687898e-07
0.00745453891957
1.03518020232e-08
0.000194420665628
0.00866913049138
6.21981434187e-07
2.86914079076e-14
0.000253137060978
0.000588861670542
0.00780319580298
2.33153327468e-07
3.61656955514e-06
7.31387026783e-11
6.76919464684e-05
2.79279274257e-09
2.42100191272e-11
9.34443120193e-05
0.00866913049138
0.0015022888285
0.000723808082835
9.55466690599e-07
9.20291248159e-05
5.3071032961e-05
2.54558609951e-05
7.66834628244e-06
0.000121379338982
0.000366069505321
9.97753602785e-05
0.00170249271537
0.000596846620574
1.8492729387e-05
0.000589219473966
6.93252838113e-06
2.08144850073e-16
3.19495987463e-07
0.00279681251684
0.000177955626941
0.00754493544727
0.000254969439179
8.07786176401e-11
8.41349535732e-08
0.00454163340696
4.1139274578e-09
4.702355306e-08
0.00166625148422
1.92889189204e-07
0.00238828693824
9.19888752313e-08
3.70820721793e-11
2.04194393679e-08
5.07398915125e-05
2.40623576342e-08
8.86248043816e-06
0.00469709184228
2.33602437595e-12
4.35019942849e-06
0.00166625148422
6.03601389691e-09
8.26961894912e-10
2.09849727928e-06
0.000454758768276
0.000174713734217
0.00140625093027
0.00305556284372
5.08452207896e-06
0.00275035139701
0.000865394450959
0.000199633512273
0.000195240889314
3.19165908841e-05
9.39208167456e-13
0.00017840054271
6.52476905094e-07
0.000918850318479
2.46991462746e-05
0.00155538387959
1.42944325068e-09
2.91247843781e-07
0.00161975861197
1.47946909712e-16
0.000151131030812
3.78695462281e-10
6.94564155161e-07
0.00262746213848
0.000290455606662
1.37919222777e-07
1.59805859005e-07
0.00314218499568
0.000178340741678
6.9307720765e-05
0.00469709184228
0.00145518011101
3.18762525233e-10
0.000978859916024
4.66495507071e-06
0.000540152946295
0.00181156199559
1.23721318749e-08
1.36128365821e-07
6.76919464684e-05
0.000442622434734
8.64377195867e-07
1.48577036324e-07
0.00163065129718
0.000142433907465
0.00866913049138
4.44186980716e-10
0.000176505536064
6.61754206021e-07
4.44914111927e-17
1.96630790271e-18
4.18701134467e-12
0.00314218499568
0.00454163340696
6.59145028898e-09
0.00165179017181
0.00469709184228
5.65113342594e-15
3.95601915861e-07
3.00384794215e-16
0.00754493544727
8.37023317778e-06
5.49364335098e-05
9.01525441196e-08
1.25397730743e-17
5.71427785135e-05
2.36356917589e-06
2.03094910576e-05
0.00720781797066
8.3808216036e-05
1.78130531883e-06
4.70937711421e-08
4.5903755551e-05
0.00148588731566
0.00294611258385
1.35616331348e-07
9.26394056706e-13
0.00720781797066
0.000333516723063
7.85228842015e-06
0.000717318442391
6.14796525741e-05
9.09921455754e-07
0.00325250601412
0.00866913049138
0.000636468560425
4.46987968094e-06
4.0748935135e-05
0.000307859078081
4.60357047552e-05
1.0692920697e-07
1.85390662887e-05
2.9232356865e-05
0.00253334644571
0.000751473381417
4.63272758885e-07
8.78744384214e-13
2.70879314865e-11
5.41413258813e-07
5.28938492857e-07
9.13608587023e-05
0.00469709184228
1.05829205852e-11
0.000315461789407
2.61590901599e-11
7.56177991401e-09
0.000865650758191
5.19466558799e-07
6.55513383112e-12
0.000319055913587
0.000827068984122
6.05519874912e-14
1.16323182201e-06
6.09776522833e-06
0.00720781797066
3.74987544828e-05
1.16527361892e-06
7.82618996921e-07
1.77760244982e-05
2.212090601e-09
0.000395206192434
0.00780319580298
6.94655034176e-11
0.00166625148422
0.00305556284372
0.00032412647429
3.96803277895e-05
0.000235027249109
7.96040127622e-14
0.00454163340696
0.00238828693824
0.00454163340696
2.57455487084e-07
0.000562494257723
0.000545660312122
2.14941174654e-08
0.000282914866401
1.27917991558e-07
0.00270194806343
1.47775145322e-05
0.0018735710941
5.37692325035e-18
0.00176226664036
0.00469709184228
4.90633682801e-14
1.06196202281e-08
2.14599896705e-06
1.61125646857e-07
0.00838221051898
2.53566164807e-09
0.00102060704825
0.00454163340696
1.4646754865e-08
5.18182933433e-07
2.98458032264e-10
2.79691876965e-07
5.34930338607e-05
2.80975415031e-06
0.00140218832456
7.56821263699e-08
0.000124322837645
0.000532235907054
5.17186725849e-07
8.41780349865e-16
1.59789349146e-05
4.00661255651e-07
0.000235027249109
3.07656770965e-10
0.0014543863806
0.00279681251684
5.32710061566e-05
0.000904294699155
0.0018735710941
7.45281638895e-05
1.71644604857e-05
5.33747362647e-06
2.06039767151e-17
9.75504642979e-08
1.14010414066e-08
4.46766201797e-14
2.9232356865e-05
0.000101842507862
7.08769084805e-11
3.44012596737e-07
4.03340945436e-05
3.27080480778e-06
1.75131062685e-05
9.79491767927e-07
1.06331959792e-07
0.000322996106744
6.19226221073e-05
2.88300785908e-05
2.79818938092e-07
1.72838381436e-08
0.00866913049138
1.04509678218e-15
1.73277232867e-06
0.000102667128941
2.07921891004e-05
0.00192092156179
0.000146081575377
1.09033500725e-07
1.28256871345e-08
3.62069657254e-06
0.00780319580298
1.15527317744e-05
0.00145518011101
0.00325250601412
0.000951432069364
0.000107033823336
0.000362514224205
0.00745453891957
4.54616729769e-08
0.000896043454162
3.16873046006e-05
5.87482807039e-06
0.000102713641389
1.75766542573e-11
0.00169227720277
3.91383155326e-13
3.20068724105e-19
1.81504006161e-05
0.00148588731566
8.41379505011e-06
2.53711360698e-06
8.94860052312e-07
3.3495326277e-10
2.4364427039e-15
2.02518983242e-13
0.000109043783862
2.5734503166e-09
9.9271069101e-05
2.64598446072e-08
0.0005360577347
7.04555815672e-05
2.46700203983e-08
2.03310540293e-06
2.33855539864e-05
0.00745453891957
7.91850734691e-06
5.89157491024e-05
4.71764953699e-08
0.00100299113995
0.00838221051898
8.39071200514e-05
0.00745453891957
7.54630375643e-15
0.00169227720277
1.61679787305e-05
0.00745453891957
0.000199404241492
8.75058218396e-10
2.43114840354e-08
4.91921876963e-10
0.000218667515027
2.27043974039e-08
1.1887270877e-07
0.0015022888285
0.00172798762927
0.00294611258385
0.00469709184228
2.45036839707e-05
0.000709579691944
1.43649829514e-13
0.00838221051898
0.00780319580298
5.30654633679e-05
4.23165845621e-05
4.36497880713e-07
3.60499237825e-07
0.00305556284372
0.000431785987324
1.78864476529e-08
2.34769456554e-12
6.2282382232e-06
6.90665733434e-06
5.71043212333e-08
7.96087496403e-10
3.7570169751e-07
8.60043903695e-10
1.82652498934e-12
0.00469709184228
4.19062033305e-10
1.15715243901e-06
0.00172798762927
1.67927721135e-08
2.58452620335e-10
9.33166671125e-05
0.000857251954164
1.7555568176e-07
0.000585838500744
2.21669135954e-06
0.00745453891957
0.000978859916024