500
0.000703781756182
1.31115684117e-08
0.000713096777776
0.00214822198483
0.013222701577
0.0127352712883
0.0
0.000100381453601
0.0
0.000199253650411
0.0
0.0
0.00115265270969
0.00687058728237
0.0
0.000371682278722
0.0127352712883
0.0
0.020582856628
0.00432663025984
0.0130451849414
0.000925494725404
0.0
0.020582856628
0.0
5.69395662725e-05
0.0115156651851
3.78102393079e-09
0.0
0.0
2.72152809878e-13
0.00115265270969
0.0
0.0
0.00173715746192
0.0
0.00115265270969
5.36126950937e-05
8.5655310718e-06
0.0
0.000133748335168
1.80361011634e-05
0.0
0.0
0.0130451849414
0.0
0.0127352712883
2.49592731551e-05
0.0
3.24209703573e-05
0.000167115648981
0.00214822198483
6.36163815806e-10
0.0
0.00116302850494
6.58892944218e-05
0.00217879837902
2.28736650019e-05
0.0015213570166
0.0
0.000230592011764
0.000105071939451
0.020582856628
0.0
0.00503792060346
2.85452651452e-05
1.23600562531e-09
0.0
0.0107434413888
9.94765527956e-09
0.00217879837902
0.0
0.0
0.0
4.88743427203e-07
7.17047687071e-05
2.09444019572e-07
0.00011087420375
4.20127954337e-05
0.000713096777776
5.29931818677e-05
0.00115265270969
0.0
0.00082934284147
0.020582856628
0.0
0.0115156651851
3.05629226524e-06
0.000168340907635
5.67748152449e-08
0.0130451849414
1.1620090652e-05
0.0130451849414
5.76355238258e-10
0.0013358217913
0.00232072061997
0.00372586079566
2.46715842909e-06
0.000665631172512
0.0
0.0
1.41984795652e-05
0.00503792060346
0.0130451849414
0.00820717675228
0.0130451849414
3.07985294971e-08
0.00403374219187
0.00228955165528
0.000331539062911
1.74142036457e-05
1.42517557455e-05
4.65268184711e-05
2.46542130259e-07
0.0
0.0
0.00113891988882
0.0
0.000215430078884
0.0130451849414
0.00510973213643
0.020582856628
0.0130451849414
9.79976815301e-06
0.0130451849414
0.026379314213
0.00228955165528
0.000580953060015
0.0
0.00687058728237
0.0
3.23942844667e-07
5.84255277519e-05
0.0
0.026379314213
0.00115265270969
5.93808189455e-06
0.000723611629038
0.0130451849414
0.0
0.0107434413888
0.000100371129239
0.0130451849414
0.0
0.000438424377879
0.000464557556338
0.026379314213
0.000610573115524
0.0
0.00115265270969
0.00537309681015
0.0
2.14179658525e-06
0.000114940960896
5.93964411757e-05
0.0114431429347
1.80361011634e-05
0.0107434413888
0.00372586079566
0.0115156651851
0.000167115648981
0.0
0.020582856628
0.0
1.4579399132e-05
0.0
1.69623416242e-06
0.00217879837902
0.0
1.8096267334e-05
0.0
0.0
0.00173715746192
3.44593320371e-06
0.0
0.0
0.00115265270969
8.4747008119e-05
9.76176305202e-08
0.0130451849414
1.10871286054e-05
0.00217879837902
0.00503792060346
0.0
0.0
0.0
0.0
6.7496617183e-05
2.80706770037e-05
0.00432663025984
0.0
1.63249854981e-05
0.00232072061997
0.0
5.37977351564e-08
3.52621399549e-05
0.020582856628
0.000133748335168
4.90934968874e-05
9.65319363489e-05
0.0115156651851
0.000252094162996
0.0
0.0
0.000723611629038
0.0
0.00379282041151
0.0
0.020582856628
0.000196476436492
0.0
6.71816939755e-05
0.0
0.000302341182323
7.48700652162e-07
0.0115156651851
0.0
4.33697587411e-05
0.000226150937288
0.00432663025984
0.000126839918064
0.020582856628
0.020582856628
0.0
0.000169282928259
0.0
0.0
0.0127352712883
0.000442564494623
0.0130451849414
0.0130451849414
0.00372586079566
0.0
0.00163798780706
0.0
0.00200500882367
0.000284487770355
5.56681045455e-05
0.00503792060346
0.0
1.48562670016e-06
0.0
0.0015213570166
1.22356610211e-05
0.0127352712883
4.21208663145e-05
0.0107434413888
0.0107434413888
0.00820717675228
0.0
0.000188273267059
0.026379314213
0.026379314213
2.24533457703e-07
0.00372586079566
0.00212958399752
0.0
3.28679043373e-07
0.00510973213643
0.0127352712883
3.3954925532e-05
0.000487809978237
2.35738816765e-05
0.0
0.0
0.0
0.00503792060346
0.026379314213
2.43398362357e-07
0.0107434413888
1.56636626894e-05
2.36080176919e-07
2.61806307347e-05
0.000337868171861
0.0
0.0
0.0115156651851
0.0
0.0
0.0
7.2335151039e-07
0.00217879837902
0.00820717675228
0.000464557556338
1.42062178783e-06
0.00212958399752
3.24268269405e-13
0.0130451849414
0.0
0.000398490926018
0.000331539062911
0.0130451849414
0.0
9.420372755e-10
0.0
0.0
3.54362427431e-05
0.00163798780706
0.00432663025984
0.00214822198483
1.58535112764e-07
3.67574178462e-05
0.0163890727653
0.0107434413888
2.18948216598e-05
0.026379314213
4.44776336876e-05
0.026379314213
0.00028932626797
0.000464605512817
0.026379314213
0.000191900341028
0.00510973213643
0.00503792060346
0.00372586079566
0.00113891988882
0.0
0.00133465335917
0.00820717675228
0.0130451849414
8.92105095791e-05
0.0
0.0
9.60187990022e-05
0.0130451849414
4.9237064338e-06
0.000123997079029
1.0964511285e-05
0.020582856628
0.0115156651851
0.0
0.000195422698671
1.64758294744e-07
0.0115156651851
1.04680085155e-06
0.0127352712883
0.0115156651851
0.020582856628
0.0
0.0107434413888
7.53529866759e-06
0.00212958399752
6.78353406849e-07
0.000464557556338
5.37267475886e-06
0.0
0.000284487770355
0.000580953060015
0.0
0.0
0.0130451849414
0.0
4.09637860113e-06
0.0130451849414
0.0115156651851
7.59472275859e-05
0.0163890727653
0.0115156651851
0.000353416187362
8.47182758863e-05
0.0
0.00372586079566
0.0
0.0130451849414
0.000703781756182
3.60308009611e-05
0.00687058728237
7.30141538037e-05
0.0
0.0
3.02047815912e-07
3.67898442801e-05
0.0
0.00217879837902
0.00372586079566
2.42504399043e-07
0.026379314213
0.026379314213
2.73015420656e-07
0.000785200559383
1.23890201637e-07
0.0
0.00106562391877
0.000286691623865
0.000458192359106
0.000380852977243
4.21355996328e-05
9.07615478362e-08
0.000972549200704
0.000260924697084
0.026379314213
0.020582856628
4.54234602936e-07
2.78707426419e-07
1.56545410783e-09
0.026379314213
0.0130451849414
1.4176523707e-08
0.0130451849414
0.0
7.64234648001e-05
0.00403374219187
0.000670943508067
6.77280327471e-06
0.0130451849414
8.2727119763e-06
1.64935268405e-05
0.00173715746192
0.0
0.013222701577
0.000156905910774
0.000464605512817
1.53900770116e-05
0.000209936516165
0.0115156651851
0.000180572404685
0.0
0.0127352712883
0.0130451849414
0.0163890727653
0.0115156651851
3.00271996487e-05
0.0130451849414
0.00173715746192
0.0127352712883
5.15700283696e-08
0.000199253650411
0.020582856628
0.00114334072026
0.00200500882367
1.01248248581e-06
1.9505914602e-06
0.0
5.11224425286e-09
0.0
0.0
0.0115156651851
9.5396000893e-07
0.0
0.00820717675228
0.00372586079566
7.26816681437e-06
1.31385384826e-06
0.000458192359106
1.64638058462e-05
0.00115265270969
0.0107434413888
0.00503792060346
0.0
0.00115265270969
0.00111207424034
0.0
0.000360258076057
8.5395444293e-05
0.000252094162996
0.0127352712883
0.000156514839045
0.000121750084692
0.0
0.0
0.026379314213
0.0
0.00160795401235
0.00116302850494
8.75121462986e-05
0.00214822198483
5.00874519116e-09
0.0015213570166
0.0130451849414
0.0
0.00687058728237
0.00687058728237
0.0
4.93383718716e-07
0.00687058728237
2.70443238223e-07
0.00372586079566
0.00820717675228
0.0
1.1545326671e-08
0.000199253650411
5.75053046468e-08
0.0
5.20385096368e-05
1.10871286054e-05
0.000258881677822
0.00687058728237
0.000797194491896
0.00173715746192
0.00314457538094
0.00503792060346
0.000925494725404
0.0
0.0
0.00510973213643
0.0107434413888
0.0127352712883
2.63400531055e-05
0.00028932626797
0.0130451849414