500
0.00208928325922
4.77965040152e-16
0.00250994135701
3.37961341251e-09
2.6290341616e-06
3.11921044243e-05
0.00350038489902
4.43062412261e-29
1.42588526006e-08
4.6381693069e-09
1.10005970764e-16
1.45097674882e-15
0.00105981596533
7.67209245402e-08
1.60341814597e-07
0.000202789974557
2.0686405503e-16
0.00250994135701
1.35907732289e-12
6.3693460386e-13
0.000591509383817
0.00499629455656
6.68686549807e-13
2.35181215015e-08
1.51279390458e-07
1.99573369066e-14
8.47262525707e-19
0.00481751055037
0.000630397815726
0.0108391921791
2.38094307649e-08
0.00968397071697
8.51258251894e-07
0.000379917857746
5.6731323942e-14
2.9744461985e-12
1.77691451276e-18
1.85762224642e-05
2.26048031106e-11
3.03300316377e-12
3.82150802914e-12
9.04539037745e-08
3.2417196095e-11
2.50421216492e-06
2.98172664557e-07
2.62007049903e-06
0.00160049771754
3.94442795581e-06
4.65429073009e-09
2.72956769621e-15
0.00912920228822
1.38139778259e-06
9.28070231259e-07
6.6768285142e-07
4.24304632049e-05
2.00885962984e-08
1.76528568295e-09
0.00969317345511
4.52681597314e-10
0.00968397071697
8.2600483458e-32
2.48340563256e-05
2.1648623406e-05
9.80427310968e-08
2.01031428554e-05
0.0108391921791
6.67416860763e-12
6.38777000066e-08
3.45733828198e-06
1.43696063445e-08
0.00111049218639
2.67745027488e-07
1.17945956402e-29
4.59380764184e-05
3.08090266673e-05
4.76456382869e-08
5.76010628223e-05
1.05573994009e-11
1.66866836349e-09
0.00499629455656
3.5488650748e-05
1.62202564389e-05
1.03862978059e-05
1.04181857933e-12
9.85956633442e-07
0.00968397071697
0.00190927489687
9.26700383875e-12
1.91964751722e-13
2.03768952551e-08
6.40900823821e-11
1.37928271461e-07
2.35365841782e-05
0.00499629455656
0.00912920228822
1.23141831347e-08
1.20151527767e-10
2.55495118676e-05
3.34778974039e-11
2.62302230513e-06
3.17055988387e-07
0.000844932849977
0.000168494865549
7.42388072564e-06
0.00912920228822
5.7568263546e-07
3.6293327768e-09
1.90423835281e-06
2.95237451973e-13
9.11069200753e-09
0.00352481564028
1.36215484812e-25
8.27856088749e-14
1.67932832037e-06
5.65865243898e-32
2.12729982354e-06
0.00969317345511
0.00499629455656
5.40159372877e-08
0.000409382936281
1.82543935514e-06
1.06318170383e-05
2.54731989812e-10
9.30555287217e-11
0.00969317345511
8.93199110994e-08
9.94188144482e-23
7.44084332344e-10
3.10327651169e-10
3.48483746421e-13
5.29212222929e-05
0.00499629455656
1.66773609899e-11
2.04423825744e-08
7.38794825317e-07
0.00250994135701
0.00912920228822
2.50075837412e-13
0.0108391921791
7.90236050617e-12
0.00912920228822
0.00190927489687
2.10167457313e-06
4.13760248653e-06
0.00969317345511
1.19239364688e-07
1.10290640895e-06
5.92274999621e-06
1.78654175145e-06
1.41157016302e-05
3.37150750873e-27
1.34866144539e-06
1.99583614997e-07
1.27801608476e-35
0.00481751055037
2.44267209926e-09
2.92783388118e-16
9.2106056857e-05
8.24236673884e-10
1.67643765997e-14
1.78785591844e-32
1.345337297e-29
7.27179884038e-17
0.00912920228822
4.83626642078e-09
0.000368946164835
1.59081221037e-33
9.37525697688e-06
8.79268774811e-06
5.79633866205e-18
5.64819230587e-05
7.59534576029e-07
1.06798263983e-14
5.21314449482e-11
5.65378927977e-12
0.00481751055037
0.00481751055037
1.86899970716e-05
2.53293358232e-09
0.000349871690137
1.65724642827e-08
0.00481751055037
2.18766747755e-07
5.03297507218e-17
0.00968397071697
0.00200958926818
2.98428714772e-05
0.000320987668895
5.65086426597e-27
1.56494029257e-06
0.00481751055037
5.47577586397e-05
1.82600046436e-08
7.51964628796e-11
1.90545370869e-08
0.000375999840967
0.00053108123618
1.22823576305e-06
2.33449523254e-11
3.0644334255e-05
0.00499629455656
1.11814923261e-13
0.0108391921791
2.91002445632e-20
2.79623651533e-07
3.9825398001e-10
4.1384944009e-12
0.00352481564028
0.000242743885363
1.3214517342e-13
0.0108391921791
1.29028081853e-21
0.00968397071697
2.23971102702e-05
3.59342573447e-08
1.50636576346e-14
2.06676577925e-08
5.11819151423e-07
2.47754549852e-05
1.27776960221e-06
0.000742405039328
1.38162826818e-09
8.92374613088e-06
0.00968397071697
0.000630397815726
1.63795600369e-10
7.59677497398e-09
0.000550339927125
1.61497344286e-10
5.1941253421e-23
6.19961419761e-15
1.62320847616e-06
3.23565581127e-13
6.66624192842e-07
0.0108391921791
0.00499629455656
2.06892713166e-13
6.01829468903e-20
1.45060249922e-16
2.02493139551e-21
2.86618623056e-07
0.00350038489902
6.70480777114e-14
3.36401413437e-14
1.83258339819e-05
0.00969317345511
3.9218449547e-06
0.00119213990156
1.54076380894e-18
2.68980991092e-38
0.00118435000522
0.00111049218639
3.76751634311e-16
3.01296438751e-05
4.24882554021e-05
3.4197763345e-11
5.32051467453e-08
0.000865090410719
8.93910440684e-05
5.64819230587e-05
4.20463150365e-30
0.000380929898867
2.16975171129e-09
3.95253465323e-13
1.61985726813e-24
0.000166292026642
5.40375558541e-09
4.08735526638e-06
1.28358664267e-13
3.22326145519e-12
1.02094707112e-11
0.00350038489902
9.99709949372e-06
0.00969317345511
1.068026753e-15
0.0108391921791
3.30299808259e-05
1.89003833672e-05
6.86171752889e-20
0.000120583585414
0.0108391921791
2.16730600568e-23
4.30106386241e-06
1.53588293517e-07
4.54486097371e-06
3.86132687013e-27
2.43221406143e-06
1.29998636623e-17
4.59449271686e-08
0.00969317345511
0.00080250157678
0.00481751055037
0.000346527611745
0.00499629455656
1.21113856304e-05
2.96304272502e-08
2.76999839879e-11
0.00061368846338
1.13992244852e-05
9.3904916156e-21
1.18723353255e-07
9.16499090021e-06
3.19357021749e-15
9.94436552751e-09
0.00118435000522
3.75151183478e-17
7.15543322623e-08
4.05472588155e-08
5.02390201268e-11
0.00912920228822
0.00499629455656
6.58292563804e-09
1.00762589239e-08
8.56712966832e-12
2.76617550543e-11
0.000190798854457
1.98373335072e-10
9.8517930529e-06
2.50332810712e-09
8.11252919874e-05
9.94168273829e-14
3.23326871203e-08
3.82364996889e-05
0.000299501910169
8.15171701298e-25
6.95215589304e-12
0.00069230789967
3.99831725427e-05
5.74912962934e-09
3.66671001246e-14
1.58744766573e-06
0.00481751055037
0.000589451663734
2.22922251877e-05
4.21821866345e-14
2.825635577e-11
1.45986261535e-10
0.00912920228822
0.0108391921791
9.87021923204e-22
2.99245424954e-16
4.41641242881e-05
2.34061759007e-10
9.04870949478e-07
4.22989481027e-11
2.75909930613e-11
2.11936336425e-09
9.38602092152e-12
2.28015901707e-11
3.6149646245e-19
9.9065665078e-12
0.00481751055037
0.00155724560424
9.27935545533e-12
8.5782214399e-27
8.51227751368e-06
2.47445164474e-09
0.0108391921791
1.55322996421e-14
1.3761375141e-05
2.08311372816e-07
1.84264216947e-05
4.83882564674e-16
1.47317064928e-10
0.00499629455656
1.20673109598e-11
0.00969317345511
8.50923424295e-13
2.96968557522e-05
1.04980793549e-13
8.13996958141e-16
3.20825339714e-16
0.00105981596533
3.05854449682e-10
5.06746131267e-11
1.78166577684e-05
2.28273799463e-09
4.0291541185e-06
1.2241563036e-05
2.09658886917e-06
1.42971688882e-09
3.46505227115e-45
1.08893601499e-12
1.97488922606e-09
8.13837876934e-20
2.58186501835e-05
1.97159101564e-06
6.86075872228e-09
7.51528360258e-08
1.93233822244e-09
0.000237843493857
9.02110282623e-05
5.30789943959e-11
4.41641242881e-05
9.77907774838e-22
0.00119213990156
0.00968397071697
3.77226936785e-11
2.36343314598e-34
5.94718814377e-06
1.32634072863e-06
0.00080250157678
9.16954382411e-06
4.12643465389e-09
1.3100933884e-21
2.6186476603e-11
1.06199603564e-46
0.000914822042511
1.23736987605e-09
7.21632742816e-06
8.2424689909e-14
2.84491523192e-05
3.75762769894e-12
2.22194025764e-06
1.15679961468e-20
3.43750530608e-07
0.00499629455656
5.74288695356e-07
9.86758727087e-07
2.45915730552e-06
0.000122249401705
2.83735273478e-06
6.76014678553e-10
1.80617231068e-11
0.00108294256106
3.73356964332e-11
0.000284862749255
1.16028544561e-16
4.36228737933e-05
8.52772043522e-05
0.00119213990156
2.7068487942e-15
0.00481751055037
4.11555711085e-05
9.45231950536e-27
4.61769917374e-09
6.1347132642e-05
1.67771153843e-09
8.79495824765e-14
0.00108294256106
0.000955889513719
4.90320017423e-15
0.000844932849977
2.50867447732e-07
5.864760281e-05
0.00969317345511
6.14404434493e-06
5.66420654798e-07
4.50307557508e-24
5.58445799952e-07
3.04196383145e-07
0.00499629455656
0.00481751055037
1.70526925809e-13
0.0108391921791
6.05663610037e-07
0.00208928325922
7.30128372645e-06
0.000170812567646
4.06917831521e-11
3.13315360079e-09
0.00200958926818
0.00118435000522
1.59360720615e-08
0.00102231053748
6.31709154606e-05
2.01166039533e-05
6.65772452815e-13
1.5912080555e-19
8.15455523014e-19
0.00912920228822
2.41576594015e-05
0.000241397374236
6.02197844598e-09
0.00499629455656
5.53501851241e-09
0.00969317345511
3.34326239143e-11
4.23773113778e-14
0.000548967413204
0.000238426549887
2.91804500625e-07
1.3174119489e-26
0.00912920228822
1.31393570711e-07
1.58766969076e-12
7.55007885809e-07
0.00133522538097
1.34875714425e-05
1.25198423597e-07
1.23571121905e-45
1.50145554668e-11
0.00350038489902
0.000585259389246
3.77798718975e-06
2.09122875564e-05
0.000113233614924
0.000550339927125
1.96197590861e-06
1.08182658727e-09