500
0.000203762102312
0.0
0.00101376794764
0.00504222101828
0.00370308073181
0.021512120756
0.00077699206461
0.000615999361228
0.000843840014589
0.00103582368973
0.0
0.0
-1844593.92009
0.00846412016088
-0.000652585516815
-0.000735285083482
0.021512120756
0.0
0.0196141975309
-0.00763109190599
-245.111801556
0.00418601553705
0.0
0.0196141975309
0.0
-0.000112603394413
0.0204699087534
0.0
0.0
0.0
0.0
-1844593.92009
0.0
0.0
-0.00280701002395
1.76613309744e-10
-1844593.92009
-inf
6.73827501295e-06
0.0
0.000717026321918
0.000498244780114
0.0
0.0
-245.111801556
-inf
0.021512120756
1.59052909143e-05
0.0
0.0
-6.61667708217e+62
0.00504222101828
6.36976590373e-08
0.0
0.00174786137548
-inf
0.0104232884626
4.78649043265e-05
0.00254846898895
0.0
0.000463174807819
0.000197177048743
0.0196141975309
0.0
-0.00697426517187
0.000170658426267
1.4844961281e-09
0.0
0.0236818436066
0.0
0.0104232884626
2.31380833097e-09
0.0
6.48275436418e-08
1.37444015427e-06
0.000386229448109
0.0
-0.000245528305431
0.000237721285113
0.00101376794764
0.000287087259314
-1844593.92009
0.0
0.00178662298243
0.0196141975309
0.0
0.0204699087534
0.0
0.000985770354282
1.77833712222e-07
-245.111801556
-inf
-245.111801556
7.92453255415e-10
0.000966180858596
0.000559050811682
0.00633332423008
5.25461248566e-06
0.000602068187887
0.000843840014589
0.0
2.66532084592e-05
-0.00697426517187
-245.111801556
0.010781531102
-245.111801556
1.06562493402e-07
0.00656553906507
0.00446408085647
0.0015277352316
-4.85437426611e-05
8.29559548199e-06
1.72887228025e-05
-inf
-0.000290365661351
0.0
0.000963124519375
0.0
0.00038786615716
-245.111801556
0.00542330862766
0.0196141975309
-245.111801556
0.000160297305688
-245.111801556
0.0215792003507
0.00446408085647
0.00289257273058
0.0
0.00846412016088
0.0
4.52473764659e-07
0.000110629593408
2.89493769951e-05
0.0215792003507
-1844593.92009
0.0
-0.00122536650616
-245.111801556
0.0
0.0236818436066
-inf
-245.111801556
0.0
0.000168291813083
-1.64294928769e+15
0.0215792003507
0.0012378946071
-5.83964829551e-06
-1844593.92009
0.00913071706449
6.01523680901e-07
0.000161760264372
0.000577059703699
-0.000120145216001
0.00776445686728
0.000498244780114
0.0236818436066
0.00633332423008
0.0204699087534
-6.61667708217e+62
0.0
0.0196141975309
0.0
0.0
0.00027611889375
3.51582415929e-06
0.0104232884626
0.0
0.000246388976686
0.0
0.0
-0.00280701002395
5.10933496908e-06
0.0
0.0
-1844593.92009
0.00048546923148
0.0
-245.111801556
4.17115540142e-05
0.0104232884626
-0.00697426517187
0.0
0.0
0.0
0.0
0.000111534682151
1.15409679036e-05
-0.00763109190599
0.000399538882602
4.17019784017e-05
0.000559050811682
0.0
0.0
5.16112625705e-05
0.0196141975309
0.000717026321918
0.000234414084747
2.58156531414e-05
0.0204699087534
0.00104235041309
1.80051851218e-07
0.0
-0.00122536650616
0.000704751124607
0.00118154787372
0.0
0.0196141975309
0.000511137013816
0.0
-1.555544861e+60
0.0
0.000185353183461
2.19975581295e-06
0.0204699087534
0.0
8.19867193374e-05
-0.000539186531463
-0.00763109190599
3.69306207504e-05
0.0196141975309
0.0196141975309
0.0
0.000294827195373
0.0
0.0
0.021512120756
-1.22239845259e+33
-245.111801556
-245.111801556
0.00633332423008
0.0
0.00337128711537
1.79759741741e-06
0.00148338214752
0.000619506885412
0.000125667898712
-0.00697426517187
0.0
0.0
0.0
0.00254846898895
1.05490601037e-05
0.021512120756
7.16022779922e-06
0.0236818436066
0.0236818436066
0.010781531102
0.0
0.00032734901942
0.0215792003507
0.0215792003507
1.81327421348e-07
0.00633332423008
0.00175620752224
0.0
0.0
0.00542330862766
0.021512120756
9.5828468276e-05
0.00110217105211
9.54676336953e-06
0.0
0.0
0.0
-0.00697426517187
0.0215792003507
1.18599171789e-05
0.0236818436066
2.97907212278e-05
-1.12540327012e-06
0.000601689356205
0.000527573893597
0.0
0.0
0.0204699087534
8.57974806138e-06
-inf
0.0
6.12907991792e-06
0.0104232884626
0.010781531102
-1.64294928769e+15
9.80581796026e-06
0.00175620752224
0.0
-245.111801556
4.16363052671e-06
0.000350960139827
0.0015277352316
-245.111801556
0.0
0.0
0.0
1.78848476652e-06
5.49948433561e-05
0.00337128711537
-0.00763109190599
0.00504222101828
2.33287156732e-08
0.000174820302105
0.0101621247341
0.0236818436066
-5.76466894097e-05
0.0215792003507
6.03027784408e-05
0.0215792003507
0.00305606821962
0.00245495242216
0.0215792003507
0.000383940022589
0.00542330862766
-0.00697426517187
0.00633332423008
0.000963124519375
0.0
0.00232362099997
0.010781531102
-245.111801556
0.0003983996051
7.88370922831e-06
-7.98531724082e-07
-0.000198166091756
-245.111801556
1.33505584204e-05
0.000177671340315
-4.11678779918e-05
0.0196141975309
0.0204699087534
0.0
0.000126119733339
-6.93349796391e-07
0.0204699087534
1.11754917634e-06
0.021512120756
0.0204699087534
0.0196141975309
4.03360765124e-07
0.0236818436066
1.70644825263e-05
0.00175620752224
-2.68385081154e-06
-1.64294928769e+15
3.54631592716e-06
2.92692805786e-06
0.000619506885412
0.00289257273058
0.0
0.0
-245.111801556
0.0
1.31665062168e-05
-245.111801556
0.0204699087534
0.000319973443859
0.0101621247341
0.0204699087534
0.000622892904608
0.000183428964459
0.0
0.00633332423008
0.0
-245.111801556
0.000203762102312
0.000161300952209
0.00846412016088
0.000100353995814
0.0
-3.15084301163e+206
8.42118029843e-07
2.08780717979e-05
0.0
0.0104232884626
0.00633332423008
0.0
0.0215792003507
0.0215792003507
1.55586838061e-07
0.00154053073326
4.19460963802e-07
6.40770900527e-13
0.00132877208617
0.000245378460088
0.00123916664896
-0.000764810938966
0.000227342396525
2.1835388273e-07
0.00179757882369
0.00050093603002
0.0215792003507
0.0196141975309
-inf
1.70994692905e-06
-5.35847190007e-09
0.0215792003507
-245.111801556
8.26464428413e-07
-245.111801556
0.0
0.000158637036092
0.00656553906507
0.000182645134561
1.63818335474e-05
-245.111801556
2.87840470917e-05
1.18922483373e-05
-0.00280701002395
0.0
0.00370308073181
-0.000395641022771
0.00245495242216
0.000497518467754
5.74035931271e-05
0.0204699087534
9.29777272152e-05
1.4954896792e-05
0.021512120756
-245.111801556
0.0101621247341
0.0204699087534
7.74601779267e-05
-245.111801556
-0.00280701002395
0.021512120756
2.01020096178e-07
0.00103582368973
0.0196141975309
0.00194360232371
0.00148338214752
6.07339500333e-06
5.34266789538e-06
0.0
3.77708076259e-08
0.0
0.0
0.0204699087534
1.67384892352e-06
0.0
0.010781531102
0.00633332423008
8.41243747991e-06
-inf
0.00123916664896
3.1763903541e-05
-1844593.92009
0.0236818436066
-0.00697426517187
0.0
-1844593.92009
0.0015411348542
5.27667558028e-06
0.000269460905579
0.0
0.00104235041309
0.021512120756
0.000872893465774
9.88788503749e-05
0.0
0.0
0.0215792003507
0.0
0.00344784288953
0.00174786137548
0.000245673411732
0.00504222101828
1.23000029203e-08
0.00254846898895
-245.111801556
0.0
0.00846412016088
0.00846412016088
0.0
1.04655521671e-06
0.00846412016088
-inf
0.00633332423008
0.010781531102
1.2576816541e-05
-3.64744220813e-08
0.00103582368973
-inf
0.0
3.72360450214e-05
4.17115540142e-05
-0.000705485938821
0.00846412016088
-0.00163518529361
-0.00280701002395
0.00239833474402
-0.00697426517187
0.00418601553705
1.36039260143e-05
0.0
0.00542330862766
0.0236818436066
0.021512120756
2.52602398997e-05
0.00305606821962
-245.111801556