500
0.00012508738051
8.21797041893e-09
3.31923914107e-09
3.79494203037e-18
0.0
0.000416906502129
1.41790077333e-09
3.49041450427e-06
0.0
1.32123783319e-13
1.44607197995e-06
0.000363338473652
6.31021841047e-05
0.000147678363439
1.74176211099e-05
2.69951650608e-05
6.58225040145e-06
4.47169856598e-09
1.5663330507e-11
9.65983051137e-06
0.000174826987842
0.000240522981997
0.0
0.0
2.77097436317e-07
1.28303380163e-07
7.11487655173e-06
8.76503395125e-08
0.0
0.000411910422158
0.00093118478309
0.000133075394251
4.97683733965e-07
9.36741577367e-09
0.000476653036024
1.49070638739e-13
0.000272953605319
0.000605381960545
0.00019835707825
0.000794884204966
0.000411910422158
3.76800366192e-08
0.00012792140909
1.12643702621e-05
1.86242882172e-05
2.11354503462e-07
0.0
0.000158314320665
1.69823136005e-08
0.000292392994401
1.183509634e-07
6.23813435696e-06
0.000106648316143
3.70766879033e-05
2.86736610937e-07
2.95590685042e-06
3.67922950997e-11
2.70463459719e-06
1.32215881806e-07
5.63450742498e-05
0.000402870679768
0.00333016162535
1.79739700613e-06
0.0
0.00015868743304
0.00063474093704
6.1439966257e-05
2.45138837464e-06
2.41980650872e-05
3.70568639971e-06
5.16166744957e-06
6.46282398662e-05
0.0
3.95927948887e-05
0.0
0.00333016162535
4.10675801157e-07
8.2754981664e-06
9.19872625397e-06
7.45365128065e-09
5.39215707727e-09
0.00333016162535
3.85054318092e-09
0.0
0.000605381960545
9.50227077329e-05
0.000201854707584
5.66075549102e-05
1.16360671171e-05
0.000153416742131
1.49695873548e-05
1.15759378993e-05
4.4347179859e-08
0.000389267414965
1.46376537777e-05
1.17573681228e-15
0.0
0.000463834089272
0.0
0.00129746556832
0.000133115562898
4.84029314058e-08
0.0
9.81010018159e-13
0.000511616376629
0.000100770878643
2.57993278076e-05
3.65933101454e-12
0.000129039643663
5.53877218072e-05
7.71818420173e-07
4.90117761159e-05
2.80503730687e-07
0.000633468799005
1.86321071506e-07
0.000235863101511
0.00124157971079
6.60551395596e-06
1.61320698481e-06
1.0805846473e-06
1.36865237099e-05
0.0
6.24679748307e-06
2.0265955341e-07
0.00175086493335
7.68992604473e-15
7.82364850559e-06
1.20251413294e-05
8.07815650358e-07
0.000264476104333
0.000279378212938
3.74320793594e-07
4.1638070118e-06
0.0
1.60435964516e-06
6.15064201092e-05
0.000290041075769
0.00127975036401
6.16571682196e-06
2.00884185907e-06
0.000703561836113
3.97692986739e-10
8.16145655942e-06
3.65571234642e-06
0.0
1.51536865462e-11
4.70538984303e-05
3.20807916596e-09
0.000117502449652
2.50528354821e-07
1.30532237855e-10
0.0
0.0
0.000359686530989
0.000351000326026
0.00127975036401
3.07955074478e-05
8.20892966497e-07
1.93789960643e-05
0.00099911969841
3.52318682116e-07
0.000520280231857
4.08597576282e-07
0.00045223834824
7.07790208852e-10
2.59233109689e-06
5.97779803609e-06
0.00027474715756
7.69204884099e-10
0.0
0.0
0.00204837369497
0.000717070746542
7.71654400969e-07
2.92593067921e-10
7.60093144374e-05
2.93169338355e-08
2.02329236373e-07
0.000116251965015
3.40896988277e-06
0.0
0.000648580679011
0.0
0.0
3.95239057792e-06
1.16900409325e-09
0.0
0.0
0.000124575802065
0.0
0.0
0.000540610653465
0.000151085396626
0.0
3.70766879033e-05
1.83713204503e-05
0.00333016162535
0.0
0.000271271793173
6.97066796478e-08
9.21833248691e-07
0.0
0.000678822001122
9.11185990728e-10
7.52977417649e-05
2.30913364178e-05
8.36663491777e-06
0.000153416742131
7.37015733059e-05
2.6351188937e-05
0.000344078089557
4.32074304747e-07
0.000791863415519
0.00204837369497
0.000794884204966
6.67073714142e-05
5.19242626923e-06
0.0
5.54791390352e-05
5.76364769384e-15
6.56291608147e-08
5.3095050256e-11
0.0
3.3850596197e-15
0.000162194756235
9.07674541112e-05
0.0
0.00124157971079
0.000344075011258
8.99281273685e-08
5.58873966119e-07
0.00036013784944
1.36968704288e-08
4.14778551102e-11
2.51419053977e-06
6.64430732804e-07
0.000540610653465
0.00175086493335
1.230052334e-05
0.000257352827758
0.000657315742015
1.05646964894e-06
0.000424402475455
4.1774398726e-06
0.00049777155005
0.000973099176238
0.00127975036401
7.96391784897e-05
8.56484896187e-05
4.40432490183e-09
0.000284231320349
0.00124157971079
0.0
0.000264888264562
6.24026113965e-06
0.0
0.0
0.000105690309028
2.50102658758e-06
1.06186598199e-10
1.34241504451e-10
1.38565067533e-07
2.00812904063e-06
0.000476700816053
0.00155847134682
1.28137322037e-06
0.0
0.0
2.16596966041e-07
0.000110198376805
0.000267005476994
0.00030342935597
6.51586497512e-07
4.70967417813e-05
2.56632053196e-11
0.0
1.64552250937e-06
0.0
0.000165351613814
2.56450481405e-11
0.00318672125769
3.52383620107e-06
2.92618966873e-09
5.02975378754e-06
1.92070464437e-06
2.08931691713e-06
0.0
1.3587408516e-06
7.21088070066e-05
0.000127074760493
0.00014869269913
2.4241740978e-05
0.000100770878643
1.28289038105e-09
1.40176722293e-07
0.0
9.22002807496e-06
1.49276334911e-05
2.45336386685e-08
0.0
0.000520280231857
7.62237561141e-06
4.17984096627e-08
6.11117127768e-20
0.0
2.96880418422e-09
0.0
0.00204837369497
5.46178130433e-05
0.000628749387172
0.000129421894522
1.37620349361e-05
1.48196688921e-10
8.31989691947e-07
0.000249377060863
1.67439538371e-14
0.000363338473652
0.0
0.0
0.000254259303604
0.00078601337147
2.80432964269e-11
9.84369505353e-05
1.45782446994e-06
4.03976419634e-10
0.000290041075769
1.39994993481e-08
6.41332053896e-10
0.00175086493335
5.9891175116e-05
6.99085417902e-07
0.0
4.11277727151e-08
7.34430812282e-08
5.33846062978e-09
0.0
4.28283412538e-05
5.36281933093e-07
2.20289134508e-05
0.0
3.02492184937e-05
1.89004150301e-10
1.94424269071e-07
0.0
0.000326610478795
0.0
1.16056764251e-06
0.000162194756235
1.93959963005e-06
1.34314211383e-05
0.00027076672339
1.41038355097e-06
1.22009376806e-05
0.00162916840507
0.000272953605319
6.9394402201e-06
3.59525557234e-09
1.00154529791e-05
5.20077273746e-06
0.00045223834824
1.60275581445e-11
5.3145070562e-06
1.84389499007e-05
0.00127975036401
0.00204837369497
6.02012647835e-06
0.000344075011258
3.69314856293e-05
2.16474888104e-07
1.93983067638e-05
8.82222691273e-06
0.000332502747818
0.000303275562835
4.85360267784e-05
6.03657341936e-05
1.16747693638e-09
0.0
0.0
1.28213955482e-05
1.02202922707e-05
0.000201854707584
0.000287221415512
5.90408504883e-09
0.0
0.000517324879495
0.0
0.0
1.27082293744e-08
1.16513726757e-05
1.12175688407e-10
0.00093118478309
0.0
1.26335737571e-10
6.59352183266e-06
0.000143038506048
0.000633468799005
0.000121810490951
1.38912859747e-06
2.81954313753e-07
5.14638784038e-08
0.000517324879495
0.00163121261217
0.000130959935144
1.6578234397e-05
0.000435874398041
1.10952262895e-06
1.67216258291e-06
6.50557014738e-07
1.44848079616e-07
2.32800291304e-05
2.17248344699e-06
6.03105232051e-05
7.99133682312e-06
8.07105862718e-18
2.88025194435e-10
0.000302145152876
0.000120199688922
0.000128600350256
1.46699331555e-07
4.38060305107e-06
2.17657080425e-09
0.000182854020047
0.00163121261217
0.000302145152876
0.00127975036401
1.15547799718e-06
0.0
0.000100962784379
0.00155847134682
2.50858022517e-06
0.0
3.59413354913e-05
0.0
8.65201123252e-10
3.17688098165e-08
3.81224505848e-09
2.04905504884e-06
0.0
6.1826272613e-05
1.1816991618e-05
0.000114674184086
5.76585453302e-08
1.32652961488e-05
0.000193014620818
1.39761480462e-05
0.0
3.5049880371e-05
0.000153416742131
0.000735230488713
4.48155309255e-07
4.11307782329e-06
0.000703561836113
8.767141498e-05
1.54470798178e-05
0.00163121261217
0.000660538924578
2.70662627795e-14
1.35035109286e-06
2.77802531879e-05
6.70592926615e-05
0.0
7.81238662416e-06
0.000735230488713
4.81492489998e-05
0.000973099176238
0.00318672125769
0.00333016162535
0.000188418223763
0.000648580679011
1.41630410526e-12
0.000137954850789
0.00129746556832
0.0
1.22653518973e-06
5.67977073837e-06
0.0
0.000139662345973
0.00204837369497
2.65416357226e-06
0.00333016162535
0.000798067673364
5.27504997929e-09
0.000794884204966
8.78938452313e-06
8.30503123868e-07
9.76027540459e-05
0.000185977846796
1.49055425049e-06
0.000648580679011
7.78566016772e-09
1.0193538749e-08
0.000517324879495
0.000182854020047
0.00318672125769
4.60689177469e-09
4.7272624417e-07
0.00333016162535
3.27672621283e-08
2.39247574393e-05
7.59043077371e-07