500
3.7740085873e-06
0.0548824561402
1.7552527029e-05
4.24634718485e-07
0.0548824561402
0.0548824561402
8.31887602453e-16
8.99216839053e-10
2.44601106931e-05
1.76843772679e-08
0.0851278458844
0.000396227299377
9.11717564089e-06
0.000369141707709
5.77894458528e-05
0.0324755244755
1.58154752278e-05
0.0548824561402
3.74120121497e-06
0.000419937660826
5.79760999817e-05
0.000210177520492
0.0851278458844
0.0851278458844
1.63407863495e-07
0.00011790248328
2.07573476949e-06
0.0851278458844
0.0324755244755
0.0851278458844
2.3553607611e-07
0.0324755244755
0.00110128714619
6.34788285043e-11
6.21649147613e-11
3.31562261725e-09
0.0548824561402
0.0851278458844
1.40970704154e-07
0.0851278458844
5.34913499296e-05
0.0851278458844
0.0548824561402
3.85719392632e-06
0.000282323954578
0.0324755244755
2.20431720942e-06
0.00851090056797
0.000196548600967
0.00429591509873
0.0548824561402
0.0851278458844
0.000136055661305
3.00286474569e-13
0.0851278458844
0.0548824561402
0.0851278458844
2.37014660929e-05
0.0324755244755
0.00239692201934
5.68769654467e-05
0.00123525191462
2.98034374296e-08
1.60252596298e-06
0.0324755244755
0.0324755244755
0.000395380786831
0.00404658267569
8.75264360573e-07
0.000185683861329
1.78080559569e-05
0.000396227299377
3.05374206904e-05
0.0851278458844
3.99481624556e-16
1.0165370568e-05
0.0548824561402
5.53663634892e-10
7.45773628211e-12
0.0548824561402
4.946933703e-06
0.00105803172663
0.000105929103625
4.3330215344e-10
0.0548824561402
7.43480815931e-07
3.19261883311e-06
4.02227364653e-07
0.0851278458844
8.59356486631e-05
2.70051547923e-05
1.50713159107e-12
0.0851278458844
0.000163965831995
0.0548824561402
0.0851278458844
0.000426781161111
0.00232758958179
0.00155466397211
0.0324755244755
8.0998387055e-06
1.56057055627e-06
0.0851278458844
4.9885032937e-08
8.51336328452e-18
4.49691666249e-11
0.0851278458844
1.34547261293e-16
5.34913499296e-05
1.65906621762e-05
1.36687954638e-05
0.0851278458844
1.37421978551e-15
0.0851278458844
0.000111587491217
9.96333259386e-05
0.00851090056797
1.08081947155e-10
2.44269846431e-07
1.74174635569e-06
0.00429591509873
0.00265288240807
0.0548824561402
1.97657194437e-05
0.0324755244755
1.45747603458e-07
0.0851278458844
0.0548824561402
8.02711110492e-07
0.0548824561402
0.0127383382873
1.4945467733e-12
0.00110128714619
0.00034788357471
3.04688820506e-05
0.0548824561402
1.64817673289e-05
0.0851278458844
0.000136055661305
0.000186425968618
1.03771795535e-06
4.27306645633e-17
0.0851278458844
3.46362684294e-15
9.62556579368e-14
0.0851278458844
3.82136756539e-06
0.00088484046255
0.0548824561402
3.73382627407e-05
1.93412758809e-06
3.50844358365e-08
1.44155284686e-13
0.000593088990369
4.2804603712e-06
0.0851278458844
0.0324755244755
0.0851278458844
3.18526153126e-14
6.04488506091e-05
1.81625010004e-05
2.56328665892e-09
0.0851278458844
2.06869907735e-15
0.0851278458844
0.0324755244755
7.51743135607e-15
2.36074650878e-05
0.000227484462913
0.00232758958179
0.0324755244755
0.0324755244755
7.07968292897e-06
1.89189003711e-07
3.1553550476e-12
0.0324755244755
1.02701168584e-05
1.64817673289e-05
0.0851278458844
0.0548824561402
0.0851278458844
1.38447592658e-17
0.0851278458844
1.13340850027e-06
0.000111587491217
0.000369141707709
8.75321232675e-07
0.00110128714619
2.08186455234e-09
0.0851278458844
0.00418136088007
1.97127360734e-09
0.00429591509873
0.0324755244755
0.0851278458844
1.08081947155e-10
2.38970841949e-05
1.9091658659e-08
3.08214080025e-10
0.00011790248328
0.0851278458844
0.0851278458844
9.18730160631e-08
0.000396227299377
2.05428604986e-12
5.69249865221e-06
4.87584251168e-16
9.96333259386e-05
4.71284612819e-07
0.0851278458844
0.0851278458844
2.01067929083e-07
0.0851278458844
5.73419416163e-11
0.00404658267569
0.0324755244755
0.00851090056797
0.0851278458844
0.00105803172663
2.71326592297e-07
7.76998960625e-05
1.02701168584e-05
0.0324755244755
0.0548824561402
1.76838663602e-05
0.00105803172663
0.0324755244755
0.0548824561402
0.000193489160355
7.38998065398e-11
8.73183803475e-09
0.0851278458844
0.0851278458844
0.0548824561402
0.00369965749304
1.8125793415e-07
3.34329291666e-07
2.94106587283e-11
6.23106800076e-06
3.96527331934e-05
0.0548824561402
0.0548824561402
0.0851278458844
0.000356438890119
0.0851278458844
0.000288670066259
0.0324755244755
0.000153053304532
0.0851278458844
3.90175930356e-07
0.000193489160355
0.0851278458844
2.40691201366e-10
0.0548824561402
1.57649225617e-05
1.51692339934e-06
4.09333270592e-09
3.92794241521e-05
0.00232758958179
0.0851278458844
0.0851278458844
0.0851278458844
0.00404658267569
1.19863037976e-11
0.00031905730581
8.97826479999e-06
1.31048773398e-17
0.0548824561402
0.0324755244755
8.84820050691e-14
1.04635342395e-07
3.68172845698e-27
0.00429591509873
0.00851090056797
9.86763682331e-07
0.000419937660826
0.0548824561402
0.0851278458844
7.09619304362e-22
0.0851278458844
0.0324755244755
6.46654887162e-08
0.0851278458844
0.000153053304532
1.12847914115e-05
4.84943082689e-05
0.000419937660826
0.0851278458844
9.11717564089e-06
0.000193489160355
1.03518749438e-09
1.00309470372e-05
1.56660975277e-07
1.049946763e-13
0.0851278458844
0.0851278458844
3.15789426267e-06
0.0851278458844
0.0851278458844
3.74120121497e-06
0.0851278458844
0.000193489160355
0.00207290843017
3.15789426267e-06
0.0548824561402
0.00077896612585
6.31434341156e-17
0.0851278458844
1.8041986013e-10
0.00429591509873
0.0851278458844
0.0851278458844
0.0548824561402
0.000136055661305
0.000395380786831
1.0224032444e-06
0.000396227299377
6.38681378122e-07
0.000356438890119
3.72253693492e-07
0.000413397364341
0.0851278458844
0.0548824561402
3.51657749536e-06
3.85679308651e-11
0.00404658267569
0.0851278458844
9.55296038404e-12
0.00134463045696
0.0851278458844
0.0548824561402
0.0548824561402
8.25952724871e-06
1.43936065395e-22
0.0851278458844
0.000467590363592
0.00369965749304
5.12398927693e-13
6.5681697165e-09
0.0324755244755
4.50193558783e-16
0.0851278458844
1.02701168584e-05
0.0851278458844
0.00369965749304
0.00851090056797
5.77894458528e-05
2.0585726945e-05
1.48188219254e-09
8.6432791653e-06
4.70017736429e-12
0.0548824561402
0.0548824561402
0.0851278458844
0.0851278458844
0.000375834709916
0.0851278458844
5.77894458528e-05
0.000172377509823
0.0324755244755
1.47580328676e-08
0.0548824561402
3.7185890519e-07
0.00232758958179
0.000282323954578
0.0851278458844
8.14375773875e-05
1.1569882439e-09
3.82136756539e-06
2.94016972366e-07
8.59356486631e-05
0.0548824561402
4.16106210933e-09
2.8956600565e-12
1.60284591003e-18
0.0851278458844
9.13370778071e-11
0.0324755244755
4.89384191471e-11
0.000626105107141
9.6539396081e-06
2.67001339459e-11
4.2798150076e-09
5.89770226409e-10
1.16254905618e-10
0.0548824561402
0.0851278458844
1.32456311509e-08
5.34913499296e-05
2.1246420568e-05
0.0851278458844
0.0851278458844
6.69537693038e-10
0.00088484046255
8.92003686398e-08
0.000395380786831
6.44906687634e-05
4.55446182677e-09
0.0851278458844
0.0324755244755
3.72464389518e-16
2.12650444304e-11
0.0851278458844
2.36074650878e-05
1.53043163023e-05
0.000136055661305
0.000472940239665
0.0851278458844
1.05834487608e-09
0.000193489160355
0.000111587491217
0.0548824561402
0.0548824561402
2.48896964625e-06
0.0548824561402
2.06628219164e-06
0.0851278458844
0.00851090056797
0.000218818063555
0.00429591509873
0.000426781161111
1.00591235819e-08
6.67157256825e-10
9.04409783345e-09
0.0011156591267
0.00105803172663
4.1257433585e-13
1.13340850027e-06
0.0851278458844
5.3715185676e-08
0.000186425968618
5.99561488389e-11
8.82107568546e-05
0.0548824561402
0.00105803172663
0.0548824561402
3.89155691887e-06
0.000419937660826
0.00429591509873
6.43185504327e-07
0.00851090056797
0.00404658267569
5.92821506461e-06
3.47936849648e-07
0.0851278458844
7.21630389802e-15
1.31674032238e-10
0.0851278458844
1.32768659966e-05
1.50217286296e-09
0.0851278458844
0.00369965749304
0.0851278458844
0.00369965749304
2.57300337129e-05
0.00088484046255
0.000419937660826
0.000282323954578
0.0851278458844
0.00088484046255
0.000122612194182
0.000779032354984
1.83758727071e-05
1.30834441262e-06
0.0324755244755
1.19879097549e-07
0.000111587491217
0.0851278458844
2.18562778051e-06
1.28804376546e-10
0.0548824561402
4.2359167691e-08
0.0851278458844
0.000196548600967
0.000396227299377
0.0851278458844
2.69942765258e-10
0.00105803172663
0.0548824561402
1.72690746467e-08
0.0548824561402
0.000375834709916
0.0175779055789
6.42198400845e-11
0.000593088990369
7.73747934611e-10
8.94718077857e-07
0.0548824561402
3.96835555321e-08
5.50756305379e-09
0.0851278458844
0.00265288240807
0.0851278458844
0.000153053304532
0.0851278458844
1.64817673289e-05
0.0548824561402
0.00077896612585
0.000461678979353
0.0851278458844