500
0.0133378241832
9.08791603201e-17
0.00217827513173
3.34693567702e-10
3.78606719178e-06
2.25427627165e-05
0.00230683301318
1.27921765009e-30
2.12845391946e-08
5.81405878656e-09
4.9339689857e-17
1.87029348452e-16
0.00238265946872
8.47210891977e-08
4.59989453707e-08
0.0002679808647
6.50489448023e-17
0.00217827513173
1.94904385452e-12
8.39836159232e-14
0.00137593291544
0.01852475581
2.03930910303e-13
2.4756444764e-08
1.71518339465e-07
7.56529172681e-15
8.45109807423e-20
0.0112495789828
0.00146288283557
0.0224991579656
2.94378600535e-08
0.0183226675648
3.05088127506e-07
0.000295957064905
7.2618976248e-15
1.66238338516e-12
1.03289764495e-19
3.24033112556e-05
1.39064518479e-11
2.08313199007e-12
3.51768217049e-12
4.33672129244e-08
1.56954540927e-11
4.57364538103e-06
2.85644139252e-07
1.9994176331e-06
0.00233956340534
2.42081955577e-06
2.31518102525e-09
1.07464012124e-15
0.0160323341192
4.22062141421e-07
2.21573438583e-07
1.45290660512e-06
3.07857642916e-05
2.17545166502e-08
3.15585779366e-09
0.0190636577972
3.09671423197e-10
0.0183226675648
6.52042231567e-34
0.0001449576726
0.000124923084524
5.27276823428e-08
0.000104831264867
0.0224991579656
5.27252823361e-12
3.20288952953e-08
2.04267591971e-06
8.94944253557e-09
0.00204102814784
4.07085659533e-07
5.98566897613e-30
0.000227061630868
2.73542422864e-05
1.58098396318e-07
2.50710415788e-05
7.1046618374e-12
5.13700641697e-10
0.01852475581
1.80546803881e-05
1.82538128924e-05
1.78850935451e-05
7.80604876689e-13
1.43068795358e-06
0.0183226675648
0.00283265524413
1.72475631479e-12
1.85781499433e-14
1.59236897638e-08
4.2975943024e-12
4.34022219923e-08
2.62625479254e-05
0.01852475581
0.0160323341192
7.92214451328e-09
3.96661827703e-11
2.15941831507e-05
2.60491025623e-11
3.10013662344e-06
2.780082621e-07
0.00199466140109
0.00032729678943
4.33627093148e-06
0.0160323341192
2.76245100737e-07
2.80348452347e-09
1.93660289738e-06
6.02218817932e-14
7.52485531463e-10
0.0156955203772
1.47890451789e-26
7.91284460488e-15
2.0228690709e-06
1.62158197298e-34
2.8969865769e-06
0.0190636577972
0.01852475581
3.1140941503e-08
0.000239874848123
1.93712731597e-06
1.54659578325e-05
1.03939651711e-10
1.18881366006e-11
0.0190636577972
4.3045667507e-08
6.21721002273e-24
2.52791580129e-10
5.7823258507e-11
6.78619862932e-14
0.000160658565684
0.01852475581
4.45946862493e-12
7.18980172234e-09
1.99268568822e-07
0.00217827513173
0.0160323341192
1.37999524741e-13
0.0224991579656
5.62394274294e-13
0.0160323341192
0.00283265524413
2.61770044401e-06
1.88483337095e-06
0.0190636577972
6.42444659008e-08
3.27083097721e-07
3.98100146341e-06
2.41762025003e-06
2.24248184387e-05
7.58291208474e-29
1.36311708649e-06
3.05170743247e-07
3.14055924356e-38
0.0112495789828
6.83803496179e-10
4.28661469427e-17
0.000214898529447
2.76548523038e-10
1.53742613405e-14
1.2075104526e-34
4.10258198487e-31
6.26937293352e-18
0.0160323341192
3.06370668801e-09
0.00116978170267
1.98812328018e-36
2.10006210215e-05
2.58211811301e-06
1.12067084871e-18
0.000156295226409
3.1766338173e-07
1.04626224174e-14
4.54779114177e-11
3.10573715872e-12
0.0112495789828
0.0112495789828
3.76774021507e-05
3.02150233173e-09
0.000971102411242
3.69058054919e-08
0.0112495789828
1.80091275423e-07
1.19489476624e-17
0.0183226675648
0.00162395515771
5.1692649588e-05
0.000317870919298
4.77174934325e-28
1.38584813201e-06
0.0112495789828
3.16202195704e-05
2.63297119221e-08
6.8325161343e-12
2.61938897403e-08
0.00167119748957
0.000246463338905
3.41902275253e-07
6.43526970946e-12
1.90466575921e-05
0.01852475581
4.43709921242e-14
0.0224991579656
3.59409190827e-21
2.32986334707e-07
3.17826865283e-10
4.41584174103e-13
0.0156955203772
0.000226506822733
1.1593786216e-13
0.0224991579656
1.42445329895e-22
0.0183226675648
1.81261015004e-05
4.30946514715e-08
4.37952596867e-15
3.50722310898e-08
4.75588169959e-07
3.23344933351e-05
2.38242691711e-06
0.00152845355882
4.63291114529e-10
1.78449348847e-05
0.0183226675648
0.00146288283557
6.60086092854e-11
2.99745717308e-09
0.00140545937285
5.14488100787e-11
9.02595081115e-26
1.03663539775e-15
2.23320169552e-06
2.09557765441e-14
2.30047861522e-07
0.0224991579656
0.01852475581
7.30879208938e-14
1.4241741364e-20
4.01904101256e-17
3.41528475886e-23
3.4560672389e-07
0.00230683301318
2.45847647594e-14
7.619815852e-15
2.67058963472e-05
0.0190636577972
2.02269937966e-05
0.00233227602436
1.76123100341e-19
2.69985914392e-40
0.00195760412646
0.00204102814784
6.46457741761e-17
3.16172501605e-05
3.68348820418e-05
4.27277364366e-11
2.79086360904e-08
0.00164564061306
0.000152117121612
0.000156295226409
3.98378007189e-32
0.000220642927522
4.63184194588e-09
1.01675770392e-13
9.07515834786e-26
0.000239874848123
4.48798800969e-09
4.98091150301e-06
4.47714514212e-14
4.31964694432e-13
2.37450672638e-12
0.00230683301318
2.67860420846e-06
0.0190636577972
8.91150613043e-16
0.0224991579656
0.000148872802178
2.62972886872e-05
1.1447768012e-20
0.000205679373315
0.0224991579656
5.20850802928e-24
1.65192780175e-05
1.30496857622e-07
1.60700751326e-06
1.13835689822e-29
3.158897311e-06
2.10528680298e-18
2.22146845801e-08
0.0190636577972
0.00259013387512
0.0112495789828
0.000289739479508
0.01852475581
2.35736146969e-05
4.21255040856e-08
8.67144490642e-12
0.00163209063906
2.05596573826e-05
4.37553951489e-22
2.9675984699e-07
1.22925483495e-05
6.83841300111e-16
6.56424467194e-09
0.00195760412646
4.1092484672e-18
4.49311459276e-08
3.48553139377e-08
1.28549581351e-11
0.0160323341192
0.01852475581
1.69139851493e-08
5.89990368577e-09
1.61193691257e-11
9.50958883834e-12
0.000248322036786
3.08500687734e-10
2.4378165726e-06
2.89181974545e-09
0.00024452455883
4.68497616765e-14
3.89766508996e-08
3.34863880722e-05
0.00019311484158
5.53854768507e-26
3.20799328881e-12
0.00164231103383
4.24055736667e-05
2.04317081963e-09
3.44941235192e-15
1.64199924531e-06
0.0112495789828
0.00194220482248
3.38557232348e-05
2.50872846221e-14
3.23202236053e-11
5.82752029355e-11
0.0160323341192
0.0224991579656
7.70752710821e-22
8.34090476616e-17
2.43424359943e-05
2.27301269272e-10
1.98109324519e-06
3.6796424513e-11
6.5965102082e-12
3.69319085083e-10
5.46079378734e-12
1.049056231e-11
7.78261156827e-20
7.97762411573e-12
0.0112495789828
0.00208482703513
1.14808267331e-12
2.03114104483e-28
2.31880621656e-05
7.14123856624e-10
0.0224991579656
2.87406304726e-15
1.93476908864e-05
2.56019729455e-07
1.74471536955e-05
3.75758923737e-16
7.43251910726e-11
0.01852475581
1.05362998273e-11
0.0190636577972
5.17130626671e-13
4.84548390032e-05
5.26689904229e-14
6.37248289363e-17
1.06556808373e-16
0.00238265946872
3.08332318331e-10
5.42209578728e-12
1.62319336913e-05
1.7427396044e-09
3.57578486092e-06
1.4577107312e-05
2.4858789672e-06
5.34659900112e-10
4.02051594671e-48
1.77857732022e-13
4.4006600459e-10
9.35388962853e-21
2.74544419002e-05
2.90583189407e-06
4.02299308566e-09
2.81002281944e-08
8.93892860202e-10
0.000147863740419
0.00020580561354
3.45193314735e-11
2.43424359943e-05
4.59968656e-23
0.00233227602436
0.0183226675648
8.93012149425e-12
2.26099101282e-36
1.39329264087e-05
1.9994176331e-06
0.00259013387512
1.52651426032e-05
3.07653438686e-09
1.1854291144e-22
5.64785978855e-12
1.30738091016e-50
0.00197919534844
3.09229475072e-09
3.38898187238e-06
2.03251973238e-14
1.64840163888e-05
2.13045779115e-12
3.0832642999e-06
2.13496317347e-21
3.06273862703e-07
0.01852475581
3.20359975393e-07
2.77852020694e-06
2.89761641791e-06
0.000142401040258
1.5404362529e-06
4.32312611806e-10
7.35239599812e-12
0.00197607386791
4.32379319216e-11
0.000216789670321
4.74651996067e-17
4.25613132835e-05
0.000164469745403
0.00233227602436
8.53509724306e-17
0.0112495789828
3.14701233552e-05
3.02790379814e-27
3.18471650225e-09
3.02003633873e-05
1.52326883838e-09
8.01479494275e-15
0.00197607386791
0.00138396631063
3.02245926643e-15
0.00199466140109
1.77258241553e-07
2.35736146969e-05
0.0190636577972
2.1984088054e-05
3.33930177781e-07
7.38750375545e-26
2.59097831256e-07
3.50369668349e-07
0.01852475581
0.0112495789828
6.34136289483e-14
0.0224991579656
2.46167999605e-07
0.0133378241832
2.73451008106e-06
0.000179969451651
1.76565509149e-11
1.88070648976e-09
0.00162395515771
0.00195760412646
1.50560007542e-08
0.00201847888654
0.000173230642429
2.22172703563e-05
2.48974884486e-13
2.18941996666e-20
7.51520896494e-20
0.0160323341192
3.33529579495e-05
0.000313423918707
3.66384260155e-09
0.01852475581
3.84235913793e-09
0.0190636577972
1.57734902562e-11
4.06550363268e-15
0.0020367719404
0.00139148534866
2.59214215992e-07
3.22282120278e-28
0.0160323341192
3.21918264839e-08
7.13816464612e-13
1.65323396144e-06
0.00160623928326
2.27813454067e-05
1.4245058311e-07
3.16598104575e-48
3.73788131403e-12
0.00230683301318
0.00120191135706
3.688958885e-06
2.34030288733e-05
0.000170850960568
0.00140545937285
3.05897637968e-06
4.43317224375e-10