500
1.37347521758e-08
1.20161262415e-32
0.0075560640732
8.58460699019e-26
1.29154601277e-45
4.06023439743e-10
1.11568814098e-14
9.29336693237e-10
3.09753049871e-12
1.98230809013e-17
8.68038455544e-20
9.99914171822e-09
9.67669510148e-08
1.05256709816e-10
2.35295286314e-14
5.33122006053e-12
0.000891871573532
4.42443787449e-15
2.49485020118e-20
1.29584735645e-30
5.06862922617e-11
1.55288794839e-08
2.45543678528e-21
1.82412727675e-15
3.3306462023e-06
1.1826636418e-27
4.97367948694e-39
2.33023398174e-23
0.00856735454285
7.47223627093e-34
2.14463959357e-23
0.000866620024388
5.38629955336e-35
3.11868545104e-06
2.24694948081e-12
5.61659210389e-22
5.8564797603e-10
0.00101238776483
2.04279194126e-08
4.44573018318e-05
1.43404589351e-35
0.00101238776483
2.00758927633e-23
0.000797982763501
4.54324719241e-05
1.59066630796e-07
1.06798504521e-13
2.54795031859e-05
7.84564772226e-05
3.53218419671e-29
8.65608959354e-15
2.5546316604e-19
3.18439613407e-15
6.90848710641e-05
0.000479259657011
0.000370466245071
6.19254912547e-13
5.93343170453e-18
5.52823961805e-24
2.07856400551e-16
3.0293040904e-11
5.7659534841e-28
1.80053783187e-05
7.76453515932e-09
5.81866699655e-08
2.18555055705e-07
7.43093586253e-10
2.34408158495e-16
7.84564772226e-05
3.53029252897e-21
5.95569301733e-18
6.55087469564e-16
2.64597161864e-09
1.09756387308e-12
3.07909594939e-27
1.38955466033e-37
1.80053783187e-05
6.67891943989e-27
1.04600578442e-09
5.79810122386e-15
4.67645778277e-18
3.20168404494e-15
0.00737183770881
3.54695976119e-38
0.000866620024388
7.47881097651e-23
0.00556205216394
7.29629850421e-22
0.000797982763501
1.27381853568e-18
0.00762959427205
5.71823899782e-14
1.37002455571e-15
0.000866620024388
4.52208610651e-05
0.000797982763501
2.23712598332e-68
4.71570287734e-12
1.17522219786e-12
0.00762959427205
4.09975251232e-16
4.64230160732e-22
1.58550309941e-40
1.79382882584e-16
3.45456854487e-07
6.17330348375e-12
4.60051115748e-15
8.78635129514e-31
1.21225898841e-28
0.00856735454285
7.68045077924e-11
5.27583912345e-13
0.000310490128893
5.66312555024e-13
4.2987454546e-05
1.13393690393e-06
9.27624973936e-05
1.08466464323e-11
2.54024609805e-31
0.000540324923652
1.86068413458e-06
3.83057065285e-10
1.07387701875e-13
1.20361364183e-33
0.000797982763501
1.94803985359e-58
3.48541940618e-34
0.000778384678456
2.87563476791e-07
2.90292658262e-18
2.88535965114e-09
2.31956056927e-11
7.28212099964e-14
0.00101238776483
3.8494310335e-09
6.6322601963e-11
0.000112044764705
9.60777764993e-14
4.89811110952e-06
3.58078869097e-22
1.13509416482e-08
2.28875494275e-19
2.48953519752e-09
1.97155931633e-27
2.65138367454e-06
3.35311359219e-28
4.75751232607e-20
2.88091349988e-09
0.00856735454285
2.00831653795e-06
6.22404154091e-15
1.03028982134e-12
0.00737183770881
2.71507988433e-07
0.00639336492891
6.06210826602e-08
1.40446996975e-19
5.03965136042e-06
2.33069684327e-06
9.57091856098e-16
9.43420601002e-35
0.000590853056254
5.86386387792e-05
5.87818223691e-24
9.27624973936e-05
7.21850999791e-18
0.00101238776483
6.53946929291e-25
0.000866620024388
3.88851152036e-34
1.18004061203e-20
0.00762959427205
2.26988669163e-07
2.98769326573e-06
2.25322973176e-34
0.000866620024388
3.29354581758e-23
2.72095454325e-09
7.058671364e-34
0.00101238776483
1.05487691592e-12
5.33995080965e-18
1.23531635514e-17
3.41464502661e-15
4.13968450964e-39
6.17012858562e-10
1.44638441006e-08
8.65279337667e-29
1.00027019991e-24
1.31256878443e-09
4.64433476754e-20
9.33669860344e-54
2.21684152679e-06
1.69853795244e-26
2.80020297975e-11
4.86513578661e-21
0.000590853056254
2.38767824859e-19
1.29327779129e-08
3.08108054907e-18
0.000341623846968
4.1883208583e-17
3.45084812297e-16
0.00641430209229
0.000866620024388
2.81479908423e-41
1.04580873689e-24
7.35355033619e-11
6.90619538486e-08
4.2820882041e-13
8.12291530656e-29
1.75880564502e-09
0.000758509749513
2.42442988459e-12
6.6688484175e-16
7.43763597592e-18
7.61895485607e-70
0.000866620024388
6.99791605524e-20
1.06168063019e-24
0.000488873660438
0.000275567791574
6.13193189035e-23
1.84174013138e-10
3.53534999373e-15
1.23991400643e-47
2.994250812e-18
8.11764210915e-09
0.000381822885619
2.40638600305e-15
0.000797982763501
0.00101238776483
0.000797982763501
4.38152055439e-07
0.000585589902485
2.2461147986e-17
5.72520687572e-10
2.3177732613e-06
5.00879684772e-27
2.44200844872e-22
0.000670364871309
4.50802666949e-25
2.14755452247e-38
1.93389407801e-15
1.421429403e-12
0.000590853056254
8.60895398608e-20
7.68605282783e-15
0.000479259657011
2.85110189927e-05
1.90257184691e-56
5.44745374363e-25
0.000866620024388
0.000468739263286
5.74225523963e-16
0.00556205216394
0.000590853056254
2.34864755208e-17
0.00856735454285
0.00641430209229
8.61368836688e-41
0.0075560640732
1.40198377407e-18
3.82719482232e-37
1.79111127862e-14
5.52526346805e-21
1.8033856451e-06
3.30237900537e-12
1.13817368084e-15
8.41821525776e-08
1.51734522155e-09
6.6518135871e-15
1.10621591093e-05
9.80983593404e-08
6.54687608172e-10
1.41722580661e-13
4.90020831548e-09
3.96439903814e-05
1.26098356917e-10
1.41689691175e-26
0.00639336492891
2.92957540945e-05
2.49477802192e-08
7.54356886627e-21
5.4665912388e-22
3.77583141391e-34
0.00762959427205
7.5575093047e-05
1.78691067879e-17
1.43956401574e-44
1.31101986556e-05
6.07755941527e-22
5.67517987258e-30
0.00639336492891
2.48719924037e-26
1.75276500351e-38
3.81480819484e-59
1.26100059178e-27
2.01055999758e-27
3.38347108014e-05
1.09451765345e-15
6.32760257654e-44
5.40437897349e-07
2.16555150138e-33
9.70005799646e-16
0.000866620024388
6.66700085462e-09
0.00762959427205
5.17336755147e-10
1.70146811066e-28
5.55669540924e-23
0.000310490128893
8.23042001855e-11
2.46836603619e-06
4.04756425325e-39
8.33885061456e-35
1.92306738243e-05
4.21592325778e-24
1.03904430995e-48
1.20137686203e-05
6.63880917845e-11
0.00856735454285
4.02238733344e-20
5.46168922099e-05
4.21438768193e-10
0.00639336492891
4.2666179034e-16
1.89016769032e-18
3.96681776151e-38
0.000866620024388
2.10253962876e-13
1.74554744461e-39
7.56677852261e-14
1.98984309612e-09
4.78060648855e-11
0.000866620024388
8.45930315253e-14
9.35753604534e-10
4.24275520376e-06
7.62043240069e-43
1.8779637531e-12
0.000468739263286
1.369280501e-07
0.000341623846968
1.54559116526e-63
6.38524587775e-06
1.58686445767e-05
0.00639336492891
3.7777772462e-29
3.49044194672e-12
1.42137936096e-08
1.56734091842e-07
8.61757611161e-18
4.89000075562e-06
5.74672091621e-13
3.65641011943e-44
2.09733837238e-05
0.000335017864567
0.000891871573532
3.38951843239e-15
0.00556205216394
7.6395422204e-16
1.59606142329e-08
0.000362478345269
1.23357133274e-32
9.28131121883e-11
5.98335645952e-18
2.96180184285e-29
3.9339209431e-08
1.57387109169e-39
2.24774023044e-05
9.87333308734e-09
0.000866620024388
1.0311427123e-07
4.54075691663e-10
1.19983299761e-08
7.51565728319e-05
2.42120884496e-17
0.000112044764705
0.00101238776483
2.37099817377e-10
5.61031071787e-13
7.45478338853e-10
0.0075560640732
8.93509168049e-13
2.16639094607e-18
1.15562803753e-19
2.48290847649e-70
4.52208610651e-05
1.19809468399e-13
1.77021491235e-15
0.00101238776483
8.90844506878e-11
2.45905893483e-14
4.1341500742e-05
5.55481524906e-17
4.31994527227e-12
1.03846068836e-46
5.65989302269e-14
3.21707780715e-15
3.22527639389e-19
4.89811110952e-06
4.1613136587e-06
0.0075560640732
8.59181667196e-15
2.76060096553e-28
1.36097608148e-31
3.36076329365e-22
5.36421919423e-84
0.000535678254851
0.000758509749513
0.000112044764705
7.20318726143e-39
1.0628558133e-14
3.31692096788e-10
1.0030573278e-14
4.20084216548e-17
0.000590853056254
2.30217541032e-09
0.000381822885619
2.31608028409e-10
0.00632459157352
0.000866620024388
0.0075560640732
2.98161728363e-06
6.83293998827e-09
1.14653056786e-39
1.83746234963e-46
7.3673095842e-14
0.00856735454285
1.6677191373e-08
2.67952043186e-26
1.32745505601e-21
1.5378863951e-68
5.4165538385e-53
2.98273430303e-11
7.70258649694e-10
4.40602602175e-25
0.000468739263286
6.16037542364e-07
1.60135174346e-13
1.81948682913e-07
8.75653319846e-08
3.54845692666e-13
0.000891871573532
5.13973445248e-33
5.56857066637e-08
1.18518129477e-05
4.899893177e-10
0.000466875092845
1.58614476981e-06
8.8641685174e-08
4.95080660548e-22
4.30566281974e-27
1.9558559361e-06
1.1317879863e-11
0.000341623846968
1.36116118043e-28
2.577433088e-12
9.76204197012e-21
4.67763703633e-14
1.32802766699e-19
2.10176504963e-12
4.19627594961e-06
0.00101238776483
3.36646421482e-05
4.790836894e-14
0.000508621489388
0.000797982763501
0.000540324923652
2.69321098858e-05
1.45029666663e-14
8.43323119248e-09
3.97739065218e-20
6.90771422985e-09
2.59639547751e-19
8.59459594039e-17
4.01519375565e-29
0.00026933968338
3.13560084847e-06
4.24275520376e-06
0.000891871573532
5.59446479675e-08
1.4352321387e-11
1.11538736044e-19
1.19658382334e-07
1.43912878616e-12
6.85213168137e-11
5.18566148427e-09
0.00073539588009
7.8926366183e-10
3.84025747159e-08
4.65818492125e-42
0.000112044764705
6.25283511952e-12
5.73780797403e-06
6.76993745957e-07
3.47086710327e-05
1.99556050835e-23
1.17460232231e-17