500
0.0
0.0
0.00888379841732
0.0
0.0
0.0
0.0
0.0
0.0
0.0
0.0
1.52008911316e-06
0.0
0.0
0.0
0.0
0.0021444534063
0.0
0.0
0.0
0.0
0.0
0.0
0.0
0.0
0.0
0.0
0.0
0.0130945255693
0.0
0.0
0.00161018399115
0.0
7.0800420266e-05
0.0
0.0
0.0
0.00256017669383
0.0
0.0004463745371
0.0
0.00256017669383
0.0
0.00147068196811
0.0
0.0
0.0
1.63631797845e-05
0.000321440039814
0.0
0.0
0.0
0.0
0.0
0.0
0.00108408859213
0.0
0.0
0.0
0.0
0.0
0.0
0.0
0.0
0.0
0.0
0.0
0.0
0.000321440039814
0.0
0.0
0.0
0.0
0.0
0.0
0.0
0.0
0.0
0.0
0.0
0.0
0.0
0.00949019376181
0.0
0.00161018399115
0.0
0.00160983573105
0.0
0.00147068196811
0.0
0.00356961393215
0.0
0.0
0.00161018399115
0.000371967324381
0.00147068196811
0.0
0.0
0.0
0.00356961393215
0.0
0.0
0.0
0.0
0.0
0.0
0.0
0.0
0.0
0.0130945255693
0.0
0.0
0.0009847808025
0.0
0.000191431772384
0.0
0.000235583134974
0.0
0.0
0.00152064698187
0.0
0.0
0.0
0.0
0.00147068196811
0.0
0.0
0.000658051677525
2.9505831356e-06
0.0
0.0
0.0
0.0
0.00256017669383
0.0
4.45633085402e-09
0.000436500290382
0.0
6.43774416049e-05
0.0
0.0
0.0
0.0
0.0
4.82624532919e-05
0.0
0.0
0.0
0.0130945255693
0.0
0.0
0.0
0.00949019376181
0.0
0.008775
0.0
0.0
0.0
1.91682047003e-05
0.0
0.0
0.00118013792599
3.11312842253e-05
0.0
0.000235583134974
0.0
0.00256017669383
0.0
0.00161018399115
0.0
0.0
0.00356961393215
0.0
0.0
0.0
0.00161018399115
0.0
0.0
0.0
0.00256017669383
0.0
0.0
0.0
0.0
0.0
0.0
0.0
0.0
0.0
1.53395588232e-08
0.0
0.0
0.0
0.0
0.0
0.0
0.00118013792599
0.0
0.0
0.0
0.0
0.0
0.0
0.00197122742577
0.00161018399115
0.0
0.0
0.0
0.0
0.0
0.0
0.0
0.00159543427611
0.0
0.0
0.0
0.0
0.00161018399115
0.0
0.0
0.000836394323579
0.000916378894938
0.0
0.0
0.0
0.0
0.0
0.0
0.00133391329079
0.0
0.00147068196811
0.00256017669383
0.00147068196811
9.97613594108e-06
0.000907795682979
0.0
0.0
0.0
0.0
0.0
0.000610148193921
0.0
0.0
0.0
0.0
0.00118013792599
0.0
0.0
0.0
0.0
0.0
0.0
0.00161018399115
0.000977044810242
0.0
0.00160983573105
0.00118013792599
0.0
0.0130945255693
0.00197122742577
0.0
0.00888379841732
0.0
0.0
0.0
0.0
0.0
0.0
0.0
0.0
0.0
0.0
0.0
0.0
0.0
0.0
0.0
0.0
0.0
0.0
0.008775
0.000206820725833
0.0
0.0
0.0
0.0
0.00356961393215
0.000293765387975
0.0
0.0
9.06331639173e-05
0.0
0.0
0.008775
0.0
0.0
0.0
0.0
0.0
0.000401200641476
0.0
0.0
0.0
0.0
0.0
0.00161018399115
0.0
0.00356961393215
0.0
0.0
0.0
0.0009847808025
0.0
4.48493220765e-05
0.0
0.0
0.0
0.0
0.0
0.0
0.0
0.0130945255693
0.0
0.000181721048695
0.0
0.008775
0.0
0.0
0.0
0.00161018399115
0.0
0.0
0.0
0.0
0.0
0.00161018399115
0.0
0.0
0.000190763054772
0.0
0.0
0.000977044810242
2.02611816648e-05
0.0
0.0
8.44650549783e-05
0.000256027976655
0.008775
0.0
0.0
0.0
0.0
0.0
6.80243843467e-05
0.0
0.0
0.0
0.000766942598481
0.0021444534063
0.0
0.00160983573105
0.0
0.0
0.000903117434873
0.0
0.0
0.0
0.0
0.0
0.0
0.0
0.0
0.00161018399115
0.0
0.0
0.0
0.000158827104441
0.0
0.000436500290382
0.00256017669383
0.0
0.0
0.0
0.00888379841732
0.0
0.0
0.0
0.0
0.000371967324381
0.0
0.0
0.00256017669383
0.0
0.0
0.0
0.0
0.0
0.0
0.0
0.0
0.0
6.43774416049e-05
6.85947793868e-06
0.00888379841732
0.0
0.0
0.0
0.0
0.0
0.00038296110725
0.00159543427611
0.000436500290382
0.0
0.0
0.0
0.0
0.0
0.00118013792599
0.0
0.00133391329079
0.0
0.00206978879706
0.00161018399115
0.00888379841732
0.0
0.0
0.0
0.0
0.0
0.0130945255693
0.0
0.0
0.0
0.0
0.0
0.0
0.0
0.0
0.000977044810242
0.0
0.0
0.0
0.0
0.0
0.0021444534063
0.0
0.0
0.0
0.0
0.000314551032837
0.0
0.0
0.0
0.0
0.0
0.0
0.0
0.0
0.0
0.0
0.0
0.0
0.0
4.80306416939e-05
0.00256017669383
0.0
0.0
0.000552394926748
0.00147068196811
0.00152064698187
2.77244988297e-05
0.0
0.0
0.0
0.0
0.0
0.0
0.0
0.000234300997804
0.0
0.000190763054772
0.0021444534063
0.0
0.0
0.0
0.0
0.0
0.0
0.0
0.000690437164795
0.0
0.0
0.0
0.000436500290382
0.0
0.0
0.0
6.42455489294e-05
0.0
0.0