500
3.71584955676e-07
1.97093252663e-05
0.00980687990347
1.31697660372e-30
1.18945542647e-05
1.59571839945e-10
4.53142218981e-09
1.3182947339e-11
0.0277610138806
0.0129752564877
7.38308741107e-08
4.07488120615e-18
0.00151151806688
5.00868864834e-23
8.70167993199e-07
0.000231729193444
1.80392265717e-05
6.5063065928e-10
0.00209959910505
0.0277610138806
1.44313595857e-36
1.15649399554e-08
1.27743849396e-05
1.02494674702e-05
0.000921136892521
4.85636317634e-20
0.00228962611265
0.00980687990347
0.000875878330458
0.0207453228727
0.018783946892
0.00124505018875
0.0277610138806
2.38878191627e-31
3.55624714494e-09
0.0207453228727
2.91093925679e-19
1.48025683863e-12
5.73055029907e-09
1.07236577733e-54
0.00520519010261
0.0183313216657
1.41547168639e-09
1.56654331222e-09
8.26438978895e-12
8.60683269723e-08
0.0277610138806
0.018783946892
4.04914844086e-13
9.83789366609e-08
6.61329032703e-22
2.32720545903e-06
3.15589454173e-38
0.0277610138806
8.79533095678e-13
1.69920091611e-05
0.0207453228727
0.0207453228727
1.37122404557e-16
0.000136291965116
1.04198775226e-05
3.31149696122e-14
0.00181690463591
5.31347968996e-13
0.0129752564877
1.27131928702e-13
1.01538904544e-07
0.00228962611265
1.05336398169e-09
1.13899518875e-06
0.0277610138806
0.0277610138806
1.84093525304e-18
0.00228328140926
2.40265078104e-07
4.19054573074e-05
1.19291188884e-05
3.5763826799e-10
1.08812322169e-18
4.38741556602e-11
9.74769373429e-12
0.0207453228727
0.0277610138806
0.0277610138806
1.38607102887e-38
1.64504311799e-05
0.0277610138806
4.46864558379e-05
0.00209959910505
5.15095307278e-06
1.72572472187e-05
0.0207453228727
1.30447194806e-08
1.63500396483e-06
1.1086152273e-08
0.0277610138806
0.00980687990347
0.0277610138806
8.0509250975e-11
1.75865972687e-06
1.44695096264e-11
9.55659479383e-06
0.018783946892
0.0189348219675
0.018783946892
2.28416199712e-06
3.30280251716e-21
1.0666498905e-09
0.000883116994346
5.13211374152e-27
0.0207453228727
0.0277610138806
3.5621992711e-21
0.018783946892
3.16437143098e-43
0.0183313216657
0.0207453228727
1.17910901439e-16
0.00280964534785
1.56931896849e-06
5.33819631854e-11
1.94219058326e-25
3.81861360353e-08
0.018783946892
0.0207453228727
1.40336451025e-07
1.15654914884e-12
2.06730346555e-05
0.0207453228727
2.735847053e-13
0.0277610138806
2.69271912504e-11
0.00134791846435
0.018783946892
3.83358172533e-08
0.018783946892
0.018783946892
1.22977293144e-06
0.00019857103171
0.0189348219675
4.54534517474e-10
1.65100511788e-17
0.0019010915533
0.0277610138806
0.0277610138806
3.67327066407e-08
8.1232836028e-14
0.0189348219675
4.40223422319e-21
5.7261190621e-07
0.00520519010261
6.04915577691e-09
0.0207453228727
1.22180861407e-05
0.00520519010261
0.018783946892
1.16132387933e-05
2.66054222704e-06
1.34619837763e-09
0.0277610138806
1.68839436563e-05
2.80686464883e-17
1.2755645271e-26
0.0207453228727
0.00180242730813
8.65887024385e-08
8.08690754218e-06
0.0277610138806
0.0277610138806
0.0189348219675
1.51970338651e-07
6.23047427262e-17
5.25537277834e-05
4.97400326e-11
2.37773885791e-11
2.04339751357e-08
1.50001210156e-07
2.74143804612e-11
5.90791272305e-13
2.13233056139e-05
6.6456956681e-09
0.0207453228727
4.42430022724e-13
1.34395831431e-05
6.00909459766e-22
3.33008759699e-05
0.000890065725098
0.0183313216657
0.018783946892
2.69319109117e-06
0.00520519010261
2.06519559666e-10
2.73881367728e-18
0.018783946892
9.12507888333e-09
0.000243843265745
2.78892302211e-06
2.84093762738e-24
0.00191636136498
1.25983905312e-05
1.58137873049e-06
3.46774997287e-10
2.96648132744e-11
8.94046643882e-09
0.0277610138806
1.64406855817e-12
0.0277610138806
1.53684733097e-08
0.0277610138806
1.5281205513e-12
0.0207453228727
7.32772713424e-10
3.47943755901e-05
2.28149184638e-30
4.37976124647e-18
4.63350480321e-15
0.018783946892
2.39112590472e-12
4.05739746599e-18
0.0207453228727
7.92526045625e-15
6.09756286786e-07
1.31975240501e-06
1.12583091494e-08
0.018783946892
1.07159891802e-06
9.6324458741e-08
2.64785877118e-06
0.000338161425341
0.00520519010261
1.8724326229e-13
0.00520519010261
1.71557630141e-08
4.46864558379e-05
0.000209820251518
8.7635717285e-13
0.018783946892
1.95646098262e-25
8.83883615702e-05
2.38105770595e-23
2.54375929931e-19
4.56725142766e-08
0.0207453228727
3.94255771273e-23
2.3628764737e-08
0.0129752564877
1.18764007677e-08
0.000414507794732
0.000101944706112
0.000187769971047
5.14230129203e-05
3.2624751611e-06
1.28799583688e-05
1.45480406243e-09
0.0183313216657
1.75702346889e-17
2.20738139176e-13
0.018783946892
5.60253781162e-15
0.0277610138806
0.0207453228727
0.0277610138806
6.34717648993e-10
6.05390476289e-14
2.31909618376e-09
0.0277610138806
3.88800261624e-18
8.73729679321e-06
1.24893253195e-18
2.2074838725e-05
0.00980687990347
5.09938667213e-11
2.62305363591e-11
4.87067647586e-07
0.018783946892
1.70655503638e-24
0.00202502347102
0.000172687338586
0.009127942064
2.8613750446e-05
0.000119469697881
0.00209959910505
6.31508229747e-08
3.02758076755e-07
0.000526808502723
2.24570826221e-05
0.009127942064
3.29823741569e-07
0.0277610138806
8.79768801669e-17
1.04068923557e-40
1.04381087099e-17
1.7560775899e-14
0.000111143086954
6.21381152574e-22
3.30723921366e-07
4.81443024693e-14
3.64790246124e-09
1.00744825066e-06
0.018783946892
3.69168581669e-22
2.83308242951e-08
1.34986198668e-18
1.04215271074e-05
0.009127942064
1.29238989072e-20
1.41876888947e-20
2.07479705083e-10
0.018783946892
4.65019129335e-32
1.79554952421e-05
2.21677166903e-16
0.0207453228727
3.59196136963e-18
0.0207453228727
0.018783946892
0.0277610138806
8.03807787122e-10
0.000574488006447
0.000100660601677
1.19983645258e-15
1.78838019279e-13
1.08167954714e-11
0.00266382831081
2.47021866302e-10
0.0277610138806
1.62562565082e-08
0.0183313216657
1.93563300967e-07
1.86010114451e-08
1.20877752145e-07
6.98635408901e-16
0.0277610138806
1.40988720735e-06
0.0207453228727
0.00299280577243
0.000360378802387
0.00199063256922
0.0277610138806
1.41158954609e-05
0.018783946892
0.00920337960172
0.018783946892
0.009127942064
2.31519982313e-07
1.83703967188e-13
1.65040537421e-14
8.26758080936e-20
2.96849761947e-11
1.96217282651e-05
0.000230648146089
2.01797633415e-23
0.000204487304425
7.88053059437e-13
1.60684348513e-31
1.44774846043e-18
4.12005876831e-12
0.0189348219675
0.0277610138806
0.0183313216657
0.00306393603438
1.11328846797e-19
2.23685067975e-11
6.04897670955e-07
6.06906457845e-14
1.86608761216e-07
0.00228962611265
2.04168313824e-07
1.11025673279e-07
0.00520519010261
0.0129752564877
0.0207453228727
1.75711191726e-13
3.06219325836e-05
0.0207453228727
1.19686370017e-07
0.000188316635684
1.415056899e-22
0.00131320380389
2.90646849928e-05
0.00920337960172
0.000152592811914
3.02572998374e-12
3.53077444904e-14
0.0207453228727
2.10054815233e-11
1.18053298329e-05
1.17631873009e-37
9.01194949135e-11
0.018783946892
8.16399129798e-06
1.69850363696e-07
5.98879479415e-08
1.49736435057e-08
8.5769609249e-11
1.33264921657e-06
3.21273551276e-05
7.48663158556e-08
2.15869615216e-05
1.16103008727e-31
1.37579204087e-12
1.06921303527e-16
3.00141450428e-20
1.13067110117e-08
0.0277610138806
2.1709486977e-08
0.000476166848818
9.224822587e-14
0.00208980419736
0.018783946892
3.06398499904e-10
0.00019893084606
2.52202695954e-11
0.0207453228727
1.55007985441e-12
2.11109276366e-41
5.52193153738e-08
0.018783946892
2.45330369893e-16
0.0207453228727
3.2011603497e-21
5.5658356933e-16
0.0207453228727
5.7834627963e-14
7.23755187942e-10
7.87258548207e-08
1.2416005088e-11
9.23773919983e-26
0.00199063256922
0.009127942064
2.96403518734e-05
0.0183313216657
1.45124765462e-13
0.009127942064
0.018783946892
0.0207453228727
0.000214602271717
3.04328306075e-16
0.018783946892
0.0207453228727
1.25001901933e-11
0.00112953116411
1.83505826254e-07
9.49375675959e-17
1.80754514141e-09
1.97002701796e-19
3.19631465641e-40
1.01226521883e-17
1.59337449685e-16
1.38903598089e-08
3.43974145295e-13
1.36528854578e-05
1.02494674702e-05
0.0277610138806
2.77017583999e-05
0.000921136892521
4.50628399941e-09
0.00199063256922
2.12176585769e-06
0.0277610138806
7.34321247343e-26
1.1939042063e-08
0.0129752564877
5.9890526932e-14
0.0277610138806
0.0277610138806
0.0277610138806
6.7320229243e-17
2.44977875242e-09
0.0277610138806
0.0189348219675
3.81176119955e-15
0.0183313216657
1.37940544229e-08
2.60824664867e-07
1.34709442413e-08
0.018783946892
1.87940561862e-14
0.0277610138806
3.31895839556e-05
0.0207453228727
9.82723014335e-31
2.62653586859e-23
4.96804657896e-23
1.28795584695e-05
5.0249901645e-10
2.02041570532e-13
1.51042739219e-07
1.18201901889e-20
0.009127942064
6.38422326022e-06
1.33575503609e-05
0.000214602271717
6.53577889095e-21
2.68191204412e-06
0.0277610138806
1.18781124395e-25
4.19054573074e-05
7.09788680467e-06
1.06669834176e-11