500
2.44607827125e-05
0.000362773604521
0.00122362234975
3.21164114318e-07
0.0
2.94384879938e-25
3.23868974497e-39
0.000123209349244
4.92701308664e-18
4.79420452068e-24
1.50986103616e-38
9.4271076419e-14
4.34845659617e-17
0.00025186232822
3.07205978009e-08
2.430890915e-12
2.03373023439e-16
1.04367936003e-24
1.74962975465e-15
6.14229294888e-10
0.00159536066771
4.82367172449e-15
1.07693109341e-08
4.48153579194e-09
2.60778485699e-08
2.67308203718e-24
2.64280151267e-17
2.13142144164e-09
0.0033931505125
3.1920394868e-47
2.27084839387e-09
1.1817443455e-07
0.0123155831809
3.01940850452e-29
2.70684818533e-18
0.000123840947646
6.80842581568e-21
1.0283904488e-06
7.45718261272e-16
1.75110015868e-17
2.48433032721e-07
1.7191849747e-06
4.79437872934e-25
7.64644888307e-13
9.86972164877e-09
2.03508806099e-08
0.00555408653254
0.00696273166761
3.61611157964e-10
9.14021142458e-44
1.37896072931e-06
0.000898988959825
1.64657405712e-21
1.06073637838e-19
1.86183991977e-25
0.000110896982598
1.37278352579e-07
1.35697597509e-15
6.6948301367e-15
0.000654495675449
6.26391247011e-11
0.0
5.08855424865e-11
1.39410868393e-05
1.36465892771e-05
3.53096481052e-13
2.46505636346e-28
0.000344523296745
0.0161915754386
8.22399890821e-06
1.97621061008e-11
1.62570714404e-42
1.81216725882e-17
0.000362773604521
2.98255320665e-07
5.160226226e-12
3.96033402861e-06
2.27009626601e-13
3.10965441279e-34
1.92587563055e-05
2.96749917371e-10
7.00623605328e-35
8.00338791527e-08
2.62316747286e-36
4.09012801669e-08
8.19606603106e-09
9.42080443996e-12
1.06220522355e-38
5.73106213168e-14
5.80646034007e-10
3.89457883172e-05
1.42976268397e-29
1.58696315927e-42
4.5218911874e-09
3.25051062712e-05
6.68748775859e-08
8.20461399374e-06
2.73194275883e-22
1.16316403738e-08
0.0
2.93387170043e-06
0.00122594248359
6.1791167995e-28
1.22720731173e-26
5.1958047981e-10
0.000516742586531
2.97444384907e-17
3.82243661844e-08
1.78992998204e-18
2.52029452299e-06
0.000556441845608
2.34156158915e-11
0.000228439307093
9.32999158432e-08
7.16198349812e-12
1.02001772639e-08
0.00780791874865
2.49970166035e-09
2.52473739934e-16
7.77293951759e-21
4.37290214038e-14
4.90541060429e-06
0.000101839212519
1.94889724203e-07
1.29319163311e-07
2.6127186024e-06
8.12550297087e-15
2.89515425939e-26
2.98442339887e-05
3.80081033895e-11
1.06895698423e-06
1.89768971515e-13
4.6574095837e-27
2.34783859587e-05
6.72046273769e-12
3.22506808737e-24
0.000957227367152
8.76811218142e-34
3.93441045108e-33
2.81765068876e-06
2.94559480002e-10
0.0103837269956
3.19884866592e-08
0.000927132269232
1.78749229084e-08
8.34526355508e-08
2.64486839667e-12
1.73508069432e-06
2.665759004e-05
4.47355096145e-11
2.95854442482e-05
5.32325235881e-09
3.44246027044e-18
1.25777707394e-17
2.22746205006e-06
0.00254482397609
0.0
1.71892054345e-22
7.25154511949e-16
0.00167953810351
4.16504660111e-65
3.740892257e-14
0.000116021272296
0.00106624271979
0.000122649610869
0.000260496590577
0.000132146314357
8.87671052575e-10
1.49156926828e-05
8.57553793381e-31
0.0001278404677
1.28420747298e-12
1.69183117601e-08
6.94118548972e-18
0.00149878432559
2.4012167106e-27
1.75006546827e-05
5.59990325043e-11
6.8172742344e-18
2.63191639195e-14
1.93991968582e-07
2.83398403615e-30
5.56013498184e-24
6.00300857076e-19
0.00023126753586
5.40053918159e-06
7.43840646801e-34
0.000460991623615
0.0123155831809
5.57360405508e-07
0.000236734265431
1.11403969163e-06
1.49829702371e-09
4.22401255625e-38
7.10296694598e-38
0.000184294883705
0.000177956762774
3.09453947128e-07
1.28935406705e-08
2.07113513018e-05
1.27987024016e-22
1.62170289922e-15
1.69811968953e-13
0.000460991623615
2.05507178198e-36
0.000142088310747
3.17311651436e-08
2.4641472216e-06
3.37698875039e-05
3.55453987929e-27
2.56545800611e-32
2.36002360039e-32
1.81644608783e-07
1.35577111877e-08
0.00267815559819
1.08450357445e-07
2.00703574624e-07
2.75758514391e-08
0.000106762511861
4.41892201445e-07
2.81841181382e-07
1.88784138954e-14
3.1393666627e-05
1.15233636127e-10
1.85017991359e-28
2.07572254869e-19
1.22239252794e-35
0.000949542784013
4.72265032782e-37
4.62921731986e-16
2.33290808621e-14
1.00525563041e-17
4.41387252423e-07
5.86498356448e-12
1.3937967664e-06
2.0720630939e-14
0.000116021272296
1.65038391177e-24
4.97885071674e-18
8.791569142e-43
3.04687262965e-09
3.45599783488e-21
1.47737114211e-12
0.000516742586531
1.64931537849e-14
1.54134552196e-10
1.57370094499e-15
0.0103837269956
1.05242547062e-15
3.26744768402e-10
7.60571780997e-08
2.52254477393e-05
4.18880745569e-05
0.00780791874865
3.84469494688e-06
5.67186717876e-17
7.56280156537e-12
6.05463952803e-05
2.21385737585e-12
6.31118186758e-10
0.0015963505194
8.03904942866e-06
0.000236734265431
1.05770916103e-11
7.06964747169e-53
0.0
7.78736957818e-07
0.0033931505125
3.23926847093e-16
1.64008500861e-21
0.000136921279665
7.21527477762e-13
1.50030627272e-13
1.15283467618e-19
0.0103837269956
2.33961335272e-07
2.86638911384e-12
3.43144488839e-12
8.36689212978e-27
2.45555603635e-56
1.52204001893e-19
1.41205784817e-20
6.99696816715e-06
0.00254482397609
0.0161915754386
7.70662306368e-08
2.72921615029e-16
2.35766814018e-18
3.51089136672e-09
1.19280209451e-10
0.000235698610667
1.98516970506e-06
0.000185005947871
1.46413762337e-06
0.00609040910994
5.48082987275e-10
9.47372060278e-05
0.00022182245616
0.00122594248359
1.64041512121e-05
0.0103837269956
5.93193688004e-09
1.91122410225e-08
0.000112390237254
1.58818783083e-23
3.65373565407e-13
0.0123155831809
4.80219258576e-10
0.0103837269956
0.00780791874865
9.29752901098e-09
4.45297666023e-13
0.0
0.00157563625018
8.66178067138e-12
1.98449594761e-12
9.84533148624e-11
4.53400470458e-15
1.02038839003e-14
1.18841651769e-09
5.73002833603e-27
6.72428308546e-56
2.34419499814e-05
1.29280106727e-30
5.49281100255e-30
1.50973742736e-06
0.000260496590577
1.78269258811e-06
0.00157563625018
2.09774174556e-08
0.0123155831809
4.83864043472e-37
1.18737412794e-10
7.50945784087e-05
2.29949951697e-09
3.38774201796e-29
1.36699944293e-08
3.75297155799e-09
4.47828594597e-07
0.000342075854587
3.2305554962e-13
0.000188184001142
4.28572060556e-10
3.36505758078e-13
2.46584146426e-15
6.05483662482e-08
4.37125592979e-33
4.87859169605e-11
5.06888538409e-09
7.63708207251e-06
8.94033239609e-15
2.48507034265e-07
2.6624511554e-11
0.00696273166761
1.11779096676e-05
0.000217027780945
0.0103837269956
0.00780791874865
3.67540774341e-24
2.0946524571e-12
3.84005358751e-12
0.00122362234975
0.0
6.96508263829e-18
3.62571311399e-11
3.99877738998e-25
9.82661081992e-05
0.00609040910994
3.91376091932e-11
0.000396228418258
1.99306214609e-10
1.55494736978e-07
3.54894314551e-05
1.36980645052e-05
1.09180633639e-06
0.000415904754438
1.2349499313e-17
0.00068607790366
5.69824920586e-06
1.62216424446e-07
8.8300713494e-08
2.89691781399e-07
0.000460991623615
2.45302243521e-14
1.04590254339e-19
1.32060516277e-08
0.0103837269956
7.31579881704e-10
7.60007243532e-05
1.93660681767e-09
0.000161352980453
0.000920088123458
1.16877902214e-16
3.48866341663e-12
3.48309246687e-11
1.86119635464e-13
2.92244965449e-28
0.000210957753611
7.1664886615e-15
3.14138365706e-11
2.10345266683e-05
0.00145127301947
3.62578177356e-05
0.0
3.53266625226e-09
3.48225750137e-07
7.38020752093e-20
1.17181938979e-10
5.41397107666e-09
0.000820490955455
7.6779554635e-06
0.0
3.0676539135e-16
1.57144235243e-24
1.96925536854e-53
2.15840355046e-37
1.39395560488e-13
0.00149878432559
1.06488080142e-23
0.000243641245908
1.74763130294e-12
0.000151397018744
1.34939073246e-05
0.00167953810351
2.10620029495e-07
1.00157678882e-17
1.12626444972e-18
2.83570459534e-12
2.27308757012e-17
2.77899264792e-15
0.0123155831809
0.00163989869587
2.12175302907e-07
0.000457718560657
0.0014160811461
0.0
3.00649808505e-23
4.50151549581e-12
5.53964084333e-11
6.00754680949e-17
0.000654495675449
6.26127178339e-06
3.10039009312e-06
0.00122362234975
2.6093059475e-26
6.73462461991e-19
2.73161434922e-09
3.03498084613e-07
9.15247153241e-38
3.79888515892e-09
7.6362807062e-26
0.000133755407072
0.000311788810824
5.61801331214e-16
0.00167953810351
3.25858285075e-09
0.0033931505125
1.5452342851e-35
7.43148661336e-07
8.33695303886e-10
6.85556462916e-27
1.75975547792e-05
7.65507165465e-08
0.0103837269956
4.83505162116e-07
1.35946016107e-19
4.05572741724e-15
7.07747916276e-15
5.52663843902e-06
2.73558906573e-08
7.85836359701e-15
2.02724245459e-61
1.74625118819e-05
7.36861033813e-20
0.00163989869587
5.45814845432e-05
9.7216431721e-05
4.93305765665e-22
0.00137377907151
1.25646248541e-08
6.85175516699e-34
0.000329235690084
0.000195364789521
3.040170681e-06
7.84326542865e-23
0.0123155831809
1.00396687638e-07
6.11662218852e-13
0.000206665938953
7.4615337658e-13
4.62499070843e-06
2.18700856889e-15
3.47066354909e-20
7.52753285453e-13
6.12252504653e-12
0.000105313982291
3.48419457794e-22
1.28483350373e-27
8.1416324048e-22
2.66446261706e-08