500
0.000357793237924
0.00181860512553
4.24401602443e-23
0.00181860512553
5.41470673384e-10
0.0
4.3265241674e-16
0.0100623067776
5.13251117485e-11
8.61590110973e-08
0.00181860512553
3.38808028951e-05
1.11905837404e-13
0.000326345711165
3.19802760912e-06
7.50958007394e-08
8.21647705783e-06
4.96088608399e-07
1.09076645667e-05
0.000130696301864
0.0
4.20463167877e-06
0.00181860512553
0.0
9.16678981778e-06
2.62594243846e-25
6.73234683086e-24
3.38808028951e-05
0.000859038626721
1.18411937627e-05
0.00181860512553
0.0288766891745
0.0
0.00181860512553
5.91062500803e-07
0.0
3.38808028951e-05
4.01525497857e-07
0.0
5.30278692237e-09
2.70619496896e-10
1.75120082909e-07
0.0100623067776
0.000619409467464
4.32234846162e-22
4.91909731505e-08
1.38026128981e-10
4.29068027318e-20
0.000171034419505
6.88038717753e-07
2.29904615857e-09
0.00110057112449
2.08729867577e-31
1.54928185028e-10
1.20632581904e-09
0.00181860512553
2.82122969289e-05
3.52263821334e-25
0.0
0.000456001291197
2.71476088967e-05
3.39148094272e-10
8.91269800524e-19
0.0
5.32534153319e-06
3.40948377474e-21
0.0
0.0288766891745
9.80602097818e-22
0.0
4.76174995838e-09
1.42176337848e-11
1.03924308753e-06
1.15973336849e-23
6.54315882036e-19
0.0
1.36956272689e-35
4.676555955e-06
6.873370344e-18
3.59195151836e-19
0.0
1.08234024893e-06
0.0100623067776
1.92511437499e-11
2.58502904295e-05
1.39527383238e-19
1.64525200195e-07
0.0
0.00010569786021
4.15942440674e-09
1.3821318393e-16
4.37180180401e-07
4.96088608399e-07
7.99786266139e-12
5.00704487985e-06
1.10968550644e-07
4.30812528809e-20
2.73165918165e-15
2.07586953552e-14
0.000434838113093
8.30049078621e-11
5.68409980197e-10
6.30658229737e-08
2.95388932833e-11
6.79191969629e-06
2.69783331739e-06
2.92076934205e-13
3.38808028951e-05
1.86365702999e-09
5.59442591588e-05
3.16725333483e-05
1.40860701535e-05
2.76835517821e-07
0.0100623067776
4.66488234015e-10
3.38808028951e-05
0.000326345711165
3.87719410777e-28
4.94255036576e-06
1.42552439267e-13
2.77986287676e-17
1.26778578233e-31
6.27056905486e-06
9.8483213749e-15
3.24181148652e-15
3.20325652354e-30
3.38808028951e-05
4.973349362e-09
0.00181860512553
4.43732796197e-14
2.36133890089e-16
0.00316030608038
0.000488722067799
4.29106893422e-05
3.41924596306e-05
1.44452943927e-05
5.83684280295e-07
4.0490017912e-13
1.71315409848e-10
5.59442591588e-05
0.0
0.00225376551964
2.65285701335e-05
4.20463167877e-06
1.17920460764e-08
6.19593262454e-10
0.00016133726414
4.48536839745e-06
2.04114903421e-34
0.0
1.11133959035e-17
5.00852280552e-17
4.76785303226e-07
5.47171654186e-13
0.0100623067776
2.71476088967e-05
3.38808028951e-05
3.38808028951e-05
0.000127180369604
0.0100623067776
0.000619409467464
3.18577342675e-12
0.000619409467464
5.18791827779e-12
5.15319865761e-15
0.0
0.0
0.0
0.000315005739139
4.21533913502e-06
4.05924162505e-42
1.76918820625e-21
0.0
1.96342357255e-16
0.0
0.0
1.35476923551e-07
0.000315005739139
0.0
5.66541835293e-25
5.00455641804e-05
2.1045823812e-09
2.90975022327e-20
4.25752739866e-21
2.59437077646e-24
0.0
1.73026587276e-08
2.35241923886e-18
7.90032645863e-10
2.46499412867e-07
1.72675180085e-07
3.65277437156e-11
7.74395866283e-10
0.0288766891745
7.00844085297e-05
3.41642238722e-09
1.11838834935e-21
8.96304752963e-05
0.000342188301416
3.16725333483e-05
1.21444391754e-12
2.70616903867e-05
7.13039978585e-46
1.5316487063e-07
1.04791161381e-07
0.000125683351522
1.68121307828e-05
6.54386029212e-07
0.0
8.75881660819e-26
0.0
1.61651764915e-18
2.71476088967e-05
6.76252296897e-08
2.741003114e-08
0.00263727066742
7.35987089842e-05
1.05516931265e-11
3.75465224316e-11
3.79712938143e-10
1.8719328844e-12
1.42059445204e-12
8.38763841362e-09
0.0100623067776
0.00181860512553
3.16725333483e-05
3.16725333483e-05
0.000619409467464
1.04311495134e-15
0.0
5.36588708493e-05
1.63808262389e-31
5.4601642976e-37
5.4672852425e-06
7.17362870712e-10
5.00455641804e-05
3.83039336025e-05
5.78508326537e-14
7.56263740652e-14
0.0
1.82931565013e-06
6.65817469682e-12
1.08754386117e-05
5.38181065802e-05
0.00181860512553
7.24367734307e-13
3.44253826374e-06
3.35777214184e-14
0.000859038626721
4.28909644757e-32
2.42797353712e-16
2.04873326894e-26
2.72533332488e-05
0.000126270340427
2.12190738524e-07
0.000127180369604
3.07023652613e-07
0.00181860512553
0.0
8.25577906414e-10
0.0
3.38808028951e-05
0.0
6.89678639178e-10
6.25215757887e-14
1.36092269675e-06
3.79494509541e-09
0.000127180369604
0.0100623067776
3.21651554436e-05
3.48955767029e-13
1.41729092236e-05
0.00181860512553
0.0
2.42069189701e-06
0.00033085871308
0.0
5.89590267344e-39
6.44077757482e-28
1.20535183689e-10
0.0
6.6458690665e-05
8.40999817989e-12
1.14440531994e-15
4.64442491111e-07
4.91388874125e-46
8.23782206517e-11
0.000342188301416
4.90308454799e-07
1.53575981757e-07
2.33790306681e-09
3.38808028951e-05
0.000326345711165
3.38808028951e-05
0.00946715284529
3.38808028951e-05
0.00237788558282
1.67707192397e-10
0.0100623067776
4.3619421105e-10
1.75127665135e-28
1.32162967414e-08
2.64503378253e-15
2.71476088967e-05
2.25226337741e-16
7.1192081037e-06
2.66243363469e-25
9.33649669185e-12
0.0288766891745
0.0
0.00946715284529
0.000448316456355
0.00316030608038
0.000326345711165
8.98605453409e-10
8.23818281772e-20
0.0
7.48976655349e-22
0.00181860512553
1.39046830287e-10
3.40653244359e-09
1.45560812303e-21
0.0
6.26335367223e-09
0.0
2.77415773253e-12
1.04770108119e-08
0.0
7.3521385477e-06
2.59959811511e-11
4.61618696501e-07
0.0
2.47678386773e-05
0.0
0.000125683351522
0.0
0.00946715284529
7.48391001799e-10
4.72635164796e-09
4.20463167877e-06
0.0
0.0
0.0
2.62587208137e-13
1.42371130129e-07
1.87177127455e-12
1.16712595749e-22
4.16364457724e-10
2.71476088967e-05
1.74722327814e-08
0.0100623067776
1.87241760621e-16
0.000342188301416
0.00181860512553
8.26817838004e-12
6.68341432574e-08
4.21007727587e-26
2.2451376498e-32
1.75455541133e-24
0.0
0.000859038626721
2.22602980391e-10
0.0
0.0
0.0
1.91738195255e-12
8.22233330811e-27
1.68062188779e-17
0.00181860512553
3.18120926121e-08
1.60007844633e-13
0.000326345711165
0.00316030608038
2.92791483014e-06
0.0
0.0
0.0
0.00179568111699
1.00481703057e-12
6.1925042232e-07
0.000125683351522
1.0368391365e-56
0.000154533382323
0.0100623067776
0.0
2.4830440477e-05
7.1831117904e-13
2.04932783775e-23
3.74995388057e-07
4.73267182459e-18
0.000193869649719
2.71476088967e-05
1.64067503659e-09
1.61436141183e-19
7.12780919952e-06
0.0
4.36048206145e-05
1.76298297146e-25
1.16499906227e-16
1.81060443173e-09
0.0
5.95349222075e-11
5.85257599777e-07
1.49976845861e-29
6.22193373597e-07
0.0
2.71476088967e-05
4.74981298257e-06
0.0
0.00946715284529
1.44864934885e-10
5.63996808316e-10
1.32105142789e-09
4.44061850856e-10
0.0
1.60110672737e-20
6.71579381134e-05
2.66095102535e-05
2.61511186221e-19
4.1643686527e-16
0.0100623067776
7.42284902969e-10
0.00142689456532
2.71476088967e-05
0.000859038626721
0.0
1.24764653127e-13
1.59828165627e-07
0.00811447091447
0.000342188301416
0.00181860512553
5.59442591588e-05
2.71476088967e-05
0.000227247387117
0.0
1.2100801207e-09
0.0288766891745
1.84073690418e-23
0.000619409467464
0.000126270340427
5.55085454163e-19
1.44452943927e-05
0.00181860512553
8.20721930764e-09
2.17188687028e-05
0.000125683351522
7.86995151462e-16
1.19180870079e-07
5.04304498986e-08
3.2604256491e-24
0.0
0.0
0.0
4.20463167877e-06
0.0
0.0
5.85257599777e-07
2.55290143932e-06
0.000227247387117
0.0
6.11117642181e-09
0.000126270340427
0.00110057112449
1.13866940451e-06
0.0
4.77392173678e-32
2.53930015826e-13
2.54788564168e-09
0.000326345711165
6.91473696209e-17
4.11560509502e-28
6.28066978439e-11
1.77139296904e-05
6.81480781123e-36
2.12312213175e-05
2.71319698889e-05
1.74947856353e-08
0.0
0.000619409467464
0.000859038626721
1.18554479817e-05
6.22193373597e-07
1.07901854468e-05
6.6458690665e-05
4.95794627771e-09
0.000619409467464
2.12312213175e-05
0.000326345711165
0.000233965430356
1.88404896731e-10
0.00181860512553
0.000342188301416
0.00946715284529
3.38808028951e-05
0.00665254246072
0.000171034419505
0.0
0.0
2.62279469625e-10
0.000227247387117