500
0.00054718654661
0.00750576821982
0.00297500372741
0.0278429005404
0.0278429005404
0.0148823740802
6.34388007888e-08
0.00150041171595
0.0552066689492
0.0552066689492
0.0240450961369
0.0278429005404
7.12343079104e-12
0.0172746390302
0.0240450961369
0.0552066689492
4.08981193172e-06
4.06590344169e-05
0.00297500372741
2.28815318664e-07
0.00132413299383
6.09642109717e-05
1.61968425406e-06
0.0278429005404
3.98873319662e-09
9.19819078794e-07
0.00297500372741
3.41538441529e-06
0.0552066689492
0.0552066689492
2.1554054746e-08
0.00458182493666
3.02721402072e-05
7.99682513884e-06
2.25216593772e-06
0.0552066689492
0.00458182493666
0.000983585230541
0.000114771807155
0.00116403486467
0.0278429005404
0.00231079502591
5.65232599761e-12
5.46029364178e-05
0.0552066689492
0.00297500372741
0.0041031296938
0.00458182493666
9.78252353401e-05
0.0552066689492
0.000638025948144
0.000114771807155
1.85771357986e-06
0.00132413299383
0.000156887767079
0.000216720516345
6.50772009751e-08
0.0
0.0552066689492
0.0552066689492
0.0552066689492
0.0552066689492
0.0278429005404
0.0552066689492
0.0148823740802
0.0552066689492
0.0278429005404
4.68213078464e-08
0.00871228178667
0.000137267482049
0.00750576821982
5.82905438153e-06
0.0278429005404
0.00297500372741
0.00871228178667
0.0278429005404
3.70344357645e-05
2.28924232885e-05
0.0172746390302
0.00014943514812
3.44989009299e-12
0.00458182493666
0.000749036815791
0.0552066689492
0.0552066689492
0.0278429005404
0.0
3.73659446824e-07
0.0278429005404
0.00231079502591
1.99685149039e-06
0.000406933229764
0.0172746390302
0.000983585230541
0.0552066689492
0.00750576821982
0.00871228178667
0.0148823740802
0.0552066689492
0.0552066689492
0.000391379953668
0.001309503561
0.0148823740802
0.0240450961369
0.0552066689492
5.58388037241e-07
0.00134229552872
0.0552066689492
0.0552066689492
0.0552066689492
0.000317916793913
0.000203394855255
1.57371877036e-10
0.0278429005404
0.0278429005404
2.47606073503e-12
3.84194754743e-05
0.0552066689492
3.9023338612e-09
0.0014851838967
0.00267695056862
0.00466240132701
0.0278429005404
2.46592764617e-05
0.00185846568888
7.85062208588e-05
0.000508152381844
0.0552066689492
1.90060211102e-05
0.0278429005404
5.4696515198e-05
0.00871228178667
0.0278429005404
0.000421260114419
0.00185846568888
0.0552066689492
1.95838594264e-05
0.0240450961369
0.0277828805973
0.00871228178667
0.0041031296938
0.00118413115079
0.00587030126091
9.60368473557e-06
0.00210525611372
0.00458182493666
0.0552066689492
0.00871228178667
5.73382787649e-11
1.35630531819e-07
8.99117388856e-08
0.0240450961369
0.0277828805973
0.0240450961369
0.0552066689492
0.0552066689492
1.65941235618e-06
0.0278429005404
0.000356650274827
9.39445578595e-06
0.0552066689492
0.0148823740802
0.00267695056862
0.000113755907517
2.46020184039e-05
1.33669956689e-05
0.0278429005404
0.0278429005404
0.000544734077678
5.45669527505e-05
3.28380336124e-05
0.0277828805973
0.0172746390302
0.0552066689492
0.0278429005404
0.0172746390302
0.000144261610058
0.000124390973956
3.70149037024e-06
0.00382324489625
0.0148823740802
0.000140921366271
2.80018166549e-06
0.0172746390302
4.46964518466e-05
0.00458182493666
3.6159493022e-07
0.0552066689492
0.00871228178667
0.00297500372741
0.0240450961369
0.0240450961369
0.000124390973956
0.0552066689492
1.2125045144e-06
4.95319192098e-06
0.000738857604628
0.0278429005404
0.00458182493666
0.0172746390302
0.00103002821385
2.24931073563e-05
8.39435228701e-05
0.00054718654661
5.98190377332e-05
0.0552066689492
2.41858636043e-05
0.000137988631376
0.0172746390302
0.00119943944486
0.000850305348632
3.13586544633e-11
1.26790134273e-07
0.000350585011106
0.0552066689492
0.0240450961369
0.001309503561
7.64360166536e-11
0.00134229552872
0.000846187176866
0.0041031296938
0.0552066689492
7.74176068872e-07
0.0552066689492
0.000108930974495
0.00119943944486
0.0278429005404
0.00297500372741
0.0278429005404
8.16105680543e-08
1.4569452646e-05
3.28341966184e-06
0.000785787400509
0.00140785066228
0.0240450961369
0.0552066689492
0.00185846568888
1.64828228609e-09
0.00587030126091
3.63173778003e-06
0.001309503561
0.00231079502591
0.0278429005404
0.0552066689492
0.00103002821385
0.0148823740802
0.0172746390302
0.0278429005404
0.00871228178667
0.000428842523949
0.00466240132701
0.000125362082529
0.0552066689492
6.35248183516e-06
0.0140120024613
0.0041031296938
0.00067942046833
2.16023297923e-08
1.68771754767e-10
0.0240450961369
0.0172746390302
1.90084236668e-05
0.0552066689492
1.92509960802e-08
0.0240450961369
2.60137512685e-06
0.0
3.81879354464e-06
0.0552066689492
0.000483160604101
5.81212915191e-06
6.78925848397e-05
0.0552066689492
0.0278429005404
0.00185846568888
0.000119879384807
0.0148823740802
0.0277828805973
7.00312531961e-07
0.000415561180461
3.32364987845e-06
9.70291473145e-06
0.0278429005404
0.000660434293543
0.0172746390302
5.71632907298e-07
0.0041031296938
0.0278429005404
0.0278429005404
0.000237236758472
0.000485431466829
0.0552066689492
0.0278429005404
0.00587030126091
0.00038192682596
0.00146500064245
0.0552066689492
5.66824322582e-06
0.00158322463771
0.00126507248227
0.0278429005404
0.00267695056862
0.0148823740802
2.25159086754e-05
0.0552066689492
0.0552066689492
0.000121545850382
0.0552066689492
1.07682607365e-05
3.94725234305e-07
2.79439593415e-06
0.0277828805973
0.00458182493666
0.00206937013487
0.0014851838967
5.82967077241e-06
0.0552066689492
0.00185846568888
0.0552066689492
0.0240450961369
0.000365653568908
0.0552066689492
0.0240450961369
0.000192620761791
2.55467310442e-06
5.85227456125e-07
0.00871228178667
0.0172746390302
0.0552066689492
8.39329151441e-06
0.0240450961369
0.0552066689492
1.85087082502e-11
0.0278429005404
0.000114771807155
0.0278429005404
1.43499042558e-07
0.0278429005404
0.00135009175254
0.0240450961369
9.991976983e-07
0.00104276670319
0.0148823740802
0.0172746390302
0.0552066689492
0.00750576821982
0.0552066689492
0.000839958459427
0.0552066689492
0.001309503561
5.85867548812e-08
0.0277828805973
0.0278429005404
3.95699415227e-07
0.0552066689492
3.81516810502e-05
3.02684166124e-06
0.0552066689492
6.93393729548e-07
0.00382324489625
0.0278429005404
0.00871228178667
4.3323076549e-05
3.45503311414e-06
1.21252560914e-05
0.0278429005404
9.42883104433e-08
0.00016464348467
4.92135950776e-11
0.00126507248227
0.0552066689492
1.64838702963e-06
0.000356650274827
2.30521176453e-13
0.000438482939339
2.16354631538e-06
0.00297500372741
2.29222056836e-07
0.0041031296938
3.53116988624e-06
0.000158995910648
0.00871228178667
0.00206937013487
0.0552066689492
0.000485431466829
8.15130543931e-07
0.0278429005404
0.0552066689492
0.000274730880063
0.000850305348632
0.0172746390302
2.23058534354e-06
0.00750576821982
0.0140120024613
1.18490172161e-10
0.0552066689492
0.0148823740802
0.0552066689492
0.0140120024613
2.71604777434e-10
0.0552066689492
0.000983585230541
0.00382324489625
0.0172746390302
3.04595434261e-08
0.00089027173545
0.0172746390302
4.41698804487e-06
9.29611991485e-09
1.23774706555e-08
4.23289679522e-05
0.0552066689492
0.00297500372741
0.00108495688114
0.000839958459427
0.0240450961369
9.19802265788e-06
5.70447101208e-06
0.0552066689492
0.00297500372741
9.19678078781e-05
0.00587030126091
0.00234212859452
0.0148823740802
1.02314826904e-05
1.4349066107e-06
0.000477220948288
0.0552066689492
0.000526531336489
5.43872841381e-08
0.0148823740802
0.0240450961369
0.000167929128311
0.0552066689492
1.2304185197e-05
0.0148823740802
0.00192821319261
0.000184413516431
0.000113755907517
0.00871228178667
3.45472885909e-08
0.0278429005404
3.68019856848e-06
1.92575258794e-07
0.00010154623918
0.00128719480036
6.85860786301e-08
0.0552066689492
0.0552066689492
0.0278429005404
2.96519359489e-05
0.000644324588481
8.01879086488e-05
0.0148823740802
8.0516366773e-05
0.000496060825046
0.0552066689492
0.000323411113605
1.22804826297e-06
0.0552066689492
1.99698828093e-05
1.04441956408e-08
2.63523798734e-14
4.79769321975e-05
0.0552066689492
1.7394449143e-06
0.00267695056862
0.00267695056862
0.00067942046833
0.0172746390302
0.00235143287756
3.6053027144e-05
6.71461921758e-05
0.00297500372741
8.84674468714e-06
0.00134229552872
0.00235143287756
0.00458182493666
0.0148823740802
0.0552066689492
0.00750576821982
0.0552066689492
0.0278429005404
9.2205120028e-12
0.00871228178667
0.000587068692594
3.92326483098e-07
0.00135009175254
0.00587030126091
0.0
0.0278429005404
0.0
0.0240450961369
0.000846187176866
0.00382324489625
0.0552066689492
2.7181774163e-05
0.0278429005404
0.0278429005404
0.0278429005404