500
2.7277491035e-05
1.54755602161e-10
9.10316131149e-19
1.60612112215e-11
1.50982587323e-05
2.69622097103e-10
1.17673308323e-07
0.000137455222755
9.475931624e-08
1.03628192497e-06
4.30232097931e-38
5.66012839924e-11
4.96081070315e-21
1.66494751958e-23
1.8069986232e-06
6.87833496831e-30
1.48163391701e-11
1.40678691344e-06
0.000235944067328
4.8705915174e-14
1.42839203974e-07
3.19208368561e-37
2.48444222297e-08
1.04915233777e-06
2.12818355853e-17
1.02088600433e-09
1.02413569784e-23
1.99685560118e-05
7.13673377116e-08
0.000163619159728
0.0138291805094
5.27713794443e-22
3.62388128768e-15
2.71226325731e-12
2.60492542506e-05
0.015622923588
4.91697890072e-13
1.71322554434e-10
1.6773998409e-12
7.89711603715e-07
3.14513625519e-11
2.5451276145e-14
1.2390831782e-11
8.62769102947e-05
1.00801481416e-07
0.000106349325643
9.9936998598e-12
3.73870682671e-05
8.41663908444e-28
1.32594823321e-23
0.000718362923198
1.71239130493e-05
2.89148493546e-05
4.60012851526e-09
0.00149164797947
1.93147521485e-27
5.45137795718e-08
7.99316129961e-07
3.39207855286e-06
3.71203832896e-15
6.05288695086e-09
4.28640699032e-08
3.06717778372e-05
2.21468226414e-11
2.88628895921e-07
3.04048564001e-08
3.52856623182e-11
3.45432698766e-13
5.18884396158e-12
2.92785265311e-11
0.0109435046282
3.09021467819e-22
3.9172818408e-06
0.000135585585042
2.47812382333e-11
0.000121524857705
4.40094768573e-33
8.68292128297e-25
1.06408033211e-12
4.03992544114e-13
2.40463987414e-18
0.000119702581391
5.14091969221e-14
1.00461912991e-05
6.13132219928e-09
2.42051706936e-05
0.002155439103
8.32850044709e-06
3.89979047863e-07
1.67872632106e-06
5.49099715572e-12
1.86939490625e-06
1.94041809796e-10
1.55441322451e-08
2.35751299015e-07
7.01013307208e-12
2.80043411958e-48
1.13839150497e-13
2.18122076032e-07
3.94494555628e-06
4.91733368476e-15
2.55482166901e-08
0.000121524857705
3.93231324244e-20
2.99809719025e-09
1.07297825907e-18
0.00174408071445
1.17398387417e-17
1.09479535345e-06
1.33979096295e-07
0.000147402466999
7.59752731327e-13
1.3091827032e-19
0.00119636147425
3.19640265315e-06
1.2261840534e-18
1.77713492199e-08
9.46591701058e-09
1.97884302815e-06
1.29036831009e-14
2.71995528691e-05
2.62449299574e-13
2.12394152361e-08
1.72879390742e-13
2.19784470795e-05
3.45102020084e-07
0.000235944067328
2.52032133254e-12
0.015622923588
2.0175284246e-28
0.015622923588
2.45583029327e-06
1.14205796082e-05
4.43688972404e-12
1.84865486023e-05
1.12560287706e-18
2.17985326859e-06
1.74162820477e-07
0.0109435046282
4.23169530608e-23
1.6890811514e-07
1.42618561724e-17
8.85808202392e-12
1.52133825617e-06
1.43210973754e-05
1.82584401766e-16
0.00141857990917
0.000150757341086
2.2014921973e-06
7.12541843507e-06
2.91725696218e-22
4.62995547651e-12
3.44608339343e-26
1.69513465454e-05
8.89173481787e-16
8.9692004492e-09
5.38293620758e-15
1.49319994675e-08
1.09166482015e-15
0.015622923588
3.06717778372e-05
7.08015752183e-46
0.015622923588
1.7916138813e-07
2.60492542506e-05
7.674677951e-07
1.73642428144e-09
7.22039746727e-08
1.78370684048e-15
2.48665661494e-06
0.0138291805094
3.67172921536e-08
4.22041500609e-12
8.63445369984e-22
5.30613029001e-21
0.000135585585042
1.34152460456e-05
1.62440233599e-06
2.5939690998e-08
4.38785628145e-14
5.13188883617e-06
3.10570746375e-14
4.32372655092e-09
1.9050688883e-21
2.39874922012e-13
5.86700154796e-09
0.000166521615438
1.36654664494e-05
6.8650951441e-15
1.92537319145e-05
1.25855879451e-13
1.66728461347e-14
0.00574314214466
3.62569588055e-19
2.30584139477e-05
1.01000700544e-07
2.87045847365e-18
9.29212859799e-06
2.448772488e-18
0.0138291805094
4.76724385304e-19
2.91635859708e-11
0.0140027685492
1.24053043632e-07
9.4028231036e-27
4.84336091281e-09
1.77975644408e-18
6.67423870055e-10
7.59687226409e-10
1.44719027196e-06
1.13213968804e-12
1.78926637145e-07
5.04799246668e-08
1.02071087618e-18
1.15689531181e-08
4.77688084335e-19
3.11971181914e-10
8.51945285155e-12
1.05443451026e-18
4.08353593058e-17
2.17263654493e-24
8.33542686285e-05
1.10357371996e-23
0.000208854192931
4.40796099047e-26
4.66139518629e-12
1.36551237405e-06
0.00243501488624
1.89802119754e-05
6.81543554666e-28
8.65411731282e-14
4.3778725221e-08
2.02739111188e-37
3.0359093176e-12
8.67365927983e-08
6.50042078746e-16
1.84510566774e-06
3.1509117578e-11
9.49046798725e-05
0.000137455222755
1.74127295323e-10
5.71052021539e-10
2.04922807661e-08
8.97089980953e-22
9.60398888893e-09
2.93934680141e-05
2.61039589885e-06
4.0084211724e-29
4.69293852218e-09
5.7218882906e-25
1.21279160824e-18
1.58077992346e-07
1.15386875194e-07
1.71970747012e-11
2.68721544181e-06
2.08041541754e-06
2.27431721252e-05
2.70614117779e-07
1.51552988799e-05
1.49196862313e-07
2.53516382055e-08
2.48384398452e-14
2.05508400677e-06
1.13215634554e-07
1.49312363065e-18
7.61726995281e-24
0.000142090602854
0.000149522514463
6.36604273184e-13
1.63511276537e-13
8.4045288353e-30
0.015622923588
9.86424080088e-08
0.015622923588
2.52606198282e-11
1.29591578861e-06
9.09708327826e-18
0.0120025534632
1.83095088967e-16
1.39955008471e-08
4.61823476588e-09
1.64869319022e-27
7.5590895969e-23
4.22364369545e-05
0.0109435046282
2.42475076554e-14
2.04539804064e-08
1.11824890905e-06
8.22525457377e-06
3.31270146568e-12
3.00707772285e-08
2.66464476263e-11
1.07159812903e-05
7.12898350113e-05
0.0109435046282
2.21879387976e-13
5.63269834982e-18
6.7309191479e-30
1.47742358967e-20
6.29666772132e-13
1.39695846631e-16
1.73362999877e-12
0.000106747698609
3.51265625526e-06
7.13269335204e-07
3.36232190264e-08
8.03727887573e-19
1.85526584935e-06
4.71194744791e-06
4.46649659741e-08
4.28142748917e-14
3.34730883919e-06
1.06200058324e-18
1.8781065925e-05
4.2551111862e-07
2.91196099157e-08
0.0138291805094
6.9713578075e-13
1.53008141307e-06
1.40757786216e-07
6.9277022717e-09
2.61375388612e-06
1.62547825751e-11
9.16251116343e-30
2.66042393658e-37
0.000235944067328
4.85626699759e-19
1.11193786953e-31
1.31994945568e-17
2.70623922153e-07
1.27798513065e-06
2.58681711424e-08
3.61313382444e-05
1.43046715783e-06
1.16097189094e-09
5.35493005532e-06
1.99819415948e-20
2.60186624273e-05
1.87890003039e-05
4.17094607426e-06
6.19414625164e-06
2.33478501061e-05
1.02265699707e-06
0.015622923588
5.22120498388e-14
5.96227493514e-22
9.09910758772e-14
0.00010994107422
0.015622923588
1.14239128476e-12
1.88248180975e-05
5.30386690623e-20
5.45463518102e-10
2.29097526498e-24
6.19937355836e-06
1.90454475977e-08
4.84253878883e-07
1.56014022097e-06
1.40379504235e-20
1.86682240851e-15
1.77668536062e-13
5.95608608909e-11
2.22674558101e-06
9.97363368055e-27
1.55104495333e-14
0.0015438344102
4.34821766383e-26
5.87091691076e-08
2.93783512791e-13
1.95135601248e-05
2.39413286535e-10
1.39928296928e-07
2.15043775175e-11
4.23263637395e-13
1.18246092145e-21
9.20446326994e-32
0.0109435046282
4.71194744791e-06
2.09470499962e-11
3.42617252473e-05
2.77436895055e-06
1.77970003449e-06
1.11099212341e-23
6.26035778921e-06
5.83171099843e-15
1.35979805383e-05
0.0015438344102
8.37526865256e-08
2.40415437854e-14
7.67136665432e-11
3.54991926757e-07
3.01342242326e-47
1.57290549965e-13
2.20938664251e-18
2.26098907897e-05
0.0109435046282
1.34607016298e-08
1.96904440791e-05
3.31622461278e-15
3.20374957363e-09
5.73825260816e-15
3.93406106666e-11
1.76754816532e-11
4.63982660817e-06
0.000188520817907
4.74820339307e-21
1.80860078894e-20
6.55207889378e-12
3.61756591412e-11
1.05961915312e-14
4.49324579938e-28
3.05398643324e-05
1.13497793628e-16
9.77248870992e-05
4.22184254707e-15
5.06400643642e-19
3.01623922108e-06
0.0015632130848
3.59016725168e-05
6.71932736097e-06
1.8015801991e-22
1.65593805451e-05
1.80204155296e-05
3.80825347538e-17
2.0209116132e-12
3.5430442873e-05
2.06409064342e-05
3.6283906867e-16
6.75198978241e-08
1.92555727707e-07
3.94494555628e-06
2.32021210025e-08
5.68613819606e-19
4.20545732323e-25
9.32918788416e-14
1.23104194742e-08
1.99142615539e-13
1.67788161575e-22
8.52958920682e-27
3.21620490724e-31
1.79617170994e-14
1.70621441777e-20
2.06409064342e-05
0.00131213839111
3.8716678756e-17
1.99139052545e-12
1.77970003449e-06
1.858980724e-05
0.00114609890248
6.88495846025e-31
0.00018434590766
1.73391187216e-30
0.000141583714684
0.0120025534632
1.31886933193e-08
0.0109435046282
5.50418761307e-27
0.000157048316545
1.17798541753e-07
7.53187209476e-31
4.45313347749e-16
6.67367625141e-07
0.0109435046282
1.40902075793e-08
1.61534582909e-13
1.6661975378e-05
1.02928785029e-21
7.62921739926e-07
5.53609145815e-21
2.10465648715e-16
6.08654243118e-17
9.66079828003e-20
1.53115584641e-09
0.00018061587226
1.89465924294e-13
1.0247724676e-10
7.99438993253e-20
3.00266553452e-25
1.59254342033e-06
1.38920229166e-34
2.08911474897e-29
1.43642809709e-18
9.22141575451e-09
3.05398643324e-05
1.91964934587e-15
9.63454896452e-16
2.04229102102e-11
4.38786620633e-27
7.53648102609e-07
2.09075009406e-05
7.61601993705e-32
0.00243501488624
2.76148209011e-07
3.59783582985e-06
0.00141857990917
3.69123099542e-05
4.73968173247e-06
1.9721011929e-05
6.18639380825e-07
1.74927635749e-16