500
1.82441416215e-05
4.07816943739e-10
1.16283975633e-19
1.66331355646e-10
6.53606863398e-05
2.51419025277e-10
3.21760977047e-07
0.000541351304261
4.93478888661e-08
2.57650657532e-06
3.74786026118e-39
3.09237878245e-10
2.91285519989e-21
5.12643645159e-25
1.67035183214e-06
1.01350239812e-27
1.21738838071e-10
7.01558097855e-06
0.000891519062408
6.31634618892e-13
1.0582246302e-06
3.59715915007e-39
8.16282397318e-08
4.59074789079e-07
5.35797159139e-18
5.26732163841e-08
7.4900005965e-24
4.36013320105e-05
2.24885446258e-06
0.000171124415923
0.0118895612708
5.66981532068e-22
8.63375143354e-14
3.69747719965e-12
9.53846423742e-05
0.0194357034796
1.92733091258e-12
2.96901930153e-09
1.47137513669e-11
2.64225134065e-07
6.37266718491e-10
2.83090281789e-13
1.94278656412e-11
8.55622079618e-05
3.01870698395e-07
0.000189434024211
2.63625585759e-12
0.000116700849135
5.18257168685e-27
5.43722935421e-25
0.000916817610286
5.12576321621e-05
3.71741845207e-05
1.05604281924e-08
0.00228184545188
1.24226141407e-28
8.04861434076e-07
3.4246536046e-06
1.82745432434e-05
5.63656182916e-17
2.02246243556e-09
2.95968018122e-08
0.000141487219521
1.76722339879e-11
5.57385313789e-07
1.06984368508e-07
1.57220606297e-10
1.95043265045e-13
6.38473508909e-11
3.94262956897e-11
0.0118018154312
9.55626936313e-21
1.0030763795e-05
0.000371466276002
1.00703560418e-10
0.00020376141099
8.28446577644e-30
5.45361603958e-26
3.54864223169e-12
1.94491429391e-12
6.27766944636e-18
0.000263639021008
3.62284000086e-12
1.64344158821e-05
4.08011485178e-08
8.45220258402e-05
0.0033501405912
1.47535224871e-05
1.36577574558e-06
7.18215401478e-07
9.65336599951e-12
5.01695611983e-06
1.55369070513e-10
1.08268961459e-08
3.85204346212e-07
6.22786041187e-14
4.08563833068e-49
1.28591682874e-11
4.38890963738e-07
2.11697923352e-05
4.02596042093e-15
1.07394359472e-07
0.00020376141099
1.50154106884e-18
4.24540045369e-09
4.10657377458e-18
0.00273821454227
6.18880385537e-18
8.09785272111e-06
6.81608217504e-07
0.000265599162428
1.61303479438e-12
1.41368264463e-17
0.00246635042724
1.95258807214e-05
5.95990979859e-19
2.54116660442e-07
3.89455946311e-08
3.74794328398e-06
1.35704803281e-14
4.74382492277e-05
6.64138190719e-12
2.99726686956e-08
1.117942025e-11
2.00627290611e-05
3.46826405976e-07
0.000891519062408
9.07555959383e-13
0.0194357034796
1.15270086911e-28
0.0194357034796
4.94667787842e-06
2.29629694603e-05
3.44343511693e-12
2.34315216163e-05
1.57211279938e-18
3.45794656958e-06
1.01671688657e-06
0.0118018154312
5.58194105946e-22
4.17773781969e-07
4.75433325211e-16
2.0772202511e-11
6.50072428233e-06
2.77624108783e-05
1.99988202894e-16
0.0033254163064
0.000178801397245
3.41643486419e-06
9.45048782071e-06
8.45324011779e-22
4.67916879982e-12
9.38395434796e-25
5.51111267049e-05
4.82090702062e-13
1.12644790487e-08
1.11174648553e-13
6.89909498534e-08
1.88662280377e-16
0.0194357034796
0.000141487219521
2.61210486704e-48
0.0194357034796
5.7475279439e-07
9.53846423742e-05
5.46549320713e-07
7.18853936326e-09
3.55167982377e-07
6.9327177817e-16
4.43558200906e-06
0.0118895612708
5.39884897325e-08
4.45167168566e-12
6.59719691997e-23
7.81214847977e-20
0.000371466276002
3.82987246009e-05
3.08809219797e-06
2.37242547782e-08
6.63412419178e-14
1.61380908306e-05
1.31208037905e-13
4.25502414823e-09
1.53064783702e-21
1.57745816985e-11
1.74483874564e-08
0.00043417132456
4.21767764712e-05
1.48270337148e-14
2.80566289231e-05
2.75385886388e-12
6.48497312797e-16
0.0043686131387
1.51222984138e-19
5.83504245675e-05
6.03469800862e-08
2.20913714728e-18
2.68963393488e-05
4.18318710835e-18
0.0118895612708
1.13600151397e-19
2.51470101435e-10
0.0106611195159
7.85434949217e-08
5.30583720305e-27
1.11948120671e-08
7.07963272039e-18
5.12795445557e-09
2.11109576216e-09
8.56623852526e-06
1.86566380362e-11
2.98819639125e-07
8.54923323842e-08
4.52812977633e-19
1.82894460532e-08
1.02805802474e-21
7.50824692437e-09
8.92724966928e-12
1.97690236286e-17
1.75438236272e-16
1.54296288984e-22
0.000155239676271
1.52433552839e-22
0.000545376221021
2.93992602452e-28
5.66104524443e-10
4.11542429813e-06
0.00547642908452
8.5049527474e-05
2.80576212833e-26
3.67708536893e-13
2.11070012224e-08
1.39800591597e-36
8.83580845164e-12
1.69974181215e-07
9.18533841051e-15
8.3695815729e-07
5.10555875885e-11
5.1180172664e-05
0.000541351304261
1.73153852013e-09
7.33758086191e-10
5.0187918518e-07
3.33432277526e-21
1.08955157168e-08
8.44131265717e-05
2.28000081045e-06
3.19381473252e-29
2.58844342839e-09
1.08947345971e-25
8.70515780148e-18
9.95857561089e-07
2.06382113371e-07
1.64771365222e-09
2.76017605856e-06
3.20819320478e-06
3.1095596252e-05
6.34698649302e-07
6.26064022073e-05
4.05149670275e-07
8.89381546767e-08
1.3117573306e-13
1.16745178319e-05
2.42063746674e-07
1.3683550886e-17
5.35211057719e-23
0.000244513693189
0.000348933998395
1.93545983686e-13
3.29377934154e-12
5.89534590501e-29
0.0194357034796
3.73030192092e-07
0.0194357034796
4.13067121542e-10
4.45256462499e-06
1.06280576991e-17
0.0126703561116
1.85906316511e-15
6.92179036262e-09
3.87801108372e-09
7.83074739836e-28
2.3749148804e-22
0.000190769284748
0.0118018154312
9.5662647905e-15
1.5896994056e-07
2.88715389803e-06
1.64535168477e-05
3.56617510336e-11
5.63070147591e-08
8.15423738153e-11
4.75547975796e-06
0.000129366396891
0.0118018154312
6.56171864459e-12
5.27369844979e-17
8.55786299575e-30
1.04829153464e-18
4.6508147331e-14
1.3329598466e-15
6.27947310219e-12
0.000176349197216
8.44653330545e-06
6.72439359435e-07
4.01400830638e-08
2.16576922748e-18
1.55850552981e-05
2.90371656465e-05
4.81796088491e-07
7.72015741885e-13
1.17015985953e-05
1.17183090776e-19
2.26829042523e-05
4.29844662449e-07
1.45056612317e-08
0.0118895612708
3.84091860384e-11
2.44480750416e-06
3.87602363071e-07
3.24686705561e-08
4.60237558244e-06
2.2013971237e-11
3.72119627966e-30
2.50076599659e-37
0.000891519062408
6.04449199252e-19
6.36856605343e-32
6.32661512131e-18
3.84926762222e-07
2.57101937253e-06
6.11186796963e-08
9.50122699556e-06
5.99731453605e-06
1.22764774588e-09
1.57299865892e-05
2.01191359274e-19
5.1638729799e-05
0.000107638602411
1.77631419643e-05
3.8168349812e-05
5.23215984129e-05
7.76672292957e-06
0.0194357034796
1.79319618629e-13
3.33781214158e-22
1.16031383828e-10
0.000140931663775
0.0194357034796
3.21921616779e-12
6.04711249498e-05
1.98268564175e-19
1.34433396848e-09
1.38333265224e-22
2.63270301861e-05
1.68835136241e-08
5.95836614978e-07
4.04892636057e-06
2.40233565886e-19
1.18297229622e-14
6.49070177461e-14
2.10721706767e-10
4.8806209884e-06
5.25963987208e-26
4.40547190342e-15
0.00167507029561
2.19206592115e-28
2.36250969831e-08
4.03192916306e-13
2.70380218687e-05
1.10809247021e-10
6.09204061072e-07
2.99798173321e-11
2.78296641952e-13
6.50614990353e-20
8.94133302491e-29
0.0118018154312
2.90371656465e-05
3.42044551961e-11
3.6879468207e-05
8.08626679018e-06
8.7235788227e-06
2.6956025915e-23
1.1206808062e-05
1.8311162902e-14
1.36651121987e-05
0.00167507029561
1.40485486532e-07
6.72930221414e-14
3.27785936502e-10
7.19941566937e-07
9.11350941516e-46
6.45252178065e-13
1.8555424246e-18
5.67698470094e-05
0.0118018154312
1.22318751023e-07
3.4547275507e-05
1.77441326374e-16
4.70380869644e-08
2.12466722996e-14
2.37539899646e-10
6.44351995164e-12
1.65689192074e-05
0.000772824957718
1.59443606233e-21
7.98940477347e-20
4.93336048053e-12
3.54598462042e-10
3.03145590114e-13
2.08418595388e-27
9.31027131305e-05
4.2817972593e-17
6.94251647054e-05
9.69178879017e-16
1.35266860516e-22
7.78973020086e-06
0.00150200030197
4.2549121285e-05
7.40932271566e-06
2.23214725777e-23
2.82625818534e-05
4.21969417823e-05
1.41497072904e-17
1.68176844661e-12
0.00014513069988
8.81267680986e-05
3.49116133765e-14
1.47279843871e-07
1.46268487837e-07
2.11697923352e-05
6.11240779614e-08
1.3124966808e-19
3.08739854797e-23
3.25794576409e-14
5.45792456357e-08
1.12053908695e-12
3.89280658875e-22
2.00852486247e-27
5.43280632957e-32
1.01876112424e-14
2.56376993394e-19
8.81267680986e-05
0.00138869011494
1.26840238326e-15
6.97794613039e-12
8.7235788227e-06
6.57925839458e-05
0.00166270815321
5.74532624312e-30
0.000191269091679
5.48496798444e-31
8.12733623843e-05
0.0126703561116
3.71396673125e-08
0.0118018154312
3.92852239724e-25
0.000661209971285
1.05449536934e-07
1.21864020682e-31
5.86271336346e-17
1.10218945386e-06
0.0118018154312
1.49461334576e-08
1.86218399804e-13
3.60893857762e-05
1.57005636869e-21
2.44043177782e-06
2.17339647591e-20
8.82787290562e-16
3.00280512301e-18
1.68903571779e-19
8.61849741528e-10
0.00017093562053
1.91245452859e-12
6.13869472126e-10
7.36958967838e-19
3.61137470321e-24
1.71893992259e-05
6.49522492541e-35
1.22546536383e-28
8.85172078779e-21
7.98860830741e-08
9.31027131305e-05
7.2651449905e-16
2.95869150579e-16
2.53983495484e-10
2.68409923856e-26
1.69730893252e-06
1.9456125189e-05
8.66641457995e-35
0.00547642908452
2.11810715966e-07
3.65490864868e-05
0.0033254163064
4.93535372398e-05
7.83468577201e-06
4.8625353806e-05
1.74594491429e-06
2.89834212409e-17