500
0.0
0.0
0.0
0.0
0.0
0.0
0.0467028650395
0.0
0.0
0.0
0.0
0.0
0.0
0.0
0.000367643614088
0.0
0.0
0.0126721211827
0.0
0.0126721211827
0.0126721211827
0.0
0.00033289133581
0.0
0.0
0.0183471689721
0.000203219369298
0.0
0.0
0.0
0.0
0.0467028650395
0.00033289133581
0.0
0.000373317964071
0.000609377574829
0.0
0.0
0.0
0.0
0.0467028650395
0.0
0.0
0.046237621348
0.0
0.0
0.0
0.000749125203982
0.000940429415061
0.0
0.0
0.0183471689721
0.00153470853064
0.00138869665513
0.0
0.0
1.84407558209e-05
0.0
0.0
0.0
0.0
0.0
0.0
0.0126721211827
0.0
0.0
0.0
0.0
0.0
0.000864880604211
0.00536926453815
0.0071937568846
3.57050498961e-05
0.0
0.0
0.00166889582665
0.0
0.0
0.0
0.0046639125384
0.0
0.0
0.0126721211827
0.0
0.0467028650395
0.0
0.0467028650395
0.0
0.0
0.00166889582665
0.00114658292774
0.000836044243826
0.0
0.00536926453815
6.73340621605e-06
0.0183471689721
0.0126721211827
0.0
0.000405661933381
0.0183471689721
0.0011681455794
0.0
0.0183471689721
0.0
0.0
0.0467028650395
0.0
0.0025231294422
0.0
0.00154741891717
0.0
0.0
0.000349859293968
0.0
0.0
0.000373317964071
0.0
3.8866623354e-07
0.0
0.0
0.0
0.0046639125384
0.0
0.0
0.0126721211827
0.0
0.0
0.0
0.0
0.0467028650395
0.00113326263532
0.0
0.0
0.0
0.00176239735176
0.0
0.0
0.0
0.000101626345397
0.0
0.0183471689721
0.00054413088991
0.0
0.000609377574829
0.0
3.63006235832e-07
0.00185176711527
0.00113326263532
0.0
0.0
0.00153470853064
0.0
7.05136171413e-05
0.00038497949892
0.0
0.0126166105636
0.0
0.0
0.00410822060354
0.000165589227305
0.0
0.0
0.0126721211827
0.00166889582665
0.0
0.00017072397376
0.0
4.15818385869e-05
0.0
0.0
0.000333818221745
0.0
0.0
0.0
0.0
0.0
0.0
0.000997958879914
0.0
0.00070973991904
0.0
0.0
0.00415612891478
0.00244424166656
0.0
0.000203219369298
0.00114658292774
0.0
0.0
0.0
0.0
0.0
0.0
0.0
0.0
0.0
0.00267876073888
0.00247456761812
0.00746125921029
0.0100598423515
7.17991387731e-06
0.0
1.67049760384e-05
0.0
0.0126721211827
0.0126721211827
0.00646507529997
5.46158667693e-05
0.0
0.0
0.0
0.0
0.0
0.0467028650395
0.0
0.0
0.0
0.0
0.00100673367372
0.00146592631742
0.000164896663258
0.0
2.87378445137e-05
0.00070973991904
7.40451360189e-06
0.0
0.0
0.0126166105636
0.0
0.0
0.000514721260983
0.0183471689721
0.00192157546369
0.0
0.0467028650395
0.00166889582665
0.00886751033056
0.0
0.0
0.0
0.0
2.4516255658e-05
0.000609377574829
0.0
0.0
0.0
0.0
0.0
0.000405661933381
0.0
0.0
0.0
0.0
0.0025231294422
0.00139087455949
0.0
0.0
0.0
0.000806560668067
0.0
0.0
0.0
0.0
9.83596413527e-05
0.0
0.0
0.0
0.0
0.0183471689721
4.70972298524e-05
0.0467028650395
0.00247456761812
0.0
0.0
2.25102209756e-05
0.0
0.0
0.0
0.00247456761812
0.0
0.000385692236271
0.0
0.0
0.0
0.00166889582665
0.0
0.0
0.0
6.75602302531e-05
0.0
0.0126721211827
0.0
0.0
0.0
0.0025231294422
0.000133898166976
0.0467028650395
0.0
0.0
0.0
0.0
0.0
0.0
0.0
0.0
0.0
0.0
0.0
0.0126721211827
0.00153470853064
0.0126721211827
0.0
0.0467028650395
1.25596601507e-05
0.0
0.0
0.0
0.000336753778859
0.0467028650395
0.0
0.0467028650395
0.0
0.0072573178818
0.0
0.00410822060354
0.0
0.0
0.00023807965087
0.0
0.000303822122813
0.000611843244483
0.0
0.0183471689721
0.00166889582665
0.0183471689721
0.0126721211827
0.0126721211827
3.60190787893e-05
0.0
0.0
0.0126721211827
0.0
0.0100598423515
0.0
0.0
0.0
0.0
0.0
0.0025231294422
0.00047045174549
0.0467028650395
0.0126721211827
0.0023387841539
0.00246796135137
0.0
0.0
0.000940429415061
0.0
0.0
0.0
0.00246796135137
0.0
0.00244424166656
0.0126721211827
0.0
0.0
0.0
0.0046639125384
0.00267876073888
0.000206730744043
0.0046639125384
0.0
0.0
0.0467028650395
0.0
0.0
0.0
0.0
0.0126721211827
0.0
0.0
0.0
0.0
0.0
0.0
0.0
0.0
0.0025231294422
0.0
0.0
0.0126721211827
0.0126721211827
0.0
0.0
0.0183471689721
0.0126721211827
0.0
0.00192157546369
0.0
0.0
2.00007607879e-05
0.0126721211827
0.0
0.00252638408304
0.000197268767445
0.0025231294422
0.0
0.0467028650395
0.000380061111551
0.0467028650395
0.0
0.0126166105636
0.0
0.0
0.0126721211827
0.0
0.0
0.000352025884043
0.0126721211827
0.0126721211827
0.0
0.0126721211827
0.0126721211827
0.0
0.0
0.00061544930092
0.0
0.0
0.0
0.0
0.000421704577208
0.0
0.0
0.0
0.0
0.00114658292774
0.000229220261163
0.00100673367372
0.00166889582665
0.00192157546369
0.00192157546369
0.0
0.0
0.0
0.0183471689721
0.0
0.0
0.000267567105947
0.0
0.0
0.00166889582665
0.00192157546369
0.0
0.0
0.046237621348
0.0
0.0
0.0
0.0
0.0
0.0183471689721
0.0
0.0
0.0
0.0
0.0
0.000709345186247
0.00153470853064
0.00886751033056
0.00114658292774
0.0
0.0
0.0
0.0093250072385
0.000162535426423
0.0183471689721
0.00139087455949
0.0
0.0
0.0
0.0
0.0
0.0072573178818
0.0183471689721
0.0
0.0
0.0
0.0
0.0
0.0
0.00410822060354
0.0
0.0
0.00154741891717
0.00192157546369
0.000498747013744
0.0183471689721
0.0
0.0
0.000609377574829