500
0.00249489400541
0.0120959158974
0.00128339909963
0.0448366680638
0.0422149652707
0.0448366680638
0.000297056013181
0.0448366680638
0.0120959158974
0.0448366680638
0.0448366680638
0.00139438887492
0.029240031776
0.0274408224386
0.0422149652707
0.0422149652707
0.029240031776
0.0274408224386
0.0422149652707
0.0191069184825
0.0274408224386
0.00100338821757
0.0191069184825
0.0274408224386
0.029240031776
0.00181033853809
0.0274408224386
0.0448366680638
0.0422149652707
0.0274408224386
0.0191069184825
0.0448366680638
0.0422149652707
0.0422149652707
0.0274408224386
0.0191069184825
0.0422149652707
0.0448366680638
0.00810974088306
0.000377034702132
0.0040023399197
0.0191069184825
0.0448366680638
0.0274408224386
0.000444675833804
7.10536888301e-06
0.0422149652707
0.00128853894747
0.0191069184825
0.0422149652707
0.000737442023933
0.0448366680638
0.0120959158974
0.0448366680638
0.0044004339649
1.22776969757e-08
0.0448366680638
6.15874901933e-07
0.0422149652707
0.0044004339649
0.0448366680638
0.0448366680638
0.0274408224386
0.0422149652707
0.0112376645761
0.000159092085786
0.0422149652707
7.14474946141e-06
0.0274408224386
0.0422149652707
0.0422149652707
0.029240031776
0.0120959158974
0.0422149652707
0.00128339909963
0.00810974088306
0.0448366680638
0.0191069184825
0.0274408224386
0.0422149652707
0.0448366680638
0.000309941940219
9.00274772732e-05
0.00100338821757
4.05972246968e-05
0.0422149652707
0.0040023399197
3.34061281403e-07
0.00128853894747
0.00421098350634
0.029240031776
0.0191069184825
0.000135397818706
0.00110575047132
0.0448366680638
0.029240031776
0.000224551590646
0.029240031776
0.0448366680638
0.0422149652707
0.00262549201315
0.0274408224386
0.0422149652707
0.0274408224386
0.00161340518585
0.000345356388875
0.00121428478032
0.029240031776
0.0274408224386
0.0120959158974
0.029240031776
1.56782579264e-06
0.0448366680638
0.00507593267313
0.0448366680638
0.00118607891214
0.0274408224386
0.0422149652707
4.18166328768e-09
0.0448366680638
0.0120959158974
0.0422149652707
9.41216206155e-06
0.0274408224386
0.00161340518585
0.00032208331073
1.39949219893e-05
0.0120959158974
0.0448366680638
0.0112376645761
0.0177763165492
0.00425898510973
0.0112376645761
0.00171012615762
0.00389528442999
0.000472828083198
0.0448366680638
0.0177763165492
0.0177763165492
0.0274408224386
0.00290728342262
0.029240031776
1.63684187467e-05
4.39342592919e-05
0.0177763165492
0.0448366680638
0.00161340518585
0.0448366680638
0.0448366680638
0.0120959158974
0.0177763165492
0.000561405542761
0.0422149652707
0.0191069184825
0.0422149652707
9.38936635831e-05
0.00249489400541
0.00253950198892
0.000511830751941
0.0422149652707
0.0120959158974
0.0112376645761
0.00195380962848
0.0191069184825
0.000201846744172
0.000160812010625
0.0177763165492
0.0120959158974
0.00158075718027
0.0448366680638
0.0422149652707
0.00265554569986
0.000139462898341
0.0422149652707
0.00190662122176
0.0448366680638
0.0448366680638
0.029240031776
0.00110047746549
0.0448366680638
0.0191069184825
0.0448366680638
1.38409710696e-05
0.0448366680638
3.05089203082e-05
0.0448366680638
0.0274408224386
0.0422149652707
0.000293730963425
0.0422149652707
0.00182639660978
0.029240031776
0.00274412313445
0.0422149652707
0.0422149652707
0.00206275036176
0.0448366680638
0.000511578202117
0.0422149652707
0.0120959158974
0.00128376526206
0.0448366680638
0.0448366680638
0.0112376645761
0.029240031776
0.0112376645761
1.69199750632e-05
0.0448366680638
1.33399477176e-06
0.0448366680638
0.0120959158974
0.0177763165492
0.029240031776
0.00253950198892
0.000481361495051
0.0274408224386
0.00810974088306
0.00114811886982
0.0448366680638
0.00249489400541
0.00751257858223
0.0274408224386
3.44909952228e-05
0.000126052819796
0.029240031776
0.00469935299511
0.000373081673761
0.00182639660978
9.68741050961e-05
0.00245573107583
0.0448366680638
0.0448366680638
0.00206275036176
0.0177763165492
0.029240031776
0.0274408224386
0.00262549201315
0.00253950198892
0.0422149652707
0.00182639660978
0.029240031776
0.000743916825115
0.0422149652707
0.029240031776
0.0274408224386
0.000178459532059
3.56901438306e-05
0.0191069184825
0.00118607891214
0.0177763165492
0.0422149652707
0.029240031776
0.0448366680638
0.0112376645761
0.0191069184825
0.00128339909963
0.0274408224386
0.0274408224386
0.0448366680638
0.0274408224386
0.029240031776
0.00118626597694
0.00265554569986
0.0422149652707
0.00425898510973
0.0191069184825
0.0112376645761
0.0422149652707
0.00421098350634
0.00195380962848
0.0448366680638
0.0448366680638
0.0422149652707
0.0448366680638
0.00190662122176
0.00751257858223
0.0448366680638
0.00128376526206
0.00393975634712
0.0274408224386
0.0422149652707
0.00317190509895
0.0448366680638
0.0422149652707
0.0422149652707
0.029240031776
0.0274408224386
0.000363681615701
0.0274408224386
0.00197562678651
0.029240031776
0.00161340518585
0.0448366680638
0.0177763165492
0.0448366680638
0.0112376645761
0.0274408224386
0.000444675833804
0.0177763165492
0.0120959158974
0.000173360367661
0.029240031776
0.0177763165492
0.0422149652707
0.00274412313445
0.00425898510973
0.000917303190395
0.0274408224386
0.0448366680638
0.00389528442999
0.0191069184825
0.00020255555442
0.0120959158974
0.029240031776
0.0448366680638
0.00139438887492
0.0422149652707
0.000866996304391
0.0044004339649
7.57474731393e-05
0.000559016318729
0.0448366680638
0.0422149652707
9.00274772732e-05
0.0274408224386
0.0448366680638
0.0120959158974
0.029240031776
0.0422149652707
0.0448366680638
0.0177763165492
0.0422149652707
0.0448366680638
0.0112376645761
0.00507593267313
0.0448366680638
0.0448366680638
0.00197562678651
0.0422149652707
0.00469935299511
0.0191069184825
0.0448366680638
0.0422149652707
0.00121548979868
0.0448366680638
0.0422149652707
0.0177763165492
0.0177763165492
0.00161340518585
0.0274408224386
0.0448366680638
0.000917303190395
0.00421098350634
0.0274408224386
0.029240031776
0.0422149652707
0.0448366680638
0.0044004339649
0.0448366680638
0.029240031776
0.00206275036176
0.0448366680638
0.0274408224386
0.0422149652707
0.0448366680638
0.0191069184825
0.0274408224386
0.0448366680638
0.0448366680638
0.0422149652707
0.00389528442999
0.0177763165492
0.00751257858223
0.0448366680638
0.0448366680638
0.0448366680638
0.0274408224386
0.0120959158974
0.0422149652707
0.00015436915586
0.0448366680638
0.0274408224386
0.00128853894747
0.00393975634712
0.0422149652707
0.000184506313617
0.0448366680638
0.0274408224386
0.0274408224386
0.029240031776
0.00195380962848
0.0422149652707
9.64393307537e-06
0.0448366680638
0.0422149652707
0.0448366680638
0.0120959158974
0.0112376645761
0.0422149652707
0.0112376645761
0.00121548979868
0.00262549201315
7.73104244517e-05
0.0448366680638
0.029240031776
0.029240031776
0.0448366680638
0.029240031776
8.85697788299e-05
0.0422149652707
0.00253950198892
0.029240031776
0.0274408224386
0.000173822034035
0.0422149652707
0.0422149652707
0.0422149652707
0.0448366680638
0.00161340518585
0.0177763165492
0.0274408224386
0.0274408224386
9.45497685152e-05
0.000185157914274
0.0120959158974
1.35070927222e-05
0.029240031776
0.0274408224386
0.0448366680638
0.0422149652707
0.0448366680638
0.00195380962848
0.0448366680638
4.27566646056e-09
0.00810974088306
0.0448366680638
0.00249489400541
0.0448366680638
0.0422149652707
0.0422149652707
0.0448366680638
0.0448366680638
0.0274408224386
0.0177763165492
0.0448366680638
0.0112376645761
0.0177763165492
0.000403571051915
0.029240031776
8.37314976509e-05
0.0120959158974
0.0191069184825
0.000598215157227
0.0191069184825
0.0448366680638
0.000863666369457
0.0274408224386
0.0422149652707
0.0274408224386
3.17606573812e-05
0.0422149652707
0.0448366680638
0.00274677928006
0.029240031776
0.0422149652707
0.0448366680638
0.029240031776
0.00195380962848
0.000183883689135
0.00253950198892
0.00389528442999
0.0191069184825
0.0120959158974
0.0274408224386
0.0448366680638
0.0191069184825
0.0274408224386
0.00184570966879
0.0274408224386
0.00197562678651
0.0448366680638
0.0422149652707
0.0112376645761
0.00293299796723
0.0422149652707
0.0422149652707
0.000302162053701
0.0177763165492
0.00810974088306
0.0448366680638
0.00206275036176
0.00290728342262
0.029240031776
0.0422149652707
0.0422149652707
0.000406085137858
0.0177763165492
0.0448366680638
0.0448366680638
0.0177763165492