500
0.0162866212057
1.12381585313e-12
1.0253176384e-07
1.51638081146e-09
7.20618749226e-06
2.09543678161e-07
1.6866183475e-09
6.58389330965e-07
1.31015151582e-11
0.000103930842328
1.8391934888e-17
6.62681562155e-09
6.07878719127e-05
1.12687453664e-15
2.43086737243e-06
8.79198679535e-09
0.00252100466815
0.0
4.23657844243e-05
1.24598966287e-08
1.0253176384e-07
0.00108556226781
0.000710712623823
0.000142645575174
2.7538202245e-07
3.9007475181e-08
1.357120331e-07
0.000710712623823
0.0162866212057
5.13589893857e-06
0.011959548413
0.0100364049496
0.00275718483822
0.00234431689539
0.0100364049496
4.38207590465e-08
4.25285082052e-26
5.38270797627e-07
3.19366012316e-13
7.6692375288e-07
0.000638822874728
2.64144658792e-24
1.55754825521e-42
1.48563917894e-12
0.0021366109936
5.04249878933e-05
1.09639785738e-24
7.52113272776e-07
0.0
0.00275718483822
2.9652117092e-25
1.68871682106e-07
1.20070383439e-05
3.03145359097e-17
8.44658806154e-05
3.85789537476e-06
1.88091243265e-31
7.91622847501e-15
6.96810489145e-09
2.53715799834e-15
1.43997630053e-13
1.48341440623e-09
2.01143942816e-07
2.98435696993e-09
2.28574205673e-06
1.89496245004e-12
4.15241605368e-16
5.27956842888e-15
7.70355836964e-05
0.00115198002834
2.00978035625e-20
4.24015598919e-07
2.26653785887e-11
0.000127001851752
0.00222095708668
0.00108556226781
3.65014901679e-15
1.06443265576e-05
5.9413584134e-08
1.68732676556e-10
2.00229421996e-15
1.04871764193e-08
3.2722465349e-05
6.43576691516e-24
2.95474520918e-07
3.19532825418e-10
8.23925022857e-38
1.32786931385e-09
2.32335284311e-05
2.57773584823e-07
2.24227362651e-05
5.59545003055e-08
2.71027702854e-09
1.93127322132e-05
1.30651421926e-06
6.13608081607e-05
0.00027014212869
7.58616593934e-05
4.97360200874e-07
0.00159021359567
4.45771758239e-15
2.58245272019e-09
4.38500667686e-07
0.00108556226781
1.63505405718e-06
1.42601375232e-18
1.23318074327e-14
4.78310335627e-07
0.0100364049496
3.59089048543e-33
3.29053764724e-21
0.00186815023165
1.06225681054e-07
1.06716187384e-08
0.00108556226781
2.82227812736e-20
2.12981404455e-14
2.70372686791e-05
0.000734922375647
9.59217347266e-08
2.39422899201e-10
0.00027014212869
4.30725526543e-07
9.16568948424e-18
1.57501792055e-15
1.88263308833e-10
6.07878719127e-05
6.01125059019e-08
6.78525833227e-07
3.19489161464e-14
0.0
6.22757794694e-05
1.55989101399e-10
3.30612955045e-06
2.58996208555e-12
2.35543960088e-08
0.000310200485659
1.40344317227e-09
1.21064706051e-10
2.17539605419e-11
0.00222590068266
1.52380955594e-06
3.28841596141e-10
1.89820737259e-30
0.0100364049496
4.66229482766e-10
2.16443325772e-35
7.77111529039e-11
0.00222590068266
1.19739502737e-16
5.02519187982e-07
2.59404129205e-11
0.00108556226781
8.12488783237e-31
1.77456131241e-05
0.00252100466815
1.46001676604e-14
7.14417295399e-10
0.0
0.0
1.23816782494e-10
0.00108556226781
2.94042731503e-05
0.0010644146842
4.33978229031e-18
8.51381210601e-08
1.03109813656e-09
0.00228494742302
8.24388429262e-12
0.0100364049496
0.000237848732737
0.00121586272574
8.06603962753e-10
0.000310200485659
8.47962035856e-05
3.76952819286e-05
9.5998592882e-11
9.06207634606e-06
3.83101921368e-07
8.99126000179e-19
0.00124892621614
0.000163571749912
0.000194468396787
1.39484636685e-09
3.88549847974e-11
2.70372686791e-05
5.22311752735e-14
5.6193743514e-05
6.41519994076e-06
3.42479387899e-07
0.00027014212869
1.97888596275e-05
2.10211697955e-08
8.14682811648e-06
2.91351385143e-08
1.00592567326e-12
3.00420220032e-16
6.38549430545e-15
0.0137168311453
4.08674021767e-08
4.45474160095e-07
1.9055232304e-08
3.95152442181e-06
4.63334853729e-10
3.03699572488e-07
2.67525709688e-06
1.9659039094e-05
9.96223208718e-08
2.69206275399e-10
1.84861136411e-05
2.65919819138e-05
1.66435063113e-08
2.57589796953e-10
0.000230534566034
1.54652991899e-22
1.07738544869e-05
1.95019010315e-05
0.00116852025272
1.40186700992e-24
3.23828302155e-06
1.4220964616e-08
1.86070430714e-06
1.30509840155e-20
0.000114833966481
0.00169907700363
1.50756225721e-08
2.35819154816e-09
0.00222590068266
1.25909140069e-06
0.00159021359567
5.25920752314e-23
2.70859832208e-21
6.61422569644e-06
0.011959548413
7.62786506437e-06
0.00108556226781
0.00159021359567
0.00252100466815
0.000310200485659
9.00175361074e-06
1.88840523407e-06
0.00100886593819
7.27164019467e-12
0.0137168311453
1.16217349579e-19
2.90570974286e-11
2.72990473412e-10
0.000310200485659
0.00108556226781
0.000163571749912
9.65020773225e-14
1.36199093335e-12
6.7680881528e-07
0.0100364049496
0.000218150101528
0.000504177132167
0.0
2.80791228026e-06
9.69120311714e-13
0.000251309308027
9.12054218123e-19
1.74157756051e-08
4.11173705982e-20
4.58474312021e-05
5.9620017047e-05
1.13641955748e-08
5.954398408e-10
2.67693743632e-05
2.22953461272e-14
7.40594125212e-06
1.46305681781e-09
4.21635717162e-13
3.63044998124e-10
0.000310200485659
0.0162866212057
1.09930462754e-08
4.67328859981e-15
9.46066932175e-11
1.77423489163e-06
2.83609536666e-14
2.50624791406e-16
6.6202672705e-06
8.44658806154e-05
2.400003189e-09
1.40147171904e-12
3.99870386019e-08
2.23645592325e-07
2.1924859892e-05
1.48780898133e-07
3.45199564614e-24
4.97730855565e-05
6.06788960191e-13
0.00108556226781
4.99698597356e-11
0.00252100466815
5.80666930788e-08
8.72253223993e-09
1.44713432004e-07
2.04689525347e-08
0.0010644146842
4.27405130799e-07
1.704149097e-20
8.52549853446e-11
8.80665773052e-15
2.69354670696e-10
0.00108556226781
3.72997544703e-06
2.66312684344e-14
1.58918268686e-13
3.72574093622e-14
0.0162866212057
1.13273677922e-14
4.72441447423e-27
2.95711702755e-11
0.000310200485659
0.00222095708668
0.0
2.2171767694e-22
0.00252100466815
0.00108556226781
9.07333625085e-06
6.00039423449e-08
4.13750282996e-22
2.67676611612e-07
0.000108616132434
1.93895724192e-09
1.48150983917e-10
6.07479789099e-14
0.0137168311453
3.0137846666e-13
6.35162544859e-14
2.46045321162e-14
0.0010644146842
0.00222095708668
1.28233766728e-07
7.44117288404e-07
9.35159196995e-07
0.000154938341056
1.28976466018e-05
1.33842050692e-12
1.69870843335e-06
0.00115198002834
2.25045396164e-05
2.93459706924e-24
8.31788099255e-12
2.33180093209e-18
2.497752373e-07
2.93562245201e-07
5.88323539032e-17
2.82802164216e-06
1.3629579813e-18
7.47171030319e-09
1.35448067479e-07
5.70754366803e-20
5.99768933102e-18
2.93914977237e-05
0.000329539458753
3.03022416674e-07
3.38224031719e-06
1.92941243311e-09
1.26252756868e-08
0.00108556226781
2.22243633462e-13
7.93259347471e-06
0.00108556226781
3.6101025306e-09
2.1197018115e-09
1.79568987893e-06
8.29650461306e-15
6.05938349708e-14
3.2079995576e-22
5.12284262603e-05
3.35890421934e-15
2.65919819138e-05
3.12517461551e-25
0.0100364049496
8.95273478893e-09
0.000638822874728
0.0021366109936
0.00222590068266
1.16741590701e-07
1.38179811524e-05
0.00222095708668
0.00252100466815
7.79598485269e-18
3.11063998863e-13
0.000119683211873
0.00169271356786
0.0100364049496
9.23636466345e-05
1.6061954263e-18
2.08279525909e-08
2.24689134535e-07
1.59418322067e-11
5.53074602124e-12
2.78232977213e-18
9.43416412001e-06
5.4834834239e-21
0.00159021359567
1.03396925229e-06
4.46617451181e-07
2.54839498456e-07
1.1411797706e-17
0.00108556226781
5.73812940884e-09
6.66414299239e-12
2.26730698943e-17
8.66268055665e-13
4.13083795522e-07
0.0
9.00864436531e-27
0.0
0.000193886352813
0.00186815023165
0.00275718483822
1.2440400137e-07
0.000310200485659
1.87310085273e-10
5.3005761409e-05
0.00100886593819
0.00116852025272
0.0
5.52216909975e-10
0.0162866212057
2.21067580945e-14
2.5002252208e-07
9.11862537479e-06
2.26141149266e-14
1.2668601081e-06
1.57227322471e-08
4.27506418543e-16
1.56963336335e-05
0.0137168311453
1.45510127134e-13
5.13959578745e-18
4.57645770565e-09
0.00131998590549
2.05556880762e-13
2.14083171746e-15
1.20070383439e-05
7.03431599531e-12
0.00228494742302
0.000218150101528
2.55605477154e-06
1.42379081622e-07
2.95960029459e-08
3.54908728288e-07
0.0137168311453
0.011959548413
0.00108556226781
7.92718711178e-08
2.87825096162e-07
2.91574750999e-10
2.69053280809e-09
6.31315900363e-09
1.6815176996e-07
0.0162866212057
0.0137168311453
1.14047594696e-12
0.00108556226781
0.0100364049496
9.48283801481e-09
4.57122755386e-28
1.21535432961e-17
1.52380955594e-06
6.08039154482e-12
0.000296327182136
6.29876253838e-05
2.14021110752e-18
1.39244707046e-09
7.70355836964e-05
1.41907511723e-13
5.12950252821e-08
0.000310200485659
0.00100886593819
3.90977116038e-22
4.5156336625e-11
6.6723325126e-06
3.85287113048e-24
1.68609135046e-13
0.0021366109936
0.00159021359567
0.0100364049496
0.000310200485659
0.000310200485659
8.19619482955e-15
0.000108616132434
1.56728000983e-05
3.32609779965e-09
0.0100364049496
3.3712923286e-06
2.1924859892e-05
9.32254186285e-16
0.00222590068266
3.51424899758e-06
0.0137168311453
7.07554690616e-12
6.29248203116e-11
3.42690690525e-12
5.14772207072e-50