500
7.6925939631e-06
0.0
1.01470021751e-05
2.23580623042e-06
9.34355923999e-15
0.0
4.64059584865e-05
1.78555908863e-12
4.06108627004e-07
1.91251382046e-10
8.11308204044e-08
5.42698300785e-30
0.000236001588156
1.02102503553e-05
1.58946201173e-12
2.43465638693e-10
4.23320964068e-12
0.0
4.46329749102e-06
4.17667469998e-05
0.0
4.13185161373e-06
0.000267662272874
0.0
9.78905408482e-05
0.0
0.000837169930079
1.62330236608e-10
1.96429184634e-18
2.70482613276e-05
0.0
1.67575325834e-07
1.49057263893e-08
8.46634763532e-05
0.0
0.0
0.000202328445378
3.28050495954e-06
0.0
1.32005861418e-17
4.60438910863e-13
4.60508601879e-11
1.44533428463e-12
1.15689918295e-07
3.03904572955e-06
3.76249912652e-10
8.29639611023e-07
1.53770221449e-17
9.24069799563e-07
2.03399604689e-06
0.0
8.01354068366e-11
4.14667248368e-08
0.000655001748233
1.73148455262e-06
8.73079332687e-07
6.02770380266e-06
4.8635105267e-23
4.32577577243e-30
0.000170986380671
1.37393579876e-15
2.79640753846e-09
0.0
4.01788380065e-05
0.0
0.000216505975213
2.83308433988e-11
0.0
1.43701983825e-36
0.0
2.9224820998e-07
0.0
3.60771717275e-11
0.0
1.76323035929e-06
3.05393400004e-10
1.95124329182e-20
1.35904484085e-19
3.87513971487e-06
2.19499817138e-12
0.0
5.00500432993e-12
3.28036146521e-29
7.32949368186e-07
0.0
4.80031635286e-14
1.45670477279e-10
0.0
7.04636575527e-12
1.7887758908e-08
5.77720449466e-10
0.000168620458959
1.26970154454e-05
0.0
0.0
2.81661119756e-14
0.0
2.05762337815e-07
1.34166901507e-07
2.13591864221e-06
1.29538957139e-05
0.0
2.43413259071e-10
6.86026491977e-06
0.0
1.061968334e-15
0.0
2.60902543591e-12
3.46262557409e-13
6.72973278725e-05
3.6580663718e-10
0.0
1.1046600564e-29
5.16463351745e-06
3.71973166124e-27
0.0
0.0
0.0
0.000242188926371
9.60157779266e-11
1.01651111168e-09
1.95782750758e-13
0.0
3.33455052398e-22
0.0
0.0
0.000858284577488
7.848268528e-24
4.89389757971e-06
0.0
1.49761459723e-05
4.8702955842e-07
0.0
0.0
1.3360062081e-09
1.46501922927e-08
1.18899590639e-33
3.89717588568e-08
5.28150768255e-05
0.0
4.17443482982e-23
2.420797144e-25
5.21645721124e-09
9.67828543443e-08
0.000266633421911
9.13880780325e-42
2.23147413154e-07
9.25641720564e-13
6.80365770867e-18
0.0
0.0
2.84053135996e-05
6.74221029738e-05
4.2441177741e-23
2.61726784462e-09
3.57552039676e-05
0.0
1.44584280013e-07
7.43217969577e-17
0.0
4.18371784335e-07
0.0
4.84859310157e-07
3.45397974721e-16
0.0
3.28808409332e-12
0.0
0.0
5.05048642471e-10
8.8873687132e-18
6.32950755868e-22
3.53753792558e-27
0.0
0.0
2.25285373995e-13
2.27661097436e-06
0.0
0.0
1.28077270629e-11
0.0
0.0
0.0
2.62090146934e-31
0.0
0.0
0.0
0.0
0.000192382965706
6.70297373981e-06
0.0
9.82048780195e-05
4.20758837228e-08
1.3695485205e-15
0.0
3.64073328137e-05
0.000285081453017
1.29631130696e-10
1.62872361353e-08
0.0
0.0
0.0
0.000406124803246
0.0
6.53651661379e-07
9.76116234537e-05
0.0
0.0
0.0
0.00026181426186
1.06685011516e-10
6.45081470454e-10
0.0
2.61456680007e-09
0.0
3.43259020829e-06
0.0
0.000200480517451
0.0
0.0
2.22767735793e-20
0.000301519687836
2.03602423323e-23
0.0
0.00103731358661
0.0
0.0
0.0
1.06533597153e-36
1.06485927995e-06
1.86147991846e-18
0.0
1.98088918744e-07
0.0
8.5629545684e-06
5.21435096152e-05
0.0
3.81615782752e-06
0.0
3.23240225874e-05
0.0
8.90796551382e-27
2.75825639403e-21
0.0
0.0
0.0
1.33198203184e-16
2.41375224971e-06
7.25220108753e-08
7.31523331403e-14
0.000952159453151
0.0
1.10642167789e-33
8.82793140119e-05
0.0
1.43883476206e-19
3.45915573302e-11
1.58358557687e-07
3.65873242675e-13
2.70665887579e-11
7.06273704491e-06
3.56369617922e-05
0.000591326541007
0.0
1.116347577e-06
0.0
2.5732898981e-14
0.0
3.63892525752e-05
1.63743914383e-06
0.000106779808143
4.95048024374e-20
3.90306309619e-06
0.0
0.0
1.45645883974e-08
2.93211146916e-09
5.77220067516e-05
0.0
2.08865551009e-06
6.64979525217e-11
5.79672901707e-14
1.6642685544e-11
0.0
0.0
7.75033000423e-05
0.0
6.80017628279e-05
2.46268777536e-20
0.0
8.78532621096e-06
6.57086348032e-30
8.28276881667e-07
0.0
0.00015062169053
1.17572711512e-11
0.0
0.0
0.0
1.55047911749e-22
1.24399521159e-10
0.0
1.84946869869e-15
1.09300050398e-08
0.0
2.05392551307e-07
4.8374531383e-09
2.51512527207e-06
2.32318060956e-11
0.0
0.0
6.8346684122e-08
2.35419475374e-16
9.85172641415e-07
1.83061940722e-09
1.38037093331e-05
2.7441582917e-17
8.09076756466e-05
1.07917612687e-05
4.75895983794e-09
7.26889244985e-06
3.8152135181e-09
1.25520618221e-07
0.0
0.0
2.16033378148e-35
1.55160257112e-07
0.0
5.24256511476e-09
0.0
0.0
1.6312910521e-12
0.0
0.000952159453151
5.13425020258e-05
0.00026181426186
1.22488206797e-05
8.60210159034e-06
8.98915360933e-25
2.10740230688e-07
2.27135186034e-20
0.0
4.47269386515e-10
6.80505307272e-08
6.23732115703e-16
0.0
3.73772638978e-20
1.42132174551e-06
0.000343287376125
0.0
0.0
9.82442527184e-09
0.0
0.0
0.0
0.0
7.85293362823e-06
2.13137813134e-15
2.9312188062e-18
1.67111393402e-05
3.11583288343e-07
5.3271145737e-10
7.45191015396e-05
0.0
0.00103731358661
0.000286788556459
0.0
0.0
4.36594264156e-05
1.71580586476e-09
2.33053771486e-10
6.09083623478e-19
0.000173415631059
0.0
0.0
8.00101273341e-10
1.17585879299e-13
0.000450544703601
0.0
9.01622876985e-08
9.39235440793e-05
6.80017628279e-05
3.67460649291e-12
2.74309660277e-13
0.0
1.89066335129e-11
3.09121683272e-15
0.0
0.0
1.48943182485e-15
9.64183117772e-09
0.0
0.0
1.35375521964e-15
5.62344444095e-07
4.89309157767e-12
4.17018162087e-08
0.0
4.17656134088e-11
0.0
8.53107527931e-07
1.3067871563e-12
0.0
0.0
1.04811470652e-07
2.65826865836e-09
0.000100008903846
0.0
0.0
1.77933297441e-07
1.39316336658e-21
0.0
0.0
2.1737229684e-08
0.0
5.90376674636e-08
6.94914897075e-06
0.0
0.0
0.000129091095307
0.000935043233003
0.0
3.30746147701e-05
7.34648692366e-10
1.75782485109e-09
0.0
2.25042532577e-06
0.0
0.0
1.67883856475e-07
0.0
0.0
6.73962201899e-12
0.0
0.0
1.42762690296e-14
2.21039031638e-15
0.0
9.91459527507e-05
2.55981136033e-05
3.65910432103e-11
2.51776571279e-08
8.4226810327e-24
5.85167158407e-05
0.0
0.0
0.0
9.07606592049e-10
0.0
2.97967461441e-13
6.50386759572e-14
0.0
2.94746650392e-06
0.0
2.15815006407e-12
5.11787856177e-12
0.0
5.29391210747e-07
0.0
1.22403311997e-05
1.17875454655e-12
1.08310658074e-07
0.000590424111084
1.41784049714e-10
1.78010038601e-09
1.58807145717e-14
0.0
0.0
1.32645404739e-14
9.73467619625e-27
2.04288685606e-16
4.19770899377e-05
0.0
6.50116447369e-25
0.0
0.000301519687836
1.20677536384e-06
1.28504359293e-05
0.0
0.0
1.84907499367e-16
5.79574419784e-08
1.1109192588e-15
0.0
0.000162263652205
9.88108171461e-13
0.0
1.14689758824e-06
1.91880031473e-10
0.0
0.0
0.0
0.0
3.63806971322e-11
2.21243335979e-05
1.18337750745e-08
5.52013086547e-09
0.0
0.0
0.0
0.0