500
6.22073170167e-07
3.16897311039e-06
0.00705236584964
6.58596756743e-31
6.64287358994e-06
5.66557080196e-11
1.1879405157e-09
1.29917503711e-11
0.00520981339999
0.0106870467106
2.04550966075e-07
3.06145937916e-18
0.000499035365991
2.49002360401e-23
1.75214330206e-06
0.000139763406169
1.52578340909e-05
8.62386940978e-10
0.000970336440624
0.00520981339999
5.92691400535e-37
1.19414704175e-08
3.24709457309e-06
3.93183420599e-06
0.000521643030959
2.95482879743e-20
0.000886120979292
0.00705236584964
0.000412347451889
0.00669833151428
0.0149996825362
0.0014275849757
0.00520981339999
1.19370966738e-30
4.89973557744e-09
0.00669833151428
6.39980729344e-19
7.762668849e-13
7.78626963133e-09
9.20782227158e-55
0.0182057215516
0.0139691699956
3.78083272442e-09
1.86059923418e-08
3.66138833604e-12
6.59949629419e-08
0.00520981339999
0.0149996825362
1.54975451161e-13
2.85121583195e-08
3.41266772607e-21
7.30387135188e-07
6.30992290807e-38
0.00520981339999
1.23512196766e-13
3.18040193249e-05
0.00669833151428
0.00669833151428
5.10874180284e-17
3.63803461714e-05
3.44842671694e-06
1.34183142578e-13
0.00277460912542
5.30798907337e-15
0.0106870467106
1.80500603503e-15
2.3741337809e-07
0.000886120979292
1.22347860844e-09
1.13354855417e-06
0.00520981339999
0.00520981339999
1.5701551498e-19
0.000479758432084
1.74752474955e-08
3.83107280923e-06
8.16543606119e-06
5.47057552229e-10
2.65685674927e-18
1.90727329193e-11
6.46981774627e-12
0.00669833151428
0.00520981339999
0.00520981339999
2.45566383214e-37
1.95470546984e-05
0.00520981339999
3.66575698915e-06
0.000970336440624
1.32651509913e-06
2.22749213959e-05
0.00669833151428
1.56625921186e-09
1.96028176125e-06
1.52809598072e-08
0.00520981339999
0.00705236584964
0.00520981339999
1.06259151642e-10
1.52453748348e-06
7.83955276066e-12
6.00508276207e-06
0.0149996825362
0.0227285265912
0.0149996825362
6.11206954205e-07
4.49723244772e-22
5.8588112166e-11
0.00129295387457
2.93919477902e-26
0.00669833151428
0.00520981339999
6.00722176417e-21
0.0149996825362
1.36944339338e-42
0.0139691699956
0.00669833151428
1.05875689968e-17
0.000754706120485
6.65642893753e-07
6.78495805039e-12
2.04986256804e-25
1.65442700757e-08
0.0149996825362
0.00669833151428
3.2785139865e-08
1.19501957089e-12
2.77166079464e-06
0.00669833151428
1.8221800419e-14
0.00520981339999
8.82258081255e-12
0.000218273506485
0.0149996825362
4.07386557907e-09
0.0149996825362
0.0149996825362
4.22607895724e-07
7.46291129912e-05
0.0227285265912
4.7494817953e-10
2.41696712679e-17
0.00217289014909
0.00520981339999
0.00520981339999
3.77309963588e-09
1.24677755813e-13
0.0227285265912
1.08977244556e-20
3.04369629784e-06
0.0182057215516
3.58483801094e-09
0.00669833151428
9.27420204894e-06
0.0182057215516
0.0149996825362
5.37479069899e-06
2.10627948836e-06
6.67927739533e-09
0.00520981339999
9.80043088636e-06
3.15609328125e-17
1.47756960578e-26
0.00669833151428
0.00183110224398
9.52587399666e-08
4.88601628936e-06
0.00520981339999
0.00520981339999
0.0227285265912
2.63769007066e-08
7.09040899719e-18
2.59970794596e-05
6.32984727872e-13
2.17847019723e-12
7.68245958797e-10
9.26331165007e-08
8.32436004855e-12
4.96457535918e-14
1.75386174321e-05
1.31202976e-08
0.00669833151428
4.62644943719e-13
6.53933138164e-06
5.02848719721e-23
2.53962034185e-06
0.000585260830574
0.0139691699956
0.0149996825362
1.25122245994e-06
0.0182057215516
2.42262423375e-11
1.90450104136e-17
0.0149996825362
5.65193964707e-08
0.000148912475603
1.25804576787e-06
3.89953738874e-22
0.00329250911904
2.89870855863e-06
2.49708571804e-06
3.07089041922e-10
5.00924221463e-10
5.26021331356e-09
0.00520981339999
4.58293676927e-12
0.00520981339999
2.51691090463e-08
0.00520981339999
7.23484302101e-13
0.00669833151428
1.3468938277e-09
9.44142390454e-06
1.48735115828e-30
4.68333094839e-18
6.58415969019e-16
0.0149996825362
6.78016061187e-12
9.175278807e-19
0.00669833151428
5.69959359044e-15
1.25525591697e-06
5.89469672974e-07
1.46081412771e-08
0.0149996825362
1.24596296076e-06
1.7638432158e-07
6.84590326125e-07
7.10085472307e-05
0.0182057215516
4.65364152804e-13
0.0182057215516
5.05006430261e-10
5.43331998723e-06
0.000224176834277
1.73349199345e-12
0.0149996825362
2.57819881686e-25
7.03900316345e-05
2.36417207705e-22
1.35401535677e-20
1.24800231467e-08
0.00669833151428
1.07458031453e-23
8.62582457706e-09
0.0106870467106
1.80022204784e-09
5.61120593492e-05
3.56606045424e-05
0.000319582191766
3.27927318822e-06
6.27026652489e-06
6.86862281932e-06
2.14300167627e-10
0.0139691699956
2.05354889382e-18
2.00280041558e-14
0.0149996825362
1.86684323004e-15
0.00520981339999
0.00669833151428
0.00520981339999
4.54445367159e-09
9.07187289547e-14
4.18557372546e-10
0.00520981339999
5.49705182032e-18
2.42650321703e-06
3.44229848635e-19
2.69893081191e-05
0.00705236584964
1.17082166032e-11
1.18097941391e-11
1.28107423271e-06
0.0149996825362
3.80933103138e-25
0.0014364828716
9.67727579647e-05
0.00337779110549
3.58263964629e-05
0.000193164712809
0.000970336440624
2.32273001764e-09
4.17442651163e-08
0.00263732468477
1.07786614999e-05
0.00337779110549
3.44225855377e-08
0.00520981339999
1.45683249465e-17
3.3941763886e-39
2.44135646059e-18
1.03884708968e-14
0.000215979212308
4.10563132986e-21
3.3694206855e-08
5.57408193772e-13
2.38442657971e-10
6.31051376626e-07
0.0149996825362
2.23574721114e-21
8.06320634888e-08
1.37399415881e-18
6.0327711473e-06
0.00337779110549
5.85878372592e-21
1.13372935685e-18
4.55640049227e-11
0.0149996825362
3.82420109422e-33
1.32635363721e-05
1.82184248836e-17
0.00669833151428
6.43549207599e-17
0.00669833151428
0.0149996825362
0.00520981339999
2.200335768e-10
0.00240843137961
6.41290845922e-05
1.35962475358e-17
1.7161610974e-13
4.23543117414e-13
0.00063599352749
1.36452874475e-11
0.00520981339999
1.67638709228e-08
0.0139691699956
1.65735625022e-07
3.05157615966e-09
1.44152778954e-07
6.86363865721e-16
0.00520981339999
2.91862710126e-07
0.00669833151428
0.000498931073723
5.1721508702e-05
0.000817705963915
0.00520981339999
2.22862457887e-05
0.0149996825362
0.0105913788901
0.0149996825362
0.00337779110549
1.04028835256e-07
5.38183692861e-13
1.05635127009e-14
3.83463973936e-21
8.28037580496e-11
5.4840404295e-06
0.000309784541215
4.50696722718e-23
2.6486615261e-05
1.15864868106e-13
2.18968076007e-32
1.92180363008e-19
9.8414434941e-13
0.0227285265912
0.00520981339999
0.0139691699956
0.000689205206116
4.66662144369e-20
9.61748290171e-12
5.50277690499e-07
6.31314775754e-15
2.68443329686e-07
0.000886120979292
1.67645246095e-07
1.48653564337e-08
0.0182057215516
0.0106870467106
0.00669833151428
3.52982107978e-14
5.16881168654e-06
0.00669833151428
2.55715587588e-07
8.82532513605e-05
5.11110597563e-22
0.00166366682744
1.02043088101e-05
0.0105913788901
0.000201816691824
3.89330313388e-12
9.05682412918e-14
0.00669833151428
4.45662199153e-11
1.31190273284e-05
4.01131400522e-34
9.21745413549e-11
0.0149996825362
3.24012039267e-06
4.02374733989e-08
2.22881195965e-07
1.83536490448e-08
5.24059846799e-11
6.4160359909e-07
2.42492597933e-06
2.35131017909e-09
4.7499255292e-06
1.14114374177e-32
3.17095514456e-13
1.79380988717e-16
1.07206605532e-20
1.45568544572e-08
0.00520981339999
5.66068300354e-09
0.000254962563531
9.83559231344e-14
0.00300675238273
0.0149996825362
5.78011485562e-11
0.000188450243419
9.55951141818e-11
0.00669833151428
1.08055416977e-12
2.55663693655e-41
4.68010374721e-08
0.0149996825362
1.96391232705e-16
0.00669833151428
5.36528904919e-22
6.38944572552e-15
0.00669833151428
4.19560840427e-14
6.99614420722e-11
1.27551357475e-08
1.23231139091e-12
1.01195583605e-24
0.000817705963915
0.00337779110549
5.26991764952e-06
0.0139691699956
4.21188518996e-13
0.00337779110549
0.0149996825362
0.00669833151428
7.90805779994e-05
1.78095149819e-16
0.0149996825362
0.00669833151428
6.06244070314e-12
0.000641616899131
3.72592157674e-08
3.82649946778e-17
9.26343046876e-10
2.50103537312e-18
5.42574387042e-41
1.03938168632e-17
5.84640875976e-17
3.58107384727e-09
2.53729387278e-12
9.08039992425e-06
2.76395479869e-06
0.00520981339999
2.38228639916e-05
0.000521643030959
5.93679833952e-09
0.000817705963915
6.76632172723e-07
0.00520981339999
1.89362096113e-26
2.02331056219e-08
0.0106870467106
2.89105038164e-13
0.00520981339999
0.00520981339999
0.00520981339999
3.81355956723e-16
1.41791796079e-08
0.00520981339999
0.0227285265912
3.00452976787e-16
0.0139691699956
4.91684143946e-09
6.8899986854e-09
4.63890058452e-08
0.0149996825362
2.51378431329e-14
0.00520981339999
3.71230793597e-06
0.00669833151428
8.33818246272e-32
8.66090986711e-23
1.49685762789e-22
1.75341285364e-05
9.53330331155e-10
2.51773527376e-14
1.05755145707e-08
3.09045187261e-20
0.00337779110549
4.68881882695e-05
5.7807236524e-06
8.13495415829e-05
3.01129167759e-22
2.33460563832e-06
0.00520981339999
2.15122302125e-27
3.84449123074e-06
2.98633005174e-06
3.04697113575e-11