500
0.00199130721481
0.0200442156127
7.64924778568e-11
0.0
0.000589984074821
0.00472502259905
0.0303728818075
2.07456627125e-09
0.0303728818075
0.00358318926948
3.18688346817e-05
0.000960170022379
4.46497399136e-14
0.00193408626628
7.75243697607e-08
0.00173013896392
4.95522144851e-06
1.04573740921e-12
0.000902682055972
4.19893078773e-05
0.00295995004703
0.00295995004703
0.0
0.000705935333176
0.00973072899003
0.000220441104847
0.000346147806101
0.0
2.03790458948e-08
0.00199130721481
2.9623820192e-05
0.0
0.0
0.00358318926948
0.00199130721481
0.000282711877131
0.00350969283644
1.34564151665e-13
0.0075498830599
0.00358318926948
0.0200442156127
0.0
0.00236127019651
4.44835017251e-11
1.08287515416e-06
2.08391815943e-29
0.0
0.000407438517402
0.0
0.00358318926948
0.00353671143848
8.86679962698e-05
6.47619406893e-14
0.0303728818075
0.0
1.90606912753e-06
6.34679538948e-09
0.00977395029053
4.51262818412e-08
0.0
5.78559324178e-13
0.0
0.0
7.41527736517e-17
0.0
0.0303728818075
0.0303728818075
0.00977395029053
0.00977395029053
4.4520922047e-06
1.10325936102e-12
0.0075498830599
0.00193408626628
1.01222887555e-06
1.61593126693e-14
8.75373991141e-05
0.000902682055972
2.03261842761e-08
0.0303728818075
6.22988966851e-10
0.0
0.00973072899003
0.0075498830599
0.0
2.74116147346e-05
0.0
1.39182955149e-05
0.000106599406491
0.000508012075649
6.72239044488e-11
0.00193408626628
0.000741793893885
0.00236127019651
0.00350969283644
0.0303728818075
0.00472502259905
0.000452352444465
0.00358318926948
1.09674075775e-06
8.14943408684e-05
7.46946621759e-11
0.00973072899003
0.0303728818075
0.0303728818075
2.79152043623e-15
0.00236127019651
0.0303728818075
0.0075498830599
0.00358318926948
3.04081306156e-05
4.75727360679e-13
7.44612321716e-06
0.00587811994358
0.00358318926948
9.8288743544e-05
7.81592213854e-08
0.0
0.000741793893885
5.30412789716e-07
0.00350969283644
0.0
0.0
0.00973072899003
6.67801495265e-11
0.0
0.000106599406491
1.20931737982e-13
0.0303728818075
4.45185707742e-22
0.0303728818075
0.000741793893885
0.0
0.0
1.05362303578e-09
0.000699469286442
1.82976801764e-05
4.65179663024e-08
0.0
1.7569389031e-05
0.000699469286442
1.03681252466e-08
6.34128617555e-06
0.0200442156127
3.9024967546e-08
1.53057412406e-07
6.32567215218e-07
0.0
4.04197548478e-07
0.0075498830599
0.00977395029053
6.13100859382e-08
4.50558029645e-07
0.00118236609509
0.000550097439776
3.4679640008e-06
4.77996343042e-07
6.03412835682e-15
7.53382998655e-05
0.000741793893885
0.00350969283644
0.000653985606015
0.0120778128713
0.000741793893885
1.05757047238e-10
0.000291659229046
9.023253804e-16
2.5043273555e-06
1.52729297343e-06
7.35014735046e-17
9.51753802569e-06
0.00977395029053
0.0120778128713
2.94717666826e-13
2.4897018122e-08
0.0303728818075
3.641584468e-11
0.00353671143848
0.0075498830599
0.0010246948617
0.00305960766943
0.00236127019651
0.00049017029458
9.57198420188e-05
0.00587811994358
0.000550097439776
8.93507008975e-10
9.41737570491e-06
1.51795637121e-13
0.00587811994358
0.00472502259905
4.97445353299e-15
1.75619299547e-13
2.57594547862e-09
4.24710917644e-10
8.57785632462e-06
0.0303728818075
7.37614708088e-06
0.00173013896392
0.00350969283644
0.00973072899003
0.00161125976257
0.00358318926948
0.000300778420776
1.21703639636e-13
8.17693326855e-06
7.06527182605e-09
0.0303728818075
0.000960170022379
1.04809457331e-11
0.000839982525473
0.0
0.000580506604275
0.000148941255317
4.21464929001e-06
3.78015359464e-13
0.00973072899003
0.0
0.000422982860906
6.96182856316e-07
4.17933540957e-06
1.38314627353e-05
0.0303728818075
1.35329413887e-10
0.000741793893885
3.6510778116e-05
0.00977395029053
5.53972432638e-10
0.0075498830599
7.43893401784e-10
0.000699469286442
0.0200442156127
1.23452694492e-11
9.60113917397e-13
0.0
0.00973072899003
0.000368559857397
7.94363815204e-05
0.00173013896392
4.60799212829e-05
0.00977395029053
4.5946716487e-09
0.000106599406491
1.12015556578e-06
2.66492576231e-12
8.16389205233e-12
4.16017571667e-08
0.000728566692731
1.6190402573e-09
0.00973072899003
4.54657588522e-09
0.00193408626628
0.000314979562747
0.00358318926948
3.68825783397e-09
0.0303728818075
0.0075498830599
0.0
0.0303728818075
0.0303728818075
3.04081306156e-05
0.00973072899003
5.48560557706e-05
0.0075498830599
0.00353671143848
2.82047083681e-09
0.0075498830599
0.000161385008565
0.00117326694502
0.00161125976257
0.0
8.17293537503e-09
0.00358318926948
6.10055589423e-06
2.73917444092e-06
2.17259019583e-07
0.000741793893885
1.19730834892e-06
1.19730834892e-06
0.0075498830599
3.03528623661e-07
0.000128748258223
0.00186385141365
0.0075498830599
2.06464388531e-05
0.000112774765027
1.26726350662e-09
0.0
0.00973072899003
7.11122498031e-11
0.0
8.10877312468e-09
1.98851544056e-07
7.5775099615e-09
6.07076594814e-08
0.0120778128713
0.0303728818075
1.16282207439e-09
0.0
0.00973072899003
7.48333403898e-06
0.0
0.00305960766943
0.00295995004703
0.00472502259905
0.0
0.00973072899003
0.0075498830599
0.00161125976257
1.87682408862e-09
1.52496912203e-10
5.69413278952e-09
6.18561610969e-16
6.10055589423e-06
0.00353671143848
5.85036017299e-07
3.2510045334e-10
0.00013843842522
0.00161125976257
9.43138826423e-07
0.00472502259905
0.00977395029053
0.000208611515323
2.26944094026e-06
0.00358318926948
0.0
6.34812391001e-05
0.00977395029053
0.0
2.21056646782e-05
3.07282049714e-05
8.16939619572e-12
0.00973072899003
7.53382998655e-05
0.00353671143848
4.83101307219e-09
0.000705935333176
0.000353888430669
0.00295995004703
8.3584331451e-15
0.0
0.00199130721481
0.0303728818075
4.1303891213e-05
1.49767332055e-08
0.0
0.0303728818075
0.0
3.27343475861e-06
0.0
0.0120778128713
0.0303728818075
1.10074283956e-09
2.94266049006e-09
0.0303728818075
2.06103075718e-12
4.40213125762e-08
0.000728566692731
0.00973072899003
1.69613807094e-12
0.0
0.0
6.19782678935e-06
0.000282711877131
2.45276765988e-05
0.00353671143848
0.0303728818075
0.00973072899003
2.85273350283e-08
0.0075498830599
0.000589984074821
0.00973072899003
0.000282711877131
0.000839982525473
3.85084733217e-06
0.00199130721481
0.0303728818075
2.93540282203e-05
0.0
0.00977395029053
2.86996652953e-06
0.0
3.75331046189e-10
0.000265014640859
0.0120778128713
0.0180233499247
4.20721580791e-06
0.00305960766943
1.41966360564e-06
0.0
1.65802128962e-06
0.0
2.09508318262e-10
8.41771231644e-06
1.51284513821e-10
2.42011742595e-05
0.000306589855889
0.000741793893885
8.74415553134e-12
0.00973072899003
0.0
0.000122417552956
0.00350969283644
7.01887334279e-10
3.74946072784e-21
0.000186084797446
0.00295995004703
0.00973072899003
3.01657369472e-12
0.00973072899003
0.00358318926948
5.29022825201e-14
0.000705935333176
3.04550894064e-05
0.00472502259905
0.00199130721481
0.00105740691479
0.0120778128713
8.59207778622e-07
0.00973072899003
0.0
0.00173013896392
0.00358318926948
0.0
0.00358318926948
0.0
5.46787262669e-06
1.09806037763e-05
0.0
2.07307517544e-21
0.000422982860906
0.0075498830599
0.0
0.0
9.36334268515e-12
8.58003675725e-05
6.04140953518e-11
4.42218291328e-12
0.00295995004703
0.0
0.00973072899003
0.000300778420776
1.67222728862e-06
1.50911819612e-10
9.13408208027e-17
0.00973072899003
1.04633960644e-11
0.00236127019651
0.0120778128713
1.48711426214e-06
1.70309114082e-10
1.58621546833e-17
0.00173013896392
8.89589040098e-15
0.00973072899003
0.0303728818075
0.000269729171732
0.0303728818075
5.93479411033e-06
5.10580033455e-07
4.52335610517e-08
0.00350969283644
1.17852981165e-16
3.85084733217e-06
0.000452352444465
0.0
0.00236127019651
4.94861490811e-06
0.00472502259905
2.73358198209e-06
1.60504952386e-06
4.4151990386e-26
5.32058438343e-11
0.00108031048549
0.00105740691479
0.00973072899003
4.902119125e-07
1.6605656109e-12
0.000741793893885
0.00350969283644
3.43018032162e-07
0.0
6.76384733599e-05
0.000161385008565
0.00295995004703
1.324843091e-06
0.0
0.00236127019651
0.000282711877131
0.0
8.3618522846e-11
0.00977395029053
8.14943408684e-05
0.00977395029053
0.000422982860906
0.00472502259905
0.00973072899003
0.0
2.82606173423e-10
0.000902682055972
0.000741793893885