500
0.0
1.23614888589e-11
1.53361845974e-05
0.0
1.02607704475e-13
0.0
0.0
0.0
0.0
0.00107866128275
3.96090287401e-10
8.18863551205e-36
1.0427821773e-22
7.85190170143e-10
1.57802526892e-30
1.20853822457e-05
0.0
3.82246678445e-16
3.98509942481e-09
3.23950755118e-27
2.24775835369e-75
3.53039242256e-77
1.16107693804e-09
0.00107866128275
3.38017064208e-07
1.26849596026e-16
1.41868088681e-13
1.2103826826e-37
0.00107866128275
3.2248261081e-71
1.16379045985e-15
1.87377217702e-05
8.17696522565e-57
7.81975389564e-14
5.70194759287e-08
1.36688036355e-16
4.06068597877e-05
4.03084093734e-17
5.19802692365e-11
3.49714907053e-38
1.56833128231e-11
4.73051450277e-17
1.05807624951e-26
1.08800738454e-61
6.44423422153e-06
7.62051468467e-39
0.0
2.82607832803e-17
4.10759596615e-17
4.96170383119e-25
0.0
2.67590698493e-11
4.40028628345e-36
0.0
7.95398815652e-58
9.20928583421e-05
4.88573887852e-41
6.64192868191e-21
3.14094590614e-06
1.14517700592e-28
1.78855389467e-18
6.57192987742e-31
0.0
1.90503737723e-11
7.98699089483e-05
4.00237827273e-16
3.88732544242e-12
2.47282156878e-16
1.32284343632e-05
1.52666295792e-53
2.25613893615e-09
6.25803809325e-07
1.16730796186e-11
0.0
1.36334272534e-31
1.44572881998e-24
1.51653435013e-12
2.52252089197e-30
1.63250185898e-25
1.48790572205e-16
1.09808225283e-08
0.0
1.0826920332e-10
0.000426326631209
0.000426326631209
3.34949241742e-06
0.0
0.0
0.0
3.3797982442e-14
6.89061367004e-17
8.52218307229e-17
2.23373121179e-10
3.52996593507e-15
2.70601470532e-19
0.0
2.39174293946e-07
0.0
2.44616909106e-08
3.83447557225e-11
2.72519371033e-15
3.59801082838e-11
0.0
8.04301607834e-20
3.49521166564e-16
0.0
6.60570168543e-06
1.02738179159e-14
1.52551246591e-55
5.64706919045e-25
4.74633709491e-07
7.52801406358e-69
9.92264484883e-40
3.65645345666e-27
5.55850845364e-85
1.44045402854e-18
1.44388694017e-27
1.39349797709e-60
1.04953141649e-10
4.79618236081e-22
1.34438047295e-10
2.98895868044e-33
1.45354576247e-50
1.05245747609e-11
1.66975487861e-26
5.86520738669e-17
8.65832172983e-38
2.12053659427e-08
3.43285894187e-07
3.00480649884e-29
3.25770353241e-18
4.75360642617e-21
1.03117150859e-31
3.06940047337e-07
3.27136352029e-33
7.62532544667e-06
1.51343707317e-16
1.12361648359e-25
9.62108746382e-05
0.0
9.67718608699e-55
0.0
1.5613330265e-27
0.0
0.00107866128275
3.65402998416e-09
4.836111264e-05
1.47823504799e-18
0.0
3.19029090148e-22
1.09914591092e-06
0.0
1.12524304563e-14
0.0
1.76232419509e-22
0.0
6.5516041766e-11
0.0
7.63862519997e-06
1.05241872602e-86
4.19972950171e-06
2.7288863215e-46
8.45805856713e-14
0.0
1.13402533891e-12
1.90068519207e-29
0.0
0.000426326631209
5.21474028547e-07
3.09921859915e-24
1.04141641702e-29
2.36302938708e-09
1.58810025224e-32
2.21924169488e-09
9.01996832714e-73
0.00107866128275
0.00107866128275
8.45763535363e-38
0.0
3.53870344296e-18
0.0
8.3496477318e-24
2.43249058103e-29
2.38732863044e-09
1.41287033417e-08
0.0
1.53582190631e-10
6.86289863824e-29
2.22605886688e-18
0.0
5.0495345648e-08
1.15219046255e-16
0.0
1.87978049808e-08
0.000184224975721
7.7465687256e-11
4.21114215881e-28
9.00541048725e-16
1.48197205516e-10
7.47401965549e-08
1.56239263503e-28
5.67180048276e-14
2.06756103025e-22
1.61557940949e-14
2.49595691186e-07
1.1701369012e-07
1.17397483048e-18
2.35697474771e-19
3.25869590079e-07
3.49939026976e-24
1.1639664801e-28
4.18995689268e-21
0.0
1.71954541508e-15
3.58853716918e-38
0.0
1.94151276173e-34
0.0
2.8982323923e-08
1.49880695404e-08
0.0
3.59623285767e-32
1.07920092842e-10
2.48676159337e-30
1.80305324113e-07
4.66967845763e-20
0.0
9.38999376892e-31
0.0
0.0
1.57318772822e-17
4.0190498499e-12
1.26824769569e-16
6.4179120067e-16
9.49440364089e-13
0.0
3.59981714676e-26
1.42620010319e-21
9.43942125572e-62
7.31801377936e-27
1.40371257559e-26
1.87461078378e-07
6.09225626282e-12
1.94980175184e-42
1.6647773965e-57
0.0
6.81347873103e-108
0.0
0.000321414937381
2.76098436468e-14
0.000174715966025
5.43232201733e-22
7.9122732572e-17
1.93796242351e-49
5.4517766667e-39
7.38968666914e-51
3.16328110137e-07
5.72117141033e-16
6.09006235755e-33
1.00473267608e-21
3.72709776171e-12
0.0
0.0
9.12322696795e-26
3.82470660038e-78
2.95566013263e-17
5.34887581224e-24
0.0
3.41360801263e-15
0.0
2.5228629281e-17
0.0
0.0
9.08520053939e-56
1.07498697574e-15
1.81461115968e-11
1.32559119e-112
1.79182055671e-27
1.21485880122e-48
1.11047023688e-20
1.13255695593e-15
1.6757538495e-16
4.07159773121e-95
0.0
5.86007459959e-19
3.90138224065e-07
2.22458683567e-12
6.26113642671e-18
6.68970314149e-39
3.01785704816e-17
5.36090479643e-29
1.94661450797e-14
4.10449525818e-50
0.0
0.0
4.69183978148e-50
6.17967646919e-21
5.73006557568e-22
1.06269238207e-08
1.86183412733e-17
2.84211332133e-23
1.18744866522e-10
8.62660815856e-34
0.000108559987533
0.0
2.04808168658e-25
4.04733403211e-63
3.91878275564e-38
3.69347002834e-24
6.80868845521e-06
4.28542066973e-20
2.94570423195e-29
1.57572996223e-23
5.45782964671e-18
4.18529331088e-12
3.72103124962e-52
2.95092279817e-18
0.0
7.39584844894e-35
0.00107866128275
3.11052513029e-29
2.05913360949e-22
1.00483106992e-17
5.99340536942e-36
2.62015948229e-11
1.79980875484e-20
0.0
5.9368759423e-28
6.84771524775e-08
4.89649949567e-39
2.48033300958e-27
3.65110782262e-47
0.00107866128275
4.3300087996e-10
1.73382599393e-11
3.51392311423e-33
7.02386785062e-57
1.7671285432e-16
8.00805856701e-35
4.16690593728e-07
4.819212927e-13
2.72480302229e-63
1.17251895627e-09
8.97817626518e-20
0.0
2.04916018457e-32
1.55327209278e-11
0.0
3.46103587716e-30
1.58931813271e-26
1.93572873077e-08
3.50370634983e-05
7.59659968422e-13
0.0
1.24449709889e-32
3.4571631463e-09
2.08863914618e-10
1.86389586399e-12
4.46924899526e-34
3.63816617839e-10
5.49902251427e-39
2.82175032755e-68
8.49794170968e-09
0.00107866128275
2.36698140376e-20
0.000212845200253
9.10627136076e-19
4.31162644433e-16
0.0
5.92989165682e-32
0.0
0.0
1.81154802641e-18
1.24461644519e-47
6.61996998542e-24
4.74883964659e-09
0.00295980064774
1.01359360233e-165
1.11754019062e-08
4.56993757824e-16
1.33345490651e-43
8.24029690608e-09
0.0
4.18427073375e-06
0.0
0.0
4.22106426996e-06
2.10986877432e-28
0.00107866128275
1.00151294987e-34
2.7054405009e-05
8.54750851402e-40
1.42395196407e-11
1.09708986399e-25
8.27974055794e-08
0.00107866128275
0.000426326631209
7.84286557145e-16
0.0
1.84909330352e-10
7.96887378617e-10
0.0
0.00107866128275
1.65342249847e-05
1.30007630766e-09
7.0328565219e-05
1.91783980997e-38
5.40385894197e-05
3.44252946325e-27
7.51257683983e-06
6.86648090626e-21
6.11041667117e-05
3.04912512321e-25
9.5647526741e-19
0.0
1.54423861471e-32
5.64936300654e-39
0.0
9.36448935747e-31
7.35057354157e-43
0.0
3.43545587215e-17
0.0
0.00107866128275
1.68387603917e-32
8.83133671004e-15
1.12782817346e-43
0.0
1.23720472072e-14
2.94600922463e-23
2.65812051503e-06
6.05048588941e-36
1.3279364344e-11
0.0
1.03335923439e-08
4.91983339469e-06
4.45366786251e-29
5.90719328975e-63
1.21396860616e-14
6.7254835039e-08
1.88510602678e-34
0.0
9.55531855701e-23
6.76758822027e-12
1.00525602968e-19
1.52219902941e-38
2.77181114652e-10
1.54575529111e-05
6.05385856412e-11
2.9072145385e-05
1.88509010872e-22
1.62019982986e-20
3.35069182985e-29
6.81556945993e-06
2.38909699803e-20
3.14094590614e-06
7.475552015e-22
4.751784193e-36
6.48156749288e-19
0.0
5.26648898302e-22
0.000426326631209
1.91878071692e-14
5.05264876234e-10
6.32344157144e-05
9.32733033786e-38
6.36233402517e-11
2.14214739216e-75
1.13904716584e-35
5.68537288222e-18
2.88871720401e-11
0.00107866128275
2.79016503096e-15
0.0
7.0328565219e-05
1.04383488815e-35
0.0
7.37599661014e-05
6.53347750661e-16
6.94501887867e-36
1.25140060316e-12
1.28832875981e-18
4.14908779406e-23
2.10997078757e-09
6.18746191996e-06
2.78641725723e-31
0.0
2.00287840335e-37
0.0
1.64225216297e-11
2.3496388234e-11
2.66126054079e-13
0.0
4.2531081434e-19
5.49304215308e-08
0.0
2.15944471222e-39
6.31249135848e-24
1.57403720878e-18
3.79597353387e-28