500
8.10359652103e-08
9.88032071559e-18
0.00453516652222
2.64625222341e-34
1.47057028448e-05
7.59027618227e-05
0.000161797144941
0.00709985301905
0.0282442996972
2.11796298348e-07
5.01359363525e-13
1.44805899086e-05
2.95278314006e-05
1.34419836104e-06
3.06507293085e-26
0.00166092918683
8.32601746584e-30
5.31859120529e-06
2.79413809506e-10
1.8826859885e-19
3.03116524406e-11
0.000264373254483
0.0036577644525
1.28470372006e-07
0.000858046360687
1.34912375143e-21
2.27799510883e-06
0.0107459435862
5.93240100621e-06
0.00649575539908
0.0
0.0
0.00709985301905
1.88711920984e-13
0.0
0.000407811665817
3.27871427851e-08
2.35454213513e-25
3.11067099413e-12
8.39200882152e-14
7.67197852115e-05
3.1676087367e-07
0.000326805690048
9.97776500558e-15
4.88889598752e-09
1.04921568938e-11
0.000358766706268
0.000194024446301
6.1509846777e-05
4.94735346166e-05
3.3577434354e-16
5.32866479438e-19
2.29604698524e-06
0.0
1.72332918051e-05
1.25878261346e-08
0.0282442996972
1.27388558266e-09
0.0282442996972
0.0
1.41470784028e-11
8.72831578208e-07
0.000542794955554
9.84738050673e-19
3.84422605101e-05
0.0
0.000255900300466
2.90446183247e-18
1.42456418669e-11
3.47713594943e-09
7.67830083877e-09
3.09729913773e-06
0.00453516652222
0.0107459435862
0.000509868087491
5.21626869438e-07
5.39787926956e-06
1.36684821793e-18
8.19701054625e-11
2.70840688365e-20
0.0
1.17358838464e-07
7.72046223438e-05
9.07217819449e-05
0.0
4.65882306205e-07
0.00694398653705
0.00453516652222
4.35656168356e-11
0.00172149965847
1.25931733159e-09
0.0282442996972
8.6976986717e-07
2.74746896948e-08
5.38246148481e-09
0.00139926097862
1.37270695797e-07
1.34170687455e-05
7.5274864086e-07
4.11956214948e-08
3.94438147718e-09
0.0
8.78455310653e-06
0.000404456446009
8.33021348561e-15
0.00101614125306
0.000364932651427
6.95871481153e-10
2.43161323285e-07
2.54966210891e-11
1.48433576852e-09
2.63634116391e-08
0.000101500454553
0.00172149965847
4.89744811909e-06
6.96068529434e-18
5.99861832628e-10
1.50944925913e-12
6.46523856843e-16
0.0
2.08063984575e-07
0.0282442996972
1.10005329304e-12
3.23311916797e-07
0.00584403916004
0.0
9.21917933071e-07
1.43325110541e-09
5.8417329169e-14
5.22815032406e-18
1.34773611158e-16
6.05867061697e-10
3.77680610627e-13
3.0846649079e-14
1.23383491137e-07
1.43766102765e-13
8.99128602313e-20
0.0282442996972
0.0282442996972
0.000347749131346
8.63539281481e-05
3.25568871777e-17
0.00251617904465
9.59750034012e-18
0.000255900300466
0.000271965325476
0.0
2.05584930954e-05
0.0021460681614
5.08660181804e-05
0.00166092918683
0.00649575539908
4.82009878463e-14
0.000127484828229
0.000353277366686
8.4025586907e-05
2.33364794342e-05
2.099011808e-09
0.0
0.00124623724596
6.85272397786e-06
0.0
2.39879524741e-05
0.00649575539908
0.0282442996972
0.0
3.26654332091e-09
2.07183706766e-09
5.00969200794e-05
5.42690892531e-07
4.06811344507e-09
2.73055195533e-05
2.01170709311e-05
0.000867976601545
1.1689116092e-20
0.0
8.80180009075e-11
5.04991753057e-11
0.0
0.00709985301905
3.47463326736e-05
9.09664647967e-07
0.00709985301905
0.0
4.69721634442e-08
1.84704888386e-16
0.000153590056733
6.21473540937e-19
8.36042488959e-07
2.64356561915e-16
9.77083099867e-18
3.2920242465e-10
0.000481762626798
0.0282442996972
2.42131645549e-12
5.35846671837e-10
0.0282442996972
0.0282442996972
2.14843263923e-14
0.000850151199604
0.00709985301905
0.0
4.97375684061e-05
0.000309625615406
4.90443221868e-20
3.03752103243e-06
0.00649575539908
2.24242060188e-15
0.000509868087491
1.04013925497e-24
7.11850127553e-09
0.0
0.000850151199604
1.88712193037e-11
1.49580112442e-05
0.000536021791448
0.0
5.73463365575e-18
2.35141660316e-16
0.00251617904465
1.10455733129e-09
0.0282442996972
5.38992339996e-06
1.32105954401e-13
4.98558350647e-05
0.00172149965847
3.12628065978e-21
2.81149197907e-09
6.30939357293e-13
1.16363290368e-10
0.000576886123069
0.00251617904465
2.96412327643e-12
0.0
2.55317645232e-08
1.8603303842e-05
1.54317027315e-10
6.74693160936e-31
1.09340513723e-12
0.000201731599137
0.0282442996972
4.20949910663e-07
3.35410853056e-18
6.51680177331e-08
0.00709985301905
2.90971513376e-32
0.00453516652222
0.0
4.34787316354e-06
0.0
1.90735076927e-15
4.87872750658e-10
0.000255900300466
3.45980501196e-15
6.43210334251e-05
2.77181953876e-07
2.50391100159e-09
7.04687324111e-12
6.84474649415e-11
1.97631732857e-05
0.00411411779028
0.000118106575909
2.75299598104e-05
2.11325694875e-08
0.00649575539908
0.00649575539908
0.000221327121158
9.01924838765e-11
0.00172149965847
7.0684849514e-05
0.000202408047155
4.48127795626e-11
0.00584403916004
3.66064046586e-11
5.99450907563e-05
0.0
0.00694398653705
0.0282442996972
6.43974088398e-09
0.0107459435862
2.89349073972e-14
3.44622784389e-16
0.0
3.78619762953e-26
0.00145681662135
0.00411411779028
3.20179831863e-05
1.7715177431e-07
3.17498446105e-09
0.0282442996972
8.27447701733e-08
0.00694398653705
2.49331355951e-11
3.34068699768e-05
6.43239177348e-08
0.00139926097862
1.30735429239e-11
2.40591794529e-06
1.43986596143e-14
4.01808964573e-09
5.8613387858e-11
0.0
2.08348600657e-09
4.44642180605e-13
4.31150405572e-08
0.0
7.33275272622e-07
0.00709985301905
9.98843950831e-08
2.93545484414e-07
1.17209584492e-14
0.0107459435862
4.63536352893e-12
9.51243254324e-05
1.7231583652e-05
3.10970656684e-34
5.60183488861e-07
8.66691832466e-08
0.00709985301905
0.0282442996972
7.29332045153e-05
6.59246255581e-09
0.000329860690521
3.7946416959e-15
1.39506598066e-12
1.7121432936e-06
0.000976074902079
8.27882702725e-05
0.0
0.00172149965847
2.7780785676e-05
3.01225518538e-15
1.65352603221e-06
3.65202269422e-07
0.0
6.68494112653e-05
0.00694398653705
5.73511173283e-10
1.01199548323e-19
1.2552060271e-05
1.84147345442e-05
5.59828532327e-19
4.91063146807e-06
0.0
0.000266692722076
0.00694398653705
8.27882702725e-05
0.00694398653705
0.0282442996972
8.89841919629e-38
8.66732632515e-05
0.000390244574168
0.00649575539908
5.44031415307e-05
3.07864713292e-06
3.25241101724e-15
0.0
0.0282442996972
2.17552868946e-11
1.25913694796e-05
0.0282442996972
5.64091523934e-20
0.000161797144941
0.00584403916004
2.66820722328e-08
5.30886811933e-13
2.09831733676e-32
0.00584403916004
1.35065082893e-06
4.31942367941e-08
0.0
7.8857580548e-07
8.19520723725e-09
0.0282442996972
1.49179400772e-12
0.000201858704442
2.90877428856e-05
0.00584403916004
3.54363960691e-11
0.000271965325476
9.77775467445e-10
7.27235164297e-09
4.20800534248e-25
0.0
2.17905990445e-07
0.000288828564624
0.0282442996972
0.0282442996972
0.00584403916004
9.79092610835e-05
1.24746079562e-05
0.00649575539908
0.000466668633647
0.00411411779028
3.23394227771e-06
2.63221615736e-05
0.0282442996972
0.00584403916004
4.85548918016e-06
0.0282442996972
9.36574749111e-06
2.33846549977e-11
1.51753074929e-05
0.000419417800574
0.00649575539908
1.00711238627e-15
3.32110277352e-21
0.0
0.00119041820595
7.19302130827e-09
3.8494157583e-08
1.08736071901e-10
0.00010193643754
0.00649575539908
1.82154709963e-13
9.60989541161e-05
0.0
4.14912630238e-05
0.000199341808995
0.0
5.92803115118e-25
0.0
5.97799175794e-08
2.75374341454e-07
0.0107459435862
0.000119700041512
0.00649575539908
7.09725577692e-05
8.65057725806e-05
5.07661289642e-16
0.000204064643727
0.00146015176381
0.0282442996972
0.0
0.000108545991742
4.97467629924e-08
0.0021460681614
3.11163923768e-06
0.0282442996972
0.000310079375282
0.00139926097862
2.73187774918e-07
5.24271020968e-10
4.34467198419e-13
7.15076536971e-08
7.03335545691e-12
0.0
3.59094399375e-08
0.0
1.6055205725e-09
2.07701729197e-07
5.39061346697e-08
1.99472385504e-11
1.76858996205e-08
0.0107459435862
0.0
6.79597385137e-08
4.51376332406e-08
5.01671809692e-09
0.00584403916004
4.83776177443e-05
8.91886751222e-14
3.4109217603e-10
0.00584403916004
0.000469935222481
0.0282442996972
4.61416065415e-20
2.93521377666e-16
1.85073579416e-07
0.0282442996972
2.39397793104e-07
1.60509112844e-10
9.02839415065e-13
1.11050652256e-07
2.77838721419e-05
0.000110518559553
0.00260787817924
2.32503147381e-15
0.00145681662135
7.62069308918e-11
0.00709985301905
1.15550751672e-10
0.0036577644525
0.000404456446009
0.0
7.9047887876e-05
0.0
0.00260787817924
3.28963510762e-20
0.0
7.32113106673e-06
0.0
0.00694398653705
2.14439897707e-06
2.88415653639e-06
1.3438868758e-05
1.41023386637e-06
7.63673795398e-17
0.0107459435862
3.44078984266e-30