500
4.66313917632e-08
1.04893620944e-31
0.00703611041046
2.01235366568e-23
0.0
9.09130004974e-10
3.46562143709e-14
1.49645753089e-09
2.12277275149e-11
2.12083396741e-16
3.61504603969e-18
3.30615282585e-08
1.87686665557e-07
9.98822579919e-11
9.69583293902e-14
1.60315704942e-12
0.00114125935277
3.2493552937e-14
2.17238441066e-19
5.05425272328e-29
2.72816367566e-10
4.11324302244e-08
0.0
2.10333544358e-14
3.06029480752e-06
1.29980684756e-26
1.24409837081e-37
3.94394298506e-22
0.00821140143846
4.26868925692e-32
3.0696981467e-23
0.00118423980571
0.0
4.58736091958e-06
1.66684243044e-12
4.34141227781e-20
1.32900352246e-09
0.00111752247202
3.02987464713e-08
9.13410004731e-05
1.550099177e-35
0.00111752247202
1.8394253532e-23
0.00103215128682
5.6505624993e-05
0.0
6.27278396848e-13
9.78922379525e-06
7.48903505067e-05
1.08001908272e-28
1.11518935888e-13
5.43045707722e-20
6.55233673937e-15
5.37938242399e-05
0.000507436885869
0.000589541645551
2.00255402579e-12
5.49489598596e-17
6.1980525759e-23
4.2959051694e-16
1.33612441416e-10
2.40895411266e-27
3.2718759788e-05
4.31019946769e-08
7.49887699684e-08
1.05036201842e-07
2.45618537785e-09
2.07575228807e-15
7.48903505067e-05
5.15380243861e-20
0.0
1.47695377066e-15
2.28472858071e-08
2.14326913816e-12
3.05469865554e-27
0.0
3.2718759788e-05
7.16885337019e-26
1.03690077123e-08
6.48171940835e-14
1.96308373919e-16
6.96070692708e-15
0.00776993437734
0.0
0.00118423980571
5.44103083325e-22
0.00346859494859
1.49191107815e-20
0.00103215128682
2.78439973601e-17
0.00583071464995
0.0
4.45756281443e-15
0.00118423980571
6.65782590942e-05
0.00103215128682
0.0
1.3793127471e-11
1.0293518526e-11
0.00583071464995
2.06027870649e-15
0.0
1.9461612991e-38
3.36837794542e-16
6.83242795223e-07
0.0
9.14168970069e-15
0.0
1.38329201449e-27
0.00821140143846
3.71924156748e-11
1.69534151387e-12
0.000803424073932
4.11645968911e-12
7.17145057072e-05
5.27454493084e-06
7.89043238667e-05
1.44092816628e-11
2.0259155071e-29
0.000737245524004
2.34927158041e-06
3.13627620804e-09
3.41906856077e-13
8.20077087475e-33
0.00103215128682
2.26320888164e-57
0.0
0.000798082472645
3.79517083327e-07
3.79756001908e-17
8.14991418777e-09
0.0
0.0
0.00111752247202
0.0
2.34132146948e-10
0.000173984956819
5.66747123276e-13
8.65952150216e-06
1.07635660793e-21
2.74874433416e-08
0.0
2.06813534749e-08
1.92233832202e-26
7.92696506611e-06
3.79824269781e-26
0.0
5.3967643701e-09
0.00821140143846
7.2720176927e-06
5.28932012233e-14
3.59297331783e-12
0.00776993437734
3.84012255819e-07
0.00602464111216
2.3579850701e-07
2.84949742574e-19
4.38271347417e-06
5.73839536102e-06
7.15395959222e-15
1.95359803916e-34
0.000773813759851
4.38809039613e-05
8.683538002e-23
7.89043238667e-05
5.09713718336e-17
0.00111752247202
0.0
0.00118423980571
1.00398636193e-32
2.91914887781e-19
0.00583071464995
6.57183375229e-07
4.89633000971e-06
1.31391621562e-32
0.00118423980571
2.23080258538e-22
1.02767185387e-08
0.0
0.00111752247202
6.64470123462e-12
0.0
2.72843510864e-16
0.0
0.0
3.19224433144e-10
3.36725266892e-08
0.0
7.87124684479e-24
6.57438167985e-09
4.69744705605e-19
0.0
3.89399166301e-06
0.0
2.63291357408e-10
8.29973994695e-20
0.000773813759851
1.36820619265e-18
2.3587814549e-08
1.47025242293e-17
0.000359594750557
0.0
1.87223111338e-15
0.00358048510822
0.00118423980571
1.17732306485e-38
0.0
2.88290096085e-10
2.21576757725e-07
4.61802771181e-13
1.03396338188e-27
2.01573954832e-09
0.00116214489499
5.12855199249e-12
2.2984918255e-15
1.12874727572e-16
0.0
0.00118423980571
0.0
5.7798891724e-24
0.000504942101415
0.000459353879344
3.92419420451e-21
1.02998972246e-09
2.94742555e-15
1.67387195525e-46
0.0
4.72191495465e-08
0.000644550163591
1.52538481201e-14
0.00103215128682
0.00111752247202
0.00103215128682
8.4962965468e-07
0.00064184793908
0.0
1.97940698793e-09
4.36123297989e-06
2.35443831818e-25
0.0
0.00050177060388
0.0
9.96955420479e-37
6.3261391461e-15
4.26299873224e-12
0.000773813759851
0.0
6.14006285624e-14
0.000507436885869
4.15839422639e-05
0.0
1.77932597064e-24
0.00118423980571
0.000388686268392
2.26245343214e-15
0.00346859494859
0.000773813759851
1.099324139e-15
0.00821140143846
0.00358048510822
1.41150838963e-40
0.00703611041046
4.41991405896e-18
0.0
9.74351273688e-14
0.0
1.34379332044e-06
7.4967797044e-12
7.32757880835e-15
3.94788908619e-07
9.72518013008e-10
2.8312097737e-13
1.7104872454e-05
2.88335400013e-07
1.24032916302e-09
4.17576363778e-13
3.86323166087e-08
4.57185271084e-05
0.0
2.35453645524e-26
0.00602464111216
7.98106514584e-05
1.27882338765e-07
4.58156681912e-19
0.0
6.66089280352e-33
0.00583071464995
0.000100149765287
1.21516995091e-17
0.0
8.27488371961e-06
1.79227055184e-20
0.0
0.00602464111216
1.12211010527e-25
0.0
0.0
9.16013137954e-26
5.94990229872e-26
8.108726677e-05
3.93236168592e-15
0.0
4.29972212432e-07
8.18710774791e-32
0.0
0.00118423980571
1.43863612757e-08
0.00583071464995
1.52243187176e-09
2.11174027046e-27
2.55044711563e-21
0.000803424073932
2.00427028926e-10
7.04403769004e-06
0.0
8.53289230548e-34
4.82905301359e-05
7.94296116152e-23
3.6140561702e-46
0.0
5.28449834507e-11
0.00821140143846
6.97775306733e-19
7.95350938493e-05
3.70404584506e-09
0.00602464111216
0.0
0.0
0.0
0.00118423980571
3.1631835574e-13
0.0
1.16424064272e-13
2.6845718577e-09
0.0
0.00118423980571
4.96751465894e-13
2.67196758027e-09
1.05609156574e-05
0.0
0.0
0.000388686268392
1.27122382346e-06
0.000359594750557
2.69955688789e-62
1.01918336242e-05
7.80651954121e-05
0.00602464111216
2.05832710814e-27
6.09780394162e-12
2.39240547153e-08
2.67614780932e-07
4.43752183475e-17
7.52783677512e-06
6.89548723116e-13
7.92016107096e-43
4.53679813971e-05
0.000518607886275
0.00114125935277
1.42057481663e-14
0.00346859494859
2.41221726583e-14
1.19215948284e-08
0.000610175382029
2.09494140796e-31
1.57766053165e-10
1.41289646443e-16
1.81028395877e-28
4.17230041111e-08
6.41481725483e-39
3.10877294013e-05
1.32468426779e-08
0.00118423980571
3.80941731088e-07
1.52112482463e-09
6.37509882364e-08
9.78545368451e-05
2.08846620527e-15
0.000173984956819
0.00111752247202
7.89056663189e-10
1.17078860814e-12
2.14158237939e-09
0.00703611041046
2.2993544174e-11
0.0
0.0
1.28958402165e-67
6.65782590942e-05
3.97486573702e-13
8.29688492312e-16
0.00111752247202
2.94929157851e-10
4.66182760502e-14
6.12070026345e-05
2.7762318565e-16
3.50643079953e-11
7.7672014158e-44
4.28461132912e-14
1.14352463e-14
0.0
8.65952150216e-06
7.23369373462e-06
0.00703611041046
0.0
1.8400062195e-26
1.82066597047e-31
0.0
0.0
0.000407361841311
0.00116214489499
0.000173984956819
2.79779533703e-37
7.39804061529e-14
8.11019201029e-09
2.834860288e-14
4.73990612763e-16
0.000773813759851
4.38099272115e-09
0.000644550163591
6.8851553921e-10
0.00362596937609
0.00118423980571
0.00703611041046
3.7058965073e-06
2.44179116615e-08
0.0
0.0
1.85659989175e-13
0.00821140143846
2.64953110292e-08
5.07018145709e-26
0.0
0.0
0.0
1.44205762538e-10
2.31025165765e-09
5.49974964944e-23
0.000388686268392
3.9815276004e-07
1.57132950425e-12
3.63642910996e-07
1.64113258931e-07
8.08586226722e-13
0.00114125935277
0.0
3.3940435507e-08
3.52076798454e-05
1.70697663146e-09
0.00038069298103
2.51783511175e-06
4.85417545561e-07
1.5902654515e-20
0.0
3.81506390086e-06
0.0
0.000359594750557
5.13804679589e-28
4.23078221799e-12
6.04518260821e-21
9.44600112009e-14
0.0
9.55224422869e-12
9.01430042125e-06
0.00111752247202
3.07225831887e-05
1.69782934003e-13
0.000494615005057
0.00103215128682
0.000737245524004
2.08147989209e-05
9.54476529098e-14
5.28904082441e-08
1.7075381474e-19
8.85748977047e-09
1.31487205698e-17
8.11738404389e-17
0.0
0.0002195606929
2.80847056959e-06
1.05609156574e-05
0.00114125935277
0.0
1.02148374851e-10
4.77326735253e-19
8.83597828536e-08
7.72786623416e-12
2.74842385749e-10
5.59481029702e-09
0.000555869399473
1.71783888717e-09
6.48078173397e-08
1.1427799723e-39
0.000173984956819
1.85281824709e-11
3.36592379806e-06
7.30621438857e-07
4.16333789896e-05
7.74048840453e-23
2.96776361298e-16