500
4.82027369819e-07
3.00056028982e-06
0.00773297165408
5.89986218947e-31
6.5300057483e-06
6.17214059653e-11
1.10736183331e-09
1.46768396375e-11
0.00599585483323
0.0104787369515
1.44867238125e-07
3.59089150908e-18
0.000670214046678
1.6748234928e-23
1.89609859397e-06
0.00014736562497
1.36058177722e-05
6.41066214184e-10
0.00123128792972
0.00599585483323
1.2170787901e-36
1.55808228143e-08
3.59184111401e-06
4.70074732104e-06
0.000741126642465
3.46111371077e-20
0.000941498098036
0.00773297165408
0.00058481850019
0.00795711575999
0.0139529705932
0.00138431720931
0.00599585483323
8.13701481494e-31
3.52137887064e-09
0.00795711575999
1.16086517637e-18
1.23172689866e-12
1.02702791312e-08
2.64900431218e-54
0.0165866638377
0.0135046823814
4.81799449596e-09
1.41338998436e-08
3.63086411995e-12
8.22913825651e-08
0.00599585483323
0.0139529705932
2.04945976781e-13
4.80276338452e-08
2.26935974904e-21
6.53861468669e-07
5.14313274677e-38
0.00599585483323
3.00831022441e-13
3.09695751488e-05
0.00795711575999
0.00795711575999
5.22740167239e-17
3.43795621582e-05
3.79803793873e-06
2.32734151823e-13
0.00290188420348
7.20174146211e-15
0.0104787369515
5.45809186387e-15
1.97791891346e-07
0.000941498098036
6.71092600475e-10
1.34364244403e-06
0.00599585483323
0.00599585483323
1.64386519752e-19
0.000574764921984
3.3258254767e-08
4.03431609234e-06
8.69558593951e-06
5.97899186191e-10
5.53217393429e-18
3.9982768577e-11
4.55116238339e-12
0.00795711575999
0.00599585483323
0.00599585483323
4.9988380426e-37
1.90399683951e-05
0.00599585483323
4.3515389822e-06
0.00123128792972
1.47210337981e-06
2.52312048522e-05
0.00795711575999
2.32775052728e-09
1.86033454782e-06
1.39468046984e-08
0.00599585483323
0.00773297165408
0.00599585483323
1.45017388825e-10
9.39504226844e-07
8.38308729481e-12
8.56922735043e-06
0.0139529705932
0.0219661223797
0.0139529705932
8.25889715466e-07
6.16282115401e-22
7.56185528887e-11
0.00125106742446
2.50150115787e-26
0.00795711575999
0.00599585483323
8.56811860945e-21
0.0139529705932
1.99135970079e-42
0.0135046823814
0.00795711575999
9.44519977831e-18
0.00092780146817
8.59400635045e-07
7.26015426198e-12
7.33927852601e-26
1.61890943741e-08
0.0139529705932
0.00795711575999
4.82942193691e-08
1.29893786897e-12
3.8098787209e-06
0.00795711575999
1.21295351218e-14
0.00599585483323
1.11280963476e-11
0.000228459603946
0.0139529705932
4.65055966485e-09
0.0139529705932
0.0139529705932
6.91087724444e-07
4.89312863789e-05
0.0219661223797
4.32687477112e-10
1.79599361361e-17
0.00215908939789
0.00599585483323
0.00599585483323
4.48525245776e-09
2.08240075844e-13
0.0219661223797
8.90745656413e-21
3.16323501737e-06
0.0165866638377
2.77977761179e-09
0.00795711575999
1.13971395794e-05
0.0165866638377
0.0139529705932
5.05615683544e-06
1.76355557116e-06
1.06994322713e-08
0.00599585483323
1.26397368766e-05
3.48448442272e-17
1.18355649929e-26
0.00795711575999
0.00184328869047
6.34494448845e-08
4.81224690539e-06
0.00599585483323
0.00599585483323
0.0219661223797
2.31707513285e-08
5.4493621427e-18
3.49956942316e-05
9.56354613582e-13
1.77785753651e-12
6.82360560907e-10
1.13918373367e-07
9.38291146582e-12
5.70118748261e-14
2.17152254769e-05
1.35218533643e-08
0.00795711575999
4.33113994257e-13
9.97629064276e-06
6.05829190303e-23
3.51633939506e-06
0.000514567893
0.0135046823814
0.0139529705932
1.2870566083e-06
0.0165866638377
2.56457205411e-11
9.69006477852e-18
0.0139529705932
6.01359687188e-08
0.000121168944691
1.56028037899e-06
6.14256054412e-22
0.00339904836937
4.21878140262e-06
2.85712143467e-06
4.48971579653e-10
4.26251549702e-10
7.05083615122e-09
0.00599585483323
4.79383816992e-12
0.00599585483323
2.78997038845e-08
0.00599585483323
1.37173926235e-12
0.00795711575999
1.46246247872e-09
9.29488932506e-06
1.11153768777e-30
3.46998462808e-18
8.29494924273e-16
0.0139529705932
4.0119125638e-12
2.202610905e-18
0.00795711575999
7.47367406818e-15
1.3492366661e-06
7.82872128163e-07
1.22527239448e-08
0.0139529705932
1.20977314185e-06
1.20104036246e-07
7.39548395476e-07
8.49502053022e-05
0.0165866638377
6.36626702167e-13
0.0165866638377
6.29441047297e-10
4.35070113009e-06
0.000259514535661
1.90552936436e-12
0.0139529705932
4.03183721091e-25
9.91191254163e-05
2.61095525568e-22
3.39388031484e-20
1.3239649391e-08
0.00795711575999
1.14023115752e-23
1.03751833229e-08
0.0104787369515
1.61074716969e-09
4.65647234295e-05
4.77266668284e-05
0.000328276400513
3.99418938868e-06
6.15866227662e-06
7.68608452026e-06
1.84554621036e-10
0.0135046823814
3.09880289639e-18
3.96169673454e-14
0.0139529705932
1.88572221491e-15
0.00599585483323
0.00795711575999
0.00599585483323
3.78949302958e-09
9.55737431674e-14
3.13461335505e-10
0.00599585483323
6.03770085926e-18
2.71760519772e-06
1.71480178073e-19
2.34856135843e-05
0.00773297165408
3.08866792709e-11
8.84567251381e-12
1.76192672956e-06
0.0139529705932
1.24105879574e-24
0.00129012638037
0.000119949542075
0.00442684609183
2.67026394527e-05
0.0001853005381
0.00123128792972
3.03024523478e-09
7.65146450762e-08
0.00256662836055
6.06941765583e-06
0.00442684609183
6.83271398719e-08
0.00599585483323
2.62531220667e-17
2.72667417687e-39
1.91803353816e-18
1.92484429756e-14
0.000229676902445
3.84218633945e-21
5.20923736394e-08
5.82137660076e-13
4.05571480141e-10
5.71783218008e-07
0.0139529705932
1.216289468e-21
1.10423986773e-07
2.30021223302e-18
6.57398644086e-06
0.00442684609183
1.65573269226e-20
1.56016343167e-18
4.50738809902e-11
0.0139529705932
7.8497517299e-33
1.1670101866e-05
1.32799329204e-17
0.00795711575999
5.38901974707e-17
0.00795711575999
0.0139529705932
0.00599585483323
3.85066494513e-10
0.00196255941562
6.31444048093e-05
2.34156327253e-17
1.92949309144e-13
6.16219267563e-13
0.000792095943296
1.43795460143e-11
0.00599585483323
2.21914389876e-08
0.0135046823814
2.49498565352e-07
4.25428496812e-09
8.41746556406e-08
6.7027664515e-16
0.00599585483323
4.27433502946e-07
0.00795711575999
0.000554391657427
5.20685826585e-05
0.00105119274718
0.00599585483323
2.53647754597e-05
0.0139529705932
0.00947008847492
0.0139529705932
0.00442684609183
1.2605497822e-07
8.2533597986e-13
9.47873491807e-15
4.86014147029e-21
1.03499287563e-10
5.89435188098e-06
0.000311219443724
6.36004999827e-23
4.37211105094e-05
9.72459660925e-14
2.49823851928e-32
3.42591683805e-19
6.88637441113e-13
0.0219661223797
0.00599585483323
0.0135046823814
0.000709438707675
7.71869979997e-20
1.06491356446e-11
8.5734263448e-07
1.2062269199e-14
1.70488656783e-07
0.000941498098036
2.17155676974e-07
1.72322529985e-08
0.0165866638377
0.0104787369515
0.00795711575999
3.12613369408e-14
7.58463916358e-06
0.00795711575999
2.76827996449e-07
9.13641207205e-05
3.09456255132e-22
0.00162148480886
1.16939540053e-05
0.00947008847492
0.000203576335493
4.31714566064e-12
7.13127942694e-14
0.00795711575999
3.34020272125e-11
9.77021710902e-06
4.76591247965e-34
1.15866359166e-10
0.0139529705932
4.58989092004e-06
4.07302160819e-08
2.23093337984e-07
1.32261221286e-08
5.97445806878e-11
6.06449571401e-07
2.89333771469e-06
2.81874115346e-09
7.03362271241e-06
1.40780551147e-32
3.15753414797e-13
2.30829711051e-16
8.52120586856e-21
1.02660227369e-08
0.00599585483323
3.69294057661e-09
0.000294648834996
1.44776204911e-13
0.00259906517204
0.0139529705932
4.98081756262e-11
0.000221035319897
1.21764416798e-10
0.00795711575999
1.1135528597e-12
2.92479412212e-41
7.66665982135e-08
0.0139529705932
3.62671502604e-16
0.00795711575999
1.06307777478e-21
6.05827220308e-15
0.00795711575999
7.65233566893e-14
7.54592235313e-11
8.48534988992e-09
1.39627981599e-12
7.14852653109e-25
0.00105119274718
0.00442684609183
5.0456452765e-06
0.0135046823814
3.73205321288e-13
0.00442684609183
0.0139529705932
0.00795711575999
9.80886285352e-05
6.87802022628e-17
0.0139529705932
0.00795711575999
5.25996727122e-12
0.000889442940451
6.19919149654e-08
2.22635416746e-17
6.35750150079e-10
2.81526363194e-18
2.01400337922e-41
1.5056088822e-17
5.49346056723e-17
2.24522938833e-09
3.04022815409e-12
8.96580776852e-06
4.71757768861e-06
0.00599585483323
1.65139673914e-05
0.000741126642465
6.92239726429e-09
0.00105119274718
9.97149901893e-07
0.00599585483323
2.07266562e-26
1.27863417862e-08
0.0104787369515
2.65350600447e-13
0.00599585483323
0.00599585483323
0.00599585483323
2.88972123948e-16
1.80564450628e-08
0.00599585483323
0.0219661223797
1.62544210287e-15
0.0135046823814
5.84316317046e-09
4.43653996124e-09
5.13538098128e-08
0.0139529705932
3.87427672782e-14
0.00599585483323
2.58812846825e-06
0.00795711575999
9.1202635278e-32
2.07228182196e-22
7.62792802119e-23
1.73219097672e-05
1.03213461777e-09
3.72391261397e-14
1.03824861626e-08
1.23745411965e-20
0.00442684609183
4.25307287404e-05
4.4850701016e-06
9.85420420309e-05
1.84810096865e-22
2.80821756852e-06
0.00599585483323
2.00939431809e-27
4.03591867385e-06
5.13286595783e-06
1.85424885186e-11