500
4.50452566865e-09
4.64512932793e-07
1.68113189267e-06
1.81324951406e-10
1.89912136789e-18
2.68319250563e-12
1.36714516112e-06
0.0054757796146
0.0236072378234
9.66603459746e-11
1.03382525094e-06
2.62577632027e-05
3.62549229178e-05
3.49881399565e-12
1.59297342825e-27
1.59544696662e-05
0.0236072378234
3.076122477e-22
1.02956662961e-08
1.88679275374e-08
3.50081743036e-14
1.70455261466e-06
2.59578548716e-06
3.75552667275e-23
0.0144626759193
1.2582206755e-09
5.77147253058e-05
2.0152336417e-09
8.86802431277e-10
1.6325156541e-15
0.0153057915559
3.01998749637e-06
0.0236072378234
0.0309358583565
1.27605233784e-12
0.000466074173582
7.89678935352e-07
1.47831550568e-11
8.68900016272e-14
6.94217738683e-14
1.90195385718e-13
2.70054813014e-06
3.80566698092e-06
7.92879802404e-12
0.00327117973944
0.01504637136
4.12251205196e-17
4.76805510381e-11
3.13826310381e-11
2.45627964353e-21
0.000599900511221
0.00200404692828
1.71938411782e-09
6.62340089356e-06
2.86481985207e-06
8.95178867463e-13
3.32947455804e-15
8.44485066967e-11
0.0309358583565
0.000303946245276
0.000420228475411
0.00255995566888
0.0144626759193
3.33356339147e-07
1.40135866201e-33
6.3229522831e-06
0.0146572410662
2.12749748827e-09
3.05159718925e-09
1.87535770036e-18
5.36763055271e-07
0.0144626759193
7.05183201827e-06
2.09706990316e-13
7.90791758548e-19
0.0144626759193
0.01504637136
3.27953162307e-21
3.33298732712e-06
1.49762572675e-08
1.72313756899e-05
0.000510557065503
0.00217479532127
1.95423401649e-28
1.39495657862e-62
2.17210078978e-13
9.6751754793e-13
8.54450289731e-13
0.00277806848372
0.000280456633128
6.94254387861e-06
1.37699018738e-13
0.000466074173582
1.03855511569e-14
1.47066982846e-14
1.51956215681e-06
1.5108281344e-08
0.0236072378234
1.68561381594e-24
9.00422253087e-11
0.0309358583565
0.0026331236157
0.0236072378234
2.5190841763e-10
4.6448791049e-11
0.0309358583565
1.90357941971e-05
0.0153057915559
3.35191952502e-05
3.44941289363e-11
5.06898253466e-09
0.0146572410662
1.82284944025e-12
0.0153057915559
0.0144626759193
8.62052768535e-07
1.04104048713e-12
5.11018246389e-05
1.86272469091e-06
0.00338918629845
7.7806195869e-09
9.84674644895e-13
2.85501964382e-26
5.20033882622e-14
1.36714516112e-06
3.48429815369e-29
2.38086038509e-12
3.70665139861e-07
1.33370072099e-10
0.000265469114834
3.14564208419e-11
0.0153057915559
3.42899754416e-05
8.78894427635e-07
0.00270919075272
9.85542544962e-11
8.28165169878e-30
5.64238411561e-20
2.90253346764e-09
2.71192527368e-11
1.25153674698e-06
1.13140220027e-12
0.00203100720086
1.59034853008e-17
4.78296973345e-09
0.000255170744
7.08309478523e-08
1.3823474689e-15
8.85556606261e-07
0.0309358583565
7.05644621842e-12
2.44962718553e-17
0.00018051949277
9.695057942e-10
1.07902827635e-07
5.50082042642e-18
1.1938489338e-08
6.71298363411e-13
4.60766023917e-18
0.0309358583565
6.05552782325e-06
0.000354724901767
2.31604361519e-05
3.60858964015e-09
0.0236072378234
5.7878068084e-09
0.0236072378234
0.0309358583565
4.11020864847e-14
1.61329855053e-11
4.41860190551e-16
0.000188713877561
1.97922591068e-06
7.14157616857e-14
9.00290792326e-07
3.57562041109e-16
0.0144626759193
9.53368656422e-08
0.0309358583565
7.3724390452e-05
0.0309358583565
0.0156949218497
3.70106871731e-05
1.04459702202e-20
1.08190887384e-07
2.40308668856e-24
4.27931674659e-06
2.06279541785e-25
5.61341997768e-06
3.06076318281e-17
7.1039059733e-05
1.08540005351e-13
3.30742501805e-05
0.0236072378234
0.00020782100667
2.40641828729e-12
6.54513821512e-05
2.01688105218e-07
1.82523676435e-06
7.90639996365e-31
1.95824796471e-10
0.0309358583565
4.03435974802e-05
0.0146572410662
7.19311550804e-07
1.22176306526e-06
4.22869810713e-06
0.00158446235756
8.46096877184e-06
3.60987938069e-09
5.12845301635e-06
1.3165975957e-05
2.80007715044e-05
2.68969019236e-07
5.15696750416e-12
5.91027340217e-19
8.41517197662e-10
1.61965597151e-41
1.85450986394e-30
4.35603345657e-06
3.99032169247e-06
1.01054420434e-18
4.59646568952e-10
0.000416511887068
2.2696004885e-11
5.64890479057e-09
6.80698734172e-07
2.30982336736e-06
1.33214654072e-10
9.84916820159e-07
6.62047557058e-21
7.62638494088e-08
3.87018091664e-05
5.66423692434e-08
0.0030836182396
4.41014626026e-20
5.51916033372e-05
7.63783130411e-09
1.35833265325e-06
2.84258303867e-09
7.17054380857e-06
3.57679916245e-05
6.36325083607e-05
7.28362675269e-09
1.76077150682e-13
0.0144626759193
1.37804825122e-32
5.36763055271e-07
1.31993677721e-06
2.33391358797e-23
0.000969236477687
0.0309358583565
6.92087585686e-06
0.01504637136
2.75904968766e-10
1.49339175773e-10
2.11318330172e-11
3.20943638996e-13
5.58221982489e-11
1.73009381854e-17
2.05321494401e-16
8.12837255477e-05
6.50578582773e-17
3.62532330986e-09
3.11299846123e-08
2.02450829143e-23
1.9463299753e-22
7.26504111528e-24
2.29550735563e-11
0.0309358583565
8.89175764651e-13
5.79380695201e-08
7.12250348163e-11
3.98817031134e-10
3.63687953333e-05
5.38354630038e-14
4.60382438614e-05
1.80667945798e-09
0.00327117973944
1.56025382428e-09
0.000391219935066
1.90205440205e-08
0.00166991891741
8.16714145195e-16
4.20890663918e-07
7.07462660812e-05
3.73149173447e-22
5.10270643038e-05
8.82509652201e-11
2.25629951344e-08
8.04636459346e-09
0.00020782100667
5.98545975827e-09
3.25722197253e-12
4.47117537407e-05
0.0236072378234
3.92169861538e-22
3.65159369974e-08
2.20884452616e-06
0.00338918629845
1.0260516904e-19
5.04169062514e-07
1.10211364419e-28
2.43618602915e-26
1.79268123769e-05
0.00123099909078
8.03701198755e-15
7.19169517333e-26
1.35914469909e-05
0.0309358583565
5.25368000713e-11
4.35603345657e-06
0.00166991891741
0.00167683011831
4.0678224124e-05
0.00270919075272
1.17805212108e-21
3.5999775616e-16
0.0054757796146
0.000256733889572
2.37106056407e-08
3.86175955895e-11
9.6297269516e-07
0.00417858234741
5.91300199999e-16
5.7528767295e-06
4.41864185991e-52
1.85019083368e-09
0.0144626759193
0.000391219935066
7.36272187639e-10
8.10300350325e-05
7.53977457283e-13
2.07151403188e-05
0.0144626759193
4.18757043702e-08
6.45824134571e-05
1.1562250626e-05
0.0144626759193
1.72222912044e-07
0.00221714839036
0.0144626759193
3.3192501305e-06
0.0153057915559
0.000409809587591
5.64130074796e-19
0.0144626759193
0.000253648089768
0.00203100720086
0.0153057915559
0.0144626759193
0.0144626759193
1.97210496245e-06
6.62648715243e-21
0.0309358583565
1.90557976464e-15
0.0153057915559
7.61025779176e-11
0.0309358583565
2.22083221396e-21
6.8109884225e-06
1.94515748007e-14
2.56991486569e-11
2.36513761597e-05
3.15795608465e-17
5.4584850762e-07
6.8344662853e-06
3.99727246557e-05
0.000134862437104
1.09175739862e-43
3.88619821997e-05
7.59636056691e-10
1.03991075432e-07
0.0309358583565
0.0309358583565
2.52636348463e-07
0.000597427969184
0.0309358583565
4.23874125185e-18
0.0153057915559
3.48616135751e-06
6.00906570206e-11
1.82040843571e-13
4.26259690272e-17
9.76092597697e-14
3.52442722714e-06
1.54942589627e-06
1.44651291053e-09
1.89186771762e-22
0.0054757796146
0.0236072378234
3.39018076712e-05
9.37424854585e-23
0.0144626759193
0.00160577799465
0.000200286966103
5.36400849097e-30
3.57808334916e-14
5.28712217724e-18
1.05028020974e-07
1.91320080538e-11
6.02937809388e-12
0.01504637136
6.10993630036e-09
0.000969236477687
8.75378598368e-11
1.45704489063e-17
1.00746120085e-19
0.00200404692828
8.38750980332e-08
0.0156949218497
1.91225864959e-09
1.90847776432e-15
3.48895672183e-06
4.443985291e-17
1.43587561372e-07
0.0309358583565
3.78276935497e-19
3.00383489251e-05
0.0144626759193
0.00257563765227
2.15625766004e-14
0.0144626759193
5.69450642167e-15
0.0144626759193
3.00629489391e-07
0.0153057915559
0.0309358583565
4.2116862924e-05
8.24971277402e-05
3.01497238513e-10
0.01504637136
2.31604361519e-05
7.91497438249e-07
1.70072012711e-11
0.00428668333986
4.08489172821e-05
9.94157134354e-06
4.20058376581e-05
4.12535342506e-14
4.37448988936e-18
0.0153057915559
2.29335318871e-12
8.4396620381e-12
0.000256733889572
0.00417858234741
0.0054757796146
0.0054757796146
1.33126058348e-16
0.000170575622406
2.84410165441e-08
0.0309358583565
0.0144626759193
7.10771372561e-12
5.45915028934e-13
2.1025743997e-10
0.000969236477687
2.61336402568e-11
0.0146572410662
8.9977951539e-17
1.86430430067e-17
3.70795033872e-14
1.07458242808e-05
9.42325642369e-18
0.00146100151394
0.00022747338952
0.0146572410662
5.59533342511e-07
4.48967997987e-05
2.02103009284e-14
6.6251690783e-29
0.01504637136
0.000253648089768
6.60373285772e-16
1.47962270791e-08
2.13774162552e-24
0.000124353995437
6.51113986147e-06
0.000270046168538
1.25346307569e-11
0.00467955655841
1.36274019179e-07
0.0153057915559
0.0144626759193
0.00203100720086
0.0144626759193
5.89074382549e-07
2.22653966892e-13
0.0153057915559
1.16353563386e-06
3.90436520542e-08
2.05115347002e-07
0.00337521747289
1.69587406182e-16
1.97395619405e-06
0.000828301581698
3.87168218867e-17
0.01504637136
2.36255742251e-08
9.69293013097e-11