500
8.997382113e-07
2.99862581131e-06
5.30516209758e-08
4.53589769969e-05
5.98435727906e-14
9.94781733298e-22
6.06737642025e-07
1.24963809066e-39
1.87800251413e-09
1.15057997144e-07
0.0
2.50480355506e-06
5.63235520964e-10
3.45554715611e-17
9.29519783561e-06
0.0
3.30275604972e-06
3.09697976855e-08
3.61296434399e-12
0.00543991579171
3.96570607131e-07
2.53921132371e-05
0.0144879389963
2.69083450046e-26
4.06909957358e-09
0.000224562286656
1.26762808503e-17
5.84873024076e-06
1.23923078467e-06
1.86177140908e-16
5.56232342556e-05
0.00027668852444
2.10236753297e-10
2.03194228862e-24
0.0144879389963
0.0159866913062
0.00605488933268
8.78645713762e-12
0.0
0.0
0.000179778176217
5.7877560745e-07
0.0146544670307
0.0
1.20111161533e-07
2.11464506729e-30
6.00830943416e-11
2.9153821621e-05
0.000214602971114
6.73801172649e-12
8.82472098739e-05
0.0146544670307
0.00039415907007
3.1970839494e-15
3.96351939051e-14
0.0
9.00830169823e-06
0.00243525148369
0.0001983574513
2.97471392939e-05
1.14263116314e-06
0.0
0.00771579892905
1.87855215571e-07
0.0
0.00173825631553
0.00033633724162
1.14602556693e-11
1.29464601762e-10
0.0
0.00128283146684
0.0
1.02001694869e-06
0.00543991579171
2.73623239081e-06
6.72385778442e-11
2.32114530267e-12
2.35310692272e-08
2.65503612547e-07
4.91132028702e-09
1.63872246239e-17
7.34054989723e-10
0.00260918309737
0.00260918309737
2.74151761112e-05
2.52141228977e-05
1.63594458196e-07
0.000141999757834
1.2397244646e-08
2.36918809413e-05
6.86058128409e-08
2.710800086e-34
0.00114397124984
0.000179778176217
1.01395629727e-06
6.5743333446e-11
3.8831304405e-05
0.000145748595806
4.02578804716e-17
2.98283623225e-14
6.81422916737e-09
0.0
0.0235106727302
4.97152803815e-15
1.04801006551e-07
0.0159866913062
0.0159866913062
0.0
7.04295678935e-09
1.17362535116e-08
3.14867955519e-06
2.62370280365e-21
0.000193547600375
0.00548724345775
3.9409433346e-06
0.00771579892905
4.73758239416e-07
0.000200215135346
1.39563888142e-08
1.47905272114e-05
8.07205457031e-17
3.19880315273e-14
8.5729181802e-06
0.0
0.0
8.38823189693e-05
0.0144879389963
1.95286907239e-19
2.18010860024e-07
0.0
2.41406187589e-07
4.81720679026e-08
0.0017660093887
7.22217462277e-05
0.0159866913062
1.82116455532e-05
6.17779569902e-09
1.81952801696e-06
7.08514928385e-05
0.0
2.30629395253e-11
3.32528146577e-06
6.0818299489e-09
0.00122176758833
0.00243525148369
0.0146544670307
1.13570211592e-13
1.72441470916e-19
4.90156125907e-09
5.1351630776e-08
4.59887026926e-11
4.79946806849e-06
0.00026578757753
8.38213747214e-12
7.26665698144e-20
3.58571403695e-07
0.0
0.000184061421919
5.07724718045e-05
0.00206034428682
0.000565017125254
0.000142629505163
1.22820168822e-06
1.68860124698e-16
0.00543991579171
0.0159866913062
5.98977919226e-16
8.5289766565e-09
2.63357515966e-08
0.000489015446274
3.02277257955e-09
1.11026323843e-08
0.00771579892905
2.20101026161e-19
0.00548724345775
5.68419975171e-10
3.09331174933e-24
1.00022212677e-17
0.00152212524961
0.0159866913062
0.0144879389963
0.0144879389963
2.99815285395e-26
1.49633622945e-13
4.65941836185e-08
2.50700496335e-12
3.38211004772e-11
4.00896039655e-14
7.52723080352e-07
0.0
0.00771579892905
2.52742665067e-07
0.0159866913062
4.16519672929e-13
0.0144879389963
1.93421604357e-09
0.0
0.000489015446274
6.90795430775e-13
0.000118935335361
1.84594187303e-12
1.7815987415e-05
0.000110260244009
5.92470250076e-10
2.26853606583e-15
2.74398781668e-24
5.20029921684e-15
7.83226456329e-20
1.02729381219e-26
0.0144879389963
0.0146544670307
0.0159866913062
0.0017660093887
6.59229898375e-07
4.15394889525e-16
0.0
0.000616382318459
0.00812761862295
0.000156000288474
1.34881979729e-21
0.00104864031235
4.84767532363e-07
0.00543991579171
8.74851074104e-05
1.33306792733e-06
0.00010620180688
2.56884477944e-08
2.72753492007e-18
2.29016943473e-07
6.66674792198e-15
0.0146544670307
2.10382308083e-05
0.0
0.0159866913062
0.0
6.15584352448e-06
0.0146544670307
3.49808820111e-10
3.46688119632e-06
4.59232581066e-05
0.0
0.000686451892615
0.00265795296726
0.000118935335361
8.15515169786e-09
0.000629247568231
0.00543991579171
3.6124306582e-12
0.0144879389963
1.56129979813e-06
4.98012599147e-08
3.45480894903e-06
4.6482174141e-05
0.00543991579171
1.01256070797e-21
1.39696055592e-32
0.00133283736909
5.09251008588e-11
1.20545381867e-07
0.0
2.74078001395e-07
0.0
1.36849420725e-08
0.0
0.0
0.0146544670307
0.0
6.80352637947e-06
9.0340341326e-05
3.72198198708e-09
2.09488760581e-06
6.72256716228e-38
3.83057025005e-09
0.0
0.0159866913062
6.90536317363e-07
0.000171232578668
6.69123283454e-17
0.000458449827352
0.000164892785813
0.000956098874228
1.78302589122e-07
0.00243525148369
0.00243525148369
6.64050505846e-09
0.0
9.27137095714e-05
9.13787360539e-05
1.0810445766e-06
1.81672679006e-18
1.58849237908e-11
2.38557044303e-05
5.22267582646e-05
0.00159340162257
0.0146544670307
9.72939530982e-22
0.00605488933268
1.8195410406e-36
3.31862608954e-09
1.07912026254e-14
8.29169960991e-16
8.34729300646e-11
1.54665059881e-29
0.0159866913062
1.56132916736e-07
0.0
4.61107030307e-10
2.53078574459e-10
1.62216546744e-14
0.0
2.27126971096e-12
0.00543991579171
4.89120122877e-05
1.04336675398e-18
6.5394292031e-14
2.46764049665e-13
0.00466278496432
6.74035099322e-08
1.45765169663e-24
5.50014982367e-10
1.47123281205e-05
0.00159340162257
0.0
0.0159866913062
5.62277590516e-24
3.33653282395e-23
0.000722485090501
8.78942496788e-17
5.58769562935e-05
0.000904442329137
0.000838950096733
0.0159866913062
0.00205384575809
9.01181186346e-08
1.33293483866e-07
0.00104864031235
0.000354357622508
9.16693356512e-05
3.261461127e-06
9.59179220065e-05
4.18715160355e-11
1.48548819999e-07
2.53390477598e-17
4.066226565e-05
1.87682419062e-15
0.000156689387955
0.0159866913062
0.00128283146684
0.000155883037058
0.00543991579171
0.0
1.2357296668e-11
2.68704528932e-17
5.21355860694e-06
0.00243525148369
0.0159866913062
1.22960380759e-07
1.10579713962e-07
0.0
3.07379669712e-05
1.00116854327e-07
1.95376306658e-13
7.25702233216e-08
0.0
0.0
1.07159130383e-07
3.4653385066e-05
0.0
9.20540139568e-18
0.0
2.1952973927e-10
3.03881860903e-10
0.0144879389963
1.27268340505e-08
1.17330349692e-05
0.00771579892905
4.17159883669e-06
1.58446141784e-07
2.26261991534e-05
4.78041711803e-14
2.19260793772e-16
4.69420858409e-17
0.0
3.49838609545e-05
3.8343332964e-09
6.38400150079e-14
0.0
2.77050465912e-12
6.24674428043e-12
0.00605488933268
0.000103951221576
0.00543991579171
9.25770858817e-07
0.000119509794353
5.13427019731e-07
0.0159866913062
1.72477339834e-11
5.50721061166e-12
0.0159866913062
6.06974397371e-05
9.82246779105e-08
0.0
0.0235106727302
0.0159866913062
2.1439100773e-08
3.22290720125e-05
2.18815962969e-11
0.00243525148369
0.00771579892905
0.0
4.59382288727e-10
0.00240876987658
1.65097448157e-27
2.13677246964e-06
9.00727579234e-05
3.97023092586e-06
3.21327750943e-23
6.71631760896e-19
0.000291549848121
0.00555031522163
6.07733252301e-09
0.0
0.000175735860096
0.000591489996258
0.0
3.18265998778e-07
0.00771579892905
1.22935981571e-11
7.98707582813e-06
0.00033633724162
1.37932771225e-05
4.2292754994e-08
1.62202464091e-09
8.65169944472e-05
1.13651238816e-05
4.84768448428e-35
0.0144879389963
0.00771579892905
0.0235106727302
2.57895791839e-06
0.0144879389963
0.00771579892905
0.000616382318459
0.000525509139944
0.0159866913062
3.39152997955e-11
0.0146544670307
1.09691622015e-17
0.0
9.73290103707e-09
9.94972204903e-24
0.000141999757834
9.25049580736e-14
1.09567054469e-08
9.12091826838e-07
2.86726688429e-10
0.000356574515748
0.000443170248186
2.85157397174e-07
2.15671475249e-31
0.0159866913062
8.19191213075e-19
3.62634428573e-07
0.00243525148369
7.17650632018e-06
2.04659379944e-12
1.96789630006e-10
2.46992494735e-16
2.4386449007e-06
1.71257069275e-15
5.6253857231e-11
0.00240876987658
0.00543991579171
0.0
0.000226927043969
0.000155883037058
0.0
0.0144879389963
4.38631418101e-07
7.40494452603e-07
1.76099769294e-13
0.000354357622508
6.79564138229e-08
8.19650484935e-06
2.07261639951e-21
1.16313161371e-10
0.0
8.77890568902e-10
1.55208427143e-12
6.39563052623e-06
3.52743903388e-07
0.0017660093887
0.0144879389963
0.0159866913062
0.0159866913062
2.12022402059e-07
0.00205384575809
0.00240876987658
2.96628267418e-06
3.63813125117e-07