500
3.71597814587e-44
4.881640236e-34
3.32963757055e-20
9.81235919242e-06
5.89102153468e-65
3.72835405952e-36
4.4215493739e-35
5.09963528611e-27
1.25386919714e-13
1.31550715526e-05
8.39201494548e-10
4.87162522708e-17
2.19289890701e-09
4.8404203977e-55
7.65821964916e-59
1.46240324358e-12
1.35284679344e-22
4.40972970175e-31
3.85019987221e-38
7.17572055763e-06
1.65730464254e-105
7.40198468129e-06
9.79536917573e-55
8.7637519044e-58
8.15354846166e-41
4.81023691236e-16
1.06064829499e-15
4.50461601362e-14
2.39351080612e-38
2.45607248562e-14
5.97750802878e-35
2.95175243222e-23
4.80533556937e-15
3.39862834725e-51
9.3667337758e-18
3.54631488768e-60
1.81102098224e-43
7.82089957739e-17
2.64652774139e-33
5.99578605945e-52
3.51065210874e-143
3.68376797846e-13
2.62923876064e-17
6.32853677045e-23
6.77813608869e-15
9.43912394899e-26
5.03783749062e-09
3.99613463543e-79
1.4229515697e-06
1.27841208079e-32
4.26116870596e-35
6.86774604781e-32
4.03615434184e-25
5.5257812019e-81
7.84410081536e-36
2.21657265928e-83
1.41492519296e-07
3.64706948118e-97
2.22113838281e-08
2.86270019091e-44
9.01983898502e-21
6.50566121571e-53
4.72124155749e-16
3.83082982368e-55
1.57003220987e-19
2.67259816289e-77
1.873559625e-92
8.60981398667e-08
1.64704802574e-53
8.05401623306e-49
2.67037710492e-35
2.94978862744e-29
5.71333517804e-25
3.07725716438e-16
1.92684322085e-17
3.42836514583e-21
3.14575287802e-49
2.52790254284e-97
6.38746668782e-50
1.28564355333e-17
5.29513523279e-45
2.58497874062e-34
8.40453342832e-45
2.24950832483e-11
3.77372667601e-05
0.000598202723561
4.38504488465e-42
1.35867659744e-32
1.39918018902e-24
5.99778224151e-35
1.03080420369e-40
9.97173296874e-70
2.59892877014e-05
3.57414502818e-15
9.75447491374e-25
1.19113671445e-21
4.90629674176e-08
1.02712760949e-12
6.99833383344e-07
2.59807777869e-31
0.00536082474227
4.45215422766e-32
4.91435080847e-46
7.62879839046e-39
1.76447940941e-67
1.8918091385e-44
2.99851731768e-52
1.3954083328e-25
4.91613980635e-14
1.66783717555e-22
7.75322606973e-07
6.07357343288e-15
2.26000225529e-16
6.96198076515e-33
5.72542233267e-41
3.31503520577e-10
6.61864446342e-23
4.96312083725e-07
1.10810930326e-20
1.84047651159e-15
1.58537660887e-48
3.27956343844e-14
1.18983933683e-30
7.21595140169e-12
7.77802445587e-24
2.88069413587e-07
1.65583561372e-06
8.91452457591e-125
1.31522071911e-24
1.78435773157e-43
5.47431186212e-26
2.5482177817e-44
2.1935838046e-17
1.23635725825e-05
9.81754884323e-13
1.44581787734e-28
1.71538872106e-27
2.74407801163e-16
7.20824870641e-13
1.21086200121e-08
1.11757098004e-14
2.26477601955e-61
1.80913865634e-06
1.03983872943e-40
8.57014103704e-79
2.95413136177e-22
1.85544313458e-55
1.29437015566e-24
3.4606303727e-36
1.62585476433e-25
3.00656121312e-40
2.89278945423e-43
2.50020463671e-28
5.17616676867e-45
2.66137821936e-28
5.31273618786e-65
4.82322791747e-18
1.48035552233e-15
1.5171238544e-71
3.68237148645e-21
6.71914584644e-18
9.67037794031e-18
5.67843900654e-100
5.59249993337e-110
1.71566953061e-22
2.11107222432e-14
2.85210906887e-27
2.65490369694e-06
4.38964495433e-30
2.46944134574e-05
6.76260322368e-24
4.60504182827e-38
1.0447738145e-23
1.16938617374e-53
6.30971929258e-40
5.50125783899e-25
1.42538661345e-13
2.78736134105e-07
2.28173939434e-11
6.40157811979e-51
8.77438012474e-71
6.36988920572e-07
6.95964719078e-51
1.79995580386e-12
6.45181391324e-56
1.59576359176e-19
8.48194955103e-79
5.29890688672e-10
3.52639051387e-09
0.0
5.94485070763e-129
1.20634289781e-37
8.02141141089e-43
2.27361450192e-54
1.92560413007e-95
5.53753947798e-43
6.60471391109e-07
6.31482915957e-31
1.38195575126e-57
2.48791497784e-10
1.78354336012e-53
1.11986628882e-11
4.33551635554e-19
2.84071894806e-07
7.24991563193e-24
4.83196852353e-54
1.80512689185e-43
6.381381717e-30
9.07643225297e-06
5.11792103805e-42
1.84671808197e-07
8.5408862479e-25
2.36573018966e-39
4.1531513542e-05
4.95551173132e-36
1.67364749045e-21
2.94203022711e-30
1.69259740678e-10
7.36363151542e-06
2.46944134574e-05
1.51309563679e-18
8.25898296404e-22
3.78996221849e-10
2.99736982974e-41
3.31302509636e-39
7.93779625208e-74
3.28036824658e-07
3.85530146198e-94
3.32465739504e-49
9.28702143343e-40
1.21508660278e-48
2.21061193471e-17
2.21918159879e-61
2.63026798697e-08
1.91299673416e-58
3.77037249767e-15
6.13199640816e-26
1.9014245462e-34
2.53893207041e-55
4.86856687916e-22
2.15115984367e-12
1.51786119317e-51
7.4329434836e-50
4.38736009782e-28
1.91712294955e-26
4.36691157207e-07
1.78659482601e-42
1.40259016691e-05
7.62948009877e-85
1.40255452389e-32
2.26441524134e-17
4.64530722118e-20
6.28466346884e-46
9.53268300925e-09
1.08679983626e-18
2.18610653667e-124
3.88260638887e-19
6.61983825754e-32
2.91366079592e-12
4.04250512916e-44
3.38377797509e-28
8.08824105648e-18
5.29682555823e-23
7.42983967123e-11
1.88259930342e-71
4.55213036476e-22
1.18797788699e-15
3.74645265422e-59
2.2346546382e-09
3.17295586047e-54
3.93933615626e-39
2.70115031986e-23
3.38344361965e-20
3.27104975892e-50
1.41589913821e-15
1.08607508125e-05
1.10141742428e-24
1.56580275354e-86
3.45191465582e-90
6.96822537807e-17
9.66553119443e-07
5.07354509092e-17
5.80184323389e-10
4.46112952593e-07
1.95313283474e-79
1.238999804e-91
7.18145895689e-19
3.25257022832e-20
1.96383134714e-10
0.0015033557047
1.86973015243e-31
1.93002828654e-18
6.80085236889e-08
4.7643183558e-22
1.88364262461e-10
4.64423123992e-12
4.19702218104e-08
4.23315945646e-76
1.61646169153e-64
1.70771461411e-53
9.03866086112e-30
9.45979215047e-07
2.39343535618e-58
3.23266445722e-59
1.27526230822e-49
1.54766069963e-29
1.3008815935e-10
3.11755393395e-23
5.61241775975e-08
7.42759862499e-57
2.09461474719e-11
1.23650328734e-27
4.22083130508e-13
2.53471321853e-25
3.16408651109e-116
1.7856207419e-30
2.37681674484e-26
6.80500993743e-08
6.44159032038e-20
3.9808825977e-63
2.5624312915e-25
4.9291618668e-49
5.8939967256e-10
1.94113672195e-15
6.12710639275e-72
1.22473480783e-53
2.44757335343e-21
5.82079969827e-35
1.01013714282e-81
6.15962918418e-23
1.16160627777e-14
5.16040418276e-16
2.32671594546e-39
7.20995906144e-43
9.46167894267e-06
9.17592085977e-11
1.89530516384e-08
7.61009338099e-68
1.5703197662e-27
9.50936174439e-26
4.0999398059e-10
2.10025899337e-21
1.04471193445e-33
9.35060111274e-06
2.70157176644e-33
6.85187187075e-36
6.89829174493e-16
1.55268402748e-57
1.64042136526e-24
4.18049557822e-32
2.86656263719e-34
9.75604354071e-44
1.68284322378e-19
2.58594515935e-06
1.36180940322e-07
3.95325730245e-27
1.68668606052e-26
5.62854061825e-111
6.47264494154e-28
3.74688540885e-19
2.29709022592e-12
8.00571008056e-14
1.89969853039e-39
2.47102681494e-14
3.71405610167e-07
1.20077867452e-15
2.35421095877e-25
2.39465984569e-59
1.78657968903e-41
9.22427049091e-65
2.83902508364e-41
4.41542903757e-41
5.38168777114e-43
6.74188071048e-55
8.73364100761e-16
2.37573885293e-10
5.23609627105e-24
1.26430824707e-07
2.1396708547e-53
4.55020362777e-08
1.03072593719e-41
2.00424173148e-41
3.22016302234e-20
2.62426343579e-11
1.15744052851e-41
1.1206485099e-20
4.95910180792e-27
7.62197093524e-56
7.52142195168e-17
1.66864479917e-21
3.08832771691e-26
3.4815916647e-11
0.0
1.03610723605e-48
2.25992912475e-57
7.56980526777e-57
6.66145185357e-29
1.43925650338e-17
2.41755031114e-53
3.57161553541e-47
1.14726723577e-11
4.63475343029e-31
1.95575211062e-46
5.00490712747e-17
8.22576598034e-15
8.68951592792e-34
3.77372667601e-05
5.81948485144e-23
3.4462074836e-23
1.12988499096e-08
4.92182501386e-16
4.34746500361e-20
4.52168960801e-21
1.12261643268e-13
4.82480878302e-29
3.72571271663e-12
1.4282344277e-29
2.47738125466e-20
6.09295146037e-17
1.3233262834e-23
5.64743035327e-52
1.13860078732e-67
1.11013919807e-31
4.05387327673e-29
2.99448881031e-14
4.28878094194e-77
3.98165396367e-08
2.61148415227e-42
7.92240189405e-07
9.57329355819e-08
1.03305362348e-34
3.95297802333e-11
2.62994905292e-125
1.66055441894e-33
3.66492731742e-15
1.247498516e-59
3.32771466491e-36
5.1972466602e-52
5.80261849238e-12
9.17557472731e-23
1.10629412079e-11
1.558699115e-09
9.91269629841e-37
2.44100296196e-34
2.37500687952e-32
1.17181295561e-17
2.64100795884e-19
2.31559884374e-10
3.94379179565e-53
2.4335861323e-35
9.7192044176e-30
1.49501572555e-114
3.19873300846e-57
7.7701585903e-22
2.69774997109e-07
3.68600422541e-11
1.52785798748e-18
1.01936564756e-27
4.3570154548e-65
3.07004889267e-15
0.0015033557047
1.35266356543e-27
2.25645995451e-23
4.58356099468e-14
4.79911367006e-37
1.61696265307e-55
1.25241503214e-44
2.03472202179e-08
2.5753396552e-08
3.69437338006e-33
2.67417790629e-45
9.09670793466e-13
4.1343042684e-30
7.39457744681e-27
1.22920527256e-10
1.06768973286e-19
5.58300217489e-09
0.000598202723561
6.34648729025e-23
4.04415897063e-28
4.85476835721e-32
7.75873961911e-19
7.81436519199e-103
9.38713590736e-05
1.54769865712e-21
3.02407554232e-25
5.08451196841e-26
3.05591247029e-25
1.42769327615e-44
2.67799221998e-40
3.29602696221e-16
1.3420551851e-21
1.46000342719e-10
5.38346651391e-29
4.12351909618e-20
1.64411864671e-15
3.99730072341e-12
1.17043546303e-13
6.00220190434e-18
1.45476969282e-06