500
1.58920535725e-50
6.16627950408e-12
1.5342831309e-05
3.51945227618e-61
3.73663401666e-14
2.77257133456e-25
2.81467651537e-31
1.12393720787e-27
1.30253943203e-17
0.00119358289428
2.69230280661e-10
6.07600907557e-36
3.28297366551e-22
7.6877616836e-10
1.87967972993e-29
1.29007363121e-05
3.66568308908e-66
3.80444519538e-16
1.76351357691e-08
1.2439733863e-27
2.50502830195e-76
1.42666519453e-75
1.68471903105e-10
0.00119358289428
3.06214085483e-07
2.44437231642e-17
6.93775414573e-14
0.0
0.00119358289428
2.78161096188e-70
1.79610443601e-16
1.37184493632e-05
6.4619953033e-56
3.88671663314e-14
5.62854281658e-08
1.46653268047e-16
4.01008562453e-05
5.8044274841e-17
3.38226152962e-11
3.16480353343e-37
2.60906709877e-11
3.26901629733e-17
1.13410704447e-26
1.88445329365e-62
3.3975508409e-06
7.09187853715e-39
9.64523590532e-80
2.6378990188e-17
6.01691655855e-17
1.71349713899e-25
6.55656973372e-58
2.12931891305e-10
9.07076562345e-36
9.33667194195e-65
3.55224872151e-58
7.04992008429e-05
0.0
4.12418373909e-21
5.32130592017e-06
1.74474376779e-29
8.96973922614e-19
0.0
1.99858600081e-33
1.16600381597e-10
7.50774982843e-05
7.222268016e-16
1.64310360432e-12
1.06918484705e-15
4.46155615931e-06
0.0
7.24956798989e-10
1.72312910831e-07
3.40455026963e-11
0.0
6.96665104548e-33
1.8120505507e-24
2.07261837939e-12
0.0
2.11703980195e-25
9.57347949617e-17
3.82580152091e-09
4.86542905197e-133
2.85610122985e-11
0.000170925037417
0.000170925037417
3.7217246838e-06
1.76484687448e-83
1.23909423649e-37
1.42518553016e-15
1.93988021144e-13
1.49634255913e-16
2.57293158959e-16
6.60181667464e-10
1.31292474004e-16
3.90662145665e-19
2.0453412794e-114
1.70619222914e-07
2.57041519425e-21
1.28393449437e-08
1.34875070327e-11
1.11430739598e-15
3.7168910498e-11
3.08758360794e-65
8.34534979699e-21
2.64864993884e-16
4.19893193813e-25
9.54847727759e-06
4.29710891984e-15
8.31063302681e-56
9.75255016581e-26
1.96652184149e-07
3.34152092039e-70
4.10956931521e-38
1.2405239812e-27
0.0
4.99397752377e-19
2.40298048653e-27
1.03214441996e-60
2.19830779699e-10
7.02188793824e-23
8.57396865989e-11
8.627170068e-34
6.39846998834e-51
1.68074787828e-11
5.73489414418e-27
9.62978552406e-17
3.59974590403e-38
1.88379422476e-08
2.43848264081e-07
2.87768523204e-30
3.72689858287e-18
3.64823644196e-20
2.95766784812e-31
2.95104203189e-07
3.00542024713e-34
6.13199739017e-06
1.29076064742e-16
1.97090202465e-26
5.78850188368e-05
0.0
3.21974824268e-55
4.53247092471e-44
5.87677612123e-29
4.2642074906e-92
0.00119358289428
1.55638197041e-09
5.1565718634e-05
6.41548813376e-18
0.0
5.01878988883e-22
9.65255705222e-07
0.0
5.39928454528e-15
3.73659021568e-56
5.88009577715e-23
0.0
1.62729313958e-11
1.22647631522e-28
6.36435772342e-06
5.0254470982e-86
3.80073603156e-06
1.01579713869e-46
1.2872425024e-13
0.0
6.46285811603e-13
1.22040453134e-29
0.0
0.000170925037417
4.75919177558e-07
2.64129771887e-24
5.44449725454e-31
3.32932177989e-09
5.6721995006e-33
4.67975878532e-10
2.52103782635e-74
0.00119358289428
0.00119358289428
3.82303177962e-37
2.59838564631e-28
6.02301609075e-18
1.00333305491e-77
1.24990597664e-24
4.67346131429e-29
1.84182909696e-09
1.27587403786e-08
1.0243112278e-70
2.78795262098e-10
2.2850657295e-28
9.70961256455e-19
4.66121669774e-22
7.89383249313e-08
1.21814158196e-16
4.94094541319e-35
3.9252369612e-08
0.000235027587674
9.30530112932e-11
0.0
4.42046193694e-16
5.14515098427e-10
2.4718439442e-07
6.60389326823e-29
7.80148191457e-14
1.10781041663e-22
2.88348528975e-15
1.11017924055e-07
2.28406399708e-07
6.6430585607e-20
0.0
3.39028050533e-07
1.96698655713e-24
2.37468017157e-28
0.0
4.18628301125e-43
1.5937220074e-15
1.41862829674e-39
1.4763115595e-26
4.60851381188e-33
4.1554110707e-64
1.22831003561e-08
1.96619544539e-08
0.0
4.48002353052e-32
3.06617726487e-11
2.14165429553e-31
1.18563576086e-07
6.03404485553e-20
2.37398842293e-173
3.52133009831e-32
5.52827705574e-37
0.0
3.62622049495e-18
1.4502316465e-12
1.49248809454e-17
1.46648916429e-15
2.05428544998e-12
4.26031997999e-36
6.2030317578e-24
2.06718100586e-21
2.14707110599e-62
2.65889318958e-28
5.21869063601e-27
2.65585974206e-07
4.87647304498e-12
3.77453910849e-41
2.72720006034e-57
4.96908271324e-33
1.64797993657e-109
1.51614422187e-13
0.000351309096643
1.39639903259e-14
0.000163648110141
1.75958689365e-23
2.438806182e-16
0.0
0.0
3.65201158561e-49
1.60361536886e-07
3.74317469128e-15
3.86313543313e-33
0.0
2.38658906132e-12
1.06820108869e-43
5.84061833994e-54
1.029797704e-25
1.93922324346e-77
1.40788212709e-16
3.16750686804e-25
8.97694703735e-100
1.52378667263e-15
4.67230174752e-37
2.2480180833e-17
3.10107138059e-56
5.67198123483e-21
5.02158688629e-55
3.43494409195e-16
3.38101011937e-12
4.64236433127e-115
0.0
4.17797955735e-50
2.29184796154e-21
3.02953702432e-15
4.42476645301e-17
6.45864280397e-96
3.0718605594e-57
4.73364567479e-19
3.47582926787e-07
8.12462504457e-13
1.27631654888e-17
2.43337334137e-40
1.97573608706e-17
6.83932322101e-30
4.01951009791e-14
0.0
1.93399832854e-22
4.91310170959e-25
3.10560164046e-50
1.5891325317e-21
7.33546852581e-21
5.38319853077e-09
0.0
1.10398865215e-22
1.20941582415e-10
3.28380156831e-32
7.59325784323e-05
3.52628775745e-45
4.73844855766e-25
4.29022048701e-64
8.07452164538e-39
3.63944632834e-25
4.03900085406e-06
1.32985196928e-20
7.09812823677e-29
7.28683331649e-24
4.58058889466e-18
2.62269690234e-12
1.49434319709e-51
1.10526861596e-17
0.0
5.09788923372e-36
0.00119358289428
8.92721833738e-30
4.0947295506e-22
8.07587712197e-18
7.41956145136e-36
2.23128545559e-11
1.93052127399e-20
1.023000636e-163
1.68262057803e-28
7.60020275396e-08
2.57464365685e-40
5.89693478571e-28
6.89816920716e-46
0.00119358289428
2.09731572247e-10
7.26959543829e-11
1.66881711273e-32
2.64001287615e-57
0.0
1.107037916e-35
5.53700911813e-07
4.76162742847e-13
1.88418940899e-63
1.85245222618e-09
7.22791689878e-21
6.34809364953e-28
6.93196435972e-32
5.71805648865e-12
6.44801011087e-64
1.02308978729e-30
4.38336268133e-27
9.41418752665e-09
4.86415815456e-05
3.54797429052e-13
2.98029649857e-30
5.99282045079e-34
1.00139813179e-09
3.07059423335e-10
5.99376172649e-13
8.51658197929e-35
3.45036282192e-10
1.73494685093e-37
4.19031907547e-70
1.28759742602e-08
0.00119358289428
7.15603039727e-20
0.000184573483724
1.04258889359e-18
1.18620823258e-16
2.27787680392e-30
7.37718072457e-31
1.26588284233e-39
2.0424121429e-28
4.09927699426e-18
7.22754159628e-47
9.93266838115e-25
3.38399514236e-09
0.00276492460597
0.0
3.74379208883e-09
1.84925981806e-16
9.46842455399e-46
2.36808390138e-09
2.81966361049e-42
2.11681676228e-06
0.0
4.9928522076e-18
8.52064065142e-06
1.37416756178e-28
0.00119358289428
5.97136921447e-36
2.2052000201e-05
2.02888904029e-40
6.87713876168e-12
8.46277645776e-26
1.00012229007e-07
0.00119358289428
0.000170925037417
1.90468371779e-15
8.16862363712e-46
4.50304287402e-11
4.43469224963e-10
4.31262625292e-25
0.00119358289428
6.50443230653e-06
3.36173802044e-09
5.67865794651e-05
4.53823913878e-39
5.25482532358e-05
3.35682141446e-27
1.2026040152e-05
5.81819727201e-21
7.75740101668e-05
5.06716604356e-26
2.18688614552e-19
4.16250575516e-53
3.15923649317e-33
0.0
2.25520052284e-39
1.12151728404e-30
1.7699817305e-43
0.0
1.82569169293e-17
1.37932704e-66
0.00119358289428
6.41454736312e-33
4.96923015366e-16
7.94817718911e-43
0.0
5.40904662774e-16
1.5668521598e-23
6.27182299225e-06
1.76184152523e-35
7.2470739886e-12
4.49367901777e-83
1.49788481251e-08
1.32796756528e-06
0.0
8.51899531239e-63
3.03655271227e-15
6.01711408e-09
1.42861061032e-34
1.34909729155e-54
3.76369996997e-22
2.84448360573e-11
1.47744311274e-19
0.0
1.9652182292e-10
1.85745376334e-05
2.45735297838e-11
6.68327853607e-06
1.16333813303e-23
1.63535111283e-20
1.65806609246e-29
3.72342692664e-06
1.74588619348e-20
5.32130592017e-06
7.10682256238e-22
4.04273624206e-38
2.81408833282e-19
4.1196149969e-15
1.44346620318e-22
0.000170925037417
2.57658472535e-14
2.38112115206e-10
8.73499611215e-05
1.48664482643e-38
3.10660416239e-11
5.17442168394e-73
6.99768771897e-36
7.0516665831e-18
9.50498509696e-11
0.00119358289428
2.24805936564e-14
3.46665568979e-48
5.67865794651e-05
1.92855058168e-35
1.77408585375e-39
3.63539445872e-05
1.02981494812e-16
1.9417066213e-36
2.75936743645e-12
1.03913475325e-18
1.08510419769e-23
1.08848124914e-09
5.02174533039e-06
1.38890455273e-31
0.0
1.33482285677e-36
8.46893809187e-37
4.20597198013e-11
7.79460704922e-12
8.74041653103e-13
3.94408823667e-26
3.2085988233e-19
6.2699537715e-08
4.24963084907e-84
7.07351067741e-40
3.06896747013e-24
6.29007309815e-19
2.79687802509e-28