500
1.14006711236e-07
0.0
8.68999075477e-23
4.27771623601e-05
2.95326754588e-17
2.6636181408e-06
0.01112834949
0.0
1.49844676058e-06
4.34865046206e-09
0.0
0.0
1.22770757743e-07
0.000278868768368
0.0
0.00021089388349
9.44676290129e-06
0.00255559484286
0.0
0.00255559484286
0.00255559484286
0.0
0.000156656741861
0.000243811459692
0.00310690786172
0.00416721606006
6.91740163269e-05
1.65046318476e-11
1.88425545407e-09
0.0
3.3733805895e-09
0.01112834949
0.000156656741861
4.44111256641e-09
0.000277237214938
0.000106688355623
0.0
0.000730618442521
4.25807158475e-06
3.5013173434e-06
0.01112834949
1.01286312847e-11
0.0
0.0356084444773
0.0
0.0
0.0
3.41385245598e-05
0.000100953930227
3.86860622183e-07
1.20184904678e-16
0.00416721606006
0.000313766108126
0.00884147140155
3.92190965939e-09
0.0
1.43164921098e-06
9.11527807365e-05
1.16334753817e-06
0.0
0.0
0.0
3.88376112716e-05
0.00255559484286
0.000151208169981
1.43266339654e-12
3.52791065241e-14
0.0
1.77918775477e-10
6.75531486807e-05
0.0110266855752
0.0052874222469
6.82503462291e-07
0.0
6.44286300041e-06
0.000126669724952
3.91052146112e-06
0.0
1.6442375238e-06
0.000715154401116
2.76394480524e-09
0.0
0.00255559484286
8.41815042669e-05
0.01112834949
0.0
0.01112834949
0.0
1.221617055e-08
0.000126669724952
0.000872552174812
4.77146221392e-05
0.0
0.0110266855752
1.49192785386e-07
0.00416721606006
0.00255559484286
7.14300987403e-06
7.66405173472e-05
0.00416721606006
0.000559521434899
0.000354119562667
0.00416721606006
1.02437815087e-20
1.05915104104e-08
0.01112834949
0.0
0.000388569613884
7.51584196648e-08
0.000176014315708
3.74158175096e-05
0.0
0.000125418518032
3.29854190355e-06
6.95845430233e-08
0.000277237214938
0.0
3.15128786498e-10
7.36267999637e-05
0.0
5.99968519637e-10
0.000715154401116
0.0
0.00149949906479
0.00255559484286
3.94983324116e-08
0.000363577227062
0.0
2.29215698174e-06
0.01112834949
0.00323648386213
3.91236577067e-10
9.90459386648e-18
1.03757715545e-08
0.00177050251983
0.0
0.0
0.0
4.6216958691e-06
0.0
0.00416721606006
6.40544213242e-05
7.29632555408e-05
0.000106688355623
9.23767156477e-16
4.25789831712e-08
5.29707262327e-05
0.00323648386213
0.0
9.66281482699e-11
0.000313766108126
5.34529288212e-17
0.000293310042787
4.45317631018e-05
0.000258267951966
0.00264391687945
0.0
1.565278364e-16
0.0106208870295
3.42834124254e-05
0.0
1.10899437272e-05
0.00255559484286
0.000126669724952
2.69783104234e-16
1.65336549373e-05
6.13466885914e-22
4.21215734465e-06
0.0
0.0
3.39011065601e-05
0.00310690786172
2.75027833286e-17
3.34684887889e-09
1.35227946341e-15
0.0
3.40581935022e-07
0.000158550099474
8.07501691738e-09
0.000234552336638
0.0
0.0
0.00080529088852
0.00171762742864
1.1777028148e-06
6.91740163269e-05
0.000872552174812
0.0
0.0
5.98999116064e-05
7.16958245119e-10
0.0
0.0
0.000213755700283
0.000287770244451
3.28118679141e-06
0.000186668584452
0.000268268838389
0.00092760025894
0.00118367711848
9.8841204109e-05
7.29632555408e-05
0.0
0.0
0.00255559484286
0.00255559484286
0.00265233778151
2.78715521973e-06
1.61471739995e-13
3.48291001829e-09
4.43757024419e-08
7.98046172019e-09
2.85946202589e-07
0.01112834949
0.000204049178145
0.0
7.17986626243e-06
6.11554518682e-14
7.48777455448e-05
0.000173040467383
1.12499527982e-05
0.0
1.15134866177e-06
0.000234552336638
1.30569142565e-07
3.96086269602e-10
4.4670487133e-08
0.00264391687945
3.44867301967e-05
0.0
6.74962411115e-05
0.00416721606006
0.000270692894955
3.32800263463e-08
0.01112834949
0.000126669724952
0.0146416097964
4.29246423226e-15
2.38022095623e-06
7.33031795465e-07
2.70543828939e-14
5.06906090141e-07
0.000106688355623
0.0
0.0
3.05242506987e-10
1.2009252326e-08
0.0
7.66405173472e-05
7.38756675203e-09
9.11527807365e-05
0.0
4.66750144433e-08
0.000388569613884
7.72038449923e-05
7.29632555408e-05
0.0
0.0
1.94810836113e-05
3.49450083319e-08
1.137756178e-08
0.0
0.0
8.10037703718e-06
1.12356268679e-15
0.0
0.0
9.14209137827e-10
0.00416721606006
2.31695116233e-06
0.01112834949
0.000268268838389
2.39216905007e-06
0.00021089388349
1.57846788284e-06
2.82948329511e-14
0.0
8.31503926224e-08
0.000268268838389
1.46912712179e-05
0.000351808814502
1.36421368806e-09
3.88376112716e-05
3.88376112716e-05
0.000126669724952
0.0
3.58590621158e-05
0.0
0.00044173199215
0.0
0.00255559484286
0.0
1.50808480825e-06
0.0
0.000388569613884
5.56595135657e-06
0.01112834949
6.46467040144e-10
3.42651194565e-06
1.12050009883e-05
4.68519665709e-08
6.4030627666e-07
2.54028907558e-15
0.0
0.00015079571925
0.0
0.0
0.0
0.00255559484286
0.000313766108126
0.00255559484286
5.32833852179e-07
0.01112834949
1.04573157207e-05
4.15514534814e-06
0.0
2.66545549475e-06
5.69247851471e-05
0.01112834949
0.0
0.01112834949
3.11894832535e-11
0.000693279616144
0.0
0.0106208870295
0.0
8.477269958e-17
2.52568375862e-05
2.15652443583e-08
0.0
0.0
0.0
0.00416721606006
0.000126669724952
0.00416721606006
0.00255559484286
0.00255559484286
2.032706495e-06
1.09439825216e-08
5.18729547791e-12
0.00255559484286
1.56214912552e-07
0.00118367711848
5.05366645706e-10
6.26995944263e-09
1.73703514756e-11
0.0
3.49190072772e-09
0.000388569613884
0.000302060120956
0.01112834949
0.00255559484286
0.000120164772438
0.0033742162794
2.15068252649e-08
1.73223532539e-18
0.000100953930227
0.0
2.33443241054e-15
0.00021089388349
0.0033742162794
1.33775144207e-15
0.000775164603875
0.00255559484286
1.05545986117e-07
0.0
0.0
0.000715154401116
0.000186668584452
0.000257875139205
0.000715154401116
0.0
5.33540532489e-12
0.01112834949
0.0
1.0306840977e-07
0.0
0.0
0.00255559484286
0.0
0.0
0.0
1.00515988629e-06
2.30910491276e-11
0.0
0.0
6.51080330351e-07
0.000388569613884
3.77702942733e-07
0.0
0.00255559484286
0.00255559484286
0.0
0.0033850609686
0.00416721606006
0.00255559484286
1.15671603313e-13
0.000270692894955
3.69574236931e-15
0.0
1.41540964034e-06
0.00255559484286
1.71183087208e-07
0.0126212987388
1.20329086474e-05
0.000388569613884
0.0
0.01112834949
2.48141379059e-05
0.01112834949
9.74211608078e-08
0.00264391687945
1.77614800604e-17
1.99756498944e-05
0.00255559484286
0.0
0.0
3.40070362294e-05
0.00255559484286
0.00255559484286
2.04841542212e-16
0.00255559484286
0.00255559484286
2.53704062649e-08
4.57489692583e-10
6.80082328557e-05
9.2903886072e-07
2.22444500246e-08
0.0
4.22078239418e-21
7.08282338977e-05
7.01695651779e-08
3.3029819433e-05
6.11425820316e-06
0.0
0.000872552174812
1.46667771568e-05
7.48777455448e-05
0.000126669724952
0.000270692894955
0.000270692894955
0.0
0.0
0.0
0.00416721606006
1.76080712928e-10
2.45483827503e-12
4.92122804446e-05
0.0
0.0
0.000126669724952
0.000270692894955
3.99210367252e-08
5.72155860187e-10
0.0356084444773
1.64602925391e-17
0.0
3.97406031212e-07
0.000151208169981
0.0
0.00416721606006
0.0
9.16380239184e-06
0.0
9.31126530851e-09
0.0
0.000413449622319
0.000313766108126
0.0146416097964
0.000872552174812
6.31018510774e-07
0.0
4.07441365285e-09
0.00278744992456
2.82746717546e-05
0.00416721606006
7.72038449923e-05
1.45149807994e-07
9.34333155653e-10
0.0
4.35628961687e-07
0.0
0.000693279616144
0.00416721606006
0.0
3.40997168286e-07
0.0
1.89262378615e-08
4.81722322641e-14
1.41159174951e-10
0.0106208870295
0.0
2.75597882544e-07
0.000176014315708
0.000270692894955
9.082268045e-05
0.00416721606006
0.0
3.34270543944e-09
0.000106688355623