500
0.000150113363636
8.21934344103e-08
0.000274926666798
0.000739044440582
0.00553788660575
0.0111993600249
4.8270964903e-05
1.50303734697e-05
0.000135027342358
6.11054640013e-05
8.67006357977e-10
1.60199756032e-18
0.000524990099241
0.00304024995536
9.75542445185e-09
1.983314779e-05
0.0111993600249
2.0825390761e-06
0.0249048076924
0.00198176769611
0.00261422717183
0.00141810113724
1.67857682452e-07
0.0249048076924
4.18981806657e-15
9.45313403178e-07
0.00954064481067
9.22050555672e-10
1.13499024943e-13
2.905058791e-05
2.00247197308e-21
0.000524990099241
1.30396151831e-11
4.58689233596e-13
0.000333120731703
6.8347158399e-19
0.000524990099241
1.86093449342e-06
1.63593974373e-07
1.70289599393e-09
0.000726094588698
1.27933936964e-05
5.44116280583e-43
1.50033099038e-14
0.00261422717183
6.77713555307e-17
0.0111993600249
3.46727854349e-07
4.62281296676e-10
8.8706635245e-06
3.61447835636e-06
0.000739044440582
1.90808314951e-14
2.1032572296e-08
0.000613750838951
6.80554468214e-06
0.0042402337575
3.61978526914e-07
0.00115090897357
3.08355925608e-13
9.92839634576e-05
7.64204595743e-06
0.0249048076924
2.16178710338e-07
0.00233741001408
1.01872214201e-05
2.63369197901e-14
1.98624729525e-06
0.0124131089737
3.08960635763e-09
0.0042402337575
1.49829195656e-14
8.47026670204e-08
1.69491810469e-12
1.13013962176e-08
1.20327239409e-05
4.78729088068e-09
4.21751638948e-06
7.26855376784e-05
0.000274926666798
1.33046004395e-05
0.000524990099241
1.38534414122e-07
5.57291931316e-05
0.0249048076924
3.0852181892e-09
0.00954064481067
1.57268231686e-08
4.83130509551e-05
6.96148932308e-11
0.00261422717183
1.10795232248e-07
0.00261422717183
7.89455540631e-17
0.000106458315904
0.00102418102332
0.001359704357
2.84038343031e-08
1.89518745052e-05
0.000135027342358
2.60684723971e-09
2.35883248495e-07
0.00233741001408
0.00261422717183
0.0161053931757
0.00261422717183
3.44534102601e-11
0.00563452670045
0.000291204496652
0.000202103561473
7.03026378762e-08
1.472731143e-07
7.34723077961e-07
1.87757637739e-10
1.27094502177e-05
8.01997424541e-18
6.09181721605e-05
1.1015397504e-08
5.18774314419e-05
0.00261422717183
0.00101898373446
0.0249048076924
0.00261422717183
5.21968025425e-06
0.00261422717183
0.0113527877967
0.000291204496652
0.000923233573884
5.22895693638e-07
0.00304024995536
3.16605432131e-18
6.66840120417e-09
7.59230439436e-07
2.73574709849e-07
0.0113527877967
0.000524990099241
1.75295790311e-06
0.000184560962782
0.00261422717183
1.04973036428e-16
0.0124131089737
5.25033603651e-06
0.00261422717183
7.30872089411e-10
1.48675640142e-05
2.53617295527e-05
0.0113527877967
6.34044686097e-05
2.48738246396e-10
0.000524990099241
0.00495245262013
6.66306698022e-12
8.23948973898e-07
4.46545041626e-05
6.46833308263e-06
0.0130943671374
1.27933936964e-05
0.0124131089737
0.001359704357
0.00954064481067
3.61447835636e-06
1.87023809247e-13
0.0249048076924
9.25955440392e-08
1.08016108869e-06
4.95062148226e-08
6.2428836479e-07
0.0042402337575
8.41247634707e-08
8.17953847186e-06
5.52647992996e-24
8.36445016908e-17
0.000333120731703
3.27797573316e-07
1.47405445743e-09
4.87986841322e-12
0.000524990099241
3.51829585493e-05
4.30972386272e-11
0.00261422717183
4.45026423558e-06
0.0042402337575
0.00233741001408
1.98478516648e-06
1.58960373732e-10
2.15276000086e-09
7.91378630055e-14
4.10631268574e-05
5.11785236046e-07
0.00198176769611
8.92248622239e-06
8.62815191628e-07
0.00102418102332
3.36229593781e-23
4.04901633644e-08
1.72159658227e-07
0.0249048076924
0.000726094588698
1.7715335835e-06
3.31582953499e-05
0.00954064481067
0.000325762551662
3.18028657641e-10
1.93052135662e-11
0.000184560962782
6.20575065176e-05
0.000914596287099
4.54258382838e-19
0.0249048076924
1.06502744995e-05
8.71321107218e-12
8.08479525719e-06
2.12440856015e-22
0.000168642188929
5.01788990352e-10
0.00954064481067
4.55707008093e-12
5.06698471868e-07
1.59860231899e-05
0.00198176769611
2.80618921889e-05
0.0249048076924
0.0249048076924
9.16538429267e-11
2.3389065278e-05
2.26449829013e-08
5.43901898572e-13
0.0111993600249
0.000159653946608
0.00261422717183
0.00261422717183
0.001359704357
2.35515683677e-13
0.00131367353721
1.48738958299e-09
0.000484882246459
1.54924161357e-05
9.13713652532e-07
0.00233741001408
3.21529858319e-36
5.82375178561e-08
3.53603765038e-08
0.00115090897357
2.47808454396e-07
0.0111993600249
1.48375571873e-06
0.0124131089737
0.0124131089737
0.0161053931757
5.48058378236e-09
0.000199008254015
0.0113527877967
0.0113527877967
4.13922351158e-12
0.001359704357
0.00231972979077
9.1878164634e-10
3.82800410326e-08
0.00101898373446
0.0111993600249
3.6952608382e-06
1.73375634404e-05
1.87967928041e-06
3.55944965472e-09
1.07573845906e-06
4.7596902086e-15
0.00233741001408
0.0113527877967
2.82108019587e-08
0.0124131089737
9.78074544268e-07
9.6674928608e-11
3.10083429432e-05
2.8268245512e-05
2.04830734589e-15
8.08508108125e-24
0.00954064481067
1.14754350592e-08
2.8238648358e-09
1.20877273297e-09
2.53941635381e-09
0.0042402337575
0.0161053931757
2.53617295527e-05
1.03239094428e-08
0.00231972979077
5.00831430593e-18
0.00261422717183
1.72916939126e-08
8.58992099673e-05
0.000202103561473
0.00261422717183
8.30450617059e-06
3.42666034632e-11
2.81280332583e-11
3.52698829963e-09
1.67313954253e-07
0.00131367353721
0.00198176769611
0.000739044440582
1.8361211976e-09
1.24142911136e-05
0.00534653235375
0.0124131089737
1.75895115638e-08
0.0113527877967
1.31620544961e-06
0.0113527877967
0.00136476478895
0.00025245256381
0.0113527877967
8.01913813883e-06
0.00101898373446
0.00233741001408
0.001359704357
6.09181721605e-05
8.848064205e-08
0.000790209645221
0.0161053931757
0.00261422717183
6.83500411944e-05
1.97045387166e-09
1.24142370764e-12
1.47101070207e-06
0.00261422717183
1.44185185487e-07
3.37966665142e-05
8.92311898368e-08
0.0249048076924
0.00954064481067
4.86421266552e-19
4.13471070682e-05
2.01714063218e-11
0.00954064481067
2.05414106392e-10
0.0111993600249
0.00954064481067
0.0249048076924
6.60216266131e-11
0.0124131089737
1.13971742738e-08
0.00231972979077
2.71780768811e-10
2.53617295527e-05
1.42854173876e-07
2.9941018708e-08
1.54924161357e-05
0.000923233573884
2.48693259838e-11
1.9475174687e-13
0.00261422717183
1.40418553701e-33
8.56486667669e-09
0.00261422717183
0.00954064481067
9.79346536015e-05
0.00534653235375
0.00954064481067
9.61840315131e-05
8.18274421308e-06
4.73782056395e-07
0.001359704357
9.09247819098e-18
0.00261422717183
0.000150113363636
2.01551716748e-06
0.00304024995536
9.28094258366e-06
4.87245361224e-23
1.43559503894e-06
8.69658517402e-10
3.74862646377e-06
1.28757717414e-10
0.0042402337575
0.001359704357
2.2292639031e-09
0.0113527877967
0.0113527877967
6.21074556316e-10
8.09532847903e-05
3.42143695074e-10
9.51428688844e-21
6.06676591333e-05
4.58725024558e-06
4.40007967637e-05
1.41381673598e-05
9.22370112007e-06
5.862277967e-11
9.73902505122e-05
0.000143961642452
0.0113527877967
0.0249048076924
1.65489732256e-09
3.5637427953e-08
1.41474939811e-15
0.0113527877967
0.00261422717183
3.06574861568e-10
0.00261422717183
2.27454465075e-18
5.72654875691e-06
0.00563452670045
0.000757818463297
5.0049817355e-08
0.00261422717183
1.17612292211e-08
7.91609277008e-08
0.000333120731703
1.95510691573e-08
0.00553788660575
5.32045167783e-06
0.00025245256381
7.32070719982e-06
2.03931407703e-05
0.00954064481067
7.08621855764e-06
2.96476352063e-07
0.0111993600249
0.00261422717183
0.00534653235375
0.00954064481067
7.01394109606e-07
0.00261422717183
0.000333120731703
0.0111993600249
4.16839075951e-11
6.11054640013e-05
0.0249048076924
0.00140096309652
0.000484882246459
1.14197215096e-08
3.78695890404e-08
6.86332613296e-26
1.09231857493e-11
3.41527916248e-17
2.40784808059e-19
0.00954064481067
6.68707321553e-10
7.73575910726e-06
0.0161053931757
0.001359704357
1.2400538657e-07
5.83906248927e-09
4.40007967637e-05
2.00540128117e-06
0.000524990099241
0.0124131089737
0.00233741001408
3.02347346335e-13
0.000524990099241
0.000128766470502
1.24269702321e-08
0.000445486497315
1.82453084386e-05
0.000325762551662
0.0111993600249
0.000154454140537
1.53415711541e-06
7.33310023959e-12
4.74628386803e-05
0.0113527877967
4.91031632753e-10
0.00133710282314
0.000613750838951
5.5709023716e-06
0.000739044440582
2.36613487566e-13
0.00115090897357
0.00261422717183
7.74163410965e-17
0.00304024995536
0.00304024995536
1.6603014741e-11
3.54783019176e-09
0.00304024995536
2.21037279689e-09
0.001359704357
0.0161053931757
1.28927300876e-07
1.3128785598e-12
6.11054640013e-05
6.6199562765e-10
8.03823175541e-09
3.07154246755e-08
4.45026423558e-06
1.18774643395e-05
0.00304024995536
7.33845295741e-05
0.000333120731703
0.000318318724247
0.00233741001408
0.00141810113724
2.93957803436e-06
6.39837345295e-07
0.00101898373446
0.0124131089737
0.0111993600249
9.13397513494e-08
0.00136476478895
0.00261422717183