500
0.000871074721818
1.93070117885e-07
0.000920329476238
0.00347884659223
0.00341458657115
0.00895901196051
9.15984433422e-05
0.000368664449449
0.0
0.000600595300634
4.00297217854e-09
0.0
0.00108503403547
0.00597371280158
3.75904520448e-06
0.000243620289607
0.00895901196051
9.52530226178e-06
0.01575
0.00447867948152
0.0128041283623
0.00286251453557
7.25345448056e-07
0.01575
8.02411966566e-17
2.47314324901e-05
0.0126392522667
1.15123723763e-08
1.42469188848e-11
2.62003322841e-05
0.0
0.00108503403547
6.49417398268e-10
7.91291772611e-11
0.00114502491883
6.23087880101e-15
0.00108503403547
4.9510601484e-05
3.17746145696e-06
0.0
0.000382453209823
6.5041231747e-05
3.90276234343e-42
1.07417891102e-14
0.0128041283623
1.36068524407e-13
0.00895901196051
1.56659801085e-05
2.56575337401e-07
4.00575190801e-05
9.3931865407e-05
0.00347884659223
2.39519412454e-12
9.58870861884e-08
0.00120005426351
4.54772270999e-05
0.00869534547035
1.18990032785e-05
0.00199735461682
1.22228939454e-09
0.000147138423288
5.64176667294e-05
0.01575
3.2788148186e-07
0.00373790789834
7.51562080576e-05
1.43986662677e-10
0.0
0.0187876550133
7.81010025982e-09
0.00869534547035
7.58489905528e-16
5.56560675458e-09
1.36706730229e-10
2.66418252502e-10
0.000188431236388
5.13478329714e-08
7.87008462222e-05
0.000102350808766
0.000920329476238
0.000118382619403
0.00108503403547
0.0
0.000593603986005
0.01575
2.11152666058e-09
0.0126392522667
5.40876543109e-07
0.000420640053702
7.07550418864e-09
0.0128041283623
1.0628883307e-05
0.0128041283623
2.54466000627e-11
0.000623877088837
0.001074449765
0.00355871310199
8.47516181466e-07
0.000408973676227
0.0
2.44668858021e-08
1.3608648897e-05
0.00373790789834
0.0128041283623
0.0122867927258
0.0128041283623
2.01196735604e-12
0.00562107268853
0.00245376640108
0.000883747147798
1.1209647982e-05
3.85180684238e-06
7.0984550948e-06
1.82386312514e-10
2.48991617309e-05
2.54024775653e-14
0.000467540238558
3.86891130757e-10
4.9128863055e-05
0.0128041283623
0.00401672608626
0.01575
0.0128041283623
2.35484165405e-05
0.0128041283623
0.0126708253054
0.00245376640108
0.00175773976994
3.49812180969e-06
0.00597371280158
6.18771092267e-15
2.51796593871e-10
3.08912262766e-07
9.11851806581e-08
0.0126708253054
0.00108503403547
4.27099073487e-06
0.000498963336244
0.0128041283623
3.69050722567e-18
0.0187876550133
6.37343606244e-05
0.0128041283623
4.50317674192e-08
8.32535084257e-05
0.000297485972328
0.0126708253054
0.000486318134616
3.80599996193e-08
0.00108503403547
0.00666183416298
2.13888976687e-08
8.00275893069e-06
0.000152383770039
2.52269452017e-05
0.00774256494392
6.5041231747e-05
0.0187876550133
0.00355871310199
0.0126392522667
9.3931865407e-05
1.79615799104e-13
0.01575
2.80521095782e-08
7.92966023226e-06
2.85472816395e-06
1.32619535294e-05
0.00869534547035
6.13315699314e-07
5.43029406371e-05
5.83051559289e-28
3.51531385924e-14
0.00114502491883
1.19805336208e-07
1.90973890687e-09
5.83397975048e-11
0.00108503403547
0.000176084196307
7.73417916943e-12
0.0128041283623
2.61600947765e-06
0.00869534547035
0.00373790789834
4.95649722898e-06
5.50056685699e-09
1.07192470046e-08
2.38719635051e-11
8.86082244297e-05
2.11764984638e-06
0.00447867948152
0.000264310934318
7.51567051488e-06
0.001074449765
0.0
7.00522938528e-07
1.81922292988e-05
0.01575
0.000382453209823
7.50875562316e-05
5.22080117717e-05
0.0126392522667
0.000552544248928
5.87310857425e-09
0.0
0.000498963336244
0.0
0.00219452756968
3.21461822094e-17
0.01575
0.000239826783116
3.84717942866e-11
3.98515471734e-05
5.50935554425e-22
0.000117766683971
2.30554753449e-07
0.0126392522667
1.08816891933e-10
7.49789439033e-06
0.000131250779995
0.00447867948152
5.03234020316e-05
0.01575
0.01575
4.85370932228e-10
0.00012037930842
1.56362267221e-06
0.0
0.00895901196051
7.50308638406e-05
0.0128041283623
0.0128041283623
0.00355871310199
3.13881554495e-11
0.00167197992787
2.90351215205e-08
0.000427736049316
0.00017903090189
3.32903349057e-05
0.00373790789834
0.0
2.33971685311e-06
5.13854102932e-07
0.00199735461682
6.26068024017e-06
0.00895901196051
1.66733018859e-05
0.0187876550133
0.0187876550133
0.0122867927258
2.5902040153e-07
4.14997407139e-05
0.0126708253054
0.0126708253054
8.81440839435e-12
0.00355871310199
0.00134067305343
2.13357953125e-09
2.61191489057e-09
0.00401672608626
0.00895901196051
7.96998767127e-06
0.000516543346652
5.48968545209e-06
3.92020736886e-07
1.47906592598e-06
1.58603794687e-14
0.00373790789834
0.0126708253054
2.26458394052e-07
0.0187876550133
0.0
3.70056797794e-08
6.32650298711e-05
0.000239919536971
2.24054505429e-15
6.07152532815e-21
0.0126392522667
0.0
8.74771755541e-10
3.06945829475e-08
1.72087716865e-06
0.00869534547035
0.0122867927258
0.000297485972328
2.6153280432e-06
0.00134067305343
0.0
0.0128041283623
1.59695228212e-07
7.54062926756e-05
0.000883747147798
0.0128041283623
8.02558814137e-06
9.67687447104e-10
6.56951460636e-12
4.01078592243e-08
1.38506166072e-05
0.00167197992787
0.00447867948152
0.00347884659223
6.83962588402e-10
5.53161586088e-05
0.00974138360744
0.0187876550133
6.09297135352e-06
0.0126708253054
6.7799991088e-06
0.0126708253054
0.00166916467656
0.00174117573386
0.0126708253054
5.26544261498e-05
0.00401672608626
0.00373790789834
0.00355871310199
0.000467540238558
2.82517726397e-06
0.0012877049981
0.0122867927258
0.0128041283623
0.000540652684916
6.82908874076e-09
0.0
5.33156741989e-05
0.0128041283623
1.48859912492e-06
0.000127610393338
3.04571327441e-06
0.01575
0.0126392522667
0.0
0.00019024455796
1.41000066951e-08
0.0126392522667
2.74075835253e-07
0.00895901196051
0.0126392522667
0.01575
1.31067732799e-09
0.0187876550133
2.08839585493e-06
0.00134067305343
3.43826749167e-07
0.000297485972328
7.79264649699e-10
2.13385715879e-06
0.00017903090189
0.00175773976994
4.01818928148e-09
1.42889085533e-12
0.0128041283623
1.82361144551e-31
2.18731481176e-06
0.0128041283623
0.0126392522667
0.000117442433341
0.00974138360744
0.0126392522667
0.000425403150881
5.60483144505e-05
1.63179817556e-07
0.00355871310199
1.57434371101e-13
0.0128041283623
0.000871074721818
6.13778811632e-05
0.00597371280158
4.3115760287e-05
0.0
0.0
1.09214140103e-07
1.53386911748e-07
0.0
0.00869534547035
0.00355871310199
6.57438339378e-08
0.0126708253054
0.0126708253054
9.12207130835e-08
0.000742474043698
1.63459926407e-08
0.0
0.000834939912212
0.000133304950833
0.000726279542932
0.000187786663054
6.01209048071e-05
2.93788624432e-08
0.000792515778371
0.000228448036023
0.0126708253054
0.01575
1.28636330933e-10
2.7273574153e-07
1.39506851901e-10
0.0126708253054
0.0128041283623
7.18451227956e-09
0.0128041283623
3.90198082377e-18
9.10443656135e-05
0.00562107268853
0.000893598211837
3.1644504915e-06
0.0128041283623
5.70785381258e-06
4.33962349225e-08
0.00114502491883
5.94034666364e-06
0.00341458657115
0.000108335468714
0.00174117573386
4.88296036085e-05
7.33976583621e-05
0.0126392522667
1.88945327528e-05
0.0
0.00895901196051
0.0128041283623
0.00974138360744
0.0126392522667
2.42669770982e-05
0.0128041283623
0.00114502491883
0.00895901196051
2.4997762808e-10
0.000600595300634
0.01575
0.000872334784238
0.000427736049316
1.31719259457e-06
5.40940960985e-07
3.26522348399e-25
2.49901323593e-09
1.65666694847e-12
2.41595176162e-14
0.0126392522667
3.34545456263e-07
6.29505126487e-06
0.0122867927258
0.00355871310199
2.28577892044e-06
6.7215479997e-07
0.000726279542932
5.58203999677e-06
0.00108503403547
0.0187876550133
0.00373790789834
0.0
0.00108503403547
0.00064560194562
5.75620765039e-08
0.000226892769808
7.68738724363e-05
0.000552544248928
0.00895901196051
0.000262650818309
4.27635734934e-05
0.0
0.000116286665659
0.0126708253054
1.16869162505e-08
0.00209295761618
0.00120005426351
9.00008555259e-06
0.00347884659223
2.78241558604e-13
0.00199735461682
0.0128041283623
0.0
0.00597371280158
0.00597371280158
2.55189633546e-09
2.05596338733e-07
0.00597371280158
1.15689926612e-08
0.00355871310199
0.0122867927258
2.760685234e-07
1.82632691276e-09
0.000600595300634
4.72966012419e-11
1.01922248426e-08
1.33688309362e-05
2.61600947765e-06
0.000142576190951
0.00597371280158
0.000249700140775
0.00114502491883
0.00193459523875
0.00373790789834
0.00286251453557
4.47577737387e-05
1.52117993529e-06
0.00401672608626
0.0187876550133
0.00895901196051
9.17136441019e-06
0.00166916467656
0.0128041283623