500
0.0
4.26976713948e-12
1.32292889395e-05
0.0
7.12946455205e-14
0.0
0.0
0.0
0.0
0.00182940648485
4.72134273681e-10
0.0
2.62358344846e-22
4.61044055645e-10
0.0
1.57418756057e-05
0.0
2.16546649139e-15
6.44410248635e-09
6.84524442269e-27
0.0
0.0
3.19446182635e-10
0.00182940648485
1.07149364745e-06
0.0
2.74092683147e-13
0.0
0.00182940648485
0.0
3.66951957878e-16
1.3386641198e-05
0.0
6.96864859888e-14
1.0809939379e-07
2.87320622146e-17
4.78470363474e-05
0.0
4.72037498424e-11
6.34443217618e-39
5.39957159115e-11
6.31890684346e-17
1.94538679925e-26
0.0
1.52175662545e-05
0.0
0.0
3.77775094648e-17
3.12348478696e-17
4.67733924709e-26
0.0
0.0
0.0
0.0
4.74303324311e-58
9.65023602514e-05
0.0
6.7228157874e-21
7.78945296711e-06
0.0
0.0
3.44510512527e-31
0.0
2.59570764254e-11
8.1602263458e-05
0.0
1.40754320845e-12
0.0
1.02562850644e-05
0.0
2.25538472659e-09
2.21423190901e-07
1.01791557504e-11
0.0
6.2156146683e-32
4.03175728561e-24
8.60826553924e-13
1.70219711864e-30
3.87249830124e-25
1.22408269386e-16
1.94229126516e-08
0.0
2.62087774171e-11
0.000455883488515
0.000455883488515
4.75046818594e-06
0.0
0.0
0.0
0.0
1.7733926928e-16
3.5670031097e-16
5.03834924966e-10
5.27764846501e-16
1.36478774649e-18
0.0
3.63293790725e-07
1.89348164252e-21
2.8266645652e-08
7.91706181639e-11
6.41710795682e-15
1.71796169723e-11
0.0
1.83526230189e-21
2.3431271947e-16
0.0
1.43634107968e-05
0.0
0.0
0.0
4.60058310955e-07
0.0
0.0
3.99215786319e-27
0.0
0.0
0.0
0.0
2.17231090824e-10
0.0
2.46045586781e-10
0.0
0.0
9.86475764718e-12
5.63695567664e-27
5.36956908758e-17
0.0
2.66840360604e-08
2.33469630786e-07
2.61772878008e-29
5.40044342316e-18
3.55056554707e-20
0.0
3.67594612946e-07
0.0
4.90249911116e-06
0.0
1.96889706827e-26
9.63872518568e-05
0.0
0.0
0.0
2.73513542329e-28
0.0
0.00182940648485
3.35566385312e-09
7.11868058709e-05
0.0
0.0
4.77637389492e-22
2.21744648115e-06
3.39632875738e-27
2.75766549164e-15
0.0
0.0
3.94751145872e-22
5.60836005308e-11
7.2609565424e-29
6.44983238661e-06
0.0
5.14946670482e-06
0.0
4.28129944117e-13
0.0
3.40752514886e-13
0.0
0.0
0.000455883488515
1.51711559451e-06
2.83674135293e-25
0.0
3.56740953119e-09
1.54132576273e-32
2.68026331458e-09
0.0
0.00182940648485
0.00182940648485
0.0
1.02781140149e-27
1.12961358131e-18
0.0
1.56581886059e-24
2.2785286782e-28
1.23564700426e-09
1.87619272268e-08
8.68313645346e-71
2.21140163113e-10
0.0
0.0
0.0
4.62350547525e-08
0.0
2.40870140821e-34
4.05421309358e-08
0.000185586377502
1.30288787712e-10
0.0
4.35453185112e-16
1.98892413991e-09
1.8461501584e-07
0.0
4.53623642676e-13
9.08191551075e-22
2.61470228206e-15
3.93297864399e-07
9.56839873625e-08
0.0
1.00092477066e-18
4.4113765544e-07
0.0
0.0
0.0
6.7144976295e-43
8.2428380264e-16
0.0
0.0
0.0
0.0
1.59828762117e-08
3.02987089707e-08
2.61785965507e-32
0.0
4.18166442428e-11
9.05378181265e-30
2.05606933888e-07
8.46662999056e-21
0.0
5.00418283683e-31
0.0
0.0
4.87297324843e-18
1.65075822692e-12
3.63679357168e-17
3.90241329992e-15
8.82357174748e-13
7.55934689425e-37
0.0
3.34922374172e-21
0.0
7.58746703492e-28
0.0
1.71257542246e-07
1.62606790821e-11
0.0
0.0
0.0
0.0
1.84077389422e-14
0.000407213793292
4.73920460799e-14
0.000156281421243
1.06762784881e-22
1.80075585262e-16
0.0
0.0
7.08342655098e-49
2.88589814423e-07
4.08145583157e-15
4.4792713671e-33
6.92556484087e-23
0.0
0.0
0.0
2.19032590075e-25
0.0
0.0
0.0
0.0
0.0
0.0
0.0
0.0
3.00677533692e-20
6.23924027487e-56
2.52887049929e-16
5.67234393646e-12
0.0
0.0
0.0
2.73560700214e-20
2.89967648643e-15
3.03897012103e-16
0.0
0.0
4.08101334623e-18
1.32756914449e-07
6.89910390851e-12
1.13608523845e-17
8.25850670069e-40
8.30388035898e-18
0.0
6.09314108082e-14
0.0
0.0
0.0
0.0
0.0
0.0
3.38592077823e-09
0.0
4.88985601773e-23
4.31881569213e-10
5.71655310044e-33
0.00014557358982
0.0
9.7572203992e-25
0.0
0.0
0.0
1.24949996362e-05
0.0
0.0
0.0
0.0
2.28977953289e-12
0.0
1.49011777714e-18
0.0
1.1696749169e-35
0.00182940648485
0.0
2.10471208459e-23
0.0
0.0
2.81231418627e-11
1.74108741578e-20
0.0
0.0
5.24584095192e-08
0.0
0.0
0.0
0.00182940648485
2.21153613974e-10
3.46714108973e-11
0.0
0.0
0.0
4.08295005095e-35
3.73904143375e-07
5.2678857706e-13
0.0
2.09239304589e-09
2.95784413921e-20
0.0
0.0
1.48249928615e-12
0.0
0.0
0.0
2.09044254041e-08
4.76662309429e-05
4.5730399426e-13
0.0
0.0
1.90410514823e-09
1.42239790402e-09
2.74005894149e-12
1.43484719859e-34
2.74659837545e-10
0.0
0.0
1.96810723573e-08
0.00182940648485
2.55756798387e-20
0.000203330833485
6.35824384112e-19
1.61055592031e-15
0.0
9.85370620073e-31
0.0
0.0
9.91402179254e-18
0.0
1.0307670287e-24
4.21113618555e-09
0.00322043017401
0.0
2.37090868367e-08
6.96733222089e-16
1.52086799622e-43
7.26179468557e-09
0.0
3.9591574002e-06
0.0
1.06095031505e-17
5.87057536587e-06
0.0
0.00182940648485
0.0
1.9180309368e-05
0.0
8.74030762901e-12
0.0
0.0
0.00182940648485
0.000455883488515
1.90988212647e-15
0.0
9.78041042429e-11
6.5762528835e-10
0.0
0.00182940648485
1.67995340909e-05
4.26950992021e-09
7.30246856726e-05
2.99618910918e-39
8.2788413077e-05
0.0
1.69209243041e-05
3.5855602026e-21
0.000121843478266
0.0
8.09806027779e-19
0.0
0.0
0.0
0.0
0.0
0.0
0.0
2.0057805881e-16
0.0
0.00182940648485
0.0
0.0
4.50247497575e-42
0.0
0.0
0.0
5.65379444046e-06
2.57920543283e-36
1.11068739091e-11
0.0
1.39753217178e-08
4.12469422243e-06
0.0
0.0
0.0
1.28799563829e-08
0.0
0.0
0.0
3.37323934015e-11
7.64593271266e-20
2.91809884443e-37
0.0
3.17895528027e-05
1.57637696616e-11
2.02471269276e-05
6.82105950301e-23
7.69122150496e-21
0.0
1.09144944176e-05
1.26230839455e-20
7.78945296711e-06
0.0
0.0
8.37368388973e-19
1.05844653289e-15
5.73986373523e-23
0.000455883488515
0.0
2.37892720851e-10
8.35113259251e-05
0.0
8.75790388508e-11
0.0
0.0
1.25626514613e-17
1.60677320137e-10
0.00182940648485
0.0
0.0
7.30246856726e-05
0.0
0.0
4.69884155302e-05
5.08681363584e-16
7.61292405534e-36
1.66325555367e-12
0.0
0.0
4.71519015814e-09
1.79558104535e-05
1.39177655466e-31
0.0
0.0
0.0
7.29970093144e-12
0.0
4.28188549864e-13
0.0
2.08009405013e-19
6.16019997684e-08
0.0
0.0
3.30359730651e-23
3.55244475904e-19
0.0