500
2.18584021039e-05
7.1472220151e-11
0.0
0.0
1.72757771443e-05
6.97636791039e-10
1.90178609926e-07
0.000196606661934
3.69087980544e-08
8.53098460408e-07
0.0
1.14706497142e-10
0.0
0.0
2.53895845438e-06
0.0
1.78705836714e-10
1.28133486623e-06
0.000248392493957
1.77249413501e-13
6.65027829776e-07
0.0
8.29345396059e-08
7.22056558194e-07
0.0
2.81855806014e-09
0.0
1.92141393091e-05
1.3316914741e-07
0.000160229559618
0.0124002410193
0.0
7.07332363467e-15
1.21834198153e-11
2.17963342804e-05
0.0107161406666
2.2128401935e-13
1.48174919022e-09
2.84456640536e-12
0.0
7.78108882248e-11
2.06034307038e-13
8.80358408535e-12
6.6506671796e-05
2.36166169606e-07
0.00014470070362
5.302217812e-12
2.71591599727e-05
3.1009544189e-27
1.39460131753e-23
0.000629019591066
1.43827375912e-05
1.58787989805e-05
8.24892529289e-09
0.00117956865352
9.83627311588e-27
2.17291377112e-07
1.61953141622e-06
4.38264024791e-06
9.75091309405e-16
1.05019632234e-08
0.0
3.80883136541e-05
7.42880216876e-11
3.77152445638e-07
1.03217967603e-07
1.25573782418e-11
3.33592316902e-13
0.0
3.23445215847e-11
0.00970247866018
0.0
1.90291895476e-06
0.000157606275372
9.63374284772e-11
0.000177822677592
0.0
0.0
9.72630610546e-12
3.85300414808e-13
0.0
0.000131527576708
0.0
1.46635442584e-05
4.98770577465e-08
1.91156082266e-05
0.00186054324464
1.42490130434e-05
4.70309871367e-07
3.03800959435e-06
2.75804941579e-11
1.9212151401e-06
1.09254912488e-10
2.36166561664e-08
4.68272328229e-07
5.85302465862e-12
0.0
0.0
2.3955815621e-07
3.20571951917e-06
0.0
4.74989973897e-08
0.000177822677592
1.82066749483e-18
6.0049866272e-09
5.93644917257e-18
0.000924476919137
0.0
2.0683241734e-06
3.2479458911e-07
0.000168098659012
1.6708709742e-12
1.56767833022e-18
0.00135724910879
4.30243856835e-06
2.83586418805e-17
1.37017289555e-08
1.40477904691e-08
5.05239457781e-06
9.25263116902e-14
1.95990261685e-05
0.0
2.69746284624e-08
1.1957491295e-11
2.87762161836e-05
7.18645720526e-07
0.000248392493957
4.68065336147e-12
0.0107161406666
4.56654739173e-27
0.0107161406666
2.16108340459e-06
1.05238157906e-05
1.19902709191e-11
1.92444785072e-05
1.04673901045e-17
2.95077718264e-06
2.79525917051e-07
0.00970247866018
1.94504448958e-22
2.23693535166e-07
0.0
5.41627850105e-11
1.41874338341e-06
9.87243085522e-06
1.31666272765e-15
0.00145576856928
0.000205238173922
2.6551188384e-06
8.59070065063e-06
0.0
8.121146503e-12
0.0
1.65999447999e-05
8.9894389685e-16
2.26876060866e-08
1.10859499877e-14
1.88758594497e-08
6.29733128614e-15
0.0107161406666
3.80883136541e-05
0.0
0.0107161406666
1.39796373425e-07
2.17963342804e-05
2.36904717011e-07
5.3295307507e-09
6.72736352081e-08
7.30470797423e-16
1.87238905665e-06
0.0124002410193
5.84223412246e-08
3.83700887571e-12
7.64928602856e-23
0.0
0.000157606275372
1.89570222921e-05
1.54285161775e-06
2.61587328347e-08
9.2393051274e-14
2.98914193351e-06
0.0
1.8336915597e-08
1.80011130816e-20
5.79625000676e-12
1.08358045902e-08
0.000166386211378
9.44370725277e-06
1.29675305536e-14
1.41022114611e-05
2.98133031187e-12
1.56983190725e-14
0.00547360635386
7.51651236516e-19
1.49872819893e-05
1.18947686871e-07
4.73893465526e-16
1.44307990202e-05
3.3453773285e-18
0.0124002410193
0.0
8.87564046369e-11
0.0107437202725
1.6383970251e-07
1.58029027061e-27
3.64424654779e-09
3.18064164998e-17
1.19569380498e-09
1.93710436672e-09
1.40820556834e-06
0.0
4.00592104624e-07
7.26807999984e-08
4.83948470571e-17
1.02902392836e-08
2.89266636435e-19
1.49236660969e-09
0.0
5.15325712573e-19
0.0
3.06620333881e-22
0.00014821744324
1.12128707004e-22
0.000251272904521
0.0
1.70737592028e-10
1.35724673184e-06
0.00184781152693
2.19227858586e-05
6.19542472863e-26
4.23654119112e-13
3.18138789694e-08
0.0
3.46511309157e-13
7.64140116356e-08
2.12360962174e-15
1.82181003318e-06
3.94832575733e-11
4.3003197062e-05
0.000196606661934
2.64858424745e-10
5.29405684922e-10
5.49160600618e-08
1.32304492714e-22
1.10861897546e-08
2.60585852026e-05
1.51607806922e-06
6.07990298805e-28
0.0
0.0
1.49474757501e-17
1.77780086575e-07
1.33119505017e-07
1.21644348271e-10
2.21443166246e-06
1.60294587096e-06
1.64851116647e-05
7.01147064325e-07
2.25693802426e-05
1.13806157768e-07
3.72932927857e-08
8.53712062512e-14
2.27233377801e-06
3.42490970884e-07
0.0
3.45113494536e-24
0.000114018093389
0.000114081829365
6.63425838695e-13
6.81860661129e-14
7.3247466672e-28
0.0107161406666
2.68480604293e-07
0.0107161406666
8.36341371191e-11
1.51985289086e-06
1.46840305898e-16
0.0101284411379
0.0
3.39573708613e-08
6.44769569304e-09
0.0
0.0
4.39756797006e-05
0.00970247866018
1.66764409742e-14
4.15587544e-08
7.74971622607e-07
1.64459974333e-05
6.36905853132e-11
3.45603111549e-08
1.5241286447e-10
9.89199342465e-06
0.000188573511004
0.00970247866018
1.0253456969e-12
5.95243804324e-17
0.0
0.0
3.88878641341e-13
0.0
1.61942249567e-12
0.000102258913651
2.13809432972e-06
9.99956351734e-07
8.44109272871e-09
1.04981059733e-16
3.46032068981e-06
5.4706100095e-06
1.19318710269e-06
2.59516093962e-14
4.00651243133e-06
7.1312236337e-19
1.50141748513e-05
4.13695723131e-07
1.11624758628e-08
0.0124002410193
1.57759802447e-12
2.81131873912e-06
7.43126220988e-08
1.20293980276e-08
3.5883762117e-06
3.21595817112e-13
0.0
0.0
0.000248392493957
3.41600454591e-19
0.0
9.94836952872e-17
2.22254179918e-07
8.34606310392e-07
2.77570620179e-08
1.53335237809e-05
1.28012945654e-06
7.68048022774e-10
2.98965269823e-06
4.77307159541e-20
1.83818402385e-05
3.11992957055e-05
4.72995073736e-06
6.6967527195e-06
1.29851641663e-05
1.27872782792e-06
0.0107161406666
5.0503238637e-14
7.00288539578e-21
1.13081603081e-11
0.000191720826219
0.0107161406666
8.85222030944e-12
2.28384993227e-05
2.12048322465e-19
2.63069527506e-09
0.0
4.96773122996e-06
5.64077267917e-08
7.03182554133e-07
1.14106589106e-06
0.0
7.95381955261e-15
1.81896851788e-13
9.1277588288e-11
3.28893226742e-06
5.58702134317e-26
3.5251503343e-15
0.00135408405844
0.0
1.43749141443e-07
2.73208516574e-13
1.92858711129e-05
1.18216282849e-10
2.3117083434e-07
2.27129949975e-11
0.0
1.13900718811e-20
3.99697561973e-29
0.00970247866018
5.4706100095e-06
8.60237758684e-11
1.72707360842e-05
1.47808470841e-06
2.9138192173e-06
1.1739261428e-23
9.14857680808e-06
3.7677820988e-15
9.97041308646e-06
0.00135408405844
3.11755798396e-08
4.22654629119e-14
3.18228674735e-11
3.99384173855e-07
5.62555045449e-45
3.98884305216e-13
5.23238450535e-18
2.31024148422e-05
0.00970247866018
4.02361791342e-08
1.36286103659e-05
8.35752348633e-15
8.94781886955e-09
3.67026215895e-14
7.73034050915e-10
0.0
2.46190204608e-06
0.000227178099906
1.41345686995e-21
3.60580572111e-19
0.0
6.25910864932e-11
7.80858892105e-14
9.02392203631e-28
2.86923942196e-05
2.33087575802e-16
7.82363470279e-05
0.0
7.266970475e-20
3.21535913653e-06
0.00117319496667
4.02602395771e-05
1.23384370864e-05
0.0
1.8034225897e-05
2.44069630625e-05
4.10436871169e-16
0.0
3.60221986117e-05
2.43646083149e-05
5.0620836167e-15
6.97811218199e-08
3.66236935677e-07
3.20571951917e-06
3.71033032078e-08
8.29554998051e-19
0.0
4.73585989914e-13
9.05320204826e-08
1.16841436181e-11
0.0
7.15559281973e-26
0.0
7.12698606278e-14
9.51621326878e-20
2.43646083149e-05
0.00141683565503
6.81700817725e-16
3.35368512966e-12
2.9138192173e-06
1.62151182127e-05
0.00105949325183
0.0
0.000113466455383
0.0
0.000107488422842
0.0101284411379
7.59849886103e-09
0.00970247866018
1.5017801975e-25
0.000215197205757
1.42888171651e-07
3.97489863203e-30
0.0
1.45663718393e-06
0.00970247866018
6.01411369417e-09
2.2526202548e-13
1.60514506515e-05
0.0
1.41858040114e-06
2.42064381575e-19
4.30383643674e-15
2.1389201332e-17
1.05433362332e-18
1.52318223585e-09
0.000170464366798
0.0
4.99223707466e-10
0.0
1.47771135363e-24
2.28450426451e-06
0.0
0.0
9.75221429155e-19
1.28209224561e-08
2.86923942196e-05
3.87656400773e-15
1.08336346954e-14
1.63050092935e-10
0.0
6.6848048253e-07
1.40360308867e-05
0.0
0.00184781152693
1.89878923811e-07
5.47094868769e-06
0.00145576856928
1.73548485688e-05
5.79760049416e-06
2.21766718017e-05
6.80033306769e-07
1.80644041595e-15