500
2.53432513291e-09
0.0439897212402
2.88900638358e-06
0.0
0.0439897212402
0.0439897212402
5.62098846095e-16
1.02710439911e-10
3.57038457703e-06
1.04682978075e-10
0.0346602775749
0.000588521498313
7.22063501118e-07
3.06861667119e-06
7.11113868169e-07
0.0201577903156
0.0
0.0439897212402
3.39004921671e-09
0.00011523936644
0.00029413631031
0.000252669483502
0.0346602775749
0.0346602775749
1.91139481456e-10
0.00013994831965
3.33869628892e-06
0.0346602775749
0.0201577903156
0.0346602775749
4.460541977e-10
0.0201577903156
0.0016476665529
0.0
0.0
0.0
0.0439897212402
0.0346602775749
0.0
0.0346602775749
8.08943803571e-06
0.0346602775749
0.0439897212402
0.0
0.00044771550201
0.0201577903156
1.13839310482e-05
0.00079635940997
0.000140463781225
0.000483585093378
0.0439897212402
0.0346602775749
9.51840131467e-09
0.0
0.0346602775749
0.0439897212402
0.0346602775749
0.0
0.0201577903156
0.00497647667813
2.0453475259e-06
2.55412177323e-05
7.11026011022e-08
1.49251947745e-06
0.0201577903156
0.0201577903156
1.70250536545e-05
0.00282626832992
1.23648372822e-06
4.10850548675e-05
1.76033459424e-06
0.000588521498313
1.01404397608e-05
0.0346602775749
0.0
4.02768142841e-06
0.0439897212402
1.70042744992e-13
0.0
0.0439897212402
0.0
0.000499942784709
1.85169411815e-05
9.71876447707e-11
0.0439897212402
1.34926104502e-07
4.93304739924e-09
2.52450769754e-08
0.0346602775749
5.02644797758e-05
0.0
0.0
0.0346602775749
3.15478596959e-05
0.0439897212402
0.0346602775749
0.000128824294554
0.000123230891665
0.000527621810725
0.0201577903156
0.0
2.0666999232e-06
0.0346602775749
8.57486781881e-09
1.09618390891e-16
1.51320536416e-16
0.0346602775749
4.74805728076e-17
8.08943803571e-06
1.69318972627e-05
2.66251474933e-06
0.0346602775749
9.50327760492e-20
0.0346602775749
2.24569591461e-05
8.53586480422e-06
0.00079635940997
4.42017615199e-11
1.2655539915e-10
3.35991403654e-06
0.000483585093378
0.00814192605952
0.0439897212402
9.5302362676e-05
0.0201577903156
2.53629849216e-11
0.0346602775749
0.0439897212402
3.60923902803e-09
0.0439897212402
0.00612835795721
1.48777238982e-16
0.0016476665529
4.60221773784e-05
1.55779632838e-05
0.0439897212402
1.2894874059e-06
0.0346602775749
9.51840131467e-09
5.20560177549e-06
6.1255783145e-09
0.0
0.0346602775749
2.03749705604e-16
2.78186206109e-14
0.0346602775749
1.07785278506e-06
2.14620613309e-06
0.0439897212402
2.45670106342e-08
4.49381304961e-08
0.0
2.6965376986e-12
0.000918497699187
8.11589141084e-06
0.0346602775749
0.0201577903156
0.0346602775749
1.14370432936e-18
5.36337032307e-05
4.30934808584e-07
5.14336794138e-10
0.0346602775749
0.0
0.0346602775749
0.0201577903156
0.0
9.959932935e-08
0.000213683054091
0.000123230891665
0.0201577903156
0.0201577903156
2.67733703502e-07
9.01365931398e-07
5.8435492299e-16
0.0201577903156
7.91692615586e-07
1.2894874059e-06
0.0346602775749
0.0439897212402
0.0346602775749
1.05566924055e-19
0.0346602775749
0.0
2.24569591461e-05
3.06861667119e-06
6.15295550348e-08
0.0016476665529
1.05985600289e-07
0.0346602775749
0.00308135405477
8.16370085474e-15
0.000483585093378
0.0201577903156
0.0346602775749
4.42017615199e-11
1.72300177081e-05
1.55480106873e-07
3.78439255937e-11
0.00013994831965
0.0346602775749
0.0346602775749
5.27271737724e-10
0.000588521498313
6.28160744109e-12
2.92513468921e-06
1.19551866981e-14
8.53586480422e-06
7.70556190778e-10
0.0346602775749
0.0346602775749
2.86080244836e-08
0.0346602775749
0.0
0.00282626832992
0.0201577903156
0.00079635940997
0.0346602775749
0.000499942784709
4.22451753772e-07
0.000103247135961
7.91692615586e-07
0.0201577903156
0.0439897212402
7.64388773376e-07
0.000499942784709
0.0201577903156
0.0439897212402
4.99372577586e-05
6.73671922424e-12
4.92631640296e-10
0.0346602775749
0.0346602775749
0.0439897212402
0.00529881836399
1.97968133044e-08
1.59113102561e-10
0.0
1.04210318176e-06
2.93164193004e-06
0.0439897212402
0.0439897212402
0.0346602775749
1.48142297233e-05
0.0346602775749
0.0
0.0201577903156
0.000242948363636
0.0346602775749
6.92641755265e-08
4.99372577586e-05
0.0346602775749
1.01743388396e-08
0.0439897212402
8.73100137831e-05
4.54621312022e-08
1.44505761487e-08
4.54012151457e-06
0.000123230891665
0.0346602775749
0.0346602775749
0.0346602775749
0.00282626832992
8.89502405951e-16
0.000150708197211
3.80864281731e-07
0.0
0.0439897212402
0.0201577903156
9.18872058853e-13
1.73089642768e-09
0.0
0.000483585093378
0.00079635940997
4.41720643142e-10
0.00011523936644
0.0439897212402
0.0346602775749
8.06566552389e-20
0.0346602775749
0.0201577903156
0.0
0.0346602775749
0.000242948363636
1.60557410847e-07
6.07455046683e-05
0.00011523936644
0.0346602775749
7.22063501118e-07
4.99372577586e-05
3.65357824221e-09
2.64368858552e-05
3.36981170475e-06
4.88494694111e-14
0.0346602775749
0.0346602775749
8.81191512175e-09
0.0346602775749
0.0346602775749
3.39004921671e-09
0.0346602775749
4.99372577586e-05
0.00191924386198
8.81191512175e-09
0.0439897212402
0.0012432039799
1.27846125814e-15
0.0346602775749
3.92390384362e-14
0.000483585093378
0.0346602775749
0.0346602775749
0.0439897212402
9.51840131467e-09
1.70250536545e-05
1.58795698973e-08
0.000588521498313
1.05238245353e-07
1.48142297233e-05
1.88451675264e-06
0.00021486109091
0.0346602775749
0.0439897212402
4.88629871791e-08
0.0
0.00282626832992
0.0346602775749
1.05235150435e-12
0.00162735442689
0.0346602775749
0.0439897212402
0.0439897212402
4.97788564173e-06
1.25627761497e-22
0.0346602775749
0.00121909659868
0.00529881836399
0.0
1.31107603934e-08
0.0201577903156
0.0
0.0346602775749
7.91692615586e-07
0.0346602775749
0.00529881836399
0.00079635940997
7.11113868169e-07
1.63098098237e-05
2.48921904459e-15
2.42716482705e-05
4.25023842018e-14
0.0439897212402
0.0439897212402
0.0346602775749
0.0346602775749
1.53129608896e-05
0.0346602775749
7.11113868169e-07
3.70472988291e-05
0.0201577903156
6.42581048765e-09
0.0439897212402
0.0
0.000123230891665
0.00044771550201
0.0346602775749
7.56663915425e-08
1.42966483761e-08
1.07785278506e-06
1.05184963095e-08
5.02644797758e-05
0.0439897212402
0.0
1.10428663198e-18
1.71545047728e-16
0.0346602775749
1.46090141736e-12
0.0201577903156
0.0
0.0
2.65695344036e-06
0.0
1.24842505321e-11
1.61588756058e-08
0.0
0.0439897212402
0.0346602775749
4.73629381398e-08
8.08943803571e-06
0.000123844897928
0.0346602775749
0.0346602775749
3.36773529482e-11
2.14620613309e-06
0.0
1.70250536545e-05
2.7210607352e-05
0.0
0.0346602775749
0.0201577903156
1.02835878662e-14
4.30032721952e-10
0.0346602775749
9.959932935e-08
1.30217890399e-05
9.51840131467e-09
0.000120142299247
0.0346602775749
0.0
4.99372577586e-05
2.24569591461e-05
0.0439897212402
0.0439897212402
1.44774671277e-06
0.0439897212402
1.36088603387e-07
0.0346602775749
0.00079635940997
0.000232220734046
0.000483585093378
0.000128824294554
9.5420853095e-11
5.36789639742e-13
3.04372344212e-08
0.000672192248733
0.000499942784709
8.1717834521e-17
0.0
0.0346602775749
2.99127426477e-08
5.20560177549e-06
5.00157798254e-13
1.65284244397e-06
0.0439897212402
0.000499942784709
0.0439897212402
1.61438615499e-09
0.00011523936644
0.000483585093378
3.41754630109e-06
0.00079635940997
0.00282626832992
1.21190391464e-06
1.62208190895e-08
0.0346602775749
2.64072841257e-15
0.0
0.0346602775749
1.01257162776e-05
0.0
0.0346602775749
0.00529881836399
0.0346602775749
0.00529881836399
8.30995230061e-06
2.14620613309e-06
0.00011523936644
0.00044771550201
0.0346602775749
2.14620613309e-06
4.55409242288e-06
0.00253244121058
3.679435195e-05
2.09163751072e-06
0.0201577903156
1.10723950225e-07
2.24569591461e-05
0.0346602775749
1.42821078388e-06
0.0
0.0439897212402
1.60176910627e-08
0.0346602775749
0.000140463781225
0.000588521498313
0.0346602775749
4.63193405478e-11
0.000499942784709
0.0439897212402
1.76047199769e-10
0.0439897212402
1.53129608896e-05
0.0284441268773
2.23447044322e-10
0.000918497699187
0.0
1.16284158602e-07
0.0439897212402
3.60365341462e-06
4.02277819208e-10
0.0346602775749
0.00814192605952
0.0346602775749
0.000242948363636
0.0346602775749
1.2894874059e-06
0.0439897212402
0.0012432039799
0.00175311142199
0.0346602775749