500
0.0
0.0
0.0393200657917
0.0
0.0393200657917
0.0393200657917
7.21640143343e-11
0.000160594086199
0.0067985780333
0.000256601015525
0.0393200657917
0.00568931497227
2.58716188375e-09
1.26199090459e-09
0.0
0.0
0.0
2.25305207673e-19
1.67513794942e-09
7.11178986601e-08
7.37890725861e-07
0.0393200657917
0.0067985780333
0.0
0.0
0.0
0.0393200657917
0.0
1.13008014438e-10
7.37890725861e-07
0.0
0.0393200657917
0.0393200657917
0.000463742562706
7.37890725861e-07
0.0
1.73795083126e-08
0.0393200657917
0.0393200657917
0.0393200657917
1.57817271933e-29
8.97797033226e-05
0.0393200657917
0.00568931497227
1.17245332482e-09
0.0393200657917
0.00568931497227
0.0393200657917
0.0393200657917
0.0
1.73795083126e-08
3.43529859503e-07
2.87956811793e-07
0.0393200657917
0.0067985780333
0.0
0.00568931497227
1.00852382742e-07
0.00568931497227
0.0067985780333
0.00568931497227
0.0
0.0393200657917
0.0393200657917
0.0
0.0393200657917
5.09609381593e-05
0.0067985780333
8.97797033226e-05
0.0393200657917
0.0393200657917
0.0393200657917
0.0067985780333
4.43055228264e-13
0.0393200657917
7.37890725861e-07
2.418049042e-08
0.0067985780333
0.00568931497227
0.0393200657917
0.0393200657917
0.0
0.0
0.0
0.0
0.0
0.0393200657917
0.0
0.0393200657917
0.0067985780333
0.0
0.0393200657917
0.0393200657917
0.0393200657917
7.18497435995e-09
4.13005232168e-17
0.0
0.0393200657917
5.40101038756e-11
0.0
0.00568931497227
0.00568931497227
7.04024490068e-16
0.0
0.0
7.18497435995e-09
1.17245332482e-09
1.15836459069e-05
1.82190232346e-07
0.0
0.0393200657917
7.11178986601e-08
0.0
0.0
0.000160594086199
7.18497435995e-09
7.11178986601e-08
0.0
4.59667862667e-12
0.0
0.0
0.0393200657917
0.000160594086199
1.03055829581e-09
0.000160594086199
0.0393200657917
7.11178986601e-08
2.76017353473e-18
8.29603164704e-12
0.0393200657917
0.0393200657917
7.37890725861e-07
8.23232316708e-11
0.0393200657917
0.0
0.000256601015525
0.0
7.11178986601e-08
4.59667862667e-12
0.0
0.0393200657917
0.0
7.9109428913e-10
0.00568931497227
0.0
0.0
0.0
0.0
2.86366797607e-17
0.000463742562706
0.0
0.0393200657917
7.37890725861e-07
4.43055228264e-13
0.000160594086199
0.0393200657917
7.37890725861e-07
0.0
4.59667862667e-12
2.58716188375e-09
0.0393200657917
0.00568931497227
0.0393200657917
0.0393200657917
0.0
0.0
0.0393200657917
0.0
0.0393200657917
7.11178986601e-08
7.37890725861e-07
7.37890725861e-07
1.15836459069e-05
0.00568931497227
0.0393200657917
0.0067985780333
3.82967158572e-05
0.0393200657917
0.00568931497227
0.0067985780333
0.0
0.0
0.0393200657917
0.0067985780333
2.90760515183e-12
1.17245332482e-09
0.0393200657917
0.0
2.78441149814e-11
0.0067985780333
1.00852382742e-07
0.0
0.00568931497227
0.0
9.71765338468e-06
7.11178986601e-08
0.000160594086199
0.0
0.0
0.0393200657917
0.0393200657917
0.000256601015525
7.11178986601e-08
2.508768064e-07
1.87063467634e-05
0.0393200657917
2.58716188375e-09
0.0
0.0393200657917
1.53738145838e-06
0.0
0.0
0.0
1.82190232346e-07
0.0
0.0
0.0067985780333
0.00568931497227
0.0
0.0
7.11178986601e-08
1.76303010106e-10
6.17890586387e-42
0.0393200657917
0.0
0.00568931497227
0.0
0.000256601015525
1.13008014438e-10
0.0
7.37890725861e-07
1.00852382742e-07
7.11178986601e-08
0.000160594086199
0.0067985780333
1.76303010106e-10
0.0393200657917
0.0393200657917
0.0
0.0393200657917
0.0393200657917
1.17245332482e-09
0.0
0.0
0.0
7.37890725861e-07
0.0
0.0
0.0
0.0393200657917
0.0393200657917
0.0
1.42432206318e-13
0.0
0.0393200657917
0.00568931497227
0.0393200657917
0.0
0.0393200657917
0.0393200657917
0.0393200657917
3.61658349455e-14
1.87063467634e-05
0.0
0.0393200657917
2.58716188375e-09
0.0393200657917
0.0
0.0393200657917
0.0
4.52164574753e-06
0.0
0.0
8.97797033226e-05
0.0393200657917
0.0
0.0393200657917
0.0393200657917
0.0067985780333
0.0393200657917
0.0393200657917
4.59667862667e-12
0.0
0.0393200657917
7.11178986601e-08
0.0
0.0393200657917
0.0393200657917
0.0
7.37890725861e-07
0.0393200657917
0.0393200657917
2.58716188375e-09
0.0
0.0393200657917
0.0393200657917
0.0393200657917
0.0
0.0
0.0393200657917
0.0
0.0067985780333
0.0
0.0393200657917
0.0393200657917
7.37890725861e-07
8.29603164704e-12
0.0393200657917
0.0
0.0393200657917
0.0
0.0393200657917
0.0393200657917
0.0393200657917
0.0
0.0
7.37890725861e-07
0.0393200657917
0.00568931497227
0.0
1.67220076157e-13
0.0
7.37890725861e-07
3.03648702052e-11
0.0
0.0393200657917
2.418049042e-08
1.33126438541e-35
4.94419599089e-21
0.0393200657917
7.37890725861e-07
0.0
4.52164574753e-06
7.37890725861e-07
0.00568931497227
0.0
0.0
0.0393200657917
0.000256601015525
0.0
0.00568931497227
0.00568931497227
0.0
2.58716188375e-09
0.0
0.0
0.0393200657917
0.0393200657917
0.0
0.0393200657917
0.0
0.0393200657917
0.0393200657917
0.0393200657917
0.0393200657917
0.0
0.0393200657917
0.0393200657917
0.0
0.00568931497227
0.0393200657917
0.0
0.0393200657917
0.0393200657917
2.58716188375e-09
0.0393200657917
6.51855850829e-12
8.97797033226e-05
0.000160594086199
0.0393200657917
0.0393200657917
0.0
7.18497435995e-09
0.000256601015525
7.37890725861e-07
7.37890725861e-07
0.00568931497227
0.0393200657917
0.0393200657917
0.0393200657917
0.0067985780333
0.0067985780333
0.0393200657917
4.43055228264e-13
0.0393200657917
6.22933685256e-10
0.0
0.0
0.0
0.0
0.0
0.0
4.16529334708e-06
0.0
0.0
7.37890725861e-07
0.0
2.1400834468e-12
0.0393200657917
0.0
1.00852382742e-07
0.0
1.13008014438e-10
0.0393200657917
0.000160594086199
0.0393200657917
0.0
0.0
1.19639277782e-09
0.00568931497227
0.0
1.70919210857e-15
0.0393200657917
0.0
0.0393200657917
0.0
0.0
0.00568931497227
2.60342377077e-15
0.0393200657917
0.0393200657917
0.0
4.43055228264e-13
0.0393200657917
0.0393200657917
0.0
0.0393200657917
0.0393200657917
7.37890725861e-07
0.0393200657917
1.03055829581e-09
4.52164574753e-06
0.0
4.59667862667e-12
2.28740815217e-17
0.0
0.0393200657917
0.0393200657917
0.0393200657917
0.00568931497227
3.26485892914e-21
1.36125243843e-17
0.0393200657917
7.37890725861e-07
7.37890725861e-07
2.58716188375e-09
0.0
0.0
1.87063467634e-05
0.000256601015525
0.000463742562706
0.0393200657917
0.0393200657917
0.0067985780333
0.0393200657917
0.0393200657917
7.37890725861e-07
4.52164574753e-06
0.0
0.0393200657917
0.0393200657917
7.37890725861e-07
0.0067985780333
0.0
0.0
7.45336279977e-15
7.37890725861e-07
0.0393200657917
0.0393200657917
0.0393200657917
0.0
0.0393200657917
0.0
0.0
7.37890725861e-07
0.000160594086199
0.0
0.0393200657917
8.97797033226e-05
3.89257953888e-09
2.508768064e-07
1.89051524934e-06
0.00568931497227
0.0067985780333
6.1091890034e-07
0.000463742562706
7.11178986601e-08
0.0
0.0393200657917
7.37890725861e-07
0.00568931497227
0.0393200657917
4.9284090076e-15
0.0
0.0393200657917
3.49494412188e-19
0.0
1.89051524934e-06
0.0
4.52164574753e-06