500
0.0
0.0
0.000374642584384
0.0
0.0
1.54073682658e-05
0.0
0.0
0.0
0.0
2.83536403507e-06
0.00376838281883
8.07633919444e-08
0.0
2.11850638824e-06
0.0
0.00156879016571
6.59704019594e-07
0.000267197524239
0.0
0.0
0.000324034207476
0.0
0.0
0.000219472994268
0.024584691358
0.0
0.0
0.0
0.0
0.0167333693889
0.0
0.00386331376421
0.0
0.0
5.48530984793e-05
1.04968069597e-05
0.00751383985503
0.0
2.4493852763e-06
0.0
0.0
2.17533077047e-05
0.0
0.0
0.0
0.0
0.0
0.0002293875468
4.50600264124e-05
0.000386648039405
7.73894089001e-05
0.000137771338191
0.0
0.0
0.0
0.0
4.2956100254e-06
4.000738586e-05
0.0
0.0
0.0012512632765
0.0
0.0
0.0
0.0
0.0
0.0
0.0
8.1265235064e-06
0.0
0.0
7.41794248166e-06
0.000218104028675
0.0
0.0
0.0
0.000151967999871
0.0
0.0
0.024584691358
0.000462148514041
0.0
0.0
0.0
0.0
0.0
0.0
5.09394922346e-05
0.0167333693889
0.0
0.0
7.25998420702e-05
0.0
0.0
0.0167333693889
3.85969616791e-05
1.83394528807e-08
0.0
0.0
0.0
0.0
0.0
0.0
0.0
0.024584691358
0.0
0.0
0.0
0.0
0.0
0.00751383985503
0.0
0.00144125524519
0.0
4.12286584524e-06
0.0
0.00104853126876
0.0
0.0
0.0
0.0
0.0
0.0
0.0
0.0
0.0
7.05221223782e-06
0.0
0.0
0.0
0.0
0.0
1.43382964897e-06
0.0
0.0
0.0167333693889
2.13388288978e-06
0.0
0.0
0.0
0.0
0.00751383985503
0.0
0.0
0.00053182711234
0.0
0.0
0.0
0.0
0.0
0.000153311920873
0.0
0.0167333693889
0.0
0.0
0.0
0.0
0.0
0.0
0.0167333693889
0.0
2.72801955974e-11
0.0
0.0
0.024584691358
0.0
0.0
0.0
0.024584691358
0.0011145855546
0.024584691358
0.0
0.0
4.72736367972e-05
0.0
0.0
0.00342482667286
0.0
0.0
2.68952146623e-08
0.0
0.0
0.00113789421285
1.79342542122e-05
0.0
0.0
0.024584691358
5.91795794381e-08
0.0
1.07673050972e-05
2.49047900794e-05
0.00342482667286
0.0
0.0
0.0167333693889
0.0
0.0
0.0
0.000974453324534
0.0
0.0
0.0
0.0
0.0
0.0
2.43569707561e-05
0.000880266658155
0.0
0.0
6.37299908569e-12
0.0
0.0
2.28656916334e-06
0.0
0.0167333693889
0.0
0.0
0.0
0.0
0.000370947762019
0.0
0.000160621942931
0.0
0.0
0.000386648039405
0.0
0.0
0.0040118147599
0.0
0.024584691358
0.0
0.00190682515282
0.0
5.82390179014e-06
0.0
0.0
0.0
1.2905696828e-05
0.0167333693889
0.0
0.0
0.0
0.0
0.0
0.00122608095356
0.0
0.0
0.0
0.0
2.82055674591e-07
4.71192511172e-09
0.0
3.5762535463e-05
0.00384600264004
0.0040118147599
0.0
0.0
0.00376838281883
0.0
0.0
0.0
0.0
0.000974453324534
0.0
0.00156879016571
0.0
0.0
0.0
0.0
0.0
9.87789864269e-10
0.00126821292126
0.0
1.71911072739e-05
0.0
0.0
0.0
9.72440343643e-05
0.0
0.0
0.0
0.0
0.0
0.0
0.0
0.00384600264004
0.0
0.0
0.0
0.0
0.0
0.0
0.000227403274968
0.0
0.0
0.000169943466432
0.0
0.0167333693889
1.70749003441e-07
0.0
0.0
0.024584691358
0.0019384080104
0.0
0.0
0.0
0.0
0.0
0.0
0.0
0.0
0.0
0.0
0.0167333693889
0.00386331376421
0.0
0.00190682515282
0.0
7.75292132039e-08
0.0
0.0
0.0
0.0
0.000408610540506
0.0
0.0
5.5043585677e-07
0.0
0.0
0.000184783160061
0.0
0.0
0.0
3.70342367065e-06
0.0
0.0
0.0
0.0
0.0
2.68003049457e-06
0.00190682515282
0.0
0.0
0.00138013950861
0.0
0.000170079011983
0.0
0.0
0.0
0.0
0.0
0.0
0.0
0.0
0.0
3.61462924986e-05
0.0
0.0
0.0
0.0
0.0
0.0
7.11007917974e-05
0.0
0.0
0.0
8.71513107882e-10
0.0
0.0
1.42806985809e-12
0.0
0.0
0.024584691358
0.00386331376421
0.0
4.14619246124e-05
0.0
0.0
0.0
0.0
0.0
0.0
0.00342482667286
0.00190682515282
0.0
0.000105875026297
3.3384737989e-09
0.0
0.0
0.0
0.0
0.0040118147599
1.01655283811e-07
0.0
0.0
0.0
0.0
7.278313468e-05
0.0167333693889
0.0
0.0
1.79992829738e-07
0.0
0.0
0.0
0.0
0.0
0.0
0.000100316769632
9.58819238571e-07
0.0
0.0
0.000127050906187
0.0
0.0
0.0
0.0
0.0
4.30837686906e-05
0.0167333693889
0.000762936228632
0.0
0.0
0.0
0.0012512632765
0.0
0.0
0.0
5.7960063476e-05
7.09066741288e-07
1.92740516823e-05
0.0
0.0
0.00104853126876
0.024584691358
0.0
0.0
0.0
0.0
0.0
0.0
0.0
0.0
2.31639595469e-05
0.0
0.0
0.0
0.0
0.0
0.000197135537512
0.0
3.60958775579e-10
2.95213837699e-05
0.0
0.0
0.0
0.000316970076916
0.00124423870892
0.0
0.0
0.0
0.0
0.0
0.00144125524519
0.0
0.0
0.0
9.92741557666e-10
0.0
0.0
0.0
0.000755738727625
0.0
0.0
0.0
0.000707864593199
7.42941797044e-06
4.22673949369e-05
4.56272599659e-06
0.000169943466432
0.0
0.00190682515282
1.75512239514e-05
0.000114992667861
0.0
0.0
0.0
8.38363996064e-08
0.000408610540506
0.0
3.27973822472e-05
0.0
0.0167333693889
0.0
0.0
0.0
0.00342482667286
0.0
0.0