500
4.1675981702e-10
1.39012818546e-28
3.74052892889e-12
1.38250521517e-27
1.83072593549e-08
2.61995991597e-27
2.29592375992e-25
7.83751253387e-09
5.9957295316e-48
7.24304569101e-10
2.96523064172e-05
1.55830901986e-12
5.09248214458e-11
0.00159882315232
0.000482975324953
1.11343510376e-07
3.64857628925e-09
5.55012256919e-21
3.64046164793e-23
0.000162024715509
3.25361241567e-07
4.25704576707e-16
1.08503739193e-05
2.94010030789e-37
5.44118429763e-07
9.6531736721e-24
1.6282029652e-20
1.20122121256e-63
5.00729534574e-13
3.84924743842e-16
1.162278497e-10
3.09596984977e-16
0.00328555798687
3.05264782187e-18
5.21375414139e-08
2.32385816818e-16
2.18932099153e-21
1.47164796874e-38
9.05250477066e-05
1.27199455689e-24
0.00066323485038
1.80415078327e-06
4.80397004772e-18
0.000140678347142
1.04466425509e-15
9.53697456296e-12
3.1041801143e-23
7.45230684569e-20
1.98705548605e-08
3.83653570011e-05
1.43005545203e-07
3.66285109887e-26
5.30475083757e-19
4.17022466729e-11
8.64138353603e-24
5.64206972494e-05
2.64779469862e-13
2.36743684613e-83
1.22213707929e-31
0.00768052516412
5.66712451988e-11
0.000207853105368
1.74174597275e-16
0.000229139093813
9.22797753881e-54
9.07598668848e-06
2.25905107051e-10
1.68148858865e-13
0.000529350032832
1.9004603494e-12
9.37986256785e-32
0.00200040317572
1.60059667588e-25
1.74549049683e-62
1.07704577788e-09
1.03810415534e-22
2.32584175059e-44
8.65577393524e-93
2.17807783447e-06
1.0160351118e-08
0.000637955322248
2.89385405312e-33
3.03453860363e-35
1.0446709021e-36
7.6999610401e-06
7.89378182748e-13
4.56025066528e-66
3.10597911324e-15
9.5513270672e-05
3.61869071088e-06
3.9786411632e-24
1.79064369024e-05
1.0113463398e-14
5.56702042186e-22
1.21061083004e-09
1.11443726311e-16
2.85089118789e-16
1.88732345269e-07
1.58504270212e-62
1.99052546099e-19
1.09957024994e-14
0.00066323485038
2.1643572165e-11
2.97197651554e-17
2.23696721597e-15
1.13985129685e-29
6.81135510774e-05
4.81980867998e-37
7.84074315434e-39
3.36817899182e-18
1.79647297964e-19
0.000628371362743
8.43932788262e-21
8.50827217414e-17
4.60454552693e-25
1.91210737897e-19
3.97010506618e-11
6.14031640815e-10
1.44151741485e-58
2.40465087966e-16
1.02077086999e-21
2.98548176476e-53
2.98991415751e-20
2.90325360586e-09
6.78874381815e-26
3.39884163459e-11
2.7664772235e-10
6.43826589258e-57
1.1340438244e-52
0.00129037660183
3.34407583231e-39
6.58229726348e-07
0.000163927771281
9.3196259091e-07
3.74985348636e-19
1.68709843679e-62
6.44021692633e-33
1.07242209253e-21
0.000294168287481
7.52591778041e-11
4.43800012334e-27
7.94406833243e-16
1.45522434003e-20
7.5759112112e-10
1.07696151121e-08
2.2461953341e-20
2.51568010169e-54
1.31622662669e-14
1.49915863542e-33
3.78292188259e-26
3.36232101695e-18
8.63361195475e-10
4.29135840508e-43
2.96503903481e-24
1.11559627523e-11
1.91092641355e-05
0.000258506150604
1.2899260436e-07
1.7115158897e-35
1.40059714967e-31
1.13349362113e-07
1.23057818829e-12
1.90860385238e-16
1.98271180681e-37
1.26464832892e-19
0.000730811150268
6.65250129789e-07
5.18654612057e-08
1.80048169815e-41
4.43949931718e-15
2.76801074472e-24
5.55097155678e-30
0.000450765770677
1.55439308259e-08
2.4204829342e-08
7.94531983554e-21
1.1010403262e-85
1.59060143991e-11
8.17859148813e-50
5.89237600286e-11
0.000117518263011
6.49698581755e-16
3.70452181254e-21
6.45103225271e-30
1.32730719597e-30
2.25444225925e-05
5.41125475293e-13
3.44093036076e-67
2.77239769012e-09
1.4091278206e-49
6.11710412632e-16
3.62406751329e-33
2.67286393198e-05
9.57348315234e-41
4.27363402997e-31
2.14847788604e-09
1.41882584546e-18
6.21516717439e-24
0.00768052516412
4.53920539729e-11
0.000310832162043
1.75778514941e-15
3.78050650026e-12
5.93275140575e-35
1.33443779804e-21
7.76532677201e-17
7.83027042778e-13
1.15788855926e-08
2.22654886463e-19
3.04313082373e-19
4.67303700434e-15
5.35575379691e-31
1.17377422965e-34
5.71933981459e-08
1.30304760251e-29
1.00168295909e-07
4.31499498918e-23
4.34497349997e-18
3.22698271333e-05
1.62415707615e-16
5.10896086938e-33
3.58249818911e-15
3.70305488162e-37
0.0011073660437
2.56177669786e-19
1.68755671636e-23
1.72178334895e-26
0.000155466924812
3.64951029862e-13
9.38319723776e-27
7.18935256069e-05
5.40568707076e-39
4.54342014474e-16
1.52229614959e-06
1.42000867587e-10
1.91905794625e-17
3.32496351094e-08
3.23531719163e-41
0.00768052516412
1.52897624911e-07
0.000529350032832
0.0071024291498
0.0121020242915
6.79347556836e-06
5.05518920597e-09
1.37242861256e-67
1.00482643145e-05
0.000190070012073
4.18658773668e-06
1.30163599606e-59
0.000277829521719
4.55660945234e-77
4.13140582965e-34
8.34740603107e-09
3.01228502441e-15
1.0351029313e-09
2.0852719332e-15
9.21491021025e-05
2.94697518472e-05
4.25291950704e-11
7.55837044315e-11
7.41408530397e-12
2.30094339929e-12
1.94232432112e-20
1.44296851497e-22
2.10293676154e-05
3.36867980906e-07
4.05281881942e-41
5.77783459246e-60
3.2922100067e-43
1.7640421499e-11
1.65987545093e-13
0.000450765770677
1.23535343875e-57
3.0579529949e-37
5.46070384085e-07
1.11503008852e-08
1.13451242639e-23
2.99556931197e-24
0.0121020242915
3.10541741315e-40
7.97252547907e-08
1.36747814739e-23
2.03640081411e-07
1.07199994244e-09
2.63969784716e-07
3.54383625125e-22
2.45886067901e-05
1.3669487528e-10
6.29602534859e-16
4.09540097035e-07
0.000189181609821
1.88953886225e-39
0.00028344828468
1.82302130615e-20
7.96448793844e-12
8.33187301427e-06
3.61517249676e-12
3.75567692766e-21
1.16630472231e-13
1.48301926009e-64
7.97207587163e-16
1.74913992203e-05
3.22840795362e-08
2.48977198084e-11
1.05936168384e-18
5.42857134094e-15
1.78813757121e-15
2.36258904929e-12
0.0121020242915
5.26224770922e-10
6.57416220602e-08
0.00768052516412
1.29404559507e-10
2.7209132005e-76
2.47460440859e-33
1.46410731736e-08
1.66099251803e-63
1.91211055651e-07
5.3563493136e-76
3.51117993131e-15
6.42866352899e-27
2.04983592709e-17
7.56217753594e-05
1.56104935543e-16
7.33662535942e-23
3.35280025044e-06
0.000247775411419
2.48316528321e-30
0.000323865519061
4.91030360304e-23
0.0071024291498
6.64756542254e-20
4.26310907695e-73
6.08293207922e-13
3.2984569432e-23
6.75999719877e-37
7.33684887093e-13
7.95599441111e-15
1.39318274991e-05
0.000244089181806
1.92804025525e-85
5.66375677909e-21
1.68540961504e-06
1.09337789575e-08
5.76279433796e-14
4.95982408888e-06
8.35152344222e-06
4.26167802506e-16
4.16415355918e-41
2.24910778554e-18
2.03030268051e-29
6.62278255785e-21
2.02244455398e-27
6.22842007618e-07
1.04740715703e-07
2.03894101682e-30
2.02079322386e-31
4.36256420143e-25
1.7986853281e-12
9.87487956579e-41
4.60915446317e-17
0.000628371362743
8.12659308271e-15
4.68898149744e-36
0.00313279352227
2.28296537462e-08
2.83413113899e-37
3.9888589487e-50
1.40221383943e-06
0.000638101740259
7.38237375878e-45
1.73672484739e-48
0.000254128627096
3.37847133605e-30
3.76772607274e-37
3.18710705321e-11
0.000529350032832
0.000628371362743
1.05345590805e-45
1.95097960023e-10
1.54683422762e-11
2.17227899041e-52
1.68977691795e-05
3.50733512615e-14
3.85615865843e-23
9.85105349383e-11
0.0121020242915
0.0121020242915
7.78923138561e-34
3.82246090049e-05
1.81762716336e-11
1.59587044317e-35
5.5492486912e-05
1.83470171607e-23
0.000243913166232
1.13488219304e-17
2.06325352776e-26
0.0121020242915
2.75333906275e-09
0.00340854196708
2.73063535927e-12
5.99337746519e-22
3.3637656794e-48
4.48074340781e-14
1.13980115265e-06
9.05272993654e-22
1.94831653363e-09
1.60038136194e-07
1.25341267217e-22
1.34456264584e-15
1.79334627633e-08
6.68460370909e-13
4.81380045369e-15
6.65420644964e-16
4.8251280972e-43
2.48756328853e-05
3.31370625881e-27
5.32550222228e-08
3.54558973581e-20
7.6461671409e-05
1.17057356629e-10
0.0121020242915
0.00768052516412
7.10325961484e-48
1.09806300366e-20
2.18940509124e-14
1.88550577653e-10
5.61913456454e-08
1.52442844224e-31
4.15780994642e-05
1.06258418574e-06
3.65722371382e-07
3.79642693184e-29
0.00768052516412
9.55547896523e-05
6.17928449804e-05
3.86392719635e-14
4.78839599362e-31
1.39098829055e-18
1.43878791644e-33
1.89393143444e-05
9.29289043843e-20
1.28324473535e-14
6.83601261847e-70
4.69052753555e-12
5.48100866806e-18
4.55485662185e-16
2.24541520915e-14
1.79287226669e-14
1.2841741839e-12
1.22354778387e-16
7.54348352888e-31
0.000637955322248
7.89760964294e-20
8.80269313401e-19
9.55808272836e-07
1.71968650381e-33
3.46840373585e-18
7.99608367392e-27
6.71885457999e-14
4.03812507322e-08
1.75274107429e-23
3.35021448689e-05
5.54752799087e-10
1.72918995292e-40
1.30268505717e-11
4.18047341402e-25
2.12902806214e-21
1.59250925673e-14
3.54261420793e-07
1.87808122986e-19
6.61755975916e-25
1.73727590988e-07
3.35987128023e-35
2.07262857872e-76
1.06475039747e-55
3.98427416482e-08
9.57100437879e-14
1.40495313879e-20
2.23773686951e-27
5.72168034708e-62
2.28609106355e-21
2.26554017761e-09
0.00159882315232
0.000272903110073
1.21247558721e-08
1.76194958875e-28
2.72216007456e-06
4.17714458582e-40
1.69800392702e-83
1.15282990487e-17
9.45526681788e-07
2.11886357952e-05
2.65200550224e-22
2.80376421157e-28
4.48008217114e-08
9.93254383836e-16
9.14125278526e-21
2.03605480288e-13