500
0.000163250386668
6.95699403931e-06
9.64240332911e-12
7.20674414901e-07
0.00433906044333
1.73896452745e-09
0.0
1.67610088854e-06
0.000163250386668
1.0804742641e-06
1.67679313586e-24
4.39609250381e-07
4.54558369741e-07
9.36595988584e-16
1.05149269476e-07
0.000163250386668
4.44422444582e-09
1.05149269476e-07
2.03979728494e-25
4.52259165005e-09
0.0
2.02854525244e-15
7.63200796625e-19
3.67468597859e-12
0.0
2.75304389876e-12
0.0
8.32369396728e-08
4.71183845698e-06
0.00433906044333
0.000163250386668
1.123665257e-06
0.00433906044333
4.76572254919e-13
2.38022691854e-05
8.87514210044e-10
8.1736058379e-16
0.00433906044333
1.02137924566e-10
0.000163250386668
2.78479396071e-15
0.0105269379703
3.79817593097e-05
3.39102571314e-07
0.0
0.0
4.59314866386e-12
0.000107387916781
0.00173653779577
0.0632449817484
8.49911621288e-11
0.00433906044333
0.0
8.34248185033e-07
1.57145001876e-10
0.0
8.49256723648e-11
4.93917921098e-08
2.92539104354e-12
0.0
3.71574905675e-08
2.19593964206e-23
1.05210975748e-15
0.000397791940173
9.93156779981e-09
1.29684408322e-08
3.95149968163e-08
9.54256960635e-19
7.26652737484e-13
1.123665257e-06
8.19120960661e-11
9.93156779981e-09
0.0
0.000621299916615
1.06239396797e-12
1.28869447106e-07
2.06574562422e-10
2.25293908961e-07
1.06533568949e-11
0.0
1.61871491766e-10
3.46582132772e-10
0.00433906044333
0.00165896989105
1.39832771568e-07
0.000146866529746
9.2392470048e-13
1.09613561111e-09
3.82999384077e-17
0.0
2.38022691854e-05
5.39352790525e-09
0.0
2.74228727235e-08
2.85823869242e-12
0.00433906044333
4.80371158509e-16
1.0582041683e-14
0.00433906044333
8.92410692672e-06
1.31239104168e-19
0.000146866529746
0.0
0.0
2.6603872356e-07
5.49375502314e-17
8.21750420033e-08
1.22368540595e-13
0.0
0.0
0.0
3.79817593097e-05
0.0
0.000621299916615
2.78548713836e-06
3.41007665786e-09
0.0
4.70927443891e-13
5.23683620948e-14
0.0
3.95149968163e-08
8.34248185033e-07
0.00433906044333
2.05356189048e-12
1.08075788579e-05
0.0
2.17665974312e-06
3.36974901135e-11
1.27446112543e-12
1.28869447106e-07
8.57958415358e-09
5.47036306142e-14
6.83502854711e-10
2.38022691854e-05
2.29800195053e-05
0.000112657803436
0.0
7.04349138688e-16
1.81327681316e-07
0.00543436083534
0.0
0.0
0.0
1.18666655389e-05
0.00543436083534
6.83390876714e-07
0.00433906044333
0.000163250386668
0.0
0.0
7.45681207989e-08
0.000163250386668
2.56720332532e-07
0.0
2.38397983133e-12
0.0
0.0632449817484
0.0
9.99388007967e-13
0.000621299916615
0.00433906044333
1.50027243539e-07
7.17484688071e-08
1.05807321434e-15
0.00433906044333
1.08860526318e-10
1.25179934833e-09
1.69213643994e-14
0.0
1.54777050236e-09
2.38022691854e-05
3.29713345102e-13
0.000163250386668
0.0
7.69410396581e-05
1.19783705748e-07
1.0268156869e-07
0.0
1.2118882885e-08
0.00433906044333
0.000163250386668
1.05149269476e-07
0.0
4.393701956e-13
6.73628665659e-18
4.4662951851e-08
7.50097858637e-11
1.57476610757e-06
8.34248185033e-07
0.00433906044333
0.000163250386668
4.71183845698e-06
0.0
1.34308141895e-16
0.0
0.0
5.58638413258e-21
2.26268675065e-27
0.0
2.17665974312e-06
0.000215238007123
0.00433906044333
0.0
1.68418077534e-05
0.00433906044333
0.000761571214806
1.51645666321e-44
0.00146052309316
3.32303730906e-09
0.0
1.06992140453e-08
1.73300000558e-07
6.99745564435e-13
1.67610088854e-06
3.23418585023e-13
9.46701881293e-33
0.0
0.00433906044333
7.20674414901e-07
4.11609463846e-18
0.0
0.000163250386668
0.0
6.43247636771e-08
5.40879714586e-13
1.340318048e-09
5.73710141731e-08
1.24417740767e-08
3.56304760657e-07
0.000146866529746
0.0
8.96063940192e-24
0.0
8.51466871365e-14
2.31514304642e-07
3.79817593097e-05
0.0632449817484
7.69410396581e-05
1.81973485225e-07
1.61602793076e-06
1.07065852807e-08
2.29800195053e-05
0.000163250386668
2.40749958051e-05
2.78548713836e-06
0.0
0.0
5.4475751492e-20
0.0
8.62019612308e-15
2.18397944795e-06
0.0
0.0
0.0
7.2009433976e-07
9.6130027366e-21
6.30578938369e-06
0.0
0.000824484725866
2.32402046589e-24
0.00433906044333
0.0
2.37825183516e-17
3.70573954202e-15
2.29180894286e-15
0.000163250386668
1.83576827081e-23
1.64293267813e-05
0.000620727032679
1.02137924566e-10
0.0
6.5519786375e-09
0.000163250386668
2.31062602111e-40
0.0
2.13871906204e-18
0.0
0.00028347888598
0.00433906044333
2.40749958051e-05
6.44031487972e-07
0.0
1.87150807087e-13
1.21693282556e-13
2.38022691854e-05
9.41439869501e-10
2.91602024958e-07
8.57958415358e-09
0.0
0.000146866529746
0.0
3.34451721289e-06
1.92377480352e-06
1.23559412459e-14
0.00433906044333
1.39880362467e-09
0.000163250386668
1.28209254918e-22
2.23842749985e-09
0.000163250386668
5.04330728011e-15
0.0
3.40980269121e-10
0.0
1.79501100461e-08
0.0
0.0
6.83390876714e-07
1.83034113256e-18
0.0
1.953692682e-10
0.0
1.08624155546e-09
6.58121422835e-08
0.0
1.08075788579e-05
7.45681207989e-08
0.000310422888863
0.0
3.06351020802e-22
0.00433906044333
2.02328708671e-05
2.47867955173e-10
4.89094434209e-12
1.05149269476e-07
4.34550762303e-19
0.000621299916615
0.0
2.48356398169e-18
0.0
0.0
0.000621299916615
6.65267600318e-08
0.000163250386668
2.22481798971e-07
3.80089665573e-14
4.44788117832e-20
2.99708500813e-10
0.0
1.39595055449e-06
0.000163250386668
0.0
8.57958415358e-09
1.0455382292e-09
1.123665257e-06
1.4978798673e-07
0.000112657803436
3.27629202602e-05
0.00375050848478
0.0
2.29800195053e-05
0.0
1.57106318048e-11
5.16268471457e-11
0.0
8.57958415358e-09
1.69790577019e-15
0.000163250386668
0.0
5.65590466178e-14
0.0
0.000112657803436
6.79904340961e-12
0.000163250386668
0.000163250386668
0.0
3.52893464738e-19
1.18502753645e-10
0.000163250386668
0.00433906044333
2.75121564136e-19
0.0632449817484
1.57130526235e-32
0.00433906044333
0.0
0.00433906044333
0.00433906044333
0.000163250386668
1.39595055449e-06
0.00433906044333
1.05149269476e-07
1.24017655159e-14
0.000273405887262
1.61602793076e-06
3.59143523458e-06
1.49023763593e-11
3.40057436143e-14
8.16794068855e-17
0.000160250777043
0.0
3.47250195402e-06
0.00433906044333
0.0
1.02292772753e-09
9.04087233478e-05
7.45681207989e-08
6.11913781589e-12
1.66666017965e-06
9.4398800008e-10
0.000273405887262
0.00433906044333
8.34248185033e-07
0.0
8.57958415358e-09
0.0
1.00055656201e-12
0.0
1.09505724283e-10
0.00543436083534
0.0
1.89244452231e-05
0.0
0.0
0.0
3.39666168346e-09
1.30159457985e-14
0.0
2.7786433251e-09
0.000146866529746
0.00433906044333
1.83979846492e-05
0.000163250386668
8.21750420033e-08
2.25293908961e-07
4.44891460974e-18
3.87213071591e-07
6.50168546916e-10
2.42324782257e-08
5.49211169733e-08
8.00817108888e-23
0.0
2.38022691854e-05
0.000621299916615
2.69848808612e-07
5.0851082857e-31
0.00433906044333
0.00433906044333
5.45881273181e-11
2.38022691854e-05
3.22279662801e-12
2.43241011253e-06
7.20674414901e-07
2.40749958051e-05
0.0
3.05451909088e-06
5.21466436382e-07
0.00543436083534
0.00433906044333
2.25293908961e-07
0.0
0.00433906044333
3.60890802423e-13
9.93156779981e-09
1.61602793076e-06
2.78548713836e-06
4.93917921098e-08
0.00433906044333
7.54464563456e-16
1.15939758415e-09
8.67781022661e-10
0.000621299916615
0.0
3.68560157072e-08
8.31109825176e-08
1.9102403922e-12
1.51648694835e-22
0.000195045179439
1.10560990193e-07
2.6609757658e-13
2.40749958051e-05
0.0
3.97854981198e-22
2.18397944795e-06
0.00433906044333
0.0
1.34330773947e-05
1.7774761306e-06
4.28165986276e-23
9.86748111135e-08
0.0
0.000163250386668
0.0
8.57958415358e-09
8.31677331583e-37
0.0
4.75806032729e-27
0.0
0.000163250386668
2.10985481906e-09
0.00433906044333
2.72079227494e-38
0.0
0.0
3.79817593097e-05
0.0
0.000425626855236
0.000621299916615
0.0
4.65992916822e-11
1.10149628815e-11