500
4.53676223067e-05
0.0323931334028
1.8953926572e-05
0.0
0.0323931334028
0.0323931334028
0.0
5.66000981831e-09
7.24389092135e-05
6.64615998658e-08
0.0503214156329
0.0
1.43133721327e-05
0.000250747379966
5.53002743218e-05
0.0206769639064
7.76636408611e-05
0.0323931334028
7.80429178896e-06
0.000775131457123
6.69409808743e-05
0.000321011822883
0.0503214156329
0.0503214156329
2.94919314441e-07
4.97020691997e-05
2.54826323284e-06
0.0503214156329
0.0206769639064
0.0503214156329
2.30001206761e-05
0.0206769639064
0.00153548924231
0.0
0.0
1.24723043762e-08
0.0323931334028
0.0503214156329
0.0
0.0503214156329
3.15346228612e-05
0.0503214156329
0.0323931334028
0.0
0.000303564299978
0.0206769639064
9.69887622479e-06
0.009433400537
0.00040816302715
0.00479285164797
0.0323931334028
0.0503214156329
0.000301817871094
2.45074441041e-12
0.0503214156329
0.0323931334028
0.0503214156329
4.67488775794e-05
0.0206769639064
0.00331244706871
0.000134891593283
0.00232357593714
6.47717687907e-08
1.74463274889e-05
0.0206769639064
0.0206769639064
0.00124216582174
0.00393755936643
0.0
0.000195368224234
5.22853716412e-05
0.0
6.42754735701e-05
0.0503214156329
0.0
7.30444374181e-06
0.0323931334028
1.39950420202e-08
0.0
0.0323931334028
6.51930004754e-06
0.000820555473743
0.0
9.20134641273e-08
0.0323931334028
4.30003771434e-06
1.05831801419e-05
1.05908302817e-06
0.0503214156329
0.000187647620876
0.0
1.83059667398e-11
0.0503214156329
0.00015788841337
0.0323931334028
0.0503214156329
0.000694308421263
0.00448366745839
0.00150430368733
0.0206769639064
2.02576746842e-05
1.83536231406e-06
0.0503214156329
2.14308371609e-07
0.0
1.25278005123e-08
0.0503214156329
0.0
3.15346228612e-05
0.0
1.5361295827e-05
0.0503214156329
1.89298783246e-11
0.0503214156329
0.000254901688364
0.000376098883095
0.009433400537
7.59231996345e-08
1.89307557567e-07
5.36624828317e-06
0.00479285164797
0.00197783236219
0.0323931334028
5.49836645827e-05
0.0206769639064
1.68281744532e-06
0.0503214156329
0.0323931334028
2.68616965258e-06
0.0323931334028
0.00838731221167
4.02594175708e-12
0.00153548924231
0.00083168516609
1.53126423026e-05
0.0323931334028
2.56000031191e-05
0.0503214156329
0.000301817871094
0.000796310881234
7.38235217951e-06
0.0
0.0503214156329
1.4774231141e-12
1.08855633607e-10
0.0503214156329
3.26047100307e-05
0.00118709396813
0.0323931334028
3.09605963434e-05
1.73444278094e-06
0.0
8.73790931534e-13
0.00078036820068
2.86261420858e-05
0.0503214156329
0.0206769639064
0.0503214156329
1.08680925258e-11
0.000242351978583
0.000123861721598
7.91092389731e-09
0.0503214156329
0.0
0.0503214156329
0.0206769639064
0.0
6.52425828617e-05
0.000484219237482
0.00448366745839
0.0206769639064
0.0206769639064
5.15999480996e-06
2.40056866625e-07
4.30638396946e-10
0.0206769639064
6.66788947476e-05
2.56000031191e-05
0.0503214156329
0.0323931334028
0.0503214156329
5.95248226439e-15
0.0503214156329
0.0
0.000254901688364
0.000250747379966
2.61759994538e-06
0.00153548924231
6.92060223832e-09
0.0503214156329
0.00357177917042
3.21508612385e-10
0.00479285164797
0.0206769639064
0.0503214156329
7.59231996345e-08
6.72473074047e-05
2.17548134582e-08
2.16249348814e-10
4.97020691997e-05
0.0503214156329
0.0503214156329
3.84945639196e-06
0.0
5.0718521453e-10
0.0
1.20959111232e-14
0.000376098883095
7.23166095801e-06
0.0503214156329
0.0503214156329
2.11738471206e-07
0.0503214156329
0.0
0.00393755936643
0.0206769639064
0.009433400537
0.0503214156329
0.000820555473743
1.25060217864e-06
0.000130255115253
6.66788947476e-05
0.0206769639064
0.0323931334028
3.04424412856e-05
0.000820555473743
0.0206769639064
0.0323931334028
0.000199855213936
0.0
1.05216101128e-07
0.0503214156329
0.0503214156329
0.0323931334028
0.00282319531469
1.91186276076e-06
2.07281975757e-06
4.54360479544e-11
3.08902916612e-05
4.54250323735e-05
0.0323931334028
0.0323931334028
0.0503214156329
0.000477667973306
0.0503214156329
0.000182552779717
0.0206769639064
0.000127270067379
0.0503214156329
0.0
0.000199855213936
0.0503214156329
2.06656540976e-09
0.0323931334028
1.19983605561e-05
6.69977141294e-06
0.0
0.000181458286758
0.00448366745839
0.0503214156329
0.0503214156329
0.0503214156329
0.00393755936643
3.6383951907e-10
0.000209974514236
5.66472035102e-05
4.03934048566e-16
0.0323931334028
0.0206769639064
0.0
2.71349709787e-06
0.0
0.00479285164797
0.009433400537
1.67215827511e-05
0.000775131457123
0.0323931334028
0.0503214156329
1.1753884527e-16
0.0503214156329
0.0206769639064
4.34253139998e-07
0.0503214156329
0.000127270067379
5.37480668368e-05
8.72053208227e-05
0.000775131457123
0.0503214156329
1.43133721327e-05
0.000199855213936
1.25428730514e-09
0.0
5.46517505587e-07
3.82079663843e-10
0.0503214156329
0.0503214156329
1.99051724934e-05
0.0503214156329
0.0503214156329
7.80429178896e-06
0.0503214156329
0.000199855213936
0.00148239432424
1.99051724934e-05
0.0323931334028
0.000671481480189
5.43072877387e-16
0.0503214156329
4.3626562327e-10
0.00479285164797
0.0503214156329
0.0503214156329
0.0323931334028
0.000301817871094
0.00124216582174
1.41115085511e-05
0.0
1.03077718473e-06
0.000477667973306
7.48681098711e-07
0.000243689194516
0.0503214156329
0.0323931334028
8.31763972843e-07
0.0
0.00393755936643
0.0503214156329
0.0
0.00114717363102
0.0503214156329
0.0323931334028
0.0323931334028
0.0
5.4620910794e-17
0.0503214156329
0.00144200327848
0.00282319531469
0.0
1.99704259085e-06
0.0206769639064
0.0
0.0503214156329
6.66788947476e-05
0.0503214156329
0.00282319531469
0.009433400537
5.53002743218e-05
0.000255121998625
1.2446974484e-08
1.01912000484e-05
6.38405632186e-09
0.0323931334028
0.0323931334028
0.0503214156329
0.0503214156329
0.000579287279476
0.0503214156329
5.53002743218e-05
0.00011658350835
0.0206769639064
1.20658095332e-07
0.0323931334028
1.91660064891e-06
0.00448366745839
0.000303564299978
0.0503214156329
0.000309935190509
1.1037985056e-08
3.26047100307e-05
4.5823116338e-06
0.000187647620876
0.0323931334028
0.0
0.0
0.0
0.0503214156329
5.15787232434e-08
0.0206769639064
1.87803272552e-10
0.0007155837823
1.76460036798e-05
0.0
8.84513662518e-08
0.0
0.0
0.0323931334028
0.0503214156329
0.0
3.15346228612e-05
1.97291490558e-05
0.0503214156329
0.0503214156329
8.66238951872e-09
0.00118709396813
2.90876370388e-07
0.00124216582174
5.97697521062e-05
0.0
0.0503214156329
0.0206769639064
0.0
1.55985385154e-10
0.0503214156329
6.52425828617e-05
2.68828162421e-05
0.000301817871094
0.000897313119269
0.0503214156329
0.0
0.000199855213936
0.000254901688364
0.0323931334028
0.0323931334028
3.24904083606e-06
0.0323931334028
2.50479158977e-05
0.0503214156329
0.009433400537
0.000108115785446
0.00479285164797
0.000694308421263
3.40387199168e-08
2.93219680698e-08
1.92953076036e-07
0.00119006333359
0.000820555473743
6.22964509545e-10
0.0
0.0503214156329
2.88384442171e-07
0.000796310881234
2.3272245962e-08
0.000232926745908
0.0323931334028
0.000820555473743
0.0323931334028
4.89641789293e-06
0.000775131457123
0.00479285164797
5.66255875649e-06
0.009433400537
0.00393755936643
3.07981293636e-05
4.68566848611e-07
0.0503214156329
9.78446639383e-11
0.0
0.0503214156329
2.44430263401e-05
4.05489985836e-08
0.0503214156329
0.00282319531469
0.0503214156329
0.00282319531469
0.000121931513599
0.00118709396813
0.000775131457123
0.000303564299978
0.0503214156329
0.00118709396813
0.000205448566277
0.000762047214917
4.74372313195e-05
4.70408528032e-06
0.0206769639064
1.06252077178e-07
0.000254901688364
0.0503214156329
6.44382743434e-06
0.0
0.0323931334028
0.0
0.0503214156329
0.00040816302715
0.0
0.0503214156329
1.0478071363e-09
0.000820555473743
0.0323931334028
7.127088719e-07
0.0323931334028
0.000579287279476
0.0114294350808
4.70069540974e-10
0.00078036820068
0.0
0.0
0.0323931334028
1.56298032647e-07
1.01468120462e-07
0.0503214156329
0.00197783236219
0.0503214156329
0.000127270067379
0.0503214156329
2.56000031191e-05
0.0323931334028
0.000671481480189
0.000406723723429
0.0503214156329