500
2.50373615454e-25
7.82534807929e-14
3.9806620601e-10
1.32621657918e-07
2.6744627323e-06
2.35925856643e-13
7.98877328914e-10
4.3248035378e-16
1.15568415553e-06
2.0091517087e-06
4.67504702424e-05
0.000380862056209
1.63574210064e-31
0.0
0.000800544561713
7.520515119e-21
0.0
3.5127120156e-55
6.02748065099e-14
0.000573052595777
1.45055040273e-32
0.000840959330202
6.42376420661e-20
9.01156693169e-22
5.00887832845e-08
0.0
4.3452098637e-17
0.0
0.0
0.0
8.57249994499e-11
1.49496284337e-56
8.42537679145e-73
0.0
5.41362712448e-25
0.0
0.0
5.68128201674e-54
5.2278007801e-32
0.0
1.40749365379e-07
1.23511961292e-07
0.0
4.02561921834e-21
7.08337514106e-09
0.0
0.0
7.22729172197e-30
1.16411502061e-29
3.39571004615e-12
0.000840959330202
0.000404496175954
0.0
4.58935525298e-13
9.19045047531e-11
5.22425759107e-09
2.22860594207e-10
5.9352388933e-38
5.66422699394e-08
1.33329923508e-57
1.19660118574e-21
3.01296076294e-12
0.0
2.00967015358e-37
5.91130492664e-22
3.98010279659e-17
0.000573052595777
2.63742051945e-41
2.13966322297e-22
8.67274246121e-29
3.59156809496e-24
7.99557547599e-05
3.44135405951e-05
0.000840959330202
1.49488160446e-10
1.00781811346e-06
1.11368243164e-29
1.90143550198e-24
0.0
5.56610817245e-25
3.93599757833e-21
0.0
3.78977724251e-33
5.2156498096e-25
5.50302829902e-11
0.0
3.32093796509e-61
6.81685133527e-05
5.2848139191e-36
8.34192739358e-10
3.62901683472e-14
3.0200460096e-21
2.51182911823e-10
2.37600293065e-07
1.70157292036e-66
0.0
0.000750309634603
4.30479740534e-30
0.0
0.0
0.0
8.8845106317e-14
0.0
7.67257436234e-15
6.60556223463e-07
7.11905036919e-12
3.68767563441e-07
2.16492556064e-05
2.53224450113e-53
0.000573218190399
3.69463491824e-07
1.02465016519e-59
5.78294078435e-22
3.06321207969e-12
1.99935028388e-19
9.47709659038e-91
0.0
0.0
1.9766750011e-21
2.64393411459e-08
7.11586037879e-25
6.61467688504e-16
1.57441228115e-16
6.8750989823e-05
2.44647176239e-23
3.71043219507e-44
0.0
3.20838439082e-24
3.23855691313e-18
0.000573052595777
9.66870509386e-18
0.000840959330202
0.0
0.0
2.023018156e-06
4.39045905878e-42
0.000733330515353
0.0
1.81231812408e-17
4.34192703411e-07
0.0
6.86628940716e-07
5.7917759246e-11
7.99156553988e-06
2.78457426423e-13
1.87188307497e-29
0.0
4.94559392631e-32
5.35842435629e-21
0.0
3.32173351581e-05
2.17795277205e-14
0.0
0.0
1.47240792625e-13
4.6502683205e-22
2.06925264446e-06
1.93545195371e-24
0.000404496175954
1.20744174885e-18
7.86649454436e-16
4.23735951029e-10
1.66326072642e-39
4.26803629565e-40
2.51449215457e-29
1.5759027704e-12
4.24489552199e-15
0.0
7.55923613723e-08
1.83384118158e-11
2.03736098488e-08
0.0
1.01319967258e-14
9.65663778533e-33
4.84499682252e-12
7.83436549094e-12
6.01024342829e-10
2.95772212555e-25
2.51489122214e-37
0.000168540073314
1.55210956012e-10
7.83243110843e-07
8.15658794035e-05
0.0
5.86281218551e-50
8.01625377456e-28
5.89210018303e-20
7.03200323804e-29
1.81008675755e-38
3.90358374458e-13
4.59494387446e-53
0.0
2.76232387494e-21
1.47125576854e-10
0.0
0.000800544561713
5.66039182873e-07
9.73110563476e-15
0.0
0.0
2.29047055695e-13
4.99064035874e-15
9.70386502519e-17
2.16659237538e-07
0.0
1.29995489995e-06
7.14538680318e-15
8.1015357633e-45
2.18217255901e-06
6.93805574929e-08
4.18211855135e-19
3.58703443751e-26
0.0
2.08201920101e-10
1.22634549752e-05
7.03303950478e-18
1.19356488442e-19
1.96708877242e-17
0.0
2.9861428082e-06
8.930849021e-18
1.16487025784e-35
2.19194572627e-11
1.22350956477e-43
4.6180565187e-20
1.01963093934e-12
0.0
6.82255859005e-12
3.85962199996e-09
7.79376103772e-28
2.07972544874e-20
1.12547174371e-26
1.60761371697e-05
0.0
9.36660785568e-18
2.8922405464e-09
0.0
7.12634292638e-12
0.0
1.38344191598e-12
1.522308626e-15
0.000625348423749
0.0
1.08758774705e-38
0.0
1.48832879517e-18
6.53182257294e-06
1.15328945766e-72
2.41926110801e-10
8.6307561718e-18
0.0
9.22911278559e-23
7.08354084215e-06
1.01597573963e-26
8.48068203913e-13
0.0
0.000212316809287
1.15189588187e-17
9.01290115572e-35
1.43265814027e-17
2.69302114431e-30
0.000800544561713
1.26037963376e-07
2.1087249306e-09
0.0
3.0275076133e-07
3.88272621733e-12
1.05953574428e-09
1.38159535061e-12
0.000840959330202
3.5869186909e-13
1.47512589236e-24
3.57104914764e-25
0.0
0.000800544561713
2.77431585248e-09
5.53734756765e-10
0.000625348423749
0.0
0.0
7.40235939542e-18
5.95150609752e-13
3.40032103061e-13
0.0
2.86406843621e-57
3.30902599482e-96
1.7583715336e-48
0.0
0.0
2.86815817182e-14
2.57291943715e-16
1.34122859842e-16
0.0
2.87556533427e-10
1.04604719364e-15
3.37238612313e-16
0.000840959330202
8.77764817293e-06
6.3027709027e-09
0.0
9.37645287006e-22
3.07485710045e-09
5.58925726213e-36
1.59772646983e-30
4.2444970189e-08
0.0
1.88538754626e-18
0.0
2.33331063946e-10
1.80149921114e-13
0.0
0.0
5.97534922988e-21
1.7045535477e-07
1.19107851854e-09
7.02361862522e-17
0.0
1.81680232522e-19
0.0
0.0
0.0
5.46240742279e-10
2.47406962625e-08
1.50166876345e-05
0.000573052595777
1.96215640791e-41
0.00122396022346
5.01578282881e-42
0.0
0.0
7.64434048529e-06
3.10259756788e-28
8.77764817293e-06
0.0
3.19552552212e-24
1.22578107483e-05
1.11327633848e-05
5.8856319476e-05
6.45048910307e-08
1.46196638893e-12
8.68042008708e-35
1.61648440045e-09
1.01161444243e-11
1.6945378468e-43
1.53785900435e-05
1.19727870929e-16
3.48755575313e-24
1.97790930515e-19
2.09028345681e-21
0.0
6.04111816081e-31
5.70378131252e-09
0.0
0.000573052595777
0.0
2.09086933924e-12
0.0
6.40942136791e-16
4.31182316183e-50
0.000523306703675
4.89420782655e-16
0.0
0.0
1.1958512603e-11
3.05928303826e-21
0.000573052595777
1.08969208221e-67
7.28852323877e-25
1.44184196073e-09
4.21445481937e-36
3.14090198663e-07
0.0
4.45608515354e-07
1.04267357053e-08
1.40348370875e-05
0.0
3.49558703078e-16
1.4784421703e-12
0.000350399720918
6.9445958999e-32
2.81685489922e-10
0.000800544561713
0.0
2.50654382114e-54
6.80088279004e-52
0.000333560234047
1.1271268766e-08
9.40627928117e-34
1.49458668288e-15
0.0
0.000404496175954
7.0496402127e-13
1.53264161867e-19
1.12380306271e-09
1.24360841223e-13
2.01766180524e-31
2.83417254853e-06
4.63458825954e-19
0.000619039506954
6.48088750504e-11
2.91079726827e-13
9.98543550326e-06
1.07067733208e-21
0.0
3.8334563822e-11
8.27481033157e-16
8.52198668059e-09
4.07486967041e-36
4.1610694719e-24
1.71306222468e-33
1.75644589752e-09
0.000840959330202
2.52847195346e-14
5.51371564482e-20
3.45378730125e-07
6.04394586848e-51
1.10712245495e-19
1.45148720571e-24
3.3349601203e-42
0.0
0.0
3.47967568745e-05
0.000212316809287
1.48426813929e-21
4.85248631613e-14
0.000840959330202
1.75612362117e-17
2.53808127675e-07
0.0
3.22920762261e-06
0.000800544561713
0.0
2.38719642644e-40
1.43906524834e-29
0.0
1.65004796538e-15
2.56694993083e-52
1.59090945722e-06
0.0
1.81774781826e-12
2.83885242902e-37
6.7155897325e-10
2.69693980959e-21
2.50196743081e-10
5.12532006255e-08
0.000573218190399
0.0
5.92180239729e-11
8.95505147797e-08
0.000619039506954
2.10986675417e-07
3.70651796307e-08
3.6562137941e-15
6.63553385974e-07
1.3034331024e-05
0.000138858830192
0.0
8.28837626915e-07
2.35203723441e-45
1.23613055243e-70
1.826854325e-46
8.31789093865e-50
0.0
1.15071561306e-26
1.21762383718e-16
3.18196881732e-06
1.23517256499e-39
3.29803704137e-29
1.36930228891e-08
4.84509085424e-12
2.89235787118e-05
0.0
0.0
8.44780838505e-14
5.80399798678e-15
8.13850454994e-06
0.000625348423749
0.0
1.43249765813e-06
8.77013183559e-23
0.0
9.1391302451e-13
6.12093563429e-15
0.0
3.64534371581e-21
0.000625348423749
0.0
2.92414722378e-15
5.02317677234e-37
1.53548599853e-51
0.000192694299161
7.63588568036e-07
0.000840959330202
0.0
6.05908408336e-09
0.000800544561713
5.31605986366e-16
4.40646254366e-37
8.63082594651e-09
4.10095885612e-06