500
0.0
3.76079595018e-12
1.38172019476e-05
0.0
1.3676349521e-13
0.0
0.0
0.0
8.17297321961e-18
0.00131317014823
0.0
2.91670511391e-36
0.0
6.99738789445e-10
0.0
1.02977344794e-05
0.0
2.64803104207e-16
9.00515022548e-09
2.02294032647e-27
0.0
0.0
2.14330371907e-10
0.00131317014823
2.57389604226e-07
0.0
8.48597532391e-14
0.0
0.00131317014823
0.0
0.0
9.89904675599e-06
3.63122339338e-55
4.40512064316e-14
4.94167911199e-08
1.16737305519e-16
3.32716101219e-05
1.30310761964e-16
5.34168183533e-11
1.48328515863e-38
1.25417629198e-11
5.67416159212e-17
4.0617402615e-28
0.0
5.38792962233e-06
0.0
6.95589335216e-78
1.5676231085e-16
1.98970864167e-17
0.0
0.0
1.59609294914e-10
1.69122523783e-34
3.06531112201e-65
0.0
0.000103422095323
0.0
1.42707033774e-20
4.2692399809e-06
2.00000386597e-28
0.0
0.0
1.10216106576e-32
7.12399889452e-11
8.81991710503e-05
3.52770665701e-16
3.21737296355e-12
0.0
1.16091512976e-05
2.03192456033e-53
6.8678122416e-10
3.9077232917e-07
2.48153147622e-11
0.0
7.24347244708e-33
2.13467947223e-24
1.50130818605e-12
3.88966493467e-30
9.36332312222e-26
0.0
5.83488609177e-09
0.0
5.04523280339e-11
0.000289236795034
0.000289236795034
4.89597780966e-06
0.0
0.0
0.0
0.0
9.56005415317e-17
0.0
4.39628609798e-10
3.25588623705e-16
1.19534968406e-18
0.0
1.5767331819e-07
1.12994920494e-21
2.32409566668e-08
5.2140267181e-11
0.0
4.32290392289e-11
0.0
6.34515768775e-21
9.02697199184e-16
4.68586671449e-24
9.19425605703e-06
3.09593058743e-15
9.14336450928e-56
0.0
5.70726567999e-07
0.0
1.04175131593e-37
1.29673281589e-26
0.0
0.0
1.01613308535e-27
8.74583794472e-61
1.0634075543e-10
5.56765778762e-23
0.0
7.0960048256e-34
0.0
6.19666606098e-12
0.0
2.95040759018e-16
1.78986833337e-37
2.64404341865e-08
1.09322482856e-07
3.3774857438e-29
5.30279747882e-18
5.84627192133e-20
9.43418610958e-32
2.43880924619e-07
1.62140802573e-33
5.29620445071e-06
4.26960437532e-16
6.47791962908e-26
7.75047287842e-05
0.0
0.0
2.50139691627e-43
1.26755112521e-28
0.0
0.00131317014823
6.49656114745e-09
4.95711338906e-05
0.0
0.0
0.0
1.48566812984e-06
0.0
5.83773662356e-15
8.68875812275e-56
1.4120524951e-22
9.43908464259e-23
3.1134964672e-11
3.02774842515e-29
5.80070187622e-06
0.0
5.0231072313e-06
0.0
4.33593608977e-13
0.0
4.06102666688e-13
0.0
7.27044649188e-48
0.000289236795034
5.83890330414e-07
0.0
0.0
0.0
0.0
2.16497212612e-09
0.0
0.00131317014823
0.00131317014823
1.56144338358e-36
1.83553407984e-28
0.0
0.0
0.0
1.53125062716e-28
1.17319067593e-09
1.56289465109e-08
0.0
7.50382830144e-10
2.87297930241e-29
5.13724020794e-18
3.27653833091e-22
8.69050342739e-08
5.17338722367e-17
0.0
1.71213704815e-08
0.000193392335834
2.49706164663e-10
8.94220503801e-30
1.11676028491e-15
5.76519945502e-10
1.35688384084e-07
1.16213191481e-28
1.22675468518e-13
2.3057719564e-22
8.85673911147e-15
1.37260541909e-07
2.08243402198e-07
0.0
0.0
5.4640647395e-07
0.0
0.0
0.0
3.32972481102e-43
4.28495958686e-15
3.11514539272e-38
0.0
0.0
0.0
1.34548060197e-08
1.1975982647e-08
3.21412609589e-32
5.68558872877e-31
4.13539232791e-11
1.52849355438e-30
2.25455833174e-07
3.59837523565e-20
0.0
2.84268496994e-31
5.40891313312e-37
0.0
0.0
1.68221886735e-12
5.33422883938e-17
2.23952317904e-15
1.39017826796e-12
2.09394613714e-37
1.57953267571e-24
5.14411440463e-21
0.0
0.0
5.67393422219e-27
2.81466392116e-07
5.91219503317e-12
0.0
2.24032778733e-57
3.64879447013e-33
0.0
2.64784654352e-14
0.000407900236538
2.61339891414e-14
0.000197100869949
0.0
1.88790689807e-16
0.0
1.57556998355e-38
0.0
6.50632829526e-08
8.45341248279e-16
3.39011282796e-33
1.90973073459e-22
1.41784479923e-12
0.0
4.35605849898e-53
1.62907806059e-26
0.0
0.0
0.0
0.0
5.14769635089e-15
8.53969847882e-37
0.0
1.38041192364e-55
7.40855406407e-21
0.0
4.37894886324e-16
4.44946300824e-12
0.0
1.17611423318e-27
1.42426590396e-50
0.0
2.1284841907e-15
1.63341497554e-16
0.0
1.19638780138e-57
1.18257165662e-18
1.84201164635e-07
3.84613212739e-12
1.06749682631e-17
0.0
0.0
2.88313954771e-29
2.7017422138e-14
2.41975304234e-49
7.85246996561e-22
0.0
0.0
0.0
7.21002650556e-21
1.41778600779e-08
1.38145556969e-16
4.71934033315e-23
2.21062726156e-10
0.0
0.000178731952775
3.51423167224e-46
3.95588245683e-25
0.0
0.0
0.0
9.19425605703e-06
8.98177956664e-21
5.02601914536e-28
9.81582302607e-24
8.08083781116e-18
6.6480542903e-12
4.63686568181e-52
5.3446707566e-18
0.0
1.45390119301e-35
0.00131317014823
2.40117150457e-29
5.19009621986e-22
5.40407485195e-17
0.0
4.82118303893e-11
0.0
0.0
8.19558179809e-28
1.16499369253e-07
0.0
0.0
0.0
0.00131317014823
4.43897681971e-10
1.34679441005e-11
4.92503167782e-33
0.0
2.52922261921e-17
1.27957620489e-35
1.19158377358e-06
5.47092887272e-13
0.0
2.07011421179e-09
5.12771150749e-20
3.41200873228e-27
4.68742825511e-31
2.74348045478e-11
2.1283805707e-62
0.0
1.45132706004e-26
1.65141029517e-08
5.17244356137e-05
9.32939054568e-13
1.22749563143e-30
3.56095777953e-33
1.22319367232e-09
6.40869190381e-10
0.0
9.57376603139e-35
3.54438044494e-10
0.0
0.0
2.63021233976e-08
0.00131317014823
2.79492322419e-20
8.42200251597e-05
6.06763666648e-19
6.32578580868e-16
0.0
8.83993336006e-30
0.0
0.0
1.78214816117e-17
4.21827186817e-48
0.0
3.43014292849e-09
0.00290676173504
0.0
1.51150575251e-08
0.0
1.96010203669e-44
4.93393039133e-09
0.0
4.27155303357e-06
6.70941916276e-40
0.0
1.24354207449e-05
9.08922114457e-29
0.00131317014823
7.49672671662e-35
1.37018904409e-05
3.89906436927e-40
5.89278206285e-12
0.0
0.0
0.00131317014823
0.000289236795034
2.70947318819e-15
0.0
5.69911060302e-11
6.3663426073e-10
0.0
0.00131317014823
5.49010450365e-06
0.0
9.31300771372e-05
1.18786784935e-38
4.96674246371e-05
0.0
8.34122421212e-06
1.00095517633e-20
9.07217300994e-05
5.10232958209e-25
2.96419319185e-19
0.0
1.75923889251e-32
5.94635359475e-39
0.0
0.0
3.75629452125e-43
0.0
4.75895965065e-17
0.0
0.00131317014823
0.0
2.31100903895e-15
2.97519706749e-42
0.0
1.29768847743e-15
0.0
3.49712108238e-06
0.0
8.08549497675e-12
0.0
1.66898185751e-08
2.25843157421e-06
0.0
6.76979545779e-63
9.71304887678e-15
3.14331701992e-08
0.0
0.0
0.0
1.62133181399e-11
0.0
9.80183530851e-38
0.0
2.84325364925e-05
9.49555907209e-11
1.32443022305e-05
1.38132251222e-22
1.41901653162e-20
1.26482883653e-28
7.60924430496e-06
0.0
4.2692399809e-06
7.83137676254e-22
0.0
5.43473625061e-19
1.05799898342e-14
1.27559068407e-21
0.000289236795034
0.0
2.04650766239e-10
9.8870072503e-05
0.0
3.86772024343e-11
0.0
2.14090703946e-35
0.0
7.8852132325e-11
0.00131317014823
0.0
0.0
9.31300771372e-05
4.40638414208e-35
0.0
7.4677682875e-05
2.55177589076e-16
0.0
9.08351487291e-13
4.49756038598e-19
0.0
3.06169945231e-09
8.9031525543e-06
2.7301405743e-31
0.0
8.23299242788e-38
2.98683582665e-37
1.75090330819e-11
0.0
8.7904602407e-13
0.0
1.21712613584e-18
1.05726596234e-07
0.0
1.90375403622e-39
8.61887424269e-24
5.1514750183e-19
5.60553719672e-28