500
7.04304545438e-05
0.00330767224579
3.60668152496e-05
0.000271772699181
4.97952390373e-07
2.04785298439e-08
3.25837099536e-06
0.00218855984405
0.00103281824347
0.000102043585044
0.0319410073049
0.0241060880247
0.000366739485804
0.00737262433742
0.00946337967875
2.49333106522e-08
0.00678283697797
1.88523541722e-08
7.39252483102e-08
0.000364844144741
0.0401968533111
0.0512533304456
6.13504369773e-13
0.0049120230294
9.00254257139e-18
7.90789944681e-09
1.04612424831e-12
2.80985680142e-09
0.00765651291927
1.248569405e-05
1.70016701654e-08
0.0100838017948
5.552022761e-06
0.0401968533111
0.0512533304456
1.76980006514e-05
0.000629452779891
2.24815285346e-07
0.00742191934586
2.22435371425e-05
0.0401968533111
0.00742191934586
0.0512533304456
5.13108941603e-09
0.0401968533111
8.1025999034e-09
0.0012174625261
4.874292826e-10
0.00165540541705
0.00790850268736
3.47640150323e-08
9.01823626425e-21
0.000418807473856
0.00195319281357
1.06300473143e-08
0.00227263152001
0.000122654451476
3.27106406555e-05
0.0401968533111
6.96385370796e-08
0.0512533304456
1.02691813537e-06
3.56428286585e-05
2.26546128829e-05
0.00218855984405
8.74343127157e-10
4.83373971505e-09
3.2199076218e-18
0.00864851241713
5.09312721587e-15
2.3335101328e-11
0.0512533304456
0.0010700624614
1.12237783172e-08
1.18417789755e-08
0.000805125833155
1.11563257198e-09
0.00872370691958
1.78636406949e-17
0.00381188129756
2.19835255544e-07
1.42710415548e-10
5.57481811791e-09
7.15104776784e-07
4.21153104222e-14
0.0319410073049
0.00753173087076
1.22016479112e-20
0.0512533304456
5.89979905448e-07
0.0241060880247
1.7870525262e-06
0.0161925561378
7.32155156228e-05
0.0512533304456
0.0319410073049
0.00765651291927
0.000298743767845
0.0512533304456
1.14578333972e-05
6.87876510205e-05
0.000437716110587
0.0319410073049
2.98606032008e-05
0.00147893899524
9.94374992844e-05
0.0161925561378
0.0049120230294
2.44985504497e-05
0.00218855984405
0.00753173087076
0.00239891894106
8.9692288415e-16
0.0100838017948
0.00131690344796
0.0512533304456
0.00753173087076
0.000209777506788
3.55090958577e-10
5.36754758507e-10
7.32954040488e-05
1.84657621528e-05
0.0401968533111
0.000757636788868
1.60868058948e-12
0.0401968533111
0.0401968533111
0.0512533304456
0.00790850268736
0.00742191934586
0.000937478255297
1.02257525448e-18
0.000441108433724
8.1836266357e-09
0.0401968533111
0.000441840577124
0.00403094124902
1.10736248379e-05
8.1895529892e-11
2.40682073054e-05
5.19825700907e-06
1.0405930507e-05
0.00385239100477
1.27444685094e-14
0.00428055876999
0.0512533304456
0.0512533304456
8.14614692128e-10
0.0512533304456
0.000380722854465
0.000519604128531
0.0319410073049
2.43953011398e-07
0.000903843268227
0.0319410073049
6.66387309535e-05
0.00946337967875
0.0241060880247
0.000441840577124
0.000574307458071
2.47217031214e-19
4.57480440301e-08
0.0512533304456
0.00182536746324
0.0319410073049
0.0401968533111
0.0319410073049
0.000464626971049
0.00864851241713
1.05802107335e-17
0.000735243457993
0.0512533304456
0.00428055876999
1.32686250189e-05
9.24278340426e-07
8.43708038163e-07
0.0161925561378
1.07504488196e-13
1.32966039798e-09
0.00864851241713
0.00161742933559
9.80284284348e-08
0.0161925561378
0.0401968533111
0.0401968533111
4.43140202122e-05
0.0319410073049
4.16753886044e-07
0.0401968533111
0.00737262433742
0.0100838017948
7.62735632886e-05
0.010622858996
0.0401968533111
1.17591746227e-09
0.00378272366835
0.000435720904304
0.000101510437079
2.77997810269e-08
0.00872370691958
2.32990579934e-06
5.94994920681e-10
2.44453398159e-17
0.000305641714004
0.00403094124902
0.00946337967875
2.28190278876e-05
8.89270378625e-05
6.88282044966e-25
0.0319410073049
0.000109298256828
0.000464626971049
2.02502487632e-07
3.07126129117e-12
7.39045919347e-05
0.00186157486497
0.0161925561378
1.59350432075e-07
0.000857799475146
2.53303729524e-11
0.00261443197272
0.0512533304456
9.06238580641e-07
0.0319410073049
0.0512533304456
0.0401968533111
0.00124227064787
5.55158395205e-08
0.000272964005621
3.66926367528e-10
1.0756807931e-05
1.16949537178e-09
0.00790850268736
3.58635142449e-08
0.0512533304456
0.00428055876999
0.0319410073049
0.0401968533111
0.000189373180089
0.00864851241713
2.24689272738e-19
2.16210800229e-07
8.23432140954e-09
3.79081378123e-06
0.00131690344796
0.0401968533111
0.0241060880247
7.41765549113e-13
2.2221963191e-09
0.0100838017948
0.00141946319994
2.00301918357e-08
5.05205236689e-07
0.0401968533111
0.00753173087076
0.00312249609229
0.000183460424716
0.0319410073049
0.0512533304456
0.0241060880247
0.0512533304456
0.000800178831247
1.43663378256e-06
0.0241060880247
4.28684909453e-11
3.94914362995e-08
0.00179025744106
6.50962046079e-10
1.30127190778e-07
1.19542266535e-07
0.0319410073049
0.0512533304456
0.0241060880247
0.0319410073049
0.0512533304456
4.80991137245e-08
7.99519088161e-07
1.55469564057e-10
4.31347747113e-06
0.000609765515485
0.00378272366835
9.65101042056e-07
1.36292528479e-06
2.54834141058e-09
0.00753173087076
0.0401968533111
1.92797880717e-11
0.000300971723626
3.45334436448e-11
2.55420101144e-18
3.0329439878e-07
0.0401968533111
0.00753173087076
0.0319410073049
0.000168371485775
1.35082163527e-20
7.34646869602e-05
3.25783931858e-06
6.75389265718e-09
8.31570743489e-06
1.80088662354e-09
3.52674886695e-06
0.0512533304456
0.0241060880247
0.00188141905981
6.46849880269e-08
0.000506220426639
2.09345528046e-05
4.61290435164e-10
5.13781769064e-19
0.00143636071417
0.000700434996232
0.00156499055896
0.0401968533111
3.43149354938e-09
0.0319410073049
0.0401968533111
8.43631748069e-05
1.86774088198e-05
1.15718901664e-13
0.000637730696301
9.95138620975e-06
0.0401968533111
1.14727958598e-05
0.0049120230294
7.34045032396e-09
1.67875527897e-07
1.64507669599e-08
0.000502509069608
4.79829793694e-06
0.0319410073049
9.30163313905e-05
0.0241060880247
4.42120943331e-06
0.000691714178261
5.0180408986e-09
6.66248172038e-05
0.000106373483171
4.28524036658e-05
0.00765651291927
0.0512533304456
1.41363114921e-05
0.0401968533111
2.03070061794e-05
0.0319410073049
1.24531899163e-10
4.88158478688e-05
4.06501904944e-07
0.0319410073049
0.0319410073049
0.000300988690617
0.00864851241713
0.0161925561378
4.76785697111e-05
0.00218855984405
4.15306392864e-09
1.75572592357e-14
0.0512533304456
1.39518684119e-06
2.10515084862e-15
2.97168968715e-06
0.00301645436114
0.0401968533111
3.14233536071e-06
0.00142279744173
6.19264800129e-09
3.69401107824e-07
1.95026271193e-06
3.21596734476e-06
0.0401968533111
1.17690130812e-05
0.000921184517306
0.00155538670571
0.0401968533111
0.000117073383412
5.12344029375e-07
0.0319410073049
8.68558427472e-09
2.53620291857e-11
0.00381188129756
5.77354188177e-05
0.0401968533111
0.00753173087076
2.73333154176e-10
1.47381797409e-08
1.57834722303e-10
0.0512533304456
0.000445630385125
0.0512533304456
5.64466762642e-07
0.000531302248971
0.000451029883214
0.00428055876999
3.26383769056e-06
0.0512533304456
9.60366938764e-06
0.0049120230294
0.0319410073049
0.0512533304456
0.000558039593601
6.72921270142e-06
2.15237974342e-07
0.0401968533111
0.00378272366835
0.010622858996
3.23753609682e-09
0.0512533304456
0.0319410073049
9.50742650647e-05
0.0512533304456
0.000485654162087
1.95510403405e-05
0.00946337967875
0.000805242947216
0.00332826456337
3.49726063717e-05
6.90524948597e-06
9.6010769326e-07
9.02383554041e-09
0.00872370691958
0.00165540541705
0.0319410073049
2.25255660061e-05
0.00129829784994
3.70498922601e-06
4.25675636717e-09
0.00261443197272
0.0241060880247
0.00790850268736
8.30134175238e-10
0.0241060880247
1.39177640928e-12
0.000203495781711
0.000101240517253
0.000139538720831
0.0161925561378
0.00381188129756
7.56855890055e-05
0.0401968533111
1.78224787514e-06
4.38855045888e-16
0.0512533304456
0.0319410073049
7.89659696897e-06
8.29901425905e-08
0.0319410073049
0.0319410073049
2.23450893973e-05
0.0161925561378
1.09131108883e-05
9.24413152552e-09
1.30396932564e-06
4.20971539841e-07
1.09634830653e-05
3.51015377315e-13
7.2530657036e-17
2.98723275476e-07
0.0319410073049
2.77747335904e-09
0.0512533304456
0.0059069699151
4.09307438228e-05
0.0512533304456
0.000259854513169
2.40857039356e-07
0.00753173087076
0.00208854930176
1.22769088526e-06
0.010622858996
1.75197225272e-11
0.00872370691958
0.000798601640462
1.94471161906e-05
0.0401968533111
0.0401968533111
3.85216822232e-08
3.61759585222e-07
6.9977287088e-05
0.00742191934586
1.00906038289e-07
4.07656075188e-10
0.0319410073049
1.95649187191e-05
0.000344797184726
0.000185936773341
0.0017978689338
0.00162741292607
5.62131465147e-05
0.00753173087076
6.78772547404e-07
0.0512533304456
1.03963565328e-07
0.00162741292607
4.17264894547e-06
0.0100838017948
1.43096068807e-12
1.70254135126e-05
4.85141084617e-08
0.00428055876999
0.000116874021236