500
7.72190243685e-05
0.0028244161103
0.00184672433607
0.024730985035
0.024730985035
0.00605231208373
3.1335591781e-10
0.00062930384533
0.0529948965466
0.0529948965466
0.0487880299252
0.024730985035
3.8686483161e-14
0.0130269509962
0.0487880299252
0.0529948965466
2.48226820695e-08
5.27588538224e-06
0.00184672433607
8.59344048593e-09
0.000339732127814
6.1555411359e-06
5.1122701459e-08
0.024730985035
2.78312829522e-11
2.06088515241e-07
0.00184672433607
3.8115925047e-07
0.0529948965466
0.0529948965466
9.20251173052e-10
0.00297474233285
4.65547091892e-06
2.04897384441e-06
3.4825026535e-08
0.0529948965466
0.00297474233285
0.000511369033118
1.39371593948e-05
0.000157839302765
0.024730985035
0.00132852561219
2.28640144997e-14
2.63779065907e-06
0.0529948965466
0.00184672433607
0.00138206315294
0.00297474233285
8.85993343357e-06
0.0529948965466
0.000160747634311
1.39371593948e-05
2.05863278799e-07
0.000339732127814
3.36800131573e-05
0.000194009683903
1.25688296815e-09
4.83394284342e-11
0.0529948965466
0.0529948965466
0.0529948965466
0.0529948965466
0.024730985035
0.0529948965466
0.00605231208373
0.0529948965466
0.024730985035
5.85325439643e-10
0.00394734990903
2.57897852515e-05
0.0028244161103
3.47794015248e-07
0.024730985035
0.00184672433607
0.00394734990903
0.024730985035
1.24954854698e-05
9.85410892061e-07
0.0130269509962
1.76331898966e-05
3.78145429675e-16
0.00297474233285
0.000303115699468
0.0529948965466
0.0529948965466
0.024730985035
6.02439470095e-11
3.92168446109e-09
0.024730985035
0.00132852561219
7.35754854332e-08
0.00015233376537
0.0130269509962
0.000511369033118
0.0529948965466
0.0028244161103
0.00394734990903
0.00605231208373
0.0529948965466
0.0529948965466
0.000166980077771
0.000169909362409
0.00605231208373
0.0487880299252
0.0529948965466
2.90357821751e-08
0.000496453150209
0.0529948965466
0.0529948965466
0.0529948965466
3.6043066091e-05
3.46174996124e-05
3.03900746719e-13
0.024730985035
0.024730985035
5.77120510609e-16
3.65250841031e-06
0.0529948965466
1.6524010843e-11
0.00106856202559
0.00085798680119
0.00148775029421
0.024730985035
9.65755064541e-06
0.00103844788753
1.01884224409e-05
0.00031276334701
0.0529948965466
2.83408588866e-06
0.024730985035
5.35652099526e-06
0.00394734990903
0.024730985035
0.000122035729497
0.00103844788753
0.0529948965466
2.83408588866e-06
0.0487880299252
0.0519141205615
0.00394734990903
0.00138206315294
7.89397678356e-05
0.00557186450582
3.30218523091e-07
0.000322564036686
0.00297474233285
0.0529948965466
0.00394734990903
4.27941501667e-14
4.99125511967e-09
1.7449543744e-09
0.0487880299252
0.0519141205615
0.0487880299252
0.0529948965466
0.0529948965466
8.47393127968e-08
0.024730985035
3.87992994871e-05
2.99131052211e-06
0.0529948965466
0.00605231208373
0.00085798680119
1.90700540674e-05
5.97981602379e-06
8.56442410147e-07
0.024730985035
0.024730985035
0.000133596658096
1.38910369294e-05
1.61532128801e-06
0.0519141205615
0.0130269509962
0.0529948965466
0.024730985035
0.0130269509962
2.70818636346e-05
6.75676264789e-05
2.30492125636e-07
0.00144887086323
0.00605231208373
1.76963841219e-05
2.24895737456e-07
0.0130269509962
3.84644492008e-06
0.00297474233285
1.71881338865e-09
0.0529948965466
0.00394734990903
0.00184672433607
0.0487880299252
0.0487880299252
6.75676264789e-05
0.0529948965466
3.84298281581e-08
1.69395718591e-07
0.000293366546327
0.024730985035
0.00297474233285
0.0130269509962
0.000789877676147
3.19798494337e-06
1.03023042287e-05
7.72190243685e-05
2.55541660247e-06
0.0529948965466
4.79047576189e-06
3.19818777787e-05
0.0130269509962
0.000356154478357
0.000210906195556
3.85879954623e-13
5.33374395762e-09
7.7578824295e-05
0.0529948965466
0.0487880299252
0.000169909362409
1.05603666737e-13
0.000496453150209
0.000225149303478
0.00138206315294
0.0529948965466
4.06405892536e-07
0.0529948965466
1.04419548892e-05
0.000356154478357
0.024730985035
0.00184672433607
0.024730985035
7.93736834354e-09
8.97188659496e-07
3.46255121758e-07
0.000451620131104
0.000615734536685
0.0487880299252
0.0529948965466
0.00103844788753
3.48231685308e-12
0.00557186450582
7.33987958956e-08
0.000169909362409
0.00132852561219
0.024730985035
0.0529948965466
0.000789877676147
0.00605231208373
0.0130269509962
0.024730985035
0.00394734990903
7.1870000993e-05
0.00148775029421
4.10462409067e-05
0.0529948965466
3.65227676203e-07
0.0156778711485
0.00138206315294
0.000205394576499
1.27989552732e-10
4.28365049646e-13
0.0487880299252
0.0130269509962
1.70450622082e-06
0.0529948965466
2.19959533562e-10
0.0487880299252
3.41624307223e-07
1.09979402681e-16
1.41282886005e-07
0.0529948965466
0.000317806758925
7.86294079191e-07
1.21072595424e-05
0.0529948965466
0.024730985035
0.00103844788753
1.39371593948e-05
0.00605231208373
0.0519141205615
2.92659657278e-08
8.3511320321e-05
1.20153340778e-07
6.56905904613e-07
0.024730985035
5.14849335384e-05
0.0130269509962
7.98244981937e-08
0.00138206315294
0.024730985035
0.024730985035
2.57133033345e-05
0.000317114760374
0.0529948965466
0.024730985035
0.00557186450582
5.66977123423e-05
0.000731236876034
0.0529948965466
3.71281555198e-07
0.00127235154436
0.000344458752386
0.024730985035
0.00085798680119
0.00605231208373
9.85410892061e-07
0.0529948965466
0.0529948965466
2.53178545158e-05
0.0529948965466
1.59275234379e-06
2.61116713608e-08
1.30562509551e-07
0.0519141205615
0.00297474233285
0.000644963673488
0.00106856202559
6.6061128536e-07
0.0529948965466
0.00103844788753
0.0529948965466
0.0487880299252
5.66977123423e-05
0.0529948965466
0.0487880299252
2.64589680673e-05
4.12218524122e-07
5.53993434668e-08
0.00394734990903
0.0130269509962
0.0529948965466
6.14467486996e-07
0.0487880299252
0.0529948965466
2.17841763369e-14
0.024730985035
1.39371593948e-05
0.024730985035
5.10092027641e-09
0.024730985035
0.000400394379896
0.0487880299252
1.58958278344e-07
0.00033085389612
0.00605231208373
0.0130269509962
0.0529948965466
0.0028244161103
0.0529948965466
0.000210906195556
0.0529948965466
0.000169909362409
2.42859140057e-10
0.0519141205615
0.024730985035
2.2449873306e-08
0.0529948965466
4.04102103408e-06
1.05209945532e-07
0.0529948965466
9.02811455031e-09
0.00144887086323
0.024730985035
0.00394734990903
4.22729189198e-06
1.36239910858e-06
8.78346939205e-07
0.024730985035
4.44215848253e-09
5.18027608181e-05
3.84166983944e-14
0.000344458752386
0.0529948965466
9.65597932656e-09
3.87992994871e-05
2.31459024526e-16
0.000145309626558
5.00740098673e-08
0.00184672433607
2.47160065028e-08
0.00138206315294
1.73612550591e-07
5.82907995448e-05
0.00394734990903
0.000644963673488
0.0529948965466
0.000317114760374
2.34292178274e-07
0.024730985035
0.0529948965466
6.2345191092e-05
0.000210906195556
0.0130269509962
2.00774165308e-07
0.0028244161103
0.0156778711485
1.5156301539e-13
0.0529948965466
0.00605231208373
0.0529948965466
0.0156778711485
1.03267093781e-11
0.0529948965466
0.000511369033118
0.00144887086323
0.0130269509962
2.20009058662e-10
0.000237581685789
0.0130269509962
1.57645144175e-07
6.23392416421e-11
6.52777549587e-11
7.8616316238e-06
0.0529948965466
0.00184672433607
0.000165469115041
0.000210906195556
0.0487880299252
1.24396209208e-07
3.08743968834e-07
0.0529948965466
0.00184672433607
2.05868397783e-06
0.00557186450582
0.00291407554633
0.00605231208373
7.40413241633e-07
1.08006153381e-07
5.50998614958e-05
0.0529948965466
0.000118596527356
6.88590125774e-10
0.00605231208373
0.0487880299252
1.2325045217e-05
0.0529948965466
3.53935355691e-06
0.00605231208373
0.000676140646951
2.64589680673e-05
1.90700540674e-05
0.00394734990903
2.3278996402e-09
0.024730985035
4.50811485039e-07
4.95213393103e-09
1.0946709752e-05
0.000339732127814
1.28113374568e-08
0.0529948965466
0.0529948965466
0.024730985035
4.65547091892e-06
0.000444163099051
1.79296312348e-05
0.00605231208373
8.62839648027e-06
0.000174258005182
0.0529948965466
1.80261266964e-05
1.72105946372e-08
0.0529948965466
4.12947492897e-06
1.30167813079e-10
6.59985912709e-18
8.83816801491e-06
0.0529948965466
2.06027795944e-08
0.00085798680119
0.00085798680119
0.000205394576499
0.0130269509962
0.000450809325236
3.85928293949e-06
1.0239581346e-05
0.00184672433607
9.52237562213e-07
0.000496453150209
0.000450809325236
0.00297474233285
0.00605231208373
0.0529948965466
0.0028244161103
0.0529948965466
0.024730985035
3.33749482193e-14
0.00394734990903
7.365844051e-05
8.84903480346e-09
0.000400394379896
0.00557186450582
1.84048425847e-07
0.024730985035
1.34533968687e-05
0.0487880299252
0.000225149303478
0.00144887086323
0.0529948965466
1.92007649357e-06
0.024730985035
0.024730985035
0.024730985035