500
1.67815165255e-48
3.21950871845e-12
1.30962013757e-05
0.0
0.0
4.25453134377e-25
0.0
3.32378714841e-29
9.29908098395e-17
0.0011808154378
8.27740397281e-10
2.35974908089e-36
7.45020523135e-23
4.48221138099e-10
0.0
1.31900398708e-05
1.9074612474e-66
5.7888404657e-16
6.35671704605e-09
5.74950237859e-28
0.0
0.0
4.96844722121e-10
0.0011808154378
4.86871784641e-07
0.0
0.0
2.90831111551e-37
0.0011808154378
0.0
1.21510647264e-16
9.82330319334e-06
0.0
0.0
4.13871247652e-08
1.41782554815e-16
3.70421975708e-05
2.76876526612e-16
5.95596389325e-11
3.51079047235e-39
1.14321953341e-11
0.0
0.0
0.0
2.96817616265e-06
0.0
0.0
3.04889677074e-17
5.19130638186e-17
8.15368767417e-25
0.0
6.08543300999e-10
3.20791575519e-36
1.08486218163e-65
0.0
9.26501384824e-05
0.0
0.0
2.11875030955e-06
2.39896388609e-29
0.0
7.35685893265e-31
2.62554475695e-33
1.62492903063e-11
9.86505405819e-05
2.76742757253e-16
6.79261165393e-13
3.19408749812e-16
8.11029468307e-06
0.0
2.30448047976e-09
4.00801279838e-07
1.52194345168e-11
0.0
1.69649526199e-32
0.0
1.40995882772e-12
9.12012404502e-31
6.00249298484e-25
1.24324360326e-16
9.20582558257e-09
0.0
8.24445810904e-11
0.000399648685481
0.000399648685481
1.92324377817e-06
0.0
1.89506855934e-37
1.01387497163e-14
0.0
3.06509485308e-17
2.22273615285e-16
1.46949369744e-10
1.31094430676e-15
9.76136982445e-19
0.0
5.36904941711e-07
5.84934064892e-21
1.77959678669e-08
5.37381380077e-11
0.0
3.50605936507e-11
0.0
6.72376592606e-21
3.25222631807e-16
1.88332078564e-24
5.71762501218e-06
3.96264847604e-15
0.0
6.13478563689e-25
2.54227767113e-07
0.0
1.01222967109e-39
2.08994127206e-27
0.0
0.0
8.15361400166e-27
2.57886555566e-60
3.87370531876e-10
2.27493842081e-22
2.75851969705e-10
0.0
0.0
1.2045385835e-11
4.81028659468e-27
2.768726044e-16
0.0
1.04848158146e-08
2.23224030805e-07
5.39206415632e-28
0.0
2.39132557428e-20
2.93005014871e-31
6.28237641145e-07
0.0
7.03042977849e-06
2.21062845558e-16
3.58802560684e-26
0.000101506792744
0.0
0.0
0.0
0.0
0.0
0.0011808154378
3.92154519897e-09
3.78948585808e-05
2.23231341502e-18
0.0
1.87998087387e-21
2.13461898348e-06
7.72361905841e-28
6.78988457884e-15
9.46150846735e-56
1.54819082748e-22
0.0
4.60308118443e-11
7.61794446937e-29
3.84826680798e-06
0.0
4.58683674981e-06
3.28051903069e-46
0.0
0.0
8.54921748886e-13
2.42978050866e-28
0.0
0.000399648685481
2.9297306451e-07
1.25289077225e-24
1.33849966178e-30
2.37926803509e-09
0.0
3.6338335595e-09
0.0
0.0011808154378
0.0011808154378
9.39755727903e-38
0.0
3.54484310072e-18
0.0
1.83496638076e-23
3.57883527008e-29
1.58296329467e-09
2.62707416341e-08
0.0
2.18763857935e-10
3.69581027926e-27
1.84537368305e-18
5.80822895973e-22
6.92566535111e-08
4.44448466275e-17
0.0
3.39394827209e-08
0.000132994216351
9.47610529055e-11
0.0
1.16834676762e-15
1.08404804006e-09
1.8162091976e-07
0.0
1.77950336116e-13
0.0
5.04579964423e-15
2.94204942624e-07
3.25148662864e-07
0.0
2.35405830898e-18
2.64850852005e-07
4.06591114046e-25
0.0
4.5566572993e-20
1.5915859474e-43
1.33335286001e-15
3.02420965659e-39
4.75110738101e-27
0.0
3.27676896394e-64
5.93556967169e-09
1.86664619824e-08
8.19411284429e-33
0.0
8.16060607496e-11
5.70927767654e-30
1.27708689942e-07
3.15855880305e-20
0.0
1.61931385366e-31
5.35921903773e-37
3.83054454003e-41
1.75136994473e-17
0.0
4.63770478301e-17
1.60413894035e-15
1.38087261499e-12
0.0
6.86761532635e-25
0.0
0.0
1.49556694263e-27
1.31562794254e-26
1.77638077339e-07
8.03435271985e-12
0.0
1.93146098219e-56
4.22286548111e-34
0.0
3.80920666644e-14
0.000370796736721
2.52838508831e-14
0.000161949348521
1.22852084244e-22
0.0
0.0
8.06442933789e-39
0.0
2.46229401202e-07
5.2706935708e-15
1.68284221531e-33
3.76543131013e-22
2.8009421976e-12
0.0
1.00834106194e-50
3.38582336354e-26
0.0
2.36526701226e-17
2.79387269877e-24
0.0
4.22140256712e-15
0.0
1.34682659981e-17
0.0
8.69920269429e-21
0.0
2.21473054249e-16
7.988018634e-12
0.0
0.0
0.0
2.75489226216e-20
3.13815682411e-15
0.0
2.13703833612e-93
9.50570159406e-57
1.34897855059e-19
2.1476040954e-07
6.0725427896e-12
1.23134141621e-17
0.0
5.18094709425e-17
8.89700175122e-30
5.1642368631e-14
5.37092218893e-50
4.46097555854e-22
2.93158519115e-25
3.83680877214e-49
1.51610506049e-20
0.0
6.56666967874e-09
2.31800579976e-17
3.60314250371e-23
3.38810918126e-10
0.0
0.000141831387215
0.0
1.49445784627e-25
0.0
8.32290259301e-38
4.16608363056e-25
9.37650711674e-06
2.85330497601e-20
8.51004047821e-28
0.0
0.0
1.20070648231e-11
0.0
1.58352504024e-18
0.0
2.43992527353e-36
0.0011808154378
8.49297579665e-29
1.54020197872e-21
1.24573877087e-17
0.0
4.86574692887e-11
1.58807116793e-20
0.0
4.12905468738e-28
2.54575822623e-08
1.4668147563e-39
0.0
7.52729337391e-45
0.0011808154378
0.0
8.60879440183e-12
0.0
0.0
0.0
1.44101973929e-34
6.68182488223e-07
2.05397690247e-12
0.0
1.58525404494e-09
3.92338291119e-20
6.46006340186e-27
5.64449515421e-32
5.93917486683e-12
0.0
4.7291252498e-31
5.86348836138e-26
1.08313641276e-08
7.19616503912e-05
1.02970087168e-13
2.51507273716e-31
1.81553978128e-33
3.4991004221e-09
4.86723958784e-10
2.34722172195e-12
8.64828725694e-36
2.16476500736e-10
5.02599879049e-37
2.73498024964e-68
5.74805341585e-09
0.0011808154378
0.0
0.00015473811057
0.0
2.49122734631e-16
3.87399365496e-29
1.63107141745e-30
1.12124771869e-38
6.1471892538e-29
2.01684142918e-18
0.0
4.61825391312e-26
4.50161576063e-09
0.00272038630425
0.0
5.02164231287e-08
0.0
2.47073497308e-44
3.71925317451e-09
0.0
4.54299353966e-06
5.5582800531e-39
5.63324897858e-18
6.22599578816e-06
0.0
0.0011808154378
0.0
1.29135375479e-05
5.5158121447e-40
5.19087548079e-12
8.90533896767e-26
2.55062151988e-07
0.0011808154378
0.000399648685481
0.0
0.0
5.45499719473e-11
4.4512082245e-10
1.08188070411e-23
0.0011808154378
1.91399552641e-05
3.71136657908e-09
5.7714274469e-05
0.0
7.3765873373e-05
0.0
9.04587746015e-06
2.66956939675e-21
2.47881259464e-05
0.0
2.08848721018e-19
0.0
0.0
7.41440767412e-39
0.0
0.0
0.0
5.89686486159e-73
0.0
0.0
0.0011808154378
6.14535452556e-33
2.90629764889e-15
1.948990441e-42
0.0
7.07778199252e-16
7.53431194499e-25
8.18543402722e-06
0.0
5.93131945024e-12
0.0
1.77537332685e-08
4.3840094365e-06
3.51538750308e-29
0.0
6.4770976022e-15
2.0025385191e-08
8.83162556327e-34
5.3865111679e-55
1.25932022999e-22
3.55076515471e-12
2.07498682628e-19
0.0
3.4656906538e-10
2.92035602664e-05
4.97928163442e-11
1.80857683163e-05
0.0
4.81805280568e-20
1.65194151324e-28
3.55659083881e-06
3.01874400713e-20
2.11875030955e-06
1.05277074278e-21
2.01038696122e-37
1.75183830083e-19
1.50023749189e-14
0.0
0.000399648685481
4.9657563954e-14
3.81230286811e-10
9.89837544502e-05
6.9597277492e-37
1.81690931735e-11
0.0
4.6844521788e-35
0.0
6.14883134293e-11
0.0011808154378
0.0
0.0
5.7714274469e-05
0.0
0.0
6.62384083613e-05
3.6328757001e-16
1.21515079572e-35
0.0
1.86658364019e-19
0.0
3.72369807835e-09
2.79411831325e-06
3.07625264703e-31
3.76787442312e-24
1.14428499829e-36
1.54647226716e-36
1.50930579734e-11
0.0
1.08979519923e-12
0.0
5.33895862787e-19
8.59692357829e-08
0.0
0.0
0.0
0.0
8.71967758921e-29