500
5.66044567437e-24
8.03013042864e-36
2.82233653199e-05
3.76535986731e-26
5.79747698524e-30
1.41600348381e-09
0.000127359826921
0.0
3.56981418358e-26
0.000188953017076
7.73413572163e-10
4.48663486783e-22
9.97385720292e-05
2.77578967259e-13
5.65912138284e-19
0.0
0.0
1.30145866682e-22
3.53608145307e-18
1.74986789655e-05
0.0
1.18110962496e-25
1.78643277186e-21
3.33357583812e-45
4.67729258959e-07
0.0
6.48954802128e-40
7.23474325797e-18
2.09086505335e-39
7.31496569265e-20
5.56520575955e-22
0.0
6.38318072793e-52
4.59000895161e-19
0.0
1.61743844821e-92
2.24310365762e-14
5.68807426832e-13
3.08739843913e-11
2.3285278094e-08
0.000489002475295
1.81606480715e-23
7.13718018696e-06
9.96691274126e-06
4.30484034825e-31
1.1923383577e-05
0.0
1.99414627186e-11
4.84399580854e-66
0.00448550345814
2.73143280585e-06
4.59126143471e-40
8.02812877257e-12
0.0
2.52034191857e-12
2.42489790431e-34
3.50859420684e-19
3.73649223989e-17
1.34197455682e-06
0.0
8.52740469909e-22
2.4615362045e-08
4.74847456076e-34
2.02683319249e-34
4.38434869395e-31
5.47094928821e-08
4.66934040958e-10
4.41302779073e-08
2.82233653199e-05
1.44352044003e-06
0.0
3.83454271571e-14
1.05704405331e-05
0.000489002475295
2.05760961087e-08
0.0
3.34212175533e-12
4.6906307458e-42
2.81798674922e-11
2.82750949874e-69
2.82606091134e-67
6.05761111153e-20
8.30548326176e-12
0.000160680876021
1.35611778006e-50
0.000175307294913
9.04764621773e-19
8.76771538188e-08
0.0
0.0
4.8912842574e-10
1.21336696142e-30
1.00340104958e-36
2.78627626669e-16
0.0
6.63098128548e-24
1.87872956367e-31
2.29550326956e-06
0.0
9.8280749809e-13
6.74160111711e-30
1.35132546254e-05
1.17753478516e-27
4.99878693673e-36
1.06818464877e-12
1.78441462648e-06
0.000261551987097
0.0
0.00100027071745
1.07205195303e-06
1.63049158086e-23
0.0
2.09931909763e-08
1.67785270391e-17
0.0
7.61237459932e-06
1.36365422382e-68
0.0
3.78549509285e-16
3.95692867148e-35
6.88251513497e-29
7.01312376471e-09
6.52355814333e-11
8.06792820747e-11
1.09112553216e-15
4.36245161012e-16
0.0
2.96694651118e-07
2.53810681347e-32
0.0
1.54995628649e-05
0.0
2.79661452573e-09
0.0
0.0
0.0
4.1740010587e-48
1.02695044154e-80
7.96005473234e-26
3.93890690088e-11
4.77721693861e-33
0.00363859021779
1.9084637871e-20
2.99272368025e-13
9.74885284527e-11
7.7327742262e-12
0.0
1.25025670026e-30
0.0
0.000322628287823
3.31053996824e-18
4.16266777008e-07
0.0
3.48312173626e-19
6.60380547135e-20
1.10315550927e-16
4.39335919712e-08
2.18555748901e-17
1.26925716969e-14
3.53970760396e-08
3.05023230428e-23
8.51066674663e-14
0.00448550345814
9.33543737685e-43
9.37106601281e-17
8.81085625583e-10
2.83310692733e-50
0.000489002475295
2.80334474161e-23
0.000489002475295
1.79296982436e-21
0.0
1.33558555554e-18
1.17362241662e-20
0.000188953017076
1.89219557296e-44
4.52196286728e-42
5.57978390753e-10
5.99327514329e-12
5.56861948679e-54
1.27810008039e-35
2.94127432098e-15
4.38863825951e-08
2.75724215822e-08
6.67301384335e-16
5.17694111272e-08
1.82298136345e-58
7.82950694583e-15
4.18325308688e-09
0.000171228654227
3.39715491618e-37
3.62815529457e-07
0.0
5.47333418642e-81
1.63330528742e-26
1.13767299653e-17
0.0
6.80487123465e-07
5.20991307904e-17
2.58307927275e-26
6.0598189741e-66
9.13447432582e-06
8.48817567414e-67
2.82011277806e-08
2.1275465684e-05
3.73799368001e-24
0.0
0.0
3.11512446807e-40
1.53434018176e-05
1.0379451557e-65
1.26998999832e-09
1.53917000161e-52
2.96742691462e-25
4.48123676998e-56
0.0
3.69423896204e-65
1.53872925874e-16
5.68430577639e-06
8.77800343821e-15
8.57420150702e-09
3.15462783689e-39
4.1247462822e-07
0.0
8.53731022831e-27
2.38914591255e-09
0.000489002475295
3.60184362556e-07
1.25553974448e-06
0.000188953017076
0.000489002475295
1.92127439954e-34
6.18989076553e-20
3.30907081886e-17
5.42208271901e-28
1.01348586178e-09
4.75244802908e-54
0.00363859021779
5.0547361798e-28
1.11044672212e-17
2.26386577238e-18
0.0
9.15752152161e-42
2.45892204739e-32
8.32926241558e-34
0.0
2.23809830764e-56
0.0
6.7245897903e-07
5.98837741831e-24
3.35126380735e-13
0.0
0.0
0.000175307294913
1.01061776768e-16
1.80055112066e-11
2.97793914428e-30
1.66121515831e-10
4.3499669927e-15
1.76434561279e-07
1.40324340671e-64
1.44750328643e-15
3.74971515105e-20
0.000334318268308
2.60317656828e-26
1.3325292114e-21
8.62500923664e-45
4.57547380846e-29
1.24162380798e-24
7.39953712858e-12
3.81699647437e-09
2.03490495252e-38
0.00448550345814
2.65009947082e-34
2.6909834293e-27
4.41511406616e-09
0.00363859021779
3.25669475566e-43
0.0
1.13084157525e-19
1.18236730034e-69
2.57752801637e-57
1.70769569089e-51
0.0
7.54134005669e-17
2.55936280726e-17
0.000188953017076
5.56443539989e-07
2.92690566016e-16
9.40513111845e-10
7.87129107415e-35
0.000171228654227
6.6799051648e-06
0.0
3.6743029308e-29
2.52043296313e-16
4.59859174291e-22
3.05084864131e-14
1.6394680806e-25
0.0
5.43704929534e-14
1.74150930367e-31
7.89738978043e-20
2.01156456163e-32
2.02947993891e-20
6.56555345018e-18
2.23170511339e-15
2.53961120798e-24
1.19899549007e-20
1.26752702629e-15
2.49036407329e-52
0.0
0.0
3.10185595049e-09
9.60754459444e-87
9.60167977481e-30
0.0
4.67362693787e-29
9.65697055258e-19
5.39153576919e-07
7.96680070637e-10
2.09828095037e-22
2.31254289842e-06
1.31326119735e-41
1.80870444684e-08
0.0
8.5967003594e-29
2.93972910159e-09
5.4925978888e-08
6.22656451414e-19
6.62926655693e-12
1.52895034471e-29
4.22700666745e-08
1.93789235008e-10
1.53103893561e-14
8.65692432331e-26
1.63226430987e-14
0.0
0.0
2.08900345879e-12
1.03471584298e-05
5.33258450576e-50
2.13280797791e-38
1.27651086074e-06
2.26258393942e-12
0.0
1.04961631031e-27
1.55180515267e-39
5.86437410336e-06
0.0
3.17299932884e-18
2.84085601975e-20
1.32717917478e-08
4.4353505729e-08
1.95810175344e-08
1.50709979902e-30
3.94391908876e-11
1.88490864332e-15
1.13136625037e-51
9.54839094493e-06
3.82328881127e-10
4.84948221911e-15
4.26417767282e-09
8.75152625222e-42
2.34535314447e-07
9.1196850663e-07
4.29415754642e-08
0.00100027071745
3.30089585448e-34
0.0
0.0
3.94011834048e-49
0.000175307294913
4.62398021594e-23
5.42469870368e-36
3.24210714455e-38
9.97385720292e-05
2.59036750937e-59
0.0
6.1750644021e-29
5.00827214008e-28
6.47291343874e-26
1.27632782728e-43
0.0
0.00448550345814
0.00448550345814
1.04013395336e-09
1.17802047923e-24
0.0
2.05134195244e-05
0.0
1.93882441145e-23
1.68956417565e-54
0.000363715326154
1.30492912162e-56
1.07284285323e-25
4.76649692358e-18
0.0
8.990888161e-28
2.29792690047e-11
6.58463712511e-49
5.66765392081e-11
0.0
6.46875476414e-48
2.05426734625e-25
0.0
1.13151006069e-20
1.070112995e-41
8.25560641075e-58
1.35925109538e-23
9.52034529966e-19
3.81549366374e-15
0.00448550345814
5.54681793597e-24
2.77024050778e-30
9.72729780783e-30
2.9742203259e-08
1.3863686352e-43
1.91174579301e-15
8.63433725293e-23
2.33212681892e-16
0.0
0.0
4.88484397453e-07
3.9567236006e-08
1.22715418208e-05
0.000322628287823
1.37375892171e-23
0.0
8.05536405898e-06
2.3084911992e-23
3.42321688956e-07
0.0
4.57408939676e-28
5.32369051862e-32
3.75929282744e-08
8.24515576385e-06
1.11710310341e-32
3.15547977556e-24
0.000322628287823
1.44111839578e-17
1.74986789655e-05
0.000175307294913
0.00448550345814
7.6011333392e-39
0.00448550345814
0.0
1.93906455758e-24
1.18448822202e-11
1.22715418208e-05
2.13717904145e-27
2.82233653199e-05
5.27476431333e-29
8.33258960855e-19
0.000122614106207
1.74411570902e-06
1.69959403913e-14
0.0
7.98815805791e-30
0.0
0.000489002475295
9.46028747529e-45
9.20448311934e-28
1.16586983855e-09
3.64494701505e-27
1.0937968496e-09
2.25593443562e-33
0.0
3.7965513804e-20
8.88208954631e-15
0.0
2.28634286253e-13
1.49293746653e-05
1.31606305054e-22
3.43463997009e-07
2.4781059993e-08
3.46618109228e-17
9.41406939494e-31
4.15821412966e-68
4.19096897643e-64
1.1189781121e-08
8.17875475627e-67
3.19749183687e-30
0.0
4.07834929033e-20
4.55600982595e-06
0.00363859021779
7.43066931072e-06
0.0
0.00357585590369
1.26706550562e-15
1.13528085207e-24
0.00100027071745
0.000489002475295
9.37079076409e-15
0.000175307294913
1.45649789244e-53
1.22540156524e-09
0.0
6.64073172355e-11