500
0.000160624794335
9.64531165386e-09
0.000259039920921
0.000673271542985
0.00395900780173
0.010673863374
5.15025367041e-05
1.20861599549e-05
0.000254492481462
7.93941459405e-05
2.92496607671e-10
2.04858458083e-16
0.000493994207525
0.00210235736238
4.35045363036e-07
1.99465722238e-05
0.010673863374
8.17449250248e-06
0.0240681949274
0.00179087217532
0.00195086508252
0.0011435633823
9.19558203931e-08
0.0240681949274
7.59801930162e-15
2.98458194138e-06
0.00444958119685
2.87155443362e-09
2.98355110234e-12
1.67422344502e-05
3.22018868421e-20
0.000493994207525
1.07978784548e-09
2.04877823144e-12
0.000285624353729
0.0
0.000493994207525
2.40988001924e-06
5.39236209381e-08
3.23848040182e-09
0.000139543122927
2.24458146274e-05
0.0
1.02929822398e-13
0.00195086508252
1.11899532233e-16
0.010673863374
7.06744284549e-07
5.92498693595e-09
5.03762701401e-06
2.30135453173e-05
0.000673271542985
5.3466606891e-14
9.21421193201e-09
0.000183007762352
3.01409412844e-07
0.00251424243029
5.04763146766e-08
0.000742552949483
5.0582552169e-11
3.07147645934e-05
7.57204030435e-06
0.0240681949274
5.34686982522e-08
0.00216647391745
1.06421181277e-06
6.2082427108e-15
0.0
0.0103169492057
0.0
0.00251424243029
0.0
8.59865485239e-08
3.04965223939e-12
2.75259857845e-09
3.72534773373e-05
1.97597588438e-07
7.86025087683e-06
4.01077089095e-05
0.000259039920921
7.46093184824e-07
0.000493994207525
8.24283053993e-07
5.22003735858e-05
0.0240681949274
4.08899704105e-09
0.00444958119685
1.68201655631e-08
2.98490040331e-05
2.05735942639e-11
0.00195086508252
1.68620234936e-07
0.00195086508252
3.82924731852e-16
0.000201304466067
0.00111546694024
0.00146313507874
0.0
3.06810377835e-05
0.000254492481462
1.98463725021e-08
5.8028113842e-07
0.00216647391745
0.00195086508252
0.0109514728019
0.00195086508252
7.64940684757e-13
0.00300860781215
0.000302057813392
0.000534357747983
9.76444852402e-08
0.0
2.21864719407e-06
2.19405982694e-10
2.22672094963e-05
0.0
7.6104642857e-05
2.34712576562e-09
2.74210151508e-05
0.00195086508252
0.00184437600302
0.0240681949274
0.00195086508252
1.65084740166e-06
0.00195086508252
0.00666091476299
0.000302057813392
0.000206557019769
6.51758406462e-07
0.00210235736238
9.14577197959e-19
1.18615586827e-09
1.57350876692e-06
3.1917051972e-07
0.00666091476299
0.000493994207525
3.2119997051e-07
9.41002744277e-05
0.00195086508252
5.13219678173e-17
0.0103169492057
2.16215594839e-06
0.00195086508252
2.32180969331e-08
2.45534518311e-05
3.09070401879e-05
0.00666091476299
7.48535632675e-06
6.78641902992e-10
0.000493994207525
0.00382702635527
4.3266065424e-10
1.34724545535e-05
3.56719064632e-05
1.85267789355e-06
0.00858044450725
2.24458146274e-05
0.0103169492057
0.00146313507874
0.00444958119685
2.30135453173e-05
0.0
0.0240681949274
0.0
1.30965772308e-05
9.59620110035e-07
3.69859033521e-06
0.00251424243029
2.32460283044e-07
3.89164350507e-07
0.0
1.69333410425e-16
0.000285624353729
7.1317997262e-08
4.19091224641e-09
1.64047060898e-11
0.000493994207525
3.43724146388e-06
6.38557077914e-11
0.00195086508252
9.91356496766e-06
0.00251424243029
0.00216647391745
8.29313952577e-07
0.0
3.31893121886e-09
5.95273172859e-14
7.9019896249e-05
2.6564525935e-08
0.00179087217532
5.43098642657e-05
8.57039664796e-08
0.00111546694024
1.25766082303e-21
1.60679446159e-07
4.09789171843e-07
0.0240681949274
0.000139543122927
6.50831377956e-06
6.309027801e-05
0.00444958119685
0.000451249150274
1.50639610373e-09
4.13788962389e-11
9.41002744277e-05
2.12936170856e-05
0.000337763315952
2.6515303874e-19
0.0240681949274
2.15040923607e-05
1.28100422723e-10
1.02158148597e-06
1.77793941936e-21
6.45146012525e-05
2.97473319533e-12
0.00444958119685
2.86980601066e-12
1.31289467666e-07
3.62595121018e-05
0.00179087217532
2.87572828203e-05
0.0240681949274
0.0240681949274
1.84588965944e-11
5.39383308254e-06
1.53085904178e-08
6.13029541553e-12
0.010673863374
0.000151439383937
0.00195086508252
0.00195086508252
0.00146313507874
0.0
0.00052135485359
2.54648322668e-09
0.000278481740261
1.74831726042e-05
3.69170834885e-08
0.00216647391745
9.40345077545e-31
5.36681304331e-08
1.06054367594e-08
0.000742552949483
7.54767270475e-08
0.010673863374
6.5265414923e-07
0.0103169492057
0.0103169492057
0.0109514728019
1.94551870253e-08
0.000119424322967
0.00666091476299
0.00666091476299
1.40927951706e-09
0.00146313507874
0.000505856344305
1.63941651714e-09
1.34726504582e-09
0.00184437600302
0.010673863374
8.99145659466e-07
2.1091832751e-05
4.04830839551e-06
3.68747951579e-08
0.0
2.63537954412e-12
0.00216647391745
0.00666091476299
7.07369297017e-08
0.0103169492057
8.07876387513e-08
3.80545620874e-11
4.44844066111e-06
8.80627504392e-05
9.81611495259e-18
9.77538201091e-24
0.00444958119685
2.83247112745e-08
2.85024164172e-09
9.05498492891e-10
1.22084059103e-09
0.00251424243029
0.0109514728019
3.09070401879e-05
2.93817944076e-09
0.000505856344305
0.0
0.00195086508252
2.8882484459e-09
0.0
0.000534357747983
0.00195086508252
7.83832856426e-06
2.26910792838e-10
1.72786994899e-13
6.35811753323e-11
7.03654209141e-07
0.00052135485359
0.00179087217532
0.000673271542985
1.96004255108e-10
1.00377586357e-05
0.00657216136628
0.0103169492057
4.16388437438e-09
0.00666091476299
3.14754102183e-07
0.00666091476299
0.000433510396601
0.000172934102767
0.00666091476299
2.89713844236e-06
0.00184437600302
0.00216647391745
0.00146313507874
7.6104642857e-05
2.07354443486e-06
0.000594656171632
0.0109514728019
0.00195086508252
6.59470214259e-05
0.0
3.50571368234e-10
4.78427226505e-06
0.00195086508252
9.64904891036e-09
6.36089321191e-05
1.86702574289e-08
0.0240681949274
0.00444958119685
7.71988699126e-17
4.86238057074e-05
2.31911142124e-11
0.00444958119685
1.8028386589e-09
0.010673863374
0.00444958119685
0.0240681949274
1.43851898165e-10
0.0103169492057
4.70768159221e-09
0.000505856344305
1.77888487394e-09
3.09070401879e-05
1.23577099935e-07
2.25170176914e-08
1.74831726042e-05
0.000206557019769
6.09450820635e-10
6.21479890841e-12
0.00195086508252
1.26977339909e-31
3.3953826821e-11
0.00195086508252
0.00444958119685
2.43124423533e-05
0.00657216136628
0.00444958119685
8.73668086449e-05
1.81776561199e-06
1.72358768641e-07
0.00146313507874
0.0
0.00195086508252
0.000160624794335
3.05541739532e-06
0.00210235736238
3.11426580862e-06
3.38123900246e-21
1.44514881996e-06
3.13917582009e-11
4.5321645811e-07
0.0
0.00251424243029
0.00146313507874
4.84359587844e-09
0.00666091476299
0.00666091476299
4.10784888973e-10
0.000101359884853
1.90644849362e-10
2.24468201144e-19
0.000127439156143
1.40662017867e-05
4.68935176119e-05
2.57754597475e-05
2.94235759299e-06
2.20740864746e-10
0.000138307942224
8.31942704466e-05
0.00666091476299
0.0240681949274
1.72362777145e-10
6.89758732183e-09
3.50364226924e-15
0.00666091476299
0.00195086508252
6.44692789253e-11
0.00195086508252
2.77196561318e-18
6.10953747686e-06
0.00300860781215
0.000513945977254
1.27676413689e-08
0.00195086508252
1.77921401003e-08
1.69714580079e-07
0.000285624353729
0.0
0.00395900780173
1.1332455815e-05
0.000172934102767
8.4456467436e-06
3.54877007287e-05
0.00444958119685
0.0
4.14153098198e-07
0.010673863374
0.00195086508252
0.00657216136628
0.00444958119685
1.70769512983e-06
0.00195086508252
0.000285624353729
0.010673863374
5.13818981984e-11
7.93941459405e-05
0.0240681949274
0.00064434180448
0.000278481740261
3.88935601908e-08
2.37795851034e-08
1.32341429194e-24
0.0
1.39382162129e-15
3.27723103782e-16
0.00444958119685
7.96273461686e-09
4.09131442925e-06
0.0109514728019
0.00146313507874
1.03858359562e-07
1.08409062536e-10
4.68935176119e-05
3.11079571608e-06
0.000493994207525
0.0103169492057
0.00216647391745
1.73453564043e-13
0.000493994207525
0.000189003286272
1.44053472493e-08
4.82431459368e-05
3.10965439074e-05
0.000451249150274
0.010673863374
8.47186278653e-05
6.44549956156e-06
2.74444285074e-10
5.0934487729e-05
0.00666091476299
3.42038277387e-09
0.0013360618778
0.000183007762352
7.86812410931e-06
0.000673271542985
2.97687091089e-12
0.000742552949483
0.00195086508252
1.39800023862e-15
0.00210235736238
0.00210235736238
4.2425363585e-12
8.23399016716e-10
0.00210235736238
4.98050348994e-10
0.00146313507874
0.0109514728019
0.0
7.53796444453e-12
7.93941459405e-05
8.87254899978e-10
2.44410982449e-08
2.25326840378e-07
9.91356496766e-06
1.36117373565e-06
0.00210235736238
0.0
0.000285624353729
0.000439799476301
0.00216647391745
0.0011435633823
3.19054649669e-06
2.54581227535e-07
0.00184437600302
0.0103169492057
0.010673863374
4.50973075493e-07
0.000433510396601
0.00195086508252