500
0.0
0.0
0.0
0.0
0.0
7.99667613081e-07
6.61770571283e-05
0.0
0.0
7.63129922884e-12
0.0
0.0
5.21777981116e-12
1.35486019164e-05
0.0
3.44657038112e-07
2.06431236172e-10
1.277698505e-06
0.0
1.277698505e-06
1.277698505e-06
0.0
0.000152667519526
2.75553329433e-05
4.60081124048e-05
0.000143060050486
9.97547037767e-05
1.56313432518e-17
0.0
0.0
0.0
6.61770571283e-05
0.000152667519526
6.4963890564e-11
0.00152879450492
1.35744185944e-09
0.0
0.0
0.0
0.0
6.61770571283e-05
0.0
0.0
0.00265079584775
0.0
0.0
0.0
1.58696651268e-06
0.0
0.0
0.0
0.000143060050486
4.22743074696e-06
0.00553589765172
0.0
0.0
0.0
0.0
0.0
0.0
0.0
0.0
4.10222407672e-08
1.277698505e-06
0.00017548264739
0.0
0.0
0.0
0.0
8.17134904777e-09
0.00850139988741
0.00347668976981
0.0
2.90234000704e-09
2.86231320892e-06
2.7115516974e-07
2.10804503804e-08
0.0
6.33588136081e-12
3.59110033244e-05
0.0
0.0
1.277698505e-06
0.0
6.61770571283e-05
0.0
6.61770571283e-05
0.0
0.0
2.7115516974e-07
2.8085827793e-05
9.85548117237e-06
0.0
0.00850139988741
0.0
0.000143060050486
1.277698505e-06
0.0
4.18900951916e-09
0.000143060050486
1.77803455907e-05
1.27908871082e-06
0.000143060050486
0.0
7.46263768283e-15
6.61770571283e-05
0.0
9.06950861304e-05
1.81942334223e-12
0.000309057110221
0.0
0.0
1.2281433947e-08
0.0
0.0
0.00152879450492
0.0
1.59395375704e-12
0.0
0.0
0.0
3.59110033244e-05
0.0
0.00216548124504
1.277698505e-06
0.0
1.73727409479e-06
0.0
0.0
6.61770571283e-05
0.00151618869706
0.0
0.0
0.0
0.00141698011727
0.0
0.0
0.0
1.16261149522e-10
0.0
0.000143060050486
3.23909845752e-08
7.16018884013e-10
1.35744185944e-09
0.0
3.85533467992e-12
1.27044540449e-05
0.00151618869706
0.0
0.0
4.22743074696e-06
0.0
0.0
2.60400434645e-09
0.000841848795563
3.47434745976e-06
0.0
0.0
0.00190296481778
5.47615698327e-09
0.0
0.0
1.277698505e-06
2.7115516974e-07
0.0
2.21760231919e-05
0.0
5.16746843569e-09
0.0
0.0
9.90418373281e-10
4.60081124048e-05
0.0
2.93513714065e-12
0.0
0.0
0.0
0.000157991650929
0.0
1.47469133344e-06
0.0
0.0
2.45600862668e-07
0.000629868941711
0.0
9.97547037767e-05
2.8085827793e-05
0.0
0.0
2.64202831204e-06
2.29155999568e-14
0.0
0.0
0.0
0.0
1.83620030793e-08
5.14308727912e-08
2.69726600203e-07
1.93954482615e-07
0.000820314344834
3.26636010844e-06
7.16018884013e-10
2.17469362763e-10
8.4762185415e-08
1.277698505e-06
1.277698505e-06
3.74230229659e-07
5.28402888175e-06
0.0
0.0
7.30103307072e-09
0.0
0.0
6.61770571283e-05
1.38880600385e-07
0.0
0.0
0.0
3.36349501366e-07
3.17633210738e-08
3.89560997133e-08
0.0
2.2348744736e-10
1.47469133344e-06
2.86728154471e-08
0.0
0.0
3.47434745976e-06
4.66197433995e-07
0.0
5.27849741458e-07
0.000143060050486
4.81286709112e-07
0.0
6.61770571283e-05
2.7115516974e-07
0.0805701693094
0.0
0.0
0.0
0.0
0.0
1.35744185944e-09
0.0
0.0
0.0
0.0
0.0
4.18900951916e-09
8.32671247308e-14
0.0
0.0
0.0
9.06950861304e-05
3.54620070871e-06
7.16018884013e-10
0.0
0.0
1.02422175939e-05
1.95410732103e-11
0.0
0.0
0.0
1.86360449776e-09
0.0
0.0
0.0
2.38959058291e-15
0.000143060050486
2.54550286307e-10
6.61770571283e-05
2.69726600203e-07
0.0
3.44657038112e-07
2.35623923442e-10
0.0
0.0
6.11384596468e-13
2.69726600203e-07
2.84017202955e-05
0.000175334640159
2.79470025883e-11
4.10222407672e-08
4.10222407672e-08
2.7115516974e-07
0.0
9.37870742573e-06
0.0
6.43948957743e-05
0.0
1.277698505e-06
0.0
0.0
0.0
9.06950861304e-05
6.53946944022e-10
6.61770571283e-05
0.0
2.54013867249e-09
0.0
8.05940210045e-09
2.61309731314e-08
0.0
0.0
4.13024560105e-05
0.0
0.0
0.0
1.277698505e-06
4.22743074696e-06
1.277698505e-06
0.0
6.61770571283e-05
1.22175344837e-07
0.0
0.0
0.0
1.55439820845e-08
6.61770571283e-05
0.0
6.61770571283e-05
0.0
2.40326155438e-06
0.0
0.00190296481778
0.0
0.0
0.0
0.0
8.21338992685e-05
0.0
0.0
0.000143060050486
2.7115516974e-07
0.000143060050486
1.277698505e-06
1.277698505e-06
0.0
1.25477612066e-12
1.66746608023e-16
1.277698505e-06
0.0
0.000820314344834
0.0
0.0
0.0
0.0
0.0
9.06950861304e-05
0.0
6.61770571283e-05
1.277698505e-06
1.00105386362e-05
0.00520679920256
0.0
0.0
0.0
0.0
0.0
3.44657038112e-07
0.00520679920256
0.0
0.000498426639054
1.277698505e-06
1.31343167143e-08
0.0
0.0
3.59110033244e-05
5.14308727912e-08
1.79083139734e-06
3.59110033244e-05
0.0
0.0
6.61770571283e-05
0.0
0.0
0.0
0.0
1.277698505e-06
0.0
0.0
0.0
2.3891064178e-10
0.0
0.0
0.0
0.0
9.06950861304e-05
4.59412478018e-12
0.0
1.277698505e-06
1.277698505e-06
0.0
0.00226385511605
0.000143060050486
1.277698505e-06
0.0
4.81286709112e-07
0.0
0.0
0.0
1.277698505e-06
0.0
0.00300780131483
0.0
9.06950861304e-05
0.0
6.61770571283e-05
8.45516949478e-09
6.61770571283e-05
0.0
3.47434745976e-06
0.0
8.90159732113e-06
1.277698505e-06
0.0
0.0
6.4977112715e-05
1.277698505e-06
1.277698505e-06
0.0
1.277698505e-06
1.277698505e-06
0.0
0.0
0.0
0.0
0.0
0.0
0.0
4.33994674497e-08
0.0
6.99601313639e-06
1.22996895208e-05
0.0
2.8085827793e-05
1.04881379709e-08
3.36349501366e-07
2.7115516974e-07
4.81286709112e-07
4.81286709112e-07
0.0
0.0
0.0
0.000143060050486
0.0
0.0
0.0
0.0
0.0
2.7115516974e-07
4.81286709112e-07
0.0
0.0
0.00265079584775
0.0
0.0
0.0
0.00017548264739
2.20040770348e-17
0.000143060050486
1.73612868209e-09
0.0
0.0
0.0
0.0
4.15994670187e-05
4.22743074696e-06
0.0805701693094
2.8085827793e-05
3.78634274643e-07
0.0
0.0
1.2421442919e-05
2.91150093621e-07
0.000143060050486
3.54620070871e-06
0.0
0.0
0.0
1.5036557918e-11
0.0
2.40326155438e-06
0.000143060050486
0.0
2.01878833686e-06
0.0
0.0
0.0
0.0
0.00190296481778
0.0
0.0
0.000309057110221
4.81286709112e-07
0.000123787328613
0.000143060050486
0.0
0.0
1.35744185944e-09