500
7.31821092618e-09
7.82284909662e-07
3.41944946277e-06
2.77912754774e-10
2.63102746346e-17
9.83640951205e-12
2.2270529616e-06
0.00546561014826
0.017529908335
3.29159862415e-10
1.54889342972e-06
4.55442139931e-05
5.26195252291e-05
1.09068673825e-11
6.48250110272e-26
1.64264796906e-05
0.017529908335
4.39447567229e-21
2.51901271716e-08
3.72196269133e-08
1.70814538592e-13
2.89685477637e-06
3.88697879989e-06
6.81203205611e-22
0.0139012684173
2.98681204062e-09
6.85680609911e-05
4.23940559156e-09
1.89557303412e-09
9.47671657195e-15
0.0108304106851
4.74256663944e-06
0.017529908335
0.0254022359705
4.97740373489e-12
0.000540462133822
1.05568609284e-06
5.85657859454e-11
4.20877855907e-13
4.34268643873e-13
7.94931793079e-13
3.55830044549e-06
4.21400793338e-06
1.96713994023e-11
0.00295115275937
0.0127257935144
4.72227542569e-16
1.90299477653e-10
7.32326738474e-11
3.02650239866e-20
0.000733119601202
0.00234027274212
3.60817242529e-09
7.57726850032e-06
4.66894998899e-06
4.22438096725e-12
2.41220503598e-14
2.4847202213e-10
0.0254022359705
0.000314691320543
0.000297105770127
0.00257587978029
0.0139012684173
5.90565337937e-07
9.51047249534e-32
9.19232325032e-06
0.0111925653801
4.91127375406e-09
8.84127149975e-09
1.25706477579e-17
8.88872576434e-07
0.0139012684173
1.04693404325e-05
8.53858218857e-13
6.75542984303e-18
0.0139012684173
0.0127257935144
3.02536482434e-20
6.40524033231e-06
3.21006975103e-08
2.58740245496e-05
0.000606239297095
0.0014238599011
7.67113614902e-27
8.24347709676e-59
7.64138847531e-13
3.30832819759e-12
3.92295681417e-12
0.00191720045898
0.000397902607292
8.6942149425e-06
6.88824899295e-13
0.00048448731467
5.35926658009e-14
1.04951157427e-13
2.51511438148e-06
3.07902993628e-08
0.017529908335
4.81026267551e-23
3.96417619555e-10
0.0254022359705
0.0022362448425
0.017529908335
5.47808836839e-10
1.12257744767e-10
0.0254022359705
2.19416186167e-05
0.0108304106851
4.11974159567e-05
1.40620451892e-10
1.44156925813e-08
0.0111925653801
5.70470753187e-12
0.0108304106851
0.0139012684173
9.51900985351e-07
4.58618809574e-12
7.48556362613e-05
3.69557872092e-06
0.00292000032639
1.70640687819e-08
4.6854335806e-12
7.12928873668e-25
2.49035972764e-13
2.21709094449e-06
2.70694538247e-27
7.86151754086e-12
5.75513519668e-07
2.7608636317e-10
0.000289769865602
1.31695622777e-10
0.0108304106851
3.91431676892e-05
1.33935840363e-06
0.00233029890042
2.37536834258e-10
3.82797084902e-28
7.26970247267e-19
7.91612415317e-09
5.91089813479e-11
2.31564608452e-06
6.84001194507e-12
0.00188426371516
1.72694972211e-16
9.78878994096e-09
0.000316535756802
1.30818328256e-07
8.90248333262e-15
1.73081620817e-06
0.0254022359705
2.17174016325e-11
2.53787196816e-16
0.000170243154572
1.88304207924e-09
2.34387155475e-07
4.73578003098e-17
3.31229195193e-08
3.11524660184e-12
6.43006748926e-17
0.0254022359705
9.70781840567e-06
0.00043994641848
2.7910767296e-05
8.2277488819e-09
0.017529908335
1.01291416878e-08
0.017529908335
0.0254022359705
1.62962461495e-13
3.37311016626e-11
2.77968580965e-15
0.000152074884395
3.02307199637e-06
3.71015749679e-13
1.60288458165e-06
2.42826725932e-15
0.0139012684173
1.62830016503e-07
0.0254022359705
7.54403271236e-05
0.0254022359705
0.00891047424548
4.67979392981e-05
1.22008291581e-19
2.75764402698e-07
4.53290153536e-23
5.71996928465e-06
4.32143806566e-24
7.1343691712e-06
2.64565029127e-16
7.2767803437e-05
6.92042979389e-13
4.46133979164e-05
0.017529908335
0.000228377546873
1.04396431271e-11
9.545684796e-05
3.37723269224e-07
2.41028644684e-06
6.99216287102e-29
3.68855237392e-10
0.0254022359705
4.93814953877e-05
0.0111925653801
1.22415276332e-06
1.57679629895e-06
7.92200590734e-06
0.00182945912005
1.0956554533e-05
1.07967760007e-08
7.6119831216e-06
1.27828836797e-05
2.59685506132e-05
4.74903614127e-07
1.5136844194e-11
1.00763980981e-17
2.02091578585e-09
4.44141796574e-39
1.02139033895e-28
7.26030679359e-06
6.32026581451e-06
4.63075117714e-18
1.55654089967e-09
0.000399160899203
7.33091986839e-11
1.16163164924e-08
1.06698692175e-06
3.13451241341e-06
2.37907318866e-10
1.37604515759e-06
1.55756520532e-19
1.80119713826e-07
4.9308804253e-05
9.42679809602e-08
0.00302703228684
5.63459355511e-19
5.55799299791e-05
9.67487889787e-09
1.66785942119e-06
4.71735094956e-09
9.59621934799e-06
2.63782545943e-05
6.34114668727e-05
1.21669017364e-08
9.24785857365e-13
0.0139012684173
1.07032954722e-30
1.17378787314e-06
1.43482933114e-06
3.67395831989e-22
0.00103102936199
0.0254022359705
1.01614331837e-05
0.0127257935144
7.55126099091e-10
4.62270508281e-10
5.3991773715e-11
1.06567262634e-12
1.69740591019e-10
2.06809251172e-16
1.74277176812e-15
8.57687396173e-05
2.99256024939e-16
8.87562276174e-09
7.47901628684e-08
4.24259948953e-22
2.91590444847e-21
9.6051852821e-23
8.16404383011e-11
0.0254022359705
3.70657381709e-12
7.16507576245e-08
2.25786756631e-10
1.17860460914e-09
4.7851576697e-05
2.82435603643e-13
4.78730233575e-05
3.96479946092e-09
0.00295115275937
3.01493757584e-09
0.000310875197601
4.10528013752e-08
0.00139261882684
4.60838768613e-15
7.71322125463e-07
0.000103855955924
4.61155202881e-21
6.87096628058e-05
2.21643599594e-10
5.57426609545e-08
1.6575625082e-08
0.000228377546873
1.26825326855e-08
1.1059483518e-11
4.87202948927e-05
0.017529908335
8.62352070865e-21
4.64719438634e-08
3.27830896559e-06
0.00292000032639
9.84688399486e-19
8.62781356013e-07
6.11515700697e-27
1.14103766997e-24
2.63086703602e-05
0.00134767889029
4.27941011671e-14
2.16841901462e-24
2.00085415373e-05
0.0254022359705
1.91801052427e-10
6.86601286267e-06
0.00139261882684
0.00124496137947
3.94246871146e-05
0.00233029890042
2.42449628623e-20
2.31855087229e-15
0.00546561014826
0.000238768522034
4.99497503499e-08
2.00618331373e-10
1.86178606051e-06
0.00324826016412
2.83508883072e-15
7.10241151399e-06
1.14850608563e-48
5.35091896333e-09
0.0139012684173
0.000310875197601
1.85686700909e-09
9.4879015728e-05
2.93428344819e-12
2.73452020148e-05
0.0139012684173
9.55210754642e-08
8.31942697326e-05
1.67075177001e-05
0.0139012684173
3.42215548823e-07
0.00170254568243
0.0139012684173
5.17932026511e-06
0.0108304106851
0.00037420480443
8.278240693e-18
0.0139012684173
0.000266034105198
0.00188426371516
0.0108304106851
0.0139012684173
0.0139012684173
2.09502818247e-06
1.12018019185e-19
0.0254022359705
5.93003459106e-15
0.0108304106851
2.27967049348e-10
0.0254022359705
5.05255916464e-20
1.29089133405e-05
9.99677568897e-14
9.70381319155e-11
2.01863213555e-05
2.11387670804e-16
1.03215275791e-06
1.00007826063e-05
4.18537242538e-05
0.000163084247761
5.02001212763e-41
5.16014738836e-05
1.2820038437e-09
1.6367453927e-07
0.0254022359705
0.0254022359705
3.6798170731e-07
0.000709956338721
0.0254022359705
3.8800319042e-17
0.0108304106851
4.37933009612e-06
1.68693557431e-10
8.61077256938e-13
2.7005032426e-16
6.75248356829e-13
5.45041621234e-06
2.32552714836e-06
3.80808727497e-09
3.09292114424e-21
0.00546561014826
0.017529908335
4.0930482828e-05
1.40768909629e-21
0.0139012684173
0.00147298362974
0.000163541626408
3.67163687242e-28
1.06739391394e-13
4.16115050218e-17
2.26150117245e-07
9.16824470279e-11
2.8569605232e-11
0.0127257935144
1.20258158745e-08
0.00103102936199
2.29926097461e-10
1.06511079074e-16
1.01567297234e-18
0.00234027274212
1.56328201064e-07
0.00891047424548
3.67002345269e-09
1.65169814566e-14
3.775550269e-06
3.42395766934e-16
3.64250456038e-07
0.0254022359705
2.17644609344e-18
2.4478177249e-05
0.0139012684173
0.0020309777477
1.46581742101e-13
0.0139012684173
3.24199594299e-14
0.0139012684173
3.92061860073e-07
0.0108304106851
0.0254022359705
5.38871841023e-05
9.27339985134e-05
7.63915169895e-10
0.0127257935144
2.77791339045e-05
1.10030386915e-06
3.76732348798e-11
0.00405918071251
4.51440092347e-05
1.15153724583e-05
5.85544759632e-05
2.65791929229e-13
5.79285723366e-17
0.0108304106851
9.21835903844e-12
2.61322313999e-11
0.000238768522034
0.00324826016412
0.00546561014826
0.00546561014826
1.0686607627e-15
0.000217183422508
4.18462208776e-08
0.0254022359705
0.0139012684173
2.62097157081e-11
2.6450303333e-12
5.83118573958e-10
0.00103102936199
8.64307982173e-11
0.0111925653801
8.61847534405e-16
1.40412189999e-16
1.76843013738e-13
1.99023315711e-05
7.14329783457e-17
0.00117438653081
0.000238002304679
0.0111925653801
8.92815942817e-07
4.38971554741e-05
8.36498210814e-14
1.97518405295e-27
0.0127257935144
0.000266034105198
5.02385055154e-15
2.0889968202e-08
2.73607823117e-23
0.000104418706074
9.48563382567e-06
0.000241486104824
4.06758625061e-11
0.00466525254809
2.05232028951e-07
0.0108304106851
0.0139012684173
0.00188426371516
0.0139012684173
6.44864692101e-07
1.13481425737e-12
0.0108304106851
1.82232982755e-06
6.7172171328e-08
2.58220887707e-07
0.00326632415749
1.47820307265e-15
2.50351773907e-06
0.000846997665114
2.24422303116e-16
0.0127257935144
4.62152721966e-08
2.62355128003e-10