500
9.24720388317e-09
6.17289027041e-07
2.29838274433e-06
5.19889651179e-10
1.60448397014e-17
8.78050525011e-12
1.63288514026e-06
0.00364164567459
0.0214656715712
2.20164460684e-10
1.94161402617e-06
2.87204300388e-05
4.15443945862e-05
1.00260096812e-11
6.26005936819e-26
2.07571895285e-05
0.0214656715712
4.86797211929e-21
1.90252037772e-08
2.75763151294e-08
1.99617824092e-13
1.91913806414e-06
3.29495679061e-06
4.49359521908e-22
0.0104276366637
2.26713314513e-09
7.5747003196e-05
5.29495938224e-09
2.35224629278e-09
8.81604056766e-15
0.0127166300777
3.60520751499e-06
0.0214656715712
0.0186171464338
4.04146990571e-12
0.000363287675134
1.1880441648e-06
3.98561699972e-11
4.57215102237e-13
2.77656739365e-13
6.53120814005e-13
3.58427006979e-06
5.58830064817e-06
1.91842041814e-11
0.00330642605028
0.0113432340293
2.94743322595e-16
1.46633071708e-10
8.0650904748e-11
3.10354217907e-20
0.000455012890699
0.00160620222821
4.72564485356e-09
8.91917433653e-06
3.5756987862e-06
3.02657414965e-12
1.58993035475e-14
2.16332073991e-10
0.0186171464338
0.000376686271989
0.000508931623273
0.00203971957183
0.0104276366637
4.58433412156e-07
1.25915340011e-31
9.45199615094e-06
0.012767496598
5.71242981787e-09
5.2969926691e-09
2.46748032594e-17
7.1862582289e-07
0.0104276366637
7.42090161794e-06
8.33574275462e-13
9.16322757423e-18
0.0104276366637
0.0113432340293
4.15569431921e-20
3.87470120801e-06
2.84235657051e-08
1.83011455005e-05
0.000410701812613
0.00221734258822
8.05240729173e-27
1.17724190227e-58
1.07216889624e-12
4.48279473831e-12
2.36765863124e-12
0.00281580799429
0.000252882520213
9.73062718891e-06
6.08804504436e-13
0.000359534077282
5.98169558028e-14
7.05562575645e-14
1.97327206967e-06
2.15327587269e-08
0.0214656715712
4.20189559669e-23
1.94853235134e-10
0.0186171464338
0.0018231335416
0.0214656715712
5.48828246293e-10
1.50078305045e-10
0.0186171464338
2.42350952142e-05
0.0127166300777
4.4156879528e-05
7.55879257704e-11
1.00483713317e-08
0.012767496598
5.06277281762e-12
0.0127166300777
0.0104276366637
1.36949466293e-06
3.34339763241e-12
4.72268605362e-05
2.27770684277e-06
0.00228460261887
1.22632278596e-08
3.43582371216e-12
7.33619209651e-25
1.95570238531e-13
1.62617042355e-06
1.32628069212e-27
9.95466458875e-12
6.00689861567e-07
4.36280170453e-10
0.00025488947344
7.13628555372e-11
0.0127166300777
3.97296087868e-05
1.40280599999e-06
0.00248746289248
2.54576886632e-10
5.49645731765e-28
6.5120761626e-19
4.91292517565e-09
6.85691971849e-11
1.37717310772e-06
3.45060217615e-12
0.00196661833796
1.09093619813e-16
1.01096305389e-08
0.000234315435225
1.05677843082e-07
6.57152330505e-15
1.29633975131e-06
0.0186171464338
2.57617884526e-11
1.45200550085e-16
0.000194619012397
2.68373779457e-09
1.78980798031e-07
4.09177820351e-17
2.3126908796e-08
3.01214697353e-12
3.3328261834e-17
0.0186171464338
7.70469983197e-06
0.000318274046237
2.81039895074e-05
1.08970108747e-08
0.0214656715712
8.43222344302e-09
0.0214656715712
0.0186171464338
2.20662470622e-13
4.09301450589e-11
2.70338222579e-15
0.000225951497369
3.27502784564e-06
3.99752644932e-13
1.01821180208e-06
1.84027619289e-15
0.0104276366637
1.97288466949e-07
0.0186171464338
9.61005113538e-05
0.0186171464338
0.014395225248
3.26406598318e-05
1.28706890136e-19
1.67345354002e-07
4.73922824802e-23
6.06452957353e-06
6.24631784987e-24
5.49904551048e-06
2.40749552542e-16
6.41584770939e-05
3.9329135362e-13
3.60964669166e-05
0.0214656715712
0.000201671419009
8.80702484694e-12
5.65934581238e-05
2.57615104966e-07
2.56950645716e-06
5.36179530362e-29
5.69665954865e-10
0.0186171464338
3.53019815486e-05
0.012767496598
1.18611130672e-06
2.16591288749e-06
5.28024490496e-06
0.00127962714991
9.29126259935e-06
6.27148545241e-09
5.11352894442e-06
2.02322423271e-05
3.95291998262e-05
3.93706120269e-07
1.37776238961e-11
6.29295728991e-18
1.74595731934e-09
6.39724231965e-39
8.16998492384e-29
5.68269249919e-06
4.91839292823e-06
9.88091992119e-18
1.01796339749e-09
0.000482346895927
7.60586114755e-11
9.06584489357e-09
1.17459985273e-06
3.83064711853e-06
3.8252573214e-10
1.44036324878e-06
7.87535617013e-20
1.27422218782e-07
3.99386696595e-05
1.03614487412e-07
0.00211847142167
3.52209861101e-19
5.10692498135e-05
2.14317332361e-08
2.67756954949e-06
9.65160202907e-09
6.9790405865e-06
5.03272304613e-05
7.77586414687e-05
1.56723783431e-08
5.83189024365e-13
0.0104276366637
9.65840645221e-31
7.13049532408e-07
1.9042804347e-06
4.92871586244e-22
0.000724211827277
0.0186171464338
1.0213208428e-05
0.0113432340293
7.63637229194e-10
3.32938447106e-10
5.12860049624e-11
1.3127254853e-12
1.23242843932e-10
1.26579670022e-16
9.74812287905e-16
9.90859022066e-05
5.23815615519e-16
6.59713452068e-09
4.37687694232e-08
3.63303937863e-22
2.27258907556e-21
9.78191867851e-23
5.60414444705e-11
0.0186171464338
3.11079234345e-12
1.16002673966e-07
1.43501469716e-10
8.15051863649e-10
3.26062684153e-05
2.05292433307e-13
6.33114644315e-05
4.83484564878e-09
0.00330642605028
4.28669148088e-09
0.000475825229159
3.58765619309e-08
0.00156212896889
6.06000163653e-15
5.7030920587e-07
6.43881191523e-05
6.85120788895e-21
4.42923329811e-05
2.00478369007e-10
3.6367393321e-08
1.69260856083e-08
0.000201671419009
1.16680454845e-08
1.30940882837e-11
5.58033349436e-05
0.0214656715712
1.01571337665e-20
7.65116873084e-08
2.62083171122e-06
0.00228460261887
9.43892400881e-19
7.01493063041e-07
5.2018045703e-27
5.62337079381e-25
1.99270722687e-05
0.00102115403287
4.43263522694e-14
1.86659947906e-24
1.46621678479e-05
0.0186171464338
1.6480115197e-10
5.711236557e-06
0.00156212896889
0.00156052091453
3.52289960455e-05
0.00248746289248
2.10364667138e-20
2.62891580388e-15
0.00364164567459
0.000303173071528
4.68694826817e-08
1.00119214946e-10
1.58443780674e-06
0.0041988373625
4.3800500072e-15
8.69039566174e-06
6.79973253905e-49
4.25453488867e-09
0.0104276366637
0.000475825229159
1.81604812554e-09
0.000103730654635
2.29667001106e-12
2.31169308405e-05
0.0104276366637
7.85615026007e-08
5.64452693971e-05
1.37776439042e-05
0.0104276366637
2.24162597921e-07
0.0022689259757
0.0104276366637
3.87898778352e-06
0.0127166300777
0.000448721897637
5.00743888516e-18
0.0104276366637
0.000281886984099
0.00196661833796
0.0127166300777
0.0104276366637
0.0104276366637
2.47138879798e-06
8.15107691017e-20
0.0186171464338
1.31984074458e-14
0.0127166300777
1.80284018456e-10
0.0186171464338
2.70410899685e-20
7.79342409378e-06
6.80444245532e-14
7.41908948183e-11
3.18468692288e-05
1.91119953274e-16
8.09846137299e-07
1.07566765861e-05
3.51959018223e-05
0.00012675846834
4.30848099328e-41
3.98761335526e-05
1.91079683514e-09
2.14297985695e-07
0.0186171464338
0.0186171464338
3.82859969314e-07
0.000451957928505
0.0186171464338
2.83701261216e-17
0.0127166300777
4.81888518728e-06
1.48803444088e-10
8.34628721941e-13
3.91278934057e-16
3.53945615409e-13
4.22123821528e-06
2.55772607569e-06
2.50667145785e-09
3.74403400208e-21
0.00364164567459
0.0214656715712
3.26136286508e-05
1.40979215295e-21
0.0104276366637
0.00156676299819
0.000241756436576
2.64308310285e-28
1.90623645363e-13
5.01647928636e-17
1.93158158172e-07
4.50298343012e-11
1.59677142896e-11
0.0113432340293
1.05131155655e-08
0.000724211827277
3.04031067753e-10
1.23295277239e-16
7.7601428899e-19
0.00160620222821
1.08288578745e-07
0.014395225248
4.32196179535e-09
7.95987731865e-15
5.05523078548e-06
2.38762719441e-16
2.24555627682e-07
0.0186171464338
4.35631789838e-18
3.98784557235e-05
0.0104276366637
0.00263687369949
1.01571940787e-13
0.0104276366637
3.01917405556e-14
0.0104276366637
5.86711023611e-07
0.0127166300777
0.0186171464338
5.90322961906e-05
7.25062433651e-05
8.47665722395e-10
0.0113432340293
2.79700319575e-05
1.21376662554e-06
5.21702315172e-11
0.00286765861233
5.17439736979e-05
1.02356855312e-05
4.53852787682e-05
1.67374950245e-13
2.8698503916e-17
0.0127166300777
8.19381920453e-12
2.91437528093e-11
0.000303173071528
0.0041988373625
0.00364164567459
0.00364164567459
1.15294130505e-15
0.000158644354133
5.46158005276e-08
0.0186171464338
0.0104276366637
1.79127238874e-11
2.11903229419e-12
4.41633399428e-10
0.000724211827277
7.7138930577e-11
0.012767496598
4.53462866009e-16
1.61646044742e-16
1.18803711995e-13
1.16442976543e-05
8.66063039517e-17
0.0014528314941
0.000216960456084
0.012767496598
6.35629105669e-07
5.62438725492e-05
9.9796810675e-14
2.58733958269e-27
0.0113432340293
0.000281886984099
3.04767410021e-15
4.23838790989e-08
3.49325385561e-23
0.000143793520333
8.03618657621e-06
0.000285750530762
2.82770099747e-11
0.00330847373348
1.87491709787e-07
0.0127166300777
0.0104276366637
0.00196661833796
0.0104276366637
1.01437313462e-06
8.39949062934e-13
0.0127166300777
1.46466927996e-06
6.40643897101e-08
3.47517417055e-07
0.00228695681045
9.34026451122e-16
3.47231214287e-06
0.000658194254833
2.55186006716e-16
0.0113432340293
3.8056355294e-08
2.96718644506e-10