500
0.0
0.0
0.000205245232578
0.0
0.0
0.0
0.0
0.0
0.0
0.0
0.0
0.0
0.0
0.0
0.0
0.0
0.0
0.0
0.0
0.000120360070181
0.0
0.0
0.0
0.0
0.0
0.0
0.0
0.0
0.0
0.0
0.0
0.0
0.0
0.0
0.0
0.0
0.0
0.0
0.0
0.0
0.000961679400291
0.0
0.0
0.0
0.0
0.0
0.0
0.0
0.0
0.0044892338138
0.0
0.0
0.0
0.0
0.0
0.0
0.0
0.0
0.0
0.0
0.0
0.0
0.0
0.0
0.0
0.0
0.0
0.0
0.000205245232578
0.0
0.0
0.0
0.0
0.000961679400291
0.0
0.0
0.0
0.0
0.0
0.0
0.0
0.0
0.0
0.000105516454907
0.0
0.000948186608597
0.0
0.0
0.0
0.0
0.0
0.0
0.0
0.0
0.0
0.0
0.0
0.0
0.0
0.0
0.0
0.0
0.0
0.0
0.0
4.27226633707e-05
0.000662580744347
0.0
0.00148911357341
0.0
0.0
0.0
0.0
0.0
0.0
0.0
0.0
0.0
0.0
0.0
0.0
0.0
0.0
0.0
0.0
0.0
0.0
0.0
0.0
0.0
0.0
0.0
0.0
0.0
0.0
0.0
0.0
0.0
0.0
0.0
0.0
0.00113319458897
0.0
0.0
0.0
0.0
0.0
0.0
0.0
0.000339681426072
0.0
0.0
0.0
0.0
0.0
0.0
0.0
0.0
0.0
0.0
0.0
0.0
0.0044892338138
0.0
0.0
0.0
0.0
0.000961679400291
0.0
0.000961679400291
0.0
0.0
0.0
0.0
0.0
0.0
0.0
0.0
0.0
0.0
0.0
0.0
0.0
0.0
0.0
0.0
0.0
0.0
0.0
0.000861774286839
0.0
0.0
0.0
0.0
0.0
0.0
0.0
0.0
0.0
0.0
0.0
0.0
0.0
0.0
0.0
0.0
0.0
0.0
0.0
0.0
0.0
0.0
0.0
0.0
0.0
0.0
0.0
0.0
6.47777675291e-06
0.0
0.0
0.0
0.0
0.0
0.0
0.0
0.000961679400291
0.0
1.4737135471e-05
0.0
0.000961679400291
0.0
0.0
0.0
0.0
0.0
0.0
0.00113319458897
0.0
0.0
0.0
0.0
0.0
0.0
0.0
0.0
0.0
0.0
0.0
0.0
0.0
0.0
0.0
0.000948186608597
0.0
0.0
0.0
0.0
0.0
0.0
0.0
0.0
0.0
0.00155313084981
0.0
0.0
0.0
0.0
0.0
0.0
0.0
0.0
0.0044892338138
0.0
0.0
0.0
0.00113319458897
0.0
0.0
0.0
0.0
0.0
0.0
0.0
0.0
0.0
0.0
0.0
0.0
0.0
0.0
0.000861774286839
0.0
0.0
0.0
0.0
0.0
0.0
0.0
0.0
0.0
0.0
0.0
0.0
0.0
0.0
0.0
0.0
0.0
0.0
0.0
0.0
0.0
0.0
0.0
0.0
0.0
0.0
0.0
0.0
0.0
0.0
5.73621670553e-05
0.0
0.0
0.0
0.0
0.0
0.0
0.0
0.0
0.0
0.0
0.0
0.0
0.0
0.0
0.0
0.0
0.0
0.0
0.0
0.0
0.0
0.0
0.0
0.0
0.0
0.0
0.0
0.0
0.0
0.0
0.0
0.0
0.0
0.0
0.0
0.0
0.000101538291903
0.0
0.0
0.0
0.0
0.0
0.0
0.0
0.00148911357341
0.0
0.0
0.0
0.0
0.000948186608597
0.0
0.0
0.0
0.0
0.0
0.0
0.0
0.0
0.0
0.0
0.0
0.0044892338138
0.0044892338138
0.0
0.0
0.0
0.0
0.0
0.0
0.0
0.000454593513677
0.0
0.0
0.0
0.0
0.0
0.0
0.0
0.0
0.0
0.0
0.0
0.0
0.0
0.0
0.0
0.0
0.0
0.0
0.0044892338138
0.0
0.0
0.0
0.0
0.0
0.0
0.0
0.0
0.0
0.0
0.0
0.0
0.0
0.000339681426072
0.0
0.0
0.00011863384622
0.0
1.48640278865e-05
0.0
0.0
0.0
0.0
0.0
0.0
0.0
0.000339681426072
0.0
0.000120360070181
0.000948186608597
0.0044892338138
0.0
0.0044892338138
0.0
0.0
0.0
0.0
0.0
0.000205245232578
0.0
0.0
0.0
0.0
0.0
0.0
0.0
0.0
0.000961679400291
0.0
0.0
0.0
0.0
0.0
0.0
0.0
0.0
0.0
0.0
0.0
7.04852951341e-05
0.0
0.0
0.0
0.0
0.0
0.0
0.0
0.0
0.0
0.0
0.0
0.0
0.0
0.00113319458897
0.0
0.0
0.00358135555556
0.0
0.0
0.00148911357341
0.000961679400291
0.0
0.000948186608597
0.0
0.0
0.0
0.0