500
0.000913715141105
0.0
8.24744823083e-10
0.0
8.14746111911e-12
1.62775269453e-14
0.000114784439838
0.000763229704261
0.0
0.0
4.61317144167e-09
0.0
0.0
1.18599646684e-10
0.0
6.65703807981e-05
1.81452893076e-12
1.65347685085e-09
0.0
0.0
1.29738007961e-06
5.79850700458e-07
0.000707391123845
0.0
3.33403410355e-10
0.0
0.0
1.02371534444e-07
6.19267464092e-08
0.00104235523437
2.84663986493e-09
0.0
0.0
0.000823416746684
4.64140439692e-07
1.00833649046e-10
0.00866251302851
0.000387034469132
5.02823955122e-07
0.0
0.0
0.0
1.70000330501e-07
4.41147203969e-20
2.58544700916e-05
2.15220899556e-06
0.0
3.81723187359e-18
0.0
7.69281087482e-10
0.000763229704261
0.000310928944777
0.00140664843166
0.00173804567946
4.39442813856e-09
0.0
3.60830768772e-12
8.03483101594e-13
1.51610155516e-05
0.000754301963033
0.0
0.00106405213579
0.000166858389044
0.0
0.0
8.27465245031e-09
3.15547359312e-15
4.76483331544e-05
0.0
0.0
3.16120572364e-41
2.03119515065e-05
0.0
0.000585614573216
4.08977092851e-07
0.0
0.0
0.0
0.00170186187105
0.0
0.0
0.0228518194549
0.0
2.2245418294e-13
5.75120576017e-05
0.0018887646779
0.0
0.00173804567946
0.0
9.37487831721e-07
2.2467022958e-09
2.02786804325e-15
0.0
0.0
0.000155213435225
0.000397672949434
0.0
0.0
0.0
0.0
0.000641700466952
0.0
0.000435006646045
5.26571141269e-06
0.00210143196255
0.0
0.00170186187105
0.0
2.64004891771e-06
0.0
1.26862726597e-06
0.0
0.00106405213579
0.0
0.0
0.000155213435225
0.0
0.0
0.0
0.0018887646779
3.71264481151e-06
1.21339962394e-06
0.000166858389044
3.06446510974e-11
2.42547618166e-08
0.0228518194549
6.04745055406e-10
0.0
0.0018887646779
0.0
7.90298763289e-17
4.08165269329e-05
7.03457711731e-10
0.0
7.11665361194e-16
0.0
1.04625722504e-06
3.55995876047e-15
0.0
0.00259479831995
0.00339593127532
4.22677186825e-07
0.00075495793236
0.0
0.000890433974844
5.75347599619e-18
0.0
7.25894487339e-20
0.0
0.000622847017246
3.83302630341e-12
0.000707391123845
0.0
3.81004532494e-06
0.0
0.00104235523437
0.0
0.0
7.81771222582e-09
0.0
7.30306699746e-06
0.0
0.0
0.0
1.67134513834e-05
9.52194866987e-22
0.00866251302851
2.11550928507e-05
7.17059999869e-05
0.0
2.80629314126e-05
0.00012748223213
0.0
0.0
0.0
0.0
0.0
0.0
3.58187896764e-10
0.0
0.0
3.23118979885e-07
0.000506904207241
1.40991630556e-08
1.16169399307e-10
0.0
0.0
0.000707391123845
3.02154001232e-05
7.45882903807e-10
0.000160985596099
0.0
0.0
8.28370160302e-13
4.36972745896e-06
5.85913912593e-08
0.000155213435225
4.46892745161e-07
0.0228518194549
0.0
2.06071829548e-07
0.0228518194549
0.00866251302851
0.000983105970385
0.0228518194549
1.13794553662e-06
2.94667924401e-09
0.0
6.77478749711e-06
6.93731179634e-05
6.73107028052e-13
8.33304441356e-08
0.000116309570705
0.0
0.0
0.000203073849574
3.96311000556e-05
3.35491177989e-07
4.02877194002e-16
0.0
6.54911075277e-05
0.0
0.000514524515403
0.0
0.0228518194549
7.91828278452e-13
0.00571028883105
2.80550687363e-09
1.32428900148e-16
0.0
7.94165479038e-06
1.59166482994e-05
6.10210439761e-09
0.000754301963033
2.57874479747e-22
3.65620467444e-08
1.3682048785e-09
0.000310928944777
1.13884773133e-29
0.0
2.11550928507e-05
0.000672198642066
0.00058037617792
0.0228518194549
2.68674526202e-06
5.94616614866e-13
0.0
0.0010253749585
0.0
8.38426923496e-08
2.83851091393e-05
0.0
8.24510734741e-06
0.0
2.58455364202e-13
2.19801971468e-05
9.99804825542e-06
0.0
0.00866251302851
0.0
0.00571028883105
0.0
4.86328192101e-05
0.0
0.00139689887636
5.47336488122e-10
4.69020668856e-07
0.00422713656599
0.00422713656599
0.00866251302851
0.0
1.29364775358e-05
8.40013777214e-05
0.0
0.0
0.0010253749585
4.12318618444e-14
0.0
0.0
0.0
0.00010011993641
2.07110503146e-10
0.000296012672024
0.0
2.86617139368e-10
0.00229809017536
2.64789720327e-06
8.34363597675e-16
4.31483854426e-06
0.0
1.3249963062e-05
0.0
1.02440948641e-09
8.50237849439e-11
0.0
0.00104235523437
3.4742121284e-18
0.00339593127532
0.0
1.77137450399e-08
2.13769146588e-27
0.0
0.000321300865207
1.26047406639e-07
0.000241182475626
0.0
1.5688843496e-06
0.0
5.19342196282e-10
8.07978014747e-05
0.00866251302851
0.00106405213579
7.5542202127e-10
0.0
0.0228518194549
0.0
0.00259479831995
0.0
0.0
0.0
0.00170186187105
2.93587877708e-05
0.0
5.53642958507e-07
0.0
0.0
5.61471889776e-10
8.05947770809e-09
0.00259479831995
0.0228518194549
0.0
0.0
1.3316028338e-07
0.000114784439838
0.0
0.00339593127532
3.87127169929e-10
0.0
0.000225624908963
0.0228518194549
0.0
5.30617411501e-18
5.03579805929e-14
4.20925624405e-25
0.0228518194549
3.89127708073e-09
2.40063799167e-09
1.29361103461e-13
0.00228100775697
9.89105578919e-06
3.02413268454e-11
2.33780444363e-05
2.72591927291e-05
0.0
0.0
3.1761866144e-09
0.0
0.0
6.80994922526e-08
1.77245294815e-07
0.0
0.0
0.00228100775697
2.12262558838e-05
3.78386361419e-05
2.11389722298e-07
0.000204938333847
0.0228518194549
1.73046845273e-06
0.0
0.00866251302851
0.0
0.0
0.00422713656599
0.0
0.00198230734199
2.99134666303e-08
1.7442962782e-07
2.18264195951e-15
0.0
0.0
7.99982344875e-06
0.000145482668988
1.68754625567e-05
0.000504582610857
5.95626586896e-07
0.000641700466952
2.89459661652e-09
0.0
0.0
0.0
0.0
0.0228518194549
0.000587681466572
0.0228518194549
0.0
0.0
9.89858048181e-21
0.000114784439838
1.85392768163e-05
0.0
0.0228518194549
0.000113642462065
0.0
1.138063316e-11
1.00067267921e-06
2.06687048984e-06
0.0
2.88280347176e-13
0.0
0.0
0.000387034469132
0.0
1.83809791059e-11
0.0
0.0
2.27307907493e-08
6.80119860049e-05
1.51242545825e-17
0.00140664843166
0.0
1.04672420622e-16
9.97912545111e-10
8.30449623295e-05
0.0
0.0
2.62807530523e-09
0.0
0.00245478244078
1.16567834301e-08
1.86846728329e-11
1.72634041043e-06
1.15889345726e-15
4.49822969085e-06
8.95792989964e-05
6.70917693977e-06
2.49193603016e-11
0.000672198642066
1.18354713674e-06
4.36085849287e-16
0.0228518194549
0.0
0.0010253749585
0.0
0.0
0.00016085888753
0.0
8.41274079854e-05
0.0
0.0
0.0
0.000120556962448
5.75641736595e-14
0.0
0.0
1.85495573974e-09
0.000506904207241
0.0
3.92295912031e-08
0.000295544873275
0.000385622987261
4.66876477395e-05
0.0
0.00259479831995
7.02032819645e-06
9.04597446781e-05
7.53263264659e-08
1.469079752e-07
0.00229809017536
0.00170186187105
0.0
9.42472730821e-08
1.55063002184e-05
0.0
0.0228518194549
0.00104235523437
1.31680604663e-06
0.0
0.0
0.0228518194549
0.0
0.0
4.61038597336e-06
0.0
0.0
0.0
0.0010253749585
0.0228518194549
0.00229809017536
1.10332424418e-05
0.0
6.23907213468e-07
0.0
0.0
0.00866251302851
0.000483812038501
6.7505825905e-06
0.000100050011125
0.00210967056585
0.0