500
2.47700463443e-07
1.98027368241e-14
0.0654180206794
2.13663377792e-07
0.0654180206794
0.0654180206794
1.74535411444e-07
0.000276388233519
0.00575542177319
0.00207174971642
0.0654180206794
0.00533936718716
9.27357455348e-05
1.21224127785e-07
4.49665210608e-06
1.36433106113e-08
0.000289164646742
6.49876348093e-07
1.37656424901e-05
0.000702722547638
0.00901825005811
0.0654180206794
0.00575542177319
6.40248633513e-11
2.50669270913e-10
1.14269944682e-15
0.0654180206794
1.44536245899e-12
0.000128744600906
0.00901825005811
3.85168035018e-08
0.0654180206794
0.0654180206794
0.000297924978989
0.00901825005811
2.90570859073e-13
0.000116194978827
0.0654180206794
0.0654180206794
0.0654180206794
2.40033140972e-11
0.00192198467667
0.0654180206794
0.00533936718716
0.00158926505605
0.0654180206794
0.00533936718716
0.0654180206794
0.0654180206794
6.09655081614e-10
0.000116194978827
3.83114555073e-06
6.38524258454e-06
0.0654180206794
0.00575542177319
7.89596095275e-13
0.00533936718716
3.71606289489e-05
0.00533936718716
0.00575542177319
0.00533936718716
2.23552838229e-06
0.0654180206794
0.0654180206794
1.48285083651e-06
0.0654180206794
2.02902009524e-05
0.00575542177319
0.00192198467667
0.0654180206794
0.0654180206794
0.0654180206794
0.00575542177319
2.4824138065e-05
0.0654180206794
0.00901825005811
4.36451841305e-05
0.00575542177319
0.00533936718716
0.0654180206794
0.0654180206794
6.50265958563e-15
0.000109940108576
0.000203400591776
9.12948693627e-08
9.64325346149e-11
0.0654180206794
1.62898764016e-05
0.0654180206794
0.00575542177319
7.10743763822e-37
0.0654180206794
0.0654180206794
0.0654180206794
5.02364225348e-05
1.71786153709e-07
5.20666343926e-05
0.0654180206794
2.37847365424e-06
6.88293196909e-10
0.00533936718716
0.00533936718716
4.54798804841e-06
4.63933763284e-07
6.49888684924e-10
5.02364225348e-05
0.00158926505605
4.94075438437e-06
1.26620372091e-05
6.42039585836e-08
0.0654180206794
0.000702722547638
3.45848844364e-06
0.000932842471466
0.000276388233519
5.02364225348e-05
0.000702722547638
2.6519165276e-07
7.28321484879e-05
1.77701683483e-06
5.31359519489e-05
0.0654180206794
0.000276388233519
2.43249485953e-06
0.000276388233519
0.0654180206794
0.000702722547638
8.76929070711e-07
1.96202218074e-06
0.0654180206794
0.0654180206794
0.00901825005811
1.87408888219e-05
0.0654180206794
9.26221601789e-11
0.00207174971642
5.26267118058e-10
0.000702722547638
7.28321484879e-05
4.5819980182e-07
0.0654180206794
5.92924537619e-09
7.80626450287e-06
0.00533936718716
1.12010612866e-23
0.000109940108576
1.14936293049e-09
2.2148170467e-15
2.57284374282e-06
0.000297924978989
4.32472362806e-13
0.0654180206794
0.00901825005811
2.4824138065e-05
0.000276388233519
0.0654180206794
0.00901825005811
4.9043851492e-10
7.28321484879e-05
9.27357455348e-05
0.0654180206794
0.00533936718716
0.0654180206794
0.0654180206794
9.96949658026e-10
1.68968225984e-15
0.0654180206794
2.7643464136e-12
0.0654180206794
0.000702722547638
0.00901825005811
0.00901825005811
4.94075438437e-06
0.00533936718716
0.0654180206794
0.00575542177319
0.000311696956879
0.0654180206794
0.00533936718716
0.00575542177319
1.26509614913e-12
9.52773132612e-08
0.0654180206794
0.00575542177319
1.12912563803e-05
0.00158926505605
0.0654180206794
4.37727912809e-09
4.36457074144e-08
0.00575542177319
3.71606289489e-05
1.07400761421e-07
0.00533936718716
9.38468949856e-09
0.000137377756019
0.000702722547638
0.000276388233519
1.30116543812e-07
1.21061454919e-06
0.0654180206794
0.0654180206794
0.00207174971642
0.000702722547638
0.000289324991865
0.000712048386999
0.0654180206794
9.27357455348e-05
7.21596853977e-06
0.0654180206794
1.7030445519e-05
2.27497327506e-06
0.000932842471466
3.92328608006e-08
1.26620372091e-05
1.56383080388e-17
3.39932258203e-16
0.00575542177319
0.00533936718716
1.18047039447e-11
8.27032564784e-12
0.000702722547638
2.16088219112e-05
1.79527662142e-15
0.0654180206794
4.64652951639e-11
0.00533936718716
1.28817878715e-31
0.00207174971642
0.000128744600906
1.13705380646e-14
0.00901825005811
3.71606289489e-05
0.000702722547638
0.000276388233519
0.00575542177319
2.16088219112e-05
0.0654180206794
0.0654180206794
2.08461129698e-18
0.0654180206794
0.0654180206794
0.00158926505605
2.22460862025e-17
0.000289164646742
1.17751610941e-05
0.00901825005811
5.45727658567e-12
4.24492970571e-12
3.01856778922e-07
0.0654180206794
0.0654180206794
1.73174776897e-08
5.23060083957e-10
8.09172305094e-07
0.0654180206794
0.00533936718716
0.0654180206794
1.4424367128e-10
0.0654180206794
0.0654180206794
0.0654180206794
1.83967218433e-05
0.000712048386999
9.04924707408e-22
0.0654180206794
9.27357455348e-05
0.0654180206794
6.64370674773e-18
0.0654180206794
1.16011446158e-05
0.000274203862371
5.05040758498e-07
4.05181024303e-13
0.00192198467667
0.0654180206794
2.48235729171e-13
0.0654180206794
0.0654180206794
0.00575542177319
0.0654180206794
0.0654180206794
7.28321484879e-05
4.65958275762e-07
0.0654180206794
0.000702722547638
8.1669587695e-13
0.0654180206794
0.0654180206794
0.00246298385661
0.00901825005811
0.0654180206794
0.0654180206794
9.27357455348e-05
4.23661938517e-11
0.0654180206794
0.0654180206794
0.0654180206794
1.27504496217e-19
0.000203400591776
0.0654180206794
1.5441104039e-11
0.00575542177319
1.83785407702e-12
0.0654180206794
0.0654180206794
0.00901825005811
1.96202218074e-06
0.0654180206794
6.19385052445e-07
0.0654180206794
6.22598728427e-09
0.0654180206794
0.0654180206794
0.0654180206794
5.20557739175e-13
2.18930956649e-07
0.00901825005811
0.0654180206794
0.00533936718716
1.085907863e-28
5.01326631661e-06
2.18859795818e-07
0.00901825005811
4.24887966654e-07
2.37847557645e-18
0.0654180206794
4.36451841305e-05
1.64650532917e-12
1.50026721999e-12
0.0654180206794
0.00901825005811
5.59892462222e-05
0.000274203862371
0.00901825005811
0.00533936718716
1.01212805802e-10
5.09813797545e-14
0.0654180206794
0.00207174971642
1.19845450952e-12
0.00533936718716
0.00533936718716
5.64479865221e-08
9.27357455348e-05
7.17575762678e-10
5.61311935561e-09
0.0654180206794
0.0654180206794
5.2698600665e-07
0.0654180206794
1.17751610941e-05
0.0654180206794
0.0654180206794
0.0654180206794
0.0654180206794
3.831099413e-05
0.0654180206794
0.0654180206794
8.04598625564e-06
0.00533936718716
0.0654180206794
4.95641110926e-07
0.0654180206794
0.0654180206794
9.27357455348e-05
0.0654180206794
1.42337226299e-05
0.00192198467667
0.000276388233519
0.0654180206794
0.0654180206794
6.46343298407e-08
5.02364225348e-05
0.00207174971642
0.00901825005811
0.00901825005811
0.00533936718716
0.0654180206794
0.0654180206794
0.0654180206794
0.00575542177319
0.00575542177319
0.0654180206794
2.4824138065e-05
0.0654180206794
3.30323214248e-09
1.06139810775e-09
3.92197208485e-07
1.47868446885e-05
1.08839343826e-07
5.433934366e-11
8.77045272659e-12
4.21056482352e-05
1.78687620874e-11
1.97796130927e-15
0.00901825005811
2.76974749593e-07
8.74286223773e-08
0.0654180206794
3.65118559777e-09
3.71606289489e-05
2.34299851797e-12
0.000128744600906
0.0654180206794
0.000276388233519
0.0654180206794
0.00246298385661
1.40444999112e-06
4.6664731649e-05
0.00533936718716
1.2359936556e-15
2.02934885937e-08
0.0654180206794
6.88477329571e-12
0.0654180206794
3.48506852456e-10
1.02539085794e-06
0.00533936718716
2.33486000154e-07
0.0654180206794
0.0654180206794
0.00246298385661
2.4824138065e-05
0.0654180206794
0.0654180206794
3.35087762291e-10
0.0654180206794
0.0654180206794
0.00901825005811
0.0654180206794
2.43249485953e-06
0.000274203862371
1.34923969026e-10
7.28321484879e-05
1.82242210105e-09
1.17751610941e-05
0.0654180206794
0.0654180206794
0.0654180206794
0.00533936718716
2.25909056807e-09
8.6716338447e-08
0.0654180206794
0.00901825005811
0.00901825005811
9.27357455348e-05
5.89791660767e-10
1.51560879261e-07
0.000712048386999
0.00207174971642
0.000297924978989
0.0654180206794
0.0654180206794
0.00575542177319
0.0654180206794
0.0654180206794
0.00901825005811
0.000274203862371
2.15691573339e-06
0.0654180206794
0.0654180206794
0.00901825005811
0.00575542177319
6.7363581872e-07
2.27497327506e-06
4.49982760157e-07
0.00901825005811
0.0654180206794
0.0654180206794
0.0654180206794
1.2096855138e-18
0.0654180206794
2.80370412653e-06
1.70846831764e-23
0.00901825005811
0.000276388233519
1.5817395838e-08
0.0654180206794
0.00192198467667
9.97221506068e-05
0.000289324991865
0.000227279950185
0.00533936718716
0.00575542177319
4.78801957118e-07
0.000297924978989
0.000702722547638
5.70592477256e-18
0.0654180206794
0.00901825005811
0.00533936718716
0.0654180206794
2.12547166579e-07
5.31359519489e-05
0.0654180206794
2.16403880219e-07
3.70280682822e-11
0.000227279950185
3.45848844364e-06
0.000274203862371