500
1.81594276277e-09
1.49598336508e-06
7.11211894771e-11
3.99631043223e-08
4.57104146295e-16
9.09344950705e-13
2.21423205133e-17
2.96195617262e-11
2.93942338501e-08
6.10312819416e-17
1.00131604484e-05
2.55857287373e-12
0.000105164897046
3.06576088974e-10
0.000682743911308
4.07154733484e-10
8.31595018989e-19
1.30178751089e-16
2.9712512811e-19
5.11605036249e-10
1.25599855543e-07
1.33978691202e-06
9.04519629537e-12
5.14841312973e-10
1.69871454037e-05
1.96690049699e-09
1.31938457525e-18
5.98286377768e-07
0.000610361918819
5.99280896751e-07
9.33857182651e-10
7.76828276439e-12
3.24702749577e-17
5.59853660447e-18
6.99696025251e-13
3.22030413875e-07
2.04630518443e-13
7.38052192648e-16
1.31420251211e-11
2.32537087874e-05
1.41049624414e-19
1.26926752146e-09
4.21904415145e-08
0.000565797216106
7.60138788099e-08
1.68524221851e-15
0.000384995421512
0.000245044831294
0.000226965882063
5.55030096578e-20
1.86076020979e-16
1.3167630464e-05
4.29713016815e-06
1.17266265832e-17
1.68066485001e-10
1.29461153701e-10
8.73372200878e-12
1.3582058431e-05
0.0284742468794
8.10659768779e-17
2.89819084492e-16
1.73857963047e-15
6.03174636095e-17
1.0984429529e-08
0.00304343460668
4.41827938926e-16
4.01823062791e-08
1.58604857594e-09
3.6448245451e-17
4.64154483336e-08
1.06374230723e-17
0.0711382790102
0.0120705501597
4.28490872786e-06
5.84239219174e-06
6.47415680455e-13
6.30808973703e-13
2.24704966608e-10
2.46059307459e-09
7.92785158879e-18
1.82880706611e-14
2.11071123268e-08
0.00934339202618
0.00675149824977
1.74509499015e-13
9.52853360093e-08
0.0444514227082
9.63558204172e-09
1.06340398535e-17
1.74168726191e-13
1.47957254753e-13
4.0070404729e-10
6.4502926829e-14
4.53553735515e-13
1.71013375384e-17
7.00516039661e-15
1.86410853607e-12
5.18564693581e-06
7.46670367484e-08
2.23086711261e-16
4.04828006417e-07
2.18878539971e-05
0.000197692262285
2.09605017468e-13
1.43843139716e-18
6.8043169717e-17
1.69647699769e-10
0.5635
1.22018794083e-21
2.28893206796e-14
1.24034085923e-12
6.00191457015e-16
0.230318768269
2.52460508913e-17
1.73189567545e-10
1.07305550555e-21
2.01366950091e-21
0.00116815552535
3.16576467543e-18
2.72517988134e-16
1.54148911673e-13
3.39276842078e-11
0.000934749145206
2.69089494487e-13
0.0
4.81814104459e-18
1.56871529388e-14
0.331193276887
3.47123501723e-14
0.0190648679795
0.1199619494
2.91618465171e-08
2.36829573552e-16
2.93905521566e-14
0.00161891082989
0.000291084323916
4.61414061589e-13
1.48226105637e-14
1.64534107293e-06
2.3288909002e-14
1.52526872882e-12
8.30744341881e-07
1.77219017219e-13
0.000517868396509
6.76294862097e-19
1.32037702423e-16
6.53980050769e-14
4.14913159429e-05
5.21821503274e-19
0.0295832425964
2.27886551537e-10
1.57296878199e-15
2.12676047387e-14
2.53666098785e-05
0.259446978399
4.80576199221e-18
2.98308757802e-14
1.60037252233e-17
8.35509523358e-12
4.67448166477e-11
1.2741793122e-13
1.96558023698e-18
1.34231133762e-08
5.08398558196e-11
0.00320104294997
1.77623424156e-19
2.38852357081e-19
0.00107387495222
7.63974894915e-08
0.0108198468856
1.35527540393e-19
6.99558224895e-14
1.87182476524e-19
1.68031957182e-09
1.77749025e-18
3.18120904608e-11
0.0567438188716
4.81223670299e-09
4.36286356098e-17
2.29050914781e-11
3.13276266452e-12
0.00276799820842
2.77069961601e-08
1.0496230697e-13
0.0370519367097
5.66588295694e-13
1.68393314473e-18
0.0249215503342
3.05229702209e-12
0.000836641440305
0.0865624187256
6.41097341311e-08
1.89138441862e-10
2.8812352237e-09
0.0146752852718
0.000433812804202
6.28199408949e-13
7.04288095846e-05
9.31998706853e-19
0.2935
0.00351653014429
4.90644799168e-14
9.62750553364e-17
5.5217806011e-07
0.00415227129498
2.25240836551e-11
0.172502620704
1.47323670552e-14
3.79783968733e-07
0.172502620704
4.06617779716e-12
2.75673136863e-08
9.46584409119e-07
0.000133693750104
2.52684938629e-13
4.11603016558e-12
1.46519234901e-20
7.09092954429e-09
2.3628662527e-16
2.61026752414e-05
5.92311517826e-18
8.56859174629e-14
1.12870859593e-14
0.0117882707411
0.000617665280585
3.92864024866e-18
2.40963551803e-20
3.48082684269e-14
5.10930907897e-15
2.72203769614e-10
3.28102839674e-16
0.0281266654971
0.00107387495222
1.67077889543e-11
0.0086387190555
6.81752355262e-09
4.4782218489e-08
5.30903357129e-07
0.5635
9.20277956204e-09
2.26792570389e-11
9.5239185547e-14
6.26712146942e-06
2.02883790421e-11
6.51506133668e-16
9.00564549614e-08
1.84302581425e-17
0.0214770815449
9.1221222612e-18
2.25069141195e-06
7.56190568783e-16
0.000183834702035
1.43178970475e-10
0.1105
1.38089164337e-08
8.83160747824e-12
1.50729112134e-08
3.16377891237e-17
1.28429416465e-18
6.0798753202e-16
0.00105023120736
3.03519711633e-14
0.0010738201192
1.28049307734e-13
4.19007268498e-05
2.37515541052e-17
2.45253229893e-13
2.20749430967e-10
0.5635
1.28248237236e-11
3.30047710721e-16
0.172502620704
1.26418258892e-11
2.59162219687e-11
4.55602539049e-12
9.33779733808e-19
4.6120527574e-07
1.85119485973e-05
5.93763469249e-18
2.53703081027e-11
0.000647008970614
5.07321119355e-08
8.0678825565e-19
5.42384427753e-06
2.82937774957e-10
8.99602359087e-19
4.99218607529e-16
2.46739788856e-18
5.18560460816e-15
1.98320736986e-11
0.00988798472389
0.00169412259648
1.82706461937e-09
2.33336452906e-07
2.39689946784e-17
3.74878341133e-07
1.14485609085e-16
2.69596875698e-13
3.41008005016e-07
4.18494812024e-17
1.12862365413e-18
3.57560083157e-06
4.54882494007e-20
0.0567438188716
2.63823073954e-17
2.16743633425e-05
0.00063151156106
5.75727670176e-16
1.73469396179e-14
3.80625794879e-16
2.42970458824e-10
3.3306754105e-19
0.0366051164718
2.65751051646e-10
5.00094221933e-19
4.60354364339e-19
0.0328921017991
0.00172378142722
8.77983022723e-20
1.22437194625e-13
0.006271607076
1.15217783276e-06
7.99516365694e-09
0.00351653014429
0.259446978399
0.00238827976122
2.11681734195e-08
2.22349395437e-09
5.97439339162e-07
1.91614156389e-17
0.0112052459619
1.30497073238e-16
5.9487272318e-19
0.00659189143982
0.00270174705539
0.000328689473891
0.00147662461194
3.68247815198e-14
4.52234450773e-13
0.2935
0.0214770815449
5.11743781008e-18
0.5635
1.69758804018e-12
1.03496407711e-15
8.53605229604e-09
0.230318768269
5.95488601379e-10
3.36258008743e-08
8.73037789766e-20
0.0120705501597
7.7672790038e-11
1.17384474605e-16
5.43484602796e-05
6.66778714599e-13
1.8196192497e-16
0.0114961827024
9.33107966343e-11
5.45126905282e-12
7.11381871346e-09
1.67522466996e-09
0.259446978399
0.00877830517737
2.00166244033e-12
0.5635
1.10918008322e-11
4.74562872868e-05
1.08507425189e-10
2.88779067776e-12
7.20559758531e-12
0.000184197102938
2.15863846632e-16
1.42064551528e-07
1.98972340464e-18
2.80283839697e-15
6.11180634499e-18
0.00102687580199
3.56379298053e-18
0.00269543206809
0.5635
0.0412345330513
4.44763197786e-10
2.83749686994e-16
8.17930902581e-10
0.00011697549299
1.40168594846e-11
4.41040897651e-09
0.331193276887
9.47496151468e-14
4.48114286595e-19
1.90674329415e-15
4.60764588172e-15
1.38920598407e-17
0.000632144714135
0.000129334702117
2.78724570199e-12
0.0025434107875
0.000239603553998
5.09757905587e-15
2.74748282877e-09
6.27904175714e-13
1.3688280304e-14
6.00705472596e-17
4.12670683021e-18
0.00101718245186
1.34315234193e-15
0.0195938682787
1.51715664872e-06
9.16114703564e-15
7.06545128388e-18
1.00539662486e-11
2.50461932205e-14
2.52451313738e-15
5.44623224411e-19
1.42008264795e-18
1.57484259345e-15
0.00425986472702
9.48707916791e-06
8.11710337798e-10
2.26302641875e-14
1.04186050849e-05
5.6633984991e-10
2.2466360561e-13
5.81060032369e-07
0.0234005582206
5.72907409545e-16
2.58611418923e-15
3.61025127686e-08
1.35236605884e-19
2.99066257604e-06
3.42594313209e-10
6.81929699759e-07
0.331193276887
1.15181691529e-18
7.70944567255e-16
3.4797753914e-13
6.08940695441e-06
1.30871047996e-15
1.82455855427e-09
2.488324889e-12
7.58699182377e-05
7.17681262831e-12
1.49388099903e-10
0.000832903730386
0.00378160810728
2.15027093158e-10
0.000103147326346
5.06738358992e-12
1.41828874609e-16
6.14107579278e-11
1.79897229398e-13
1.24695853551e-06
0.000449294857109
1.08266375995e-06
7.83338962442e-13
1.08380042998e-18
1.83943503854e-12
6.83209769831e-14
5.38098745008e-14
1.34274309369e-05
2.26409467885e-20
4.6992524233e-15
0.000587244732382
2.48077586947e-11
8.19685931463e-07
3.95966164443e-07
2.17525042026e-15
7.95776048498e-09
2.89120499614e-15
8.91539016376e-17
6.33455845579e-16
5.31338973504e-06
1.6186617616e-07
0.0220718874031
1.61501857617e-10
1.59739395673e-14
0.000844770699749
1.36373860653e-08
1.49159276127e-14
6.77244011656e-10
3.73810694574e-07
1.96145285172e-15
5.54324235233e-13
1.6416601105e-10
8.80045761838e-12
0.000383836868984
1.3865132673e-13
5.76524342328e-08
0.000465484253649
1.72537590812e-10
7.25022649916e-07
0.000992547053793
1.48668412334e-12
2.03834117731e-10
0.230318768269
0.5635
1.53928175611e-14
8.91698459702e-07
2.11379154061e-07
0.2935