500
1.69418510087e-07
0.050725889704
3.81029912395e-06
1.47687734099e-08
0.050725889704
0.050725889704
6.10013374253e-16
5.92629314413e-11
2.4342393036e-06
1.55589645708e-09
0.0349920590633
0.000713355195612
9.50610106568e-08
5.38590302555e-06
1.04620534564e-06
0.0250494867187
6.55441474824e-06
0.050725889704
2.77302345183e-08
0.000272696295506
0.000107126604327
8.93032797446e-05
0.0349920590633
0.0349920590633
2.48718571536e-10
0.000119984330675
1.6641637117e-06
0.0349920590633
0.0250494867187
0.0349920590633
2.17768661495e-07
0.0250494867187
0.000935367084044
0.0
7.73856108089e-11
2.13793736105e-10
0.050725889704
0.0349920590633
7.89582950177e-07
0.0349920590633
2.85990198342e-05
0.0349920590633
0.050725889704
1.05271527641e-05
0.000526568028257
0.0250494867187
0.0
0.00130747452745
0.000205376968805
0.00242717027158
0.050725889704
0.0349920590633
2.18045806394e-06
5.17072143793e-15
0.0349920590633
0.050725889704
0.0349920590633
1.37243913812e-06
0.0250494867187
0.00408896453098
7.08909375193e-06
4.26544825601e-05
6.08093261497e-07
3.14683753494e-06
0.0250494867187
0.0250494867187
5.61477254853e-05
0.00386871732179
7.36738965509e-07
7.33822038342e-05
9.82231007257e-06
0.000713355195612
3.22531508727e-05
0.0349920590633
5.11494520904e-16
1.40742063022e-05
0.050725889704
2.86858062268e-12
5.17891396356e-11
0.050725889704
0.0
0.000691702423143
3.75220703139e-05
5.95671772657e-12
0.050725889704
1.5122021949e-07
3.00304696778e-08
7.44558717733e-09
0.0349920590633
2.58924636329e-05
1.04518742629e-05
0.0
0.0349920590633
4.33163418054e-05
0.050725889704
0.0349920590633
0.000188862103951
0.000253398343049
0.00101300705747
0.0250494867187
0.0
6.99557658754e-06
0.0349920590633
3.19127945522e-09
0.0
4.32847511844e-14
0.0349920590633
8.55477426514e-17
2.85990198342e-05
1.00426028411e-05
4.6080894564e-06
0.0349920590633
7.27148145073e-18
0.0349920590633
4.25213076817e-05
6.07099485892e-05
0.00130747452745
1.40570534639e-11
7.14135895238e-10
6.4162898374e-07
0.00242717027158
0.00393025315608
0.050725889704
2.10654191545e-05
0.0250494867187
6.93944039419e-10
0.0349920590633
0.050725889704
3.59322321995e-09
0.050725889704
0.00819679477539
7.93036100457e-16
0.000935367084044
0.000133335732621
1.11385290609e-05
0.050725889704
7.73678838877e-07
0.0349920590633
2.18045806394e-06
1.26901347714e-05
5.0253422747e-08
0.0
0.0349920590633
0.0
9.98004555536e-13
0.0349920590633
1.00091867327e-05
7.28025074482e-05
0.050725889704
3.407626987e-08
2.75755944663e-08
2.94778998693e-08
1.05687070652e-12
0.00076227432712
1.26744562412e-05
0.0349920590633
0.0250494867187
0.0349920590633
3.16751809594e-16
2.05438126768e-05
6.60255842871e-07
2.04627141955e-10
0.0349920590633
4.48681253706e-15
0.0349920590633
0.0250494867187
3.3356486635e-18
1.27350261447e-06
0.000327908196304
0.000253398343049
0.0250494867187
0.0250494867187
0.0
1.02776433717e-07
2.48944290399e-14
0.0250494867187
9.84279959209e-07
7.73678838877e-07
0.0349920590633
0.050725889704
0.0349920590633
0.0
0.0349920590633
2.01693740669e-06
4.25213076817e-05
5.38590302555e-06
1.6525093919e-07
0.000935367084044
3.0862600631e-08
0.0349920590633
0.00197608287088
2.46016645834e-15
0.00242717027158
0.0250494867187
0.0349920590633
1.40570534639e-11
9.40572366379e-06
1.39102216328e-07
6.25127649805e-12
0.000119984330675
0.0349920590633
0.0349920590633
4.37225571784e-09
0.000713355195612
5.91285392848e-13
6.32261147358e-06
5.74367332063e-15
6.07099485892e-05
6.50176374594e-08
0.0349920590633
0.0349920590633
2.47026997064e-07
0.0349920590633
1.87616032971e-10
0.00386871732179
0.0250494867187
0.00130747452745
0.0349920590633
0.000691702423143
1.23366459292e-06
4.92171812232e-05
9.84279959209e-07
0.0250494867187
0.050725889704
9.25915884298e-07
0.000691702423143
0.0250494867187
0.050725889704
0.000424372021604
1.50971297701e-11
1.25950116312e-09
0.0349920590633
0.0349920590633
0.050725889704
0.00308610824767
3.94759793088e-08
2.56520814689e-08
0.0
0.0
1.89473563081e-06
0.050725889704
0.050725889704
0.0349920590633
3.19555132755e-05
0.0349920590633
4.58246307697e-05
0.0250494867187
0.000334138667841
0.0349920590633
1.33881210774e-06
0.000424372021604
0.0349920590633
2.72063020483e-10
0.050725889704
6.13607092296e-05
1.79092619956e-08
0.0
4.37159121137e-06
0.000253398343049
0.0349920590633
0.0349920590633
0.0349920590633
0.00386871732179
5.20846450017e-14
0.000226143973202
0.0
0.0
0.050725889704
0.0250494867187
0.0
2.25137811005e-08
0.0
0.00242717027158
0.00130747452745
3.81401101118e-08
0.000272696295506
0.050725889704
0.0349920590633
0.0
0.0349920590633
0.0250494867187
0.0
0.0349920590633
0.000334138667841
5.1512975284e-08
3.24555241005e-05
0.000272696295506
0.0349920590633
9.50610106568e-08
0.000424372021604
0.0
9.50311187579e-06
0.0
7.99803907584e-14
0.0349920590633
0.0349920590633
4.7245964782e-07
0.0349920590633
0.0349920590633
2.77302345183e-08
0.0349920590633
0.000424372021604
0.00202453524359
4.7245964782e-07
0.050725889704
0.000734758789144
5.78615661515e-17
0.0349920590633
3.26756658754e-14
0.00242717027158
0.0349920590633
0.0349920590633
0.050725889704
2.18045806394e-06
5.61477254853e-05
7.29562809347e-08
0.000713355195612
2.06452260073e-07
3.19555132755e-05
6.10752278967e-07
0.000162148612111
0.0349920590633
0.050725889704
2.93295837323e-08
1.1390808144e-11
0.00386871732179
0.0349920590633
0.0
0.00248919835954
0.0349920590633
0.050725889704
0.050725889704
3.70423213487e-06
9.08498368089e-23
0.0349920590633
0.000700899609747
0.00308610824767
0.0
1.3785124302e-08
0.0250494867187
5.11519543468e-17
0.0349920590633
9.84279959209e-07
0.0349920590633
0.00308610824767
0.00130747452745
1.04620534564e-06
8.1099516565e-05
6.40537233197e-13
2.90103140275e-06
2.56959145936e-12
0.050725889704
0.050725889704
0.0349920590633
0.0349920590633
8.88163918319e-06
0.0349920590633
1.04620534564e-06
3.68958056655e-05
0.0250494867187
1.64218071963e-08
0.050725889704
0.0
0.000253398343049
0.000526568028257
0.0349920590633
1.68521293849e-06
8.73843846936e-09
1.00091867327e-05
5.41603885998e-08
2.58924636329e-05
0.050725889704
7.80603251188e-09
3.17603594128e-14
0.0
0.0349920590633
1.06174240974e-12
0.0250494867187
1.2812827864e-10
0.0015286255473
1.52018675726e-06
1.46469367667e-10
6.05405229183e-12
4.02475601306e-09
7.05969197126e-10
0.050725889704
0.0349920590633
5.54394452273e-08
2.85990198342e-05
0.000158647594595
0.0349920590633
0.0349920590633
9.92863098269e-11
7.28025074482e-05
5.93754427598e-09
5.61477254853e-05
6.26043988496e-05
0.0
0.0349920590633
0.0250494867187
1.23513622413e-14
0.0
0.0349920590633
1.27350261447e-06
1.86476893439e-05
2.18045806394e-06
0.000192293250451
0.0349920590633
1.55396674547e-09
0.000424372021604
4.25213076817e-05
0.050725889704
0.050725889704
3.27726158441e-07
0.050725889704
3.82016188021e-07
0.0349920590633
0.00130747452745
0.000421755957133
0.00242717027158
0.000188862103951
5.15909549721e-10
2.84574318465e-12
3.05007264077e-08
0.000460025475902
0.000691702423143
4.38347038434e-15
2.01693740669e-06
0.0349920590633
8.95050091194e-08
1.26901347714e-05
4.12543455263e-12
3.92130396816e-06
0.050725889704
0.000691702423143
0.050725889704
2.1700481931e-09
0.000272696295506
0.00242717027158
4.17162365841e-06
0.00130747452745
0.00386871732179
4.42961290211e-06
2.10955432348e-09
0.0349920590633
4.17368386985e-14
0.0
0.0349920590633
1.24824458828e-05
9.68615012925e-10
0.0349920590633
0.00308610824767
0.0349920590633
0.00308610824767
3.1976390326e-05
7.28025074482e-05
0.000272696295506
0.000526568028257
0.0349920590633
7.28025074482e-05
2.22535773295e-06
0.00157066045831
0.000117865997904
4.67626701136e-06
0.0250494867187
1.7011210484e-07
4.25213076817e-05
0.0349920590633
2.9431448389e-06
0.0
0.050725889704
6.1586785975e-08
0.0349920590633
0.000205376968805
0.000713355195612
0.0349920590633
1.03839303968e-10
0.000691702423143
0.050725889704
0.0
0.050725889704
8.88163918319e-06
0.0162407870049
0.0
0.00076227432712
2.28917567572e-09
4.79707858556e-08
0.050725889704
3.62411891514e-07
1.89140824169e-10
0.0349920590633
0.00393025315608
0.0349920590633
0.000334138667841
0.0349920590633
7.73678838877e-07
0.050725889704
0.000734758789144
0.0016547824252
0.0349920590633