500
1.6397490548e-05
0.000215430764533
0.000940968539169
1.72248710466e-07
5.69938511883e-21
3.6092560107e-25
8.07747704838e-39
8.41927728251e-05
5.06778522795e-18
0.0
3.84285470985e-38
6.39204212243e-14
4.69901161781e-18
0.00032815394514
5.04257736743e-08
1.96835709493e-12
6.32481668158e-17
5.71578330166e-25
2.10431935458e-15
9.22118558253e-10
0.00139325079208
4.43715260639e-15
2.15517782198e-08
3.65183237797e-09
2.15285113439e-08
1.76470668237e-24
9.63398658953e-18
1.48080063815e-09
0.00282176005379
1.83690981309e-47
2.12271681398e-09
7.13189673601e-08
0.0128094065292
3.78802677432e-30
1.35727558882e-17
0.000122769899719
2.49562135509e-21
7.98412095133e-07
1.30618179538e-15
7.05705838928e-18
2.20982273494e-07
8.37884504233e-07
3.69663857196e-25
7.64674385955e-13
1.15203822553e-08
1.51472414749e-08
0.00429307455621
0.00553404142012
4.05776340114e-10
5.25609933402e-44
1.21734232014e-06
0.000965813872408
3.45952966725e-22
7.83611009396e-20
4.11776396628e-25
0.000103327573563
8.40772566899e-08
7.24113000452e-16
2.97414142437e-15
0.00043801373526
6.0428680322e-11
8.46648624646e-43
5.29058667066e-11
1.50056321486e-05
7.26937095998e-06
6.43120537631e-13
0.0
0.000277154579945
0.012619841687
7.36256702138e-06
1.13328563747e-11
0.0
2.90777884094e-17
0.000215430764533
2.05152963678e-07
3.41273352443e-12
3.80131907511e-06
1.61599167469e-13
1.17864214137e-34
2.19465069326e-05
3.44996975729e-10
1.03515617754e-34
5.87016763297e-08
1.05581736162e-35
4.71026298058e-08
9.13668423783e-09
1.02217025829e-11
1.47357205159e-38
2.81095038281e-14
3.07001966143e-10
4.28158809774e-05
1.18138776146e-29
2.43054941078e-43
4.57783429089e-09
2.38693208943e-05
5.42565491668e-08
4.77163698135e-06
2.14000354485e-22
6.40857635331e-09
6.60976908164e-25
2.99679015506e-06
0.000882165226421
4.34473083899e-28
5.37196431489e-27
2.84673348232e-10
0.000994393218725
2.52942428093e-17
6.07888317515e-08
2.70932021996e-18
7.99190645316e-06
0.00048820829045
2.58367100689e-11
0.000131591590203
5.93411745867e-08
4.64444472092e-12
7.08231710036e-09
0.0088286371155
1.86244226689e-09
3.27232305866e-16
1.03212291863e-20
5.46906508622e-14
3.57622561782e-06
0.000149042740972
1.43779081923e-07
8.31945838157e-08
3.09651985235e-06
1.92577760729e-14
0.0
3.89108390843e-05
4.93508772969e-11
1.13070137129e-06
1.17516264411e-13
9.2197491533e-27
1.62528602071e-05
1.92154581126e-12
3.00189011135e-24
0.00106476076793
2.00444747426e-33
3.54802327581e-33
1.73288275889e-06
1.67367984692e-10
0.00969573540363
2.69858497335e-08
0.00106309250531
2.91192337945e-08
2.11419040815e-07
0.0
1.19836160186e-06
1.60950036529e-05
2.78740475237e-11
2.04266010405e-05
2.42659245802e-09
4.34021129087e-18
2.24029293955e-17
2.54393524834e-06
0.002211614857
1.73808743015e-08
8.94705128006e-23
6.90615449365e-16
0.00135864218942
4.77542666466e-65
2.13691932729e-14
7.31880384564e-05
0.00127597361192
9.35505722641e-05
0.000196654818846
0.000230928450494
8.67589701412e-10
1.16800626462e-05
1.98144683233e-30
0.000101332495668
7.32606501518e-13
4.33701593537e-08
1.0879578905e-17
0.00117948435504
0.0
1.70997772686e-05
4.5492965624e-11
3.58326134332e-18
3.60377981871e-14
1.64337523556e-07
1.12828456194e-30
6.50361239707e-24
5.04461895136e-19
0.000145201160153
5.64931839444e-06
3.52467144705e-34
0.000354716532156
0.0128094065292
5.91539113394e-07
0.000204098379265
2.58094221455e-06
1.44217611597e-09
3.10194729176e-38
2.22219978594e-37
0.000111477846355
0.000125663303352
3.44013615805e-07
6.89260376641e-09
3.88812270586e-05
4.07343484591e-23
3.22866260791e-15
5.39459906596e-14
0.000354716532156
2.58625353373e-36
9.43876860741e-05
2.02311749688e-08
1.19806942684e-06
3.83008994471e-05
5.28326053129e-27
2.10075033233e-32
5.3830820214e-33
1.06314521693e-07
8.02174428475e-09
0.00172331187202
1.16431706278e-07
1.67316326114e-07
2.37290630987e-08
8.07436817684e-05
5.59295183465e-07
2.97397206392e-07
9.1341819483e-15
3.21414536891e-05
6.83355829246e-11
0.0
1.78435556287e-19
1.05611944157e-35
0.00116369327837
4.91927608007e-36
1.47220811137e-15
1.25858849204e-14
1.22057443091e-17
5.19699479301e-07
5.22618026194e-12
1.71817246989e-06
1.67552810351e-14
7.31880384564e-05
9.21545512493e-24
5.72571812393e-18
2.72282638735e-43
1.71053691664e-09
2.57826391027e-21
1.25355094742e-12
0.000994393218725
5.70120959142e-14
1.22690785647e-10
1.36364194919e-15
0.00969573540363
9.93440286191e-16
3.66914940266e-10
5.31751822253e-08
2.99144980362e-05
3.84364295902e-05
0.0088286371155
4.10724026039e-06
9.99277309697e-18
5.12103568308e-12
3.14238449235e-05
1.19573585144e-12
6.91076186956e-10
0.00100051892906
1.01441212335e-05
0.000204098379265
1.3730036637e-11
0.0
2.30853022463e-20
2.15293789378e-06
0.00282176005379
4.22290598317e-16
2.13723397209e-21
0.000129985261792
7.14374720218e-13
1.62130855728e-13
2.61159238243e-19
0.00969573540363
3.49081047612e-07
1.31100488225e-12
3.53114143808e-12
9.31798972521e-27
3.94416841597e-56
0.0
1.28484777801e-20
7.5530248203e-06
0.002211614857
0.012619841687
9.7405340462e-08
3.77628187089e-16
2.14152344841e-18
7.07785688935e-09
8.87790832167e-11
0.000167787733386
2.1228405916e-06
0.000133828334636
1.4634300767e-06
0.00740974900766
1.31082832855e-09
5.32275546881e-05
0.00028360918631
0.000882165226421
1.59541016121e-05
0.00969573540363
2.87330909035e-08
1.44071711213e-08
0.000130777278594
2.44314946119e-23
2.77874843703e-13
0.0128094065292
1.14760062556e-09
0.00969573540363
0.0088286371155
6.52625459355e-09
1.37234591482e-13
1.00138788477e-39
0.00119324088379
1.38028744234e-11
1.57877891238e-12
3.11443574464e-11
2.5616598498e-15
4.4574630731e-15
8.98518050367e-10
3.65632609337e-27
9.14133218409e-57
2.37652458366e-05
0.0
1.40317887339e-29
1.6474755627e-06
0.000196654818846
1.35862634486e-06
0.00119324088379
2.63385498217e-08
0.0128094065292
2.03220835681e-37
5.21682331163e-11
6.71869066693e-05
2.70259384556e-09
0.0
1.00128941711e-08
4.51629181344e-09
3.58121323222e-07
0.000215521033416
1.54522156436e-13
0.000256391794997
3.42919172883e-10
9.72694377402e-13
3.08518423755e-15
2.90144271344e-08
1.28757453396e-32
1.16282910826e-10
5.5528465379e-09
4.4079145165e-06
1.29788502348e-14
1.70883668919e-07
1.13980481129e-11
0.00553404142012
1.21150469035e-05
0.000156723866653
0.00969573540363
0.0088286371155
2.63676127449e-24
1.41783704613e-12
0.0
0.000940968539169
1.59181729284e-11
2.24426167232e-18
2.14512792357e-11
2.46798275328e-25
8.05442841267e-05
0.00740974900766
3.4646794617e-11
0.000390127927436
3.68996099525e-10
1.44024490848e-07
2.2145106239e-05
2.0480168114e-05
1.37973876873e-06
0.000381519679578
1.53412433168e-17
0.000702179090782
4.44968228466e-06
1.50719442518e-07
1.02850484392e-07
2.09027518563e-07
0.000354716532156
0.0
6.91652939182e-20
1.34491126786e-08
0.00969573540363
4.82512204226e-10
5.86548704654e-05
2.66436738243e-09
0.000173911213733
0.000856816881194
2.11002342604e-16
4.41793681331e-12
3.10969687376e-11
1.76425378247e-13
1.10847795903e-28
0.000172451919207
0.0
6.43804336126e-11
3.24948330916e-05
0.0012431494928
2.66586154404e-05
0.0
3.68837816708e-09
3.22795539541e-07
2.9256898329e-20
1.30518242648e-10
4.0819774709e-09
0.000564627080608
0.0
3.93345540572e-18
7.74802932631e-16
1.45286718492e-24
0.0
3.79853331747e-37
6.87300954373e-14
0.00117948435504
3.77351519443e-24
0.00018854781279
1.35250166848e-12
0.000183486158175
1.08104269385e-05
0.00135864218942
3.79765787704e-07
1.71787727341e-17
2.04765847438e-18
4.3657520433e-12
1.24375495298e-17
2.52435486746e-15
0.0128094065292
0.00208944287807
1.29315356174e-07
0.000275861424642
0.00102838762645
1.35894892803e-11
5.23682309351e-23
1.06350570252e-11
7.8508444827e-11
4.92141642066e-17
0.00043801373526
6.02757212131e-06
2.76396402559e-06
0.000940968539169
1.92201302337e-26
3.19606650481e-19
1.40418914756e-09
2.88845783056e-07
1.54107566495e-37
3.03198392805e-09
1.07489080106e-25
0.000116506228942
0.000264731222824
6.98297567728e-16
0.00135864218942
3.67606128911e-09
0.00282176005379
0.0
7.74401730019e-07
8.27891475388e-10
5.32911890442e-26
1.56449782978e-05
7.48325908038e-08
0.00969573540363
2.43420156672e-07
8.08556704493e-20
9.31881728848e-15
4.39218975696e-15
3.41155584185e-06
2.76195807586e-08
9.90304128761e-15
6.6786836732e-62
2.94300980197e-05
3.66899360618e-20
0.00208944287807
5.1971607689e-05
0.000118340684601
1.56288472876e-21
0.000959186401539
9.0941646784e-09
1.76966304936e-33
0.000202687758199
8.75637746443e-05
5.08002264966e-06
5.97536915671e-23
0.0128094065292
1.08799861998e-07
3.4519520095e-13
0.000153826465541
1.96760731847e-12
5.65297429005e-06
1.41686146675e-15
3.9056408833e-20
4.47347411213e-13
1.00939515633e-11
8.26116492908e-05
1.83561155241e-22
6.37246208383e-28
2.87061816049e-22
2.70353610829e-08