500
0.0
0.00120030672266
0.00518216138488
0.0
0.0
0.00518216138488
3.17960147446e-05
2.44886966225e-06
0.00432057344448
0.000265402273967
2.63361292012e-18
1.52371186659e-05
0.00236449461396
1.96165703344e-06
9.84029985427e-06
7.11856788993e-07
1.87849636434e-07
0.0068287715115
0.000272859432718
1.40188306907e-08
1.00788155924e-06
0.000279793903705
0.0
3.64180970288e-07
0.000143595014207
0.000905220884041
2.64180082733e-06
2.39168850148e-05
0.000987873368304
0.00179237837218
2.61406772688e-07
7.10151418717e-09
2.10441572502e-08
0.0068287715115
0.00564749113155
8.81365931264e-06
1.18298379284e-11
0.000239929364693
4.07438721151e-05
8.53893553706e-05
0.0
4.767066379e-10
0.0
0.000972182812829
0.00518216138488
1.10478416139e-06
0.0
8.23181716818e-07
2.14047328874e-08
0.000188657308153
0.000575299192611
2.39116396928e-07
0.0
0.0
5.57134238268e-09
0.00138210625055
0.000207268554139
0.00626610918172
0.0
5.38844641227e-06
5.14833125992e-05
0.000183642537187
0.000227772576122
0.00626610918172
0.00113329489949
1.30437312954e-05
0.00611676689893
0.0
0.000160309777766
0.00236449461396
0.0
1.94008309089e-15
0.00564749113155
0.000139505760245
0.0
2.53178698462e-07
0.0
0.00120030672266
0.00236449461396
1.57340711142e-07
0.0
3.93528488882e-06
4.32969508365e-06
0.000152221659467
0.00611676689893
0.000747297641542
0.000257739908386
0.0
7.26818725678e-05
2.99038097592e-10
0.0
0.00234607879315
0.000609651175089
0.000210297960494
0.00020735831056
1.54886883056e-12
1.33553993913e-09
5.34577562659e-07
0.000261273770646
9.59554112013e-06
1.30315557207e-07
0.000554353929642
6.21666825626e-15
0.00432057344448
0.0
0.0068287715115
0.0
3.32520939787e-06
3.2826087765e-08
0.000341669388198
0.000221522085392
7.50254140811e-05
0.000732854912185
4.30103262731e-09
5.14330078376e-05
0.000145715132751
0.000109752357746
1.48005400193e-07
0.0
0.00012497189034
5.40259665496e-05
2.05943601907e-08
0.000272294399917
2.75816929997e-13
1.84961218187e-06
0.000874460589803
1.23223412916e-05
1.4628457006e-18
0.00564749113155
0.000131437835684
0.00113329489949
0.000261273770646
2.99703981084e-08
0.000177863315552
0.0
0.00176777339591
0.0
0.000261273770646
0.0
0.0
0.000430367927959
0.000906126973929
0.00611676689893
0.00182855730047
6.29342901521e-13
0.00626610918172
7.89362949288e-08
0.00564749113155
1.95702187213e-09
0.000145689443875
0.0068287715115
2.66579191763e-07
3.92220358398e-15
0.000280352618014
0.000429273935349
0.00611676689893
1.10287380881e-07
2.21489278063e-06
1.42868872903e-11
4.96889793896e-05
1.01689046127e-09
0.0
7.41073495104e-05
0.0068287715115
0.00113329489949
0.000609651175089
4.90205214146e-07
5.97290082067e-05
3.26054175987e-05
2.50012406761e-05
5.93633496743e-07
7.66724726484e-05
0.000283412223909
8.96859915653e-05
0.00152970870911
0.000472506533017
3.28432723633e-05
0.000522276807519
4.90359935178e-06
0.0
3.1500831142e-07
0.00218309158802
0.000130289449507
0.00561277078362
0.000188427195432
2.99751749576e-11
3.089718895e-08
0.00396457618843
1.31989436107e-09
0.0
0.00125322373098
1.44572722943e-07
0.00255674383606
3.30242474555e-08
6.61722703454e-12
7.7235978141e-09
4.1049699625e-05
1.18929648729e-08
7.77310831955e-06
0.00432057344448
2.1912643953e-13
2.6672936114e-06
0.00125322373098
0.0
0.0
9.92395878523e-07
0.000287554560078
0.000198768789269
0.00162248104276
0.00237752290138
1.61785498681e-06
0.0021296295183
0.000906680582718
0.000215738982097
0.000113692593165
1.8412752844e-05
2.27800778119e-13
0.0
3.39544105495e-07
0.00074878990381
2.11766245192e-05
0.00123800038556
1.04242886137e-09
1.39441688278e-07
0.00110821969896
4.56847697383e-18
0.000107296591123
0.0
2.48832574949e-07
0.00196624524309
0.000292105701785
1.22920787955e-07
7.39175979349e-08
0.00241774185484
0.000158892814961
5.66206218721e-05
0.00432057344448
0.00113397166318
1.52526773923e-10
0.000739403120758
3.00196886737e-06
0.000472816280312
0.0016778917951
5.84931743043e-09
7.60561606378e-08
4.96889793896e-05
0.000384634225527
4.75772486601e-07
1.85399483763e-07
0.00124822880144
0.000106575656869
0.0068287715115
0.0
0.000148692078943
8.2691509326e-07
4.50913356122e-18
0.0
1.60417151885e-12
0.00241774185484
0.00396457618843
3.34751819059e-09
0.00127075581153
0.00432057344448
4.26055693582e-16
5.15718303259e-07
3.28382339553e-17
0.00561277078362
8.04373518711e-07
4.79475346456e-05
7.49616085184e-08
0.0
4.23676220052e-05
1.72065872522e-06
0.0
0.00518216138488
7.30083963079e-05
1.91597945395e-06
0.0
1.88888030413e-05
0.00114302152001
0.00216728846148
1.52485767904e-07
0.0
0.00518216138488
0.000282565441899
7.00846488422e-06
0.000486406143222
0.0
0.0
0.00263972679124
0.0068287715115
0.000523217246765
4.61528812157e-06
4.32630339365e-05
0.000250556665343
2.16718522996e-05
3.1107047261e-08
1.44857021082e-05
2.11380353418e-05
0.00179237837218
0.000670307616931
0.0
0.0
6.44773955225e-12
3.91289401001e-07
2.87847370154e-07
5.18689990959e-05
0.00432057344448
0.0
0.000344528508252
2.50855376454e-11
0.0
0.000905220884041
2.45207624166e-07
4.03477016909e-12
0.000271602229238
0.000670717022844
1.24801140726e-14
1.05717805554e-06
3.26656806973e-06
0.00518216138488
3.17476858761e-05
1.49293924115e-06
2.69771009561e-07
7.61106930522e-07
0.0
0.000349858059322
0.00611676689893
0.0
0.00125322373098
0.00237752290138
0.000248111372587
3.24772359537e-05
0.000221038499063
1.54224135971e-14
0.00396457618843
0.00255674383606
0.00396457618843
1.26258351696e-07
0.000394002736412
0.000467542536945
8.04548938083e-09
0.000224477641825
3.16604168507e-08
0.00199950688943
1.66657520297e-05
0.00182855730047
0.0
0.00167015889399
0.00432057344448
3.16216674136e-15
5.10038810157e-09
7.10758571437e-07
0.0
0.00626610918172
1.07784469244e-09
0.000847835700924
0.00396457618843
2.3835533308e-08
2.16136129407e-07
0.0
0.0
4.23049915297e-05
1.98915119993e-06
0.00103230296612
4.2221065421e-08
0.000115240701089
0.000300125856446
0.0
0.0
1.01930930387e-05
1.83933669469e-07
0.000221038499063
0.0
0.00176777339591
0.00218309158802
5.5253661838e-05
0.000800501952816
0.00182855730047
5.07532070529e-05
1.00622413334e-05
2.73421061646e-06
0.0
3.4330734694e-08
0.0
0.0
2.11380353418e-05
7.70220047626e-05
0.0
1.53339894626e-07
2.81813047505e-05
1.78394398682e-06
1.61812133834e-06
8.71325982446e-07
4.29237812696e-08
0.000208749193512
4.67919093899e-05
7.64626689392e-06
2.1199298409e-07
0.0
0.0068287715115
0.0
0.0
7.58413882339e-05
6.12467491472e-07
0.00153655860305
0.000130522085734
0.0
4.63854716491e-09
3.64833221049e-06
0.00611676689893
4.73103586392e-06
0.00113397166318
0.00263972679124
0.000818160774979
0.000105360713075
0.000336622146769
0.00564749113155
0.0
0.000988333727528
3.85490226739e-05
2.13625795019e-06
9.36880897095e-05
8.10741275994e-12
0.00137116344373
1.00054161992e-13
0.0
9.14849176851e-06
0.00114302152001
5.23492254298e-06
8.34892853072e-07
0.0
2.27848066076e-10
0.0
0.0
9.91224809801e-05
7.45293987068e-10
6.2496165019e-05
2.62101467537e-08
0.000419474755109
4.086441201e-05
1.42224467573e-08
1.00065906266e-06
1.39494343732e-05
0.00564749113155
2.81661806807e-06
6.79090821832e-05
2.55418195409e-08
0.000885213587753
0.00626610918172
5.49025040758e-05
0.00564749113155
1.14167002846e-15
0.00137116344373
0.0
0.00564749113155
0.000228258022901
1.81338530287e-10
0.0
1.15145423782e-10
0.00012497189034
4.83115484723e-09
7.55468138938e-08
0.00113329489949
0.00138210625055
0.00216728846148
0.00432057344448
1.53590817235e-05
0.00049073975594
1.34923937927e-14
0.00626610918172
0.00611676689893
2.99958820869e-05
4.7597489248e-05
2.20386156245e-07
2.75192381421e-07
0.00237752290138
0.000343572593228
1.06933611971e-08
2.96211010533e-13
4.67900767225e-06
4.17271435251e-06
7.74275965006e-08
3.95345318825e-10
3.0357874038e-07
0.0
0.0
0.00432057344448
1.47292120984e-10
0.0
0.00138210625055
3.83784322319e-09
1.44246356083e-10
5.93659893009e-05
0.00061802577464
8.86847190693e-08
0.000439678990469
1.37728021035e-06
0.00564749113155
0.000739403120758