500
0.213150518413
0.00765657925292
1.54463996485e-05
0.000291242147009
5.33814260323e-05
6.22724727461e-08
0.213150518413
2.12010745603e-17
0.213150518413
5.15333243829e-23
1.86945836328e-07
0.00437785930333
0.00560299751758
0.045192425168
0.213150518413
0.00765657925292
7.7697348629e-08
3.65190567216e-05
0.045192425168
7.59648525857e-09
0.00312120958534
3.45957578725e-13
9.63828707949e-08
1.77838875465e-08
0.000924667367669
5.70388679356e-08
8.04176885081e-11
7.37112835361e-07
2.05983837254e-13
1.96320443616e-05
0.213150518413
0.00437785930333
0.00323422321359
0.045192425168
0.00312120958534
0.0361779147152
0.213150518413
0.213150518413
0.213150518413
2.10900692062e-05
0.00765657925292
4.03531935627e-10
0.00360900444434
0.0045998425928
6.72126995193e-13
0.00312120958534
7.18748739398e-05
0.213150518413
0.0110792590931
5.37148831975e-11
3.94286753822e-12
0.000116734368038
1.15018780016e-05
0.213150518413
0.02579316656
0.00433032051535
0.000510287827741
0.213150518413
1.54109208409e-13
4.67699705569e-12
1.03900944271e-05
4.10969381311e-13
1.57471156792e-05
0.00212027361343
0.000612364758126
8.92276506054e-06
0.00192871979099
0.02579316656
5.24313182827e-05
0.00312120958534
1.64069804791e-09
0.213150518413
0.02579316656
0.00433032051535
1.51696599515e-12
1.78937256361e-14
0.213150518413
0.213150518413
5.2036186985e-13
0.000354308687622
0.00054814012934
2.2614905955e-17
3.06879655682e-06
0.0110792590931
0.213150518413
4.11728494501e-07
0.045192425168
0.213150518413
3.19295163477e-05
4.816759975e-09
7.6310209979e-07
4.36920941283e-05
8.70635266276e-06
0.213150518413
2.41715670783e-05
1.36648879748e-13
5.00619385846e-07
0.0110792590931
1.66036301882e-05
0.02579316656
3.88249069809e-06
0.00300647828596
5.8840195808e-07
1.02555730287e-10
0.00356514619698
2.28362323391e-08
8.61689406454e-12
2.93971818815e-08
0.213150518413
6.37247805075e-11
5.60173216858e-09
6.70741089575e-05
0.213150518413
7.89174703735e-05
9.59960533157e-06
0.00240677756545
0.000612364758126
0.00188047626421
8.17713799367e-06
1.09517050734e-08
0.0110792590931
3.8696129881e-15
0.213150518413
0.0069991056152
4.29753571577e-37
3.796116479e-13
1.40513690069e-16
9.30865998308e-08
2.21889598582e-05
0.000301807306755
0.213150518413
1.27660570011e-20
5.55962967898e-10
0.213150518413
0.00650901407124
1.22540137783e-07
0.0001268202688
0.213150518413
9.46951619535e-12
0.00360900444434
0.213150518413
0.213150518413
3.02087492023e-08
2.10320300833e-14
1.7320119937e-11
1.9441030916e-10
0.00765657925292
3.49377873991e-08
1.22443528359e-09
0.213150518413
0.0110792590931
0.00122063727184
0.00207769662892
0.213150518413
3.18333285856e-06
0.213150518413
2.48034178633e-09
0.0110792590931
0.00359512365803
1.94922302289e-10
4.29379277845e-05
3.82888086932e-07
8.5509179822e-07
0.213150518413
0.000489008184457
0.0010839754501
0.213150518413
1.5327624053e-07
0.00323422321359
0.000823110705984
0.213150518413
0.000270465778747
8.2281330583e-10
0.02579316656
1.14207085334e-08
0.000111270380026
7.50398432199e-10
0.045192425168
0.045192425168
0.213150518413
0.213150518413
7.90800179535e-10
0.0069991056152
1.55951293989e-11
0.00166325952116
0.213150518413
8.60693158224e-17
7.08117592195e-08
1.03158144375e-09
0.213150518413
0.213150518413
7.33197653081e-05
0.000421691681478
6.19340691771e-06
3.97803371752e-06
0.000908124046122
0.00010102057201
8.772751699e-07
6.48052340553e-07
0.213150518413
7.51150395868e-05
2.80535262054e-05
0.0055870900228
8.08337875129e-05
0.045192425168
0.213150518413
0.213150518413
0.00207769662892
3.40981647142e-06
4.4300127494e-05
0.00108768991827
1.91274506308e-07
0.00209450709359
0.213150518413
9.29454535363e-06
4.89007869063e-07
2.36283656528e-13
0.00765657925292
2.18928774378e-08
0.0110792590931
8.74015220189e-25
7.37393793611e-08
1.69296405604e-08
0.00574599292954
6.43399341175e-14
1.0797411e-05
0.213150518413
2.16978153102e-09
0.02579316656
0.213150518413
0.02579316656
0.00560299751758
0.00574599292954
1.86903331817e-12
0.00054814012934
0.213150518413
5.2191463137e-08
0.00449820531103
0.213150518413
8.19408491109e-08
0.00449820531103
9.42202889383e-07
0.0045998425928
0.213150518413
5.43286703002e-18
0.213150518413
4.05357433895e-09
1.40303701236e-05
4.32894169041e-08
0.045192425168
0.0055870900228
0.213150518413
0.00166325952116
0.000301807306755
5.24262586249e-10
0.0361779147152
4.21991345422e-06
0.000716612300899
2.20887865218e-09
3.14799261112e-06
0.00207769662892
0.045192425168
0.000924667367669
0.0069991056152
0.213150518413
0.00437785930333
8.13916742258e-07
3.98596692303e-08
1.35332423588e-11
1.28893931076e-05
0.00449820531103
4.22205563072e-18
0.213150518413
0.213150518413
5.93326007798e-12
0.00102820655303
0.00437785930333
2.53566255877e-07
4.5106039433e-05
0.0361779147152
0.213150518413
0.02579316656
1.63997596577e-24
8.29494964431e-09
2.80535262054e-05
1.76288049088e-08
0.00437785930333
1.97061028723e-06
2.78528636145e-05
4.29142106377e-06
4.2326087082e-08
5.65252642017e-06
5.15283968384e-09
9.9597670029e-05
1.00649016202e-09
2.33767066923e-07
3.22302934514e-08
1.42149955309e-13
1.34386924032e-05
1.15346260088e-05
8.38512123044e-06
0.00300647828596
6.04448220488e-18
5.85978874265e-08
0.213150518413
1.18708859954e-10
0.02579316656
0.213150518413
8.16704902674e-20
0.213150518413
2.45418273497e-13
8.93740548931e-08
3.19685499751e-12
0.213150518413
0.00249408632112
1.22396502445e-05
1.18104201241e-08
0.00188047626421
1.19860258295e-05
7.34961808047e-05
0.213150518413
1.01790113115e-06
1.63128226412e-09
0.213150518413
0.213150518413
6.98126119507e-05
0.00650901407124
0.00207769662892
9.41933802559e-08
8.85434979878e-09
1.08582319781e-10
8.92454914813e-05
1.0013071777e-11
0.00102820655303
0.0045998425928
1.7695151303e-05
5.16449637006e-10
0.0045998425928
0.02579316656
1.09836493182e-13
2.74743368876e-18
3.73769460442e-06
1.32031674927e-06
0.0012995467864
8.89396568007e-05
0.045192425168
8.82377084875e-11
0.045192425168
0.000788140910675
9.45421844834e-08
8.66264758397e-22
0.213150518413
0.00190009135357
1.89524159446e-05
1.31063357258e-09
0.0045998425928
7.66240478306e-08
7.98792481321e-07
0.00650901407124
1.00623639536e-05
0.00359512365803
0.02579316656
0.213150518413
7.92618597972e-06
0.213150518413
0.000352646252071
5.21104169326e-05
2.82029424762e-10
2.31710706962e-13
0.213150518413
3.56289320597e-22
7.99049761549e-12
0.00359512365803
0.213150518413
0.000867755409043
2.13424048227e-06
9.60442127827e-13
0.02579316656
0.045192425168
2.82016170435e-07
0.213150518413
2.25100223632e-16
2.12994852863e-09
2.54784482882e-14
0.213150518413
1.25052802021e-05
0.045192425168
2.01871790941e-12
7.68477685574e-06
0.000107518419245
0.213150518413
0.000816272956035
3.23866544006e-10
0.213150518413
0.213150518413
0.213150518413
1.31032448472e-09
0.000764948691071
0.213150518413
0.0110792590931
0.213150518413
2.1102933099e-11
4.53968617041e-15
0.213150518413
0.02579316656
0.00300647828596
7.13236255926e-09
0.0361779147152
0.0361779147152
0.213150518413
1.35893247664e-15
0.00102820655303
8.08587298122e-12
0.213150518413
0.213150518413
0.213150518413
7.12569311001e-10
1.2826399674e-17
1.64334958691e-13
2.35864007066e-08
0.213150518413
3.190205211e-12
0.0001088694831
1.37981245699e-07
0.213150518413
2.01472057036e-11
0.00017110343003
2.83115218305e-06
0.045192425168
2.01673612537e-05
3.53831043595e-08
2.55915114864e-10
0.00093395208004
2.81618409783e-05
0.00176629224967
0.02579316656
0.000187729061314
4.7986896035e-11
2.06521613105e-14
1.26914734215e-10
7.04047908659e-09
0.045192425168
0.213150518413
1.21106527661e-06
0.213150518413
4.02556557139e-05
5.55124963204e-07
2.14857108636e-06
1.65449528402e-05
0.02579316656
0.00157391414878
0.000593962226604
0.00323422321359
0.00192871979099
0.213150518413
0.00166325952116
3.86747111413e-17
1.24940462866e-13
2.56038137265e-15
2.62182890839e-25
3.11319069097e-11
6.4105949742e-05
0.045192425168
0.000352646252071
1.17271862491e-13
1.25878355984e-08
0.045192425168
0.000128936601418
4.68969997603e-05
0.000632659132611
3.64697706419e-14
5.3312007063e-08
1.31092996354e-07
0.0069991056152
4.15298566934e-12
6.6896117596e-10
0.213150518413
1.67183230217e-07
0.00115497345317
0.02579316656
4.41660353933e-06
8.19580525009e-05
0.213150518413
2.26956791963e-06
2.33715282102e-06
0.213150518413
5.85615573686e-06
0.00437785930333
0.000121404006494
1.28507151237e-06
0.213150518413
0.00433032051535
0.00574599292954
2.76128394339e-08
6.62615312716e-08
0.00560299751758
0.00574599292954
0.213150518413
0.213150518413
0.0055870900228