500
4.22238941831e-10
4.09005200873e-07
1.87727829877e-11
2.58266629012e-08
6.0266886386e-17
2.58337280901e-13
6.8713730942e-18
4.1413818608e-12
2.27638528978e-08
1.85362604337e-17
4.65298435837e-06
5.87504751707e-13
2.88696554443e-05
8.14186398438e-11
0.000221994001709
9.12614072921e-11
6.95077478205e-19
4.83874603644e-17
3.6155265115e-20
6.78290932994e-10
9.30422939689e-08
4.62454510331e-07
1.12080387936e-12
1.42741409148e-10
1.91280625269e-05
6.13250645155e-10
6.86555722896e-19
1.32604821162e-07
0.000188918684792
1.38001562198e-07
2.07228360749e-10
1.24062086513e-12
1.0577260444e-17
6.83468275763e-19
2.30817712657e-13
4.29703960854e-07
2.61889906494e-14
1.63650782442e-16
2.06446438091e-12
7.09910517055e-06
7.6330559489e-21
1.15008608702e-09
1.25284385754e-08
0.000643269025329
1.78745526117e-08
2.32294897299e-16
0.000397510978878
9.48430136776e-05
0.00026842512803
5.91642584936e-21
7.11820398583e-17
4.38485885014e-06
1.78418104293e-06
1.40556887482e-18
3.98470962303e-11
2.63304449846e-11
2.36752566585e-12
3.79485449744e-06
0.0360056570248
1.34326793189e-17
4.13475641233e-17
6.2875785892e-16
1.02281927113e-17
3.1656798056e-09
0.00155844602089
6.94226919217e-17
1.03341247682e-08
3.27172312395e-10
3.18247701002e-18
1.31574322586e-08
1.00183122761e-18
0.0318888371604
0.00659233628752
1.6491140708e-06
1.44042703688e-06
1.14893840468e-13
1.20509324304e-13
4.12162581764e-11
5.23464601178e-10
8.55073507672e-19
3.03782671238e-15
7.82916530275e-09
0.00556280940989
0.00238056946754
2.24082207619e-14
3.36715635201e-08
0.0253163526834
1.77836071854e-09
3.32769197533e-18
6.45780168184e-14
2.76815331699e-14
1.64282654463e-10
9.32370530119e-15
8.45788172547e-13
7.53047962214e-18
9.38070760864e-16
2.69160740244e-13
1.32275843027e-06
1.44027329191e-08
9.57457780531e-17
1.28195833641e-07
7.39069128069e-06
6.58822960961e-05
1.45541346435e-13
1.54072328416e-19
1.23793088524e-17
8.04518749166e-11
0.322
3.55544911003e-22
1.63672693867e-14
3.28856726964e-13
8.00519636141e-17
0.0953709923664
1.06363041473e-17
8.69513335789e-11
7.18966914186e-23
2.9897461219e-22
0.000625212822994
5.07105791988e-19
2.20860465399e-16
2.55093340724e-14
7.77245021131e-12
0.000279700067626
6.67921582829e-14
2.71385083067e-20
1.21980979466e-18
5.83693569186e-15
0.142073282443
9.53757713403e-15
0.00650177319195
0.0760853738379
8.08285912202e-09
2.77679083347e-17
1.7080071155e-14
0.000536391888208
0.000145068321786
1.67974687583e-13
4.55176983543e-15
1.6276403258e-06
3.32532340596e-15
5.15895306166e-13
2.18518716908e-07
9.1560817708e-14
0.000153434318278
2.51699013745e-19
2.74986553187e-17
1.05027355492e-14
2.06109647134e-05
6.58229255139e-19
0.0116665740994
8.05107152586e-11
2.01735190523e-16
2.86068523032e-15
2.35849453401e-05
0.108504874494
5.74617176952e-19
1.10848645844e-14
2.26727313392e-18
1.03270748088e-12
1.36878473425e-11
1.26240168226e-14
2.23337906519e-19
2.4931066494e-09
1.18145244078e-11
0.00116018907073
7.37041884255e-20
7.95166707381e-20
0.000476677203524
3.9364017589e-08
0.00613320330987
2.42153608755e-20
1.07757938306e-14
6.52270975298e-20
3.84391641472e-10
2.75628229677e-19
2.14327704091e-11
0.0331485321925
1.49764446951e-09
1.2147271849e-17
4.5024475716e-12
1.84464365127e-12
0.00299045613763
7.03020558013e-09
1.33258318357e-14
0.0223896159831
3.50979748835e-13
9.18554599472e-19
0.00824908471072
1.67056070602e-12
0.000932383077689
0.114176842105
4.88268771587e-08
3.13520406156e-11
5.75132827005e-10
0.0126007606287
0.000221420331805
1.31940444202e-13
2.01415157183e-05
6.31601850982e-20
0.186
0.00176132716926
1.52596257169e-14
4.09989407828e-17
2.83379635987e-07
0.00227430122892
3.21545620034e-12
0.105116668849
3.09831120341e-15
2.41118113764e-07
0.105116668849
1.05527258059e-12
6.00216869961e-09
2.09564151211e-07
4.05260797572e-05
3.9552505613e-14
1.52044845042e-12
8.09806203529e-22
4.52941741683e-09
2.65794966368e-17
7.53972282409e-06
2.09425238343e-18
3.12508697034e-14
1.34739122917e-15
0.00445543953055
0.000186374292454
7.95955629488e-19
4.00380402141e-21
6.22212997072e-15
8.68315771076e-16
4.42561250043e-11
1.10117455951e-16
0.0156713474047
0.000548607068988
3.66053143816e-12
0.00281259464245
1.69323074262e-09
1.71835177277e-08
1.66534961227e-07
0.322
1.94025725706e-09
5.93286215052e-12
1.28699493398e-14
1.8654902729e-06
7.25253272994e-12
7.03040894421e-16
1.92040968981e-08
2.58387017015e-18
0.0127613502197
2.62958900091e-18
6.71484581732e-07
1.47161551947e-16
6.18309792789e-05
4.9299927947e-11
0.1495
4.99692003261e-09
1.86252442489e-12
3.72175817887e-09
3.49312424256e-18
1.97589138051e-19
7.27688213243e-17
0.00091344900575
2.83472062698e-15
0.000333817850951
1.21153470139e-14
9.75876731965e-06
8.44696417234e-18
7.58149992175e-14
4.00616092612e-11
0.322
2.22439299067e-12
4.81262321715e-17
0.105116668849
3.50210701132e-12
1.27115364487e-11
1.23286740304e-12
2.51270409174e-19
3.70303414966e-07
8.15298528695e-06
1.16096246206e-18
1.12859655542e-11
0.000200573823371
1.08990617741e-08
4.13561838845e-19
1.29898451604e-06
1.36765018401e-10
1.63805259061e-19
1.03401979389e-16
4.38312504775e-19
2.32820582269e-15
2.82774919897e-12
0.00385724550387
0.000899972356245
4.14591489582e-10
5.22712072066e-08
4.74425401921e-18
9.38916661722e-08
1.90272031085e-17
5.66768359624e-14
1.02081334868e-07
7.21358296028e-18
1.41904364035e-19
1.27085611261e-06
4.98593271186e-21
0.0331485321925
1.50204833836e-17
6.91896518703e-06
0.000306324574319
7.8915902936e-17
1.90807767023e-15
6.88142797484e-17
3.11186089941e-10
3.70347869171e-20
0.0125483743476
2.63655377421e-10
5.53824303871e-20
1.23508616576e-19
0.0175639568194
0.000715397116294
1.11835794176e-20
3.80087854586e-14
0.00331731055784
3.81499334037e-07
1.88281888739e-09
0.00176132716926
0.108504874494
0.00079990087883
4.37894401645e-09
4.75031735001e-10
1.37748685199e-07
1.73240000354e-18
0.0036744340836
2.15448409318e-17
6.39850737612e-20
0.0083267882862
0.00128466104381
0.00010671010017
0.00072727040144
8.55096056781e-15
1.12505933506e-13
0.186
0.0127613502197
3.93456018064e-19
0.322
2.36494383574e-13
7.76344617136e-16
2.77803099485e-09
0.0953709923664
3.90041248846e-10
8.78093275737e-09
2.58357289273e-20
0.00659233628752
1.82155461455e-11
3.57413070574e-17
5.27320744152e-05
1.22854495197e-13
2.87316828995e-17
0.0064105393862
1.37996557094e-11
5.102835955e-12
1.34378913473e-09
3.27479818522e-10
0.108504874494
0.00432083640418
1.0835063768e-12
0.322
5.39552014042e-12
1.33889573761e-05
1.80538901472e-11
4.28071824765e-13
2.46750773775e-12
5.59652819917e-05
3.25897025018e-17
6.78411421522e-08
3.32384026271e-19
2.83272370738e-16
2.64238539237e-18
0.00052641166221
3.161487352e-19
0.00132038241656
0.322
0.0172479487219
1.29108316062e-10
2.48347899992e-17
3.27982827176e-10
5.17956309987e-05
6.51496197419e-12
2.43990394577e-09
0.142073282443
1.35561536896e-14
2.83835793309e-20
1.00123434455e-15
4.87845441635e-16
1.52191707684e-18
0.000192970458379
3.27803755806e-05
5.65651306263e-13
0.00295666193147
9.11878543853e-05
6.99745209985e-16
7.9275001515e-10
1.51421561979e-13
4.01570306485e-15
6.97065547803e-18
1.08078313724e-18
0.00103256358092
1.7790183217e-16
0.00929312957521
5.6583327173e-07
1.58166051546e-15
1.52417247172e-18
1.26383578926e-12
3.67352012223e-15
2.25363066727e-16
1.84991136195e-19
3.22559534175e-19
1.81679183771e-16
0.00213301805334
3.25252848359e-06
1.95926843551e-10
3.11501278837e-15
1.15269965346e-05
6.2318102196e-10
4.7738205017e-14
1.44855013485e-07
0.0100561419684
1.26027028657e-16
5.11813306785e-16
6.57181787914e-09
3.12176877022e-20
1.5314531544e-06
6.65774911767e-11
2.75218924801e-07
0.142073282443
2.72976630033e-19
1.00865932343e-16
9.01111932222e-14
2.57104318667e-06
1.19210686136e-16
3.366755749e-10
7.18395598702e-13
2.24221536975e-05
1.46570297813e-12
2.94760202643e-11
0.000315362126366
0.00175829330125
5.87958199147e-11
3.50108155053e-05
2.9416715176e-12
1.87018548567e-17
1.82145648488e-11
2.11719741524e-14
4.10952015031e-07
0.00022616917416
2.32878204182e-07
1.02464388742e-13
1.24398830931e-19
3.8367278575e-13
1.38480951218e-14
2.57029751557e-14
4.17093067094e-06
4.34300644555e-21
1.02845831647e-15
0.000306853125685
5.86950746852e-12
1.97256140641e-07
9.87698824973e-08
3.2836765016e-16
6.75183619629e-09
5.64812270945e-16
1.24386385214e-17
9.37263135047e-17
2.51722410846e-06
4.05678107317e-08
0.00924797638574
2.82534637268e-11
4.8139645393e-15
0.000564161663807
1.34600721819e-08
1.79640480793e-15
1.51034923257e-10
3.08086287386e-07
3.95524632698e-16
1.07488742519e-13
8.3707965792e-11
2.63158858552e-12
0.000140782147402
6.70690941278e-14
1.31338214724e-08
0.000238767431024
5.13653928255e-11
1.53906752063e-07
0.000373176123292
3.69269490518e-13
1.01883715986e-10
0.0953709923664
0.322
3.57061229462e-15
3.04316886507e-07
7.57741071053e-08
0.186