500
0.0
0.0
0.0
9.65303653955e-05
0.0
0.0
0.0
0.0
0.0
9.33373840205e-05
0.0
0.0
1.05847720164e-08
0.0
0.0
0.0
0.0
0.0
0.0
0.0
0.0
0.000155613124466
0.0
0.0
0.0
0.0
0.0
0.0
0.0
0.0
0.0
0.0
0.0
0.0
0.0
0.0
0.0
0.0
0.0
0.0
0.0
0.0
0.0
0.0
0.0
0.0
0.0
0.0
0.0
0.0
0.0
0.0
0.0
0.0
0.0
0.0
0.0
0.0
0.0
0.0
0.0
0.0
0.0
0.0
0.0
0.0
0.0
1.13423404387e-05
0.0
0.0
0.0
0.0
0.0
0.0
0.0
0.0
0.0
0.0
0.0
0.0
0.0
0.0
0.0
0.0
0.000175453607597
0.00195979611062
0.0
0.0
0.0
0.0
0.0
0.0
0.000238984664063
0.0
0.0
0.0
0.0
0.0
0.0
0.0
0.00839649094698
0.0
0.0
0.0
0.0
0.0
0.0
0.0
0.0
0.0
1.96903624458e-06
0.0
0.0
0.0
0.0
6.88110972902e-07
0.0
1.40423407439e-05
0.0
0.0
0.0
0.0
0.0
0.0
0.0
1.15084677432e-05
8.41389072286e-06
0.0
0.0
0.0
0.0
0.0
0.0
0.000128068326713
2.389552007e-09
0.0
0.0
0.0
0.0
0.0
0.0
0.0
2.57738211127e-05
0.0
0.0
0.0
0.0
0.0
0.0
0.0
0.0
0.0
0.0
0.0
0.0
0.0
0.0
0.0
0.0
0.0
0.0
0.0
0.0
0.0
0.0
0.0
0.0
0.0
0.0
0.000251392352351
0.0
0.0
0.0
0.0
0.0
0.0
1.90814123385e-10
0.0
0.0
0.0
0.0
3.17949268708e-06
0.0
0.0
0.0
0.0
0.0
0.0
0.0
0.0
0.0
0.0
0.0
0.0
0.0
0.0
2.00741281958e-05
0.0
0.0
0.0
0.0
0.0
0.0
4.81228230567e-06
0.0
0.0
0.0
0.0
6.60440308262e-05
0.0
0.0
0.0
0.0
0.000361539134498
0.0
0.0
0.0
0.0
8.92170163249e-06
0.000251392352351
0.0
0.0
0.0
0.0
0.0
0.0
6.80043515995e-06
0.0
0.0
0.0
0.0
0.0
0.0
2.29511150535e-06
0.0
0.0
0.0
0.0
0.0
0.0
0.0
0.0
0.0
0.0
0.0
5.24621616349e-06
0.0
4.94800923327e-05
0.0
0.0
0.0
0.0
0.0
0.0
0.0
0.0
0.0
0.0
0.0
0.0
0.0
0.0
0.0
0.0
0.0
0.0
0.0
0.0
0.0
0.0
0.0
0.0
0.0
0.0
0.0
5.55247921399e-05
0.0
0.0
0.0
0.0
9.35680435548e-06
0.0
0.0
7.11151562934e-06
0.0
0.0
0.0
0.0
0.0
0.00612882550874
0.0
0.0
0.0
0.0
0.0
0.0
3.54636275369e-06
0.0
0.0
0.0
0.0
3.4857470989e-05
0.0
0.0
0.0
0.0
0.0
0.0
0.0
0.0
0.0
0.0
0.0
0.0
0.0
0.0
0.0
8.07982423719e-07
0.0
0.0
0.0
0.0
0.0
0.0
0.0
0.0
0.0
0.0
0.0
0.0
0.0
0.0
0.0
0.0
7.16538202202e-06
0.0
0.0
0.0
0.0
0.0
0.0
0.0
0.0
0.000119916186503
0.0
0.0
0.0
0.0
0.0
0.0
0.0
0.0
0.0
0.0
0.0
0.0
0.0
0.0
0.0
0.0
0.0
0.0
0.0
0.0
4.81228230567e-06
0.0
0.0
0.0
0.0
0.0
0.0
0.0
0.0
0.0
0.0
7.79060767363e-08
0.0
0.0
0.0
0.0
0.0
0.0
0.0
0.0
0.0
0.0
0.0
0.0
0.0
0.0
0.0
0.0
0.0
0.0
0.0
0.0
0.0
0.0
0.0
0.0
0.0
0.0
0.0
0.0
0.0
0.0
0.000175453607597
0.0
0.0
8.7231061744e-07
0.0
0.0
0.0
0.0
0.0
0.0
0.0
0.0
0.0
0.0
0.0
0.0
0.0
0.0
0.0
0.0
0.0
0.0
1.64834565661e-05
0.0
0.0
0.0
0.0
0.0
0.0
0.0
0.0
0.0
0.0
0.0
0.0
0.0
0.0
0.0
0.0
0.0
0.0
0.0
0.0
0.0
0.0
0.0
0.0
0.0
0.0
9.51238646354e-08
0.0
0.0
0.0
0.0
0.00612882550874
0.0
0.0
0.0
0.0
0.0
0.0
2.13044186926e-06
0.0
0.0
0.0
0.0
0.0
0.0
0.0
0.0
3.93365813723e-07
0.00195979611062
0.0
0.0
0.0
0.0
0.0
0.000420930320949
0.0
0.0
0.0
0.0
0.0
0.0
0.0
0.0
0.0
0.0
0.0
0.0
1.06434609341e-08
0.0
0.0
2.25823354956e-05