500
1.38398270838e-10
1.20388802021e-07
7.41860431005e-13
2.95919841039e-08
1.88668832833e-17
6.57201404163e-14
5.54059420144e-19
1.06015141185e-12
1.78231571541e-08
2.49709177127e-18
2.29822934719e-07
1.04572147899e-13
8.20473566092e-06
1.25313645953e-11
8.83754554626e-05
4.21742568442e-12
7.96112440835e-20
4.49176655838e-17
1.21274545424e-21
4.9211903784e-11
9.50753593221e-08
2.81331993158e-08
3.40850714965e-13
8.72022265509e-12
1.53764716364e-05
1.81142172666e-11
4.29392203033e-19
3.64435402972e-08
4.55810025537e-05
2.45481986829e-08
3.79260813853e-11
4.13452138169e-13
1.42822361443e-17
2.06800162122e-19
7.06678218336e-14
2.14009734658e-07
9.23373471931e-15
1.4363901961e-19
8.37012431329e-13
2.26229112584e-06
3.22001260409e-21
1.02152959341e-09
2.54817436743e-10
0.00057585599684
3.28271318328e-09
5.3376960919e-18
0.000429908991104
3.01361952125e-05
0.000229590405355
4.32314336428e-22
4.49560464618e-17
1.34901900697e-06
3.75300671089e-07
6.4128522062e-20
8.50700611109e-12
6.58120002834e-12
1.1519672313e-13
1.07918960929e-06
0.0343020398339
2.22031782149e-18
1.04683728469e-17
7.36440961756e-16
1.71706623736e-18
0.0
7.61705227495e-05
4.05759762259e-18
3.61828988406e-09
7.90094183584e-11
1.13444883962e-18
3.01943047488e-09
3.72121616555e-19
0.0188659130432
0.000324577062204
8.20592286152e-08
3.23696462134e-07
2.33423170513e-14
3.92414430941e-15
1.24689880803e-11
8.99431724192e-11
2.20510465238e-19
1.26406733267e-16
1.7538352617e-09
0.000276855341553
0.000463210968541
9.01181420997e-15
1.65072329704e-09
0.00124260252601
4.12238730775e-10
3.26622399424e-18
2.86863945259e-14
1.65357710733e-15
8.68347980611e-12
1.53227674241e-15
4.75903725624e-13
7.78359299035e-18
3.03764943508e-16
6.13805368379e-14
3.12904216923e-07
3.3807001453e-09
1.19086799828e-16
2.27691113929e-08
2.12139603349e-06
1.55816143546e-05
8.16365734173e-14
4.7284031669e-21
3.36694907351e-18
9.77785654543e-11
0.247
9.96289787597e-24
1.57642740336e-14
1.08537287213e-14
4.44467366635e-18
0.0357174638487
5.26279109134e-19
3.24082528963e-12
8.93478211489e-24
1.55204447208e-23
3.04671137045e-05
1.84672168353e-20
5.28854862466e-17
1.11763072241e-15
4.67469672729e-13
6.8426315041e-05
2.19538822739e-14
2.25827682986e-20
3.26144106483e-20
7.76163323203e-19
0.0675884315907
2.76088345927e-16
0.00180438345128
0.0775569337129
2.00395241735e-09
7.40865943122e-18
1.72785167167e-15
0.000131917541573
7.04872442036e-06
4.24723921159e-14
5.27003502185e-16
2.64833701718e-07
2.49968385543e-17
4.38041172185e-16
6.70469745909e-08
6.1575970093e-15
3.88881163261e-05
1.71250113646e-19
5.68990221293e-18
2.62136729838e-16
8.75455222281e-07
4.68203924665e-20
0.0022152787022
1.08728626843e-12
3.40109970529e-17
5.46768044779e-16
2.44790641443e-05
0.0477705688067
3.26831305882e-20
5.51873951621e-18
7.50582817952e-19
3.63514079474e-13
6.04044461057e-13
6.64226172236e-15
3.13150564941e-20
8.31622286387e-10
4.16872767311e-12
0.000204997567046
5.74050680097e-20
3.32073507062e-21
1.68440469423e-05
5.38048518466e-10
0.000224940429989
5.04551788426e-21
2.76802015978e-15
1.0108327897e-20
1.3096304487e-10
2.20312954401e-20
1.63587921232e-11
0.00165847508827
7.25106013194e-11
3.60704435843e-19
7.89300244551e-13
2.3957840506e-13
0.00242758944676
1.79793605767e-09
4.17228416015e-15
0.00110476440516
3.56636446282e-13
6.6336662112e-19
0.00212099920019
1.41060400901e-12
0.000829136195535
0.11276122354
4.07315942726e-08
8.45435793007e-12
1.5710826341e-10
0.032674838062
9.46041836056e-06
5.80232029331e-15
7.55933817974e-06
1.98727890649e-20
0.1375
9.05826470791e-05
4.87026689896e-16
3.10421874366e-17
1.76550947603e-08
0.000106590207191
1.18335307263e-12
0.00545191134608
1.52656935644e-16
7.43653778709e-09
0.00545191134608
1.63130072793e-13
1.51666518124e-09
7.1713577696e-08
1.56845856159e-05
9.36540160938e-15
0.0
5.93170520999e-22
4.78753028383e-09
7.73257223448e-18
1.86200300959e-06
1.78069758194e-18
6.43150504082e-16
2.66981789584e-16
0.00123401773935
3.95593644136e-05
1.1954501269e-20
1.49637116323e-22
1.70396091056e-15
4.22697157444e-17
1.05213612088e-11
5.48778483742e-20
0.000823126533715
1.51470259782e-05
8.76356073741e-13
0.000739439792212
2.77557380601e-10
4.76068076772e-10
4.36963660267e-08
0.247
3.86361513617e-10
8.06154095238e-13
2.23388582962e-15
4.73536952518e-07
1.92299961565e-13
3.48601920112e-16
6.89165781124e-09
9.45598580064e-22
0.000623142834468
2.99673900732e-18
2.05477756521e-07
4.76830352177e-17
1.72410144037e-05
1.22802772241e-12
0.1505
9.97844630706e-11
3.40457078962e-13
1.29187370709e-09
6.95822760455e-19
5.14760382456e-21
1.58098905836e-17
5.78811074117e-05
1.02943694429e-15
0.000131678958096
5.18465013693e-15
3.56043373495e-06
2.84190398005e-19
3.24582235433e-15
1.03471661627e-11
0.247
6.86084927734e-13
1.48184149837e-18
0.00545191134608
1.68012022749e-13
1.51623816335e-12
1.69145583428e-14
2.54229343116e-19
4.34339582142e-08
3.66775569264e-07
1.97565817488e-18
5.13296305608e-13
4.86300068062e-05
2.12524302205e-09
2.04376285841e-19
3.38166791712e-07
3.49709225909e-12
7.24667458035e-21
3.04507340342e-18
7.88732207917e-20
2.05276591043e-18
6.6519587899e-13
0.00112537534239
4.07371431568e-05
9.61228725964e-11
2.45733593335e-08
1.46514445834e-19
2.47022432373e-08
3.66052250349e-18
1.07922699401e-14
4.58137528903e-09
3.66548143651e-19
9.60765512578e-21
3.67215926749e-07
1.88205603059e-21
0.00165847508827
7.8802805755e-20
1.90409156566e-06
1.60059386252e-05
1.81484498805e-17
4.37742695357e-16
1.43324933352e-17
7.14717710501e-12
6.27767048714e-21
0.00353735667411
5.85818034367e-12
3.52388428039e-21
5.41409141947e-23
0.00115361447366
0.000204272680134
2.93847531872e-21
1.23029722968e-17
0.000112401737645
1.18784137015e-08
3.10217589001e-10
9.05826470791e-05
0.0477705688067
0.000200238197699
1.02351824478e-09
1.20363172077e-10
3.53224782441e-08
5.08216650996e-19
0.00101460820255
4.71347682078e-18
3.75644999889e-21
0.00597913491741
4.51660580673e-05
2.60270642664e-05
3.67774738564e-05
2.26603801567e-15
4.18979461016e-15
0.1375
0.000623142834468
1.61227263919e-19
0.247
4.72348609439e-14
4.75735480356e-16
1.45168022715e-10
0.0357174638487
1.36582000263e-11
1.39945793097e-09
8.82213672656e-22
0.000324577062204
4.26852498619e-12
1.13127996437e-18
5.1568906077e-05
3.1800071593e-14
7.56857821919e-18
0.000335593163709
2.72031556536e-12
9.02717892881e-14
4.97577047487e-10
6.06725248864e-11
0.0477705688067
0.000126103768144
9.45001703023e-13
0.247
6.69368113539e-12
4.38121312673e-06
5.59639784862e-12
1.21480104836e-13
9.63965460784e-14
1.58170893996e-05
4.81957012874e-19
1.15553560532e-08
1.25910842522e-20
8.23922187432e-17
6.7193202964e-20
2.6666060836e-05
7.22988985743e-20
6.98801697983e-05
0.247
0.00523666266907
7.27802112473e-12
9.70833481144e-18
1.19136529772e-11
2.99794467182e-06
6.84991211962e-12
3.52112674469e-09
0.0675884315907
3.17797641237e-15
8.65260267732e-21
2.66767916071e-17
3.46146612069e-17
2.60907826589e-19
4.75238013612e-05
1.01540922089e-05
8.12677956207e-14
0.00272562250941
2.47611616769e-05
1.38392508934e-16
5.21599578644e-11
6.25605982432e-15
5.73486238179e-16
1.510000367e-18
1.17954950502e-18
0.00114418928138
3.93039572053e-17
0.00353867990895
2.09523857646e-08
7.09292360905e-17
5.33401612602e-20
3.93904617387e-13
1.27045303426e-15
7.56225606329e-17
4.86365053667e-21
1.03605736256e-20
3.78879401576e-17
0.000105492013624
1.57502039205e-10
4.75120552665e-11
6.91881514177e-16
9.4673319353e-06
4.54332512129e-10
2.16729696595e-15
3.87524786696e-08
0.00305024261549
4.27801262821e-18
1.65124632146e-17
2.49831583589e-09
5.83937589905e-23
7.05020631905e-08
1.2684429504e-11
1.1577560654e-08
0.0675884315907
9.2563226731e-21
2.41610222564e-17
3.47156146522e-15
1.11573374179e-07
3.7655126683e-17
8.59602754906e-11
2.69940716692e-14
7.27815556082e-06
3.85951333865e-13
8.38828527226e-12
8.58647453536e-05
0.000102087665495
9.47711034003e-12
1.10506845321e-05
2.47357768982e-12
6.41454309825e-18
4.80330874911e-13
7.49144716895e-15
1.13130159383e-07
9.86364971746e-06
7.06773474695e-08
4.3327106209e-14
2.74865524939e-21
9.39462007878e-14
5.87842165635e-16
6.50880175964e-16
9.97578276864e-07
1.01933735541e-22
1.32172038713e-16
1.42021103395e-05
1.03878361757e-12
4.89988037683e-08
2.98624348118e-08
1.67447472985e-17
5.05499637033e-09
8.23294092749e-17
6.2812251471e-19
3.001463345e-18
4.04004787551e-08
8.20951291315e-09
0.00337199589081
5.78954517355e-12
8.06307054822e-17
7.42764369394e-06
1.41111791157e-08
3.45605415118e-16
5.20607710234e-11
2.61478287508e-07
1.45399936946e-17
3.49366665387e-15
1.07004360027e-10
7.88835438326e-14
2.47732531032e-05
4.9221351993e-14
3.49304184419e-09
1.07935934269e-05
2.48788876112e-12
6.08550582687e-08
9.79598795651e-05
1.27600076974e-14
1.34958485554e-10
0.0357174638487
0.247
1.43230388022e-16
7.46361775738e-09
3.72823058188e-09
0.1375