500
5.11421699829e-05
0.0
0.0
0.0
1.55218031952e-12
1.04393920436e-14
8.2207032909e-05
4.71059868922e-06
0.0
0.0
2.94287992704e-10
0.0
0.0
1.45234519258e-12
0.0
3.4649172363e-06
4.44210174541e-14
1.79580336619e-10
8.79302452245e-15
0.0
0.0
4.12284826022e-08
0.0
0.0
2.01622479214e-09
0.0
9.27948801526e-14
3.53936016977e-07
3.08550570865e-08
0.000212868690326
7.54683779498e-09
6.33396706053e-32
0.0
0.0
1.04215208544e-07
0.0
0.00038149802669
3.05500518462e-05
2.90423276609e-08
1.62692719659e-12
0.0
8.07877118055e-30
7.71006079179e-08
6.8465062919e-22
9.81475698969e-07
0.0
0.0
0.0
0.0
0.0
4.71059868922e-06
0.0
0.000135926755429
0.000147792357153
0.0
2.61861076765e-10
1.87608446837e-12
0.0
4.49061679475e-06
0.000813725309263
0.0
0.000641702665689
1.52228610492e-05
0.0
0.0
8.33754523789e-10
0.0
3.01722732542e-06
0.0
0.0
0.0
0.0
0.0
0.0
1.02578219607e-06
0.0
0.0
0.0
0.000132469875971
0.0
0.0
0.00183653418812
1.43355398839e-06
1.30163090254e-13
3.94470142512e-06
0.000755032926339
5.23344364453e-13
0.000147792357153
0.0
7.31727381094e-08
6.53636395296e-11
0.0
2.8243853811e-24
0.0
3.62113299198e-06
1.37509090683e-05
0.0
0.0
1.47952299582e-09
0.0
5.38401838864e-05
0.0
5.85433612471e-05
3.53435082682e-07
0.000806676904739
0.0
0.000132469875971
0.0
3.66574279672e-07
0.0
6.90737841079e-08
0.0
0.000641702665689
0.0
3.35470458922e-11
3.62113299198e-06
0.0
0.0
0.0
0.000755032926339
3.1496270723e-07
1.60314358166e-07
1.52228610492e-05
0.0
4.07471247369e-09
0.00183653418812
1.85201767712e-11
0.0
0.000755032926339
0.0
9.7001037695e-18
0.000301084374392
0.0
0.0
1.0195646296e-16
0.0
7.27873795709e-08
3.32689765795e-16
0.0
0.000208051890035
9.73501128347e-05
3.05194837698e-07
0.000107035679901
0.0
0.000321222879859
0.0
0.0
0.0
0.0
0.0
0.0
0.0
0.0
2.34189256272e-07
0.0
0.000212868690326
0.0
0.0
8.35296070631e-10
0.0
2.59800056963e-07
0.0
0.0
0.0
0.0
5.71357356739e-24
0.00038149802669
2.22696432614e-05
0.0
0.0
1.14240034354e-06
1.55544464626e-05
0.0
0.0
0.0
0.0
0.0
0.0
1.81022710688e-11
0.0
0.0
2.20157924959e-08
4.28018774352e-05
1.24121192639e-09
1.9916032392e-11
9.21704848414e-18
0.0
0.0
2.00581071009e-06
0.0
1.41592428725e-05
0.0
0.0
3.07620776517e-13
4.58046009979e-05
0.0
3.62113299198e-06
5.09718626301e-08
0.00183653418812
0.0
0.0
0.00183653418812
0.00038149802669
0.000133628110342
0.00183653418812
0.0
7.90455459307e-10
0.0
1.80577903265e-06
2.41646055755e-05
4.18648528234e-14
5.57897969609e-09
8.31666319416e-05
0.0
0.0
0.0
2.75171666761e-07
1.37573350849e-07
8.5866755114e-17
0.0
1.40949868009e-05
7.455417546e-14
0.0
0.0
0.00183653418812
0.0
0.000546014871366
9.13135365436e-11
7.48284451233e-18
0.0
3.33969214977e-07
1.49292165163e-06
1.0259446092e-09
0.000813725309263
2.84812315539e-24
0.0
4.63988088531e-11
0.0
0.0
0.0
2.22696432614e-05
3.44484220348e-05
3.78936806522e-05
0.00183653418812
0.0
0.0
0.0
0.000133905137582
0.0
0.0
1.43758248953e-05
0.0
5.70711320725e-07
0.0
0.0
1.01016624351e-06
1.98169524788e-07
0.0
0.00038149802669
0.0
0.000546014871366
0.0
1.9956140106e-05
0.0
0.00233379539484
2.24472748038e-11
0.0
0.000531764010814
0.000531764010814
0.00038149802669
0.0
0.0
7.79854713616e-06
0.0
0.0
0.000133905137582
1.67872766253e-14
6.26231321599e-13
0.0
0.0
1.0170017584e-05
0.0
2.70642803523e-05
2.37759102207e-14
2.98545993246e-12
0.000184374835715
0.0
0.0
3.99659589363e-07
0.0
0.0
0.0
0.0
1.81516070759e-11
0.0
0.000212868690326
1.68234837145e-19
9.73501128347e-05
0.0
0.0
4.0633619193e-28
2.65005503319e-10
5.66946792113e-05
3.62993399456e-09
0.000136220059697
3.18667539553e-10
3.32198260164e-07
0.0
8.43045082898e-11
9.08713571266e-06
0.00038149802669
0.000641702665689
3.04146885193e-10
8.55914902404e-14
0.00183653418812
0.0
0.000208051890035
0.0
0.0
0.0
0.000132469875971
7.2422584401e-06
0.0
0.0
1.68101414101e-14
0.0
2.70964127509e-10
0.0
0.000208051890035
0.00183653418812
4.37566948313e-10
0.0
5.45354793975e-09
8.2207032909e-05
0.0
9.73501128347e-05
8.29174819853e-10
0.0
2.13279002183e-05
0.00183653418812
0.0
0.0
0.0
9.26394634035e-27
0.00183653418812
0.0
8.21993311459e-10
5.33355697787e-14
0.000417176328268
3.31714587798e-07
1.02725681127e-11
0.0
2.63839100702e-06
0.0
0.0
1.73373655136e-10
0.0
0.0
0.0
0.0
0.0
0.0
0.000417176328268
1.64362991055e-05
3.24102900215e-06
9.42175458659e-10
1.41240325798e-05
0.00183653418812
2.33760794627e-07
0.0
0.00038149802669
0.0
0.0
0.000531764010814
0.0
0.000274036843058
4.1779925902e-09
2.23847328598e-08
0.0
1.63280309707e-10
0.0
0.0
1.14607810299e-05
3.6445909069e-06
0.0
5.5293048521e-07
5.38401838864e-05
8.27434874988e-11
0.0
2.32540234011e-11
0.0
0.0
0.00183653418812
4.42551862279e-05
0.00183653418812
0.0
1.14111388463e-11
4.24059356245e-22
8.2207032909e-05
2.06085963245e-06
0.0
0.00183653418812
2.11479315199e-05
2.12192743069e-16
0.0
0.0
1.37588932569e-06
0.0
1.25407473037e-14
0.0
0.0
3.05500518462e-05
0.0
8.28600526806e-13
0.0
4.23770609004e-08
2.1172782623e-09
7.95264832125e-06
3.74862491101e-18
0.000135926755429
0.0
0.0
1.33601955048e-10
6.06267879201e-06
0.0
0.0
1.13782662629e-10
0.0
0.0012323826638
0.0
0.0
0.0
0.0
3.04259193864e-07
1.56369293461e-07
0.0
0.0
3.44484220348e-05
2.45364328168e-07
4.81239583693e-17
0.00183653418812
0.0
0.000133905137582
0.0
0.0
8.39516439787e-06
0.0
0.0
0.0
0.0
0.0
1.1778333362e-05
0.0
0.0
0.0
0.0
4.28018774352e-05
0.0
0.0
1.18207796896e-06
2.8187988534e-05
3.01209022215e-06
0.0
0.000208051890035
4.77729834688e-07
0.0
7.48324031256e-09
0.0
0.000184374835715
0.000132469875971
3.84895743274e-08
1.77963190382e-08
1.51699421887e-06
0.0
0.00183653418812
0.000212868690326
8.85331993382e-08
0.0
0.0
0.00183653418812
0.0
0.0
0.0
0.0
0.0
0.0
0.000133905137582
0.00183653418812
0.000184374835715
2.70922297531e-07
0.0
0.0
0.0
0.0
0.00038149802669
3.90786773468e-05
3.38589849385e-06
1.53651771529e-05
0.000224295209483
0.0