500
0.0
0.0
3.82603220648e-07
0.0
0.0
1.18783019827e-08
0.0
0.0
0.0
0.0
0.0
0.000103931868464
0.0
0.0
0.0
0.0
1.64806575751e-06
0.0
0.0
0.0
0.0
1.40235397703e-05
0.0
0.0
7.45049036962e-06
0.00366569356389
0.0
0.0
0.0
0.0
0.0207556989598
0.0
0.00253755493967
0.0
0.0
0.0
0.0
0.000308272976641
0.0
0.0
0.0
0.0
0.0
0.0
0.0
0.0
0.0
0.0
0.0
7.15236081907e-08
7.01574167226e-06
0.0
4.98875362535e-07
0.0
0.0
0.0
0.0
0.0
0.0
0.0
0.0
0.000366942145951
0.0
0.0
0.0
0.0
0.0
0.0
0.0
0.0
0.0
0.0
0.0
2.33504011867e-08
0.0
0.0
0.0
1.81721377749e-07
0.0
0.0
0.00366569356389
0.0
0.0
0.0
0.0
0.0
0.0
0.0
1.60938280646e-08
0.0207556989598
0.0
0.0
4.15450498346e-05
0.0
0.0
0.0207556989598
0.0
0.0
0.0
0.0
0.0
0.0
0.0
0.0
0.0
0.00366569356389
0.0
0.0
0.0
0.0
0.0
0.000308272976641
0.0
0.000191625697137
0.0
0.0
0.0
0.000931435045593
0.0
0.0
0.0
0.0
0.0
0.0
0.0
0.0
0.0
0.0
0.0
0.0
0.0
0.0
1.47797513161e-23
0.0
0.0
0.0
0.0207556989598
0.0
0.0
0.0
0.0
0.0
0.000308272976641
0.0
0.0
6.18113892029e-06
6.74490342663e-06
0.0
0.0
0.0
0.0
0.0
0.0
0.0207556989598
0.0
0.0
0.0
0.0
0.0
0.0
0.0207556989598
0.0
0.0
0.0
0.0
0.00366569356389
0.0
0.0
0.0
0.00366569356389
8.62581171159e-06
0.00366569356389
0.0
0.0
6.95719698278e-09
0.0
0.0
6.96190274201e-05
0.0
0.0
0.0
0.0
0.0
1.48779053188e-05
1.94666322657e-10
0.0
0.0
0.00366569356389
0.0
0.0
0.0
0.0
6.96190274201e-05
0.0
0.0
0.0207556989598
0.0
0.0
0.0
3.39141797841e-05
0.0
0.0
0.0
0.0
0.0
0.0
1.16217976358e-08
0.0
0.0
0.0
0.0
0.0
0.0
2.63675571194e-11
0.0
0.0207556989598
0.0
0.0
0.0
0.0
1.84366638096e-06
0.0
0.000147713018001
0.0
0.0
7.01574167226e-06
0.0
0.0
0.000979782862734
0.0
0.00366569356389
0.0
3.02484493385e-05
0.0
0.0
1.30194087823e-12
0.0
0.0
0.0
0.0207556989598
0.0
0.0
0.0
0.0
0.0
1.28759060574e-05
0.0
0.0
0.0
0.0
0.0
0.0
0.0
0.0
0.0029867086262
0.000979782862734
0.0
0.0
0.000103931868464
0.0
0.0
0.0
0.0
3.39141797841e-05
0.0
1.64806575751e-06
0.0
0.0
0.0
0.0
0.0
0.0
0.0
0.0
8.01358906773e-07
0.0
0.0
0.0
0.0
0.0
0.0
0.0
0.0
0.0
0.0
0.0
0.0029867086262
0.0
0.0
0.0
0.0
0.0
0.0
5.19032433727e-09
0.0
0.0
0.0
0.0
0.0207556989598
0.0
0.0
0.0
0.00366569356389
1.11233786729e-05
0.0
0.0
0.0
0.0
0.0
0.0
0.0
0.0
0.0
0.0
0.0207556989598
0.00253755493967
0.0
3.02484493385e-05
0.0
0.0
0.0
0.0
0.0
0.0
0.0
0.0
0.0
0.0
0.0
0.0
0.0
0.0
0.0
0.0
5.53457131989e-12
0.0
0.0
0.0
0.0
0.0
0.0
3.02484493385e-05
0.0
0.0
0.00158914136967
0.0
2.06730020048e-07
0.0
0.0
0.0
0.0
0.0
0.0
0.0
0.0
0.0
0.0
0.0
0.0
0.0
0.0
0.0
0.0
1.51697034174e-09
0.0
0.0
0.0
0.0
0.0
0.0
0.0
0.0
0.0
0.00366569356389
0.00253755493967
0.0
0.0
0.0
0.0
0.0
0.0
0.0
0.0
6.96190274201e-05
3.02484493385e-05
0.0
0.0
0.0
0.0
0.0
0.0
0.0
0.000979782862734
8.01564780097e-13
0.0
0.0
0.0
0.0
0.0
0.0207556989598
0.0
0.0
0.0
0.0
0.0
0.0
0.0
0.0
0.0
2.42371316314e-06
0.0
0.0
0.0
0.0
0.0
0.0
0.0
0.0
0.0
0.0
0.0207556989598
0.0
0.0
0.0
0.0
0.000366942145951
0.0
0.0
0.0
0.0
0.0
0.0
0.0
0.0
0.000931435045593
0.00366569356389
0.0
0.0
0.0
0.0
0.0
0.0
0.0
0.0
0.0
0.0
0.0
0.0
0.0
0.0
5.2084749471e-08
0.0
0.0
0.0
0.0
0.0
0.0
4.0660822423e-07
8.28357145585e-05
0.0
0.0
0.0
0.0
0.0
0.000191625697137
0.0
0.0
0.0
0.0
0.0
0.0
0.0
0.000567496855271
0.0
0.0
0.0
0.0
0.0
2.53350302982e-10
0.0
0.0
0.0
3.02484493385e-05
1.32630294164e-06
0.0
0.0
0.0
0.0
0.0
0.0
0.0
0.0
0.0
0.0207556989598
0.0
0.0
0.0
6.96190274201e-05
0.0
0.0