500
1.66096089286e-05
0.000287109457954
0.00012915379606
3.71941967181e-13
7.78189032727e-05
7.51437355041e-07
2.1707159117e-05
9.84903514899e-07
1.34889585225e-19
8.03035938338e-05
4.08678691446e-05
1.90907596662e-13
2.45898333907e-07
0.0359076106989
0.00021922847844
1.62104834444e-06
0.0359076106989
1.54169018603e-08
0.0203419605688
6.51190500926e-06
1.72862497551e-06
5.25341039046e-11
0.0359076106989
0.0359076106989
1.86784619971e-34
0.0
0.0359076106989
6.27731838851e-07
2.1746597318e-06
0.016247860434
8.35644872106e-17
0.000276784292593
1.74425277955e-06
0.0359076106989
1.008525677e-05
0.0014500302145
0.000130966354352
1.86605383803e-06
8.0546561661e-05
8.18548227273e-07
0.000348355483143
1.008525677e-05
0.000410685728099
0.0359076106989
4.95944609765e-15
1.30248331784e-24
3.48051583953e-10
0.0359076106989
0.0218330624581
1.52850281467e-08
3.14312269311e-15
0.000603082844571
1.73461713016e-05
1.98975181607e-11
4.18720352483e-09
0.0184964482619
0.000234859322636
9.56813810018e-08
0.0359076106989
6.78002798007e-06
2.77164721241e-10
0.000101325116236
0.0359076106989
6.41899250917e-10
0.000121005733573
1.29122034909e-05
0.000905852446224
1.56800646943e-06
1.15859917718e-06
0.000991958636194
1.13121035924e-12
7.96823954884e-14
0.016247860434
0.000216880900571
4.81457178882e-05
4.96125692595e-08
0.00026304552529
0.0300318198572
0.00215919114152
0.00364791404217
0.0359076106989
0.00012915379606
2.88770129554e-15
7.63082292513e-06
0.0359076106989
3.70767912206e-07
1.89309658738e-05
1.2342478215e-05
0.0203419605688
0.000348355483143
0.000872489813061
5.58010221818e-10
4.21360338801e-05
1.18989165418e-06
0.0218330624581
2.18991248955e-08
1.05223638455e-16
3.31446300515e-06
4.61570890415e-06
0.000227116535383
0.000115464103245
0.00132571075459
0.00305022853556
0.000565141736106
3.33701429555e-05
7.5743186912e-06
0.00050711893096
0.000410685728099
0.0359076106989
0.0203419605688
0.0300318198572
0.0050399142129
1.74683097411e-06
9.86865158184e-05
1.65175018097e-14
0.0015789318408
4.86518155197e-10
0.0184964482619
0.0184964482619
0.000249792788703
0.000234859322636
0.0359076106989
0.00524171972742
3.26546460922e-21
0.0218330624581
4.32953843451e-05
1.37921044155e-18
0.00026304552529
0.000248816909933
0.0359076106989
5.49570249037e-08
1.60709142311e-05
9.45267426575e-05
0.000144411780325
0.0300318198572
1.78186121323e-09
0.000529433289089
0.000906207937733
2.33884679497e-05
3.07205383762e-07
0.0359076106989
4.3814065232e-05
1.34399613955e-06
4.17527927044e-08
1.49598874031e-06
8.48276055387e-10
4.71553343072e-15
0.00540474625849
1.15208789213e-05
0.00048962483056
0.000363753661526
2.47857569312e-08
0.0359076106989
5.95287954059e-05
2.0289572831e-05
2.10825227528e-05
3.81124605426e-05
6.34361193465e-06
0.000248816909933
5.80508162108e-08
0.000165620080617
0.0359076106989
0.0184964482619
0.0184964482619
1.53372066996e-07
0.0
2.38682416639e-06
1.5948638549e-06
0.0359076106989
2.58001714469e-05
7.89892866316e-12
1.80009490918e-06
8.0847325449e-17
0.00158002363103
0.000416103155305
7.57294527732e-05
7.83561051763e-07
1.52881263097e-08
1.86521096618e-07
0.0300318198572
0.000906207937733
0.00104254270701
0.000234859322636
0.000316316603696
0.0359076106989
0.000203656425513
1.60230559443e-07
9.94294957743e-06
0.0359076106989
5.61633671687e-05
0.000205011395746
4.01530376804e-14
0.0359076106989
0.00305022853556
0.000103193887711
1.67627470804e-07
0.0184964482619
4.63548560767e-06
4.87512047284e-13
0.000249792788703
0.00108301793017
4.20182180894e-05
7.45447167158e-07
0.000991958636194
1.37321735118e-06
8.8746067046e-19
0.0184964482619
5.36777136951e-06
5.32983734603e-12
1.28304359098e-06
3.55817880454e-05
0.000268375660584
7.20670165255e-13
0.0359076106989
0.000906207937733
8.27515260902e-10
0.0218330624581
2.61357004222e-06
0.00124651845404
1.25870182868e-05
0.0184964482619
0.0184964482619
0.000341194664555
6.49679600331e-10
0.0218330624581
3.15331666974e-07
4.86665881598e-05
0.0
7.60641912595e-06
7.61153871894e-08
1.41682239388e-07
0.016247860434
0.0359076106989
6.1277743808e-13
3.81551519482e-10
0.000165620080617
0.0300318198572
0.00048962483056
0.00305022853556
0.000150672497105
0.00299615627375
4.44041649542e-16
1.74097524724e-08
1.39843189493e-07
0.0184964482619
8.00885357244e-05
0.0218330624581
0.0203419605688
0.000141416638588
4.98247339844e-05
0.000249792788703
0.0184964482619
7.58537707618e-10
0.0300318198572
1.49138405839e-06
3.01755448627e-07
0.000341194664555
0.0184964482619
4.81853068575e-07
0.0359076106989
0.00048962483056
7.02136395558e-07
8.48632974922e-11
7.07613374296e-05
1.89151010119e-07
0.000266170767902
0.000194761203093
0.000306006385192
0.0184964482619
0.0359076106989
0.0300318198572
9.61063838204e-05
0.0218330624581
0.0359076106989
0.0359076106989
0.0359076106989
4.446866896e-35
4.97279254992e-05
0.0300318198572
0.000906207937733
6.7296713964e-21
0.0359076106989
0.0359076106989
0.0359076106989
2.24524308042e-11
0.00050711893096
0.000158779986553
3.39762673318e-06
0.0218330624581
2.87241537869e-14
6.34913196645e-11
5.75587948942e-05
7.20300333759e-07
0.0300318198572
1.12286189398e-07
0.0184964482619
3.99956995984e-05
0.00104254270701
0.0218330624581
8.44760134949e-06
0.0359076106989
0.0184964482619
0.0300318198572
0.000642853020225
2.19710294896e-13
2.38859033454e-07
3.97919255097e-12
0.000306006385192
0.000256197593659
0.000240127910289
2.03870960433e-07
0.0359076106989
3.41675108887e-20
6.45309791163e-06
4.29493430042e-05
0.0218330624581
0.000777888681354
0.0359076106989
0.000289838969602
0.016247860434
2.47186295067e-05
0.000390626235206
0.000220001712061
0.00025263012154
0.0359076106989
8.2169824739e-06
0.000118663653534
2.51117845278e-11
0.0359076106989
0.0300318198572
1.1051559112e-20
0.0359076106989
1.23255126986e-05
0.0359076106989
0.0359076106989
0.0359076106989
0.000341819838488
0.0359076106989
2.16438620818e-21
3.65668776608e-05
2.03384594162e-08
0.0184964482619
6.56361842398e-06
1.10348780011e-08
0.000633018063041
5.0417524932e-06
0.0359076106989
0.000424135833167
7.49094009669e-08
1.15610758725e-10
0.00124651845404
9.89849619399e-06
0.00050711893096
0.000872489813061
0.00014973262525
8.14218377351e-05
0.00050711893096
0.0218330624581
0.0359076106989
0.0359076106989
2.98889822136e-10
0.00108301793017
0.000227678497148
2.21447610894e-05
0.0300318198572
0.0300318198572
5.60911854701e-10
0.0203419605688
0.000320939129538
2.94700177631e-10
2.6953750226e-05
1.17273299477e-07
0.0359076106989
0.00122419574928
1.43967448179e-22
0.00646219661341
9.66222902481e-06
9.55282395376e-05
6.38493532076e-05
0.00305022853556
3.11055041985e-08
1.87053854779e-06
0.000339983640107
3.39818142059e-05
0.0359076106989
0.000192407696088
2.85456249684e-18
0.0359076106989
1.22130603937e-07
5.38863579375e-14
0.0
2.46699122446e-05
2.14685442077e-07
1.85280705331e-05
0.00124651845404
1.40370711159e-23
2.84659088621e-17
0.0184964482619
0.0001572850398
0.00122419574928
3.44765567165e-08
4.15766453635e-09
1.41664886321e-06
2.89692852894e-05
0.00186504750173
0.0359076106989
0.0359076106989
1.6739430406e-08
6.39675212785e-11
2.37633597337e-08
0.00309042551745
0.000633018063041
0.000287109457954
2.59080351913e-11
1.27504712387e-15
0.000341819838488
2.39959303352e-09
0.0359076106989
9.93576683996e-08
2.79108587698e-17
0.0184964482619
0.0002120591034
0.0300318198572
0.000364008996242
4.18736629396e-06
0.00309042551745
2.19030345274e-08
4.1438062995e-06
0.0359076106989
0.0218330624581
0.000348355483143
9.33093121862e-18
3.8823238589e-07
0.016247860434
0.0184964482619
0.0300318198572
5.03198063371e-06
6.8600759742e-05
2.49008080204e-09
0.016247860434
0.0184964482619
0.0300318198572
4.53112845543e-05
0.0
1.42611421675e-11
2.81295926804e-09
0.016247860434
5.61753584925e-13
0.000212984815495
0.0359076106989
0.000177358522843
0.000180754002549
0.0359076106989
0.0011181034137
1.71127612763e-09
0.0184964482619
7.87972881984e-05
4.85659614945e-06
1.13082798106e-07
4.21600957277e-05
4.7774856049e-09
0.0300318198572
0.00048962483056
6.52368590384e-05
0.000141133211132
1.57564937048e-10
0.0
4.34977155695e-05
3.19167549462e-19
0.016247860434
1.79039886648e-07
0.0184964482619
1.02814488392e-09
0.000256197593659
0.00104254270701
0.0359076106989
1.61032640448e-07
4.20119816452e-07
0.0002120591034
3.08400573614e-11
0.00040191562019
0.00309042551745
4.08678691446e-05
6.34130176894e-20
7.72401735388e-07
0.000287109457954
4.87109239561e-09
4.32342778682e-06
2.79639677745e-05
3.32993961128e-05
1.28775397475e-05
0.000105326045223
1.2308627844e-19
1.05866752627e-15
0.000348355483143
0.0300318198572
0.00540474625849
0.0300318198572
0.0359076106989
0.00048962483056