500
5.44817254576e-05
0.00597473365351
4.48297072265e-05
0.000279321903182
1.61282075137e-06
1.74612803781e-08
2.38719293943e-06
0.00463139763289
0.00135935117775
4.59679796143e-05
0.0297271146644
0.0242892278355
0.000233943497258
0.00661823360394
0.00566827769995
1.87390633617e-08
0.00475995626358
2.37897281721e-08
1.20653546012e-07
0.000289763397651
0.0313222281342
0.0297271146644
4.35888015837e-13
0.00661823360394
7.00177791271e-18
9.9543086053e-09
2.80956859475e-12
5.52985401763e-09
0.00593133365118
8.8591583285e-06
9.31584705667e-09
0.00611621141767
2.56346860541e-06
0.0313222281342
0.0297271146644
2.9094299639e-05
0.00116595849358
1.06651616583e-07
0.00597242918629
9.15569666682e-06
0.0313222281342
0.00597242918629
0.0297271146644
3.97886837961e-09
0.0313222281342
1.21933349713e-08
0.000977381327736
5.05098009117e-10
0.000877472929708
0.00644439837179
5.4979504437e-08
4.22638546688e-21
0.00129068215269
0.0013185153736
2.03697507362e-08
0.000990763174681
0.000227236698987
5.88244929752e-05
0.0313222281342
5.13840547365e-08
0.0297271146644
4.78668638987e-07
3.76469842871e-05
9.78443576271e-06
0.00463139763289
7.77845895709e-10
4.74056898113e-09
2.44382541865e-18
0.00451755108349
2.20274701007e-15
2.19475564652e-11
0.0297271146644
0.00103522677507
4.04558499516e-09
1.59753934884e-08
0.00140927698039
5.27846297171e-10
0.0049973922559
9.95133124225e-18
0.00666665970348
2.62116392187e-07
8.70307802752e-11
7.30858123548e-09
3.82126081277e-07
3.48204079428e-14
0.0297271146644
0.00593133365118
1.46680934713e-20
0.0297271146644
2.79923224732e-07
0.0242892278355
1.80804642557e-06
0.0299446301376
4.70573562464e-05
0.0297271146644
0.0297271146644
0.00593133365118
0.000266624076697
0.0297271146644
1.40582308608e-05
5.22822820451e-05
0.000194548146381
0.0297271146644
4.27470983172e-05
0.00129012496036
0.000195598642176
0.0299446301376
0.00661823360394
4.54904858419e-05
0.00463139763289
0.00593133365118
0.00139528882111
1.24287789444e-15
0.00611621141767
0.00129012496036
0.0297271146644
0.00593133365118
0.000247083109078
8.95552658801e-10
4.58951163275e-10
5.62277423299e-05
1.29811827675e-05
0.0313222281342
0.000750082248916
2.87187028333e-12
0.0313222281342
0.0313222281342
0.0297271146644
0.00644439837179
0.00597242918629
0.00129068215269
1.30963465618e-18
0.000210764397203
1.22891509346e-08
0.0313222281342
0.000216699494577
0.00611621141767
1.40549605978e-05
7.94704252154e-11
4.2762482293e-05
3.03250555953e-06
7.0965734832e-06
0.0069733583339
6.26670858409e-15
0.00566827769995
0.0297271146644
0.0297271146644
8.91975733033e-10
0.0297271146644
0.000277687601547
0.00105458175891
0.0297271146644
9.45860962868e-08
0.00123624341516
0.0297271146644
3.53311244411e-05
0.00566827769995
0.0242892278355
0.000216699494577
0.0011145301976
4.65991697085e-19
6.76837766697e-08
0.0297271146644
0.000946491894598
0.0297271146644
0.0313222281342
0.0297271146644
0.000216553385243
0.00451755108349
1.79187387486e-17
0.00135993826821
0.0297271146644
0.00566827769995
1.16080007093e-05
1.43110042641e-06
1.72414768115e-06
0.0299446301376
8.4299443726e-14
1.40659092288e-09
0.00451755108349
0.00121257582573
8.8379026112e-08
0.0299446301376
0.0313222281342
0.0313222281342
3.12170878497e-05
0.0297271146644
3.30115664388e-07
0.0313222281342
0.00661823360394
0.00611621141767
3.64433270568e-05
0.00484633359304
0.0313222281342
5.5020492406e-10
0.00540758111541
0.000347893652686
6.40743009148e-05
2.04715365609e-08
0.0049973922559
1.9685682156e-06
5.32324046642e-10
1.91628621989e-17
0.000571909242523
0.00611621141767
0.00566827769995
1.52331916548e-05
6.6711703571e-05
3.1739108333e-25
0.0297271146644
0.0002173326268
0.000216553385243
1.37701498684e-07
1.94891532369e-12
4.51629782014e-05
0.00135206469013
0.0299446301376
3.05501196066e-07
0.00119335515835
7.87184462011e-11
0.0011047357834
0.0297271146644
6.11399061282e-07
0.0297271146644
0.0297271146644
0.0313222281342
0.00131721870992
1.01771627684e-07
0.000189711864733
3.50060851473e-10
8.48816360732e-06
5.7402738432e-10
0.00644439837179
2.55739137868e-08
0.0297271146644
0.00566827769995
0.0297271146644
0.0313222281342
0.000197273930327
0.00451755108349
1.10826419773e-19
3.38524786332e-07
7.12810191375e-09
4.00335151799e-06
0.00129012496036
0.0313222281342
0.0242892278355
1.45042498588e-12
2.62715432824e-09
0.00611621141767
0.00129723547787
1.61624698622e-08
5.42787850195e-07
0.0313222281342
0.00593133365118
0.00369116978773
0.000164006320727
0.0297271146644
0.0297271146644
0.0242892278355
0.0297271146644
0.00136696391103
1.4461988006e-06
0.0242892278355
2.08312223322e-11
7.57392656771e-08
0.001513014329
6.15056679681e-10
1.07093348182e-07
2.19388751555e-07
0.0297271146644
0.0297271146644
0.0242892278355
0.0297271146644
0.0297271146644
9.2662905753e-08
5.67808242e-07
1.17007427204e-10
1.91492015658e-06
0.000286614130068
0.00540758111541
5.4163736068e-07
2.43481087153e-06
1.25382913982e-09
0.00593133365118
0.0313222281342
1.61299198797e-11
0.000204597126925
1.13425029033e-11
3.19305845887e-18
5.31934537205e-07
0.0313222281342
0.00593133365118
0.0297271146644
0.000288649274047
1.47849934245e-20
3.81040217839e-05
3.03424409556e-06
3.95313493773e-09
9.05119950816e-06
8.45427616358e-10
7.30212875211e-06
0.0297271146644
0.0242892278355
0.00147015797737
1.20659599783e-07
0.000217702144242
1.09822887978e-05
1.78191060751e-10
4.55184319963e-19
0.00115910546102
0.0012995648991
0.0013990401016
0.0313222281342
3.26257918014e-09
0.0297271146644
0.0313222281342
6.10310124904e-05
1.21876793714e-05
7.81910762891e-14
0.000918011110613
1.29490458219e-05
0.0313222281342
1.02936492592e-05
0.00661823360394
3.04950297909e-09
7.27761844551e-08
2.12633626727e-08
0.000216603790662
7.50003422772e-06
0.0297271146644
4.00108799974e-05
0.0242892278355
9.03986961346e-06
0.00122144833177
2.25460574505e-09
3.53321883394e-05
4.47288291219e-05
6.87725411126e-05
0.00593133365118
0.0297271146644
1.10966526732e-05
0.0313222281342
1.36047481209e-05
0.0297271146644
1.92317375346e-10
3.87848928811e-05
3.22674288381e-07
0.0297271146644
0.0297271146644
0.000237772046394
0.00451755108349
0.0299446301376
4.51666581543e-05
0.00463139763289
2.22659940355e-09
7.01188270097e-15
0.0297271146644
1.16794452892e-06
1.12022304676e-15
2.34240983795e-06
0.00570975290264
0.0313222281342
2.01149714714e-06
0.000967270243378
3.18154411788e-09
3.26341349112e-07
1.67988703564e-06
1.54528477376e-06
0.0313222281342
1.2576751559e-05
0.00152408516555
0.00135703439109
0.0313222281342
5.62593183339e-05
3.45886479342e-07
0.0297271146644
1.87296130727e-08
1.3941217664e-11
0.00666665970348
4.67227026627e-05
0.0313222281342
0.00593133365118
1.82327458548e-10
1.23144014473e-08
1.23148279822e-10
0.0297271146644
0.000286614130068
0.0297271146644
5.02240358308e-07
0.000234184716031
0.000945753257503
0.00566827769995
2.45429084254e-06
0.0297271146644
5.6777887829e-06
0.00661823360394
0.0297271146644
0.0297271146644
0.000234762992442
1.17535999041e-05
3.98945062401e-07
0.0313222281342
0.00540758111541
0.00484633359304
3.33398281983e-09
0.0297271146644
0.0297271146644
0.000200233425528
0.0297271146644
0.000216510403175
9.16126379902e-06
0.00566827769995
0.0011064343366
0.00616096418414
4.76858459123e-05
1.24568659602e-05
4.42705455795e-07
1.57574735085e-08
0.0049973922559
0.000877472929708
0.0297271146644
9.75087694476e-06
0.00092455684301
1.64462714625e-06
4.38122843759e-09
0.0011047357834
0.0242892278355
0.00644439837179
6.01731791932e-10
0.0242892278355
1.30824480367e-12
0.000221621788361
0.000203901590027
0.000256143318871
0.0299446301376
0.00666665970348
5.48190726194e-05
0.0313222281342
2.59495335827e-06
4.14161178387e-16
0.0297271146644
0.0297271146644
7.86520561868e-06
7.53203427959e-08
0.0297271146644
0.0297271146644
9.18872294269e-06
0.0299446301376
7.55832430085e-06
1.73777154801e-08
2.39046988806e-06
2.19707620576e-07
9.08519788277e-06
7.15174006208e-13
5.94988524065e-17
4.0229994363e-07
0.0297271146644
2.32012550654e-09
0.0297271146644
0.00624960033491
6.46428129952e-05
0.0297271146644
0.000142626117464
1.56691948189e-07
0.00593133365118
0.00102378874074
9.59862460025e-07
0.00484633359304
9.68859335896e-12
0.0049973922559
0.00142985087062
8.47678803379e-06
0.0313222281342
0.0313222281342
2.89027698463e-08
2.03330594294e-07
5.69143527089e-05
0.00597242918629
7.55396466026e-08
3.95393091295e-10
0.0297271146644
8.73812662813e-06
0.000264982881498
0.000143647509615
0.00125136875735
0.00125013812747
4.32483372527e-05
0.00593133365118
4.70602328449e-07
0.0297271146644
8.41477200639e-08
0.00125013812747
2.88747924028e-06
0.00611621141767
2.00429230003e-12
8.10568652466e-06
2.91674870341e-08
0.00566827769995
4.68540471091e-05