500
4.72521945255e-07
3.54540305704e-06
0.00716353347882
4.4858629386e-31
7.21343036353e-06
8.18983691906e-11
1.10074931353e-09
1.87790417046e-11
0.00679455758282
0.0121735823359
1.38885923856e-07
4.21633377869e-18
0.00072383447906
2.50416542822e-23
1.47554904672e-06
0.00019024114835
1.28350308632e-05
7.03680851748e-10
0.00156116202279
0.00679455758282
6.48989122136e-37
1.54013508632e-08
3.05827427729e-06
5.37536567627e-06
0.000844951875458
4.68348673819e-20
0.00118656159698
0.00716353347882
0.000598002967662
0.00985210849508
0.0114941265776
0.00157012215084
0.00679455758282
9.97371623179e-31
3.06225825689e-09
0.00985210849508
5.52013955838e-19
1.46110696443e-12
8.45227292041e-09
3.45434640885e-54
0.017566229922
0.0138156004184
4.72155874365e-09
1.08992343726e-08
4.1723138902e-12
8.666926549e-08
0.00679455758282
0.0114941265776
2.34236895904e-13
4.90141455704e-08
2.18271965629e-21
7.50287918878e-07
6.58335285906e-38
0.00679455758282
3.61557178029e-13
2.94997217472e-05
0.00985210849508
0.00985210849508
3.96790719352e-17
2.00758372726e-05
4.55926398635e-06
2.42388694271e-13
0.00259252727232
8.6302893285e-15
0.0121735823359
7.78139380284e-15
1.64103855195e-07
0.00118656159698
6.80309562012e-10
1.11539973299e-06
0.00679455758282
0.00679455758282
1.74495367123e-19
0.000670850773485
3.61425513994e-08
4.82188679557e-06
9.4469228749e-06
5.8186901561e-10
6.53841101442e-18
4.07768318314e-11
4.00471217397e-12
0.00985210849508
0.00679455758282
0.00679455758282
4.1149877205e-37
2.02758650882e-05
0.00679455758282
4.82026898952e-06
0.00156116202279
1.14266649591e-06
2.2335282784e-05
0.00985210849508
2.4002060744e-09
2.15546500418e-06
1.72659466804e-08
0.00679455758282
0.00716353347882
0.00679455758282
2.81892954954e-10
1.13483780038e-06
1.01059368413e-11
6.45471140678e-06
0.0114941265776
0.0201005661825
0.0114941265776
9.06167090816e-07
7.94137055417e-22
7.12868014055e-11
0.00204770713169
3.09869312839e-26
0.00985210849508
0.00679455758282
6.28537511058e-21
0.0114941265776
2.56577552807e-42
0.0138156004184
0.00985210849508
1.12328944729e-17
0.001076663464
7.92914438137e-07
7.68411750608e-12
5.67544019139e-26
1.76184911022e-08
0.0114941265776
0.00985210849508
5.50881288257e-08
9.19635601544e-13
4.25997669667e-06
0.00985210849508
1.48580588987e-14
0.00679455758282
1.34705754838e-11
0.00026083870387
0.0114941265776
4.865142489e-09
0.0114941265776
0.0114941265776
5.35430507388e-07
5.0052649717e-05
0.0201005661825
5.12377869041e-10
3.19237980222e-17
0.00182135569326
0.00679455758282
0.00679455758282
5.40271629424e-09
1.07734346626e-13
0.0201005661825
6.23464883529e-21
2.81786657228e-06
0.017566229922
4.01012852651e-09
0.00985210849508
1.26358489083e-05
0.017566229922
0.0114941265776
5.46972031685e-06
1.39375292126e-06
8.65349673085e-09
0.00679455758282
1.42441179693e-05
2.20032225673e-17
1.73912969204e-26
0.00985210849508
0.00148248742615
5.9787146824e-08
4.05727483224e-06
0.00679455758282
0.00679455758282
0.0201005661825
2.66970938593e-08
5.57776890446e-18
2.7547972816e-05
1.02499904234e-12
8.35469917193e-13
7.29741846009e-10
1.41196532927e-07
1.03371412287e-11
5.87668681819e-14
2.0429370558e-05
1.52471920165e-08
0.00985210849508
4.50296692055e-13
1.18124954634e-05
4.64004619478e-23
3.94159869207e-06
0.000530372031202
0.0138156004184
0.0114941265776
1.61496708745e-06
0.017566229922
2.19524669239e-11
1.14829503538e-17
0.0114941265776
5.07211053041e-08
9.48732083551e-05
1.70230828279e-06
5.79514231829e-22
0.00318512941432
4.98320729904e-06
3.49628074538e-06
5.55671723166e-10
3.64365024699e-10
5.80212118942e-09
0.00679455758282
4.62944780505e-12
0.00679455758282
2.9721289283e-08
0.00679455758282
1.48887470032e-12
0.00985210849508
2.04972063706e-09
7.43805066271e-06
1.78161209682e-30
2.81714735544e-18
3.99867084336e-16
0.0114941265776
2.92585953854e-12
1.78002006411e-18
0.00985210849508
7.27299270132e-15
1.22940463688e-06
8.64031735034e-07
9.32277063499e-09
0.0114941265776
1.02887836535e-06
9.63922268378e-08
7.20982498934e-07
9.97717477524e-05
0.017566229922
7.04821561203e-13
0.017566229922
7.42697052132e-10
4.81923472684e-06
0.000222951526373
2.26479824303e-12
0.0114941265776
4.69326374694e-25
0.000110355854796
2.23423432987e-22
2.84687702302e-20
1.26096038865e-08
0.00985210849508
8.46039564841e-24
1.09492672788e-08
0.0121735823359
2.04899891017e-09
5.2319485426e-05
6.10050337741e-05
0.00035233787099
4.39687723904e-06
5.07016515009e-06
1.04787353308e-05
1.52064941482e-10
0.0138156004184
3.88797598052e-18
4.0202241671e-14
0.0114941265776
1.99272223087e-15
0.00679455758282
0.00985210849508
0.00679455758282
3.0642744535e-09
1.19089926771e-13
3.24565202823e-10
0.00679455758282
6.0327065434e-18
2.76891288312e-06
1.4818491863e-19
2.47045476046e-05
0.00716353347882
1.7465049146e-11
9.79569393269e-12
1.91299087373e-06
0.0114941265776
6.5442205004e-25
0.00104778265992
0.000156725597753
0.00411124530089
2.48125906688e-05
0.000205165398709
0.00156116202279
3.40757930397e-09
6.8826094486e-08
0.00249585526957
5.08890379798e-06
0.00411124530089
8.54467664351e-08
0.00679455758282
3.06337286574e-17
2.64576752708e-39
1.24170403088e-18
1.61678086069e-14
0.000197394273786
4.93554982969e-21
6.25868834033e-08
6.3039944119e-13
3.58781655475e-10
6.6957819075e-07
0.0114941265776
1.03251152606e-21
1.00816193862e-07
2.30011051976e-18
3.79337516354e-06
0.00411124530089
1.4929955806e-20
1.95646598401e-18
4.67050869023e-11
0.0114941265776
6.0496609765e-33
9.62798962876e-06
1.46358104799e-17
0.00985210849508
4.39185251432e-17
0.00985210849508
0.0114941265776
0.00679455758282
1.92281883207e-10
0.00134698108799
5.33482194217e-05
2.39861160694e-17
2.10988564398e-13
7.44652469873e-13
0.000876347246983
1.75505150336e-11
0.00679455758282
1.92676194043e-08
0.0138156004184
2.46076508771e-07
3.5248632199e-09
6.67196520988e-08
7.48635252582e-16
0.00679455758282
2.40157645772e-07
0.00985210849508
0.000619378912268
5.60826847419e-05
0.00127070350813
0.00679455758282
2.20615971643e-05
0.0114941265776
0.0140779005758
0.0114941265776
0.00411124530089
1.6106638781e-07
1.02740793208e-12
1.01551996659e-14
3.98934918362e-21
9.1012744508e-11
6.04783340366e-06
0.000295158087101
5.99195772649e-23
4.59743635777e-05
1.19200755311e-13
2.74484905212e-32
4.13284206566e-19
5.94195969295e-13
0.0201005661825
0.00679455758282
0.0138156004184
0.000818318342743
7.83887348527e-20
1.18937191576e-11
7.0260805507e-07
1.2502099163e-14
1.54775826173e-07
0.00118656159698
2.41692659116e-07
1.97124089762e-08
0.017566229922
0.0121735823359
0.00985210849508
2.65283749619e-14
9.23738968549e-06
0.00985210849508
3.29935103077e-07
0.000118634164843
4.58347425352e-22
0.00192902203966
1.30679320467e-05
0.0140779005758
0.000219776125584
3.7239102682e-12
6.80491996539e-14
0.00985210849508
2.49545380371e-11
6.01569859664e-06
4.44844858121e-34
1.52570108704e-10
0.0114941265776
2.89375788009e-06
4.63858153652e-08
1.82915794107e-07
1.15377188034e-08
4.86891857964e-11
7.16035682366e-07
3.10241561777e-06
2.09465604818e-09
8.18457916828e-06
1.76616175332e-32
2.97576127725e-13
2.49214861173e-16
7.25718261622e-21
9.28341377087e-09
0.00679455758282
4.09308479606e-09
0.000357183713701
9.8725337811e-14
0.00242085843061
0.0114941265776
5.18853327889e-11
0.000180910113972
1.57563792578e-10
0.00985210849508
1.34563774191e-12
2.15932897989e-41
1.04763068271e-07
0.0114941265776
4.18128589852e-16
0.00985210849508
8.03505260565e-22
4.63175405924e-15
0.00985210849508
9.89659029829e-14
8.16595771259e-11
1.04241004013e-08
7.40326473478e-13
5.3948349314e-25
0.00127070350813
0.00411124530089
5.60005508385e-06
0.0138156004184
2.81631358362e-13
0.00411124530089
0.0114941265776
0.00985210849508
0.000116898518536
7.27918054759e-17
0.0114941265776
0.00985210849508
6.19971233601e-12
0.00104955999464
6.77734611722e-08
2.78775141226e-17
5.68038556473e-10
3.092938613e-18
1.95265409971e-41
1.57007792043e-17
6.28814045593e-17
2.44636826867e-09
2.54056626981e-12
7.95427079231e-06
5.39769645237e-06
0.00679455758282
1.71640342975e-05
0.000844951875458
6.93376911197e-09
0.00127070350813
8.77992396383e-07
0.00679455758282
1.5109437119e-26
1.28955733351e-08
0.0121735823359
2.91850602422e-13
0.00679455758282
0.00679455758282
0.00679455758282
2.45373330296e-16
1.74145306523e-08
0.00679455758282
0.0201005661825
8.95785286912e-16
0.0138156004184
6.81882317039e-09
5.16110721057e-09
6.13083781331e-08
0.0114941265776
2.24595728352e-14
0.00679455758282
2.98467485019e-06
0.00985210849508
1.16218666591e-31
2.61337256892e-22
8.30644113153e-23
1.89070483125e-05
9.92905382333e-10
4.4489501608e-14
1.14061477822e-08
1.32696611411e-20
0.00411124530089
3.69915681957e-05
5.06086287505e-06
0.000117419168887
1.86675577137e-22
2.46731302521e-06
0.00679455758282
1.58835791492e-27
4.82390643704e-06
5.24594686526e-06
2.07186692808e-11