500
1.32175215734e-05
1.92933108072e-16
5.09717222036e-17
2.01120049825e-30
0.00999384484931
8.12963065282e-08
3.13867525903e-31
4.995259553e-13
1.09845649443e-08
1.07448931375e-10
7.57760694746e-08
7.40553130942e-11
1.22449473172e-06
5.52618707108e-05
1.43840478323e-32
0.00037889023963
1.56252886981e-20
0.00107746613433
1.92347744055e-32
0.00999384484931
4.4937484099e-23
4.67643477415e-12
2.95765643807e-19
0.00999384484931
3.67582016863e-24
1.51311331889e-06
8.09625990343e-14
1.23580878685e-30
1.59473574954e-13
0.000127414366053
2.36553816001e-20
1.54545413758e-48
4.9704859661e-14
6.54196248838e-16
0.00862192622951
0.000761024255648
0.012939529641
1.36361672165e-53
6.89780969361e-77
0.00999384484931
1.38957796086e-30
6.05562151238e-42
4.42344456225e-18
1.93536115954e-53
4.3143190018e-74
5.78114585699e-17
1.19088937869e-09
3.17716636871e-06
8.980347424e-10
1.19452450213e-42
7.18330237794e-14
2.51223818039e-05
5.74820897153e-24
3.41558157883e-20
8.88570997363e-32
2.4698683432e-11
2.12296518409e-10
6.13144498761e-05
0.012939529641
1.15501302412e-27
1.1005980699e-10
7.86391651821e-19
3.49685434215e-23
7.20361452409e-24
0.012939529641
0.012939529641
3.99241020174e-22
2.47752982342e-37
8.10024588759e-05
3.18196535515e-26
7.37206429761e-18
1.26084675194e-133
3.11402153721e-12
7.5367979047e-22
1.18300897813e-66
8.20422066749e-06
7.41947921372e-06
5.96272383905e-26
2.0297776972e-13
0.00999384484931
1.06483013489e-66
0.000434471103055
0.00999384484931
5.96680716611e-28
3.09173711471e-12
1.25611287088e-05
2.76846421874e-26
4.59755365251e-38
7.00087129961e-17
6.33107428246e-09
8.9036658347e-29
2.0653478687e-14
0.00862192622951
4.79814195356e-17
1.29648601948e-05
0.00242590947605
0.000274249854054
1.01600206186e-05
0.00999384484931
0.0136156961803
5.18277664504e-08
2.86630430904e-07
1.02543176667e-09
1.60739029078e-17
3.41779063645e-42
4.2865542629e-33
3.26068602853e-09
2.61023727251e-24
0.00862192622951
5.02799675989e-25
4.25949682647e-18
1.42217656249e-06
0.012939529641
0.0
3.64371578006e-13
3.47678891999e-47
3.90060447204e-23
5.80997320196e-58
1.9900670958e-31
0.012939529641
0.00999384484931
6.48416298353e-23
1.22292687675e-06
3.48208768402e-47
8.62117797628e-05
4.75834715978e-09
1.46675515763e-15
5.51734194081e-13
0.0136156961803
3.66536970134e-10
1.96093435499e-08
0.000121183328059
0.00999384484931
0.00211518363966
2.28753492489e-05
2.601029531e-70
1.63830575399e-10
2.72680234089e-20
1.13216020834e-09
5.5037855337e-75
4.6265488165e-27
8.71086664515e-42
3.14692684212e-07
1.19805137105e-05
4.76570871495e-50
2.3966560691e-62
1.07363532537e-05
5.07022107652e-21
5.49970159138e-24
7.7746136844e-16
2.35961074338e-86
0.000761024255648
5.22402048196e-09
2.09442886331e-07
4.20744295539e-24
1.783202838e-14
6.18177711723e-22
2.24986343008e-11
8.63894700912e-28
6.60332433404e-20
0.0136156961803
5.63199131894e-39
9.28304564796e-11
4.11941298044e-08
3.20388543339e-26
1.73352178393e-66
3.96825862774e-19
0.0136156961803
1.83193409503e-05
3.18538364153e-05
1.23422608339e-18
6.3282019625e-12
1.86461106517e-97
3.30992626522e-21
3.16096370128e-68
4.546175816e-49
2.31003003563e-09
3.98428993496e-70
2.05782724142e-11
4.85093044669e-38
1.13651640945e-10
3.39126296235e-35
6.06168842364e-09
1.01282306948e-20
1.48878429125e-11
4.69547084311e-29
1.52118990328e-19
1.97804232499e-32
1.27553422367e-24
1.09503194385e-21
2.45293336358e-57
8.43115880162e-13
1.31349567929e-19
6.04697293788e-36
3.35985675853e-07
5.79605154432e-16
0.00146794869751
7.07736921865e-16
1.0192245398e-08
2.98758414893e-17
6.92639743562e-19
0.012939529641
6.35799895633e-15
2.04868609093e-61
7.6216737699e-28
1.75156382185e-13
1.79440111809e-15
9.77363970895e-34
1.14237183146e-24
1.5406059019e-26
7.57353011353e-14
8.94854285284e-51
1.46403246437e-63
7.43393437312e-11
4.58334589719e-15
3.18597418545e-35
1.06172173255e-06
0.00999384484931
6.57681152235e-22
3.25375307341e-15
4.75017213774e-63
0.00262769196469
4.6256717283e-22
0.000761024255648
2.6911416464e-14
0.0136156961803
2.67781774406e-08
7.88494867364e-41
3.91402405462e-10
6.17862793725e-06
2.27659167637e-23
0.00107746613433
0.00146794869751
1.03546345797e-18
8.93118613925e-06
1.50257061245e-24
1.20459218827e-15
1.8404360389e-06
0.00999384484931
4.80825267728e-06
1.45631966175e-19
1.25892525135e-17
8.3527106775e-05
1.14463971316e-08
2.05782997241e-05
2.66277097709e-16
2.03881135728e-08
0.0
1.01627563434e-44
3.07090479141e-46
6.92104424191e-19
0.012939529641
4.31616443631e-50
1.65403469866e-20
3.49570413247e-15
8.10024588759e-05
0.00999384484931
5.34208400399e-05
5.13358367017e-74
8.30615469671e-07
3.48083844829e-32
0.00262769196469
3.30390236546e-06
2.9060973027e-08
1.12455758656e-06
0.000233195940513
1.11009008359e-20
2.5988886125e-26
4.34755628001e-20
2.52270066015e-38
3.40986242618e-11
3.54026730679e-39
2.6011339871e-75
2.17466511859e-25
6.17789781814e-08
4.39284018445e-07
1.47230432973e-22
1.16489882503e-08
4.33979279594e-05
4.54084909975e-24
2.77536769281e-21
0.012939529641
1.35200996674e-39
3.48322574179e-08
4.26332749579e-27
4.00116504017e-09
2.81917373017e-05
8.01647341306e-11
3.80877093828e-59
2.67144525715e-42
0.000180364126438
4.15776355036e-54
3.97171828213e-05
2.00445951113e-14
1.7671017675e-32
1.84490239294e-05
4.00676437685e-54
1.39816805828e-19
1.60178581631e-08
1.71044034242e-75
5.632064907e-16
1.00475393704e-15
1.66024673416e-17
2.66247525107e-08
1.76611119497e-20
1.15911048868e-10
0.000233195940513
0.00139504917203
6.65895758365e-11
1.55744402909e-19
4.37334099469e-59
8.90011038275e-06
0.012939529641
2.28915191606e-10
8.92666954925e-17
6.08306741554e-21
1.19805137105e-05
4.88843117478e-10
3.02294985685e-77
1.14325942453e-43
2.38625142187e-38
0.000341412505092
1.24435276871e-16
6.43038076134e-19
0.00139504917203
4.20025050799e-20
5.15328213585e-91
8.351609985e-09
8.0343859306e-30
1.33062461718e-36
1.9511170916e-22
3.42039872153e-07
0.012939529641
1.47782469712e-19
4.21809328852e-29
0.0136156961803
1.33863892388e-08
0.00999384484931
0.0136156961803
5.22835867593e-16
5.9861261357e-10
1.04240430852e-06
3.07150737622e-41
0.00999384484931
3.85787485194e-31
1.00065011943e-17
3.57766256931e-46
4.24135603641e-14
7.29373984366e-40
1.12486841559e-08
1.82920506095e-10
3.15844769752e-16
5.48984922736e-08
3.22165989192e-49
1.81178483244e-14
1.84490239294e-05
5.14633334363e-09
0.0
1.53854620362e-19
8.64591037642e-14
0.00242590947605
0.0136156961803
7.44737942796e-17
5.61024990677e-17
4.79781992086e-36
1.81711745265e-34
0.012939529641
3.45193688845e-30
3.23843546625e-16
0.000301930421167
0.00107746613433
1.73056417317e-07
4.03095107252e-12
1.53126791496e-06
8.72459164957e-09
0.00262769196469
0.00139504917203
1.02908191337e-15
3.21709989601e-16
2.42028210804e-23
6.00474749594e-55
7.48764019741e-36
8.4638208866e-13
0.012939529641
9.01995629295e-89
6.01266036522e-07
0.012939529641
3.10807722898e-15
3.01070476687e-05
2.00207380004e-15
0.0136156961803
1.99271520966e-05
0.00999384484931
4.16475759146e-16
1.41445951805e-13
1.54713452047e-16
3.35299543097e-27
4.06253255757e-22
4.0715397895e-51
9.10067110653e-12
1.03972686146e-05
1.03810261161e-11
0.000761024255648
0.00111303571291
7.57356043629e-28
4.68242596916e-13
5.87496952698e-25
0.012939529641
3.33138737525e-11
1.35912009995e-36
5.22633549351e-05
4.27016737431e-08
2.60139393032e-14
5.82520125236e-10
0.000119903024057
2.90757066924e-12
1.8550775985e-10
3.68815658672e-39
1.20988702067e-42
4.12427515827e-05
2.40974611804e-43
0.0136156961803
1.59914370629e-09
6.63828342393e-15
1.61719656675e-15
1.31599000136e-11
3.71995270646e-48
5.61568871223e-47
2.27140002807e-13
2.11452975826e-27
7.63036886889e-11
0.012939529641
7.55167322726e-08
2.04946087905e-10
5.60059947988e-31
7.32899479588e-44
4.73349644734e-10
0.0136156961803
4.55377632843e-30
5.27420041793e-26
1.01916859715e-05
8.52353138412e-05
0.00262769196469
1.97717985137e-21
1.45807595546e-18
0.000127414366053
0.012939529641
4.0189070844e-15
1.424166535e-07
5.22848722371e-05
1.28395742984e-38
8.93118613925e-06
0.00186112344043
1.04088710305e-06
2.82862676367e-30
0.00819375436498
0.00262769196469
2.26467740844e-18
5.55457138882e-21
3.61395451515e-45
2.33768615674e-11
0.000120498531209
4.562285663e-28
7.16855094646e-08
0.000157985522349
0.000162189807756
0.0
3.34227275148e-56
1.44480310511e-15
2.84003443427e-22
1.82969614584e-13
2.81917373017e-05
1.39307660901e-05
1.22106808931e-05
1.41332394162e-25
2.51286203434e-11
0.00165241468703
1.38281876632e-20
3.64064590176e-15
2.41341526967e-21
0.012939529641
7.74634374232e-27
4.04781684266e-07
1.01574538165e-29
1.41333513035e-13
1.22443741258e-65
3.42039872153e-07
6.44433472021e-08
5.22633549351e-05
4.44691016025e-10
2.34538053696e-18
2.10901923454e-49
7.3022643703e-16
1.1865424381e-06
1.22449473172e-06
0.00819375436498
0.000301930421167
2.55571908706e-37
0.00107746613433
8.44793091697e-21