500
2.47372633475e-10
2.33687448455e-28
1.7641598472e-12
1.23349060698e-26
4.59608383605e-08
2.07281718421e-26
5.18524443432e-25
9.62101796287e-09
3.78875444631e-47
2.03239971043e-09
1.83326419752e-05
1.27337714602e-12
7.15181417609e-11
0.00167920378815
0.000524083748552
9.12081814944e-08
2.26656828252e-09
3.23279979876e-21
4.11497912778e-22
0.000136425443071
2.79482368163e-07
3.99009027843e-16
2.64804713722e-05
1.22347610181e-35
1.67498200029e-06
5.13195660946e-23
8.75852434379e-20
6.33159871934e-62
5.29456861276e-13
1.56588386052e-16
1.85760964212e-10
2.15814439526e-15
0.00253488986427
1.79340177066e-17
4.68565751654e-07
6.30615382044e-16
1.42138866325e-20
1.74863323436e-37
8.22601290844e-05
1.75562159137e-24
0.000382270423336
8.09032854405e-07
2.11762264181e-17
8.36065758873e-05
3.0379222922e-15
1.59767037435e-11
2.0772498624e-23
5.7460243783e-19
1.65947291723e-08
1.49835255607e-05
1.9942989775e-07
1.18761513204e-25
1.39593661277e-18
6.46588900433e-11
5.62913346673e-24
4.14733290224e-05
1.11348040085e-13
1.54095551228e-80
2.04048809381e-31
0.00525754934811
8.54757367855e-11
0.00018313566213
3.4623734185e-16
0.00024852208525
5.73421662761e-52
4.16529395436e-06
9.61912122539e-10
2.66304299337e-13
0.000410701954774
2.02466266047e-12
5.99339117716e-31
0.00194149637263
9.64232252647e-25
3.88383279767e-61
1.60401327383e-09
2.05256136682e-22
2.68553151007e-43
1.48416521792e-88
2.89150026426e-06
9.84055423385e-09
0.000387268117217
3.41911752555e-32
1.23422655993e-34
1.6779839839e-35
9.79537925085e-06
8.13434693665e-13
2.24943910373e-64
4.19266842076e-15
5.35023761981e-05
1.60770275146e-06
9.12634395738e-24
2.33819171992e-05
2.31106445583e-14
3.79951615518e-22
2.69037008512e-09
3.22830248035e-16
1.4120260644e-15
2.25305328263e-07
3.25783851857e-61
7.18582630956e-19
3.44124600134e-14
0.000382270423336
2.81581664899e-11
3.83974517746e-17
1.00799514026e-14
3.05391202207e-29
5.79282840406e-05
1.10510617999e-35
1.34905495046e-38
5.28745550957e-17
2.01664338451e-19
0.000692021746204
4.40267452725e-20
3.81643683295e-16
4.7179687691e-24
2.52869256176e-19
6.57885031047e-11
3.03994536725e-10
9.75108636164e-58
7.6358482331e-16
1.62253635403e-21
0.0
8.21537573106e-20
5.90762812195e-09
4.85189136598e-25
4.3348670931e-11
1.34629431001e-10
2.79993699972e-55
3.92679895074e-52
0.00147295257459
1.50434422555e-38
9.79903341059e-07
0.00010665280598
1.20471635981e-06
5.96557156251e-19
1.06269678518e-60
6.11141814916e-32
7.92462201744e-21
0.000200162675886
4.73529064196e-11
3.49805607426e-26
1.44456530731e-15
1.79509763192e-20
3.36287406622e-09
1.68279382869e-08
4.18477623333e-20
1.80163264584e-52
2.02369105511e-14
2.10818967813e-33
3.15956709033e-26
7.61378319767e-18
3.01434778812e-09
1.01465693525e-41
3.36896276185e-24
1.63410862339e-11
1.8032556986e-05
0.000157573348853
5.66551366573e-08
1.30436205159e-35
2.7229831724e-30
1.02969642213e-07
1.11887146728e-12
9.04527997676e-16
3.99900946974e-36
1.67099181387e-19
0.00064130164579
3.45474860268e-07
7.84630836245e-08
2.23969777375e-40
4.91917132772e-15
2.96528702509e-24
9.86880419592e-30
0.00020716590684
3.41303898923e-08
4.02299511911e-08
6.28275940665e-21
1.51367863606e-85
1.95833212586e-11
2.4691141237e-49
4.67980067672e-11
6.91495171732e-05
4.37399365681e-15
2.07377798347e-21
1.1569547063e-28
1.36348277174e-29
2.39824207169e-05
8.10152798939e-13
1.91264546054e-66
2.38498486076e-09
8.51088050248e-48
2.44495136819e-15
0.0
2.72044410302e-05
2.73414143918e-39
5.98752677922e-31
2.61460159045e-09
1.90573786909e-18
4.02399267719e-23
0.00525754934811
3.33563591236e-11
0.000263638892761
3.79307709396e-15
5.16307489491e-12
4.11568374493e-34
3.2149572447e-21
6.91716728681e-17
8.60398557837e-13
4.3667814896e-09
4.62457784567e-19
1.568110343e-18
3.82326134704e-15
2.9541884725e-31
3.87207931813e-35
6.69426621606e-08
7.39523382077e-29
1.28752661048e-07
1.36200317287e-22
5.4060231815e-18
2.49114534028e-05
4.1889709261e-16
4.16694190859e-32
0.0
1.23710434008e-35
0.00102791641775
5.43903635267e-19
4.45679343108e-23
1.93706603949e-25
0.000127635260657
1.82735066093e-13
5.90849148032e-26
5.58978453132e-05
7.46522064666e-38
2.60961385305e-15
1.11580626669e-06
9.26175630224e-11
7.52886051524e-17
4.91713217479e-08
1.37409667095e-39
0.00525754934811
1.41694119235e-07
0.000410701954774
0.00746598421503
0.0131326125221
5.18456545705e-06
3.3673643781e-09
6.9674455471e-65
1.09003472594e-05
0.000127498707038
3.5046623517e-06
1.41462414723e-57
0.000250017131184
4.87947208253e-76
1.61815881158e-33
1.30367245773e-08
1.53064556257e-14
7.16761118707e-10
3.78746534837e-15
7.14939007053e-05
3.69322834293e-05
1.60758147577e-10
9.65874492179e-11
1.1027660584e-11
4.03434239369e-12
4.84085058864e-20
1.36182768249e-22
3.07106666057e-05
4.39386862683e-07
3.94778515387e-40
2.05943004264e-59
3.59192149217e-42
4.48739042942e-12
1.30991470376e-13
0.00020716590684
1.86475616654e-57
2.28500843664e-36
9.58946179282e-07
9.35340094964e-09
6.91322800347e-23
1.47053708977e-24
0.0131326125221
9.99659193974e-39
8.20776831006e-08
2.88655737522e-22
1.54087501473e-07
8.48257302961e-10
3.76301330908e-07
4.64728954258e-22
1.35899381365e-05
1.18197226289e-10
1.05128077521e-15
6.72451916141e-07
0.000194095385638
4.37830908198e-38
0.000297945362163
1.00278613304e-19
6.90866120557e-12
1.11119246063e-05
7.70612312775e-12
5.69642618444e-21
3.13780046559e-13
9.10273665357e-63
1.06777809628e-15
1.87099351217e-05
3.27322647657e-08
2.40565827373e-11
2.85509164834e-18
2.23466832488e-14
2.56576691391e-15
5.21439264002e-12
0.0131326125221
1.09813328847e-09
1.85320498951e-07
0.00525754934811
1.53284978969e-10
1.65597076257e-73
2.77689984609e-32
3.22062265321e-08
1.8850988525e-62
1.0010494927e-07
3.76806285157e-75
1.50028947882e-14
1.01238950609e-26
6.36980726916e-17
7.37017536249e-05
2.92993046486e-16
1.71675748245e-22
1.62100640063e-06
0.000137691545657
4.66143269672e-29
0.000224269308423
2.81585352926e-22
0.00746598421503
3.93010251427e-20
4.35854474704e-71
2.01413341296e-12
1.31076931563e-22
4.55990527449e-36
2.42791083277e-12
1.38884926773e-14
2.2330801332e-06
0.000231606475707
3.02313140044e-82
4.33058516347e-21
1.12438793994e-06
1.28773900441e-08
3.46979905363e-13
3.30887012617e-06
7.68992360839e-06
3.80324558657e-16
4.66083414832e-40
3.23604450784e-18
3.70304896898e-28
7.4626232383e-21
6.45396296922e-27
9.32293927741e-07
2.69156061917e-08
2.04760049055e-30
4.63770252772e-31
1.91432575302e-24
2.33049276968e-12
3.99623379925e-40
1.26808579114e-16
0.000692021746204
1.60545753083e-14
4.19602815227e-35
0.00397469663246
2.51791775271e-08
2.92629869865e-36
4.23555873784e-48
1.06764587232e-06
0.000801059308995
4.5300558816e-43
2.74913043526e-47
0.000158903226481
4.35168982871e-29
7.00826823502e-37
9.1096972523e-11
0.000410701954774
0.000692021746204
2.89589107213e-44
4.21366500511e-10
1.51593848411e-11
1.80354266729e-50
1.72356327257e-05
3.24842615532e-14
7.54042333872e-23
2.06492646087e-10
0.0131326125221
0.0131326125221
6.27963988538e-33
5.05725601637e-05
7.68649686282e-12
3.70650814218e-34
5.98196051284e-05
1.03698337892e-22
0.00026670552292
8.17577834267e-18
2.19484528229e-25
0.0131326125221
2.65246355428e-09
0.00341507815185
1.62245222108e-12
2.69664822194e-21
1.11543007006e-46
7.58960816185e-14
1.47411780114e-06
4.3373330143e-21
3.23991088245e-09
1.24848032121e-07
9.50144779852e-23
2.42521548717e-15
1.52658191905e-08
7.77473990248e-13
8.80366427928e-15
1.6798715759e-15
1.45774803491e-42
4.74726017057e-05
3.34578095605e-26
1.17739307189e-07
1.1895863956e-20
6.41666747871e-05
9.64028345095e-11
0.0131326125221
0.00525754934811
1.75669469753e-46
8.00447263568e-20
7.78599854641e-14
1.90658642256e-10
6.95816062601e-08
2.32172188385e-31
2.49384959462e-05
5.3940928756e-07
4.23221664883e-07
7.89858764186e-29
0.00525754934811
5.25977263404e-05
4.24630584992e-05
7.03700318245e-14
2.28455227364e-30
2.7451116588e-18
1.55416404914e-32
2.68812723355e-05
2.16550301645e-19
2.03731328837e-14
1.52441157722e-68
1.23821185008e-11
1.87763136926e-17
6.94401721282e-16
1.83739908051e-14
2.36591151049e-14
2.34543089365e-12
3.68538438118e-16
4.46107487725e-30
0.000387268117217
1.6372546359e-19
4.16296363476e-18
5.03309723444e-07
1.98131991871e-32
1.42600380568e-17
4.59924532297e-26
5.01777224175e-14
9.36477187742e-09
3.27222973856e-23
4.16080485126e-05
1.18367974039e-09
2.34198821012e-39
1.96528508554e-11
1.25652947003e-24
4.7802108408e-21
8.66387320563e-14
2.20304781862e-07
3.55549455393e-19
5.60984214249e-25
1.57124938546e-07
3.32307517132e-35
1.31149435499e-75
2.6432028763e-55
6.83202223876e-08
1.92619823501e-13
1.32290615149e-20
9.69512198332e-27
1.13523091064e-59
1.36677068204e-21
3.3959449103e-09
0.00167920378815
0.000186718556515
7.4967400553e-09
7.56893778402e-28
2.42860077281e-06
8.93874534135e-40
1.07901487897e-80
5.54142911183e-17
9.13488798045e-07
2.21936207974e-05
2.08357621163e-21
6.58810964012e-28
3.0003450922e-08
3.32907656905e-15
1.0549071158e-20
3.81898763021e-13