500
0.0
0.0
0.0
0.0
0.0
0.0
0.0
0.0
3.95310147453e-07
0.0221565456915
0.0
0.0
0.0
0.0
0.0
0.0
8.46540604928e-14
0.0
1.04850766262e-07
0.0
1.99656664515e-05
0.0
0.0
0.0
0.0
0.0
0.0
0.0
4.70473358578e-06
2.83526867966e-07
1.1227354338e-06
1.63051029709e-09
0.0
0.0
0.0
6.83154821667e-08
2.21881119641e-09
0.0
0.0
6.27607682431e-05
4.70473358578e-06
0.0
0.0
1.36727204849e-09
0.0
0.0
0.0
0.0
3.32872935924e-08
0.0
0.0
1.58910937613e-14
6.42625206114e-13
0.0
0.0
0.0
0.0
1.78225145714e-08
0.0
4.64559849845e-26
0.0
0.0
0.0
0.0
1.1738255471e-14
0.0016579468881
0.0
2.3572802261e-12
2.3401584768e-09
0.0
0.0
6.27607682431e-05
5.90152636093e-15
1.05540311822e-08
0.0
1.80597383492e-07
0.0
0.0
0.0
0.0
0.0
0.0
9.69973313895e-18
1.2976726528e-11
0.0
0.0
0.0
0.0
0.00200870555354
0.0
0.0
0.0
0.0
5.37414297364e-21
0.0
3.90598428961e-10
0.0
9.65919781364e-08
0.0
0.0
3.95310147453e-07
0.0
0.0
0.0
0.0
0.0
0.000151063979106
0.0
4.44908302632e-07
0.0
0.00799257218714
0.0
0.0
0.0
0.0
0.0
0.00799257218714
0.0
0.0
1.43443758733e-07
0.0
0.0
0.0
0.0
0.0
0.0
0.0
2.1918840487e-08
9.96871153734e-10
5.12624319955e-28
0.0
0.0
0.0
0.0
0.0
0.0
0.0
0.0
6.27607682431e-05
0.0
1.23715946187e-09
0.0
4.70473358578e-06
0.0
0.0
0.0
0.0
0.0
1.03340049931e-05
0.0
0.0
0.0
1.21574066049e-14
1.27388998766e-07
0.0
8.53389312799e-06
0.0
0.0
0.0
0.0
0.000299109840061
0.0
0.0
7.61769146089e-13
0.0
0.0
0.0
0.0
0.0
3.84945224073e-05
0.0
1.03340049931e-05
2.05860074465e-16
6.27607682431e-05
0.0
0.0
0.0
8.70028684459e-18
0.0
9.40540486325e-08
0.00200870555354
0.0
0.0
0.0
0.0016579468881
0.0
0.0
0.0
6.27607682431e-05
0.0
0.0
6.24127155837e-10
0.0
0.0
0.0
0.0
0.0
0.0221565456915
0.0
0.0
4.33235521096e-06
0.0
0.0
2.7763357956e-14
0.0
0.0
1.68980705503e-11
0.0
0.0
0.0
0.0
1.75226141266e-13
7.86091875919e-08
0.00223534997802
0.0
0.0
0.0
0.0
0.0
0.0
1.81515865534e-08
0.0
6.27607682431e-05
1.59492228155e-10
0.0
0.0
0.0
0.0
0.0
0.0
0.0
0.0
0.0
8.06345527649e-07
0.0
0.0
2.63975977869e-07
0.0
0.0
0.0
0.0
0.000460900182976
0.0
0.0
0.0
0.0
9.65919781364e-08
0.0
1.03340049931e-05
0.0
0.0
0.0
0.0
0.0
6.27607682431e-05
0.0
0.0
0.0
8.07065410142e-11
4.70473358578e-06
0.0
0.0
0.0
0.0
0.0
0.0
0.0
0.0
0.0
2.38627521527e-09
0.0
0.00200870555354
0.0
0.0
8.83712484615e-08
1.01256946495e-10
0.0
3.75226916484e-13
1.06227585376e-08
6.27607682431e-05
3.34849029729e-13
0.0
0.0
0.0
1.43443758733e-07
0.0
2.12203139086e-12
0.0
3.12566101352e-29
0.0
0.00200870555354
0.0
0.0
5.20603303128e-11
4.69003069398e-10
0.00200870555354
0.0
2.48142986147e-14
0.0
0.0
0.0
0.0
0.0
0.00799257218714
0.00200870555354
0.00024808996961
0.0016579468881
0.0
0.0
0.0
8.12201965066e-13
0.0
0.0
0.0
6.27607682431e-05
1.51091795259e-10
0.0
0.0
0.00200870555354
0.0
0.0
0.0
0.0
0.0
1.1227354338e-06
0.0
0.0
0.0
0.0
4.28728638991e-07
0.0
6.27607682431e-05
0.0
0.0
0.0
7.69955980725e-08
0.0
0.0
0.0221565456915
1.89573152732e-09
0.0
0.0
0.0
0.0
0.0
0.0
1.92646642783e-09
0.0
0.0
0.0
0.0
0.0
0.0
0.0
0.0
0.0
0.0
4.28687868115e-08
0.0
0.0
0.0
0.0
0.0
0.0
3.00255015554e-08
0.0
0.0
0.0
0.0
0.0
0.0
0.0
4.70473358578e-06
0.0
0.0
0.0
0.0
0.0
0.0
0.0
5.82012040757e-10
0.00200870555354
3.4403307806e-11
0.00223534997802
0.0
0.000299109840061
0.0
0.0
3.61799860248e-07
0.0
0.0
0.0
0.0
0.0
0.0
0.0
0.0
0.0
0.0
0.0
0.0
0.0
0.0
0.0
0.0
0.0
0.0
0.0221565456915
0.000299109840061
0.0
0.0
0.0
0.0016579468881
0.0
0.0
5.5590516928e-06
0.0
0.0
0.0
0.0
0.000633862618115
0.0
0.0
0.0
0.0
0.0
0.0
0.0
1.24502797094e-06
1.34868582958e-08
0.00200870555354
0.0
0.0
0.0
0.0
0.0
0.0
0.0
6.27607682431e-05
0.0
0.0
0.0
0.0
0.0
0.0
0.00799257218714
0.0
0.0
4.70473358578e-06
0.0
0.0
0.00200870555354
0.0
6.27607682431e-05
0.0
0.0
0.0
0.0
0.0
0.0
0.0
0.00799257218714
2.6736945909e-07
8.2632941805e-09
0.0
0.0
0.0
0.0
0.000139288717891
0.0
0.0
0.0
0.0
0.00200870555354
0.0
0.0
0.0
4.70473358578e-06
0.0
0.0
0.0
1.80597383492e-07
0.0
0.0
0.0
0.0
1.30349146208e-08
0.0
0.0
0.0
0.0
0.0
1.03340049931e-05
9.72541797468e-09
0.0
0.0
0.0
0.0
6.27607682431e-05
0.000299109840061