500
0.0
0.0
0.0
0.0
0.0
5.54126377562e-06
0.0
0.0
0.0
0.0
0.0
0.000641075435904
0.0
0.0
0.0
0.0
0.000183204984027
0.0
0.0
0.0
0.0
0.000539700007613
0.0
0.0
0.0
0.0169833132218
0.0
0.0
0.0
0.0
0.00554599831113
0.0
0.00299662811972
0.0
0.0
0.0
0.0
0.00471304588131
0.0
0.0
0.0
0.0
0.0
0.0
0.0
0.0
0.0
0.0
0.0
0.0
6.58045622576e-05
1.79838925403e-05
4.13812927281e-05
0.0
0.0
0.0
0.0
1.23905333789e-06
3.04920169388e-06
0.0
0.0
0.00230558478292
0.0
0.0
0.0
0.0
0.0
0.0
0.0
0.0
0.0
0.0
0.0
0.0
0.0
0.0
0.0
0.0
0.0
0.0
0.0169833132218
2.44573069711e-05
0.0
0.0
1.23977937806e-07
0.0
0.0
0.0
1.25531749188e-05
0.00554599831113
0.0
0.0
0.0
0.0
0.0
0.00554599831113
0.0
0.0
0.0
0.0
0.0
0.0
0.0
0.0
4.4251931777e-07
0.0169833132218
0.0
0.0
0.0
0.0
0.0
0.00471304588131
0.0
0.00197096390448
0.0
0.0
0.0
0.000557432251354
0.0
0.0
0.0
0.0
0.0
0.0
0.0
0.0
0.0
0.0
0.0
0.0
0.0
0.0
0.0
0.0
0.0
0.0
0.00554599831113
0.0
0.0
0.0
0.0
0.0
0.00471304588131
0.0
0.0
0.000597281602623
0.0
0.0
0.0
0.0
0.0
0.0
0.0
0.00554599831113
0.0
0.0
0.0
0.0
0.0
0.0
0.00554599831113
0.0
0.0
0.0
0.0
0.0169833132218
0.0
0.0
0.0
0.0169833132218
0.000509839089685
0.0169833132218
0.0
0.0
8.47972025563e-06
0.0
0.0
0.00136724811897
0.0
0.0
0.0
0.0
0.0
0.0
0.0
0.0
0.0
0.0169833132218
0.0
0.0
0.0
0.0
0.00136724811897
0.0
0.0
0.00554599831113
0.0
0.0
0.0
0.000507773177488
0.0
0.0
0.0
0.0
0.0
0.0
2.97775272782e-06
0.0
0.0
0.0
0.0
0.0
0.0
0.0
0.0
0.00554599831113
0.0
0.0
0.0
0.0
0.0
0.0
0.0
0.0
0.0
6.58045622576e-05
0.0
0.0
0.000816082888142
0.0
0.0169833132218
0.0
0.000167479586311
0.0
0.0
0.0
0.0
0.0
0.0
0.00554599831113
0.0
0.0
6.60675844646e-09
0.0
0.0
0.000239369203079
0.0
0.0
0.0
0.0
0.0
0.0
0.0
4.78564607635e-06
0.00623822191403
0.000816082888142
0.0
0.0
0.000641075435904
0.0
0.0
0.0
0.0
0.000507773177488
0.0
0.000183204984027
0.0
0.0
0.0
0.0
0.0
0.0
0.000356771364115
0.0
1.1570822059e-05
0.0
0.0
0.0
0.0
0.0
0.0
0.0
0.0
0.0
0.0
2.54772914469e-09
0.00623822191403
0.0
0.0
0.0
0.0
0.0
0.0
1.96939013966e-05
0.0
0.0
0.0
0.0
0.00554599831113
0.0
0.0
0.0
0.0169833132218
0.000489605410812
0.0
0.0
0.0
0.0
0.0
0.0
0.0
0.0
0.0
0.0
0.00554599831113
0.00299662811972
0.0
0.000167479586311
0.0
0.0
0.0
0.0
0.0
0.0
0.0
0.0
0.0
0.0
0.0
0.0
4.62202974348e-05
0.0
0.0
0.0
0.0
0.0
0.0
0.0
0.0
0.0
0.0
0.000167479586311
0.0
0.0
0.000711000916888
0.0
0.0
0.0
0.0
0.0
0.0
0.0
0.0
0.0
0.0
0.0
0.0
0.0
0.0
0.0
0.0
0.0
0.0
1.45174722526e-05
0.0
0.0
0.0
0.0
0.0
0.0
0.0
0.0
0.0
0.0169833132218
0.00299662811972
0.0
0.0
0.0
0.0
0.0
0.0
0.0
0.0
0.00136724811897
0.000167479586311
0.0
1.36699407148e-05
0.0
0.0
0.0
0.0
0.0
0.000816082888142
0.0
0.0
0.0
0.0
0.0
0.0
0.00554599831113
0.0
0.0
0.0
0.0
0.0
0.0
0.0
0.0
0.0
1.17160052543e-05
0.0
0.0
0.0
0.0
0.0
0.0
0.0
0.0
0.0
0.0
0.00554599831113
0.000246451255149
0.0
0.0
0.0
0.00230558478292
0.0
0.0
0.0
0.0
0.0
4.94012798388e-06
0.0
0.0
0.000557432251354
0.0169833132218
0.0
0.0
0.0
0.0
0.0
0.0
0.0
0.0
0.0
0.0
0.0
0.0
0.0
0.0
5.53423536966e-05
0.0
0.0
0.0
0.0
0.0
0.0
0.0
0.00023164340787
0.0
0.0
0.0
0.0
0.0
0.00197096390448
0.0
0.0
0.0
0.0
0.0
0.0
0.0
0.0
0.0
0.0
0.0
0.0
0.0
8.90592982683e-06
0.0
0.0
0.0
0.000167479586311
0.0
1.6841307685e-05
0.0
0.0
0.0
5.77940038614e-08
0.0
0.0
0.0
0.0
0.00554599831113
0.0
0.0
0.0
0.00136724811897
0.0
0.0