500
0.0
9.96022299517e-05
0.0
1.58861690139e-05
3.08161466962e-07
0.0
0.0
0.0
0.0
0.000869587890127
0.0
0.0
0.0
0.0
0.0
0.0
0.0
0.0
6.20419633982e-06
0.001214168072
0.0
0.0
0.000591388748715
0.00450638438971
0.0
9.85155606824e-06
0.0211984545367
0.000591388748715
0.0
0.0119078372033
0.00172908096092
0.000179808093415
0.0
0.00450638438971
0.0
0.0
0.000368158626015
0.000591388748715
0.00556233349134
0.000158553207265
0.0
0.00261915528763
4.85855111773e-07
0.0016145402456
3.53960552549e-06
0.0
0.00556233349134
0.0
5.82413910109e-05
0.000591388748715
0.0
0.0
0.00404685721617
1.009957775e-05
0.0
0.00217664263489
0.00298192888137
0.0
0.0
6.79301878933e-05
0.0
0.0
0.0
4.85700756001e-06
0.0
0.0
0.0
0.00103938220972
0.0
0.000131265105976
0.0
0.0016145402456
6.79301878933e-05
0.0
0.00404685721617
3.24374415013e-12
0.0
0.0
0.000158553207265
0.0
0.0
0.0
0.00979845629329
0.0
0.0
0.0
0.00556233349134
0.00159658264513
0.0
0.0026126341402
0.000260080361872
0.0
0.0
0.0119078372033
0.0
0.000164952416248
0.0149307329666
0.00035711599944
0.0
6.96678836865e-05
0.0
0.0
0.0
0.00404685721617
1.15632999489e-05
0.00234905336699
0.0
0.00298192888137
0.0
0.00556233349134
0.0
0.0
0.0
0.0
0.0
0.00404685721617
0.000773062860355
2.1652466287e-05
0.0
0.000158140727181
0.0
0.00979845629329
0.0
0.000317834635102
0.0
0.0
0.000356527882916
0.0
0.00298192888137
0.0
0.000337072229493
0.000118140748551
0.0
0.0
0.0
0.0
0.0
2.25877143787e-06
0.0
0.0
0.000270702562444
0.0
5.76296229456e-06
0.0
1.6577114479e-07
3.35692327657e-05
0.0
0.000139793600809
1.09060370915e-07
0.0
0.0
0.0
0.0
2.79540820495e-07
7.60172652598e-05
0.0
0.0
7.39443516861e-07
0.0
0.000158553207265
0.0
0.000592252564956
0.000368158626015
8.31434525813e-06
0.0
1.84288175173e-05
6.79968336852e-05
0.0
0.0
0.000535254154238
0.00298192888137
0.0
0.0
0.0
0.000869587890127
0.0
0.0
0.0
1.06045655865e-06
0.0
0.000591388748715
0.00261915528763
5.99267240543e-05
0.0
0.000328304024658
8.49958039393e-07
0.0
3.14939930755e-08
6.19471430108e-05
0.0
0.0
0.0
0.0
0.000477526758723
2.98250493664e-05
9.21086889626e-05
0.0
9.0171109847e-06
0.000134882351116
0.0026126341402
0.0
0.0
0.000869587890127
0.0
0.0
0.00234905336699
8.64065241318e-05
0.0
0.000477526758723
0.000681485561476
3.82723212551e-05
0.00261915528763
0.0
0.0
0.00261915528763
2.47770017324e-06
0.00298192888137
0.0
0.00556233349134
0.0
4.84953595722e-05
0.0
0.00261915528763
0.0
0.0149307329666
0.0
0.00234905336699
0.0
0.0
0.000591388748715
0.0
2.30398176962e-05
0.00979845629329
0.0
0.0
0.000195677289309
0.0
0.00404685721617
0.00556233349134
0.000535254154238
0.0
0.0
0.0
0.00091860970507
0.001214168072
0.000374934235303
0.0
0.0
0.0
0.0
0.0
0.000540068168779
0.000325937217713
0.0
0.00014050533025
1.95867299747e-06
0.00217664263489
4.5870735048e-06
0.0
0.0
0.0
0.0
0.00120852315235
0.0
0.0
0.0
8.02039517675e-10
3.44858479087e-08
8.64065241318e-05
0.0
0.00091860970507
0.000337072229493
0.000328304024658
0.00217664263489
0.000172908948988
0.0
0.000928121545027
0.0
0.000136601297523
0.0
4.81536870037e-08
0.000939350939177
0.0
0.00234905336699
2.15536833997e-07
0.0
0.0
0.00800826644106
0.0
0.00556233349134
1.85409408357e-07
0.0
0.0
0.00556233349134
1.96678374992e-06
0.0
0.0
0.0
7.94748571502e-05
0.0149307329666
0.0
0.0
0.0
0.0
4.23849297284e-09
0.0
0.000591388748715
9.33232459611e-08
0.0
0.0
0.0
0.0
0.000374934235303
0.000591388748715
6.53704589561e-06
2.31181474101e-05
0.000137939443174
0.0
0.0
0.0
0.00404685721617
0.0
0.00217664263489
0.0
0.0
0.0026126341402
0.0
0.0
9.96022299517e-05
0.0
2.43523278921e-05
0.0
0.0
0.00261915528763
0.0
0.00016931316305
0.0
0.0
0.000356527882916
0.0
0.0
0.0
0.000681485561476
0.0
0.0
0.00217664263489
4.31559278022e-06
7.60172652598e-05
0.0
0.001214168072
0.00556233349134
0.00556233349134
7.47001542268e-05
0.0
1.72602532383e-07
0.0
0.00404685721617
0.0
0.0
0.0
0.0
0.00556233349134
0.000653254024735
0.0119078372033
0.000169544178988
0.000618171883537
0.0
0.0
0.0
5.93239241338e-09
0.0
0.00159658264513
0.0
1.00673345725e-06
0.0
4.02928788197e-08
0.00234905336699
0.0
0.0149307329666
0.0
0.0
0.0
0.0
0.0
0.00261915528763
5.11172837592e-05
3.2661624337e-08
0.0
0.0
0.000294011815959
0.0
0.0
0.0
0.00261915528763
0.0
0.000273054871727
0.00298192888137
0.00556233349134
0.0
1.61662027181e-05
0.0
0.0
2.2747571986e-08
0.000324888390584
0.0
7.08290280247e-05
0.0
9.18321994342e-06
4.00186516123e-09
0.0
6.04321423797e-08
0.0
9.93592911828e-05
0.00234905336699
0.0
0.0
0.0
0.0
0.0
0.0
0.00979845629329
0.00261915528763
0.00298192888137
0.000653254024735
5.40301632098e-08
0.000434591564252
0.00041786423747
0.0
0.00404685721617
0.0
0.0
0.0
0.000325937217713
0.0
0.0
0.0
0.0
8.63476561293e-05
0.0
0.0
0.0
0.0
0.0
0.0
0.0
8.76285408844e-06
0.0
0.0
1.86397496356e-11
0.0
7.51375420787e-06
1.30704147334e-09
0.0
0.0
0.00298192888137
1.1459507637e-06
0.0
0.00261915528763
7.88597646427e-05
0.0
2.45451230215e-06
0.0
0.0
0.0
0.0
0.0
5.73759520103e-09
0.00172908096092
0.0
0.0
1.39812141875e-05
0.0
0.000507250621777
0.0
0.0
0.000538744848291
0.0
0.0
0.00103938220972
0.0
0.0
0.0
0.0
0.0
0.00298192888137
1.39170090826e-05
0.000222647748019
0.0
0.00404685721617
0.0
0.0
7.00004612344e-05
1.80926425451e-05
0.0149307329666
0.0060664462011
1.4951973541e-06
0.0
3.99249548249e-05
0.0
0.0