500
9.29886321173e-07
6.03616103657e-16
1.42535667592e-06
2.70958542823e-06
1.27798071552e-15
2.45660387566e-17
7.57936884525e-06
3.99720076065e-12
3.64156125482e-08
3.40630367024e-11
2.34762896826e-07
8.75607954848e-29
0.000582980173414
1.1163390146e-06
2.93334349853e-12
3.95845662883e-11
6.38060032234e-13
0.0
6.76352327991e-07
0.000112744794266
0.0
3.19509904321e-07
0.000682204188185
0.0
0.00022013577812
3.26259365286e-12
0.00219920297744
7.88873521445e-13
0.0
7.89196444368e-05
0.0
2.65161702291e-07
0.0
1.3427317221e-05
0.0
0.0
0.000560856777709
4.9609835372e-06
0.0
9.28142383134e-18
5.05824441063e-15
2.54540968892e-10
4.28638083779e-12
4.7141588478e-08
9.17128713457e-06
6.92449213827e-11
1.03620725365e-07
0.0
5.14480900871e-07
0.0
0.0
4.80042308331e-11
5.16886731277e-09
0.00157853990272
1.47539047207e-06
0.0
2.34898736248e-06
6.66239700878e-24
0.0
0.000414080170262
0.0
3.58662179837e-08
0.0
4.24221471118e-05
0.0
0.000169608877916
4.1619757212e-12
0.0
0.0
2.28153759315e-12
4.93130154826e-08
0.0
1.68012527294e-10
0.0
5.47476745787e-07
8.75689533203e-10
1.6193472209e-20
0.0
5.16340801493e-07
0.0
0.0
7.66367270725e-14
0.0
9.49970986921e-08
0.0
1.21397856127e-13
0.0
0.0
1.57236951244e-12
1.09331996814e-08
1.06546637689e-10
2.41582788203e-05
8.25917623315e-07
0.0
0.0
1.66393953645e-15
2.24001874283e-13
4.95083679919e-08
1.90047921881e-08
4.11862821602e-07
9.67868087051e-06
0.0
2.43118593592e-08
8.05219307601e-07
0.0
5.51879150922e-15
0.0
7.7662637147e-12
2.96010240667e-14
0.000137421352475
3.10983658175e-10
0.0
5.87302573875e-31
8.77460418424e-07
9.37782049615e-29
0.0
1.71173917646e-12
0.0
0.000228445359238
0.0
8.92512059037e-10
3.76760670352e-12
5.04056044654e-21
0.0
0.0
0.0
0.00225935005522
5.00502416896e-24
9.05087287163e-07
0.0
2.59250279829e-06
1.77805914098e-08
0.0
0.0
0.0
1.49034316093e-08
4.85291793769e-34
2.6077935276e-09
0.0
5.00663933269e-17
6.17764837437e-23
0.0
1.93968233165e-09
9.04663736618e-08
0.000179168078085
0.0
1.61414286786e-08
4.68932955554e-13
1.28004910642e-18
0.0
0.0
1.40491299611e-06
0.000190626634381
0.0
3.62153434953e-09
2.95773449791e-06
1.24352005609e-07
2.04077692423e-08
8.77211888705e-16
0.0
9.58414089764e-07
0.0
3.0291010419e-06
0.0
0.0
0.0
0.0
0.0
6.17210184574e-11
8.56426832412e-20
2.06360919203e-22
1.62052300496e-26
0.0
2.44691538358e-09
1.76027512025e-13
2.16070432846e-07
0.0
0.0
2.57702854627e-12
4.42860695632e-11
0.0
0.0
0.0
0.0
0.0
7.45218784378e-09
0.0
2.86777842413e-05
5.88351309997e-07
0.0
1.46084376457e-05
5.28434428015e-09
2.17727554391e-16
0.0
5.16652229684e-05
4.0460002557e-05
2.37836806334e-10
3.89974061621e-08
0.0
7.40017143261e-11
0.0
5.74503228106e-05
2.39491830136e-15
2.32461297548e-06
1.55521950863e-05
2.78879560917e-17
0.0
0.0
0.000632772074347
6.21895101811e-11
6.80154947429e-12
0.0
0.0
0.0
2.13891299287e-07
0.0
3.21556004787e-05
5.9891208814e-25
0.0
1.47365531975e-21
0.000339517234035
8.67977882944e-23
0.0
0.00072818211668
0.0
0.0
2.94683604673e-17
0.0
1.5038796467e-07
3.05466138863e-20
0.0
9.71130295421e-08
1.49492737511e-30
1.43873410819e-06
2.08609077026e-05
0.0
8.23611333829e-06
4.63334010525e-09
4.90729783357e-06
1.1971888916e-13
2.81987381986e-27
2.52404844204e-21
0.0
0.0
0.0
0.0
2.47090345966e-06
5.41400311376e-08
0.0
0.00245231945495
0.0
0.0
1.39246204428e-05
1.19092070309e-33
4.44711552235e-19
0.0
0.0
2.4373363901e-14
2.9643016287e-12
9.16603787918e-07
5.40137238788e-06
9.04829927463e-05
0.0
7.39553246795e-07
6.05515055692e-14
0.0
4.33395386155e-14
5.87340718734e-06
2.97435562169e-07
1.37749528315e-05
1.61394335601e-21
4.90257025548e-07
0.0
0.0
3.84437121579e-08
0.0
7.44114801829e-06
0.0
3.46891650861e-06
0.0
2.81795854416e-13
1.13043300228e-10
1.84067616782e-25
0.0
8.3524007061e-05
0.0
4.02970899813e-05
0.0
0.0
1.56245121667e-06
7.60822933855e-30
1.75729118533e-06
4.35981485527e-17
0.0004673881855
1.19062258431e-12
0.0
0.0
0.0
2.99933846241e-21
1.51617886767e-10
0.0
1.63789313368e-15
9.28125134941e-10
0.0
2.59439245287e-07
0.0
2.17004881373e-07
7.70144352633e-12
0.0
0.0
1.83357659279e-07
9.78997531028e-17
5.6552052067e-07
6.3024479159e-10
1.69088101099e-06
0.0
1.05291516895e-05
2.1797089365e-06
7.59718530306e-10
1.93299469849e-05
4.41345723444e-10
2.61459324962e-08
0.0
0.0
2.68726315944e-36
3.48853453662e-08
1.57090266572e-28
2.66334009691e-08
0.0
6.55345640578e-14
0.0
0.0
0.00245231945495
0.000126620238629
0.000632772074347
2.03860558841e-06
1.82413948111e-05
0.0
1.73517780401e-08
2.06389488674e-19
0.0
6.38256238077e-11
0.0
1.11283806764e-15
0.0
1.23607172445e-20
0.0
0.000907276056987
0.0
0.0
3.2182104881e-09
0.0
0.0
0.0
0.0
1.71549520396e-06
3.56490403475e-14
4.30104425874e-19
2.0314864201e-05
6.56838152824e-07
9.28187336708e-11
4.92042573206e-05
0.0
0.00072818211668
0.000147013299938
0.0
0.0
7.48030308208e-06
2.32628717314e-10
7.44955463988e-10
6.99921217822e-19
2.64211717108e-05
0.0
0.0
2.79346215242e-10
2.63313705105e-15
6.23571119474e-05
2.90363063155e-18
1.67880220174e-08
1.45741343502e-05
4.02970899813e-05
2.18042177671e-12
7.24758361798e-13
5.38635443339e-19
1.21870948828e-11
0.0
1.16984654579e-16
0.0
1.36625568739e-16
1.69838974481e-09
0.0
0.0
0.0
9.73462440461e-08
5.44609898024e-11
3.9547256976e-09
7.16805161957e-12
6.65532594682e-12
0.0
1.43613588598e-07
2.04118705057e-13
0.0
1.02592426378e-17
2.98556425665e-06
0.0
6.24496166166e-05
5.56433565337e-14
0.0
3.35470924328e-08
7.45921986625e-22
0.0
1.44804362494e-07
6.00683548534e-08
0.0
8.37984032022e-09
2.60687623086e-06
0.0
0.0
1.89431857545e-05
0.000670882540286
0.0
4.66832030993e-06
1.08015152477e-09
1.7764865837e-09
0.0
1.40376588725e-06
0.0
1.45492984688e-08
3.32915097543e-07
0.0
0.0
1.84054897574e-12
2.4301742331e-30
0.0
1.62708750826e-13
1.06306817032e-15
0.0
1.41500901178e-05
2.1183460303e-05
2.87600799243e-12
1.60526641718e-08
0.0
4.12281587891e-05
0.0
0.0
0.0
1.26077673589e-10
5.22319144531e-13
0.0
3.87863723798e-14
1.05955816855e-31
3.37528228872e-07
7.38276269961e-11
0.0
5.49141983209e-12
0.0
6.93888625016e-08
0.0
1.00295552205e-06
3.62282482549e-14
6.05259480737e-07
0.00145432692677
1.78440768914e-10
2.31668299109e-10
0.0
0.0
0.0
8.65309697321e-15
1.04834606535e-24
0.0
4.84149079868e-06
0.0
2.27660044228e-24
0.0
0.000339517234035
2.03101602086e-06
1.5892965686e-06
0.0
0.0
2.06529974482e-16
5.39250920404e-08
0.0
0.0
2.2960218214e-05
4.77268398155e-12
0.0
2.81196068391e-07
1.74971659689e-10
0.0
3.11336794591e-33
0.0
0.0
3.75494358018e-13
3.18306903548e-06
4.18268342537e-09
0.0
0.0
0.0
0.0
0.0