500
1.9718805884e-09
0.0
0.0
0.0
0.0
0.0
0.0
0.0
0.0
0.0
0.0
0.0
0.0
9.2281810191e-12
1.9323785764e-10
0.0
0.0
0.0
0.0
0.0
5.74360219006e-09
0.0
0.0
0.0
0.0
0.0
0.0
0.0
0.0
2.79921667232e-10
0.0
0.0
0.0
0.0
4.05942744382e-06
0.0
0.0
0.0
0.0
1.84713644398e-07
2.79921667232e-10
0.0
0.0
0.0
0.0
0.0
0.0
0.0
0.0
0.0
0.0
0.0
0.0
0.0
0.0
0.0
0.0
0.0
0.0
0.0
4.40785748348e-07
0.0
0.0
0.0
2.47290178952e-10
0.0
3.78272531731e-11
0.0
0.0
0.0
3.57583341738e-09
0.0
0.0
0.0
0.0
0.0
0.0
0.0
0.0
0.0
0.0
0.0
0.0
0.0
0.0
0.0
0.0
0.0
0.0
0.0
0.0
0.0
0.0
4.12116756585e-08
1.30088586447e-11
0.0
0.0
0.0
0.0
0.0
0.0
0.0
0.0
0.0
0.0
0.0
0.0
0.0
7.17304652414e-07
2.66665161983e-08
0.0
0.0
0.0
0.0
0.0
0.0
0.0
0.0
0.0
0.0
0.0
0.0
0.0
5.44007333748e-15
0.0
0.0
0.0
0.0
1.82395323691e-14
0.0
0.0
0.0
0.0
0.0
0.0
0.0
0.0
0.0
0.0
0.0
0.0
0.0
0.0
0.0
0.0
0.0
0.0
0.0
0.0
0.0
0.0
0.0
0.0
0.0
0.0
0.0
0.0
0.0
0.0
1.07508719109e-07
0.0
0.0
0.0
1.74241202858e-07
0.0
0.0
0.0
0.0
0.0
0.0
0.0
2.09089443429e-07
0.0
9.91303697319e-16
0.0
0.0
0.0
0.0
0.0
0.0
0.0
0.0
0.0
0.0
0.0
0.0
0.0
0.0
0.0
0.0
0.0
0.0
1.45284050055e-08
0.0
0.0
0.0
0.0
0.0
1.09169058628e-07
2.97833912718e-19
0.0
0.0
0.0
0.0
0.0
0.0
0.0
0.0
1.26359248181e-08
0.0
0.0
0.0
6.89232262807e-09
2.09089443429e-07
1.84713644398e-07
0.0
0.0
0.0
0.0
0.0
0.0
0.0
0.0
0.0
4.17492192541e-07
0.0
0.0
0.0
0.0
0.0
0.0
2.99367805591e-07
0.0
0.0
0.0
0.0
0.0
0.0
0.0
0.0
0.0
0.0
7.66939754346e-08
0.0
0.0
0.0
0.0
0.0
1.30017707743e-11
0.0
0.0
0.0
0.0
0.0
0.0
0.0
0.0
4.18481391408e-08
0.0
0.0
0.0
0.0
0.0
0.0
0.0
0.0
0.0
0.0
0.0
0.0
9.98951777764e-09
2.82585227751e-08
0.0
0.0
0.0
0.0
9.09572546433e-13
0.0
2.93993572499e-08
0.0
0.0
0.0
0.0
0.0
0.0
0.0
0.0
0.0
4.00788737481e-10
0.0
0.0
0.0
0.0
0.0
0.0
0.0
0.0
0.0
0.0
0.0
0.0
0.0
0.0
0.0
0.0
0.0
0.0
2.09089443429e-07
0.0
0.0
0.0
0.0
0.0
0.0
0.0
0.0
0.0
0.0
0.0
0.0
8.57266718061e-07
0.0
0.0
0.0
0.0
0.0
0.0
0.0
0.0
9.09742155236e-08
0.0
0.0
0.0
0.0
0.0
0.0
5.25416287669e-13
0.0
4.23513221767e-12
0.0
0.0
0.0
2.85911661478e-12
0.0
4.80946484977e-10
0.0
0.0
4.17492192541e-07
0.0
0.0
0.0
0.0
0.0
0.0
0.0
1.46076737569e-14
0.0
4.11566569081e-16
0.0
1.74241202858e-07
0.0
0.0
0.0
0.0
2.09089443429e-07
0.0
0.0
0.0
0.0
0.0
8.33679057329e-11
0.0
0.0
0.0
0.0
0.0
0.0
0.0
5.1773104211e-07
1.10786035362e-11
0.0
0.0
0.0
0.0
0.0
0.0
0.0
2.40775608042e-20
0.0
0.0
0.0
0.0
0.0
1.4164702541e-11
0.0
0.0
0.0
0.0
0.0
0.0
0.0
3.5924136671e-07
0.0
3.09171474266e-11
0.0
0.0
0.0
1.52518460966e-11
0.0
0.0
7.98731707111e-13
0.0
0.0
0.0
0.0
0.0
1.5937528754e-11
0.0
0.0
0.0
0.0
0.0
3.5924136671e-07
0.0
0.0
0.0
0.0
0.0
0.0
0.0
0.0
0.0
0.0
0.0
0.0
0.0
0.0
0.0
9.47945685982e-11
0.0
8.7537484284e-11
0.0
0.0
0.0
0.0
0.0
0.0
0.0
0.0
0.0
0.0
0.0
0.0
0.0
3.5924136671e-07
0.0
0.0
0.0
0.0
0.0
0.0
0.0
0.0
8.34542302268e-09
0.0
0.0
0.0
0.0
0.0
0.0
0.0
0.0
0.0
0.0
1.47433889817e-12
0.0
0.0
2.09089443429e-07
0.0
0.0
8.01509533146e-08
0.0
1.84713644398e-07
8.34822941915e-11
0.0
0.0
0.0
0.0
0.0
0.0
0.0
0.0
0.0
0.0
0.0
0.0
0.0
0.0
0.0
0.0