500
1.75379691216e-06
2.45021937923e-15
2.3985086574e-06
1.04546101861e-06
0.0
5.39214868966e-18
1.06303050231e-05
9.17351925249e-12
0.0
3.71187553557e-11
5.63359342703e-08
5.54019650848e-30
0.000349819501476
0.0
9.23320510381e-12
4.8610786079e-11
1.83465154295e-12
0.0
9.20333556153e-07
6.80076946169e-05
0.0
0.0
0.000569047972344
0.0
0.000181135665487
7.05088753256e-13
0.00146488043626
1.2720395259e-10
1.19132868528e-17
6.45313218417e-05
0.0
1.22647359401e-07
9.17355331154e-08
1.86756869828e-05
0.0
0.0
0.000361016048724
2.67313017449e-06
0.0
3.46243694414e-18
1.48482512749e-12
5.69595350518e-11
4.34180957269e-12
1.87130175879e-08
9.00377050322e-06
5.32068506996e-11
5.96473780051e-08
4.31109344667e-18
1.26859265533e-07
0.0
0.0
9.19096820721e-11
8.59104178241e-09
0.000993847787684
7.96308325638e-07
0.0
3.87423744529e-06
0.0
0.0
0.000314845457644
0.0
3.73453987247e-08
0.0
4.16637942639e-05
0.0
0.00011804374619
0.0
0.0
0.0
5.50260490979e-12
0.0
0.0
9.11302023371e-12
0.0
1.1943453975e-07
7.74837810874e-10
0.0
0.0
3.83623502891e-07
0.0
1.0273282821e-25
1.44706319711e-12
0.0
0.0
0.0
7.3062051662e-13
0.0
8.08684957874e-36
0.0
3.73084035261e-09
0.0
4.02753920453e-05
1.15785633477e-06
0.0
0.0
1.84269250392e-14
7.2542426645e-15
4.49310734472e-08
1.72183589668e-08
6.98774942442e-07
2.40627149226e-05
0.0
0.0
1.05867480381e-06
0.0
1.54972660242e-14
0.0
2.37718566009e-12
0.0
0.000116331485161
9.04454573528e-11
0.0
4.60052654368e-30
1.89797068549e-06
8.33477475625e-26
0.0
0.0
0.0
0.000373060193402
6.58922934451e-11
1.64111405184e-10
2.05339143804e-13
4.07451764739e-21
0.0
1.46889016015e-30
0.0
0.00136218851062
0.0
6.7804180726e-07
0.0
3.62612220448e-06
1.4143671577e-07
1.39970366233e-34
9.60692664297e-18
1.59536427225e-09
0.0
1.11257894874e-34
8.86853411298e-09
0.0
5.52831902686e-16
3.68813223256e-24
3.94535782889e-26
4.04505752094e-10
1.41460619979e-07
0.000124244132437
0.0
2.61035731798e-08
8.77424284168e-13
1.38895452466e-17
0.0
0.0
2.62864368998e-06
0.000120217545408
0.0
0.0
9.28632941323e-06
1.7793747313e-06
3.6508472138e-08
1.63757410363e-18
0.0
2.77260221096e-06
0.0
1.32855204968e-06
0.0
0.0
3.44252579035e-11
0.0
0.0
1.16465295439e-10
2.43022663093e-18
0.0
1.77072369368e-25
0.0
3.78968170364e-09
5.43156888879e-13
3.28636627982e-07
0.0
0.0
3.86074644311e-12
0.0
2.23986944488e-20
0.0
2.5125487413e-31
0.0
0.0
1.08201970024e-09
0.0
4.26560681498e-05
1.83465030256e-06
0.0
2.82784169948e-05
1.28178716235e-08
0.0
4.08243258737e-07
2.40202616454e-05
5.35470891997e-05
1.16278910087e-10
5.68274537827e-08
0.0
1.07112500041e-09
0.0
7.70612383751e-05
7.18642479687e-14
4.45401358347e-07
2.20109700257e-05
0.0
0.0
0.0
0.000396847123136
1.03214608341e-10
6.52880697832e-11
0.0
2.23450146087e-09
0.0
3.0867234355e-07
0.0
5.64092666676e-05
2.19327215723e-25
0.0
0.0
0.000311751277435
2.6699058659e-23
0.0
0.000423839912781
0.0
8.9212405618e-24
5.8480504092e-18
2.52150334492e-39
5.39010363202e-07
6.74962649133e-19
0.0
5.80326809372e-08
1.71258775163e-31
2.7742402199e-06
2.40504821669e-05
0.0
4.48389038822e-06
4.0854800015e-09
5.6498683594e-06
0.0
4.3808670341e-28
1.13177708491e-21
0.0
0.0
3.30265794048e-32
8.62100802921e-17
1.23568768517e-06
1.69014037014e-08
5.08464689334e-14
0.00154531290945
0.0
1.24675220438e-34
2.09305605685e-05
0.0
9.07793422448e-19
6.06898098451e-11
9.55309447935e-07
0.0
5.39505420042e-13
1.25221797039e-07
1.24651129164e-05
0.000121111817214
0.0
5.6635727579e-07
0.0
0.0
3.27537943968e-14
1.01451675249e-05
4.62323783816e-07
1.55130753306e-05
7.95416523314e-22
9.37509308412e-08
3.78469670819e-13
1.45769471244e-07
3.4404392135e-08
0.0
1.31206888297e-05
0.0
1.65443998682e-06
0.0
4.55610727149e-13
2.9482359255e-11
0.0
4.16702002393e-20
9.13865491025e-05
0.0
2.84330736447e-05
0.0
5.75602529628e-25
1.84771045105e-06
0.0
8.8588577852e-07
0.0
0.000316730263325
5.10515598269e-12
0.0
0.0
0.0
5.89042608253e-22
1.61019322825e-11
0.0
2.15270547047e-15
7.01961620955e-11
0.0
0.0
0.0
3.09361968607e-06
1.55211257907e-11
0.0
0.0
1.47910530003e-07
2.86785144875e-17
2.00491912307e-07
4.96260944891e-10
1.82109009292e-06
7.35988263313e-18
1.78113239641e-05
3.02108946698e-06
7.88157559773e-10
1.68857613323e-05
2.83139150351e-09
2.47690382761e-08
1.39717310976e-19
0.0
2.02852764368e-35
6.53895299882e-08
2.49307893602e-29
7.22080802396e-09
6.61404461861e-18
3.85840671613e-14
3.03690351693e-12
0.0
0.00154531290945
8.51090901932e-05
0.000396847123136
2.90819523585e-06
5.29916645148e-06
3.62816421134e-24
4.30667815932e-08
2.96019152318e-19
0.0
3.48713257812e-10
1.12414246487e-08
0.0
0.0
6.60737979227e-21
3.02395072329e-06
0.000544691646572
0.0
0.0
2.587438344e-09
0.0
0.0
4.21604483978e-16
0.0
5.8681762314e-06
1.16084486472e-15
1.67605155532e-19
2.30304881719e-05
2.08942835071e-07
1.2643933046e-10
3.44318696104e-05
0.0
0.000423839912781
0.00010971783037
0.0
0.0
1.07078055187e-05
7.44897024607e-11
1.37370010866e-10
2.10663340941e-19
3.76011910509e-05
0.0
0.0
2.45220820737e-10
2.15857255918e-15
8.74208859869e-05
0.0
1.9461425223e-08
2.11863335819e-05
2.84330736447e-05
4.8647875068e-13
6.32732678471e-14
2.14118312943e-18
2.767114216e-12
0.0
0.0
0.0
3.69031655971e-16
2.66584189358e-09
0.0
0.0
6.19536874714e-16
1.12204273306e-07
2.38250490042e-11
1.26011428591e-08
0.0
2.93419863252e-11
0.0
1.62788264747e-07
3.09661517922e-13
3.21403882801e-12
1.37643456138e-18
3.55345345855e-06
8.60388380496e-09
5.03200794799e-05
1.72276113818e-14
0.0
0.0
6.42265325507e-22
0.0
0.0
4.61944841114e-08
4.71469395188e-12
1.01459416259e-08
3.21471912654e-06
0.0
0.0
2.74608155867e-05
0.00037361356137
0.0
7.75174578298e-06
1.50667079123e-09
1.33073667952e-09
0.0
3.15111796616e-06
4.52641781075e-28
1.71775093267e-08
1.2671172176e-07
0.0
0.0
0.0
0.0
0.0
1.60889548182e-14
0.0
0.0
1.62107184986e-05
5.1765541613e-05
1.70988040245e-12
2.00331449452e-08
0.0
3.82815982286e-05
0.0
0.0
0.0
2.00187263328e-10
5.59144856094e-14
0.0
2.71268761335e-15
0.0
1.88554574705e-06
3.12664881422e-10
0.0
1.43329061395e-11
1.28903052964e-13
5.96692320229e-08
4.05288827238e-15
1.80518246642e-06
1.51745243421e-13
1.02849663848e-07
0.000876073725526
8.96038623764e-11
1.411837392e-09
4.32735974879e-14
4.14968181956e-22
2.99669590708e-51
2.87825905756e-16
0.0
0.0
3.33032475226e-06
3.60124517139e-15
0.0
0.0
0.000311751277435
0.0
5.11226537476e-06
0.0
0.0
7.22728072617e-17
1.33070972674e-07
3.55606618006e-17
0.0
3.07006011465e-05
3.30940937417e-12
0.0
2.16669159038e-07
1.33114146266e-08
1.86380963511e-11
3.41271690104e-35
0.0
9.13383238351e-26
6.58803444529e-13
4.4828680005e-06
7.44532287933e-10
1.86681385469e-09
0.0
3.15761364753e-12
3.1412512354e-20
1.78232352961e-17