500
9.30091680121e-05
7.83155449926e-09
2.10885415429e-09
1.97012861091e-18
0.0
0.000265441533971
8.74485448106e-10
2.37120600958e-06
0.0
1.07516514639e-13
1.1558815951e-06
0.000343533583245
5.63812029683e-05
0.00010407897647
1.2599708351e-05
1.96008685843e-05
5.46041635211e-06
2.97644549485e-09
1.03687445638e-11
6.9827790227e-06
0.000112058854268
0.000129258486108
0.0
5.79863578929e-06
1.97103012502e-07
8.40546932586e-08
5.6584159804e-06
1.0533671494e-07
0.0
0.000297369547464
0.000904929256927
0.000118997072536
4.06622856594e-07
5.96092266321e-09
0.00049840029692
9.15980142851e-14
0.000227965416163
0.000498713647904
0.000192176924203
0.00072437465949
0.000297369547464
2.52240308049e-08
0.000104743370947
9.36057166269e-06
1.44747488698e-05
1.24945038702e-07
0.0
0.000116969971251
1.34188070354e-08
0.00023873592042
1.18044074296e-07
5.16166081134e-06
0.000108033812005
2.38139462339e-05
2.3304772748e-07
1.86302578823e-06
2.06450153776e-11
1.98977806142e-06
1.04831974518e-07
4.25442922382e-05
0.000276285322063
0.00295681471065
1.50328610793e-06
1.28055625447e-05
0.000138104058894
0.000515698989942
4.18805220941e-05
2.27287621173e-06
2.00881077238e-05
3.06863962982e-06
3.15602958726e-06
5.7590362604e-05
0.0
3.68221886506e-05
0.0
0.00295681471065
2.88635308809e-07
6.56912983666e-06
9.1365904617e-06
6.02805105202e-09
3.77484434145e-09
0.00295681471065
3.3603545706e-09
0.0
0.000498713647904
7.22097465745e-05
0.000187603446169
5.38787854901e-05
7.67345045174e-06
0.000137438534773
1.49126876637e-05
6.99361796469e-06
3.40673060267e-08
0.000270064410867
1.03488812285e-05
6.60350104601e-16
0.0
0.000373716974664
0.0
0.0010580071595
0.000115326056211
3.1164880005e-08
0.0
0.0
0.000537032961062
7.69145658492e-05
1.90199090056e-05
2.57050897917e-12
0.000132172627442
6.6891653701e-05
6.07891041765e-07
3.79027103701e-05
2.03374629315e-07
0.000545842632416
1.48231433574e-07
0.000178449670222
0.000969108636851
5.37570278675e-06
1.18065378854e-06
1.06072008545e-06
1.24685161725e-05
0.0
3.71792967631e-06
1.04395794563e-07
0.00160729013878
3.82400389794e-15
7.43373309637e-06
9.42495597426e-06
7.53846618487e-07
0.000205806493296
0.000218055131591
3.94056224517e-07
3.55124849359e-06
0.0
1.45872923482e-06
4.43192199943e-05
0.000229765737293
0.000968846231647
3.67434211111e-06
2.33118217043e-06
0.000519852977384
2.58583630344e-10
5.07086535489e-06
2.97430885433e-06
0.0
5.54580755373e-12
2.65024469482e-05
2.52810027848e-09
9.47717910548e-05
2.26596537016e-07
7.75914766225e-11
0.0
0.0
0.000276633233016
0.000307760156978
0.000968846231647
2.78264178412e-05
6.35994770035e-07
1.42984626246e-05
0.000754749545602
3.49629455947e-07
0.000420391883478
3.52294595985e-07
0.000298274348695
5.44185163527e-10
1.78844768082e-06
4.45111197703e-06
0.000198821765526
4.81186398659e-10
0.0
0.0
0.00155397253271
0.000609399109478
6.1720464338e-07
1.91645083447e-10
6.3268697682e-05
2.76135056466e-08
1.54189766886e-07
8.51983306807e-05
3.2568300436e-06
0.0
0.000525285322666
0.0
0.0
2.67257772534e-06
7.23357883427e-10
0.0
0.0
0.000101079565267
0.0
0.0
0.000539513584645
0.000107539321775
0.0
2.38139462339e-05
1.62704844468e-05
0.00295681471065
0.0
0.000236778671944
4.05262621599e-08
7.28021024206e-07
0.0
0.0005751678157
6.10306400769e-10
6.81900640974e-05
1.70669207411e-05
6.01203599522e-06
0.000137438534773
4.98039352301e-05
2.00700310594e-05
0.000253227752985
0.0
0.000583812796308
0.00155397253271
0.00072437465949
4.37025930538e-05
4.02501705142e-06
0.0
4.88215552504e-05
2.96076941027e-15
4.37981486575e-08
0.0
0.0
2.19057122021e-15
0.000137714964482
6.59179512426e-05
0.0
0.000969108636851
0.000285813748846
6.04156970788e-08
5.53080388039e-07
0.000286315064188
1.14571298461e-08
2.78387380372e-11
2.20103514334e-06
4.05386857064e-07
0.000539513584645
0.00160729013878
1.03734826114e-05
0.000243564606569
0.000528100894264
9.86491158626e-07
0.000305111114262
2.46445253005e-06
0.000384894703352
0.000987940460194
0.000968846231647
5.87844922485e-05
7.2593600489e-05
2.49249536246e-09
0.000293273319161
0.000969108636851
0.0
0.000219555588064
4.85702388281e-06
0.0
0.0
8.47241219514e-05
1.54944626462e-06
7.05443263712e-11
9.49419845668e-11
7.81048271889e-08
1.37337733426e-06
0.000335700787189
0.00131928533036
8.72726873878e-07
0.0
0.0
1.32595590209e-07
0.000104947682012
0.000151595358572
0.00019046526044
4.4721278028e-07
3.52567396293e-05
2.19840543283e-11
0.0
1.13477149475e-06
0.0
0.000109174829985
1.82871953605e-11
0.00270836983279
3.00502577583e-06
2.35687228013e-09
3.46043681683e-06
1.38992955168e-06
0.0
0.0
1.09540968228e-06
5.47505212856e-05
9.30866756775e-05
0.000116491085705
1.59142655796e-05
7.69145658492e-05
6.79948515978e-10
1.30852068464e-07
0.0
7.76832475547e-06
1.52614117933e-05
1.87740538477e-08
0.0
0.000420391883478
7.50892594412e-06
3.76379996749e-08
2.67765720928e-20
0.0
2.24778708616e-09
0.0
0.00155397253271
4.35506077195e-05
0.000483333675029
0.000120685554316
1.17800954685e-05
1.03727006448e-10
5.41175983234e-07
0.000260866690334
0.0
0.000343533583245
0.0
0.0
0.000211522737105
0.000507864729633
2.42815145955e-11
8.35931484742e-05
1.06531062857e-06
0.0
0.000229765737293
1.03523684446e-08
4.81336918524e-10
0.00160729013878
4.54480389275e-05
5.51931118757e-07
0.0
3.04354548285e-08
3.92429859445e-08
4.37234329431e-09
0.0
3.56383263024e-05
4.12072678265e-07
1.74066409606e-05
1.79948776051e-07
2.13688364017e-05
0.0
1.6342255948e-07
0.0
0.000285243456575
0.0
7.66127464094e-07
0.000137714964482
1.29499489519e-06
9.7456946317e-06
0.000235460966942
9.81883030133e-07
1.04838812505e-05
0.00144122499176
0.000227965416163
3.57301445954e-06
2.45978719693e-09
6.58852249369e-06
3.90005133004e-06
0.000298274348695
1.15699024241e-11
3.96148655525e-06
1.88382692382e-05
0.000968846231647
0.00155397253271
4.3565686477e-06
0.000285813748846
2.7495667932e-05
1.47523330222e-07
1.95107629235e-05
6.31908087077e-06
0.000279367874045
0.00025112515847
3.61682804627e-05
4.481107018e-05
0.0
0.0
0.0
2.14359311034e-05
6.36620818664e-06
0.000187603446169
0.000215946665248
6.65867496046e-09
0.0
0.000494181225414
0.0
0.0
0.0
7.62253684543e-06
9.23030319411e-11
0.000904929256927
0.0
7.68370593158e-11
5.01179134138e-06
0.000128413435855
0.000545842632416
0.000105902583629
1.24374690365e-06
1.98011845737e-07
3.08629640295e-08
0.000494181225414
0.00149166613688
0.000128979964862
1.82717551842e-05
0.000290084288267
9.40971163928e-07
1.15498377315e-06
5.28944207517e-07
1.07719838591e-07
1.63275168611e-05
1.62620911362e-06
5.23630947096e-05
6.94934819426e-06
4.4353209549e-18
2.0572971732e-10
0.000227685114429
0.000102378171038
9.97148989272e-05
1.2224413157e-07
3.31794091094e-06
5.84051957407e-10
0.000150317993113
0.00149166613688
0.000227685114429
0.000968846231647
4.97771307865e-07
0.0
7.43604000397e-05
0.00131928533036
2.34193110131e-06
0.0
3.04967665893e-05
0.0
7.21734809299e-10
2.42328405496e-08
3.04188534456e-09
1.42025001167e-06
0.0
4.94163812631e-05
9.19292751928e-06
7.56340832039e-05
5.0815219267e-08
1.48143521768e-05
0.000227434500174
1.19423822202e-05
0.0
4.22994868228e-05
0.000137438534773
0.000567540264367
3.55221516306e-07
3.71329119239e-06
0.000519852977384
6.75052387474e-05
1.22774729874e-05
0.00149166613688
0.000680690489883
2.12732629843e-14
8.38942209886e-07
2.38998656457e-05
5.36231459906e-05
0.0
6.49268269952e-06
0.000567540264367
3.39817233196e-05
0.000987940460194
0.00270836983279
0.00295681471065
0.000149859588064
0.000525285322666
0.0
0.000133230267335
0.0010580071595
5.50100483781e-09
7.69839194636e-07
2.88380270818e-06
0.0
0.000125718390164
0.00155397253271
2.1183886065e-06
0.00295681471065
0.000556042304357
3.86785714128e-09
0.00072437465949
6.29758948759e-06
5.63474816105e-07
5.33538723902e-05
0.000133485597878
1.02640858976e-06
0.000525285322666
5.63785065953e-09
7.71152780105e-09
0.000494181225414
0.000150317993113
0.00270836983279
2.92024500149e-09
4.09691193753e-07
0.00295681471065
2.41081661274e-08
1.89941834121e-05
6.0025816794e-07