500
1.20100807546e-06
9.12056283116e-07
3.68133507348e-19
9.41021157014e-07
5.28237594407e-09
6.63235110544e-08
5.91796884984e-13
9.22576314512e-37
0.0
1.4352015132e-05
2.87698994618e-07
3.40795431475e-05
8.77509160546e-17
3.35210701612e-06
1.76424082992e-17
4.31116244167e-07
9.14848291562e-33
2.8689719919e-05
5.97546174641e-09
0.000390088053648
5.56624434366e-15
1.27992102092e-07
0.000297976737072
0.000389924461627
3.65344309156e-07
7.18979927036e-07
0.014252541292
0.000297976737072
7.55512217339e-24
0.00406626664904
0.000748187067634
1.49803214385e-06
1.33531629886e-08
0.000389924461627
1.3378991074e-13
5.54232235637e-06
1.2723194877e-05
0.000297976737072
0.00456102848684
0.000164291292692
3.21673223134e-12
0.00407796422283
7.29520796664e-10
0.000143816216083
1.81286724395e-09
7.37307486884e-22
0.00456102848684
1.17547400154e-08
6.69109607546e-07
0.000297976737072
3.62709143551e-21
0.0
0.001213581301
1.20722936705e-08
1.04290706914e-11
0.000402288696693
0.00170034950055
7.67462320952e-13
2.99163497918e-05
4.11822499283e-05
5.42651064794e-09
1.50125612427e-16
2.29253636069e-09
5.80315201083e-07
6.17308725447e-06
0.0
7.63522746057e-10
9.71624298249e-05
6.6245026327e-25
1.06884799136e-05
6.95412674199e-19
0.000143816216083
4.11822499283e-05
3.13237999839e-30
0.001213581301
0.0
2.28515497772e-07
2.40065343671e-19
0.000164291292692
2.18015503619e-14
5.52958110573e-09
0.0
0.00161726931902
1.15739542044e-09
2.74912477132e-10
3.80996860993e-18
0.00456102848684
2.11984038344e-05
5.01338322376e-18
0.00109498490712
3.91498504024e-06
9.91404047241e-08
6.01841010092e-17
0.00406626664904
0.0
6.36008893983e-05
0.00425600894538
6.92565363712e-05
1.35526838461e-06
1.588620578e-07
3.84551760121e-21
5.61512568445e-06
2.84998485885e-07
0.001213581301
4.03045554579e-08
0.000769296758421
1.9600867934e-26
0.00170034950055
8.86556696333e-11
0.00456102848684
9.47271466371e-06
8.37246219814e-10
1.88326797657e-12
2.02979707777e-11
4.53200625471e-07
0.001213581301
3.47480481355e-05
1.00658279903e-06
1.91887292062e-05
4.67583861904e-06
5.14502547327e-06
0.00161726931902
1.18529350158e-06
5.39136191842e-06
0.0
4.74073235008e-07
2.2358026677e-05
3.29626158064e-22
0.00170034950055
3.81106816259e-05
1.97527316002e-07
1.16301189852e-05
4.23494975004e-17
7.09830542977e-25
0.0
6.24324435494e-06
6.62693162555e-05
1.24205249103e-09
4.06064653058e-18
1.08431109837e-09
7.18132059315e-06
3.79761878011e-05
2.43936192048e-07
5.20000081654e-06
2.20028788086e-08
7.52417698724e-07
1.27233625502e-08
0.000181335429884
0.0
1.11155089648e-08
2.08253489273e-18
1.08515790115e-16
2.37282420995e-20
2.44740696835e-10
5.28007590643e-06
1.14517057679e-05
0.0
2.19079029643e-07
1.47251683551e-14
0.000164291292692
9.10784609978e-11
0.000205652289125
1.2723194877e-05
6.40798877244e-08
9.75782554574e-08
5.31491300395e-08
0.0
8.71609712437e-08
4.95671512229e-20
0.000114417934707
0.00170034950055
9.06205755286e-08
4.55310165162e-18
9.70642042476e-08
1.4352015132e-05
8.01232265395e-09
6.51502081569e-05
3.14614701208e-11
9.96676673773e-10
3.81181463044e-14
0.000297976737072
0.00407796422283
1.51467441458e-08
2.65098233518e-06
0.000226657365906
1.99642003445e-10
1.40659494177e-15
0.0
6.18077807534e-07
1.61589837392e-08
7.14047602398e-07
5.27786926958e-19
5.76469317133e-16
1.37617180299e-05
7.84022395917e-09
1.64181108841e-05
1.12206261339e-15
5.24976315133e-07
1.5036643823e-06
0.00109498490712
6.64294421515e-09
5.9089076368e-15
1.4352015132e-05
9.11825795621e-13
1.0868214005e-19
0.000769296758421
6.96505388504e-06
9.85986095243e-14
1.37617180299e-05
0.000625467984894
9.48858366648e-06
0.00407796422283
1.39321737905e-09
1.21841495061e-14
0.00407796422283
2.34858606734e-08
0.00170034950055
3.4251392996e-09
0.00456102848684
1.01064309814e-12
1.54852724633e-07
6.62693162555e-05
0.00407796422283
4.64587212289e-19
0.00425600894538
0.0
0.000769296758421
5.91061445115e-07
0.0
0.000297976737072
2.17337771052e-08
5.76825521733e-07
0.00161726931902
2.20502717974e-11
6.36381967337e-07
3.23941541066e-05
0.0
0.001213581301
0.00456102848684
0.000114417934707
2.58711445486e-09
2.06846499883e-06
1.08852132657e-19
1.7722775158e-05
0.000390088053648
0.000428542916847
0.000483088522526
5.47628219294e-10
1.84636167475e-09
2.02104224053e-07
4.28849942304e-11
0.000183999123532
0.000113101030582
4.42261843844e-07
4.41064752954e-05
1.63202247855e-07
0.000402288696693
3.24860360071e-09
3.70312977552e-12
5.19960439444e-06
4.03960573634e-22
1.23328159878e-08
0.000576042028319
8.08341930213e-11
1.46340508504e-17
7.95816474406e-23
1.69538850558e-16
9.61698314744e-13
6.96505388504e-06
5.33518149105e-12
1.7722775158e-05
1.97527316002e-07
0.000226657365906
0.000402288696693
0.000197126877924
1.22131997524e-13
0.000244990770974
6.39088708765e-08
2.038719349e-06
1.44796193014e-22
1.45414145789e-10
0.000713170749387
1.85975749529e-12
0.000769296758421
5.54482832079e-09
1.19364156658e-13
3.27743230346e-11
0.00186436559421
0.0
0.00456102848684
3.61751351377e-12
3.41194950397e-17
2.10057267325e-19
0.00456102848684
8.69270160973e-09
1.11284950609e-14
1.02391351787e-06
1.16446747182e-13
4.18159283463e-06
0.00425600894538
5.83084122568e-11
3.27530298476e-13
2.26747998661e-06
1.86528247629e-09
2.10468077868e-13
3.67992972599e-06
0.000297976737072
1.14636659879e-08
0.000101418979625
2.64196833298e-17
2.57900237172e-28
1.52277727647e-05
0.000428542916847
0.000297976737072
3.58370139743e-08
1.09991394353e-05
3.45713316193e-05
1.18004700002e-17
2.8689719919e-05
4.67284086246e-11
0.001213581301
0.0
0.000402288696693
6.99910020322e-10
5.81814030858e-07
0.00109498490712
7.00583020827e-11
9.60439002121e-06
9.12056283116e-07
7.54258286926e-06
3.55676731037e-08
1.66772053971e-13
0.0
0.00407796422283
3.64918629531e-19
0.000169057695939
1.00450146596e-19
1.05835750063e-10
2.2358026677e-05
2.13377170356e-10
1.19739877462e-11
2.62632651618e-09
0.000625467984894
4.76255278096e-07
3.13339747533e-19
0.000402288696693
1.0253825878e-05
5.28007590643e-06
4.67649460752e-06
0.000390088053648
0.00456102848684
0.00456102848684
5.77051891104e-06
6.16260887929e-11
2.28972973699e-10
8.58696186659e-10
0.001213581301
6.2378267226e-07
3.93716452414e-06
6.36381967337e-07
5.1024194492e-07
0.00456102848684
0.0001542787755
0.00406626664904
3.62452760284e-06
3.98477611268e-05
1.1309973749e-08
3.76840084268e-19
3.35794364792e-08
3.19305782972e-10
4.43851673459e-18
2.11984038344e-05
9.54550686554e-10
2.43817598355e-10
1.24584806117e-24
5.98676773917e-09
0.000769296758421
1.34867987292e-12
0.00425600894538
7.65678709523e-08
1.60781931198e-23
6.36381967337e-07
7.71523674651e-11
7.44793432458e-11
0.00407796422283
6.42518654866e-07
0.0
2.69500911025e-05
7.83064424e-11
5.86029258536e-06
2.30299653824e-07
2.65603010381e-11
1.40908534876e-16
0.00407796422283
0.000216500090832
0.000413475130542
0.00170034950055
0.00456102848684
2.06983371481e-11
7.82607678601e-10
1.84436812602e-31
0.0
1.53554730763e-12
0.000906992635297
2.06846499883e-06
1.81551739368e-06
2.68940687255e-09
7.40269293678e-08
5.51565644492e-14
0.0
7.87498537387e-13
6.94903568003e-17
2.46493969039e-07
0.000769296758421
6.79864375835e-21
3.40294127204e-28
2.02104224053e-07
4.90016591066e-12
3.36357555554e-16
9.0042093772e-07
0.00161726931902
0.00407796422283
0.00170034950055
0.0001542787755
9.98637004593e-11
0.000140126496897
3.46829931481e-06
2.54284506341e-11
0.001213581301
6.15463691887e-22
3.09952545389e-06
1.06810822926e-10
0.000113101030582
8.53987531028e-07
7.22933680904e-13
7.82659443228e-11
2.05803622813e-06
0.000158212586357
5.5202860519e-09
2.16546881286e-06
1.04340180778e-10
1.05173959495e-16
2.68038680442e-07
5.48105943485e-15
5.47210947875e-16
1.63553423085e-06
4.53491204168e-10
1.39544016593e-12
6.79087523261e-17
3.45337734368e-11
3.21168695895e-08
1.00535309286e-12
1.30319011197e-28
2.90769690832e-14
0.00170034950055
3.73420993425e-10
2.91173009388e-10
0.00407796422283
5.07699080262e-05
1.00919453132e-16
1.00774908539e-09
2.79733249329e-10
0.0
3.41240971677e-31
0.000216500090832
4.56720296941e-12
1.3455405348e-14
0.000748187067634
2.73343416192e-15
7.95625645495e-11
1.34766779835e-07
2.25658211367e-08
0.000120323627333
4.32568554186e-18
8.49038113232e-12
4.96995681016e-05
2.27323404557e-08
1.75257221991e-26
9.71624298249e-05
1.02966842391e-18
3.10244227004e-20
0.0
1.30547126194e-31
1.8459268631e-18
0.00170034950055
1.30272896614e-06
5.69031499766e-06
2.96385656009e-08
0.001213581301
1.7928641572e-12
1.46140257524e-11
7.44819465395e-06
3.16814541724e-07
0.00425600894538
0.0016272149696
2.93200009134e-09
0.0
6.69486797867e-08
6.28156954369e-19
2.58124202409e-18