500
0.0185869211257
0.000302371886415
1.11764262285e-05
0.00560053929257
0.0597471063008
0.0
0.0
0.000888035762405
0.0185869211257
4.75568849913e-05
7.93727840468e-10
0.00020938346717
8.39097717827e-05
3.85237297306e-07
0.00183751862617
0.0185869211257
0.0
0.00183751862617
1.28676207294e-13
2.61959656256e-05
0.0
0.0
4.10179232874e-09
2.78589681752e-06
4.13120429302e-11
2.11631890046e-07
3.84377561461e-06
0.000317572659182
0.000203915440207
0.0597471063008
0.0185869211257
0.00215048164396
0.0597471063008
2.54704161741e-05
0.00604335324095
1.02038879534e-05
3.34717862635e-05
0.0597471063008
0.000575752391219
0.0185869211257
0.0
0.00434854878968
0.000639499303445
0.000137114140113
0.0
0.0
9.9637119657e-08
0.000334193686657
0.000236283844494
0.013247690725
5.368911065e-05
0.0597471063008
0.0
0.00149115576078
9.17637616695e-06
0.0
1.675501464e-06
0.000286659168577
0.0
0.0
7.54310167619e-05
3.65312171984e-08
2.50639679633e-12
0.00145288387436
0.000473968562795
3.00335078735e-05
9.48483895446e-06
1.74747862567e-07
0.0
0.00215048164396
1.05975289806e-05
0.000473968562795
0.0
0.0188662877568
1.26653289252e-06
0.000117635068247
0.000284159833852
0.000194900367833
4.34112443481e-07
0.0
0.0
3.37728777076e-06
0.0597471063008
0.000251264120118
3.26340849877e-07
0.00323200233432
0.0
1.97345779647e-05
5.06984559568e-09
0.0
0.00604335324095
2.01907019088e-05
5.26259750653e-15
3.30889598618e-06
4.90814215743e-05
0.0597471063008
3.98840609173e-06
1.24057934126e-09
0.0597471063008
0.000368972045558
7.34565700563e-08
0.00323200233432
0.0
0.0
0.000127609351618
2.82363329282e-08
0.000844960196327
5.18084457916e-07
1.63986855682e-10
9.3022228505e-07
0.0
0.000639499303445
0.0
0.0188662877568
0.00323721908665
0.000312153489967
2.60921336502e-06
0.0
3.28829634611e-09
0.0
9.48483895446e-06
0.00149115576078
0.0597471063008
2.533491465e-07
0.0
0.0
0.000753922143612
1.02840991117e-05
0.000314747634274
0.000117635068247
0.00178333235456
4.20225565904e-08
1.03129508293e-05
0.00604335324095
0.000743765494225
0.00541784967108
0.0
1.01743282271e-09
2.66658220096e-06
0.00986197955555
1.24729464025e-12
0.0
0.0
0.000277135489052
0.00986197955555
0.0010571372473
0.0597471063008
0.0185869211257
0.0
0.0
0.000152569899286
0.0185869211257
0.000183625496963
1.63623740126e-11
1.32979440588e-05
2.4118136517e-06
0.013247690725
1.428016799e-08
4.17729390781e-05
0.0188662877568
0.0597471063008
1.94074349534e-05
2.33745941467e-05
5.17519524766e-07
0.0597471063008
3.95327635082e-07
0.000586655357311
4.93252602817e-07
4.78635554889e-08
6.29061833974e-07
0.00604335324095
0.000502000491012
0.0185869211257
0.0
0.000689356403822
9.36662395976e-05
1.34279847673e-05
0.0
5.55740290387e-06
0.0597471063008
0.0185869211257
0.00183751862617
0.0
0.0
6.87899108901e-09
5.37154979557e-06
0.00156150594746
8.05354583456e-05
0.00149115576078
0.0597471063008
0.0185869211257
0.000203915440207
0.0
0.0
0.0
0.0
2.96999292287e-08
2.76201862709e-09
1.28456503481e-13
0.000753922143612
1.72215533014e-05
0.0597471063008
0.0
0.000176644016805
0.0597471063008
4.28952962091e-05
0.0
0.00417536120283
0.0
0.0
9.98876443081e-06
1.65629170447e-05
2.25487799349e-06
0.000888035762405
0.0
6.02838351055e-13
0.0
0.0597471063008
0.00560053929257
3.13972676823e-07
0.0
0.0185869211257
0.0
3.90204069468e-07
3.13619146663e-06
1.88905518139e-07
4.55032252098e-05
6.0527185331e-05
0.000200555004975
0.00323200233432
0.0
2.13718209086e-09
0.0
0.0
5.17387218922e-05
0.000639499303445
0.013247690725
0.000689356403822
2.68158656046e-05
0.000709197968159
4.27964611413e-05
0.000743765494225
0.0185869211257
0.00170920321292
0.00323721908665
0.0
0.0
0.0
4.08104885984e-05
2.03370231298e-06
0.000426364943405
9.471556271e-09
0.0
0.0
9.54522764058e-05
0.0
2.73228582867e-05
0.0
0.000444875510784
0.0
0.0597471063008
0.0
3.44842680938e-07
7.79287003672e-08
0.0
0.0185869211257
6.51014153522e-11
0.0017778041053
0.000536158018727
0.000575752391219
0.0
2.30122682423e-05
0.0185869211257
7.24649957554e-17
0.0
3.66994516065e-07
0.0
0.000287344104415
0.0597471063008
0.00170920321292
9.16060132333e-05
3.73789778294e-05
3.29330352563e-05
6.14767621513e-11
0.00604335324095
1.4933306838e-05
2.09821163213e-05
0.00178333235456
1.77962291197e-05
0.00323200233432
0.0
0.000908940436931
0.000661600157519
1.40450161813e-06
0.0597471063008
0.000117985198794
0.0185869211257
0.0
0.000199008284125
0.0185869211257
1.34124323537e-06
0.0
8.28365352559e-08
0.0
9.22721145514e-05
0.0
0.0
0.0010571372473
1.65655243371e-10
0.0
3.63433428611e-05
0.0
6.87896883546e-06
0.0
0.0
0.0
0.000152569899286
0.000664300068084
0.0
0.0
0.0597471063008
1.29045269021e-05
1.04641622224e-06
3.59169195812e-05
0.00183751862617
1.62594111442e-06
0.0188662877568
0.0
1.48667882472e-08
0.0
0.0
0.0188662877568
0.000413082096659
0.0185869211257
4.99348381313e-05
3.63339801875e-08
7.20976311383e-09
1.02569779927e-05
0.0
0.000801067666357
0.0185869211257
0.0
0.00178333235456
9.17532458043e-07
0.00215048164396
0.000439577593285
0.00541784967108
0.00160058045014
0.0029890529754
1.03536847835e-07
0.000743765494225
0.0
2.30537154774e-06
0.0
0.0
0.00178333235456
9.85951758433e-10
0.0185869211257
0.0
1.11548575605e-06
9.53859630834e-06
0.00541784967108
5.46347154336e-05
0.0185869211257
0.0185869211257
0.0
6.209673199e-12
2.38765363019e-06
0.0185869211257
0.0597471063008
0.0
0.013247690725
3.24664179394e-14
0.0597471063008
1.96405018511e-05
0.0597471063008
0.0597471063008
0.0185869211257
0.000801067666357
0.0597471063008
0.00183751862617
2.16933924797e-06
0.00120253673365
0.000709197968159
0.000863777238582
0.000189561139793
3.21728659326e-09
7.98667150301e-09
0.00187649690864
1.75888082031e-05
0.00198219516526
0.0597471063008
0.0
1.43107838638e-05
0.00613298656149
0.000152569899286
1.42086305104e-07
0.000163724122926
5.78328994162e-05
0.00120253673365
0.0597471063008
0.00149115576078
5.03107741205e-07
0.00178333235456
0.0
3.6444567e-05
1.13793858854e-07
3.30303654647e-07
0.00986197955555
0.0
2.70337888564e-05
0.0
0.0
0.0
8.76262779366e-06
0.0
0.0
3.54514146952e-06
0.00323200233432
0.0597471063008
0.00070918602208
0.0185869211257
0.000844960196327
0.000194900367833
1.01735941891e-07
6.67537014702e-06
1.13749920026e-06
0.000135754216244
9.51100320523e-06
7.11740562132e-09
0.0
0.00604335324095
0.0188662877568
2.3861676882e-06
5.24639710174e-15
0.0597471063008
0.0597471063008
0.0
0.00604335324095
5.37488232161e-06
0.00057684193412
0.00560053929257
0.00170920321292
0.0
0.00143995297938
0.000332011256676
0.00986197955555
0.0597471063008
0.000194900367833
0.000190569933526
0.0597471063008
0.0
0.000473968562795
0.000709197968159
0.00323721908665
0.000286659168577
0.0597471063008
1.88792844906e-08
0.0
0.000198564954243
0.0188662877568
0.0
9.89992317416e-06
2.37002331181e-05
7.20410800956e-08
1.05436450965e-10
0.00024311021227
8.38433367611e-07
1.42589700682e-06
0.00170920321292
0.0
1.41562282976e-09
0.000426364943405
0.0597471063008
0.0
1.45812753721e-05
9.00819257393e-05
0.0
3.1524167448e-05
0.0
0.0185869211257
0.0
0.00178333235456
2.02670343606e-11
0.0
9.10238727471e-12
0.0
0.0185869211257
2.55225487262e-05
0.0597471063008
0.0
5.6118898635e-08
0.0
0.000639499303445
1.85094030292e-09
0.00127026799411
0.0188662877568
0.0
0.000165894525391
0.000162074440711