500
4.5100103893e-09
3.56699482314e-07
1.35579331774e-06
2.22498247025e-10
1.74745148364e-18
2.64450376982e-12
1.16564443597e-06
0.00449260458199
0.0246008048811
7.35083705792e-11
1.07382463589e-06
2.16880033562e-05
3.12415914735e-05
2.97901048994e-12
1.45107766807e-27
1.75529629701e-05
0.0246008048811
2.48807630692e-22
8.35760903537e-09
1.541271712e-08
3.63689560978e-14
1.39275479449e-06
2.18413674418e-06
2.44766496463e-23
0.0118784889004
1.03806966614e-09
5.80570167469e-05
2.03512515356e-09
1.08676625778e-09
1.65770014113e-15
0.0159028949759
2.31732493765e-06
0.0246008048811
0.0255095417369
1.04974267279e-12
0.000392307953826
7.29857644428e-07
1.13726474076e-11
9.42459415666e-14
4.9083171613e-14
1.37443767242e-13
2.70928437667e-06
4.14121586961e-06
7.02462654163e-12
0.00329736089152
0.0147345190185
3.81620004372e-17
4.80321045701e-11
2.75089059208e-11
2.24742414855e-21
0.000486197955714
0.00159212940145
1.68570042045e-09
6.60962970059e-06
2.35569079021e-06
8.29596585464e-13
2.80009965423e-15
8.06604708921e-11
0.0255095417369
0.000334893519873
0.000575621063761
0.0020919761794
0.0118784889004
2.62909763517e-07
1.3953505713e-33
6.28303745456e-06
0.016227443853
2.13541023419e-09
2.4056956233e-09
2.37655087188e-18
4.06629324127e-07
0.0118784889004
5.7881494992e-06
1.81502113642e-13
9.59927961974e-19
0.0118784889004
0.0147345190185
3.02962952953e-21
2.49934031286e-06
1.47993012006e-08
1.39594251883e-05
0.000431946420274
0.00281015189436
1.88517757096e-28
1.57620815707e-62
2.40825572019e-13
9.03326590492e-13
6.31552227799e-13
0.00369239511446
0.000226397521363
7.32752099287e-06
1.5628116982e-13
0.000392307953826
1.14676971636e-14
1.16731809187e-14
1.51759190084e-06
1.18746204419e-08
0.0246008048811
1.73258152334e-24
6.67854166037e-11
0.0255095417369
0.00222757109806
0.0246008048811
2.38174206072e-10
5.00207931623e-11
0.0255095417369
2.0794393206e-05
0.0159028949759
3.68293881288e-05
2.52185682934e-11
4.32972623266e-09
0.016227443853
1.54253129329e-12
0.0159028949759
0.0118784889004
8.48886261537e-07
9.52852638602e-13
4.30267748573e-05
1.50423229031e-06
0.00276068966617
6.40378849482e-09
9.10093352586e-13
2.32896447896e-26
4.47919088435e-14
1.16564443597e-06
2.94903490758e-29
2.40460014389e-12
3.94887097615e-07
1.45321801329e-10
0.000259432390193
2.6203945377e-11
0.0159028949759
3.53255498277e-05
9.03999561234e-07
0.00280073313635
9.75513104476e-11
8.42840828006e-30
5.13338764981e-20
2.28437132973e-09
2.57588148383e-11
9.52203892861e-07
9.12168850206e-13
0.00217504016591
1.17012665201e-17
5.03880624222e-09
0.000209145935706
6.33471926063e-08
1.08278480968e-15
7.40166855662e-07
0.0255095417369
7.78426220291e-12
1.74051897106e-17
0.000186132527485
1.15960807677e-09
1.03319035856e-07
4.80993250544e-18
1.06256141098e-08
6.7710294784e-13
3.47073267573e-18
0.0255095417369
5.53115682768e-06
0.0002803973477
2.30622132798e-05
4.04644355167e-09
0.0246008048811
4.48392690801e-09
0.0246008048811
0.0255095417369
4.4102087877e-14
1.41829870936e-11
4.29383124131e-16
0.000220906015747
1.95637368031e-06
8.49782778099e-14
7.10240577485e-07
2.79617399822e-16
0.0118784889004
9.79243850876e-08
0.0255095417369
7.62839351946e-05
0.0255095417369
0.0209658574581
2.98693118212e-05
9.77277592607e-21
9.65106007165e-08
2.15613216095e-24
4.51918629549e-06
1.80364383875e-25
4.34959079422e-06
2.5822344032e-17
5.76850490033e-05
8.70937461207e-14
2.69591121103e-05
0.0246008048811
0.000197444856295
2.11341938972e-12
5.28094738681e-05
1.63052721363e-07
1.86162175323e-06
8.72691208559e-31
2.03467554774e-10
0.0255095417369
3.25697941786e-05
0.016227443853
7.48051252582e-07
1.28699402709e-06
3.52852234689e-06
0.00128551198196
7.28741197601e-06
2.97584256303e-09
4.00352350794e-06
1.78536803707e-05
3.82549133586e-05
2.6727020021e-07
4.1833584082e-12
4.58231323146e-19
7.34145320554e-10
1.57018053412e-41
1.32597228155e-30
4.12564162875e-06
3.5471549221e-06
1.40158447463e-18
4.15297142955e-10
0.000433149232965
2.46060204992e-11
4.81464031866e-09
6.79517740746e-07
2.3660513524e-06
1.35343311437e-10
9.54696679487e-07
5.28084489305e-21
6.0741066675e-08
3.04559824492e-05
5.95833706e-08
0.00255032396092
3.12935491338e-20
4.65454518574e-05
1.1699389875e-08
1.68795045231e-06
4.38126545927e-09
5.71513868368e-06
5.02649894025e-05
6.74618674687e-05
7.43797811914e-09
1.31951594978e-13
0.0118784889004
9.46635616815e-33
4.06629324127e-07
1.43064358067e-06
1.97980553296e-23
0.00079121358346
0.0255095417369
6.82614747182e-06
0.0147345190185
3.24083621623e-10
1.38530414793e-10
1.75888524033e-11
3.20510614311e-13
4.38575867891e-11
1.43764875711e-17
1.4096620419e-16
8.86414255235e-05
7.27429459374e-17
2.85494746576e-09
2.37593752865e-08
1.89017484295e-23
1.48058913835e-22
5.73423107368e-24
2.02598338725e-11
0.0255095417369
8.01971356904e-13
5.93375645675e-08
5.85964010939e-11
3.07842994135e-10
2.98498006477e-05
4.20843819518e-14
6.22947734124e-05
2.02140399774e-09
0.00329736089152
1.73465728716e-09
0.000415042680517
1.82624762085e-08
0.00172732835832
8.90043795069e-16
3.30722711653e-07
5.78957981385e-05
5.70829975073e-22
4.03382680509e-05
6.42844569826e-11
1.97375533682e-08
8.145396975e-09
0.000197444856295
4.92103727537e-09
3.57565251914e-12
4.74240840885e-05
0.0246008048811
4.70325260709e-22
4.88426906002e-08
1.89690989111e-06
0.00276068966617
7.94236125815e-20
3.89631359861e-07
1.06507102507e-28
1.99576465951e-26
1.73157897145e-05
0.00103726593116
8.78887939809e-15
6.13561300741e-26
1.113766137e-05
0.0255095417369
4.69142652955e-11
4.12564162875e-06
0.00172732835832
0.00172104063158
3.23331081635e-05
0.00280073313635
1.23962032924e-21
3.99354157663e-16
0.00449260458199
0.000267141108081
2.0321402722e-08
2.85200564908e-11
9.11609942654e-07
0.00433256268848
8.14602215505e-16
5.80426737714e-06
4.05084744101e-52
1.54620831471e-09
0.0118784889004
0.000415042680517
7.86031499715e-10
8.25762823913e-05
6.61473063609e-13
1.97396077579e-05
0.0118784889004
4.22613279281e-08
5.25828691633e-05
1.07879704076e-05
0.0118784889004
1.42417800693e-07
0.00252975594519
0.0118784889004
2.50847151442e-06
0.0159028949759
0.000436616596351
4.59351158266e-19
0.0118784889004
0.000268299358118
0.00217504016591
0.0159028949759
0.0118784889004
0.0118784889004
1.86712526779e-06
5.95963298783e-21
0.0255095417369
2.33047988409e-15
0.0159028949759
6.62087740062e-11
0.0255095417369
1.74304703492e-21
5.03742083082e-06
1.56935090353e-14
2.2912149485e-11
3.05155499814e-05
2.56215664802e-17
4.56491617525e-07
6.88818580308e-06
3.23119875937e-05
0.000112254832593
8.45992936506e-44
3.03451182385e-05
9.16352321594e-10
1.12384249301e-07
0.0255095417369
0.0255095417369
2.56097741552e-07
0.000487974253047
0.0255095417369
3.31089491519e-18
0.0159028949759
3.56054538353e-06
5.49457412892e-11
1.85098824239e-13
5.09425114466e-17
7.70271209783e-14
2.80258820585e-06
1.48892711462e-06
1.15074842862e-09
2.00466942024e-22
0.00449260458199
0.0246008048811
3.03241755463e-05
8.06708569523e-23
0.0118784889004
0.00175616390978
0.000214768670354
4.21778131337e-30
4.34278938518e-14
5.80679652816e-18
1.12278796356e-07
1.60917137207e-11
4.48172446647e-12
0.0147345190185
5.55550894947e-09
0.00079121358346
9.05966205016e-11
1.45595809967e-17
8.49345210348e-20
0.00159212940145
6.73814599012e-08
0.0209658574581
1.77740380339e-09
1.37185639795e-15
3.60838836464e-06
3.5078866422e-17
1.12076311262e-07
0.0255095417369
4.88612925708e-19
3.76564743139e-05
0.0118784889004
0.00267207121552
2.11458624334e-14
0.0118784889004
5.46591809427e-15
0.0118784889004
3.03876098681e-07
0.0159028949759
0.0255095417369
4.48873441576e-05
6.90911867051e-05
3.00916109582e-10
0.0147345190185
2.30622132798e-05
8.2093100369e-07
1.66074341527e-11
0.00341916314081
4.365087303e-05
8.20269514661e-06
3.32677966914e-05
3.66031997723e-14
3.50204351547e-18
0.0159028949759
2.25397508528e-12
8.45915835336e-12
0.000267141108081
0.00433256268848
0.00449260458199
0.00449260458199
1.3205776821e-16
0.000139029602163
3.16029979173e-08
0.0255095417369
0.0118784889004
5.76123776024e-12
4.80816177609e-13
1.77219851849e-10
0.00079121358346
2.42115181023e-11
0.016227443853
6.90032973416e-17
1.69142529701e-17
2.86417887785e-14
8.99273459126e-06
9.75920270108e-18
0.00162234348659
0.000214512123534
0.016227443853
4.34851622859e-07
4.72514535171e-05
2.47163359173e-14
5.54801037686e-29
0.0147345190185
0.000268299358118
4.9752953445e-16
2.27746967872e-08
1.73384116689e-24
0.00014166798836
6.1240242532e-06
0.000280004121574
9.69184730698e-12
0.00397677634584
1.16535646373e-07
0.0159028949759
0.0118784889004
0.00217504016591
0.0118784889004
5.96080046287e-07
1.89479683123e-13
0.0159028949759
1.03557807168e-06
3.14311725951e-08
2.24019754946e-07
0.00277077569314
1.49445101849e-16
2.09438798353e-06
0.000700368662719
3.42084335593e-17
0.0147345190185
1.87695504106e-08
9.55011535015e-11