500
2.09564298429e-51
1.84042556793e-11
2.16617079369e-05
2.30008228941e-63
6.40238413454e-13
5.08409127155e-25
2.79050432631e-30
4.03588390756e-29
3.0584139199e-16
0.0118994413408
8.51610764056e-09
4.28464661167e-36
9.88408196042e-24
1.72406666279e-10
2.13179721908e-30
7.44670365333e-05
6.99643315573e-67
4.80667072726e-16
5.89965610957e-08
1.8548379171e-27
1.21956962747e-77
2.01350038943e-78
1.61029079644e-08
0.0118994413408
1.50347029967e-06
3.69538158002e-16
1.53400736992e-13
6.39038225078e-38
0.0118994413408
1.64217438983e-71
4.67926386647e-14
8.40595230845e-06
2.24142334506e-56
3.95836078088e-15
2.60946068654e-08
2.82564629376e-17
4.46617081144e-05
1.91245570524e-16
5.8972997381e-11
3.46095092621e-38
2.54093094604e-11
9.01841419898e-17
1.43348047396e-27
5.71008021617e-62
7.36165295356e-06
3.91387732675e-39
2.10548040228e-79
5.85247424249e-18
4.70013445831e-16
8.24519544986e-26
2.45353163362e-57
3.78059906957e-09
4.79331221334e-36
4.8018184746e-65
1.12791201201e-57
0.000245164595276
7.58698562799e-41
1.57173462879e-19
0.000127875114817
6.54014888574e-29
1.35808161494e-18
9.82534822151e-32
1.0427662105e-32
4.76047733426e-11
9.99484652873e-05
4.3565093894e-16
8.89887273183e-13
3.3055877562e-15
4.08949588198e-05
3.38258366718e-52
4.22231241294e-09
1.30714091816e-06
5.06321869943e-11
2.93001609705e-100
2.5351657578e-30
3.48373896631e-24
4.16587149505e-13
3.81326392407e-30
8.19353890836e-25
8.47404816585e-15
1.53577222063e-06
3.27039939761e-135
1.06628474964e-10
0.00598065413809
0.00598065413809
3.62063406736e-06
1.61979409299e-83
6.89107385915e-39
1.42742445093e-15
3.68498551588e-13
1.4115568701e-16
6.67249536075e-16
3.31019015168e-10
9.51200202748e-15
3.72094038153e-19
4.32390313542e-117
7.80136792366e-06
2.304695314e-21
3.02108059338e-07
3.65870154621e-10
2.38675937219e-14
1.66115247258e-11
5.55996604463e-65
1.68129048521e-20
4.80209159421e-15
4.83657270289e-23
4.10294447575e-05
3.10654150073e-14
2.18783163891e-56
3.07211633387e-25
1.86741344528e-05
4.00395707678e-70
1.03817335765e-38
3.99069606582e-27
3.21445376402e-86
5.9324116275e-20
2.26407909111e-28
2.19877354504e-61
5.39382700096e-10
1.37580737708e-22
1.90811461097e-09
5.48703373559e-35
5.77678103036e-52
3.46408089698e-11
1.37970074698e-26
3.3732277027e-16
7.38135714682e-40
4.86333262389e-06
1.10435635208e-06
4.30025733914e-29
3.31688971908e-17
6.28854127532e-21
1.71301580433e-32
2.38002320458e-05
2.36883343085e-34
3.53833720458e-05
6.61112753122e-16
4.81830871535e-26
2.95280208429e-05
1.05126963025e-78
3.97369110638e-54
3.5220623663e-45
7.45988078242e-29
1.6153081829e-92
0.0118994413408
2.67935121501e-07
5.83526273941e-05
5.94365341646e-18
1.19757261014e-20
1.33193618102e-22
0.000155917483306
1.03364036867e-25
7.98777113753e-15
4.07279337314e-58
1.62979522289e-21
1.69035375184e-22
4.54571923069e-11
6.07597813942e-29
8.02197925249e-05
1.56022485798e-88
2.45871689606e-05
7.06023635342e-47
6.61737387639e-12
1.4866195238e-77
6.76197349848e-13
1.81773979176e-29
1.36168411447e-49
0.00598065413809
7.06077074873e-07
1.51035281501e-23
6.08903038773e-31
1.45926923587e-08
1.11473728518e-32
8.2675172267e-08
1.53980848123e-75
0.0118994413408
0.0118994413408
1.19657212093e-36
2.07493367561e-26
3.22897443266e-17
2.2683263227e-79
1.95873357312e-24
7.50167124794e-30
1.22280303492e-09
3.12534027845e-08
4.52250483398e-71
1.86922869186e-10
4.66644502327e-28
2.85383967359e-19
3.05021961958e-22
1.75419055094e-08
1.97580925471e-16
5.78632799172e-34
1.02688548711e-07
0.000215372419649
6.84249155341e-10
3.2519752749e-30
3.24837550124e-16
2.58626269735e-09
1.83273605058e-05
3.1301414694e-28
6.75281484078e-13
8.50353545297e-22
2.0631324637e-14
5.5072410125e-07
8.07091830046e-07
5.61623184683e-16
4.1251609424e-18
1.01051618078e-07
3.34138275877e-25
8.49238946867e-29
1.23476533662e-18
4.86473397583e-44
5.48195751577e-16
2.04878450062e-39
1.30066887584e-26
6.16668914908e-33
5.63875225597e-65
1.22457501382e-08
3.40707670541e-09
6.32747875315e-31
5.25568868032e-32
2.67311185422e-10
7.43690840118e-30
3.09300810306e-07
1.41188550204e-19
7.29410226138e-174
1.75527797652e-31
2.91155436092e-37
7.66338526889e-43
7.24852855328e-16
1.79344915654e-12
1.08353801449e-17
2.54681008911e-14
2.31875060269e-12
1.14816346845e-35
1.6120836429e-24
2.69507404854e-20
2.3139525767e-63
2.69207442273e-27
9.01689584345e-27
4.8042162276e-07
2.41785091056e-11
2.01925491061e-41
5.0405752058e-59
3.7355906854e-33
7.50127526691e-112
4.08803110372e-14
0.000488299377062
5.0869006432e-15
0.000658484295688
1.04295463906e-21
2.06217026709e-16
8.77516125064e-51
1.49982483559e-38
3.29889039458e-50
6.84365508701e-07
6.48866960164e-15
5.09082307058e-33
1.00656929176e-21
1.47257339407e-12
4.08363895649e-44
3.98657475735e-53
0.0
2.97814039525e-78
1.44801600383e-16
2.46026520657e-24
2.61506224035e-102
2.93415236581e-15
5.00234785154e-36
1.25147082356e-16
1.17964391128e-55
2.39550941127e-20
3.48954996557e-57
2.09519209846e-15
7.62277563461e-11
4.22840943288e-116
4.77350762099e-28
4.20596562381e-49
4.54818610262e-21
1.46068667106e-14
2.46204124816e-16
1.64830154073e-97
1.86338446628e-57
1.34635310781e-18
6.13748391547e-06
1.01560382446e-11
1.16292147236e-17
3.69948743479e-40
2.71280062794e-16
3.15604443182e-30
1.27901594223e-14
1.34057391625e-50
2.31230583347e-21
5.12820891023e-25
2.19505980048e-51
7.81698207139e-22
8.60792355259e-21
7.31901861506e-08
4.82645874797e-17
1.85189684631e-23
2.10633463487e-10
7.27235304706e-34
0.000242738438744
2.2863814461e-45
1.21636649042e-23
1.62220257932e-65
2.24848052705e-39
2.25735908696e-24
7.77651104124e-05
2.41897210729e-19
2.98934693503e-29
7.04762695156e-24
1.76133603213e-17
1.13239776362e-11
4.51805913542e-52
2.18489355294e-17
1.20465726772e-71
6.8653286777e-35
0.0118994413408
1.58805232264e-28
1.11884913774e-21
8.09383944771e-18
4.35974210374e-34
1.99216508834e-10
4.65679873818e-20
1.20079533492e-168
1.21086392722e-27
8.47383920632e-08
1.22289832051e-39
4.58312892239e-27
7.48749175372e-46
0.0118994413408
8.91459720425e-10
3.81907062275e-11
1.15202986299e-31
0.0
1.76916981111e-17
1.1944963964e-34
1.71638291942e-06
2.03122876573e-12
2.22552244995e-64
2.41869136104e-09
1.7363161126e-19
3.35779077224e-27
3.3100895481e-32
7.39589263396e-12
2.84919301651e-63
3.02614855588e-28
2.3106605725e-25
4.20458172205e-08
5.40567720353e-05
0.0
1.04159848165e-31
1.32091884529e-34
1.0164750826e-08
1.99924355002e-09
5.30959663495e-12
2.38286423042e-35
7.45416489855e-10
1.66998003539e-37
1.51903594978e-69
4.52431262214e-08
0.0118994413408
1.24086979627e-19
0.000634709821429
1.01637151614e-18
1.29643509193e-15
1.0842131084e-29
1.03143351336e-30
1.49886499837e-37
2.44147422511e-28
4.67048384e-16
3.00532011247e-49
2.32739622166e-24
1.6632482126e-09
0.00126041666666
2.011055359e-166
9.21782639243e-08
5.18149259793e-15
4.86210733048e-45
2.69588579124e-09
5.93280534752e-40
6.27465636921e-05
4.9015692571e-39
3.06436107844e-18
6.40218890573e-05
3.06040441124e-27
0.0118994413408
3.72119115359e-36
9.0047247689e-06
1.94319364057e-40
1.28046944353e-11
3.6308563352e-26
3.70137882934e-07
0.0118994413408
0.00598065413809
3.60359549056e-15
1.45952234933e-45
2.25839614568e-09
2.83971727202e-09
1.22227955343e-23
0.0118994413408
0.000146194813562
2.9589270581e-08
0.000274257330248
7.9298719711e-39
0.00111192999996
1.21947800373e-28
1.6979442289e-05
4.69188800204e-21
0.000111412478737
4.34415552556e-26
1.8859152204e-20
2.24417876343e-53
6.37291562619e-33
2.94340509219e-39
6.52164990356e-39
9.65442976673e-29
5.98154216464e-44
1.62715846866e-75
3.98237868674e-16
8.85727107733e-68
0.0118994413408
2.15534557598e-33
1.18505128026e-13
2.49935209334e-43
2.34996436718e-152
1.098591235e-15
1.3037590391e-24
3.16454704392e-06
3.30447675122e-36
6.29389733042e-11
5.62658072456e-82
8.95059910516e-08
8.2707549702e-05
6.73970504913e-29
2.0121408597e-62
1.93453109283e-14
5.0997854334e-08
1.95747972487e-33
1.13309816522e-55
5.41299472686e-22
1.39934884103e-11
8.71043488627e-20
1.07929921615e-37
1.53015213775e-09
0.000965654462909
3.76325608413e-11
0.000151416056904
1.53731472032e-22
1.20119693689e-20
2.83676766584e-27
4.01475278257e-05
9.87607013394e-20
0.000127875114817
9.16275195165e-20
1.71086423745e-37
0.0
8.3697001278e-14
4.09303655471e-22
0.00598065413809
1.1470676486e-12
8.39987353008e-11
4.06791922827e-05
3.83662631394e-37
8.07652504124e-11
3.59938894402e-73
1.70209316967e-35
5.02853423635e-18
1.09085584898e-11
0.0118994413408
3.37500854844e-15
1.71279917106e-48
0.000274257330248
9.74032374758e-36
2.20017682488e-41
0.000260927196911
1.30625443758e-16
6.71296001168e-37
3.70129750369e-12
4.6478516655e-19
1.24915780692e-23
4.42314169543e-08
8.29395694285e-06
9.74479117979e-33
2.23621030943e-25
6.25180104188e-38
4.67716210759e-36
3.09844662807e-11
1.41190258155e-10
2.36757238486e-11
2.4072794547e-26
2.46879164398e-19
2.31899502889e-07
2.78108815129e-86
2.1209903016e-39
5.22595111546e-24
1.70350760831e-18
2.92217747596e-28