500
0.00145913299399
0.0149114697063
0.000719198702393
0.0220827757651
0.0205756463528
0.0220827757651
0.000172848207784
0.0220827757651
0.0149114697063
0.0220827757651
0.0220827757651
0.000747724219206
0.0137317872129
0.0127749865627
0.0205756463528
0.0205756463528
0.0137317872129
0.0127749865627
0.0205756463528
0.023934313718
0.0127749865627
0.00127279774453
0.023934313718
0.0127749865627
0.0137317872129
0.000998037083038
0.0127749865627
0.0220827757651
0.0205756463528
0.0127749865627
0.023934313718
0.0220827757651
0.0205756463528
0.0205756463528
0.0127749865627
0.023934313718
0.0205756463528
0.0220827757651
0.0108548768185
0.000553054810464
0.00239187245875
0.023934313718
0.0220827757651
0.0127749865627
0.000220088781799
9.32167887039e-06
0.0205756463528
0.000691589073869
0.023934313718
0.0205756463528
0.000998352213175
0.0220827757651
0.0149114697063
0.0220827757651
0.00190887761208
1.9677266743e-08
0.0220827757651
9.81967941594e-07
0.0205756463528
0.00190887761208
0.0220827757651
0.0220827757651
0.0127749865627
0.0205756463528
0.0138802961271
8.74124774488e-05
0.0205756463528
1.05445055358e-05
0.0127749865627
0.0205756463528
0.0205756463528
0.0137317872129
0.0149114697063
0.0205756463528
0.000719198702393
0.0108548768185
0.0220827757651
0.023934313718
0.0127749865627
0.0205756463528
0.0220827757651
0.000185462647814
3.8663609041e-05
0.00127279774453
2.45491039341e-05
0.0205756463528
0.00239187245875
5.2582126489e-07
0.000691589073869
0.00255296366207
0.0137317872129
0.023934313718
0.000207972283768
0.00153023309572
0.0220827757651
0.0137317872129
0.000129504807147
0.0137317872129
0.0220827757651
0.0205756463528
0.00155763720747
0.0127749865627
0.0205756463528
0.0127749865627
0.00208701260047
0.000194927387649
0.000644771893523
0.0137317872129
0.0127749865627
0.0149114697063
0.0137317872129
1.18366082986e-06
0.0220827757651
0.00667507428169
0.0220827757651
0.000665243400679
0.0127749865627
0.0205756463528
3.1187528855e-09
0.0220827757651
0.0149114697063
0.0205756463528
1.49285739011e-05
0.0127749865627
0.00208701260047
0.000487677016449
1.91831154082e-05
0.0149114697063
0.0220827757651
0.0138802961271
0.0223162698271
0.00569907582346
0.0138802961271
0.00093172261058
0.00236267699865
0.000284856053615
0.0220827757651
0.0223162698271
0.0223162698271
0.0127749865627
0.00163716645918
0.0137317872129
1.05698332619e-05
6.59776635962e-05
0.0223162698271
0.0220827757651
0.00208701260047
0.0220827757651
0.0220827757651
0.0149114697063
0.0223162698271
0.00025875262135
0.0205756463528
0.023934313718
0.0205756463528
0.000143939382882
0.00145913299399
0.00141413899782
0.000308020759427
0.0205756463528
0.0149114697063
0.0138802961271
0.00110339857006
0.023934313718
0.000300416959362
9.32944589939e-05
0.0223162698271
0.0149114697063
0.000861899439183
0.0220827757651
0.0205756463528
0.00348740256419
7.88383653966e-05
0.0205756463528
0.00109180487903
0.0220827757651
0.0220827757651
0.0137317872129
0.00155372598623
0.0220827757651
0.023934313718
0.0220827757651
8.99986450505e-06
0.0220827757651
2.00611325265e-05
0.0220827757651
0.0127749865627
0.0205756463528
0.000173435909079
0.0205756463528
0.0024142507318
0.0137317872129
0.00116396760523
0.0205756463528
0.0205756463528
0.00118026079749
0.0220827757651
0.000755889839688
0.0205756463528
0.0149114697063
0.00177002789767
0.0220827757651
0.0220827757651
0.0138802961271
0.0137317872129
0.0138802961271
1.26499782373e-05
0.0220827757651
8.37724396751e-07
0.0220827757651
0.0149114697063
0.0223162698271
0.0137317872129
0.00141413899782
0.000237991898716
0.0127749865627
0.0108548768185
0.00157280251973
0.0220827757651
0.00145913299399
0.0100736418493
0.0127749865627
5.12404222358e-05
7.84013601909e-05
0.0137317872129
0.00619000410995
0.000493299205418
0.0024142507318
6.1137146918e-05
0.00322952393437
0.0220827757651
0.0220827757651
0.00118026079749
0.0223162698271
0.0137317872129
0.0127749865627
0.00155763720747
0.00141413899782
0.0205756463528
0.0024142507318
0.0137317872129
0.00100828848809
0.0205756463528
0.0137317872129
0.0127749865627
0.000260023285116
2.50127215917e-05
0.023934313718
0.000665243400679
0.0223162698271
0.0205756463528
0.0137317872129
0.0220827757651
0.0138802961271
0.023934313718
0.000719198702393
0.0127749865627
0.0127749865627
0.0220827757651
0.0127749865627
0.0137317872129
0.00163768261428
0.00348740256419
0.0205756463528
0.00569907582346
0.023934313718
0.0138802961271
0.0205756463528
0.00255296366207
0.00110339857006
0.0220827757651
0.0220827757651
0.0205756463528
0.0220827757651
0.00109180487903
0.0100736418493
0.0220827757651
0.00177002789767
0.00527973404558
0.0127749865627
0.0205756463528
0.0042676913833
0.0220827757651
0.0205756463528
0.0205756463528
0.0137317872129
0.0127749865627
0.000452007780062
0.0127749865627
0.00260800094253
0.0137317872129
0.00208701260047
0.0220827757651
0.0223162698271
0.0220827757651
0.0138802961271
0.0127749865627
0.000220088781799
0.0223162698271
0.0149114697063
8.19303330027e-05
0.0137317872129
0.0223162698271
0.0205756463528
0.00116396760523
0.00569907582346
0.000447278444315
0.0127749865627
0.0220827757651
0.00236267699865
0.023934313718
0.00013361595409
0.0149114697063
0.0137317872129
0.0220827757651
0.000747724219206
0.0205756463528
0.000455448790403
0.00190887761208
0.000118094122191
0.000755559375605
0.0220827757651
0.0205756463528
3.8663609041e-05
0.0127749865627
0.0220827757651
0.0149114697063
0.0137317872129
0.0205756463528
0.0220827757651
0.0223162698271
0.0205756463528
0.0220827757651
0.0138802961271
0.00667507428169
0.0220827757651
0.0220827757651
0.00260800094253
0.0205756463528
0.00619000410995
0.023934313718
0.0220827757651
0.0205756463528
0.000672314682631
0.0220827757651
0.0205756463528
0.0223162698271
0.0223162698271
0.00208701260047
0.0127749865627
0.0220827757651
0.000447278444315
0.00255296366207
0.0127749865627
0.0137317872129
0.0205756463528
0.0220827757651
0.00190887761208
0.0220827757651
0.0137317872129
0.00118026079749
0.0220827757651
0.0127749865627
0.0205756463528
0.0220827757651
0.023934313718
0.0127749865627
0.0220827757651
0.0220827757651
0.0205756463528
0.00236267699865
0.0223162698271
0.0100736418493
0.0220827757651
0.0220827757651
0.0220827757651
0.0127749865627
0.0149114697063
0.0205756463528
9.36406256998e-05
0.0220827757651
0.0127749865627
0.000691589073869
0.00527973404558
0.0205756463528
0.000105228614731
0.0220827757651
0.0127749865627
0.0127749865627
0.0137317872129
0.00110339857006
0.0205756463528
1.41776737447e-05
0.0220827757651
0.0205756463528
0.0220827757651
0.0149114697063
0.0138802961271
0.0205756463528
0.0138802961271
0.000672314682631
0.00155763720747
4.74307932789e-05
0.0220827757651
0.0137317872129
0.0137317872129
0.0220827757651
0.0137317872129
0.000134975854238
0.0205756463528
0.00141413899782
0.0137317872129
0.0127749865627
0.000107540493892
0.0205756463528
0.0205756463528
0.0205756463528
0.0220827757651
0.00208701260047
0.0223162698271
0.0127749865627
0.0127749865627
5.30778833744e-05
0.000275317337147
0.0149114697063
9.67611272375e-06
0.0137317872129
0.0127749865627
0.0220827757651
0.0205756463528
0.0220827757651
0.00110339857006
0.0220827757651
7.88539243301e-09
0.0108548768185
0.0220827757651
0.00145913299399
0.0220827757651
0.0205756463528
0.0205756463528
0.0220827757651
0.0220827757651
0.0127749865627
0.0223162698271
0.0220827757651
0.0138802961271
0.0223162698271
0.000543795190478
0.0137317872129
0.000118309818896
0.0149114697063
0.023934313718
0.00027813226415
0.023934313718
0.0220827757651
0.000416752096265
0.0127749865627
0.0205756463528
0.0127749865627
4.33922277974e-05
0.0205756463528
0.0220827757651
0.00152853828662
0.0137317872129
0.0205756463528
0.0220827757651
0.0137317872129
0.00110339857006
0.000115143891659
0.00141413899782
0.00236267699865
0.023934313718
0.0149114697063
0.0127749865627
0.0220827757651
0.023934313718
0.0127749865627
0.00257776032335
0.0127749865627
0.00260800094253
0.0220827757651
0.0205756463528
0.0138802961271
0.00395180707418
0.0205756463528
0.0205756463528
0.000145535213954
0.0223162698271
0.0108548768185
0.0220827757651
0.00118026079749
0.00163716645918
0.0137317872129
0.0205756463528
0.0205756463528
0.000275645876647
0.0223162698271
0.0220827757651
0.0220827757651
0.0223162698271