500
0.00102688525081
3.44533782454e-11
5.66574171899e-15
0.000235856819688
5.28548540928e-10
4.22758708388e-09
5.06443523455e-07
4.07974395439e-10
0.00370277703091
8.29586449416e-42
6.49761799763e-05
0.0
3.19521629857e-05
2.47034686208e-15
0.00036503280137
1.29618691469e-23
0.000201744504278
1.26943509948e-07
0.0079581527785
5.30422878091e-05
8.65345615418e-11
0.0
0.0
0.000498010705601
0.0123359018851
6.75099303829e-18
6.5042464078e-10
3.65817836248e-13
1.24220158448e-30
0.00808517243218
5.70325006588e-08
0.00036503280137
2.69328881339e-07
1.59841595974e-14
3.95341739507e-20
5.26187461303e-17
1.05677237628e-18
3.15183760439e-05
1.99941068111e-13
9.27711044025e-11
0.0107187081857
1.95768801519e-09
2.08074173868e-05
0.00217015180906
3.31428211845e-05
0.00208791243228
0.0107187081857
1.42305412479e-10
0.00370277703091
8.0110635019e-15
0.00056482111811
7.99192664699e-07
8.32915436323e-06
3.26356692388e-19
4.15251185087e-11
0.0020189992504
7.39376526517e-11
8.95814690614e-18
0.00119780332329
7.96181380117e-06
7.83299203617e-09
0.0107187081857
9.4156803128e-05
3.39472207564e-05
5.28022710793e-12
4.02413080599e-13
0.000323053434139
0.0
0.0
4.11324229616e-07
0.00370620793157
0.0015703614984
3.28813185347e-12
0.000109507897395
7.62075615224e-18
1.96105070181e-05
0.0107187081857
0.0
4.86101924289e-05
1.85763268969e-05
0.0
4.84165460989e-10
7.99597121452e-11
0.00808517243218
3.84972027856e-08
2.44137091099e-05
2.71779297178e-16
1.77441227905e-09
0.000101082201598
0.00036503280137
0.00182754102001
4.5000743693e-11
0.00036503280137
6.25459826294e-05
0.000185309590416
9.1063119536e-11
2.18812248169e-17
0.0020189992504
8.271710773e-07
0.00231623318077
2.37215634209e-09
5.8420160492e-12
4.02059693202e-05
0.00390063513928
0.0123359018851
2.63810865863e-06
1.54128337797e-10
0.0
0.000533336349016
0.0123359018851
9.88920529754e-06
8.90564749961e-20
0.0032995411196
1.15891147333e-06
4.84358627058e-06
0.00231623318077
0.000498010705601
0.000538791866096
4.57727938335e-08
0.00808517243218
0.0
7.4694623924e-17
0.000889309453998
0.0019907490821
1.89179987453e-09
0.000904982985346
1.32010618206e-06
4.08957836116e-05
0.00231623318077
7.42749316052e-14
0.0
0.000282081254963
0.000111971207497
0.0
1.99186399344e-12
0.0
0.000361082880638
4.72092742531e-05
5.31462412198e-36
0.00808517243218
0.000115307346777
4.59575290992e-09
0.000177620446627
7.23629809692e-25
0.0250169035381
2.39435222588e-15
1.5449037544e-07
0.000377859782571
9.42754042144e-18
0.000276828216012
0.0123359018851
5.68998206613e-05
4.97798651556e-06
0.00808517243218
0.0250169035381
0.00231143961212
1.62826424816e-13
0.000391053675419
0.000396439069421
4.85753908723e-11
0.0
4.12639895472e-07
2.4510489578e-05
0.00140026882765
0.0166064472507
5.44411537136e-05
0.0250169035381
0.0
8.78137752703e-07
2.76830375794e-07
1.10451510309e-08
0.00376040125486
7.46943645524e-07
9.09683652473e-11
0.00448545281564
7.57364643401e-12
0.0123359018851
8.16298906784e-05
3.12234816689e-13
0.00056482111811
2.12273114901e-26
1.82117420133e-20
2.64560013653e-05
0.000201744504278
1.51477560445e-08
3.44259656202e-05
9.1706015844e-06
1.17638681382e-06
1.52412454984e-06
9.18827379795e-10
0.000116759341006
0.00526022750162
2.03639219443e-23
0.0123359018851
0.000150007425697
0.0
0.000454880548532
2.59797708954e-13
6.49761799763e-05
9.02036623602e-10
0.000361082880638
4.91913541683e-13
2.8972376708e-09
0.00370620793157
6.74267198748e-14
1.23052139125e-13
0.0123359018851
4.91524204494e-05
2.96566648557e-07
0.00208791243228
1.40709517086e-05
6.90170003703e-14
2.28098649899e-06
8.83467218936e-26
2.24862663231e-09
0.000429917424239
1.56660708042e-27
0.0
2.78048465485e-06
3.33995299501e-21
1.34492829459e-11
0.000239175616368
9.4156803128e-05
8.72742072492e-06
0.000203156150654
7.74658059713e-06
7.33752521616e-11
0.000710194242694
0.000106095030538
0.000773220402208
5.09973735662e-06
0.0032995411196
2.01754170311e-05
0.000548559560135
0.0
0.000954102210152
0.000954102210152
1.55774906019e-05
8.70588560345e-07
0.00448545281564
9.51926523434e-09
2.29782646422e-12
1.45703229761e-06
0.000120010355246
7.2996526762e-25
1.98850586617e-15
0.000105626446746
0.000102659698892
0.0
1.91849566263e-10
0.0032995411196
2.72015863894e-19
1.34059258493e-06
0.00470747210787
0.00120194714284
4.78158400438e-16
1.91297454672e-09
0.0250169035381
1.40077888118e-10
2.40825825329e-10
0.000889309453998
1.80869120143e-14
8.30594201288e-24
0.0
6.60207251271e-08
9.85948411434e-14
0.0166064472507
0.0123359018851
6.78958996745e-07
0.00808517243218
9.8487032984e-15
5.1636152035e-10
4.02191815534e-05
0.0107187081857
5.10047063724e-14
3.51510636691e-05
0.0107187081857
0.0123359018851
0.0166064472507
1.68498032381e-12
0.00231143961212
0.0107187081857
7.47466421197e-08
0.0
0.0123359018851
6.36499971708e-07
3.2185498518e-06
0.00140026882765
0.0
0.0
5.23478417874e-08
7.6005792459e-07
6.44497914022e-05
5.66097369463e-18
0.000714000238265
0.00231623318077
2.33666193247e-06
0.00808517243218
1.59899537986e-21
0.00123034738333
0.000904982985346
1.48684483111e-06
3.51154446824e-08
0.00376040125486
0.0123359018851
8.80976878759e-09
9.46061235736e-08
0.000872765374236
0.0123359018851
0.00808517243218
3.37449843921e-15
4.1389667873e-23
0.0
3.04697380507e-06
8.20375933558e-19
2.21960434529e-11
0.0
2.70559105803e-05
0.00808517243218
0.000396439069421
0.0107187081857
0.00270487579198
7.83910178171e-06
0.00110275621534
1.75418300741e-05
1.07192780813e-11
0.00808517243218
2.15931612285e-08
0.0
8.53026941078e-19
1.41353526861e-14
4.61088790334e-07
1.06465121661e-13
0.00808517243218
3.55722379123e-05
0.0250169035381
2.37635573166e-07
6.88119144594e-16
0.0
0.000989507240379
2.20748595911e-07
0.0
1.47940431195e-05
6.05551163606e-09
0.00808517243218
5.31720599618e-08
5.25092659331e-13
0.0107187081857
2.96819846759e-11
3.42568226059e-08
5.28598704352e-08
3.78121034975e-08
2.2104987017e-06
3.16804344582e-11
0.0123359018851
3.21789476288e-17
0.0
9.5173659337e-06
3.13995235373e-06
0.000429628792658
6.01860091052e-08
0.000336561865187
5.10000991052e-09
0.00105500036862
0.0250169035381
9.42881599321e-08
0.0107187081857
3.53732142075e-05
3.2520438663e-07
2.48141169303e-14
7.48766388915e-10
0.000248932957003
1.26083601821e-07
0.0123359018851
0.0123359018851
0.0
0.0
0.0
2.158444672e-10
0.0032995411196
8.15518405786e-07
0.0123359018851
0.00056482111811
0.00231623318077
1.53636137786e-12
3.01948390431e-11
1.98153254236e-05
0.0123359018851
7.91357756807e-06
6.23645750897e-19
0.00208791243228
1.38110792624e-12
5.70006673854e-10
0.0166064472507
9.77418394546e-10
3.55722379123e-05
0.0
4.06386917505e-12
0.0123359018851
0.0
6.163699225e-10
0.0123359018851
5.35268950599e-11
7.73469677356e-14
0.0250169035381
9.77175882765e-16
8.96823761944e-09
7.21813219901e-08
6.66611070884e-16
4.91378922474e-06
3.68079475676e-15
0.00808517243218
1.70346216622e-06
0.000150007425697
0.0107187081857
0.00067954154891
0.0107187081857
5.68895879864e-12
4.75465873244e-09
0.0
1.88863472127e-05
0.000182958103563
0.000299111000059
0.0
0.0250169035381
0.00231623318077
1.91837000687e-10
0.0107187081857
0.00254794022464
0.0010030323608
0.00120194714284
0.0
4.52543587801e-07
0.000230518545594
1.50274145385e-09
1.30153023562e-09
7.02058678572e-05
4.86393376072e-12
5.07366592154e-07
0.00808517243218
0.00390063513928
8.40577317223e-13
3.61359486494e-07
2.90917867981e-06
0.0123359018851
1.16259239444e-07
0.00370277703091
0.0123359018851
0.000111971207497
0.000149672099491
1.20137715407e-06
0.00105500036862
7.26073772188e-07
2.58606995148e-05
4.86217566e-05
6.02318845695e-10
0.0107187081857
3.19608226287e-08
5.82067440567e-24
1.29984257323e-07
3.91495083404e-06
0.0107187081857
5.01541334405e-07
1.33209057563e-19
4.12905941512e-14
1.10531383087e-08
0.00390063513928
0.0250169035381
0.0123359018851
4.91932086044e-07
1.1639566529e-07
2.44911661247e-05
3.07934896193e-08
2.5147961385e-06
1.59866708727e-10
1.61892945358e-15
0.00123034738333
1.53043888365e-09
0.00231143961212
2.28107282152e-24
1.96105070181e-05
0.0032995411196
0.0
8.41926932457e-09
0.00123034738333
0.00808517243218
6.48789866919e-05
0.0250169035381
0.00123034738333
0.000807188247323
6.76200826089e-06
4.99537448279e-08
0.00808517243218
0.0107187081857
0.000773220402208
7.69068216875e-10
3.80471372394e-06
1.70220856032e-12
4.96934343594e-09
0.00126931674351