500
0.0157191806927
0.0
7.3950003416e-08
0.0
6.87784553681e-06
3.74284911783e-06
0.0
1.21232820128e-05
0.0
0.000241379324592
0.0
2.01039430877e-07
6.98576991224e-05
0.0
5.1959833503e-05
0.0
0.00488200732331
0.0
0.000258193629567
0.0
7.3950003416e-08
0.00560361251888
0.00111247947191
0.00020790829175
0.0
4.53103271508e-08
2.17308342448e-05
0.00111247947191
0.0157191806927
3.74087233073e-05
0.00866743617043
0.0103591446154
0.00467750637704
0.00219926578976
0.0103591446154
0.0
0.0
1.50479661089e-06
0.0
4.90452853788e-06
0.0008519392869
0.0
0.0
0.0
0.00206180871747
0.0
0.0
5.0601345876e-06
0.0
0.00467750637704
0.0
5.85180324603e-06
1.88676331755e-05
0.0
3.03769798062e-05
2.0387377241e-06
0.0
0.0
3.1399429132e-08
0.0
5.79391811354e-14
0.0
4.19727203066e-07
0.0
1.46196762036e-05
0.0
7.74024825089e-16
0.0
0.0
0.000992125464087
0.0
0.0
0.0
0.000519217677354
0.0037380941298
0.00560361251888
0.0
3.82878666331e-06
1.76114826338e-07
0.0
0.0
1.7662209345e-07
0.0
0.0
0.0
0.0
0.0
0.0
2.19684421539e-05
1.29651864662e-06
2.59417873293e-05
0.0
1.87018237862e-08
0.0
8.43867256748e-07
5.76028880206e-05
0.000502220615843
0.00034935071006
0.0
0.00390803893519
0.0
0.0
0.0
0.00560361251888
2.92202880108e-06
0.0
0.0
0.0
0.0103591446154
0.0
0.0
0.000556966964377
4.77405146584e-06
0.0
0.00560361251888
0.0
0.0
0.000156436823285
0.00159134088877
0.0
0.0
0.000502220615843
0.0
0.0
0.0
0.0
6.98576991224e-05
0.0
2.61204361396e-06
0.0
1.72384869448e-09
4.00280440696e-05
0.0
4.32219511581e-05
0.0
0.0
0.00134368893841
4.63956437631e-08
0.0
0.0
0.00566895188624
1.28233663927e-05
0.0
0.0
0.0103591446154
0.0
0.0
0.0
0.00566895188624
0.0
9.98852250739e-07
0.0
0.00560361251888
0.0
0.000239011319921
0.00488200732331
0.0
0.0
0.0
0.0
0.0
0.00560361251888
0.000185306095763
0.000762774197784
0.0
7.22154389286e-08
0.0
0.00443035538912
2.47546014218e-11
0.0103591446154
9.60174005612e-05
0.00153739401682
0.0
0.00134368893841
0.000119558286993
9.2843741503e-05
0.0
0.0
4.32570247687e-06
0.0
0.00135126907076
0.000265751887047
0.000331835848045
0.0
0.0
0.000156436823285
0.0
0.000108540974769
0.0
9.87460621481e-06
0.000502220615843
4.82631939348e-05
6.67702530067e-07
1.5189717597e-05
1.20246975982e-06
0.0
0.0
0.0
0.0117693905817
1.1517962131e-06
0.0
0.0
3.18542725251e-05
0.0
0.0
0.0
0.000176801568344
0.0
3.35997595728e-08
5.51511471085e-05
9.14805051484e-05
0.0
0.0
0.000185345692548
0.0
4.31278403935e-05
0.000218590132747
0.00141413822795
0.0
9.79710433944e-06
3.73575365409e-07
0.0
0.0
0.000232180466472
0.00175503554181
0.0
0.0
0.00566895188624
1.12947826061e-06
0.00390803893519
0.0
0.0
0.0
0.00866743617043
7.11960820471e-06
0.00560361251888
0.00390803893519
0.00488200732331
0.00134368893841
4.42696244478e-05
0.0
0.00311586969791
0.0
0.0117693905817
0.0
0.0
0.0
0.00134368893841
0.00560361251888
0.000265751887047
0.0
0.0
0.0
0.0103591446154
0.000791112422079
0.000689773012693
0.0
1.2065853522e-05
0.0
0.000260258482196
0.0
0.0
0.0
0.0
0.000127910227179
0.0
0.0
0.0
0.0
5.67857354959e-05
0.0
1.1096772583e-11
0.0
0.00134368893841
0.0157191806927
0.0
0.0
0.0
0.0
0.0
0.0
0.0
3.03769798062e-05
0.0
0.0
0.0
0.0
0.000344732368198
6.32354409618e-07
0.0
0.000187890859197
0.0
0.00560361251888
0.0
0.00488200732331
0.0
0.0
0.0
0.0
0.000762774197784
0.0
0.0
0.0
0.0
0.0
0.00560361251888
0.0
0.0
0.0
0.0
0.0157191806927
0.0
0.0
0.0
0.00134368893841
0.0037380941298
0.0
0.0
0.00488200732331
0.00560361251888
2.61022735552e-05
0.0
0.0
9.24591083428e-07
0.000111817066067
0.0
0.0
0.0
0.0117693905817
0.0
0.0
0.0
0.000762774197784
0.0037380941298
8.10848890796e-07
2.98261693134e-06
8.01208579819e-06
0.00025990574251
7.19450623193e-06
0.0
2.15090468902e-06
0.000992125464087
9.08855694003e-05
0.0
0.0
0.0
1.07558104941e-05
0.0
0.0
0.0
0.0
0.0
4.67594758887e-07
0.0
0.0
0.0
0.00020531555409
5.87844792384e-06
0.0
0.0
0.0
0.00560361251888
0.0
7.40863864e-06
0.00560361251888
0.0
0.0
0.0
0.0
0.0
0.0
7.80368940274e-05
0.0
9.14805051484e-05
0.0
0.0103591446154
1.11206670843e-06
0.0008519392869
0.00206180871747
0.00566895188624
0.0
3.64899892921e-05
0.0037380941298
0.00488200732331
0.0
0.0
0.000245574071835
0.00255771447652
0.0103591446154
0.000233673685867
0.0
0.0
1.49743093221e-07
4.35353213633e-10
0.0
0.0
6.9020022591e-05
0.0
0.00390803893519
0.0
0.0
0.0
0.0
0.00560361251888
3.9379816052e-09
2.89477540239e-10
0.0
0.0
0.0
0.0
0.0
0.0
0.000708982782419
0.000556966964377
0.00467750637704
0.0
0.00134368893841
0.0
0.0
0.00311586969791
0.00141413822795
0.0
0.0
0.0157191806927
0.0
2.02833822698e-07
0.0
0.0
0.0
0.0
0.0
2.2360099416e-05
0.0117693905817
0.0
0.0
0.0
0.00174518535351
0.0
0.0
1.88676331755e-05
0.0
0.00443035538912
0.000791112422079
3.50260265094e-06
0.0
0.0
0.0
0.0117693905817
0.00866743617043
0.00560361251888
0.0
0.0
0.0
3.489739466e-09
0.0
0.0
0.0157191806927
0.0117693905817
0.0
0.00560361251888
0.0103591446154
0.0
0.0
0.0
1.28233663927e-05
0.0
0.000306465430541
0.000252299593415
0.0
0.0
0.0
0.0
0.0
0.00134368893841
0.00311586969791
0.0
0.0
1.37480162559e-05
0.0
0.0
0.00206180871747
0.00390803893519
0.0103591446154
0.00134368893841
0.00134368893841
0.0
0.000111817066067
1.26368726185e-05
0.0
0.0103591446154
0.0
0.000344732368198
0.0
0.00566895188624
2.06380521751e-06
0.0117693905817
0.0
0.0
0.0
0.0