500
2.06528435944e-07
1.2202217443e-23
0.0
1.1928378392e-05
8.04238743093e-16
0.0
0.0133273475375
3.43314954817e-27
8.14819981818e-07
3.3850974879e-08
1.48370198765e-19
8.42308556304e-13
3.88431869044e-07
0.000169199209241
6.48196710951e-05
0.000148671089956
1.76781400865e-06
0.00252652175778
4.05329028466e-17
0.00252652175778
0.00252652175778
0.0
0.0001886300126
8.59699385463e-05
0.00283227754367
0.00449052545764
5.40395876516e-05
2.74580895761e-11
2.9101567834e-09
0.0
0.0
0.0133273475375
0.0001886300126
3.98863441953e-09
0.000243914351606
2.77856964443e-05
0.0
0.00039119668829
4.71736284519e-06
6.15858312448e-06
0.0133273475375
2.52466469429e-11
4.70239489222e-07
0.0335891004103
0.0
8.0613645691e-12
2.11243301417e-11
6.55149735253e-05
0.000165731124864
2.85713877934e-07
4.8322606028e-17
0.00449052545764
0.000285148121093
0.00986006776965
0.0
1.82412724671e-13
1.38131462547e-06
8.75133946945e-05
2.62119680182e-06
1.84636803256e-24
0.0
3.10894665537e-10
2.95078307144e-05
0.00252652175778
0.000183808980465
9.89101909127e-13
6.02772370461e-15
4.77512235644e-13
0.0
4.4971596596e-05
0.011087040209
0.00385511907188
1.30023830081e-06
1.76026531023e-05
9.84428898277e-06
0.000198902596338
1.12661144734e-05
7.66759336347e-10
5.85456933957e-07
0.000790180965587
1.07780115837e-08
8.10731205983e-23
0.00252652175778
3.68278060893e-05
0.0133273475375
1.17620302176e-19
0.0133273475375
4.8785066199e-06
4.13408099945e-08
0.000198902596338
0.000585989346523
5.38515170679e-05
8.7269008278e-11
0.011087040209
3.38978215115e-08
0.00449052545764
0.00252652175778
1.80841776234e-05
5.73034584167e-05
0.00449052545764
0.000670441700946
0.00033144348863
0.00449052545764
5.42464045856e-22
4.28198178089e-09
0.0133273475375
9.51775708954e-07
0.000517959442517
1.25246130002e-07
0.000191780391024
8.84835061026e-05
1.41727058597e-20
0.000105065881528
5.01612526156e-06
1.84400571928e-08
0.000243914351606
1.06655976402e-16
4.01122809744e-10
5.68857146267e-05
5.81063590148e-09
3.06880104854e-10
0.000790180965587
0.0
0.000762754154776
0.00252652175778
5.83423495976e-08
0.00026903702221
3.64253896524e-09
7.47480332572e-07
0.0133273475375
0.00275730080372
3.42962322413e-10
2.81818014611e-17
6.48301129431e-09
0.00157281288121
1.05666317228e-09
1.27863440893e-11
6.080196696e-15
3.66464429824e-06
4.07861572056e-13
0.00449052545764
8.15332451662e-05
3.08804470436e-05
2.77856964443e-05
1.82058667213e-15
8.65213189998e-08
9.39851451866e-05
0.00275730080372
4.59751420854e-11
7.94864755371e-10
0.000285148121093
7.98832061787e-18
0.000239028842874
4.94857082661e-05
0.000230882477762
0.00312200841878
9.43022223546e-11
6.26624631368e-16
0.00901858556221
5.33534425161e-05
0.0
7.2389111413e-06
0.00252652175778
0.000198902596338
7.38079682595e-16
1.16461050607e-05
0.0
3.25674499168e-05
2.59279810601e-42
5.43433868676e-13
8.94952800033e-06
0.00283227754367
2.70980334266e-18
1.98927436189e-08
0.0
0.0
1.29094817526e-06
0.00011615371354
1.04584605959e-08
0.000171459452941
6.92201304276e-15
3.44811589928e-17
0.00071357184771
0.00141910423643
1.44017372055e-06
5.40395876516e-05
0.000585989346523
0.0
7.13556785009e-15
7.9426917478e-05
2.87952161468e-10
1.82995519095e-08
6.96861077789e-19
0.000228654736591
0.000340830057273
1.78796121439e-06
0.000191101149152
0.000461735159293
0.000956176575814
0.00149010370758
0.000111781715809
3.08804470436e-05
5.59983938447e-07
1.25452302519e-06
0.00252652175778
0.00252652175778
0.00250823249616
2.16626902687e-07
5.48563055546e-14
4.64587116077e-08
5.57245942565e-08
8.84965634196e-10
1.94697609166e-07
0.0133273475375
0.000232500041376
2.72791252911e-06
8.1106556933e-06
5.03921732179e-13
0.000134413463953
0.000219430502605
7.71327705172e-06
9.3470096446e-15
1.06704795777e-06
0.000171459452941
6.73985594454e-09
1.98008679564e-12
2.97083751452e-08
0.00312200841878
1.83868247781e-05
1.15296240274e-10
0.000131977074742
0.00449052545764
0.000559063148415
5.20443020382e-08
0.0133273475375
0.000198902596338
0.0158772811462
2.03010870212e-12
7.75514377241e-07
4.93861292167e-07
1.76508408572e-15
7.95970400348e-07
2.77856964443e-05
6.80231725477e-08
2.95382232572e-16
3.85849970153e-10
2.7407304001e-08
9.44407240447e-20
5.73034584167e-05
7.07389134169e-09
8.75133946945e-05
2.78984423535e-17
0.0
0.000517959442517
5.82164598978e-05
3.08804470436e-05
0.0
1.20943918379e-11
0.00012049156267
1.02265393814e-07
4.11520524424e-09
2.05447482676e-23
3.86723467154e-09
7.622278198e-06
4.67578304616e-16
4.47118746367e-11
0.0
0.0
0.00449052545764
9.5519524906e-07
0.0133273475375
0.000461735159293
9.01678404909e-07
0.000148671089956
3.41756548177e-06
1.0385376425e-14
4.24122555023e-36
4.66828640224e-08
0.000461735159293
2.09608176251e-05
0.000295119225005
1.356281271e-10
2.95078307144e-05
2.95078307144e-05
0.000198902596338
3.12891329099e-11
2.34746994079e-05
1.22379960735e-06
0.000301511514824
2.44009720947e-10
0.00252652175778
8.08795356329e-13
2.07877477561e-06
8.55020096176e-13
0.000517959442517
1.41110434549e-05
0.0133273475375
7.88436577023e-11
3.78026140083e-06
4.45352119975e-06
0.0
6.66252091763e-07
2.10268252596e-15
3.73195303297e-11
0.000130049311102
4.61822131879e-10
2.2666794084e-14
6.55771280794e-05
0.00252652175778
0.000285148121093
0.00252652175778
1.35888646332e-06
0.0133273475375
5.39175015254e-06
5.9601589573e-06
0.0
2.41744181375e-06
5.43981980889e-05
0.0133273475375
9.31781041165e-10
0.0133273475375
7.18089555048e-12
0.00104832921727
3.3758578114e-10
0.00901858556221
1.28391910369e-06
4.10202987603e-17
2.78801049308e-05
9.50111628197e-10
0.000131733126907
5.41232712259e-05
1.2721956058e-09
0.00449052545764
0.000198902596338
0.00449052545764
0.00252652175778
0.00252652175778
2.24433935076e-06
1.05143989123e-08
1.19916829228e-10
0.00252652175778
1.03255230306e-07
0.00149010370758
3.28353076208e-11
7.22158396663e-09
1.16169787351e-10
1.93466743602e-12
3.39537264025e-10
0.000517959442517
6.8210591516e-05
0.0133273475375
0.00252652175778
0.000141049020381
0.00428902435315
5.54738668748e-09
2.6182452228e-20
0.000165731124864
1.27707616282e-10
1.09355612163e-15
0.000148671089956
0.00428902435315
0.0
0.00062693439514
0.00252652175778
5.00429057489e-08
1.80401349761e-10
9.27261505716e-08
0.000790180965587
0.000191101149152
0.000263586787716
0.000790180965587
1.28513841275e-09
4.70193725578e-12
0.0133273475375
3.48337212345e-08
2.25477081918e-07
0.0
6.22058022487e-24
0.00252652175778
8.29603128021e-08
0.0
7.1206947006e-07
2.12854135558e-07
9.16504003621e-12
0.0
1.91287815126e-20
5.05230945747e-07
0.000517959442517
6.02741923012e-08
0.0
0.00252652175778
0.00252652175778
1.70028697975e-09
0.00251571842974
0.00449052545764
0.00252652175778
6.3345221241e-13
0.000559063148415
2.21751544557e-15
6.23997897526e-13
1.78921402047e-08
0.00252652175778
2.24136617626e-07
0.012866072653
1.96005715653e-05
0.000517959442517
2.16111006924e-06
0.0133273475375
1.29919813004e-05
0.0133273475375
6.27463867553e-07
0.00312200841878
2.10706534012e-17
1.25769382214e-05
0.00252652175778
8.55771923797e-16
1.68747946071e-12
2.10435701023e-05
0.00252652175778
0.00252652175778
3.24735970253e-16
0.00252652175778
0.00252652175778
8.01535002115e-07
3.77708733818e-10
0.000128167843192
7.18970394181e-07
2.57570911264e-08
7.57724009991e-17
1.9190690716e-22
0.00013470407642
2.996455356e-08
5.38358506208e-06
9.28815007084e-06
3.79337901754e-11
0.000585989346523
1.13766274663e-05
0.000134413463953
0.000198902596338
0.000559063148415
0.000559063148415
2.16270333774e-08
0.0
9.17704808341e-29
0.00449052545764
1.38136092984e-10
0.0
1.77115575385e-05
5.6072533274e-20
1.1086950242e-07
0.000198902596338
0.000559063148415
1.17761982801e-07
3.78011148215e-10
0.0335891004103
7.44942055545e-19
3.29824379549e-10
6.07315099771e-07
0.000183808980465
3.35375717437e-12
0.00449052545764
1.57693005719e-06
1.2546764727e-05
0.0
6.7923880095e-09
4.29448992451e-13
0.000334949112812
0.000285148121093
0.0158772811462
0.000585989346523
2.9094454015e-06
3.74204793225e-10
9.20707892729e-11
0.00302241461982
2.27284287028e-05
0.00449052545764
5.82164598978e-05
2.48319305037e-07
6.90161044802e-10
3.7469237239e-30
1.46772368191e-07
3.86198566303e-11
0.00104832921727
0.00449052545764
1.26357353991e-09
9.42769935651e-07
0.0
5.2233204618e-09
9.53141710408e-14
2.13519190382e-09
0.00901858556221
3.70502209892e-13
1.66157424579e-07
0.000191780391024
0.000559063148415
8.31739636652e-05
0.00449052545764
8.89041392412e-11
4.01628177915e-10
2.77856964443e-05