500
0.0
0.0
0.0
0.0
0.0
0.0
0.0353872695174
0.0
0.0
0.0
0.0
0.0
3.35401250092e-06
0.00010031631741
0.000236038091879
0.00039271022622
0.0
0.00766026604094
0.0
0.00766026604094
0.00766026604094
0.0
0.000426006621101
8.08223861126e-05
0.00127953372841
0.0149664155338
0.000166658590071
1.20279353017e-09
6.96925261826e-09
0.0
0.0
0.0353872695174
0.000426006621101
0.0
0.000684258085359
0.000150540208963
0.0
0.0
0.0
0.0
0.0353872695174
0.0
0.0
0.0477003296884
0.0
0.0
0.0
0.000305784056977
0.000456888304668
0.0
0.0
0.0149664155338
0.00123278468471
0.00586240735685
0.0
0.0
4.9788884241e-06
0.0
0.0
0.0
0.0
0.0
0.000209927714176
0.00766026604094
0.0
0.0
0.0
0.0
0.0
0.000339386098543
0.011360344047
0.0056179466564
1.53737214219e-05
0.0
0.0
0.000648618926021
1.94920843991e-05
0.0
4.03809106748e-06
0.00361497391518
0.0
0.0
0.00766026604094
0.0
0.0353872695174
0.0
0.0353872695174
8.07834006288e-05
0.0
0.000648618926021
0.00119922597177
0.000267591766799
0.0
0.011360344047
0.0
0.0149664155338
0.00766026604094
5.67958160981e-05
0.000198546200492
0.0149664155338
0.00205141002709
0.000172224024304
0.0149664155338
0.0
0.0
0.0353872695174
0.0
0.00232330678813
0.0
0.0009032494716
0.000192675560662
0.0
0.000203828092136
0.0
7.17210270331e-07
0.000684258085359
0.0
1.12412016884e-07
0.0
2.54507784581e-06
4.86579742745e-10
0.00361497391518
0.0
0.000451628185778
0.00766026604094
0.0
0.000120205429289
0.0
0.0
0.0353872695174
0.00181688748827
0.0
0.0
0.0
0.00165470551836
0.0
0.0
0.0
2.87374077118e-05
0.0
0.0149664155338
0.000308680558546
0.0
0.000150540208963
0.0
4.01055181256e-07
0.000863581036551
0.00181688748827
0.0
0.0
0.00123278468471
0.0
0.000179698579445
0.000324555772347
6.16730849001e-05
0.00932225403419
0.0
0.0
0.00733777777776
8.15888855801e-05
0.0
0.0
0.00766026604094
0.000648618926021
0.0
5.23690321075e-05
0.0
2.3957483865e-05
0.0
0.0
0.000182556916753
0.00127953372841
0.0
0.0
0.0
0.0
0.0
0.000964505673427
0.0
0.000558282716436
0.0
0.0
0.00192325549444
0.000980628596194
3.42639282236e-06
0.000166658590071
0.00119922597177
0.0
0.0
0.0
0.0
0.0
0.0
0.0
0.0
2.05914610788e-06
0.00116362888782
0.00158400091114
0.00423797006915
0.00598216284609
6.01542179315e-05
0.0
0.0
0.0
0.00766026604094
0.00766026604094
0.00448469029046
0.0
0.0
4.09170694298e-07
0.0
0.0
0.0
0.0353872695174
0.0
1.30037394748e-06
0.0
0.0
0.000328612410924
0.000871671958118
3.92525766614e-05
0.0
6.30038842092e-06
0.000558282716436
0.0
0.0
0.0
0.00932225403419
0.0
0.0
0.000360227696675
0.0149664155338
0.000785188968625
0.0
0.0353872695174
0.000648618926021
0.0121291186693
0.0
0.0
1.32517472819e-05
0.0
5.78992737469e-06
0.000150540208963
0.0
0.0
0.0
0.0
0.0
0.000198546200492
0.0
0.0
0.0
0.0
0.00232330678813
0.000698703567455
0.0
0.0
0.0
0.00039469861964
1.42784643923e-06
0.0
0.0
0.0
2.82952949619e-05
0.0
0.0
0.0
2.05859070193e-10
0.0149664155338
1.27226145736e-05
0.0353872695174
0.00158400091114
0.0
0.00039271022622
6.88016811822e-06
0.0
0.0
2.24336505903e-06
0.00158400091114
5.44735098398e-05
0.0002847962574
0.0
0.000209927714176
0.000209927714176
0.000648618926021
0.0
2.20364534387e-05
0.0
0.000213971576324
0.0
0.00766026604094
0.0
3.71360024207e-06
0.0
0.00232330678813
0.000124379609358
0.0353872695174
0.0
3.35561543437e-05
0.0
2.5963622782e-07
0.0
0.0
4.35539057177e-10
0.0
0.0
0.0
0.000385859467575
0.00766026604094
0.00123278468471
0.00766026604094
3.83110572561e-06
0.0353872695174
6.17405966633e-06
0.0
0.0
0.0
0.000225366296162
0.0353872695174
0.0
0.0353872695174
0.0
0.00384519953922
0.0
0.00733777777776
0.0
0.0
9.54886201347e-05
0.0
0.000285601516725
0.000199824756305
0.0
0.0149664155338
0.000648618926021
0.0149664155338
0.00766026604094
0.00766026604094
1.91380173234e-05
1.17536337605e-07
0.0
0.00766026604094
0.0
0.00598216284609
0.0
3.17430756574e-08
0.0
0.0
0.0
0.00232330678813
8.43552240374e-05
0.0353872695174
0.00766026604094
0.00105505098525
0.00291999774901
0.0
0.0
0.000456888304668
0.0
0.0
0.00039271022622
0.00291999774901
0.0
0.0016634323037
0.00766026604094
5.17764107185e-07
0.0
0.0
0.00361497391518
0.00116362888782
0.00013071383343
0.00361497391518
0.0
0.0
0.0353872695174
1.01520684941e-07
0.0
0.0
0.0
0.00766026604094
0.0
6.16405680535e-12
0.0
6.49440911522e-06
0.0
0.0
0.0
0.0
0.00232330678813
0.0
0.0
0.00766026604094
0.00766026604094
0.0
0.0011266833402
0.0149664155338
0.00766026604094
0.0
0.000785188968625
0.0
0.0
6.57968314596e-06
0.00766026604094
0.0
0.00757753292128
0.000111785693561
0.00232330678813
0.0
0.0353872695174
0.000135820359212
0.0353872695174
3.63465200186e-06
0.00932225403419
0.0
5.14555122334e-06
0.00766026604094
0.0
0.0
0.0
0.00766026604094
0.00766026604094
0.0
0.00766026604094
0.00766026604094
0.0
0.0
0.000384941835495
5.04942405997e-06
0.0
0.0
0.0
0.000388557129157
0.0
0.0
1.99656867004e-05
0.0
0.00119922597177
6.87953401382e-05
0.000328612410924
0.000648618926021
0.000785188968625
0.000785188968625
0.0
0.0
0.0
0.0149664155338
0.0
0.0
0.0
0.0
1.33788388283e-06
0.000648618926021
0.000785188968625
0.0
0.0
0.0477003296884
0.0
0.0
4.68365465535e-06
0.0
0.0
0.0149664155338
0.0
0.0
0.0
0.0
0.0
0.000241144034912
0.00123278468471
0.0121291186693
0.00119922597177
0.0
0.0
0.0
0.00737385825161
0.000101891174136
0.0149664155338
0.000698703567455
0.0
0.0
0.0
0.0
0.0
0.00384519953922
0.0149664155338
2.04906779222e-09
0.0
0.0
0.0
0.0
0.0
0.00733777777776
0.0
0.0
0.0009032494716
0.000785188968625
0.00019805742053
0.0149664155338
0.0
0.0
0.000150540208963