500
0.0045043208527
-3.2385871175e-07
1.88007646641e-05
-0.00610705423764
-0.0625573931448
-0.0625573931448
-0.000286819682447
-0.000163852108694
-0.0625573931448
-2.61312237962e-08
-0.00013464456384
-0.0651618400971
-0.113626622805
-0.434665696987
-0.0651618400971
-0.00884356754799
-0.0625573931448
-0.0110162481288
0.0045043208527
-0.434665696987
0.00157802328867
-0.113626622805
1.09537692496e-07
0.00167169631232
-0.434665696987
-0.0651618400971
3.59942503993e-09
-1.0092802273e-11
-0.113626622805
-0.00802741953944
-0.000234582459437
-0.0625573931448
1.00319737521e-06
-0.000157594661133
-1.54932307828e-05
-0.0651618400971
-0.0625573931448
-0.0009343526869
-3.20499253332e-06
-0.0338928030699
-0.434665696987
-0.0436133822204
-0.00610705423764
0.000236078359232
-0.000116998949824
-0.00313713702548
-0.000286819682447
0.000502706568191
-0.434665696987
-1.00312629326e-06
-0.0338928030699
1.65931212007e-05
-0.0651618400971
-0.0625573931448
0.00157802328867
-0.434665696987
-0.113626622805
6.12052507038e-09
-1.92274653458e-05
-0.000670199899866
-0.0009343526869
0.0
-0.0436133822204
-9.84617055293e-05
-3.3188369036e-06
2.10652629372e-05
-0.000157594661133
-1.44985789762e-05
0.000502706568191
-2.98209626069e-06
-7.48516938535e-05
-0.000207656829672
-0.00313713702548
-0.434665696987
-0.434665696987
-0.0651618400971
0.00213214332276
1.23013068384e-06
-0.434665696987
-0.434665696987
-1.57751703261e-05
-3.36740576138e-05
0.0
-9.86760458125e-06
-0.00393266749235
-0.0651618400971
-0.0009343526869
-1.55558194127e-05
-0.0057568627024
-0.00034302226495
-8.67078519402e-05
-2.38349128168e-05
-0.113626622805
-8.67078519402e-05
-0.0651618400971
-3.08401081464e-05
-0.000366627566531
-0.434665696987
0.00157802328867
0.00213214332276
-0.000291357445362
-0.0625573931448
-7.39614325186e-06
-0.113626622805
-0.000206181137502
-0.434665696987
-6.58354110624e-05
2.84538650122e-06
-0.434665696987
-1.76765258204e-07
-0.000609648530758
0.0
5.95182343771e-07
-7.05163610114e-05
-0.434665696987
-0.00013464456384
-3.97495200433e-05
-0.00393266749235
-0.000163852108694
-0.434665696987
0.0
-0.00877030520324
-0.000446808607238
-0.0436133822204
0.000517279048161
-0.000609648530758
-0.000609648530758
7.77061353879e-06
-0.00034302226495
-0.434665696987
-0.113626622805
-0.434665696987
-0.434665696987
-4.22405601062e-05
-0.434665696987
-0.113626622805
-0.113626622805
-0.0338928030699
-2.38349128168e-05
-0.00313713702548
-0.00802741953944
-0.434665696987
-0.000133009116834
-0.000446808607238
0.0
8.15676357701e-05
0.0045043208527
0.00157802328867
-0.0625573931448
-0.00410755368599
-0.0436133822204
-0.434665696987
-0.00480178608697
-0.434665696987
-0.0199441367294
-0.000399788326033
-0.434665696987
-4.55852981027e-05
0.00015594366394
-0.00266172835271
-0.000609648530758
-0.000446808607238
1.03109203625e-06
-4.87593997935e-05
-0.000206181137502
0.0
-0.0651618400971
0.00167169631232
-0.434665696987
-0.434665696987
-0.0651618400971
0.000882150783972
-0.000286819682447
0.000882150783972
-0.113626622805
-0.00877030520324
-1.65143523906e-05
0.00157802328867
-0.113626622805
-1.83080296834e-05
0.000112368973972
-0.434665696987
-5.72110731942e-06
-0.434665696987
-0.000157594661133
-0.000436384926049
-9.04345606127e-06
-0.0651618400971
-8.20887450404e-05
-0.434665696987
-0.00013464456384
-3.16532749354e-05
-0.434665696987
0.00167169631232
-8.68305824571e-07
-0.0009343526869
-0.000609648530758
-0.000609648530758
-0.00410755368599
-3.46560612314e-07
-8.20887450404e-05
-0.434665696987
-0.434665696987
-4.43173512609e-07
4.37082987599e-09
-0.00013671917083
-0.000152821239557
-0.0009343526869
-0.434665696987
-0.00034302226495
2.11318213429e-06
7.8937965981e-07
-0.434665696987
-0.000116998949824
0.0
-0.000217605371003
-0.0625573931448
-1.42611038806e-06
-1.04450234681e-09
-0.000108123215566
-1.22254791475e-06
0.0045043208527
-0.434665696987
-0.0651618400971
7.76688120512e-06
-0.00209284598901
-6.528168279e-05
1.60134880438e-05
-8.68342431705e-06
-0.000163852108694
-0.000163852108694
-0.0651618400971
-0.434665696987
-0.434665696987
-0.434665696987
-0.0651618400971
-2.72526068095e-09
-3.05315892141e-06
-0.00313713702548
0.0045043208527
-1.55635939581e-05
0.000326875884004
-0.00877030520324
-0.000446808607238
-0.434665696987
-2.15718418934e-05
-0.113626622805
-0.434665696987
-0.113626622805
-0.0338928030699
-1.23190040954e-08
-0.434665696987
-0.434665696987
-0.0009343526869
5.54833945198e-05
-0.0009343526869
-2.31895873556e-06
-0.434665696987
-0.0172393484763
-0.113626622805
-0.434665696987
-0.000157594661133
-0.0172393484763
0.0045043208527
-0.00277616113094
-0.0009343526869
-0.000446808607238
-0.000217354940848
0.000112645768638
-0.0110162481288
-0.434665696987
-1.11504740508e-07
-6.81196657425e-06
-0.00308152114956
-0.434665696987
-0.0651618400971
-0.0651618400971
-0.434665696987
4.63687209421e-05
-0.00123655347854
-0.000446808607238
-0.00802741953944
-0.434665696987
-1.70572466342e-06
0.000236078359232
-0.0009343526869
-0.00829816947657
0.0
-6.59515551596e-06
-0.000207656829672
1.26420543975e-08
-0.434665696987
-2.52888213773e-07
-0.0625573931448
-0.0651618400971
-0.434665696987
0.0
-1.22254791475e-06
0.000326875884004
-0.0651618400971
0.0
-8.07284555603e-06
9.76383452209e-06
-0.000424446961266
-0.000446808607238
-0.113626622805
0.000517279048161
-0.113626622805
2.12963854671e-05
-0.434665696987
1.16653367597e-07
-0.0436133822204
-0.000609648530758
-6.5754276885e-05
-2.92913525277e-05
-0.0625573931448
-0.434665696987
-0.434665696987
-0.000163852108694
5.39746069871e-11
-0.434665696987
-0.0651618400971
-0.113626622805
-0.000163852108694
-0.0199441367294
-0.434665696987
-0.0625573931448
-0.0651618400971
-0.0057568627024
-0.00013464456384
0.0
-0.434665696987
-1.0071943328e-07
-2.45318282921e-06
-0.0009343526869
-0.0625573931448
-0.000291357445362
-0.113626622805
-0.0625573931448
-0.0625573931448
0.00015594366394
2.01861457537e-08
-0.000446808607238
8.33883747122e-08
-0.00393266749235
-0.434665696987
-0.00497891421423
-1.17618061956e-08
-0.0009343526869
-0.113626622805
-0.434665696987
-0.0009343526869
-0.0651618400971
2.49435706936e-05
-0.113626622805
-0.0625573931448
-0.0199441367294
-0.0651618400971
-0.113626622805
-0.00610705423764
-0.000286819682447
-0.434665696987
-1.23397557533e-05
-0.0057568627024
-0.000883268577909
0.0
-0.0651618400971
-0.000366627566531
-0.434665696987
-0.000609648530758
0.00015594366394
4.18123735944e-07
-0.000116998949824
-0.0307307385951
-0.000291357445362
0.000281200740822
-0.113626622805
-0.434665696987
-0.0009343526869
-7.72060793408e-06
-0.0651618400971
-0.0009343526869
-0.434665696987
-0.434665696987
-2.41247101422e-05
-0.434665696987
-0.0651618400971
7.7044814733e-07
0.0045043208527
-0.00411369354351
-0.113626622805
-0.000108123215566
-0.113626622805
-0.0155387330417
0.0
0.00010868960306
-8.68342431705e-06
-0.000122751563262
-0.113626622805
-0.00313713702548
-0.434665696987
0.000236078359232
-0.113626622805
-1.2157041586e-05
4.75471136929e-05
-0.0625573931448
-0.434665696987
-1.09225633694e-07
-0.434665696987
0.000112645768638
-0.00829816947657
0.0
-0.000446808607238
-0.434665696987
-0.000271282108632
-0.0651618400971
-0.434665696987
-0.434665696987
-0.434665696987
0.0
-0.0338928030699
1.17621246265e-06
-0.113626622805
-6.5754276885e-05
5.54833945198e-05
0.00157802328867
-7.61852998183e-06
-6.69655001019e-06
-0.00610705423764
-0.0436133822204
5.9344899616e-08
-0.434665696987
2.85113505992e-05
-0.113626622805
-0.434665696987
-0.113626622805
-0.434665696987
3.13104352804e-07
-1.64566556187e-05
-0.0009343526869
2.58668832505e-06
-1.55263759983e-05
-0.434665696987
0.0
-0.000206181137502
-0.434665696987
-0.434665696987
-0.00829816947657
-0.0625573931448
-0.0009343526869
-0.434665696987
-0.000609648530758
-0.0172393484763
-0.0651618400971
0.000236078359232
-1.84638430544e-07
-0.434665696987
-2.63348909219e-06
0.0045043208527
-0.434665696987
0.0
-0.434665696987
0.000236078359232
-0.0436133822204
-0.113626622805
-5.43381871743e-05
-2.76505354186e-06
-0.434665696987
-0.000446808607238
-0.434665696987
-1.7229254943e-05
3.50734537833e-06
-1.83080296834e-05
-0.00308152114956
1.88265763678e-07
0.0
-9.99373815077e-09
-0.434665696987
-0.0009343526869
-0.434665696987
-0.434665696987
-0.434665696987
-0.113626622805
-0.000446808607238
-8.78365312271e-06
-0.434665696987
-4.35658827926e-07
0.0
-5.15829232911e-05
-2.41247101422e-05
-0.434665696987
-1.0270101176e-06
1.47485804923e-05
0.000281200740822
-0.434665696987
-0.0057568627024
-4.28982601235e-06
-1.07429653846e-05
-0.0009343526869
3.35986459772e-06