500
0.0
0.0
0.0
1.05788668038e-14
0.0
4.64892603979e-07
0.0
0.0
0.00129325530651
0.00975116752788
0.0
0.0
0.0
0.0
0.0
0.000471188657909
6.29268925049e-06
0.0
9.20696533474e-05
2.22358789977e-05
6.3686647772e-05
7.87457786254e-13
0.0
0.0
0.0
0.0
0.0
0.0
0.0039957248058
3.9082727776e-05
0.00052622025275
3.21019261237e-06
0.0
0.0
0.0
3.6780545798e-05
0.0
0.0
0.0
0.0109199275202
0.0039957248058
0.0
0.0
0.0
0.0
0.0
0.0
0.000471188657909
0.0
0.0
4.57702958248e-09
5.77838766407e-09
0.0
8.1629454044e-09
8.78089706686e-07
6.42725314397e-10
5.14062528285e-08
0.0
0.0
0.0
0.0
6.36720842644e-07
0.0
0.0
0.0
0.00349588970769
0.0
0.0
0.000424043750323
0.0
8.80148197593e-09
0.0109199275202
0.0
4.59333074793e-05
0.0
0.000569751735244
4.33538467599e-05
0.0
1.74514927801e-05
0.0
8.76304310407e-06
0.0
0.0
9.95296189009e-06
1.95984456472e-05
0.0
0.0
0.0
0.0209883181784
8.47162438298e-11
2.54269741758e-09
0.000128493047067
0.0
3.59050038443e-09
0.0
0.000135157156386
0.0
0.00132996778951
0.000157899586306
1.79368267884e-08
0.00129325530651
0.0
0.0
0.0
0.0
0.0
0.000529185242793
0.0
5.50426144502e-06
0.0
0.0109357617187
7.40685815186e-05
7.0620848213e-19
0.0
0.000100234531785
0.0
0.0109357617187
0.0
0.000471188657909
0.000175921330633
0.0
0.0
4.71016591116e-05
0.0
0.0
0.0
0.0
6.49999600454e-05
5.14066987224e-05
0.0
0.0
0.0
0.0
0.0
7.51323405578e-10
0.0
0.0
8.8490639791e-10
0.0109199275202
0.0
5.36700258864e-05
0.0
0.0039957248058
1.43365647544e-08
0.000471188657909
2.14809882986e-09
0.0
8.85545446096e-08
0.000454037963819
0.0
0.0
0.0
0.0
0.000344627447811
4.79182129241e-08
0.000365265760033
0.0
0.000251261467091
0.0
0.0
0.000885389012707
0.0
0.0
4.2913200995e-07
0.0
0.0
0.0
0.0
0.0
0.00121790686833
1.33652500767e-06
0.000454037963819
9.22467185164e-07
0.0109199275202
0.0
0.0
0.0
3.36771029418e-08
0.0
2.7375917145e-05
0.0209883181784
0.0
0.0
0.0
0.00349588970769
0.0
0.0
4.56917842244e-05
0.0109199275202
0.0
8.5607698024e-08
3.61725418816e-05
5.21799839313e-05
0.0
0.0
0.0
0.0
0.00975116752788
0.0
0.0
0.00030453286625
3.62074949243e-06
0.0
0.0
7.7441104559e-06
3.08525736443e-06
4.47055597564e-07
0.0
0.0
0.0
0.0
0.0
2.10741628318e-05
0.00102017077965
4.25070158889e-08
0.0
0.0
0.0
0.0
0.0
0.0
0.0
0.0109199275202
1.47680013686e-05
0.0
0.0
0.0
0.0
0.0
0.0
0.0
0.0
0.0
0.000366117775646
0.0
0.0
0.0019192134756
3.57607297495e-08
0.0
0.0
0.0
0.000501308814472
0.0
1.57260732424e-06
0.0
0.0
0.00132996778951
0.0
0.000454037963819
0.0
0.0
0.0
0.0
0.0
0.0109199275202
0.0
0.0
0.0
7.37261943894e-05
0.0039957248058
0.0
0.0
0.0
0.0
0.0
0.0
2.58800280141e-05
0.0
0.0
0.000222791792738
1.19154085137e-08
0.0209883181784
0.0
0.0
0.0
5.54657726365e-05
0.0
0.0
6.62301864715e-05
0.0109199275202
0.0
0.0
0.0
0.0
0.000175921330633
0.0
1.28910072362e-06
0.0
0.0
9.83464137112e-06
0.0209883181784
1.59465770387e-06
0.0
0.0
4.92823220334e-05
0.0209883181784
0.0
1.84865140009e-05
0.0
0.0
0.0
0.0
0.0
0.0109357617187
0.0209883181784
0.000390326551403
0.00349588970769
0.0
0.0
0.0
0.0
0.0
0.0
0.0
0.0109199275202
9.5098071684e-06
0.0
3.44508203173e-10
0.0209883181784
0.0
4.29639700424e-07
0.0
1.80035374627e-05
0.0
0.00052622025275
0.0
0.0
0.0
0.0
0.000610649532048
8.28358531736e-06
0.0109199275202
0.0
0.0
0.0
0.00122438962699
6.60358920155e-05
0.0
0.00975116752788
0.000108581222054
0.0
0.0
0.0
0.0
0.0
1.33018348894e-05
7.34356552922e-05
0.0
7.39905239079e-08
0.0
0.0
0.0
0.0
0.0
0.0
0.0
0.0
0.0
0.0
0.0
0.0
0.0
0.0
1.56001081024e-06
0.0
0.0
0.0
0.0
0.0
0.0
0.0
0.0
0.0039957248058
0.0
0.0
0.0
6.14227597768e-09
0.0
0.000101801185842
0.0
9.23816101708e-07
0.0209883181784
0.0
0.00102017077965
0.0
0.000885389012707
0.0
2.13057604482e-05
6.55212835838e-05
0.0
0.0
0.0
0.0
0.000159155796709
0.0
0.0
0.0
0.0
0.0
0.0
0.0
0.0
0.0
0.0
0.0
0.0
0.0
0.00975116752788
0.000885389012707
0.0
0.0
0.0
0.00349588970769
0.0
8.6330243351e-10
0.00475268504668
0.0
1.65649058873e-07
0.000308678456488
0.0
8.82657787978e-05
0.0
0.0
0.0
0.0
9.36151506867e-10
0.0
0.0
0.000688869483178
9.58068990119e-06
0.0209883181784
0.0
0.0
0.0
0.0
0.0
0.0
0.0
0.0109199275202
0.0
0.0
0.0
0.0
0.0
0.0
0.0109357617187
0.0
0.0
0.0039957248058
3.03452474413e-06
0.0
0.0209883181784
6.25594177055e-05
0.0109199275202
4.60159031609e-10
0.0
0.0
0.0
1.28833672689e-07
0.000275667191509
1.56171385234e-06
0.0109357617187
2.62031324174e-05
0.00111425632636
0.0
0.0
0.0
0.0
0.00112286246413
0.0
0.0
0.0
0.0
0.0209883181784
0.0
0.0
0.0
0.0039957248058
0.0
0.0
0.0
0.000569751735244
0.0
1.43220104713e-09
8.05361149831e-07
0.0
0.0
0.0
0.0
0.0
0.0
0.0
0.000454037963819
0.00077252335753
0.0
0.0
0.0
0.0
0.0109199275202
0.000885389012707