500
4.54970021585e-123
3.83560680205e-25
0.000713892277526
4.43867670134e-62
4.21640004542e-19
4.16834647708e-49
0.00257519827948
0.00765923518098
1.98829256414e-27
1.21801976628e-86
8.39035943627e-119
1.65179731944e-28
3.48424667241e-35
2.4207753062e-24
1.4250511031e-21
6.05382963692e-37
1.95248649298e-30
2.61360233266e-08
3.56079655342e-24
6.60479038318e-19
2.60991517651e-20
1.65540866502e-05
2.08915768601e-16
3.63227835257e-10
5.52214369851e-50
3.49981851384e-21
4.4566866704e-16
3.04578025777e-33
5.02504517184e-53
6.87663762245e-20
1.45732351363e-23
1.57333509667e-06
5.59578670603e-06
0.00874820143885
4.9037329358e-32
1.23760586877e-43
4.57689624728e-80
4.12982196805e-34
0.000412129270106
7.82234903971e-14
2.220689861e-76
1.23437822189e-21
0.00765923518098
5.56275629883e-06
1.25167489987e-15
1.59023201152e-25
2.1530183696e-12
1.15691667133e-07
1.46985500456e-15
3.33387424083e-13
1.02815959484e-16
0.000192962562175
1.83742636854e-36
0.000401218549
1.83815740442e-155
1.06051266124e-21
2.72125299066e-19
5.91062833207e-09
1.05388412329e-63
6.88897929897e-27
7.53489930727e-09
1.56133600812e-47
3.21427177621e-27
4.74412388511e-06
4.36242293872e-54
1.75182207737e-31
0.000303620774455
1.94750706888e-06
7.41804850236e-44
8.29435385498e-44
4.27982536714e-53
0.000495283018869
4.05741568885e-39
4.73473083347e-63
3.88201338963e-15
1.35950724687e-17
2.28918738988e-39
1.37704325171e-15
2.79026574525e-56
0.000115777537305
1.88568333206e-13
0.000192962562175
3.62688238389e-12
8.4306623423e-13
5.70043209357e-08
1.84393298241e-26
6.09171117896e-22
1.87961921951e-11
0.00874820143885
3.24847266823e-12
0.00121025581511
1.37246371618e-07
4.15004872583e-82
6.93585575247e-07
1.41425130533e-07
3.67225393512e-22
1.76417064168e-33
1.63086662037e-69
9.04548001791e-16
3.86190100647e-43
1.23413755217e-14
5.35791843599e-11
2.71600771178e-41
7.52587136549e-44
2.75957096165e-06
8.35927685444e-56
8.21479011421e-05
6.18758720692e-21
4.88286904576e-23
3.36517497855e-13
3.93408207508e-14
2.69115675123e-15
1.28808771804e-18
5.74648637297e-13
3.17974553136e-13
1.39133810493e-74
6.62626113701e-37
1.72130248793e-14
0.000119545829021
2.99612077116e-12
2.78407413078e-13
1.85384975914e-23
5.29411961549e-29
3.20373100047e-18
0.00513201610888
8.76612543416e-09
9.36283364793e-11
0.00765923518098
1.19163197589e-18
1.56118909884e-16
4.13672343076e-20
5.65595642432e-32
2.38577353896e-09
3.52262348862e-26
3.72999372819e-86
3.3877824339e-68
3.71678326707e-05
1.70424016002e-05
4.97579825596e-11
4.21709959644e-135
2.89570844907e-33
6.50269914108e-20
1.96179500331e-73
1.41022531725e-59
3.64644271508e-15
6.74126866912e-49
1.67161052973e-35
3.30180368267e-79
1.05338943747e-05
7.45616760253e-17
9.10055483276e-12
1.37229030893e-35
6.57030000402e-34
6.6734103998e-21
1.85952310814e-144
0.000956818112011
7.77044885574e-06
6.64274667366e-12
3.91320883821e-66
0.00242051163021
1.21187619719e-18
2.45373089792e-53
5.55679309171e-141
1.35409479895e-26
9.62246280219e-20
0.00257519827948
1.32462826028e-33
1.17162054461e-19
3.08508313771e-13
1.56690532159e-21
1.08624184763e-13
8.8067832242e-54
2.87676141317e-16
5.2713050835e-18
1.25384175423e-14
6.01267521095e-89
1.22055749345e-08
7.22265632566e-44
1.17322856549e-29
1.15128383245e-87
2.30032067481e-52
9.37375933937e-21
8.08227450311e-60
6.41851650268e-17
4.56474549876e-10
1.69759500978e-11
1.51733091538e-09
2.53503324324e-118
8.30017364299e-06
1.47291855984e-23
6.93585575247e-07
5.15066690089e-11
1.51512766718e-40
3.606670598e-23
1.00021917711e-78
2.94190072715e-20
1.10950784894e-59
2.15993556308e-23
2.7652139292e-11
6.44299063415e-44
3.32960251704e-19
7.40650026292e-08
2.61365246588e-24
1.20678018328e-10
7.61448834283e-26
3.1435991936e-21
1.19901314845e-127
4.16119118578e-81
8.30691821207e-28
0.00513201610888
0.0102640322178
8.19645745893e-25
2.57326350767e-17
1.64375487798e-14
4.8400545999e-11
1.92769210587e-42
0.00874820143885
1.49883339182e-21
0.00874820143885
2.19285928444e-26
5.69581067819e-30
2.82186299452e-88
0.0
6.81234973664e-34
3.93944395583e-26
5.90814284325e-74
0.000192962562175
1.01763203629e-17
2.48911614856e-05
3.46798641884e-18
1.46216370065e-05
1.54690097423e-18
2.95589088202e-05
1.41037879257e-21
1.56006268841e-13
2.52905827271e-46
9.65101408168e-30
3.85547579073e-54
6.08033834263e-44
5.57635284106e-23
0.0049103540982
1.11804372224e-05
2.20721155337e-05
5.27906969934e-43
1.52414712756e-05
9.94846159178e-138
4.51411571678e-13
8.32149914086e-106
2.88308552898e-54
1.12727846216e-23
4.12292071963e-16
4.92648480337e-05
2.61205485084e-12
2.30177127818e-21
4.59531700253e-105
8.95326838593e-54
1.52066050151e-71
1.46495809626e-13
2.78222620011e-29
3.78257379304e-07
0.000401218549
6.71550293996e-08
2.18233311864e-54
7.52438513762e-23
7.58356922516e-16
1.16693169192e-106
4.61900822947e-32
1.65009877365e-53
1.75033632488e-57
1.05389519389e-83
6.9696783329e-16
2.2809041786e-30
6.41505753491e-65
0.00143406356978
2.57326481965e-41
1.10609576268e-90
2.2886525957e-18
0.0
2.39408372481e-19
8.50164403769e-08
5.15207394518e-21
1.26622537274e-37
2.84431178432e-50
1.5161452023e-27
1.69000273741e-13
1.90826975428e-23
5.51486533467e-48
3.3610382738e-55
1.53987841704e-24
5.08663766347e-23
2.90563455874e-06
1.42753467852e-52
1.85609934373e-74
3.6185350907e-45
6.94087578841e-30
2.21958288256e-48
7.76201924949e-13
3.62682244925e-65
1.56366226848e-96
5.30519493383e-07
8.81969720938e-35
0.0
1.52004216463e-09
1.39456069914e-26
0.0102640322178
2.16383143864e-129
9.79968115051e-43
1.19431883256e-38
4.58933863008e-131
1.46610592954e-37
9.47719493998e-38
1.17028754532e-11
1.25633887826e-11
1.19040588377e-07
8.60885503046e-23
4.6910665655e-11
0.00765923518098
6.5941412785e-41
0.00124712577159
1.13587251842e-53
3.95605804587e-26
5.43945085577e-22
2.30021077983e-17
7.35128934815e-16
6.58557084261e-09
0.00765923518098
6.20841656848e-34
1.48158276482e-10
4.64185363293e-12
1.12118960995e-12
1.16167813806e-54
1.23196546993e-30
2.42807579725e-90
2.25142708365e-54
6.61310686903e-33
3.29835978133e-63
1.33439387148e-35
3.16961443269e-39
7.541477763e-25
1.21781425858e-70
3.01975236157e-100
8.28427071971e-24
8.73190981459e-14
0.00114033270842
2.55612125739e-66
8.67768240163e-22
1.02042959774e-47
1.23875312054e-15
1.42692334354e-82
9.23131362277e-21
2.25527767428e-18
0.0102640322178
1.18885165749e-40
2.41523230732e-07
4.41854033084e-73
6.58007194151e-61
2.24940751768e-30
1.77921655198e-40
5.51060733269e-06
5.22998344605e-21
5.74181161218e-95
0.0102640322178
4.03495949695e-32
5.7945551601e-16
7.14790195881e-40
1.00413715526e-15
5.2587778036e-11
1.35417126206e-31
3.12870146752e-34
1.52997435206e-09
0.0102640322178
4.80794978227e-61
1.38797824281e-05
1.58314645307e-12
2.25813987267e-36
1.28542196093e-38
9.09237393078e-28
1.83586754189e-05
5.6366329562e-19
1.19173805945e-66
4.05068871642e-06
0.00765923518098
2.14118639294e-26
1.46412878449e-08
2.37130249836e-23
1.12423349944e-28
2.43125580352e-51
1.33918121646e-06
6.47304970444e-11
4.61611914089e-82
6.55847624052e-09
6.28256019618e-50
2.18316204754e-48
0.00124712577159
8.34019879291e-08
3.36447702008e-21
1.72965030135e-08
5.11127182901e-11
0.0102640322178
0.00257519827948
2.11544507421e-44
1.32147629794e-19
7.01040830871e-09
8.04653643788e-06
3.87323953632e-21
0.00765923518098
6.31667439022e-28
2.86138483863e-07
1.45395700771e-09
1.70894096895e-08
5.42232611483e-29
2.03029593794e-40
1.48357467151e-25
0.00205613881387
5.22976694392e-28
9.46398593869e-14
1.10324771481e-30
0.0049103540982
4.74930990149e-11
3.93419837189e-11
3.15028437543e-20
4.28958184392e-20
1.71149777942e-39
9.56850126462e-49
3.87984340406e-24
0.000413697653816
2.1627600573e-15
0.00765923518098
1.43180125342e-65
1.57256027027e-24
2.76878130259e-08
1.23332189434e-31
2.74027950896e-19
3.55399578236e-39
5.66745348421e-54
0.0102640322178
2.62198240055e-26
1.64429630762e-69
1.9083078445e-47
6.9739431567e-18
4.00007086658e-21
1.64078511956e-35
5.80432784643e-13
7.3418316035e-32
1.96766823962e-56
0.000638486074587
2.2555673332e-06
0.0049103540982
0.00765923518098
2.08557142465e-25
8.94384189383e-11
3.97946822074e-80
1.61184421221e-41
1.23981658509e-08
8.89719371506e-06
5.07810798291e-07
1.32809526836e-101
1.47173047618e-45
6.03358329172e-37
9.77747190178e-09
5.46556136076e-06
2.32850842667e-35
4.49463267131e-36
1.0309138237e-05
9.98917933767e-89
4.57903090754e-07
3.92995072748e-13
3.75355928751e-12
4.82734551882e-29
4.18067250176e-14
2.06114090982e-09
7.67725240893e-104
5.78341559871e-07
4.92693885637e-17
1.04486017779e-15
3.90065709947e-41
9.65778122018e-11
1.90701318431e-10
1.4758871065e-78
4.67880234357e-06
3.52075745085e-22
5.4301020494e-63
1.79463529066e-18
0.0
1.85272585612e-19
3.44728448481e-68
8.2989684593e-08
4.74412388511e-06
1.67308431425e-82
1.10703277225e-23
7.93702281352e-18
7.66121392826e-21
0.00121025581511
1.74916140666e-63
0.0049103540982
1.07414893186e-61
1.32166335074e-17
3.46653888072e-25
2.53159196836e-26
0.000719677742218