500
0.000198834124205
0.0110611865681
0.000108968268703
0.00220085486009
0.002087497891
0.00220085486009
0.0
0.00220085486009
0.0110611865681
0.00220085486009
0.00220085486009
0.00010938108376
0.00137127969008
0.00130053095411
0.002087497891
0.002087497891
0.00137127969008
0.00130053095411
0.002087497891
0.017525562365
0.00130053095411
0.000944932126181
0.017525562365
0.00130053095411
0.00137127969008
0.000130980813045
0.00130053095411
0.00220085486009
0.002087497891
0.00130053095411
0.017525562365
0.00220085486009
0.002087497891
0.002087497891
0.00130053095411
0.017525562365
0.002087497891
0.00220085486009
0.00135498013859
0.000102519410948
0.00031960788124
0.017525562365
0.00220085486009
0.00130053095411
2.62959190337e-05
1.00006858663e-05
0.002087497891
0.000103703463663
0.017525562365
0.002087497891
0.000965082079961
0.00220085486009
0.0110611865681
0.00220085486009
0.000179764901073
4.65604284047e-09
0.00220085486009
1.29976432478e-06
0.002087497891
0.000179764901073
0.00220085486009
0.00220085486009
0.00130053095411
0.002087497891
0.0105179863079
1.29641691236e-05
0.002087497891
1.01969006871e-05
0.00130053095411
0.002087497891
0.002087497891
0.00137127969008
0.0110611865681
0.002087497891
0.000108968268703
0.00135498013859
0.00220085486009
0.017525562365
0.00130053095411
0.002087497891
0.00220085486009
2.48846972487e-05
3.52480198183e-06
0.000944932126181
5.42373973768e-06
0.002087497891
0.00031960788124
7.55900892101e-07
0.000103703463663
0.000336809585741
0.00137127969008
0.017525562365
0.000240058355422
0.00147676696764
0.00220085486009
0.00137127969008
1.97098493464e-05
0.00137127969008
0.00220085486009
0.002087497891
0.000209538536176
0.00130053095411
0.002087497891
0.00130053095411
0.00151742346533
2.49939491849e-05
9.83709402159e-05
0.00137127969008
0.00130053095411
0.0110611865681
0.00137127969008
2.90648978628e-07
0.00220085486009
0.000843664182495
0.00220085486009
0.000103312686264
0.00130053095411
0.002087497891
7.14388417073e-10
0.00220085486009
0.0110611865681
0.002087497891
1.79742471006e-05
0.00130053095411
0.00151742346533
0.000388104892383
2.09163849355e-06
0.0110611865681
0.00220085486009
0.0105179863079
0.0166771886261
0.000711692220869
0.0105179863079
0.000124257510086
0.000319341488033
3.79591339752e-05
0.00220085486009
0.0166771886261
0.0166771886261
0.00130053095411
0.00021055831958
0.00137127969008
1.99294821846e-06
0.000101453715384
0.0166771886261
0.00220085486009
0.00151742346533
0.00220085486009
0.00220085486009
0.0110611865681
0.0166771886261
2.55006069434e-05
0.002087497891
0.017525562365
0.002087497891
0.000191744071196
0.000198834124205
0.000189386963468
4.00379014819e-05
0.002087497891
0.0110611865681
0.0105179863079
0.000166203003509
0.017525562365
0.000243064476196
1.4204939345e-05
0.0166771886261
0.0110611865681
0.000117808858906
0.00220085486009
0.002087497891
0.000442897293194
1.22589092805e-05
0.002087497891
0.000166086348472
0.00220085486009
0.00220085486009
0.00137127969008
0.000171488576371
0.00220085486009
0.017525562365
0.00220085486009
1.79157356836e-06
0.00220085486009
0.0
0.00220085486009
0.00130053095411
0.002087497891
2.36097398857e-05
0.002087497891
0.00158434115337
0.00137127969008
0.000111822552747
0.002087497891
0.002087497891
0.000175177027864
0.00220085486009
0.000123082082571
0.002087497891
0.0110611865681
0.00163408402913
0.00220085486009
0.00220085486009
0.0105179863079
0.00137127969008
0.0105179863079
2.788310252e-06
0.00220085486009
1.5546900177e-07
0.00220085486009
0.0110611865681
0.0166771886261
0.00137127969008
0.000189386963468
2.77360389217e-05
0.00130053095411
0.00135498013859
0.00150203311603
0.00220085486009
0.000198834124205
0.00128497020348
0.00130053095411
7.23135347549e-05
1.51428404176e-05
0.00137127969008
0.000800027889401
0.000535651217231
0.00158434115337
1.32886096087e-05
0.000419946337082
0.00220085486009
0.00220085486009
0.000175177027864
0.0166771886261
0.00137127969008
0.00130053095411
0.000209538536176
0.000189386963468
0.002087497891
0.00158434115337
0.00137127969008
0.000969709981108
0.002087497891
0.00137127969008
0.00130053095411
0.000232861071477
4.20939379026e-06
0.017525562365
0.000103312686264
0.0166771886261
0.002087497891
0.00137127969008
0.00220085486009
0.0105179863079
0.017525562365
0.000108968268703
0.00130053095411
0.00130053095411
0.00220085486009
0.00130053095411
0.00137127969008
0.00154974077866
0.000442897293194
0.002087497891
0.000711692220869
0.017525562365
0.0105179863079
0.002087497891
0.000336809585741
0.000166203003509
0.00220085486009
0.00220085486009
0.002087497891
0.00220085486009
0.000166086348472
0.00128497020348
0.00220085486009
0.00163408402913
0.000674832381649
0.00130053095411
0.002087497891
0.00267988742942
0.00220085486009
0.002087497891
0.002087497891
0.00137127969008
0.00130053095411
0.000327003698552
0.00130053095411
0.0016703997348
0.00137127969008
0.00151742346533
0.00220085486009
0.0166771886261
0.00220085486009
0.0105179863079
0.00130053095411
2.62959190337e-05
0.0166771886261
0.0110611865681
1.01765099309e-05
0.00137127969008
0.0166771886261
0.002087497891
0.000111822552747
0.000711692220869
4.31540168645e-05
0.00130053095411
0.00220085486009
0.000319341488033
0.017525562365
2.55631752795e-05
0.0110611865681
0.00137127969008
0.00220085486009
0.00010938108376
0.002087497891
6.80365219798e-05
0.000179764901073
1.64573605037e-05
0.00081950449925
0.00220085486009
0.002087497891
3.52480198183e-06
0.00130053095411
0.00220085486009
0.0110611865681
0.00137127969008
0.002087497891
0.00220085486009
0.0166771886261
0.002087497891
0.00220085486009
0.0105179863079
0.000843664182495
0.00220085486009
0.00220085486009
0.0016703997348
0.002087497891
0.000800027889401
0.017525562365
0.00220085486009
0.002087497891
0.000103385260313
0.00220085486009
0.002087497891
0.0166771886261
0.0166771886261
0.00151742346533
0.00130053095411
0.00220085486009
4.31540168645e-05
0.000336809585741
0.00130053095411
0.00137127969008
0.002087497891
0.00220085486009
0.000179764901073
0.00220085486009
0.00137127969008
0.000175177027864
0.00220085486009
0.00130053095411
0.002087497891
0.00220085486009
0.017525562365
0.00130053095411
0.00220085486009
0.00220085486009
0.002087497891
0.000319341488033
0.0166771886261
0.00128497020348
0.00220085486009
0.00220085486009
0.00220085486009
0.00130053095411
0.0110611865681
0.002087497891
1.6881289576e-05
0.00220085486009
0.00130053095411
0.000103703463663
0.000674832381649
0.002087497891
0.0
0.00220085486009
0.00130053095411
0.00130053095411
0.00137127969008
0.000166203003509
0.002087497891
2.72158473125e-06
0.00220085486009
0.002087497891
0.00220085486009
0.0110611865681
0.0105179863079
0.002087497891
0.0105179863079
0.000103385260313
0.000209538536176
9.40939990807e-06
0.00220085486009
0.00137127969008
0.00137127969008
0.00220085486009
0.00137127969008
0.000156486220396
0.002087497891
0.000189386963468
0.00137127969008
0.00130053095411
1.81737495669e-05
0.002087497891
0.002087497891
0.002087497891
0.00220085486009
0.00151742346533
0.0166771886261
0.00130053095411
0.00130053095411
8.38211427756e-06
0.000229168877484
0.0110611865681
2.33399508419e-06
0.00137127969008
0.00130053095411
0.00220085486009
0.002087497891
0.00220085486009
0.000166203003509
0.00220085486009
1.45214374437e-08
0.00135498013859
0.00220085486009
0.000198834124205
0.00220085486009
0.002087497891
0.002087497891
0.00220085486009
0.00220085486009
0.00130053095411
0.0166771886261
0.00220085486009
0.0105179863079
0.0166771886261
6.86318399088e-05
0.00137127969008
2.20260083558e-05
0.0110611865681
0.017525562365
2.68878370605e-05
0.017525562365
0.00220085486009
4.09313311961e-05
0.00130053095411
0.002087497891
0.00130053095411
4.69335523698e-05
0.002087497891
0.00220085486009
0.000199752007115
0.00137127969008
0.002087497891
0.00220085486009
0.00137127969008
0.000166203003509
1.91561955175e-05
0.000189386963468
0.000319341488033
0.017525562365
0.0110611865681
0.00130053095411
0.00220085486009
0.017525562365
0.00130053095411
0.00241029901442
0.00130053095411
0.0016703997348
0.00220085486009
0.002087497891
0.0105179863079
0.00254210538265
0.002087497891
0.002087497891
1.7257922052e-05
0.0166771886261
0.00135498013859
0.00220085486009
0.000175177027864
0.00021055831958
0.00137127969008
0.002087497891
0.002087497891
4.67314819699e-05
0.0166771886261
0.00220085486009
0.00220085486009
0.0166771886261