500
1.91689078488e-05
0.000185186943183
0.000852233191003
2.14973708814e-07
4.88275931608e-21
4.99635337037e-25
3.42165628948e-39
7.8751755977e-05
4.20627038043e-18
2.52294819496e-24
1.50283158702e-38
1.13145444751e-13
1.68676539273e-17
0.000151912386668
4.50804432916e-08
3.24543022382e-12
6.95962223097e-17
3.97114809916e-25
3.22416452999e-15
4.05828697852e-10
0.00127206325816
3.51315872162e-15
6.50504212413e-09
1.95397020069e-09
1.9128607359e-08
1.13965802056e-24
3.44515712325e-18
1.44407211674e-09
0.00182060724729
1.46377125812e-47
1.45073014531e-09
8.24817160641e-08
0.0116493703955
8.58664302977e-30
4.88343634564e-18
0.000143890672672
5.1413675857e-21
8.03287193034e-07
5.67290606211e-16
1.21298171244e-17
2.74796525554e-07
1.70926681377e-06
1.25662142609e-24
1.05008147873e-12
5.22395770342e-09
1.45608116894e-08
0.00634125468375
0.00569870466936
4.83272647409e-10
3.28084201067e-44
6.33465027961e-07
0.00109240756954
7.18126788988e-22
7.83966853418e-20
7.84703651733e-26
0.000142622443551
7.7968251909e-08
6.19758713557e-16
2.01740813052e-15
0.000545730995494
6.39223118389e-11
9.80597936836e-42
5.09568820743e-11
1.67189445071e-05
6.02639709205e-06
7.05301725326e-13
4.77134445752e-28
0.000196050638032
0.0116493703955
8.13391561685e-06
1.38114398387e-11
4.47999568692e-43
2.68894854015e-17
0.000185186943183
1.83333212233e-07
3.93395069759e-12
2.04806058058e-06
7.64240256503e-14
1.22896215812e-34
1.24647474106e-05
2.20331241022e-10
3.66545130959e-35
3.91111909928e-08
9.07712983384e-36
5.6340970175e-08
8.26494552331e-09
6.3660959894e-12
4.21142934576e-39
2.347595414e-14
5.31539390275e-10
2.16463632604e-05
6.44601500327e-30
1.61199543364e-42
1.41805846778e-09
2.88015843409e-05
4.81727704342e-08
6.87414918941e-06
2.45184154975e-22
6.25904181002e-09
3.38563539459e-25
2.10949245917e-06
0.000884108257011
1.76902987564e-27
4.33939608271e-27
5.20840288278e-10
0.000737050808531
2.86485494239e-17
4.71933835833e-08
2.65101702991e-18
8.13590111684e-06
0.000302318247397
1.59945112177e-11
0.000167973569945
4.2204579851e-08
3.04237307079e-12
4.45935814693e-09
0.00886209772419
1.60996771684e-09
3.43439319595e-16
1.29150306722e-20
3.17392105971e-14
3.06702253966e-06
7.23011625486e-05
1.62242584844e-07
1.01759482174e-07
2.80934237696e-06
6.52649163722e-15
2.56719789958e-26
3.87977103698e-05
2.56325921422e-11
1.08531363128e-06
1.25087094213e-13
1.2408958507e-26
1.56444299344e-05
2.54623208184e-12
7.01707180061e-25
0.000956675673489
3.98488349347e-34
4.6477851897e-33
2.0953885993e-06
3.44871525291e-10
0.00864769213409
1.42471063959e-08
0.000937341492824
1.23860845865e-08
1.03016515575e-07
1.91178170717e-12
1.30326666076e-06
2.32441515285e-05
3.71606533538e-11
1.59586096063e-05
2.64162397982e-09
3.87027339389e-18
1.02379771589e-17
2.1655825796e-06
0.00171360587669
2.58557705999e-08
6.71719072184e-23
3.81149830207e-16
0.00116216417391
4.29789512548e-65
1.19795245972e-14
7.37026619965e-05
0.00147159036227
9.54389310353e-05
0.000154307856023
0.000150710595904
9.97707254765e-10
2.07392492699e-05
2.43558000679e-30
0.000112541064842
4.64366588705e-13
5.78991295774e-08
2.96189122876e-18
0.00121428775291
3.68624443826e-27
1.25292762215e-05
5.14558515607e-11
5.48830084484e-18
3.00549706417e-14
8.68298940808e-08
1.94190558057e-30
1.25270936729e-23
4.48528497609e-19
0.000104284491305
4.18812028138e-06
8.38470362111e-34
0.00022955148834
0.0116493703955
3.75312968848e-07
0.000146826475901
1.3143253295e-06
1.34533302287e-09
2.92398038981e-38
3.95899310991e-38
0.000112120501789
0.000113149988488
2.03559422571e-07
8.61068812124e-09
3.62211933378e-05
3.0689350611e-23
5.16585620483e-15
1.83645430491e-13
0.00022955148834
3.4200711042e-36
9.17863206021e-05
2.47761148758e-08
1.21905149619e-06
1.83211928856e-05
6.89547916763e-27
1.01911709469e-32
1.62434885602e-32
1.94465193839e-07
1.47078783656e-08
0.00147159036227
1.08828722946e-07
1.57616536372e-07
1.59289606189e-08
7.36852981054e-05
2.76241771398e-07
2.07464280797e-07
1.41827340453e-14
3.02456364894e-05
9.49979092808e-11
2.04139053735e-28
2.35555949069e-19
3.31825302967e-35
0.000559690228911
3.93105227124e-37
8.19055594124e-16
1.178889257e-14
7.43646173498e-18
5.38244284822e-07
2.60989473937e-12
1.36445442375e-06
2.9373191356e-14
7.37026619965e-05
2.00740052947e-23
3.29798948647e-18
3.37933945013e-43
1.95255620167e-09
2.63802607069e-21
1.14990251945e-12
0.000737050808531
1.45861955775e-14
5.55844204146e-11
8.08788598221e-16
0.00864769213409
1.37391925758e-15
3.73565404013e-10
4.6739906504e-08
2.02754372363e-05
2.67265576324e-05
0.00886209772419
2.53586014186e-06
6.52134200864e-17
7.53708767122e-12
3.36319643891e-05
1.68993155595e-12
4.71721518377e-10
0.00116216417391
8.23761112573e-06
0.000146826475901
3.49741624276e-12
1.71223851962e-52
1.39496118273e-20
2.08470767322e-06
0.00182060724729
2.11934212078e-16
1.43321648222e-21
0.000104705906923
1.22052347844e-12
1.10036170213e-13
5.17744041949e-20
0.00864769213409
5.55805194896e-07
2.33573986106e-12
2.12777104226e-12
2.53472768175e-26
7.04492857259e-57
7.06656687037e-20
1.07473964366e-20
7.21979771594e-06
0.00171360587669
0.0116493703955
4.00922325487e-08
2.42232991611e-16
2.73655691005e-18
2.2635163423e-09
9.66644021236e-11
0.000116542477759
9.1596079089e-07
0.00012517607774
6.02800190705e-07
0.00650363623308
4.59721673853e-10
8.48099827408e-05
0.000261162879165
0.000884108257011
2.24711772816e-05
0.00864769213409
1.51818878745e-08
1.10236862665e-08
9.01397036619e-05
1.0167621562e-23
1.77869178437e-13
0.0116493703955
4.00726689364e-10
0.00864769213409
0.00886209772419
7.15437985904e-09
2.26438929507e-13
1.10127170287e-40
0.00114804967052
9.47443234176e-12
1.52919432686e-12
2.72199130991e-11
2.23452667166e-15
5.57814589591e-15
4.50193248693e-10
3.44948519563e-27
3.26295448321e-56
2.2053509212e-05
3.96509392151e-31
1.2923372363e-29
1.36445442375e-06
0.000154307856023
1.8341437075e-06
0.00114804967052
1.67255302506e-08
0.0116493703955
3.99210515478e-37
9.20664490869e-11
3.61078658003e-05
2.31866086841e-09
6.50829435466e-29
1.10550492146e-08
2.03604408588e-09
2.20157354796e-07
0.000254377977666
1.65340508806e-13
0.000131341810305
1.31777876078e-10
2.59168925253e-13
2.26647127319e-15
1.95424967428e-08
1.17824634745e-32
4.71625980745e-11
6.56466081884e-09
7.01600961146e-06
1.46282755131e-14
1.56431319897e-07
1.7382958146e-11
0.00569870466936
1.40334326162e-05
0.000124692036585
0.00864769213409
0.00886209772419
5.70785941813e-25
1.15069198204e-12
2.53341154673e-12
0.000852233191003
3.86623407101e-11
5.29828636956e-18
2.41799886859e-11
2.82711295079e-25
7.77264707836e-05
0.00650363623308
1.38984406737e-11
0.000197570761703
1.39489750968e-10
2.48043468433e-07
3.02816754835e-05
1.94521490312e-05
7.09188747052e-07
0.00030695518279
2.20047407468e-17
0.00072952491146
4.68874344967e-06
8.50453837523e-08
7.07467818103e-08
3.04242600464e-07
0.00022955148834
3.58936929561e-14
1.07318954084e-19
1.38017980027e-08
0.00864769213409
3.58306211851e-10
6.27940739202e-05
1.07764552752e-09
0.000193514535157
0.00087336293954
7.99833034656e-17
5.80370596163e-12
2.52837465904e-11
1.69075375202e-13
1.71343579936e-28
0.000152422066545
8.19643182826e-15
2.32208530107e-11
3.04691320057e-05
0.00114804967052
2.43622623493e-05
1.0003942771e-33
2.48219945587e-09
2.76465826886e-07
3.25289752286e-20
9.24015529925e-11
4.24271658399e-09
0.000523786539213
6.16244241691e-06
1.71603122858e-18
6.00673481271e-16
5.54452561129e-25
4.58187927502e-53
1.50284291671e-37
7.72419179371e-14
0.00121428775291
1.08297639127e-23
0.000172605560998
9.68868598198e-13
0.000155886950308
1.36717602096e-05
0.00116216417391
2.37434493195e-07
2.69897228258e-17
9.49381094732e-19
1.60469211124e-12
1.47291452362e-17
7.0272465551e-15
0.0116493703955
0.0020684604284
1.58699558835e-07
0.000216741339812
0.000862710828488
7.93581033106e-12
2.94153785553e-23
4.8393259434e-12
3.70342806937e-11
2.57045255398e-17
0.000545730995494
7.02921970395e-06
2.22844143756e-06
0.000852233191003
4.53985655112e-27
4.83395578801e-19
2.91804483088e-09
3.05500515956e-07
2.043456773e-37
2.70009817471e-09
5.51211276565e-26
9.94467448176e-05
0.000224784223027
4.42969375179e-16
0.00116216417391
1.70003603473e-09
0.00182060724729
1.11092723339e-35
4.16003356515e-07
4.57710566155e-10
3.07390353061e-26
1.64487924847e-05
6.44384408367e-08
0.00864769213409
3.32368145046e-07
6.68771395225e-20
2.30487368319e-15
5.2700149628e-15
4.1356582417e-06
2.62778620347e-08
7.21128934485e-15
2.30536247009e-62
2.68881251158e-05
6.22446275063e-20
0.0020684604284
8.86580812398e-05
8.80491838505e-05
7.84234757654e-22
0.00132021188781
8.40471705256e-09
7.88033979533e-34
0.000182757453003
0.00011455024062
6.46600978723e-06
5.46961597918e-23
0.0116493703955
1.36371477879e-07
5.36966655328e-13
0.000158051269549
1.10445051657e-12
8.0131108077e-06
5.89261930835e-16
2.46480044153e-20
4.13181523962e-13
5.92455680778e-12
0.000108377137951
2.61158794748e-22
1.412992632e-27
2.8773333832e-22
2.44137294394e-08