500
7.30308821865e-06
2.86753128086e-15
7.24409305761e-06
1.92068402647e-06
1.36115420034e-14
3.54628832395e-18
3.19323966052e-05
2.25195148765e-13
2.85169624469e-07
1.31925679148e-10
3.46767856382e-08
5.19329238042e-30
0.0001926320115
1.09957341494e-05
7.5246388104e-13
6.38365902556e-10
1.94680755245e-12
8.50101338689e-32
4.1774398066e-06
3.37309218451e-05
5.0933466085e-37
1.85883800339e-06
0.000259650882843
1.57146194626e-17
0.000103308811646
3.6877616274e-12
0.000903498888869
5.90321743974e-11
2.25085307639e-19
2.40940882172e-05
1.61749979901e-25
1.13421468482e-06
1.09102296847e-08
5.64756027904e-05
1.62550328718e-35
6.44812834389e-10
0.000160424613165
1.29223439441e-06
3.52697371247e-10
7.55147317968e-18
3.14256844962e-13
7.50289366248e-10
2.11504567811e-12
1.09150873513e-07
5.10474055374e-06
1.29327636993e-10
1.69516144744e-07
8.34238139345e-18
6.29872834653e-07
1.67898840593e-07
2.9393936354e-31
5.51867591411e-13
1.0935277197e-08
0.000491851286517
1.4761662344e-06
1.64539856168e-07
2.72353611294e-06
1.3710818547e-24
3.65049744657e-35
0.000145940042782
6.65931190124e-16
1.49430935772e-08
9.54629358058e-51
5.28619427147e-05
6.14182798536e-07
0.000189610587107
3.56923359187e-11
2.99654184338e-11
2.16175197406e-37
6.49776636814e-12
2.11208369545e-07
8.11031109469e-37
1.16073396612e-13
2.01749906583e-08
1.72502342665e-06
4.27007455032e-10
3.4971962554e-20
3.54780293951e-22
2.69120024889e-06
3.96296487297e-13
3.13071888633e-26
1.2786183347e-12
3.57355843941e-33
4.46622910495e-07
1.6036440278e-20
8.71090105605e-14
2.06087451592e-10
1.01329420309e-35
5.95017997898e-12
2.69147038242e-08
1.91797500029e-10
0.000131066592737
3.62863831255e-06
1.14632052995e-37
1.76335556076e-29
3.96555608301e-16
1.86601921486e-14
2.43388736184e-07
5.31333642121e-08
1.81800450498e-06
1.2234262036e-05
3.07940564385e-30
2.23436472405e-10
3.56404517978e-06
1.41100898274e-19
4.70167707298e-16
1.09191656094e-32
4.35202743407e-12
1.21031642887e-16
6.3770871387e-05
2.63847476604e-10
5.34902318278e-24
2.34380392388e-30
4.5779886391e-06
2.0430286136e-31
5.80744974597e-15
1.74183319692e-12
6.49795635771e-38
0.000270289538957
7.48121153717e-10
7.72816337566e-10
2.63753585151e-13
6.17103711474e-23
8.61106005179e-23
1.34375923787e-34
2.69958006923e-40
0.000734732629177
2.10096289124e-27
2.74294248606e-06
5.30040033269e-38
9.88918783043e-06
1.48676839742e-08
5.0214454819e-37
5.87609158654e-18
7.47705147489e-10
1.3552852021e-08
5.78583050913e-40
4.42720850157e-08
1.51140230931e-05
2.57874116099e-18
4.37166352938e-26
4.65334326928e-26
2.44628124413e-10
7.37105645036e-08
0.000248829473902
2.64718307711e-43
2.14057512642e-07
2.1146534319e-13
7.30484060179e-18
2.62641336644e-42
2.13412609728e-21
5.80686758255e-06
5.92601469398e-05
4.74978208761e-23
4.00520094588e-10
2.63884683815e-05
7.83811599134e-07
4.60580515091e-08
1.08229899631e-17
1.4201753625e-38
2.089832184e-06
1.32149565226e-12
1.10302186554e-06
6.07034705727e-18
6.57091375983e-33
2.21254506097e-11
3.47374205061e-25
1.08668398938e-10
1.86386317161e-10
5.90195382487e-19
5.65697056436e-21
2.37802225792e-26
2.52653472262e-21
9.16174313794e-09
1.09160231359e-13
2.57289078728e-07
2.11324724155e-12
8.42280713572e-56
6.55876752072e-12
3.59346194433e-09
4.17452997475e-19
1.25928364517e-12
1.93529133887e-33
3.06822271016e-23
2.21007212449e-35
2.01924608534e-08
3.40359128208e-13
0.000141571464102
3.26364004088e-06
4.14309279228e-14
7.34056350563e-05
5.33593292257e-10
5.18450600092e-19
1.49529707527e-06
2.96040930303e-05
0.00016215594503
6.51593509724e-11
1.62849837492e-08
1.4383890499e-33
8.47402012544e-09
1.05322921137e-27
0.000244389815321
4.41379550437e-15
6.06822023184e-07
5.73574141497e-05
2.85465990452e-22
5.560528769e-14
2.48066503382e-50
0.000208904578682
4.54457642224e-10
1.98580956889e-11
4.80919086682e-48
2.67647411166e-09
2.45801119184e-24
1.04568777461e-06
2.95358680218e-28
0.000151732318273
8.66036888669e-27
2.63370303754e-11
3.88421244267e-21
0.000379169559404
7.8813303373e-23
3.15358855632e-41
0.000815131035196
6.9393194974e-20
4.34787462164e-23
5.23307776694e-19
8.12614328134e-38
8.61664030696e-08
2.91724075302e-21
3.62587400829e-56
7.16042139865e-08
2.94763941998e-31
1.57378735093e-05
5.95527836765e-05
2.7043266488e-09
4.78886359248e-06
1.43589158225e-10
3.34726740972e-05
4.12759096069e-14
2.93158301384e-34
2.81376509138e-22
1.39387706053e-23
1.03035911483e-24
3.84848518989e-33
1.79187905836e-16
3.71148298878e-06
3.1345487981e-09
2.87736110713e-13
0.000796799084154
1.83617868804e-19
2.29553097543e-36
6.60777219585e-05
8.20519466418e-33
8.31783773212e-19
4.6432749928e-11
2.21512155888e-06
1.06500468648e-13
5.29191160494e-12
2.00938362181e-08
2.74058744331e-06
0.000395911500818
1.79690883643e-39
7.37305902989e-07
1.423179011e-13
2.70281011924e-15
2.21121763895e-15
2.56495912667e-05
9.63169061258e-07
9.37124112079e-05
4.37609937725e-21
1.7946467133e-06
5.13984050261e-13
1.9020066554e-06
9.38503221632e-09
2.46662811829e-09
5.23837868974e-05
5.42548107453e-16
4.2931256695e-06
4.46364184463e-11
1.07805597869e-13
2.43222041017e-11
6.22860597283e-25
6.95124722386e-21
0.000115746497081
6.76932100418e-12
4.86689793262e-05
4.71069789242e-21
1.79949909882e-27
3.09401767573e-06
3.54575989586e-31
6.26576818983e-07
6.02758877088e-17
0.000131548182795
3.2654206468e-13
2.7405840517e-40
3.49674190128e-44
3.22346910824e-31
4.82889115059e-23
5.12964418418e-13
8.54183175264e-37
6.44421412492e-16
1.13912232197e-08
1.33963757063e-31
2.22244123237e-06
3.4377425107e-09
4.58707843274e-06
3.05047474178e-11
1.39940716444e-25
1.39910163589e-30
6.70189313414e-08
1.40432525208e-16
7.72182063252e-07
1.65345910244e-09
1.04323232445e-05
2.30277480104e-18
4.85431824953e-05
9.90026051206e-06
2.20343569957e-10
3.20116899511e-06
8.58034561707e-09
7.37949784389e-08
2.82991127431e-19
1.18235065014e-42
6.1415412191e-36
1.3725196028e-07
4.93954764918e-30
1.18693477534e-08
2.99428116253e-20
1.67682666603e-14
3.49772796382e-13
5.80192917948e-12
0.000796799084154
0.000118269491381
0.000208904578682
9.70890210521e-06
5.64302407004e-06
4.01869587032e-28
8.28717695865e-08
7.19123625033e-23
1.70706855481e-22
2.10484394843e-12
4.96697709684e-08
3.23333192908e-20
1.19554782853e-20
8.50691433732e-24
6.06563353932e-07
0.000312063858628
5.56914766068e-30
1.67881271345e-54
3.05379567325e-09
2.33779444118e-68
4.86051619797e-51
2.35934556959e-18
1.15381391776e-27
2.89093546839e-06
1.00205220598e-15
7.55841392415e-19
2.26514650202e-05
1.78107738497e-06
2.97010955246e-10
6.34113820588e-05
2.7449629828e-20
0.000815131035196
0.000252976930445
5.36435372779e-20
5.50800205849e-38
3.03725614642e-05
5.32553773475e-10
2.1385519896e-10
4.00063498104e-19
0.000130543792161
2.38781905245e-18
1.439958214e-41
3.10229076568e-10
4.17903473508e-14
0.000265034617072
5.86842095668e-17
6.98151982181e-08
6.12463728892e-05
4.86689793262e-05
1.56373319353e-12
4.49554555372e-14
2.68315408402e-23
2.35770303836e-11
2.49764496193e-16
1.24838463924e-19
9.36433571534e-47
8.05234446247e-16
5.43586998762e-09
8.71871646934e-38
3.84614962548e-26
4.40219413144e-16
3.39323983762e-07
4.07956998955e-11
2.7277016193e-08
3.33273669085e-12
3.64933569904e-11
5.5165746283e-24
3.85450651193e-07
3.57557877919e-13
2.48238670124e-13
3.57750328685e-19
1.20260214302e-06
7.41598720514e-10
9.91885689308e-05
1.11984860318e-14
1.72351608572e-42
1.42817861482e-07
3.73238988055e-22
3.68902991961e-40
1.30627534011e-07
2.43947598197e-10
1.16830032053e-11
4.53568267993e-08
8.3025542561e-06
9.11013679149e-10
4.97954499311e-36
8.82232537396e-05
0.000751636617718
7.97643666537e-26
2.21619096148e-05
3.22652718294e-10
6.23788293008e-09
2.57482287688e-43
1.59625122433e-05
3.19082770846e-32
3.6381694855e-08
9.8471506105e-07
1.22004561604e-09
3.48213732356e-36
1.22838220812e-12
1.67142556508e-41
6.1960686348e-11
2.27456923769e-15
1.89931599181e-15
6.13417632405e-21
5.85434418826e-05
2.05343936792e-05
4.51002519423e-12
1.82021620114e-08
3.25075368132e-24
2.27826226518e-05
6.59747747953e-41
6.59856437719e-19
3.78711245624e-26
2.98726512236e-10
3.40047650749e-14
2.05744016105e-13
3.23682649337e-16
2.09595945744e-33
3.00402145056e-06
2.79952311989e-10
3.07953204622e-12
3.35814351426e-12
8.4872664079e-14
1.47693543304e-07
1.54610267347e-14
7.28109552382e-06
5.1889860384e-13
1.93351065148e-07
0.000453538659988
1.49328986556e-11
3.64908499498e-10
1.68451502585e-14
4.86109180071e-24
9.1486835359e-52
4.23637284083e-18
3.96298097419e-26
3.86365325309e-17
3.76826439266e-05
1.19063949623e-14
2.37072578926e-24
9.96378829471e-36
0.000379169559404
7.71656926694e-07
4.12339015699e-06
4.40673556338e-71
2.60123148659e-43
1.59013273582e-16
5.14916822827e-08
4.15769739812e-16
3.12138914366e-36
0.000103799975324
9.11557871062e-14
1.25545798555e-24
6.41857154861e-07
2.4229389901e-09
1.20964629305e-13
3.4927392571e-40
1.0818227179e-36
9.7432042188e-31
1.56269420005e-12
1.55550600851e-05
6.67179373347e-09
2.64882345359e-10
1.5520934159e-28
1.16329328422e-11
4.32172172845e-20
4.10107418657e-20