500
0.0
2.97915116043e-06
0.0
0.0
0.0
0.0
0.0
0.0
0.0
9.4265398305e-10
0.0
0.0
0.0
0.0
0.0
0.0
0.0
0.0
0.0
0.0
0.0
0.0
0.0
0.0
0.0
0.0
0.0
0.0
0.0
0.0
0.0
0.0
0.0
9.54420386396e-05
0.0
0.0
0.0
0.0
0.0
0.0
0.0
2.97915116043e-06
0.0
0.0
1.12226723695e-09
0.0
2.97915116043e-06
0.0
0.0
0.0
0.0
0.0
0.0
0.0
0.0
0.0
0.0
0.0
0.0
0.0
0.0
0.0
0.0
0.0
0.0
0.0
0.0
0.0
0.0
0.0
2.97915116043e-06
0.0
0.0
0.0
2.97915116043e-06
0.0
0.0
0.0
0.0
0.0
0.0
0.0
0.0
1.34866859157e-10
0.0
0.0
0.0
0.0
0.0
0.0
0.0
0.0
0.0
0.0
0.0
0.0
0.0
0.0
0.0
0.0
0.0
0.0
0.0
0.0
2.97915116043e-06
0.0
0.0
0.0
0.0
0.0
0.0
0.0
0.0
0.0
0.0
0.0
0.0
0.0
0.0
0.0
0.0
0.0
9.21712357738e-09
0.0
0.0
0.0
0.0
0.0
0.0
0.0
2.97915116043e-06
0.0
0.0
0.0
0.0
0.0
0.0
0.0
0.0
0.0
0.0
0.0
0.0
0.0
0.0
0.0
0.0
0.0
0.0
0.0
0.0
0.0
0.0
0.0
3.68742003199e-06
0.0
0.0
0.0
0.0
0.0
0.0
0.0
0.0
0.0
0.0
0.0
0.0
0.0
0.0
0.0
4.96904843839e-13
0.0
0.0
0.0
0.0
0.0
0.0
0.0
0.0
0.0
0.0
0.0
0.0
0.0
0.0
0.0
0.0
0.0
5.20752377616e-09
0.0
0.0
0.0
2.97915116043e-06
1.48875457757e-12
3.31701628923e-07
0.0
1.12226723695e-09
0.0
0.0
0.0
0.0
0.0
0.0
0.0
0.0
0.0
0.0
0.0
0.0
0.0
0.0
0.0
0.0
0.0
0.0
5.68397216622e-08
0.0
0.0
0.0
2.97915116043e-06
0.0
1.60820809766e-11
0.0
0.0
0.0
0.0
0.0
0.0
0.0
0.0
0.0
0.0
0.0
0.0
0.0
0.0
0.0
0.0
0.0
0.0
0.0
0.0
0.0
0.0
0.0
0.0
2.97915116043e-06
0.0
0.0
0.0
0.0
0.0
0.0
0.0
0.0
0.0
5.68397216622e-08
0.0
2.98256610468e-13
0.0
0.0
0.0
0.0
0.0
0.0
0.0
2.97915116043e-06
0.0
0.0
0.0
0.0
0.0
0.0
0.0
0.0
0.0
0.0
0.0
0.0
0.0
0.0
0.0
0.0
0.0
0.0
0.0
0.0
0.0
0.0
0.0
0.0
0.0
0.0
0.0
0.0
0.0
0.0
0.0
0.0
2.97915116043e-06
0.0
2.97915116043e-06
0.0
0.0
0.0
0.0
0.0
0.0
0.0
0.0
0.0
0.0
0.0
0.0
0.0
0.0
3.04598413056e-07
0.0
0.0
0.0
0.0
0.0
0.0
0.0
0.0
0.0
0.0
0.0
0.0
0.0
0.0
0.0
0.0
0.0
0.0
0.0
0.0
0.0
0.0
0.0
0.0
0.0
0.0
0.0
0.0
0.0
0.0
0.0
0.0
0.0
0.0
0.0
0.0
0.0
5.20752377616e-09
0.0
0.0
1.12226723695e-09
0.0
0.0
0.0
0.0
0.0
0.0
0.0
0.0
0.0
0.0
2.97915116043e-06
9.54420386396e-05
0.0
0.0
2.97915116043e-06
0.0
3.21377226401e-11
0.0
0.0
0.0
0.0
0.0
0.0
0.0
0.0
2.97915116043e-06
0.0
0.0
0.0
0.0
0.0
0.0
0.0
0.0
0.0
2.97915116043e-06
0.0
0.0
0.0
1.96977581825e-06
0.0
0.0
0.0
0.0
0.0
0.0
2.97915116043e-06
0.0
0.0
0.0
0.0
0.0
0.0
0.0
3.31701628923e-07
1.12226723695e-09
0.0
0.0
0.0
0.0
0.0
0.0
0.0
0.0
0.0
0.0
0.0
0.0
0.0
5.68397216622e-08
0.0
0.0
0.0
0.0
2.97915116043e-06
0.0
0.0
3.31701628923e-07
0.0
0.0
0.0
0.0
1.12226723695e-09
0.0
0.0
0.0
0.0
6.45007574569e-09
0.0
0.0
0.0
0.0
1.96977581825e-06
0.0
0.0
0.0
0.0
0.0
0.0
0.0
0.0
0.0
0.0
0.0
0.0
0.0
0.0
0.0
0.0
0.0
0.0
0.0
0.0
0.0
0.0
0.0
0.0
0.0
2.97915116043e-06
0.0
3.31701628923e-07
0.0
0.0
0.0
0.0
0.0
0.0
6.54274723158e-13
0.0
0.0
0.0
0.0
0.0
0.0
0.0
0.0
9.54420386396e-05
9.54420386396e-05
2.97915116043e-06
0.0
0.0
0.0