500
6.43744386844e-05
0.00576667522247
1.94129743922e-05
0.000115492851108
6.52158207939e-07
2.25011743835e-08
2.07805251159e-06
0.00506514017079
0.000891539219657
4.34007699521e-05
0.03032671444
0.0376951588479
0.00021783031921
0.00611570347066
0.00560642695917
2.01410802778e-08
0.00362452473126
9.22646629595e-09
1.58674480383e-08
0.000101829151583
0.0193050517739
0.0284607564754
3.10685253689e-13
0.00556730828845
2.90049895138e-18
3.55553591024e-09
5.2563561023e-13
1.20871629221e-08
0.00621545288505
9.18356683836e-06
6.81650406275e-09
0.0053294757801
2.92671088405e-06
0.0193050517739
0.0284607564754
2.64263739827e-05
0.00116244071553
9.83249471468e-08
0.0038028631743
1.05347934538e-05
0.0193050517739
0.0038028631743
0.0284607564754
5.47307029551e-09
0.0193050517739
2.00784069704e-08
0.000999301289129
1.31284198469e-09
0.00107642109212
0.00361500601543
1.22276867391e-07
4.25342237143e-21
0.000822647157476
0.000757444241242
1.24560643031e-08
0.00177471008958
0.000114115992204
3.6030398129e-05
0.0193050517739
5.96387932726e-08
0.0284607564754
5.50804282154e-07
7.33689094958e-05
1.18721664989e-05
0.00506514017079
1.19664644648e-09
1.47481492241e-09
1.16176242197e-18
0.00534350888689
1.09840029061e-15
1.40359296094e-11
0.0284607564754
0.0011747018957
2.74560173586e-09
9.52490304469e-09
0.00130240070942
9.04349149951e-10
0.00735797855144
6.65969544763e-18
0.0052757534903
1.84714154097e-07
6.92904139305e-11
6.77771893051e-09
7.95989957171e-08
3.45277470913e-14
0.03032671444
0.00608535990581
8.70249280851e-21
0.0284607564754
3.50989827934e-07
0.0376951588479
9.91219772184e-07
0.0269702929194
4.09210290068e-05
0.0284607564754
0.03032671444
0.00621545288505
0.000175630713105
0.0284607564754
6.82577250109e-06
2.37241423367e-05
0.000242835977661
0.03032671444
8.46439489247e-05
0.00147264556978
0.000275006180923
0.0269702929194
0.00556730828845
3.84220572829e-05
0.00506514017079
0.00608535990581
0.00109885156868
4.47483405544e-16
0.0053294757801
0.00131436480545
0.0284607564754
0.00608535990581
9.9380849066e-05
1.41679127289e-10
3.90341616319e-10
5.96563694718e-05
8.95557406621e-06
0.0193050517739
0.00115046750038
1.26310387975e-12
0.0193050517739
0.0193050517739
0.0284607564754
0.00361500601543
0.0038028631743
0.00112284430226
2.58504248442e-18
0.000225161371364
3.78603190009e-08
0.0193050517739
0.000211897554591
0.00732316338907
1.64979227261e-05
6.69449305114e-11
6.02661239793e-05
2.3884416199e-06
6.71346904751e-06
0.00377632881411
8.71167589564e-15
0.00401560071288
0.0284607564754
0.0284607564754
2.54147177628e-10
0.0284607564754
0.000265819291828
0.00103774758113
0.03032671444
2.08079514665e-07
0.00216919223597
0.03032671444
3.2403224574e-05
0.00560642695917
0.0376951588479
0.000211897554591
0.00107147582602
1.38629133355e-19
7.72870651321e-08
0.0284607564754
0.00102352142795
0.03032671444
0.0193050517739
0.03032671444
0.000383325062228
0.00534350888689
8.92709291867e-18
0.000761630050413
0.0284607564754
0.00401560071288
9.1342409657e-06
2.49629228125e-06
8.54392499488e-07
0.0269702929194
2.37113149926e-14
2.61237890481e-09
0.00534350888689
0.00130574885162
1.00129218654e-07
0.0269702929194
0.0193050517739
0.0193050517739
4.01440976814e-05
0.03032671444
7.25154414682e-07
0.0193050517739
0.00611570347066
0.0053294757801
2.09898188753e-05
0.00842990225371
0.0193050517739
4.82447363113e-10
0.0107074736107
0.000262412919999
5.51997252885e-05
1.08993208289e-08
0.00735797855144
8.08476089258e-07
8.39009557425e-10
9.58723186506e-17
0.000692563752532
0.00732316338907
0.00560642695917
1.35079763678e-05
2.11656876071e-05
9.76397692902e-26
0.03032671444
0.000218603587793
0.000383325062228
1.00796430245e-07
9.40984068073e-13
4.48002849825e-05
0.00128492321659
0.0269702929194
2.626437384e-07
0.000984299398458
1.71854847353e-10
0.00174641978496
0.0284607564754
9.96696451766e-07
0.03032671444
0.0284607564754
0.0193050517739
0.00102120070502
1.09800148948e-07
0.000108381676308
8.13238396912e-10
7.06718131491e-06
2.68172763159e-10
0.00361500601543
2.38179655268e-08
0.0284607564754
0.00401560071288
0.03032671444
0.0193050517739
9.36319809597e-05
0.00534350888689
1.1150045188e-19
4.66514494056e-07
4.72828142572e-09
6.71546135752e-06
0.00131436480545
0.0193050517739
0.0376951588479
7.51018696538e-13
4.34410656989e-09
0.0053294757801
0.000831535008315
2.11805951715e-08
2.26228115248e-07
0.0193050517739
0.00608535990581
0.00506576713543
0.000349740707795
0.03032671444
0.0284607564754
0.0376951588479
0.0284607564754
0.00110656013773
2.77024612456e-06
0.0376951588479
3.42606392051e-11
5.61295855085e-08
0.00126377258469
3.92808960819e-10
7.46426083291e-08
1.11508845264e-07
0.03032671444
0.0284607564754
0.0376951588479
0.03032671444
0.0284607564754
8.17317634707e-08
5.17186650629e-07
1.11521240351e-10
1.60650980934e-06
0.000231881782597
0.0107074736107
2.19272409198e-07
3.26525174325e-06
5.46444539634e-10
0.00608535990581
0.0193050517739
6.05008742415e-12
0.000196846529503
6.3566012534e-12
6.40191394172e-18
4.53495252886e-07
0.0193050517739
0.00608535990581
0.03032671444
0.000418392820631
2.15873566181e-21
3.93127146032e-05
2.57937975905e-06
6.41445027658e-10
4.71705627889e-06
9.62313596326e-10
6.97896286863e-06
0.0284607564754
0.0376951588479
0.000745355677506
1.76129380355e-07
0.000238833936799
2.28063376488e-05
5.47538328264e-10
5.57462493455e-20
0.000828383085898
0.00124553273334
0.00151146676244
0.0193050517739
3.4933963921e-09
0.03032671444
0.0193050517739
3.53939725271e-05
1.08788354933e-05
1.06458507567e-13
0.00119107661576
1.14957866233e-05
0.0193050517739
1.27777538094e-05
0.00556730828845
6.13828811161e-09
1.37743622994e-07
1.01491396038e-08
0.000236283456691
4.29332528791e-06
0.03032671444
7.01094198867e-05
0.0376951588479
7.33826388184e-06
0.0012122728641
4.72531535366e-09
2.16147106195e-05
4.99159990582e-05
3.05336375235e-05
0.00621545288505
0.0284607564754
1.22866975169e-05
0.0193050517739
1.40170517548e-05
0.03032671444
3.41819152601e-11
5.31537937297e-05
4.3534813444e-07
0.03032671444
0.03032671444
0.000173030618236
0.00534350888689
0.0269702929194
6.79026423771e-05
0.00506514017079
1.43005235828e-09
3.23564635554e-14
0.0284607564754
1.16197014756e-06
1.00429969722e-15
3.0762674631e-06
0.00531282355233
0.0193050517739
3.41405097842e-06
0.000792146373896
4.60761452164e-09
6.89683937673e-07
1.68010357812e-06
2.05558162154e-06
0.0193050517739
1.04000657302e-05
0.00108890434949
0.00128425757918
0.0193050517739
3.13899897272e-05
1.95935698356e-07
0.03032671444
1.54224142547e-08
9.52440138203e-12
0.0052757534903
2.36364120554e-05
0.0193050517739
0.00608535990581
1.10762918283e-10
1.20465311743e-08
2.36227246757e-10
0.0284607564754
0.000351429185833
0.0284607564754
1.82869081254e-07
0.000320590182692
0.00105460534648
0.00401560071288
1.80749848458e-06
0.0284607564754
3.62954494559e-06
0.00556730828845
0.03032671444
0.0284607564754
0.000433801973142
6.59363903446e-06
2.05568160313e-07
0.0193050517739
0.0107074736107
0.00842990225371
1.09809180806e-09
0.0284607564754
0.03032671444
0.000261536422936
0.0284607564754
0.000422677939061
1.40469667419e-05
0.00560642695917
0.000540886501206
0.00505037605096
0.00010970872447
8.89543932703e-06
1.67316058694e-07
2.17451392306e-08
0.00735797855144
0.00107642109212
0.03032671444
1.18656348828e-05
0.000730140990168
3.31470877539e-06
1.17669161555e-09
0.00174641978496
0.0376951588479
0.00361500601543
3.54056701751e-10
0.0376951588479
2.63627524217e-12
0.000164489385271
0.000173812164614
0.000145195266035
0.0269702929194
0.0052757534903
3.71224357855e-05
0.0193050517739
1.11568949216e-06
5.60041041549e-16
0.0284607564754
0.03032671444
8.45494387726e-06
4.78488893229e-08
0.03032671444
0.03032671444
1.05244217955e-05
0.0269702929194
3.92583233245e-06
2.50562732463e-08
1.08358056415e-06
6.36516282542e-07
1.03374643787e-05
5.53599229091e-13
8.53149593812e-17
1.15004784844e-06
0.03032671444
4.22966359836e-09
0.0284607564754
0.0041277254224
4.85451723567e-05
0.0284607564754
0.000225184733575
4.22235207024e-07
0.00608535990581
0.00106895087423
1.04988643476e-06
0.00842990225371
3.17758613592e-12
0.00735797855144
0.000792064098588
1.2875744482e-05
0.0193050517739
0.0193050517739
5.99380818792e-09
3.3010725037e-07
1.37723057871e-05
0.0038028631743
2.13014703997e-07
3.48906344527e-10
0.03032671444
1.63047805098e-05
0.00031086133837
0.000140800122127
0.00168543500902
0.00153673147473
5.23067775155e-05
0.00608535990581
4.68116497403e-07
0.0284607564754
4.62634709292e-08
0.00153673147473
3.7646752665e-06
0.0053294757801
1.83595144997e-12
6.03444973323e-06
2.58312388512e-08
0.00401560071288
7.79182269657e-05