500
2.80176859688e-08
3.94730194911e-25
1.53388431998e-22
3.33118029518e-05
5.72277732772e-17
2.61019006577e-07
0.0291455943094
5.35409645395e-30
1.73443031767e-06
2.25394017243e-10
7.07043078351e-20
1.80881980033e-13
2.39464038412e-07
8.54479778706e-05
0.00026918792121
0.000628818813064
1.22443345531e-05
0.0183617165021
2.52740875325e-18
0.0183617165021
0.0183617165021
4.58168783524e-28
0.000216468946147
9.38645179573e-05
0.00149410255658
0.00953031627966
0.000111499861234
1.04229793696e-11
4.6321855455e-10
5.78150761546e-15
3.70149921697e-09
0.0291455943094
0.000216468946147
6.40388121512e-09
0.000570518979421
0.000111498735194
1.38537972895e-06
0.00168755713891
7.30150235332e-07
1.02460840026e-05
0.0291455943094
1.12592347521e-11
1.44457772862e-05
0.0352066869301
2.06474181471e-27
2.70006044766e-12
1.10062737187e-10
0.000123713781149
0.000725677335679
4.02526448208e-07
4.34393502948e-18
0.00953031627966
0.00148372232904
0.00629357798164
1.56576112738e-10
6.14592881025e-14
6.88176474237e-06
0.00021982930117
4.6394926464e-06
3.09126034173e-25
3.07451173518e-17
2.102752119e-09
0.000165006556783
0.0183617165021
0.000181279223008
2.6059616818e-12
7.65559313382e-16
2.8674286054e-12
1.7147579425e-10
0.0001025364217
0.0129052478134
0.00519523085011
4.54867790896e-06
4.70434215288e-05
4.82668833531e-05
0.000488983085746
7.53172457166e-06
4.57467595789e-12
6.03789672313e-07
0.00292609230778
1.10854682908e-09
1.19595219914e-23
0.0183617165021
7.23158435833e-05
0.0291455943094
3.91696450243e-19
0.0291455943094
1.71724905249e-05
5.92649425905e-09
0.000488983085746
0.000775554242953
0.000203051146326
4.89035468591e-11
0.0129052478134
2.22192021445e-07
0.00953031627966
0.0183617165021
2.22749292934e-05
6.04688323356e-05
0.00953031627966
0.00154651840443
0.000129626074309
0.00953031627966
1.87848649432e-22
8.41604182342e-09
0.0291455943094
1.46085446459e-06
0.00175680945169
1.71400963352e-08
0.000206148781244
0.000308348872228
1.10980076139e-23
0.000161170087331
2.64583884515e-06
1.76841597893e-07
0.000570518979421
1.08721589574e-17
1.64118615865e-09
0.00024496897871
6.27241918554e-07
7.11883619897e-11
0.00292609230778
4.14028340423e-08
0.000451120892202
0.0183617165021
2.7120213137e-08
9.95010238551e-05
9.54118439232e-11
4.52093067081e-07
0.0291455943094
0.00191422378483
4.2737495226e-10
4.19307752199e-17
9.66037186387e-09
0.00261066978143
1.80891231597e-09
1.84085744962e-13
8.59125441124e-15
1.30796682624e-05
6.93641884277e-14
0.00953031627966
0.000170266276832
0.000104096764796
0.000111498735194
2.49381108017e-16
2.00978330756e-07
9.25716135314e-05
0.00191422378483
2.30849312493e-11
1.18018568666e-09
0.00148372232904
1.57965203013e-17
0.000306058409193
0.000237796925857
0.000133276634253
0.00736984502205
2.55220590204e-12
8.29661520635e-17
0.00869942196529
4.38609328183e-05
9.89868257877e-25
0.0
0.0183617165021
0.000488983085746
1.48099352112e-15
1.42795007909e-05
6.14941691909e-25
3.47797177002e-05
2.26039106589e-47
2.02052541984e-14
4.8287677722e-05
0.00149410255658
5.62170325096e-19
1.19352539311e-09
9.14870929523e-18
5.35090963456e-23
1.65272438416e-06
0.00012751575842
1.25936743812e-07
0.000660042695265
7.12323260352e-16
2.06951189984e-18
0.003745405428
0.0012223076555
3.85335733362e-06
0.000111499861234
0.000775554242953
3.47162192487e-10
1.34107692257e-14
0.000180467080938
1.92659350567e-10
9.42652728819e-08
1.66578858708e-21
0.000383960173291
0.000391250941323
6.38876863465e-07
0.000715955434304
0.000600858714731
0.00327468428626
0.00514331140202
1.51351361458e-05
0.000104096764796
2.26297126908e-06
5.77520423058e-06
0.0183617165021
0.0183617165021
0.0068911074143
1.93622641256e-06
3.59282330985e-15
1.27516730699e-07
1.78830038284e-08
5.49339898858e-10
1.86346795701e-07
0.0291455943094
0.000733791331376
9.81405274259e-07
1.25265868267e-05
4.46830934137e-14
0.00028993774981
0.000442250072581
2.92973766946e-05
2.82841175732e-13
3.16055709242e-06
0.000660042695265
4.38924986674e-08
1.20653544999e-11
3.07671340859e-10
0.00736984502205
1.42894804834e-05
1.99726871754e-10
0.000269302179239
0.00953031627966
0.00192352704486
2.80567993914e-08
0.0291455943094
0.000488983085746
0.0107825030377
9.47290682289e-15
1.89524372381e-06
2.0582847176e-06
1.82190908961e-14
2.98209886058e-06
0.000111498735194
2.09523441165e-07
3.7620627361e-15
3.27506177322e-10
1.03325239393e-08
4.31211891141e-23
6.04688323356e-05
7.30630735087e-10
0.00021982930117
5.19248581941e-18
9.72136572705e-09
0.00175680945169
0.000661650502342
0.000104096764796
6.5699428457e-20
1.81004238569e-13
0.000250466560864
2.53523563874e-07
8.1316871815e-10
6.30608840279e-25
3.40899290396e-09
5.49086955536e-05
2.84838384351e-15
1.31850982094e-11
2.11200622018e-39
1.69742949719e-10
0.00953031627966
4.16841726753e-06
0.0291455943094
0.000600858714731
1.25163276453e-06
0.000628818813064
2.39300846515e-06
2.17928717444e-16
6.92179976173e-38
3.53620771584e-08
0.000600858714731
1.0077989549e-05
0.000196983717161
4.55981743113e-11
0.000165006556783
0.000165006556783
0.000488983085746
1.6032309819e-11
1.77897637506e-05
1.25508072396e-07
0.00032863648856
1.69518248062e-11
0.0183617165021
2.63456537322e-13
2.55902332105e-07
7.09836340805e-12
0.00175680945169
2.68507379991e-05
0.0291455943094
7.13877259499e-10
9.40731059014e-06
5.44799041299e-06
9.40444692822e-09
7.46569702755e-06
7.37719205016e-15
1.37704958798e-10
0.000331473481451
4.49515580178e-10
1.43436103276e-15
0.000157276877649
0.0183617165021
0.00148372232904
0.0183617165021
3.28937165243e-07
0.0291455943094
9.13765365143e-06
3.67216519274e-06
8.29147044675e-18
9.81824313563e-06
0.000106382407703
0.0291455943094
2.50424004721e-09
0.0291455943094
1.29839364299e-12
0.00202567948116
1.32676069632e-10
0.00869942196529
1.89619334083e-05
3.19287398011e-17
0.000106289620878
3.32522529221e-09
0.000115327309008
0.00014952135452
1.85037630436e-08
0.00953031627966
0.000488983085746
0.00953031627966
0.0183617165021
0.0183617165021
2.1597361732e-05
3.65245953857e-08
4.13292213563e-12
0.0183617165021
5.02652370572e-07
0.00514331140202
4.1683397046e-11
6.66605035947e-09
1.62259004671e-10
1.02166530457e-11
5.85583621009e-10
0.00175680945169
6.76810749983e-05
0.0291455943094
0.0183617165021
0.000863825287091
0.00287595449598
2.87345750283e-08
3.4906147396e-21
0.000725677335679
1.18003428004e-10
6.9992574872e-18
0.000628818813064
0.00287595449598
1.25010865656e-15
0.000782076495169
0.0183617165021
1.08149822162e-07
7.46933673977e-10
2.36936411596e-08
0.00292609230778
0.000715955434304
0.000199464972396
0.00292609230778
5.3015765181e-10
8.21295710625e-12
0.0291455943094
4.44441508458e-08
1.71130538226e-07
5.9075578007e-18
2.55273071125e-23
0.0183617165021
5.02602586587e-07
5.85137362395e-14
9.5303934823e-07
1.8078672994e-06
4.06011361233e-12
7.66390394568e-11
5.15997147927e-22
6.4912569095e-07
0.00175680945169
1.55435421676e-06
1.7475291706e-19
0.0183617165021
0.0183617165021
4.31142960061e-10
0.00125161413495
0.00953031627966
0.0183617165021
8.31601770148e-16
0.00192352704486
5.74719910965e-15
6.91842849958e-13
1.18763250398e-06
0.0183617165021
8.95579452217e-08
0.00981498470947
4.99995496857e-06
0.00175680945169
5.92465693743e-06
0.0291455943094
5.33902855418e-05
0.0291455943094
7.30783518546e-07
0.00736984502205
5.38111072864e-18
1.0176099179e-05
0.0183617165021
3.49247133265e-16
2.02788479045e-12
1.72329496766e-05
0.0183617165021
0.0183617165021
7.70265802041e-17
0.0183617165021
0.0183617165021
3.26814475705e-08
5.8238042833e-11
0.000761484136325
1.84636878479e-06
2.21948144789e-08
4.11756353447e-17
1.64824071895e-23
0.000171876569784
1.22653266725e-08
1.41650949757e-05
1.78545507867e-05
4.16341336094e-11
0.000775554242953
3.16572488967e-05
0.00028993774981
0.000488983085746
0.00192352704486
0.00192352704486
1.11552095403e-08
9.20436795868e-16
2.19334106567e-29
0.00953031627966
4.99606640982e-12
4.81546832627e-12
6.71410584685e-05
1.41656801904e-19
1.76379863753e-07
0.000488983085746
0.00192352704486
4.75209626192e-08
4.07245790022e-11
0.0352066869301
3.61651235576e-18
2.43885541895e-10
3.8474932909e-06
0.000181279223008
1.47860057016e-13
0.00953031627966
3.23409248948e-06
1.96634491842e-05
1.69075955604e-26
7.15045728455e-09
3.42414830615e-14
0.000326019031483
0.00148372232904
0.0107825030377
0.000775554242953
7.33161199381e-07
6.44180670136e-11
1.28891154457e-09
0.0103436452123
0.000100271331774
0.00953031627966
0.000661650502342
3.4111447384e-07
4.28844341694e-10
2.93998925387e-29
9.04065984591e-07
4.49864793162e-13
0.00202567948116
0.00953031627966
1.12140188558e-11
4.88136103029e-07
3.58186712796e-07
2.20669155826e-09
1.78876250093e-15
9.39401826825e-11
0.00869942196529
2.77109350704e-12
1.23411235131e-06
0.000206148781244
0.00192352704486
6.06928236924e-05
0.00953031627966
4.16719407443e-10
7.14416452828e-09
0.000111498735194