500
0.00680648080552
1.56170827435e-06
-9.14853786191e+239
-243.43419819
-54.8147143638
-54.8147143638
-5.07936242817e+11
0.000698435079938
-54.8147143638
1.43533711011e-07
-5.77268787758e+14
-807.742597326
-383585978.748
-126311.578131
-807.742597326
-5.01463143524e+29
-54.8147143638
-1983.32510955
0.00680648080552
-126311.578131
-6.28028986377e+19
-383585978.748
-inf
0.00284480571369
-126311.578131
-807.742597326
-inf
-inf
-383585978.748
-2.44369901698
0.000931254420257
-54.8147143638
1.96548146947e-06
0.00045515352441
7.29884576816e-05
-807.742597326
-54.8147143638
0.00373931836157
1.32515092988e-05
-3.64801018206e+18
-126311.578131
-1203509891.98
-243.43419819
-1.00609798917e+15
0.000490080916683
-226.156293355
-5.07936242817e+11
-9.38223532535e+38
-126311.578131
-inf
-3.64801018206e+18
-6.57997568975e+28
-807.742597326
-54.8147143638
-6.28028986377e+19
-126311.578131
-383585978.748
-inf
7.90426099744e-05
-1.94681832287e+42
0.00373931836157
-inf
-1203509891.98
0.000374217445536
-inf
-6.91745252304e+128
0.00045515352441
5.78453342288e-05
-9.38223532535e+38
-inf
0.000304161699759
0.000803641972345
-226.156293355
-126311.578131
-126311.578131
-807.742597326
0.0029325981423
-1.45215508289e+299
-126311.578131
-126311.578131
7.33483033725e-05
-2.30356640734e+118
0.0
4.20293303423e-05
-1.50951972e+17
-807.742597326
0.00373931836157
-3.11922823267e+256
-3.10261361789e+32
0.00160925340875
-6.78313613746e+61
0.000112655265002
-383585978.748
-6.78313613746e+61
-807.742597326
0.000116959057036
0.00150126158799
-126311.578131
-6.28028986377e+19
0.0029325981423
-2.21079222179e+31
-54.8147143638
3.17463150789e-05
-383585978.748
0.000861322886912
-126311.578131
-1.12760086736e+15
-4.59499276639e+152
-126311.578131
1.14538830236e-06
-109644325.187
3.43915336906e-15
-inf
-1.69525364928e+61
-126311.578131
-5.77268787758e+14
-1.1358272938e+144
-1.50951972e+17
0.000698435079938
-126311.578131
0.0
-1.10990418903e+16
0.00161805822569
-1203509891.98
0.000883284441922
-109644325.187
-109644325.187
-1.85305730998e+117
0.00160925340875
-126311.578131
-383585978.748
-126311.578131
-126311.578131
0.000169158815336
-126311.578131
-383585978.748
-383585978.748
-3.64801018206e+18
0.000112655265002
-226.156293355
-2.44369901698
-126311.578131
0.000496367161059
0.00161805822569
-inf
-1.25416726298e+154
0.00680648080552
-6.28028986377e+19
-54.8147143638
-2.54562092862e+145
-1203509891.98
-126311.578131
-49274.4512154
-126311.578131
-3.56881308353e+18
-253040625.181
-126311.578131
0.00019718955644
-1.25340938946e+76
-1.17604083181e+25
-109644325.187
0.00161805822569
-inf
-3.62114660265e+128
0.000861322886912
0.0
-807.742597326
0.00284480571369
-126311.578131
-126311.578131
-807.742597326
-1.94751371491e+17
-5.07936242817e+11
-1.94751371491e+17
-383585978.748
-1.10990418903e+16
-9.8670614302e+47
-6.28028986377e+19
-383585978.748
0.000113381106655
-4.08775252862e+25
-126311.578131
2.42833935653e-05
-126311.578131
0.00045515352441
-1.71930415555e+57
3.74711125795e-05
-807.742597326
0.000275662703185
-126311.578131
-5.77268787758e+14
-inf
-126311.578131
0.00284480571369
4.56393000966e-06
0.00373931836157
-109644325.187
-109644325.187
-2.54562092862e+145
-inf
0.000275662703185
-126311.578131
-126311.578131
1.98244956949e-06
-inf
0.000725882662707
-3.90162553512e+64
0.00373931836157
-126311.578131
0.00160925340875
-inf
1.66243926991e-06
-126311.578131
0.000490080916683
0.0
-331.531030447
-54.8147143638
-inf
-inf
0.00048722378677
7.08937977785e-06
0.00680648080552
-126311.578131
-807.742597326
-7.3057926184e+302
-128970.169595
0.000315432995787
-9.06887441137e+72
4.91094180099e-05
0.000698435079938
0.000698435079938
-807.742597326
-126311.578131
-126311.578131
-126311.578131
-807.742597326
1.72672447206e-08
1.59996261371e-05
-226.156293355
0.00680648080552
-1.00085234012e+115
-1.69189113843e+19
-1.10990418903e+16
0.00161805822569
-126311.578131
0.000152071363997
-383585978.748
-126311.578131
-383585978.748
-3.64801018206e+18
-inf
-126311.578131
-126311.578131
0.00373931836157
-5.71199720013e+17
0.00373931836157
9.03851727231e-06
-126311.578131
-2.70911504485e+73
-383585978.748
-126311.578131
0.00045515352441
-2.70911504485e+73
0.00680648080552
-1512402.85113
0.00373931836157
0.00161805822569
-2.43079911896e+18
-1.56734428546e+59
-1983.32510955
-126311.578131
4.67163360366e-07
-167419517.785
-6115087441.96
-126311.578131
-807.742597326
-807.742597326
-126311.578131
-2.18042121894e+151
-4.25920852023e+54
0.00161805822569
-2.44369901698
-126311.578131
1.02908351032e-05
-1.00609798917e+15
0.00373931836157
-1.47763038733e+11
0.0
2.77458865027e-05
0.000803641972345
5.92753447275e-10
-126311.578131
-inf
-54.8147143638
-807.742597326
-126311.578131
0.0
7.08937977785e-06
-1.69189113843e+19
-807.742597326
0.0
3.54665071891e-05
-3.2286876165e+63
-7.55951378902e+46
0.00161805822569
-383585978.748
0.000883284441922
-383585978.748
3.96337280858e-05
-126311.578131
4.84482982028e-09
-1203509891.98
-109644325.187
0.000250428236424
0.000115091189969
-54.8147143638
-126311.578131
-126311.578131
0.000698435079938
-inf
-126311.578131
-807.742597326
-383585978.748
0.000698435079938
-3.56881308353e+18
-126311.578131
-54.8147143638
-807.742597326
-3.10261361789e+32
-5.77268787758e+14
0.0
-126311.578131
6.78378285696e-07
1.50528238352e-05
0.00373931836157
-54.8147143638
-2.21079222179e+31
-383585978.748
-54.8147143638
-54.8147143638
-1.25340938946e+76
-inf
0.00161805822569
-inf
-1.50951972e+17
-126311.578131
-1.75339531684e+16
5.47646904259e-08
0.00373931836157
-383585978.748
-126311.578131
0.00373931836157
-807.742597326
-8.53382820297e+113
-383585978.748
-54.8147143638
-3.56881308353e+18
-807.742597326
-383585978.748
-243.43419819
-5.07936242817e+11
-126311.578131
-9.53923625583e+44
-3.10261361789e+32
-2.32472724706e+72
-1.55092967817e+86
-807.742597326
0.00150126158799
-126311.578131
-109644325.187
-1.25340938946e+76
-inf
0.000490080916683
-4774.91855925
-2.21079222179e+31
-9.02156979965e+33
-383585978.748
-126311.578131
0.00373931836157
-3.61166438206e+37
-807.742597326
0.00373931836157
-126311.578131
-126311.578131
0.000107997143358
-126311.578131
-807.742597326
-inf
0.00680648080552
-293969246.182
-383585978.748
0.00048722378677
-383585978.748
-7.95650713243e+13
0.0
-2.97522229089e+38
4.91094180099e-05
-1.83488390345e+233
-383585978.748
-226.156293355
-126311.578131
-1.00609798917e+15
-383585978.748
-7.94898313923e+121
-5.94200169527e+38
-54.8147143638
-126311.578131
-inf
-126311.578131
-1.56734428546e+59
-1.47763038733e+11
-72081342.8798
0.00161805822569
-126311.578131
-2.47993021875e+18
-807.742597326
-126311.578131
-126311.578131
-126311.578131
6.24388877016e-06
-3.64801018206e+18
-inf
-383585978.748
0.000250428236424
-5.71199720013e+17
-6.28028986377e+19
3.2489905607e-05
2.62655179009e-05
-243.43419819
-1203509891.98
-inf
-126311.578131
-1.6262160021e+17
-383585978.748
-126311.578131
-383585978.748
-126311.578131
-2.10084918639e+294
7.09452909582e-05
0.00373931836157
-2.85461529233e+293
-3.11110887499e+22
-126311.578131
-inf
0.000861322886912
-126311.578131
-126311.578131
-1.47763038733e+11
-54.8147143638
0.00373931836157
-126311.578131
-109644325.187
-2.70911504485e+73
-807.742597326
-1.00609798917e+15
-inf
-126311.578131
1.52680083062e-05
0.00680648080552
-126311.578131
-4.15123768067e+62
-126311.578131
-1.00609798917e+15
-1203509891.98
-383585978.748
0.00033136929739
-1.1932711505e+231
-126311.578131
0.00161805822569
-126311.578131
-3.34172364129e+60
-inf
0.000113381106655
-6115087441.96
-inf
-inf
1.76658230539e-07
-126311.578131
0.00373931836157
-126311.578131
-126311.578131
-126311.578131
-383585978.748
0.00161805822569
-inf
-126311.578131
7.87424862784e-06
0.0
0.000217073877209
0.000107997143358
-126311.578131
4.8654049785e-06
-8.72034827876e+74
-9.02156979965e+33
-126311.578131
-3.10261361789e+32
1.62165042556e-05
-1.26228206329e+236
0.00373931836157
1.50310813321e-07