500
1.52607145343e-26
1.00704319328e-13
3.52036705664e-10
1.16767793767e-07
0.0
2.22774003664e-13
6.70916745467e-11
5.28887719338e-16
1.03902851685e-06
0.0
3.89692217215e-05
0.000119348122408
6.14372855247e-31
1.51577550871e-22
0.000613260758221
6.68710509134e-21
0.0
1.60859918502e-54
7.80010119368e-14
0.000449174522704
2.12988805406e-29
0.000633957730639
1.11761051572e-19
1.49399657237e-21
7.81737766476e-09
3.53816764343e-08
3.19747345889e-16
1.63441242817e-36
0.0
8.55304084624e-10
8.45565888513e-11
1.27136289129e-55
2.72059180698e-72
1.65141908703e-74
2.90866158731e-25
1.87068135342e-29
0.0
2.84300078172e-53
1.31167844356e-31
0.0
1.28104910568e-07
1.09173306917e-07
8.07072735201e-52
8.19953661739e-22
6.15096343954e-09
2.83373990612e-35
0.0
2.75507878708e-29
3.51439636242e-30
4.07157364631e-12
0.000633957730639
0.000308465183062
0.0
6.37157610498e-13
9.24580712129e-11
4.33570465105e-09
2.20375432081e-10
5.51671679736e-37
4.51836451152e-08
0.0
2.92392765798e-21
3.35665605745e-12
9.239292078e-10
5.17725420936e-37
1.01886976782e-21
2.45900933471e-17
0.000449174522704
1.64272857836e-41
5.95410471592e-22
4.36379782022e-29
1.12052163688e-23
5.8958408972e-05
4.06705200454e-06
0.000633957730639
1.66623750003e-10
8.84895205031e-07
1.68408877228e-29
1.32987324963e-23
2.82171636932e-13
1.13406271242e-24
2.34380014669e-21
0.0
7.03841944367e-33
7.28754454501e-25
7.91054483213e-11
1.13253061892e-09
3.42594791362e-61
9.852593026e-05
5.46708412602e-37
7.56280307882e-10
4.42292688522e-14
4.77614768856e-21
2.37574434847e-10
2.16694843774e-07
1.83432816253e-65
7.28329496905e-30
3.24341609095e-05
3.04780744237e-30
7.45898514383e-14
2.81395384885e-68
4.24663559817e-26
1.04686013723e-13
1.38683712707e-23
7.7429483961e-15
8.18010879598e-08
5.00585439055e-12
3.35441747821e-07
8.05675500854e-06
1.53726706718e-52
0.000101851087518
3.35522086453e-07
5.76518345097e-59
9.38290118717e-22
3.35453221998e-12
3.56870031425e-19
2.50891790221e-89
0.0
1.88333260448e-31
1.43031475961e-21
5.48204986196e-08
2.65928037108e-25
8.96824799349e-16
1.04484369477e-16
0.00011355079121
3.89601571807e-23
1.53390509659e-43
1.57867087416e-26
5.89757237485e-24
3.92924380966e-18
0.000449174522704
1.2044544335e-17
0.000633957730639
0.0
8.71382825624e-30
1.99053585931e-07
2.4642852381e-42
1.5665571076e-05
1.23024482528e-10
9.8178962356e-18
8.38843387522e-07
1.43188846949e-21
5.41007932696e-07
6.62043679333e-12
2.46006935436e-06
2.89171830228e-14
2.22994564398e-29
4.14699375888e-49
7.65630625416e-32
2.08565001931e-20
6.83140996307e-08
2.32648049111e-06
1.04453044856e-14
1.89269749067e-08
1.10764460941e-13
1.46392393632e-13
0.0
4.66437355921e-06
1.38093132e-24
0.000308465183062
1.66373527561e-18
6.92333963532e-16
3.54211565353e-10
3.92608070273e-39
1.30915432968e-39
2.78541159718e-29
1.7386896584e-12
5.72153375505e-15
9.93982489572e-23
5.56149199063e-09
1.93815600673e-11
8.80835436979e-09
8.50538018292e-14
1.35354182358e-14
0.0
2.69057621185e-12
1.15634079503e-12
6.05095237641e-10
5.15029142796e-25
2.92103419858e-37
1.72099629316e-05
1.30026003727e-10
6.25100489489e-07
7.33835811405e-05
0.0
2.0410861456e-49
1.770774801e-27
3.12077790658e-19
3.21400175277e-29
5.40522665902e-36
4.33930115722e-13
4.98602596917e-52
0.0
4.00743505972e-21
1.42984894906e-10
1.52706273346e-08
0.000613260758221
5.35571396943e-07
4.47352361733e-15
0.0
2.91562085427e-18
2.54627690204e-13
5.33663602686e-15
1.33944899245e-16
7.17863258749e-08
9.430252294e-14
1.07335006568e-06
8.58347361143e-15
6.814536862e-44
8.19113031431e-07
2.19569834254e-08
7.09032489749e-19
6.85409726663e-26
3.11669854142e-42
1.13590658635e-10
1.01913817175e-05
1.99188666227e-17
1.56914532252e-19
2.59344827906e-17
5.02611832932e-46
2.35865315501e-06
6.18410908167e-18
4.11232348995e-35
2.65216098493e-11
3.27011721739e-43
8.92201914275e-17
1.22540742782e-12
1.44673107375e-38
7.97119865547e-12
1.22279813588e-07
1.60868123495e-27
6.31956267186e-20
2.18879522542e-27
1.38865593779e-05
2.16453537024e-07
1.11309716817e-17
3.64916158234e-10
4.63899386887e-13
7.3732474709e-13
2.15398162043e-07
1.12154814426e-12
3.16737880198e-16
0.000477306572577
1.86023340017e-20
4.04751566821e-38
3.02592547329e-06
2.60707708232e-18
7.21639809906e-05
1.96254160288e-73
1.28188194282e-10
1.07733587239e-18
6.86399409478e-53
1.77959144736e-22
6.32254829269e-06
1.31035172798e-26
2.52752970229e-13
0.0
0.000145894165962
1.89233682314e-18
5.31801094402e-34
2.06632759844e-17
3.97684069454e-31
0.000613260758221
1.02160890768e-07
8.7573098453e-10
0.0
2.46746960446e-07
3.53808444913e-13
1.88686745978e-10
1.68736767429e-12
0.000633957730639
5.50123522907e-13
1.29237761395e-24
6.44924996682e-25
3.2916085066e-11
0.000613260758221
2.72741074106e-09
5.63286443042e-10
0.000477306572577
1.11254434827e-15
3.93304439866e-08
5.71408702392e-18
6.31755620162e-13
2.32282043403e-13
0.0
4.07388818706e-56
0.0
9.16588563937e-48
0.0
5.34939315393e-15
8.00736320765e-14
3.61115940841e-16
3.25255644736e-17
4.49574247337e-23
1.16358966104e-10
1.25523033581e-15
3.98500633939e-16
0.000633957730639
6.77909575946e-06
6.75876972393e-09
1.68331428383e-20
2.39954230732e-21
1.26383639152e-09
1.1605112801e-35
7.43031793497e-30
1.60469918923e-08
2.14472703477e-26
5.14004124072e-19
5.15445359833e-37
1.611914401e-11
2.04793384028e-13
0.0
0.0
3.46990904358e-21
5.93013700754e-08
1.10163674942e-09
3.82665953582e-17
5.78172058404e-28
1.74539597752e-20
4.38394476353e-13
2.56552414928e-11
3.52054720719e-06
6.09484814131e-11
3.02858463134e-08
1.23032236039e-05
0.000449174522704
1.51627926595e-41
5.91599767243e-05
1.86081363941e-41
6.47117407662e-37
7.01009354578e-13
0.0
3.72134292162e-28
6.77909575946e-06
0.0
1.89415063289e-24
9.25519912292e-06
9.2601525205e-06
0.000106826241142
2.64171862859e-08
1.67435108858e-12
2.28505796335e-34
6.88440623366e-10
4.71000625999e-12
1.36771198323e-43
1.27193663834e-05
0.0
7.64486788864e-25
2.54397742351e-19
2.38662162537e-21
3.21196837777e-27
0.0
0.0
2.0084276635e-10
0.000449174522704
8.83790186578e-13
0.0
3.13950175877e-17
2.57908433936e-15
1.44346742862e-49
0.000162946730815
1.12152019855e-15
1.00188640706e-09
0.0
1.3270973767e-11
1.62705713382e-21
0.000449174522704
3.74505401967e-67
1.81169762896e-25
6.44119450168e-10
6.12388894167e-36
2.78354906633e-07
7.90515668622e-11
1.72155149452e-07
3.35618855466e-09
1.81772173119e-06
1.43885945198e-12
7.34017760589e-16
2.7035978214e-12
3.13910080578e-05
2.79102695006e-32
4.33096583077e-10
0.000613260758221
1.27280474758e-18
1.41730270551e-54
2.96524186904e-51
2.58063893326e-05
1.04183483389e-08
6.07095249355e-34
4.02731231956e-15
6.01848237157e-08
0.000308465183062
7.26347923647e-13
7.85653100893e-20
1.19952894508e-09
6.97566676862e-14
1.3823616868e-30
9.95584593449e-07
1.45262459978e-18
7.78738469126e-05
2.92283617733e-09
3.40178209218e-13
8.22343404311e-06
1.56423178717e-21
6.52912140481e-16
3.77800365892e-11
0.0
7.81670395481e-09
1.74534139555e-35
8.06090765816e-24
4.4796415248e-33
2.0902551211e-10
0.000633957730639
3.6761262445e-14
9.22339852028e-20
3.50611403442e-08
3.23549017791e-50
5.3803079485e-20
1.16929118858e-24
6.62686429836e-42
2.10140671664e-49
1.59325885306e-42
2.93431614584e-05
0.000145894165962
3.1754187333e-21
2.59041595926e-14
0.000633957730639
2.67983866138e-17
2.71500482764e-06
0.0
2.67642518185e-06
0.000613260758221
0.0
6.43417688506e-41
3.78623709806e-27
0.0
1.61773358456e-15
6.00710376477e-52
3.30359960483e-06
4.97141403747e-41
2.05171125975e-12
1.33764136003e-36
6.36560357718e-10
3.36428844766e-21
4.79066364367e-11
4.41597856943e-08
0.000101851087518
1.41030880742e-13
1.44723597353e-10
2.2309268126e-07
7.78738469126e-05
1.74759030344e-07
8.60568748987e-09
3.97926152797e-15
4.46649400897e-08
8.25389830742e-07
0.000103902410776
1.49033885017e-45
7.08141008917e-07
7.66001704661e-45
1.93623281853e-69
9.26025416937e-46
6.45907438219e-50
1.35772692388e-29
2.10794400025e-26
1.66374037929e-17
2.65464908811e-06
1.06524654279e-39
7.29235071844e-29
1.33659166186e-08
5.38185920013e-12
1.0016440869e-05
2.33035553114e-14
0.0
1.41407216646e-13
5.4281989477e-16
6.6051575077e-06
0.000477306572577
1.21202070657e-37
3.66816032987e-06
1.40294895839e-22
1.00299024153e-07
9.66008907295e-13
1.10913547517e-14
1.88508915776e-21
2.35192727331e-21
0.000477306572577
6.81559063176e-10
5.09445897405e-16
0.0
2.05655945735e-50
0.000150817956517
7.11577883991e-07
0.000633957730639
0.0
7.44433648536e-10
0.000613260758221
6.44375093622e-16
1.16660272252e-36
8.51170063426e-09
1.23702095091e-06