500
0.00300048045071
0.00481203605999
7.44031499327e-17
0.00481203605999
3.72238019971e-07
0.0
0.0
0.00992653409806
0.0
2.22515204017e-06
0.00481203605999
0.00188884433105
5.74969223525e-08
0.0020249860085
1.05713321325e-05
6.79009578512e-06
0.000240863707712
2.72371175194e-05
4.11220558151e-05
0.000179511756121
0.0
0.00104816259224
0.00481203605999
8.84270826535e-15
2.55624371335e-05
0.0
7.09179077975e-18
0.00188884433105
0.00707155758375
0.000149029445203
0.00481203605999
0.0279016161481
0.0
0.00481203605999
3.79473169116e-05
0.0
0.00188884433105
0.0
0.0
7.73676936726e-09
0.0
3.41250206178e-05
0.00992653409806
0.00217233862004
0.0
2.95340246491e-06
0.0
4.25709583786e-15
0.00162057915741
1.63826679898e-05
1.19076381917e-08
0.00404508347217
0.0
3.95257913501e-10
3.4518952222e-08
0.00481203605999
0.00050575882104
4.43203405362e-20
4.27473945681e-10
0.000805619018791
0.0014908369216
6.66952142291e-07
9.11847851401e-14
4.27300706383e-08
0.000132654770618
0.0
0.0
0.0279016161481
0.0
1.29706303498e-19
0.0
9.06468757533e-09
3.00015949541e-07
2.38673078224e-17
0.0
0.0
7.90608319033e-24
3.43438171651e-06
0.0
6.20827990552e-16
0.0
0.0
0.00992653409806
0.0
2.79146274345e-05
2.1564931172e-15
4.01619933475e-07
1.29411322523e-10
0.0005306792577
4.81009690677e-07
0.0
1.52505748072e-05
2.72371175194e-05
5.82433777539e-10
0.000172041247245
4.96660085588e-07
1.34299452212e-14
0.0
9.34021550637e-10
6.42309162208e-05
4.33979487551e-06
1.07275368659e-08
1.2557096226e-05
2.82101153411e-10
0.000175580667002
1.88766546583e-05
1.77342476813e-09
0.00188884433105
0.0
0.000628074206523
0.000343954388188
0.000225774216605
3.21957058555e-05
0.00992653409806
6.92800756107e-09
0.00188884433105
0.0020249860085
0.0
4.03544663582e-05
9.3504339231e-10
1.7546237003e-11
0.0
2.66815784769e-06
5.76399370145e-08
2.4205302532e-10
0.0
0.00188884433105
3.22688135589e-09
0.00481203605999
9.00525353135e-11
1.12052179797e-10
0.0125418152784
0.000230569126816
0.000238788185199
5.89733023454e-05
0.000183535102166
0.0
2.40604749993e-08
6.30249554245e-08
0.000628074206523
1.13198610559e-13
0.00181759606489
4.52728844794e-05
0.00104816259224
7.83063861299e-07
0.0
0.00013859187306
2.27876376383e-05
0.0
0.0
6.45890955804e-14
0.0
0.000100912719174
4.23735038836e-10
0.00992653409806
0.0014908369216
0.00188884433105
0.00188884433105
0.00096307397862
0.00992653409806
0.00217233862004
0.0
0.00217233862004
1.6577886606e-10
2.41519353003e-10
0.0
0.0
0.0
0.00205128298292
0.000389260089539
0.0
1.01922289523e-14
0.0
9.95020043637e-11
0.0
3.38655803954e-10
4.66584743202e-05
0.00205128298292
2.22411306505e-28
9.4145955201e-17
0.000937694314919
0.0
2.11821146078e-16
1.51919166844e-17
1.85512723324e-17
0.0
3.92972997014e-06
6.96490476995e-11
0.0
9.89880978462e-07
3.31397736141e-05
6.53680637691e-08
2.19510709324e-06
0.0279016161481
0.000393399446548
8.09203524324e-07
2.0723510533e-14
0.000426861170137
0.00225180389229
0.000343954388188
1.42196366325e-07
0.000200293125582
0.0
6.73398329262e-05
2.47542049513e-07
0.000943972969666
0.000585865014169
0.0
6.21253966239e-16
0.0
0.0
0.0
0.0014908369216
2.31467137198e-07
1.49059357276e-05
0.00990587422298
0.000476078426537
3.31382254703e-07
2.81649896541e-11
1.20845467339e-06
9.94943345474e-09
0.0
1.02710904748e-06
0.00992653409806
0.00481203605999
0.000343954388188
0.000343954388188
0.00217233862004
4.30009687909e-12
0.0
0.000109505577407
0.0
0.0
3.35988876035e-05
0.0
0.000937694314919
0.000536710173707
5.25551531863e-12
0.0
8.72176220524e-11
7.28770347251e-05
8.02062760656e-10
0.000623730237917
0.000609500552518
0.00481203605999
0.0
8.22760446341e-05
1.6528395749e-11
0.00707155758375
0.0
7.02903222579e-13
0.0
0.000233143357518
0.000828632807947
2.18179228298e-05
0.00096307397862
2.99593035018e-07
0.00481203605999
2.20740325854e-05
4.63580368947e-07
0.0
0.00188884433105
0.0
3.88174603312e-08
1.39689619765e-08
9.25766529466e-06
2.00784675888e-06
0.00096307397862
0.00992653409806
0.000179754905907
4.07750389572e-10
0.000152578985053
0.00481203605999
0.0
7.00993937078e-05
0.000137943973534
0.0
0.0
0.0
1.07997414772e-06
1.52876132002e-11
0.000140493134937
8.18799777914e-09
2.37117807128e-11
1.43056357006e-05
0.0
3.90333614017e-07
0.00225180389229
1.33089195578e-05
0.0
2.6503923297e-08
0.00188884433105
0.0020249860085
0.00188884433105
0.0261452632278
0.00188884433105
0.00132081774015
0.0
0.00992653409806
4.53955681361e-07
0.0
1.98948226172e-09
0.0
0.0014908369216
2.10092108412e-10
1.54341661574e-05
0.0
4.80430389929e-09
0.0279016161481
1.11418174843e-07
0.0261452632278
0.000385442693279
0.0125418152784
0.0020249860085
0.0
7.30126453596e-15
3.3269867027e-08
0.0
0.00481203605999
2.16673286209e-08
4.9734909377e-08
0.0
2.9876327692e-15
2.36913948467e-05
1.87954120859e-10
0.0
5.90936674383e-07
4.84893295759e-14
0.000221778785211
0.0
9.3050659814e-07
3.34994683675e-08
0.000106641518357
0.0
0.000943972969666
8.68634983061e-06
0.0261452632278
8.30894820788e-07
3.45076758632e-08
0.00104816259224
4.64314267931e-15
0.0
2.91399333128e-13
1.98552200644e-10
0.0
3.11851743901e-09
3.88940272872e-16
2.68508254759e-07
0.0014908369216
2.45637187093e-07
0.00992653409806
0.0
0.00225180389229
0.00481203605999
0.0
0.0
0.0
0.0
5.45562130271e-15
0.0
0.00707155758375
1.12562367838e-06
0.0
0.0
3.99386580028e-09
0.0
0.0
1.11962322717e-15
0.00481203605999
5.76269169143e-08
5.46777056897e-09
0.0020249860085
0.0125418152784
0.000124122875447
0.0
0.0
0.0
0.00149394254696
1.28610056877e-09
0.000273228948607
0.000943972969666
0.0
0.00108729332446
0.00992653409806
3.03451887826e-08
0.0
4.59259388551e-11
9.76882117972e-16
1.24394648695e-05
1.27951186869e-12
0.00132177361506
0.0014908369216
0.0
6.94639537207e-16
1.14547043891e-05
4.25447126943e-17
0.000296232692336
2.1870417533e-17
0.0
0.0
0.0
2.53392522645e-07
5.20841007596e-05
0.0
9.40859951598e-06
0.0
0.0014908369216
7.3368329882e-06
0.0
0.0261452632278
2.00101739931e-08
4.23188622322e-07
1.51143914709e-06
4.00801975811e-06
9.09873265571e-09
8.35110319456e-14
0.000425370335236
1.09918447659e-05
0.0
0.0
0.00992653409806
2.59190848109e-06
0.000525013891433
0.0014908369216
0.00707155758375
2.98373877221e-13
6.66472593143e-11
8.2940244176e-06
0.0140560980989
0.00225180389229
0.00481203605999
0.000628074206523
0.0014908369216
0.000910807321053
0.0
0.0
0.0279016161481
0.0
0.00217233862004
0.000828632807947
7.16923589087e-15
0.000183535102166
0.00481203605999
8.53143369199e-11
1.67031128518e-05
0.000943972969666
0.0
2.08583043791e-05
4.49940207394e-06
1.13267305038e-15
0.0
0.0
8.31123776165e-10
0.00104816259224
0.0
0.0
5.20841007596e-05
0.000146746695382
0.000910807321053
5.88424540677e-10
2.01589062544e-06
0.000828632807947
0.00404508347217
2.53137041539e-05
0.0
0.0
5.03948267846e-10
2.80060668711e-07
0.0020249860085
0.0
0.0
1.00705317933e-06
0.000105084360935
0.0
0.000899458595482
0.000105408477165
3.87127278358e-08
0.0
0.00217233862004
0.00707155758375
7.32170541265e-05
9.40859951598e-06
1.22319327757e-05
0.000140493134937
1.21677097441e-06
0.00217233862004
0.000899458595482
0.0020249860085
0.000223734520122
0.0
0.00481203605999
0.00225180389229
0.0261452632278
0.00188884433105
0.00224391909701
0.00162057915741
0.0
0.0
0.0
0.000910807321053