500
3.65218750459e-05
6.85609923206e-10
3.30946597218e-18
5.10492067862e-11
7.4366837326e-05
4.92934800222e-10
2.16096344594e-07
0.000438601778098
9.40371509595e-08
3.6457283281e-06
6.24267853342e-36
4.23406408571e-10
1.93817462352e-18
0.0
4.62574244647e-06
7.77476858688e-26
9.12980440555e-10
4.81505566245e-06
0.00070447235401
1.81519942084e-12
1.40785773895e-06
0.0
3.57161885936e-07
2.0665759753e-06
0.0
7.43714766419e-08
0.0
7.02782233267e-05
3.69151029661e-07
0.000127821651608
0.0116191760266
0.0
0.0
1.09547229318e-11
0.000118061825617
0.0167251807166
8.94830107514e-12
1.29006742993e-08
2.44330407313e-11
6.64930578529e-07
1.55157197596e-10
1.92177614916e-13
0.0
6.59447950771e-05
4.32641052143e-07
0.000129319561588
1.01096026898e-10
0.000158970475041
1.7731685233e-25
5.52252945894e-22
0.000599786805082
7.40343968146e-05
4.29312381899e-05
3.36787852011e-08
0.00196282844526
0.0
5.83208016488e-07
3.25721256467e-06
1.86076766127e-05
7.71738797688e-17
4.95893589888e-09
8.41069698222e-08
0.000171531637668
6.48498835632e-11
1.27009723082e-06
0.0
1.47570534555e-10
9.61869938168e-14
1.58318008435e-11
4.83235962046e-11
0.0104130331865
3.68504810032e-21
9.94741786386e-06
0.00035198797863
5.94191867332e-10
0.000216607986849
0.0
0.0
3.95898344359e-11
1.83692474224e-12
0.0
0.000233596176619
1.42562163367e-13
2.85924699291e-05
2.64655411294e-08
6.66138339481e-05
0.00270736299199
2.57235753746e-05
7.8679126698e-07
1.98577718231e-06
1.00026414069e-10
4.21907413949e-06
3.66089461175e-10
7.60090426496e-08
3.8756105481e-07
2.32900287071e-12
2.15840013659e-45
2.42597094451e-11
1.2285211527e-07
2.9345547726e-05
9.1696223977e-15
2.18104303823e-07
0.000216607986849
8.24999329347e-19
3.70575896506e-08
5.57253376555e-18
0.00202854422008
2.54382825864e-16
9.16363877925e-06
1.65722086914e-06
0.000260653648814
4.04910804046e-12
0.0
0.00182715285991
1.58424462606e-05
2.17068258376e-18
4.16210458049e-08
1.518886868e-08
4.42515382522e-06
5.88383586161e-14
6.27886516999e-05
1.98801640012e-12
7.23806472677e-08
4.93361299309e-11
2.91391030178e-05
4.45750031017e-06
0.00070447235401
3.56690138879e-12
0.0167251807166
0.0
0.0167251807166
6.64646539311e-06
3.47261434725e-05
0.0
4.53830029466e-05
2.74410653934e-17
8.68287920054e-06
1.66929409255e-06
0.0104130331865
1.07127644418e-20
3.36812907698e-07
1.12012238188e-15
2.78727933815e-10
5.01908344213e-06
3.42078986987e-05
2.83326309974e-15
0.00242632185095
0.000386105040179
8.54941361253e-06
9.77679512095e-06
1.81967780918e-20
1.8186374964e-11
8.0672648226e-24
6.96083627912e-05
3.75725444133e-13
2.0358161868e-08
2.48133664739e-14
2.21323099978e-07
4.86719590468e-14
0.0167251807166
0.000171531637668
9.7137964299e-43
0.0167251807166
1.19800464996e-06
0.000118061825617
2.85617086644e-06
7.58215033311e-08
4.07518992168e-07
2.32609634606e-14
5.88752643819e-06
0.0116191760266
1.18481291379e-07
1.73770483355e-11
5.25459075298e-18
0.0
0.00035198797863
6.19164717633e-05
4.75504382501e-06
2.64076943836e-08
1.86256563543e-13
1.97654367181e-05
2.96463663211e-13
9.14076364877e-09
1.21394426403e-20
6.42257049342e-11
3.72529787228e-09
0.000375196947774
5.37700119982e-05
8.26944031532e-13
5.40928154455e-05
1.13238436122e-12
2.95824108858e-14
0.00434311634858
0.0
8.20189125082e-05
8.76539079564e-08
6.07704916764e-18
4.18008099837e-05
1.44037499785e-17
0.0116191760266
1.15732015611e-17
3.63132696788e-10
0.0102924189025
3.83118495142e-07
0.0
2.01684869302e-08
1.66604885884e-17
1.45816549873e-09
0.0
6.40501722279e-06
9.783877836e-12
7.93507217274e-07
4.78919016132e-07
0.0
1.29394582155e-07
2.46113769467e-20
1.67911323127e-08
3.13709964679e-11
7.16823239181e-18
7.46662019486e-16
2.75065921913e-20
0.00017836074308
6.01253219439e-21
0.000489405072858
5.71648971866e-23
5.32386400376e-10
5.35295251402e-06
0.00389710382238
5.66553806336e-05
2.37644673294e-25
1.15090376733e-11
3.3892429219e-08
0.0
3.41689112646e-10
2.63659390968e-07
0.0
4.60420230706e-06
9.75170365351e-11
8.76702538134e-05
0.000438601778098
1.89902259716e-09
1.01231327405e-09
1.19015024005e-07
2.18165597215e-19
1.29974243045e-08
0.000118912390251
1.10620279761e-05
7.26730304762e-29
4.50636923266e-08
2.05246315491e-24
1.31166656632e-16
1.51625181136e-06
2.43221981612e-07
9.20630345106e-11
7.84474480492e-06
2.31049473156e-06
3.62874790496e-05
2.50429561433e-06
8.91254403237e-05
6.7265103647e-08
3.46548450937e-08
5.40820734109e-13
1.75209343269e-05
3.28866578779e-07
9.41306850898e-17
6.21568825378e-23
0.000223920036314
0.000278875801619
0.0
1.01200941914e-12
1.54833375639e-26
0.0167251807166
1.68628174144e-06
0.0167251807166
1.60923215341e-10
5.01353078927e-06
3.29050835378e-16
0.00916668558503
1.57265949627e-14
2.37352724702e-09
1.36709742583e-08
5.37768164378e-26
2.92060792129e-21
0.000228829472723
0.0104130331865
3.5275594573e-14
1.73973898949e-07
3.77768412173e-06
2.90395050127e-05
7.7999081863e-12
2.95630823362e-08
1.56835596916e-09
3.89251530568e-06
0.000172533496223
0.0104130331865
1.53013256466e-12
2.3106620412e-17
1.86608964566e-27
1.02191205119e-18
2.34517334473e-13
0.0
5.57455555582e-11
0.00019093504206
1.17148407774e-05
7.28935839361e-07
1.34698943897e-07
2.80332120114e-16
1.97096333153e-05
2.44756010126e-05
1.40958794124e-07
1.6629106046e-13
8.50940894969e-06
0.0
6.51731369642e-05
1.92048156951e-06
4.97271994158e-08
0.0116191760266
1.67961156054e-10
1.19395410657e-05
2.22937587862e-07
6.16824663157e-08
7.18994901735e-06
1.57751780115e-09
0.0
0.0
0.00070447235401
5.94872750846e-19
1.6416189597e-27
1.15163527353e-16
4.85836985945e-07
3.57790505862e-06
4.86700745388e-08
2.45667832641e-05
7.16974210544e-06
3.79710116117e-09
7.25787836807e-06
1.75199911406e-19
8.26098095731e-05
0.000119446348755
1.70034824343e-05
4.89032359984e-05
7.26534311491e-05
5.5317518393e-06
0.0167251807166
0.0
0.0
3.62961299266e-10
0.000119855886928
0.0167251807166
1.46277490624e-11
7.95181601851e-05
0.0
3.04606414782e-09
6.32823233254e-22
2.11397032671e-05
3.92862843148e-08
9.11685097785e-07
4.72551013297e-06
6.23891387176e-18
2.56232065811e-14
0.0
4.66105729626e-10
6.36610302092e-06
1.14031576973e-25
0.0
0.00140925307597
0.0
6.33039901807e-08
1.6389800787e-11
7.54297094443e-05
1.00634321725e-08
1.05335762857e-06
6.8711306358e-11
2.22843964338e-13
8.50541122403e-19
1.83648017846e-25
0.0104130331865
2.44756010126e-05
3.38074176654e-10
0.000108395193222
9.56723046206e-06
1.50126610489e-05
0.0
2.0852143532e-05
0.0
2.09236682343e-05
0.00140925307597
4.68972336538e-07
1.11776487471e-13
6.31994128429e-10
1.04587424492e-06
0.0
1.41747751912e-12
3.34379559659e-18
4.8207945633e-05
0.0104130331865
4.7359257251e-08
2.42418742316e-05
1.52746219809e-14
9.03022978991e-08
2.54295532899e-14
2.00431954472e-10
2.75330704653e-10
1.74330796807e-05
0.000563188975567
0.0
1.16705262118e-18
2.67469517634e-11
7.5072669838e-10
9.05756989046e-14
0.0
0.00013762613653
2.06025506985e-16
5.87086194626e-05
4.11025483075e-14
0.0
9.65821569687e-06
0.00124833490466
4.53354096957e-05
1.23021492759e-05
9.34219317167e-21
6.54657872986e-05
4.83473649668e-05
4.00007473263e-15
1.15704947972e-11
0.000159359178516
9.92164116239e-05
7.72307018215e-14
2.27593979654e-07
6.21293472791e-07
2.9345547726e-05
1.20274906027e-07
2.38634012419e-17
3.64704988825e-23
2.91705260677e-14
7.51967354091e-08
2.70736475803e-12
3.53081420344e-22
0.0
0.0
5.6587047448e-14
0.0
9.92164116239e-05
0.00160845888826
7.33449545e-17
2.6418043125e-11
1.50126610489e-05
7.10295981865e-05
0.00126296382933
0.0
0.000101538325725
6.76307535377e-29
0.000199428782342
0.00916668558503
4.06041187451e-08
0.0104130331865
0.0
0.000528381032514
3.45530168348e-07
2.23358660922e-31
1.69973387247e-15
3.46769830988e-07
0.0104130331865
1.0113231953e-07
2.73301145296e-11
4.37105219609e-05
2.87594578126e-19
6.88446494329e-06
0.0
3.42236203653e-14
6.26867161119e-17
1.21831797751e-19
9.5397092452e-10
0.000152692264655
0.0
8.65150171166e-10
1.63626477509e-18
6.09704443248e-23
2.28182284296e-05
1.01946608793e-33
3.17470763586e-28
2.75501317446e-17
8.22617153453e-08
0.00013762613653
3.74533428805e-14
2.65835696069e-13
1.79830335557e-10
2.54362471327e-23
9.05209031974e-07
4.50552753943e-05
0.0
0.00389710382238
2.9810402811e-07
3.9137039274e-05
0.00242632185095
5.31428241498e-05
5.8345737864e-06
7.93375255524e-05
1.29922132677e-06
7.27044212355e-17