500
1.39831044011e-08
7.82772806699e-07
6.95942419359e-07
6.17735620306e-10
4.90935459706e-18
1.22862985039e-11
7.53960048851e-07
0.00154966965306
0.0262860255464
3.49373223795e-10
1.06605966948e-06
6.70190827325e-05
3.56724097691e-05
3.05219482793e-12
2.67923917206e-27
8.12971237303e-05
0.0262860255464
1.17389634093e-20
1.68755900629e-08
2.57464449425e-08
1.85235985737e-14
1.42162648455e-06
1.96516929707e-06
3.50972527415e-22
0.00949341978848
1.94615398038e-09
0.000127692430496
2.91376663554e-09
3.2498170733e-10
1.49757869549e-14
0.014822273349
3.20632037592e-06
0.0262860255464
0.0107472676851
2.22665544812e-12
0.000195897398931
1.1795988054e-06
2.25713720289e-12
1.17778627514e-13
1.43410635193e-13
7.56288348603e-13
1.33483197537e-06
3.54881660735e-06
5.14990848241e-12
0.00327930190328
0.00644836061104
3.57962198215e-18
1.17987821027e-11
6.37508291862e-12
5.29090384135e-21
0.000312490636036
0.00118434753577
6.12081218707e-09
6.65886933832e-06
4.17927217103e-06
6.01561892418e-13
1.55069836333e-15
6.19764054407e-11
0.0107472676851
0.000407669076469
0.000171010987229
0.0013688748602
0.00949341978848
4.23439682134e-08
4.64204746605e-31
1.35901965518e-05
0.0137475465805
5.07368700981e-09
1.59775966647e-09
1.49497175699e-18
7.4713673467e-07
0.00949341978848
3.26115579813e-06
1.42311834145e-14
7.32736784284e-19
0.00949341978848
0.00644836061104
1.0635836399e-19
7.06056039196e-06
2.99820160518e-09
3.95434854536e-05
0.000115507171718
0.00120675207907
2.42006487459e-27
1.05329214373e-58
8.76738593525e-13
8.52403730028e-13
1.7643688633e-12
0.00158676514416
0.000300586938491
4.25662914935e-06
2.47130485876e-12
0.000272102183597
4.79763950119e-15
5.57805325135e-15
1.09241303909e-06
1.34268098828e-08
0.0262860255464
7.17295749274e-24
2.39307238774e-11
0.0107472676851
0.00155353094416
0.0262860255464
1.3052734395e-09
3.87647724564e-10
0.0107472676851
1.15077446605e-05
0.014822273349
1.96712795795e-05
3.1462341164e-11
1.31240991158e-09
0.0137475465805
5.06915320238e-12
0.014822273349
0.00949341978848
9.50707847304e-07
3.08490174254e-12
4.85368529186e-05
4.59915684011e-06
0.00232001241901
6.98204196851e-09
3.21041342883e-13
1.0517202878e-25
1.6102353886e-13
1.35667695437e-06
4.5575184549e-29
1.22365333177e-11
9.09059147814e-07
3.26996526527e-10
0.000233353753976
3.66223910378e-11
0.014822273349
1.26273299876e-05
8.29103901857e-07
0.00213725272985
1.09318143511e-10
7.90159886097e-30
1.32076150891e-20
1.3461265809e-09
1.01237190962e-10
2.61137886889e-07
4.62707275382e-12
0.00171506930887
3.26305003562e-17
3.32082403272e-08
0.000343548582242
4.02060901319e-08
5.57884483425e-16
2.17305837979e-07
0.0107472676851
9.03254888457e-12
3.48628688278e-16
0.000233385207777
1.06521704475e-09
1.20219925049e-07
3.87936057158e-18
1.69436718321e-08
3.5072656157e-12
4.28023022863e-17
0.0107472676851
1.53690248972e-06
0.000207123451846
5.27878745209e-05
6.31573468093e-10
0.0262860255464
1.53120340811e-08
0.0262860255464
0.0107472676851
3.35404533791e-13
9.20974028039e-12
1.39879290219e-15
0.000276482981051
1.64432460554e-06
2.63159442397e-14
3.62073611457e-07
3.18236577441e-16
0.00949341978848
2.23731201253e-07
0.0107472676851
0.000167754485348
0.0107472676851
0.00915898286419
9.85104477575e-05
2.87825449308e-20
5.84488595097e-08
1.44210329383e-23
2.20297756132e-06
1.03776752227e-24
5.94620326225e-06
3.42803218699e-16
3.1617607321e-05
3.47705612635e-14
1.83866296071e-05
0.0262860255464
0.000112880659739
1.45849806655e-12
3.82368734232e-05
2.04671544227e-07
1.93000002024e-05
1.30920903304e-29
4.2181012566e-10
0.0107472676851
2.16969669553e-05
0.0137475465805
2.09953910873e-07
3.08978928839e-06
7.56397798811e-06
0.00204934430346
3.69572565856e-06
2.04885894366e-09
8.42810790753e-06
5.28315883099e-06
1.63980916084e-05
1.60434625797e-07
1.46604527332e-12
6.80876935086e-20
7.8821039184e-10
3.93516516312e-40
1.53523238342e-29
2.4314053237e-06
1.90774566062e-06
9.83842783809e-17
1.08373461494e-09
0.000951240649887
1.69852259786e-11
3.63149078447e-09
1.14001517402e-06
2.41150369194e-06
5.47599827666e-10
5.64013550569e-07
1.34229993083e-19
1.18686887332e-07
1.673483144e-05
4.4478752399e-08
0.00220995807756
6.71151590436e-19
2.22599148999e-05
5.02296416644e-09
4.75942563852e-07
1.67509636015e-10
9.14283768711e-06
2.16452366031e-05
4.63595932148e-05
1.14270703377e-08
4.99215084617e-12
0.00949341978848
1.84877547701e-31
1.24810632017e-06
2.16935778943e-06
2.97621047806e-23
0.000271418344973
0.0107472676851
1.06182841888e-05
0.00644836061104
2.90938921688e-10
2.11647068118e-10
3.90641457932e-11
4.03946521254e-13
9.80945835025e-12
4.21959166493e-17
1.64871237604e-16
6.11781743049e-05
2.30133673286e-16
6.08760765766e-10
2.43793493697e-08
9.71246133253e-24
5.13601119274e-22
1.75282034274e-21
2.40708815182e-11
0.0107472676851
7.22308074816e-12
2.73421020775e-07
2.32240830766e-10
4.03043154256e-10
3.74929017013e-05
3.48530326343e-14
3.4825013212e-05
2.77736450021e-09
0.00327930190328
5.26037505247e-09
0.000843203491868
9.58577053787e-09
0.00149021615821
1.9791459869e-15
2.38344970928e-07
1.53781990198e-05
1.70658183471e-21
1.30995597525e-05
2.1712952322e-10
9.93280313996e-09
2.84839628091e-09
0.000112880659739
8.7368433028e-09
1.38792688245e-11
2.78741291437e-05
0.0262860255464
3.74257128947e-21
2.75619781712e-08
6.53147130375e-07
0.00232001241901
2.00254195849e-19
1.11514126219e-06
2.16295398477e-28
6.43707961752e-25
1.99886040641e-05
0.00137228566735
8.36185349612e-15
4.70854544781e-25
2.05022506876e-06
0.0107472676851
2.55716086217e-10
1.61626158279e-06
0.00149021615821
0.00319968379455
0.000111922672843
0.00213725272985
7.03807232366e-21
5.5939361301e-15
0.00154966965306
0.000497388938202
3.60349328025e-09
6.44826473727e-11
3.43029134018e-06
0.00379023369311
1.98929419132e-15
1.69123038381e-05
1.45039100122e-49
5.81108193474e-10
0.00949341978848
0.000843203491868
1.22082765808e-08
0.000146114345997
8.31493419822e-12
2.37173793228e-05
0.00949341978848
1.57405864876e-07
3.64953383696e-05
4.3715727666e-06
0.00949341978848
1.03026789019e-07
0.00218451953018
0.00949341978848
2.92756823899e-06
0.014822273349
0.000412990464174
5.23389585714e-19
0.00949341978848
0.000475469089963
0.00171506930887
0.014822273349
0.00949341978848
0.00949341978848
1.11394264713e-05
9.70288008712e-22
0.0107472676851
5.15737747042e-15
0.014822273349
2.65218021143e-11
0.0107472676851
8.81945015746e-21
3.69313896007e-06
1.14159279453e-14
7.0807597582e-11
1.54984475752e-05
1.43204496927e-17
1.13358381118e-07
1.03728597699e-05
4.55777002401e-05
0.000301333765614
3.45053452993e-44
4.20016804691e-05
1.29886257173e-09
2.1538680432e-07
0.0107472676851
0.0107472676851
1.6312801773e-07
0.000188615818538
0.0107472676851
1.6341281577e-18
0.014822273349
3.30787329448e-06
7.64483736085e-11
3.18987357225e-13
7.03264951285e-18
2.00616289651e-13
5.38954180815e-06
1.08595726024e-06
3.8709703438e-09
2.37207559271e-20
0.00154966965306
0.0262860255464
2.73631615879e-05
5.9520238922e-22
0.00949341978848
0.00296768255265
0.000686751505621
8.74073784568e-31
1.2228569973e-14
6.86785993914e-17
2.41922181705e-07
2.69141329908e-11
3.44216664444e-12
0.00644836061104
7.10713580013e-09
0.000271418344973
7.86200866847e-11
3.68424629724e-17
3.3984511112e-18
0.00118434753577
2.76763221283e-08
0.00915898286419
4.89759629472e-10
6.00647900382e-15
3.81578198808e-06
1.52937382943e-16
4.8161563978e-08
0.0107472676851
8.13755234846e-18
2.14752199352e-05
0.00949341978848
0.00264277004492
1.99310501253e-13
0.00949341978848
1.94074306328e-14
0.00949341978848
3.4137847184e-07
0.014822273349
0.0107472676851
5.42957018915e-05
3.45312042028e-05
2.70142896753e-09
0.00644836061104
8.31289742539e-05
1.83885576239e-06
9.8222373467e-11
0.00134077079521
5.79767529269e-05
7.37797903859e-06
2.6884169854e-05
9.28344180316e-14
1.83408785019e-17
0.014822273349
1.16171889366e-12
1.82660207953e-12
0.000497388938202
0.00379023369311
0.00154966965306
0.00154966965306
9.7717992238e-17
0.000182893766122
2.17209990383e-07
0.0107472676851
0.00949341978848
3.6450136223e-12
9.61724685858e-13
6.77995147753e-11
0.000271418344973
2.28719922559e-12
0.0137475465805
5.23290179916e-17
4.94835213935e-16
8.05332422117e-14
4.97885653631e-06
3.27257950845e-17
0.00282690470755
8.60991239826e-05
0.0137475465805
7.9678309773e-07
8.37850027533e-05
3.41484157576e-13
1.43045898114e-28
0.00644836061104
0.000475469089963
6.84244528798e-16
1.06794747347e-09
9.66640412301e-23
0.000359169867505
3.07828263139e-06
0.000536389531708
2.22474912435e-11
0.00170776771089
1.06141407812e-07
0.014822273349
0.00949341978848
0.00171506930887
0.00949341978848
1.19113541082e-06
1.90367160161e-12
0.014822273349
2.85658273541e-07
7.70388237197e-08
2.98612173515e-07
0.00108051926879
9.68310656826e-16
2.6587895157e-06
0.000166259746064
6.83959851534e-17
0.00644836061104
5.31830674221e-08
1.51664705884e-10