500
0.00428319629976
0.014554344508
8.15093903789e-19
0.014554344508
1.27013524615e-06
3.43105843801e-31
1.27884603473e-14
0.00581741867786
1.27625191406e-08
2.62012833828e-06
0.014554344508
0.00542382587577
8.0407891759e-08
0.00655847953652
3.18014155278e-05
8.39130641132e-06
0.000127715019306
6.28649253756e-05
9.43791124177e-05
0.000294602051309
6.15884925893e-41
0.00328070229021
0.014554344508
5.21223964378e-16
4.38997262751e-05
1.71105625568e-22
2.19320519878e-19
0.00542382587577
0.00961976135927
0.000326819296719
0.014554344508
0.0263621169916
2.70102176016e-10
0.014554344508
0.000154606552968
2.33578043705e-12
0.00542382587577
6.71107619625e-08
9.39836715933e-12
4.95052766021e-08
4.09847825234e-09
6.41941667025e-05
0.00581741867786
0.00174150179676
1.09812437798e-19
1.83576393079e-06
1.82847398126e-08
1.92123264193e-16
0.00315996811893
1.64849568132e-05
2.87265011395e-08
0.00270731531334
9.52317600291e-29
3.17385208362e-11
1.61897419484e-09
0.014554344508
0.000373053923755
5.40991310167e-22
1.64715484842e-10
0.000828190097615
0.00555578963629
4.46115739703e-07
1.78272916007e-14
1.38980572024e-08
0.000108762997192
1.55761419102e-19
2.92013801054e-08
0.0263621169916
1.51714910552e-17
2.24595991818e-18
2.47370297275e-07
6.6679402799e-09
1.1488502218e-06
8.50115991451e-19
5.05126112157e-14
2.46053172159e-20
3.1645157035e-26
1.23496236105e-06
4.91392691913e-15
1.46865428365e-16
5.49248417583e-21
2.49892348988e-06
0.00581741867786
7.10493932369e-09
3.55124960208e-05
4.13147786297e-16
1.02398710326e-06
4.86279577028e-12
0.000260218745035
5.85827807316e-07
4.1498234408e-15
2.82072311381e-05
6.28649253756e-05
7.29387117948e-10
0.000533868024709
4.70777341333e-06
9.21031984225e-17
7.47943406726e-12
5.7448163255e-10
3.66037832353e-05
1.98288559412e-06
4.70519301143e-08
4.59601333219e-06
8.21475329402e-10
0.000195889853765
1.79745118461e-05
1.14771160791e-10
0.00542382587577
2.31876097822e-10
0.00149215631152
0.000596831597417
0.000153807814227
8.07497735354e-05
0.00581741867786
7.63609249769e-09
0.00542382587577
0.00655847953652
7.09305667001e-28
4.1919398174e-05
4.04999784488e-10
1.53255327882e-11
1.0415803797e-23
2.41617600336e-06
1.01833319467e-08
3.68777772825e-11
8.28184106562e-24
0.00542382587577
6.87967549356e-09
0.014554344508
6.26860843243e-11
8.84502191578e-11
0.00973009386705
0.000193160296712
0.000179812584719
0.000189826884066
0.000775851624004
7.70111427263e-07
1.22813091933e-08
3.40979871395e-08
0.00149215631152
2.8977581616e-14
0.00118714701399
0.000130561983097
0.00328070229021
1.43843360643e-07
1.3467007078e-08
0.000206885649406
1.11249404856e-05
5.44530128223e-26
3.81279037845e-08
3.5542282436e-15
7.58394994052e-15
0.000134842300927
3.86822573662e-10
0.00581741867786
0.00555578963629
0.00542382587577
0.00542382587577
0.00211329314934
0.00581741867786
0.00174150179676
6.9565641659e-12
0.00174150179676
6.38623052658e-11
4.69707537966e-10
1.96066894199e-16
6.08960595063e-54
1.76220977235e-13
0.00411855490339
0.000254508547606
1.13690803896e-36
4.41565525205e-17
6.14425184761e-06
1.65858258205e-11
1.02620586682e-15
7.84888122861e-11
2.12368890191e-05
0.00411855490339
9.78478566582e-33
3.94372174508e-16
0.000579944621571
9.08235086231e-09
7.80468336191e-18
1.47515227863e-20
1.3200234846e-18
3.33173119331e-13
9.78950702909e-06
5.11148899878e-11
2.57070717799e-07
9.45815471481e-08
1.57899466884e-05
6.56015811495e-09
8.95719551666e-07
0.0263621169916
0.000199418346926
7.01054283929e-07
2.09264406667e-14
0.000161657306114
0.0028511843962
0.000596831597417
1.89559043092e-07
0.000137968578213
2.29481048456e-36
0.000156811091311
7.07439179592e-07
0.00100974545685
0.000807097922723
2.60940057334e-06
6.31598241079e-16
5.98174613946e-22
1.85278674785e-22
1.05833164044e-17
0.00555578963629
2.67939005031e-06
1.11462519773e-05
0.0101461452902
0.000389577249097
9.55223220937e-08
1.33154944078e-12
1.08020718474e-06
6.05166605057e-09
1.68477164782e-10
6.018655845e-08
0.00581741867786
0.014554344508
0.000596831597417
0.000596831597417
0.00174150179676
2.0402335986e-12
1.48155641087e-17
5.83241705955e-05
2.89624368583e-26
9.96101690171e-29
5.50934347854e-05
8.38758250002e-11
0.000579944621571
0.000434301968843
1.13764731987e-12
3.57840958158e-10
1.67866372094e-11
2.56329148502e-05
6.95074397922e-10
0.000451272619421
0.0001531500284
0.014554344508
5.84671713761e-13
0.000143421433354
4.23294464075e-11
0.00961976135927
1.64883510388e-22
2.96622050595e-14
3.92161156135e-22
0.000175830005784
0.0020855778979
3.33452288726e-05
0.00211329314934
6.22490807808e-07
0.014554344508
1.39488440997e-05
2.67777964716e-07
6.74015983273e-22
0.00542382587577
2.41224604923e-19
1.19465335314e-08
2.24360859768e-09
2.12430116201e-06
2.86058258895e-06
0.00211329314934
0.00581741867786
0.000218205655793
8.54708765937e-11
0.000206502555738
0.014554344508
6.94163769965e-16
0.000122862844722
0.000176049278893
3.68367748177e-18
3.40922004258e-33
4.05507795292e-24
1.59419470734e-06
2.44269099894e-11
0.000281366851657
1.83118513294e-08
3.68668045629e-12
2.82880597101e-05
2.74271807154e-39
2.05437225872e-07
0.0028511843962
1.38352819976e-05
2.83868277081e-08
1.09307888337e-08
0.00542382587577
0.00655847953652
0.00542382587577
0.0308814589666
0.00542382587577
0.00181094880143
5.20248568398e-08
0.00581741867786
6.10650893405e-07
4.33512197201e-22
5.34974927236e-10
9.44697004721e-15
0.00555578963629
2.06702515577e-11
6.47705684642e-06
9.82090702669e-23
4.08311091311e-09
0.0263621169916
1.20862740948e-08
0.0308814589666
0.000855018969335
0.00973009386705
0.00655847953652
1.40547232798e-09
1.37549109024e-18
7.48219962609e-08
1.07763770763e-20
0.014554344508
5.20733397028e-08
1.99928670718e-07
1.98814227154e-17
3.4882470128e-15
1.98418550929e-05
1.83545167731e-11
2.90824043562e-11
1.01446824716e-06
1.77268378723e-14
0.000308633540936
2.10982298421e-12
5.71959216475e-06
8.32305572362e-08
0.000157916055565
2.87701822967e-14
0.00100974545685
1.16273196402e-05
0.0308814589666
1.34009040917e-06
5.23032408917e-08
0.00328070229021
5.69553320874e-16
2.56977367685e-25
1.32317595315e-13
2.67872957157e-11
2.98629766956e-06
7.62895241918e-09
4.19873293807e-18
3.86334722815e-07
0.00555578963629
6.26880468311e-08
0.00581741867786
5.97845253145e-13
0.0028511843962
0.014554344508
7.60027268511e-11
8.27473123533e-07
1.26126634419e-19
4.33597098873e-27
5.88896940677e-16
3.33489651446e-12
0.00961976135927
5.00854294911e-07
4.43243958151e-19
8.11369936969e-17
5.39497106258e-10
6.22917048731e-10
1.31142576744e-21
4.76083444452e-17
0.014554344508
1.53485510144e-07
7.58655323012e-10
0.00655847953652
0.00973009386705
0.00019108851115
3.18106128825e-22
1.29961517807e-10
6.42263497927e-22
0.00117354618086
7.69566216637e-10
0.000260244127498
0.00100974545685
1.45639930532e-41
0.00103372561383
0.00581741867786
4.22348475047e-08
0.000121143560085
3.57165398723e-10
1.03464886109e-18
5.55629793554e-06
1.54197718228e-13
0.00247309616001
0.00555578963629
5.9235823662e-08
5.9627974747e-17
7.2403456255e-06
1.42692607003e-18
0.000454024764582
1.39832625174e-20
6.16874159731e-13
1.24748598257e-06
6.74216954324e-25
1.41681473537e-07
0.000113105974022
1.17489238319e-27
4.76106269606e-06
6.58847808552e-16
0.00555578963629
1.61128958514e-05
5.11832904323e-24
0.0308814589666
1.54622068788e-08
7.37602407951e-07
4.4186825057e-06
1.21045202574e-05
5.80760267232e-09
9.59403387873e-15
0.000498860088417
7.25768427632e-07
1.25638571155e-16
1.17041565639e-13
0.00581741867786
1.02624687169e-06
0.000427804644742
0.00555578963629
0.00961976135927
1.09509654877e-13
6.38055961236e-11
5.22602992596e-06
0.0126163967611
0.0028511843962
0.014554344508
0.00149215631152
0.00555578963629
0.000616751946912
1.16228115702e-05
3.14679768982e-10
0.0263621169916
9.06459944564e-21
0.00174150179676
0.0020855778979
3.71363757156e-16
0.000775851624004
0.014554344508
1.42365928356e-08
1.20837619073e-05
0.00100974545685
3.44459892903e-13
6.84770861746e-06
9.01061067647e-07
9.07681157263e-17
4.65081711445e-20
5.20260160133e-17
8.85475456991e-11
0.00328070229021
5.65819630294e-07
2.02019207188e-15
0.000113105974022
0.000319640650332
0.000616751946912
2.01986541673e-10
1.31949961899e-05
0.0020855778979
0.00270731531334
4.27520004266e-05
3.24422923957e-10
3.50316366876e-23
6.49950961015e-10
8.56396034157e-08
0.00655847953652
3.12605815542e-13
6.79244292505e-20
1.73947334167e-07
4.6985854071e-05
1.91512780964e-34
0.00191136568212
0.000230424366673
9.3072946479e-09
5.15963041543e-15
0.00174150179676
0.00961976135927
0.000105106979322
4.76106269606e-06
6.18773431052e-06
0.000281366851657
1.30481698895e-06
0.00174150179676
0.00191136568212
0.00655847953652
0.000403763832275
1.45675705518e-08
0.014554344508
0.0028511843962
0.0308814589666
0.00542382587577
0.0022349764654
0.00315996811893
2.72309786944e-11
2.40964732153e-27
3.42269777622e-09
0.000616751946912