500
1.61626713114e-09
0.0
6.29358959102e-05
0.0
2.09133755968e-16
4.74360995527e-47
0.0
1.05511085899e-20
0.0
0.0
1.35794921001e-83
0.0
0.0
0.0
2.5898420773e-08
5.95467629028e-35
1.1946581247e-26
4.08087765531e-06
3.16778917321e-09
1.26044820003e-23
5.18199378002e-30
2.82329108332e-20
0.0
0.0
4.97662135847e-40
0.00150848845231
5.02896695481e-31
1.01743124173e-79
1.46427562952e-30
0.0
0.0
0.0
4.77797710631e-39
0.0
0.0
0.0
0.00200668236753
6.65922508957e-09
1.85229150653e-16
1.15696497868e-08
0.0
0.0
0.0
5.32620442187e-13
0.00254902895335
0.00200668236753
0.0
1.62671692207e-21
6.8305273715e-21
3.04295047915e-51
1.62956459335e-20
0.0
0.00184397839178
0.0
0.0
0.0
0.0
0.0
2.32446288517e-07
0.0
0.0
6.96873251148e-32
3.55799615625e-20
7.18589798326e-57
0.0
1.09880891811e-07
2.86528334622e-21
1.43323622997e-31
0.0
1.52965579375e-41
9.12379155912e-29
0.0
2.30277668294e-09
0.0
3.68941658715e-35
1.50770512008e-89
0.0
0.0
1.21314299247e-17
1.31335214173e-62
3.50950508076e-07
3.68876522371e-91
0.0
8.46801804239e-13
0.0
0.0
3.99402531564e-17
0.0
5.05451398236e-07
1.85740984961e-07
1.18708493337e-37
2.09342966978e-34
0.0
2.41359887635e-08
0.0
1.39461696522e-10
9.08370545049e-10
0.000105496760169
5.4887584011e-08
2.18522511305e-07
0.0
0.0
7.3113191531e-15
0.0
0.0
4.41549961056e-11
2.33857933779e-16
2.54206440485e-10
3.66127064072e-19
3.80230529292e-16
4.70689016723e-44
3.32352333789e-40
0.0
3.14890945731e-35
9.11340531673e-12
2.55834766118e-18
4.98334001871e-30
8.5113941419e-11
2.43484982396e-29
2.06703372666e-37
2.9103755701e-11
0.0
6.51466544738e-19
0.0
0.0
0.0
0.0
2.1328930706e-15
8.4888827553e-64
2.99708530649e-25
0.0
0.0
6.22715743259e-28
4.3091484317e-07
8.01082518134e-06
0.0
0.0
5.54213806378e-31
0.0
0.0
0.0
2.37176140817e-36
4.27457129446e-30
0.0
4.17955042736e-12
1.40165842961e-10
0.0
0.0
2.29324060984e-13
0.0
0.000174040116161
4.41070389956e-08
0.0
1.799908472e-14
5.21006877455e-07
5.70707191171e-16
2.00450075135e-40
0.0
0.0
0.0
6.81461780557e-31
4.38330348688e-12
0.0
1.61761366106e-12
8.41050667459e-27
1.07857302475e-08
0.0
0.00184397839178
0.0
0.0
0.0
2.40772510642e-20
0.0
1.37532401062e-45
0.0
1.86122686532e-08
3.51239475555e-12
1.83209415346e-80
3.46570715335e-26
0.0
6.2522148186e-17
4.31832280399e-15
6.69376761828e-07
3.49693380386e-16
0.0
4.19052402742e-76
0.0
3.26579603674e-34
2.60498364804e-06
1.81378157551e-41
3.56986164098e-17
0.0
0.0
0.0
5.92905528419e-26
1.16458552158e-72
2.19002098192e-38
2.97196546219e-48
0.0
0.0
1.48921970216e-09
0.0
1.5109170777e-29
9.21507850256e-17
0.0
1.52474327235e-13
9.12604405298e-12
5.82320012304e-25
1.12210256456e-61
5.1730398232e-06
8.6444185257e-37
0.0
1.0423240414e-08
1.23638755756e-09
0.0
0.0
1.06732500244e-09
1.132712589e-25
1.85344085173e-85
2.63701700302e-07
2.74794540676e-13
8.00519381253e-35
3.17340278914e-19
8.25672935608e-10
0.0
2.44548603814e-07
0.0
0.00200668236753
0.0
3.86371890732e-08
2.13394138012e-21
6.49520063879e-06
0.0
2.71458411153e-14
0.0
2.33410810792e-81
1.32700266514e-18
0.0
1.87670621898e-65
5.71163585064e-42
0.0
1.6767992628e-25
8.32973154616e-06
7.89729352962e-05
3.73609921988e-16
7.458373158e-26
9.5161868712e-49
7.40890928704e-10
0.0
8.68384858073e-45
0.0
0.0
1.37466167518e-10
0.0
9.27381794531e-27
0.0
6.9359187524e-15
7.47779458822e-11
0.0
6.47528296274e-20
0.000109847668237
1.61904497813e-36
1.66429336509e-12
0.0
0.0
0.0
3.52753296153e-06
0.0
7.55565650133e-41
1.45504132134e-31
1.2125909799e-14
0.0
1.91425475328e-11
5.83983741797e-34
1.89803590365e-11
4.18247355513e-23
0.000206050414302
1.5644094911e-21
8.83098511369e-35
5.83749713189e-06
1.95028388278e-05
0.0
0.0
0.0
1.44688381445e-16
0.0
8.64758239314e-05
1.2667639163e-25
1.11287767365e-05
0.0
3.43947618165e-18
0.00200668236753
4.32652946875e-39
4.49494715872e-21
2.61785776943e-18
2.15818301898e-31
0.0
6.30269431465e-14
2.69374989706e-15
0.0
0.0
0.0
3.00937314034e-44
1.05369499895e-49
3.23582068235e-06
6.37422732842e-12
1.76117950754e-36
2.63405306487e-14
2.09408968747e-05
1.49348993772e-12
0.0
8.62531740878e-32
2.44757971622e-27
3.48377022424e-55
0.0
0.0
0.00254902895335
1.97160459676e-42
1.98117481718e-21
1.84722173724e-11
0.0
0.0
0.0
0.0
4.08960173755e-19
4.2054430655e-25
0.0
2.61340391384e-06
4.24052425796e-14
2.71909594705e-17
0.0
0.0
0.0
0.00200668236753
0.0
2.63040577594e-28
2.41704635427e-16
0.0
1.47463735312e-30
0.00200668236753
8.46506665371e-11
0.0
1.2947015035e-08
0.0
0.0
0.0
1.26215152577e-23
0.0
0.0
2.79642156883e-14
2.56763307576e-15
0.0
2.96416029672e-08
0.00200668236753
1.02057998119e-15
0.0
3.30166110144e-08
0.0
6.03030905694e-88
7.56684119576e-14
0.0
1.17757962949e-06
0.0
0.0
0.0
0.0
0.0
0.0
0.0
1.05860997216e-48
0.0
0.0
6.25962035611e-27
0.0
1.1109898329e-14
2.83987559826e-14
2.08188143199e-06
0.0
0.0
0.0
1.44842968095e-89
0.000142994564187
7.68924991367e-25
3.4429021344e-29
2.49405446172e-07
2.80487056003e-09
8.69062352773e-10
0.0
1.83985185462e-08
0.0
1.73458609003e-23
2.33922285402e-11
3.60996512618e-08
3.21647431277e-14
3.49627453413e-28
2.22596718248e-29
6.1124038856e-10
4.90694566356e-42
8.42010127184e-61
0.0
0.0
0.0
0.0
0.0
1.69036450031e-08
0.00200668236753
4.97928595908e-08
4.31926098694e-21
0.0
8.48240355836e-14
0.0
1.46857689079e-11
5.47445745429e-06
0.00200668236753
0.0
0.0
0.0
1.01465071573e-12
1.90934757321e-111
4.98178672787e-07
2.6235046057e-07
0.0
0.0
0.0
4.33926300355e-16
0.0
0.0
0.0
0.00200668236753
0.0
0.0
3.75626026782e-23
5.51377529911e-07
5.86086793469e-05
2.01412378337e-12
0.0
3.07249381791e-15
1.91250687046e-33
0.0
8.06995974085e-34
7.92085422545e-46
5.49294506949e-13
8.64758239314e-05
1.43750086401e-16
1.5973483564e-23
0.00200668236753
4.59556849947e-37
0.0
0.0
9.18279711233e-46
5.32186350209e-06
1.27828139133e-34
3.40131903886e-20
0.0
0.0
0.0
0.0
0.0
3.82517724064e-07
0.00254902895335
1.26990614369e-35
0.0
0.0
9.34667753608e-10
3.50470422976e-10
0.0
1.57130044376e-10
0.0
3.26856103718e-16
1.43221022196e-67
5.65680653029e-14
0.0
5.50162067698e-25
0.00254902895335
6.08265323965e-27
3.19244875273e-17
0.0
1.12923501184e-19
0.000162209900621
2.91156181226e-06
4.41829299423e-08
0.0
1.63259813654e-08
7.82777008942e-99
6.61608895767e-11
1.99394360078e-08
1.01993032125e-06
0.0
8.82906602817e-05
8.33315893365e-13
0.0
2.03212879915e-21
2.7330905235e-06
4.96832056102e-14
5.15854139643e-67
1.18312334804e-55
0.0
0.0
7.00466080434e-32
0.0