500
0.0101718170852
6.14093045613e-07
0.000871470493223
0.0112964863204
0.135296106003
0.135296106003
0.0168168662235
0.0115423437184
0.135296106003
7.68927666145e-08
0.011511239478
0.155636841892
0.158098189842
0.586121723721
0.155636841892
0.00252542481557
0.135296106003
0.00446549555087
0.0101718170852
0.586121723721
0.00240380470824
0.158098189842
1.80611631939e-07
0.00256432363493
0.586121723721
0.155636841892
3.45010169777e-09
7.88327358315e-10
0.158098189842
0.00382144893633
0.000560681137258
0.135296106003
1.58220757164e-06
0.000438674938013
0.0014938236381
0.155636841892
0.135296106003
0.00309764977734
1.06518193194e-05
0.0251657809326
0.586121723721
0.0428345996648
0.0112964863204
0.0141731146534
0.000347922593412
0.00893326173142
0.0168168662235
0.000816587893975
0.586121723721
2.04874229515e-07
0.0251657809326
0.00101546519144
0.155636841892
0.135296106003
0.00240380470824
0.586121723721
0.158098189842
2.23870483667e-07
4.32578593166e-05
0.000217797386616
0.00309764977734
3.49921241954e-09
0.0428345996648
0.000220718277508
0.000131856523956
3.7013107741e-05
0.000438674938013
4.86214518871e-05
0.000816587893975
1.1914230497e-06
0.000190466982403
0.000512606871533
0.00893326173142
0.586121723721
0.586121723721
0.155636841892
0.00330832873908
3.51344432498e-06
0.586121723721
0.586121723721
4.39745566716e-05
0.00208355860272
2.60483122486e-09
2.30661992409e-05
0.00356182785206
0.155636841892
0.00309764977734
0.00109753243448
0.00678811968638
0.0354881930721
0.0047600925803
5.84056774042e-05
0.158098189842
0.0047600925803
0.155636841892
7.3629071601e-05
0.00102418609719
0.586121723721
0.00240380470824
0.00330832873908
0.0170897746794
0.135296106003
0.000485858095132
0.158098189842
0.000678622387084
0.586121723721
0.00407355701526
4.96235745359e-06
0.586121723721
7.45666891737e-07
0.0525443738443
5.92026728244e-16
2.39566701941e-05
0.00452223476055
0.586121723721
0.011511239478
4.89488262116e-05
0.00356182785206
0.0115423437184
0.586121723721
3.1748712163e-13
0.0115540380019
0.00100749391147
0.0428345996648
0.000875438061874
0.0525443738443
0.0525443738443
0.000336885493402
0.0354881930721
0.586121723721
0.158098189842
0.586121723721
0.586121723721
0.000130391041622
0.586121723721
0.158098189842
0.158098189842
0.0251657809326
5.84056774042e-05
0.00893326173142
0.00382144893633
0.586121723721
0.000280621856208
0.00100749391147
1.45619710699e-22
9.3796367254e-05
0.0101718170852
0.00240380470824
0.135296106003
0.00216589448086
0.0428345996648
0.586121723721
0.011374159233
0.586121723721
-0.191027960654
0.00094579609631
0.586121723721
0.000148670242718
0.000168543692033
0.00356060715578
0.0525443738443
0.00100749391147
1.77642668059e-06
0.00323082628695
0.000678622387084
7.15711329752e-10
0.155636841892
0.00256432363493
0.586121723721
0.586121723721
0.155636841892
0.00126942495828
0.0168168662235
0.00126942495828
0.158098189842
0.0115540380019
-0.00548092918118
0.00240380470824
0.158098189842
9.18157696586e-05
0.00453611596558
0.586121723721
1.20488080759e-05
0.586121723721
0.000438674938013
0.000226398135839
2.51570605981e-05
0.155636841892
0.000228148489162
0.586121723721
0.011511239478
1.70343235737e-05
0.586121723721
0.00256432363493
3.30018454591e-06
0.00309764977734
0.0525443738443
0.0525443738443
0.00216589448086
1.57231601217e-07
0.000228148489162
0.586121723721
0.586121723721
9.39750860502e-07
4.16027185594e-09
0.00894660329549
0.00951064239057
0.00309764977734
0.586121723721
0.0354881930721
-1.24267475489e-05
1.89448620443e-06
0.586121723721
0.000347922593412
2.86753569097e-11
0.0143914140794
0.135296106003
6.2143333483e-05
4.91812523177e-08
0.000266599418248
3.52426912189e-06
0.0101718170852
0.586121723721
0.155636841892
-5.38888991814e-05
0.00524838587278
0.00290983455086
2.48710501549e-05
2.93857058822e-05
0.0115423437184
0.0115423437184
0.155636841892
0.586121723721
0.586121723721
0.586121723721
0.155636841892
9.35567175013e-09
7.77334093434e-06
0.00893326173142
0.0101718170852
0.000990715532338
0.000518205940654
0.0115540380019
0.00100749391147
0.586121723721
0.000568599884608
0.158098189842
0.586121723721
0.158098189842
0.0251657809326
-6.95258671863e-06
0.586121723721
0.586121723721
0.00309764977734
7.33859458734e-05
0.00309764977734
6.65221252757e-06
0.586121723721
0.00818503474879
0.158098189842
0.586121723721
0.000438674938013
0.00818503474879
0.0101718170852
0.00102762839318
0.00309764977734
0.00100749391147
0.000478778614941
0.00460972922905
0.00446549555087
0.586121723721
3.04329799517e-07
0.000558269536166
0.0066824390047
0.586121723721
0.155636841892
0.155636841892
0.586121723721
4.69452402361e-05
0.000303001096108
0.00100749391147
0.00382144893633
0.586121723721
0.000131139451755
0.0141731146534
0.00309764977734
0.0132003358528
1.66163255112e-10
2.51474832318e-05
0.000512606871533
7.66779425757e-09
0.586121723721
1.20433798963e-07
0.135296106003
0.155636841892
0.586121723721
5.08031170539e-05
3.52426912189e-06
0.000518205940654
0.155636841892
4.37237338798e-06
2.54266723105e-05
2.49310921312e-05
0.000130202157176
0.00100749391147
0.158098189842
0.000875438061874
0.158098189842
1.53661170982e-05
0.586121723721
7.10212031909e-08
0.0428345996648
0.0525443738443
0.000221938197853
6.14776645575e-05
0.135296106003
0.586121723721
0.586121723721
0.0115423437184
9.37720019969e-11
0.586121723721
0.155636841892
0.158098189842
0.0115423437184
-0.191027960654
0.586121723721
0.135296106003
0.155636841892
0.00678811968638
0.011511239478
5.586046605e-12
0.586121723721
4.12583219049e-07
9.49397128939e-05
0.00309764977734
0.135296106003
0.0170897746794
0.158098189842
0.135296106003
0.135296106003
0.000168543692033
4.20345351924e-08
0.00100749391147
2.0076595716e-07
0.00356182785206
0.586121723721
-0.0507249387047
3.51202734026e-08
0.00309764977734
0.158098189842
0.586121723721
0.00309764977734
0.155636841892
0.00100988351753
0.158098189842
0.135296106003
-0.191027960654
0.155636841892
0.158098189842
0.0112964863204
0.0168168662235
0.586121723721
0.000722050649593
0.00678811968638
-0.00820199561843
-0.000457627668283
0.155636841892
0.00102418609719
0.586121723721
0.0525443738443
0.000168543692033
2.08341848341e-05
0.000347922593412
0.0139524608513
0.0170897746794
0.000431231809178
0.158098189842
0.586121723721
0.00309764977734
0.000378740922164
0.155636841892
0.00309764977734
0.586121723721
0.586121723721
0.00254263269951
0.586121723721
0.155636841892
9.63139384056e-07
0.0101718170852
-0.0440955149217
0.158098189842
0.000266599418248
0.158098189842
0.00453796276797
2.26038725946e-11
0.000175673427861
2.93857058822e-05
3.68350100731e-05
0.158098189842
0.00893326173142
0.586121723721
0.0141731146534
0.158098189842
0.000602597685519
6.38023137122e-06
0.135296106003
0.586121723721
9.25617951966e-06
0.586121723721
0.00460972922905
0.0132003358528
0.000436419322844
0.00100749391147
0.586121723721
0.000492175834077
0.155636841892
0.586121723721
0.586121723721
0.586121723721
3.65661876055e-06
0.0251657809326
2.57711382937e-08
0.158098189842
0.000221938197853
7.33859458734e-05
0.00240380470824
2.19799759365e-05
1.47075954276e-05
0.0112964863204
0.0428345996648
1.00173136937e-07
0.586121723721
5.90221237709e-05
0.158098189842
0.586121723721
0.158098189842
0.586121723721
6.680951317e-07
4.17268469807e-05
0.00309764977734
3.46487595139e-07
-0.00539559946413
0.586121723721
-3.73634065691e-10
0.000678622387084
0.586121723721
0.586121723721
0.0132003358528
0.135296106003
0.00309764977734
0.586121723721
0.0525443738443
0.00818503474879
0.155636841892
0.0141731146534
8.46913096629e-06
0.586121723721
1.10160788296e-05
0.0101718170852
0.586121723721
0.000564452894419
0.586121723721
0.0141731146534
0.0428345996648
0.158098189842
0.00225544620894
0.000160751412746
0.586121723721
0.00100749391147
0.586121723721
0.00153205635165
4.02725020258e-06
9.18157696586e-05
0.0066824390047
1.18568976301e-05
5.27663861404e-07
-1.10916452619e-07
0.586121723721
0.00309764977734
0.586121723721
0.586121723721
0.586121723721
0.158098189842
0.00100749391147
0.000378218094847
0.586121723721
-9.44010240981e-06
1.27219770511e-07
0.000122832082097
0.00254263269951
0.586121723721
2.77808833276e-06
2.18131219581e-05
0.000431231809178
0.586121723721
0.00678811968638
8.05153609609e-06
0.000707798235662
0.00309764977734
-0.000371858180866