500
0.0155619122477
3.60888116548e-12
9.39116307761e-08
1.14015867834e-08
3.14491151767e-06
7.74623464677e-07
1.71882196549e-08
3.59132093559e-06
0.0
0.000155484180422
0.0
4.25789327757e-08
0.000180976996649
1.28216809719e-16
1.06869373328e-05
1.33409034545e-08
0.00346405176465
5.84358473901e-09
8.93457204961e-05
2.12944230067e-08
9.39116307761e-08
0.00127085497465
0.000811713212624
0.000243017435104
8.71824585228e-07
1.94985729453e-07
3.04212171573e-06
0.000811713212624
0.0155619122477
1.29350657473e-05
0.0113557585209
0.0117475310979
0.00304138003511
0.00252760646775
0.0117475310979
4.13548255011e-08
0.0
2.23936223714e-06
0.0
1.82949731004e-06
0.00097977626141
4.76080829941e-23
5.8610651944e-40
7.52665550948e-13
0.00175967894283
6.08407755281e-05
2.63057262343e-24
3.26953263144e-06
0.0
0.00304138003511
1.12491841007e-24
1.19383712842e-06
1.0501333992e-05
4.99439065072e-17
4.1119722589e-05
3.09871429629e-06
0.0
0.0
2.63150904556e-09
2.4723876049e-16
1.69072679421e-13
0.0
1.1791800825e-06
2.49489155317e-09
4.65547145976e-06
5.45458933049e-13
1.77149167264e-15
7.60484534607e-15
5.1901347107e-05
0.00134513848517
0.0
1.53327982615e-06
5.71094103205e-12
0.000240972655709
0.00208217549497
0.00127085497465
2.8807018374e-15
7.62078289109e-06
5.47218665143e-08
8.24856756002e-11
0.0
2.83921669805e-08
5.53117273509e-05
1.29984227898e-23
2.68087315072e-07
2.3277506551e-10
0.0
2.39282244251e-09
1.32330254534e-05
5.05493724348e-07
2.20844251539e-05
7.46860223058e-08
1.67326122032e-09
6.02834922218e-05
2.91158382896e-07
7.46330321658e-05
0.000444187898068
0.000127924587862
3.34086114539e-07
0.00196422941059
2.83902613064e-14
1.04761278274e-08
8.16631712482e-07
0.00127085497465
1.27770863361e-06
1.0894485994e-19
7.03730492117e-13
1.37291322014e-06
0.0117475310979
1.11372066296e-31
2.57917624377e-19
0.000941709080314
1.43818523848e-07
1.46983372976e-07
0.00127085497465
4.00110690395e-18
0.0
7.3137330635e-05
0.00113669622255
9.02122025552e-08
7.49126896949e-10
0.000444187898068
1.19500385838e-06
9.57895679881e-18
1.30689972965e-15
3.62741905278e-11
0.000180976996649
9.56971541961e-08
4.3387544739e-07
3.2525970203e-13
8.7147981492e-11
8.62787892497e-05
7.33736412578e-10
1.67868266295e-05
2.54428828349e-11
1.6976546515e-08
0.000588912978104
4.54623592308e-09
4.06517151354e-10
4.7411347996e-11
0.00360454059115
9.14114741613e-07
4.06007394855e-10
0.0
0.0117475310979
1.86343799647e-10
0.0
2.82844801511e-11
0.00360454059115
0.0
0.0
1.87358852602e-11
0.00127085497465
0.0
5.89967037261e-05
0.00346405176465
9.4210598825e-15
0.0
1.11487193846e-07
0.0
1.24841096422e-10
0.00127085497465
7.86749992763e-05
0.00112221968088
1.29052875689e-17
2.78391082347e-07
2.04671812374e-09
0.00313085311071
3.18500697985e-11
0.0117475310979
0.000265975884634
0.00120489334767
2.94184288904e-10
0.000588912978104
0.000224884051883
3.2716220318e-05
1.31860247085e-10
1.98662170773e-05
8.84915213521e-06
0.0
0.00127812599707
0.000218136216486
0.000557146828694
4.66597055441e-09
1.57430087837e-11
7.3137330635e-05
1.41873645765e-12
0.00015629535791
8.07399899583e-06
5.67736316067e-06
0.000444187898068
3.4745478396e-05
1.96451079806e-07
1.14902565638e-05
1.00064967803e-06
8.44411262543e-13
3.64436002896e-16
1.30153967412e-13
0.0110824305077
1.25306171462e-07
8.2759528413e-07
2.43191537079e-08
4.15540527179e-06
2.96539409143e-09
1.79634362724e-07
1.48054274899e-06
3.37971930864e-05
8.06635703284e-08
2.51772401629e-09
2.69007122626e-05
2.92658237486e-05
1.41767551226e-07
6.45195942833e-10
0.000115089318618
2.01544519805e-20
1.83749925162e-05
3.64329749974e-05
0.000626080094711
2.70186313083e-24
2.39064747721e-06
5.68748281428e-08
4.30918134086e-06
6.17721818197e-20
0.000169571978931
0.00215334344454
1.21112840566e-08
1.46831745007e-09
0.00360454059115
3.65838322523e-06
0.00196422941059
7.83634444807e-22
1.51781808854e-21
4.493976235e-06
0.0113557585209
6.74729094858e-06
0.00127085497465
0.00196422941059
0.00346405176465
0.000588912978104
6.01948375117e-06
8.55787357848e-06
0.00220357590207
5.65173331978e-11
0.0110824305077
1.13967920436e-19
0.0
1.1975121698e-10
0.000588912978104
0.00127085497465
0.000218136216486
5.10470604955e-13
1.35157508622e-12
1.41535369567e-06
0.0117475310979
0.000568346366845
0.000492494942318
0.0
8.01957339485e-06
8.04254205104e-13
0.000221753108591
0.0
1.44930691727e-08
0.0
3.28767273549e-05
6.44926829994e-05
1.40568921991e-08
1.35030713069e-09
6.80988722164e-05
6.81796067082e-14
2.24940120212e-05
1.47316019091e-09
1.45957084725e-12
1.68345602851e-10
0.000588912978104
0.0155619122477
9.18684447807e-09
0.0
0.0
1.1026054941e-06
8.87507675956e-14
2.05030248568e-15
0.0
4.1119722589e-05
1.52497949374e-09
4.18768745919e-12
3.17972264818e-08
3.32838379445e-07
3.83687784869e-05
3.13462849143e-07
4.48872204089e-24
4.93158435466e-05
4.1880449418e-13
0.00127085497465
3.6563709333e-11
0.00346405176465
2.92728495067e-08
4.35935296659e-09
1.81710482171e-07
2.18328381685e-08
0.00112221968088
1.45750455402e-07
2.59884119338e-19
2.0108342774e-10
1.52640617501e-13
6.75585589547e-09
0.00127085497465
6.93759240726e-06
1.48059470133e-14
4.07226390645e-14
0.0
0.0155619122477
2.05948568694e-13
0.0
3.448693499e-11
0.000588912978104
0.00208217549497
1.4112354681e-20
6.81524417197e-22
0.00346405176465
0.00127085497465
1.0146672967e-05
1.61831951956e-08
0.0
8.49794772746e-08
0.000233041333736
2.63724590004e-09
1.64638937785e-10
6.53696872479e-13
0.0110824305077
5.84714039963e-13
1.45760526918e-14
1.54270569812e-14
0.00112221968088
0.00208217549497
3.37984372046e-07
2.58775887698e-06
1.68200977061e-06
0.000306310546986
3.18480894565e-06
2.21515649289e-11
1.48444832217e-06
0.00134513848517
7.0532260258e-05
4.61917925716e-24
2.20312992378e-12
9.39815143699e-18
3.23456341975e-07
3.00836830203e-07
0.0
2.78420133454e-06
5.70569639026e-18
2.90051436295e-09
3.56690215077e-07
7.75506321628e-20
5.54917216286e-17
1.85569172336e-05
0.000183719436118
3.05206945942e-06
2.45503137522e-06
7.44080329224e-10
3.60596890364e-09
0.00127085497465
3.03462710585e-13
8.40359786681e-06
0.00127085497465
3.43024154115e-09
1.59039767005e-09
2.69491008376e-06
1.69742593867e-13
8.0114873404e-14
0.0
4.91208790704e-05
6.15394033475e-15
2.92658237486e-05
0.0
0.0117475310979
1.10025038607e-07
0.00097977626141
0.00175967894283
0.00360454059115
1.44359176383e-07
1.30743038904e-05
0.00208217549497
0.00346405176465
0.0
0.0
0.000187230060576
0.00173595705281
0.0117475310979
4.14573436756e-05
4.13566951192e-18
1.67386997881e-08
1.57138287545e-07
2.96440068782e-11
0.0
0.0
3.97208097319e-05
8.69776792675e-21
0.00196422941059
5.75887118908e-06
6.08109445369e-07
7.99812741426e-07
7.65816862818e-18
0.00127085497465
1.95781444104e-09
2.73421709637e-11
0.0
4.78258924973e-12
1.46442961529e-06
5.37132231604e-09
0.0
0.0
0.000201777607006
0.000941709080314
0.00304138003511
1.79753200774e-08
0.000588912978104
3.53823948979e-09
3.0892397343e-05
0.00220357590207
0.000626080094711
0.0
8.10208830816e-10
0.0155619122477
1.97919861204e-14
2.45613249106e-07
5.34726634372e-06
0.0
4.82257247347e-06
2.35503425311e-08
0.0
2.25005513863e-05
0.0110824305077
1.55951281571e-13
0.0
1.11349631411e-08
0.00138737200087
1.06827395826e-13
0.0
1.0501333992e-05
2.31062245492e-11
0.00313085311071
0.000568346366845
8.0340330418e-06
8.56026487821e-08
3.6011598407e-09
2.35877932672e-07
0.0110824305077
0.0113557585209
0.00127085497465
1.80125116257e-07
3.52248658266e-07
2.59790921336e-10
5.81288192535e-09
1.84469853332e-09
3.3607515693e-07
0.0155619122477
0.0110824305077
2.25310951777e-12
0.00127085497465
0.0117475310979
0.0
0.0
0.0
9.14114741613e-07
1.3510638356e-11
0.000366843342526
0.000136045956701
9.7908904914e-19
1.03770176171e-09
5.1901347107e-05
0.0
9.67958386526e-08
0.000588912978104
0.00220357590207
7.61418755942e-23
0.0
8.12217670213e-06
6.40966176954e-24
0.0
0.00175967894283
0.00196422941059
0.0117475310979
0.000588912978104
0.000588912978104
1.01576116607e-14
0.000233041333736
1.33307404349e-05
3.43625319183e-09
0.0117475310979
2.89215827306e-06
3.83687784869e-05
0.0
0.00360454059115
4.71339013609e-06
0.0110824305077
1.49055638818e-11
7.08240049578e-11
3.33968835213e-12
2.66079232615e-48