500
1.25607759073e-06
7.61955586983e-06
4.85811370373e-08
5.63109102534e-05
2.32833064734e-13
8.35561102181e-21
2.98512185391e-06
3.55496353961e-37
1.13556296627e-08
7.4554846714e-07
2.7065149623e-10
1.08652046557e-05
2.46712040008e-09
7.30503539762e-16
2.39593682651e-05
0.0
2.65868335262e-06
0.0
6.40393617641e-12
0.0108542838531
9.93214304068e-07
4.67561010699e-05
0.0225960248765
3.47573024178e-25
1.45194752258e-08
0.000456331895413
1.5877324067e-16
9.30086428846e-06
2.81263680671e-06
1.0050667053e-15
8.32025742804e-05
0.000392603429643
8.70141381897e-10
6.85499058966e-24
0.0225960248765
0.0309244690908
0.00920367979535
4.1732564528e-11
0.0
0.0
0.000414314040288
7.53365192173e-07
0.021298972089
3.68933614802e-18
3.9648959419e-07
0.0
4.48814670767e-10
5.32908413933e-05
0.000397898815229
1.13341638436e-11
0.000119425831104
0.021298972089
0.000381547840764
4.94224075799e-15
0.0
5.71518520628e-17
7.46565255742e-06
0.00497953415274
0.000420507374453
9.3158401496e-05
5.9729189647e-06
3.41605628687e-07
0.00907936951232
3.44038623507e-07
0.0
0.00227126875811
0.000551596821877
5.37434803042e-11
4.45725387716e-10
8.73760273601e-13
0.00109496085537
7.09135562036e-05
1.76734549354e-06
0.0108542838531
6.62080086292e-06
3.20752384082e-10
8.33153774573e-12
6.5127313248e-08
2.94364913441e-07
1.02881862043e-08
1.21587133384e-16
5.58388973644e-10
0.0019797121493
0.0019797121493
4.32892100426e-05
7.59677951776e-05
4.41013093171e-07
0.000191042083852
3.45525506782e-08
6.06815767308e-05
1.60585212804e-07
0.0
0.00117079805654
0.000414314040288
2.65269978351e-06
1.68721092691e-10
7.13409094005e-05
0.000116019224353
5.11076283395e-16
0.0
1.67922895898e-08
0.0
0.00707363864029
1.69459585022e-14
2.26495353591e-07
0.0309244690908
0.0309244690908
1.10898574591e-16
0.0
1.74015872476e-08
5.23549785182e-06
1.7772573381e-20
0.000255104951841
0.00672498457453
9.47959425949e-06
0.00907936951232
2.37219669661e-06
0.000269891427282
8.14994924733e-08
2.50068376387e-05
8.44904447745e-17
1.33601409702e-14
2.38331637224e-05
0.0
0.0
0.000175559445393
0.0225960248765
1.08811939937e-18
5.88177425485e-07
0.0
9.03708637818e-07
1.91170711434e-07
0.00266154978629
0.000164996896828
0.0309244690908
5.01043942677e-05
2.40069278996e-08
3.36537254553e-06
4.80837252381e-05
0.0
0.0
3.39015275255e-06
1.3848079018e-08
0.000759552403047
0.00457381772425
0.021298972089
2.08858571376e-13
7.30449939887e-19
7.0455745133e-09
5.37363121273e-08
6.87366520168e-11
8.08024413527e-06
0.000278901465231
1.55499954439e-11
1.47162359842e-18
1.80552946156e-06
1.12633962541e-37
0.000136041629903
0.000140143042201
0.00323043065665
0.000986763210456
0.000331623341375
2.96682593962e-06
0.0
0.0108542838531
0.0309244690908
0.0
1.19070244098e-08
4.48823331002e-08
0.00114675857743
2.95158582748e-09
1.37746434673e-08
0.00907936951232
6.53144733658e-19
0.00672498457453
7.68854855467e-10
2.17292801036e-23
7.67946911409e-17
0.00102946556744
0.0309244690908
0.0225960248765
0.0225960248765
0.0
6.00874201997e-13
1.81884823629e-07
8.8949436035e-12
3.43087393015e-11
0.0
6.1403653376e-07
2.82345372992e-21
0.00907936951232
4.91525558304e-07
0.0309244690908
1.58857751221e-12
0.0225960248765
7.39088930709e-09
0.0
0.00114675857743
1.35791593875e-12
0.000206485147665
5.81692022373e-12
3.23892368545e-05
0.000215981577222
2.2083946903e-09
7.8406334952e-15
3.26948897469e-23
1.22015059649e-14
4.91536960664e-19
1.83340669105e-25
0.0225960248765
0.021298972089
0.0309244690908
0.00266154978629
1.37855687572e-06
0.0
0.0
0.00143270427672
0.00662179580973
0.000365290880492
0.0
0.000806377469407
6.93404176368e-07
0.0108542838531
0.000141348441542
5.62437531995e-06
0.00020573033021
6.20077323326e-08
0.0
1.45029394595e-07
0.0
0.021298972089
2.69198981438e-05
4.10636653497e-05
0.0309244690908
3.31420178949e-14
2.91736330015e-06
0.021298972089
1.70478676093e-09
8.49863784671e-06
0.00010149566358
2.32955028103e-20
0.000933288676021
0.00372945313896
0.000206485147665
2.34982635138e-08
0.00064279484971
0.0108542838531
5.1699844842e-12
0.0225960248765
3.12611028506e-06
3.27281019283e-06
8.7828747945e-06
4.62073671646e-05
0.0108542838531
1.48197671344e-21
3.39222439193e-31
0.00110281166212
3.12060786335e-11
9.37318815125e-07
8.15714137041e-21
8.66748972718e-07
3.73802266162e-27
6.28300648366e-08
0.0
5.63108948025e-24
0.021298972089
6.39492682376e-12
2.17386883004e-05
0.000175344043085
6.2825610525e-09
3.2965501105e-06
0.0
7.77264033319e-09
1.53235056849e-08
0.0309244690908
2.19452341468e-06
0.000114419753023
3.60987870373e-16
0.00104073439536
0.000231606075504
0.00123934761041
1.30079585387e-07
0.00457381772425
0.00497953415274
1.3714898176e-08
3.01290185822e-22
7.04438929771e-05
0.000165278977168
2.48787302827e-06
0.0
5.30702761628e-11
3.0381292632e-05
0.000186053987433
0.00156431755526
0.021298972089
5.65200262302e-21
0.00920367979535
0.0
5.26081867118e-09
4.85700089596e-14
4.4946751487e-15
1.19202906691e-11
0.0
0.0309244690908
2.61588765993e-07
0.0
1.90983924161e-09
0.0
5.55802499435e-14
6.09923906683e-18
6.72370310213e-12
0.0108542838531
9.99478674845e-05
0.0
2.15949201847e-13
1.00659324257e-12
0.00894283763995
1.37108903534e-07
1.71091494365e-23
1.79796147059e-09
2.35161278861e-05
0.00156431755526
2.41768161855e-22
0.0309244690908
2.29226448644e-23
3.12378378033e-22
0.00167028808353
5.90559134235e-16
5.41774879635e-05
0.00130901335341
0.000666840496311
0.0309244690908
0.00320849900059
1.50013659547e-07
8.705340964e-08
0.000806377469407
0.000652015596291
0.000216573126182
5.38153431036e-06
0.000158032794769
7.79519723085e-11
1.75961693004e-07
0.0
3.14724293304e-05
6.60478602401e-15
0.000261456386661
0.0309244690908
0.00109496085537
0.000307533796204
0.0108542838531
0.0
0.0
3.97908483544e-16
1.36066353493e-05
0.00457381772425
0.0309244690908
3.15608283669e-07
2.01836396016e-07
0.0
3.6001431407e-05
2.39423865369e-07
1.5851403449e-12
1.97002316491e-07
1.25796662307e-24
0.0
2.45313492192e-07
5.22978827672e-05
0.0
2.70035412628e-17
0.0
4.03272529633e-10
1.11773039885e-09
0.0225960248765
4.73812179892e-08
2.1779567908e-05
0.00907936951232
3.91113324171e-06
2.74099098278e-07
6.38526718426e-05
4.09008421413e-13
7.09029614584e-16
5.05088558017e-16
1.19563749237e-06
6.91647090423e-05
4.64224225804e-09
3.99572852403e-13
0.0
1.85202081278e-11
2.05864403802e-11
0.00920367979535
0.000203541716863
0.0108542838531
3.38889885741e-06
0.000167515933421
6.14299735683e-07
0.0309244690908
6.52139333771e-11
1.00847309926e-11
0.0309244690908
7.8251692009e-05
0.0
0.0
0.00707363864029
0.0309244690908
5.39283162894e-08
6.50651775059e-05
2.14497863908e-11
0.00457381772425
0.00907936951232
1.16850743874e-07
3.38554755843e-10
0.00272505295584
1.46451762809e-26
5.08383533939e-06
0.000167269878376
7.60059454432e-06
0.0
9.81477997285e-18
0.000478758106159
0.00633895826965
1.63628459238e-08
0.0
0.000315112503036
0.000797200292582
6.18143141998e-18
8.81467396922e-07
0.00907936951232
2.08745186284e-11
8.78001748135e-06
0.000744205013129
3.27128144581e-05
0.0
4.75848368748e-09
0.000189766244444
1.4159044779e-05
2.4494829578e-34
0.0225960248765
0.00907936951232
0.00707363864029
4.18169775516e-06
0.0225960248765
0.00907936951232
0.00143270427672
0.000920994511644
0.0309244690908
1.30350483733e-10
0.021298972089
1.06071077639e-16
1.78329600877e-05
1.76937764153e-08
6.53177501536e-23
0.000191042083852
7.0637911289e-13
9.00681053211e-09
3.44658202204e-06
7.73972719727e-11
0.000798580473464
0.000837918519047
4.84665991228e-07
3.07135459411e-30
0.0309244690908
3.73366557958e-18
5.52431248103e-07
0.00457381772425
1.00624850047e-05
4.71487751529e-12
7.4777503928e-10
0.0
6.02541304392e-06
1.33098039721e-14
1.88657559346e-10
0.00272505295584
0.0108542838531
1.71815851805e-09
0.000513633003216
0.000307533796204
1.21126855342e-11
0.0225960248765
1.87706051825e-06
1.05821339735e-06
7.1269310088e-13
0.000652015596291
9.81491004197e-08
2.02633708773e-05
1.22159983581e-20
2.18596735878e-10
0.0
1.12267559651e-09
1.3780478821e-11
7.34128007624e-05
1.32680572952e-06
0.00266154978629
0.0225960248765
0.0309244690908
0.0309244690908
5.82771645993e-07
0.00320849900059
0.00272505295584
7.5812203597e-06
6.29910121634e-07