500
3.62192129563e-07
1.32886777116e-06
7.64805245652e-18
6.23824455602e-07
4.5839690142e-08
4.07910635186e-07
2.38162280316e-13
3.55422245572e-37
1.47307258851e-25
6.23786192626e-06
2.89847446669e-07
1.87849624352e-05
8.83777346315e-17
6.70884052134e-06
3.18721525058e-17
1.01946262004e-07
9.26915670066e-32
2.28902739547e-05
2.84760436603e-08
0.000890585658687
1.00393481077e-15
6.01596163054e-07
0.000320889992366
0.00031566941173
8.71192990191e-07
5.37560463879e-07
0.012037996404
0.000320889992366
3.82253859123e-24
0.00402563556162
0.000380844393121
2.11104545937e-07
5.67767854624e-08
0.00031566941173
0.0
2.38929997598e-06
1.20097318835e-05
0.000320889992366
0.00435194417517
0.000101363135364
8.7081728958e-13
0.00410596659134
4.49826750434e-09
0.000110617772285
6.877614699e-08
2.99155679173e-21
0.00435194417517
5.45798448299e-09
1.73543631037e-06
0.000320889992366
1.83598238299e-18
0.0
0.00142446194298
3.25362049664e-09
6.78434392023e-11
0.00055931933957
0.00260750753649
2.65933220867e-12
2.7181774046e-05
8.69374903255e-05
2.02261230244e-08
8.33396740887e-17
2.39748138089e-09
1.12475120252e-06
1.11198020974e-06
9.66519049807e-27
3.46493588031e-09
0.000109872519171
1.5546958389e-24
6.24252490673e-06
3.11511226042e-19
0.000110617772285
8.69374903255e-05
3.78450123457e-31
0.00142446194298
5.34281921631e-17
9.05499404457e-08
2.13608191846e-17
0.000101363135364
1.30302388084e-12
7.47292729573e-09
7.93849523947e-18
0.00160905624444
0.0
2.34274691351e-09
5.27535597034e-18
0.00435194417517
2.39130814416e-06
0.0
0.000850857850507
1.74340748619e-05
1.23343868172e-07
1.16404878228e-16
0.00402563556162
0.0
7.14287254112e-05
0.00423252334906
3.10096421263e-05
3.5100066469e-06
3.957283588e-07
2.19343138539e-19
1.13928153414e-05
3.0462596724e-07
0.00142446194298
1.91234498427e-07
0.000945621476157
5.66824509936e-26
0.00260750753649
0.0
0.00435194417517
1.24326786208e-05
2.17577674839e-11
8.6259581652e-14
7.12373201989e-11
1.08887579639e-06
0.00142446194298
2.17418603493e-05
1.75154430704e-06
9.09584504155e-06
6.37316290187e-06
1.1982406633e-05
0.00160905624444
9.93656888651e-07
1.44124945746e-05
9.39635448525e-08
1.89976818055e-06
3.07382954939e-05
6.94620933865e-22
0.00260750753649
6.61930601186e-05
1.03968493337e-06
6.75138941664e-06
0.0
0.0
2.81606852289e-15
8.97877232133e-07
4.25296729227e-05
1.28286338669e-09
1.29273338065e-18
1.10594204522e-10
1.30819649351e-06
3.78341495609e-05
5.43971265007e-07
5.53651280081e-06
2.65649677201e-08
2.88013556056e-06
2.08661742846e-08
0.000272824957676
7.21725916489e-12
9.99113397904e-09
6.16278978892e-19
0.0
6.99594688134e-19
8.73035206707e-11
5.79974497057e-06
3.89354055966e-06
5.05008262457e-12
4.51888334093e-07
7.26719255732e-16
0.000101363135364
8.6199955162e-10
0.000163248426679
1.20097318835e-05
9.95628075517e-08
7.03594638462e-09
3.07074887484e-08
6.11643198539e-08
6.2064638725e-08
2.74555988936e-21
6.44563148551e-05
0.00260750753649
1.57202776316e-07
0.0
1.07734885515e-07
6.23786192626e-06
6.81772517537e-08
5.90350415303e-05
5.71398446267e-11
2.49575695331e-09
7.77585794578e-15
0.000320889992366
0.00410596659134
5.56980211011e-09
3.28811080409e-06
0.000336049825409
1.49306505605e-10
1.71015711729e-16
0.0
2.74368051075e-07
6.08123446652e-08
9.6204641053e-07
1.69417763767e-20
3.6463771868e-16
9.767317467e-06
7.13537347887e-09
1.31799149791e-05
7.32836696912e-16
1.72745959843e-06
3.60684050083e-06
0.000850857850507
1.55895280146e-08
1.5857566213e-15
6.23786192626e-06
1.93512571972e-13
1.35971461202e-20
0.000945621476157
1.33306197266e-05
5.31379533257e-14
9.767317467e-06
0.000113151743034
1.09654353777e-05
0.00410596659134
1.59473563044e-09
2.74729495243e-15
0.00410596659134
1.12492516163e-08
0.00260750753649
2.02358309303e-09
0.00435194417517
0.0
2.03034562303e-07
4.25296729227e-05
0.00410596659134
2.88695608604e-21
0.00423252334906
0.0
0.000945621476157
1.04920497612e-06
1.07970297182e-19
0.000320889992366
1.67901966223e-08
1.65438416481e-06
0.00160905624444
1.23188959145e-11
7.24466498428e-07
7.42518523163e-05
9.85705253504e-24
0.00142446194298
0.00435194417517
6.44563148551e-05
1.20738873453e-10
1.32523787919e-06
5.02682168895e-18
3.49822449315e-05
0.000890585658687
0.000136849378537
0.000420200238999
2.35530170731e-11
7.37337951505e-09
1.25350383926e-06
7.61214166288e-12
0.000449954824282
0.000143982088919
7.28097436086e-07
6.91669389681e-05
2.79666051222e-07
0.00055931933957
1.13955260037e-09
1.00377190442e-11
2.65936316692e-06
2.96478490132e-21
1.44904646876e-08
0.000326421613345
4.22347254746e-11
3.49002124124e-17
4.19419763785e-21
1.12784668965e-15
5.96305125077e-13
1.33306197266e-05
1.67910544032e-13
3.49822449315e-05
1.03968493337e-06
0.000336049825409
0.00055931933957
0.000133180062276
0.0
0.000221153975666
2.62660654388e-07
6.96858859074e-06
1.35378575464e-20
4.38999319832e-11
0.000670728382292
4.4680186977e-13
0.000945621476157
1.29171336355e-09
3.50737827772e-15
1.46004030948e-10
0.00201225334369
0.0
0.00435194417517
3.54446977272e-12
6.18180185859e-19
1.41147578039e-17
0.00435194417517
1.17242998046e-08
0.0
8.5160637102e-07
8.52492914321e-13
1.15171640499e-05
0.00423252334906
3.46765923542e-11
1.29172638883e-12
8.39526445366e-07
2.0264971509e-08
1.10431779859e-12
2.67338050758e-06
0.000320889992366
5.16416015378e-09
0.000138838253312
3.46509917754e-15
1.09672854972e-27
1.35999263864e-05
0.000136849378537
0.000320889992366
2.61677043328e-09
4.53714438618e-06
6.3942228946e-05
6.20340898826e-16
2.28902739547e-05
2.46975478347e-12
0.00142446194298
1.85051932611e-33
0.00055931933957
1.83899628665e-11
2.90104564935e-08
0.000850857850507
2.3234483331e-10
7.00558083494e-06
1.32886777116e-06
7.30303142506e-06
9.99022522121e-08
6.01214979866e-13
4.17457348479e-35
0.00410596659134
2.63327830368e-21
0.000179896363825
6.0549134003e-21
6.62341015689e-10
3.07382954939e-05
1.24621854223e-08
7.97333485953e-13
1.45904586893e-08
0.000113151743034
4.26902421768e-07
4.70804910409e-18
0.00055931933957
1.30323019789e-05
5.79974497057e-06
4.5313632768e-06
0.000890585658687
0.00435194417517
0.00435194417517
3.24492818924e-05
3.88352964376e-10
2.32546151201e-10
0.0
0.00142446194298
9.47080190107e-08
5.61185707146e-07
7.24466498428e-07
3.98247632108e-07
0.00435194417517
4.38392727259e-05
0.00402563556162
7.05786409188e-06
2.09355769969e-05
1.63506614414e-08
2.92583105819e-19
3.63007005257e-07
1.69974521629e-10
0.0
2.39130814416e-06
8.2849016967e-11
1.03210675702e-10
5.49914279763e-24
1.58574544387e-08
0.000945621476157
1.01736634518e-14
0.00423252334906
2.54042658141e-08
0.0
7.24466498428e-07
2.65591727209e-10
2.75999359626e-10
0.00410596659134
7.18012968527e-07
0.0
8.31419009144e-06
1.11897648782e-10
1.65552948697e-05
8.36006189072e-07
1.7046669004e-11
7.14850853613e-16
0.00410596659134
0.000140132454093
0.000314922972005
0.00260750753649
0.00435194417517
1.03766545284e-10
4.02451956396e-10
2.26631550544e-29
0.0
2.36459718612e-13
0.000785585711092
1.32523787919e-06
4.19630855146e-07
1.85952526472e-09
2.41789565771e-07
7.13500796738e-14
0.0
9.30152230495e-12
2.37767741431e-16
2.78457395862e-07
0.000945621476157
0.0
0.0
1.25350383926e-06
2.46293298479e-11
0.0
1.56882546202e-06
0.00160905624444
0.00410596659134
0.00260750753649
4.38392727259e-05
6.68459226778e-10
0.000254276197431
1.22620746302e-06
3.13028846401e-11
0.00142446194298
1.22146397384e-21
4.32979321592e-06
2.73417741283e-11
0.000143982088919
2.35000244629e-06
1.21816782103e-11
1.4300339933e-09
7.46090078951e-07
0.000159166569407
9.69576791716e-09
5.57524493886e-07
6.5271872784e-13
4.26503342168e-17
3.40953878721e-07
1.02836466296e-14
1.58206450262e-16
3.03428021127e-07
1.53394357018e-11
3.23033716642e-11
0.0
1.81584626303e-10
1.79631608363e-07
1.09620205946e-12
6.34430824068e-31
6.00972774526e-14
0.00260750753649
2.51351660058e-10
1.19413421963e-10
0.00410596659134
2.00291890248e-05
5.88261756504e-18
1.01865149226e-08
7.10468522408e-12
9.32692540987e-23
6.27021677862e-30
0.000140132454093
3.02586399434e-11
1.28854298008e-14
0.000380844393121
7.87738749629e-15
0.0
2.18266107068e-07
1.94381258675e-08
0.000103063424648
7.54367612152e-17
1.86120651729e-11
9.41427627326e-05
3.90228974368e-08
6.47013216851e-27
0.000109872519171
3.11020664498e-19
6.81477035574e-20
1.41881898091e-25
0.0
1.47648149376e-17
0.00260750753649
1.96920204284e-06
4.16589368168e-06
2.66230906483e-08
0.00142446194298
0.0
3.1712020303e-11
8.46782298654e-06
1.47860594851e-06
0.00423252334906
0.00264973999297
1.30664741161e-09
0.0
4.46225931197e-08
3.65591854073e-16
8.44088721052e-19