500
0.000181305382929
0.0469187817259
0.000110691007161
1.65315096671e-06
0.0469187817259
0.0469187817259
0.0
7.54158090578e-08
4.43538698363e-05
3.87499703576e-08
0.0844680820727
0.00142776894391
2.83713435366e-05
0.000338793836547
0.000292974038304
0.0170296026525
3.18051892533e-05
0.0469187817259
5.96878686139e-05
0.00100759515658
0.000240355518879
0.000681328850332
0.0844680820727
0.0844680820727
8.5711736578e-06
0.000440797219724
8.4753251144e-07
0.0844680820727
0.0170296026525
0.0844680820727
9.97315627462e-05
0.0170296026525
0.00274525648427
4.46240027588e-09
1.02779616804e-07
4.94801993934e-08
0.0469187817259
0.0844680820727
6.95407624352e-06
0.0844680820727
6.08758724639e-05
0.0844680820727
0.0469187817259
8.80571026202e-05
0.000836820408703
0.0170296026525
3.97442394256e-05
0.0130364768881
0.000444004585325
0.0114925339718
0.0469187817259
0.0844680820727
0.00126433058617
8.38033831455e-12
0.0844680820727
0.0469187817259
0.0844680820727
5.80250795147e-05
0.0170296026525
0.00228806794869
0.000213407452705
0.00146787522289
0.0
4.52395410074e-06
0.0170296026525
0.0170296026525
0.0038410606537
0.00314565412329
4.68845105679e-06
0.000469208637505
0.000183400505839
0.00142776894391
3.41341359326e-05
0.0844680820727
5.25692268287e-14
4.05728851951e-05
0.0469187817259
3.89714883475e-07
2.57005036606e-09
0.0469187817259
7.50063811925e-07
0.00136612466057
0.000668253170336
7.00026456582e-07
0.0469187817259
9.72298861205e-08
5.00979181474e-05
2.82500801108e-06
0.0844680820727
0.00025402108488
6.26819343458e-05
2.8531891023e-11
0.0844680820727
0.000426453299755
0.0469187817259
0.0844680820727
0.00155774620148
0.00408534156527
0.000489947984421
0.0170296026525
1.81254848074e-06
5.20764139973e-06
0.0844680820727
3.34180609282e-06
1.76411101144e-10
7.60322747324e-08
0.0844680820727
1.62938611625e-12
6.08758724639e-05
0.000122592219293
0.00012036226013
0.0844680820727
8.55257824738e-10
0.0844680820727
0.00077546372563
0.001103567995
0.0130364768881
4.23596538159e-09
5.9301129597e-06
1.93647094907e-06
0.0114925339718
0.0010484992613
0.0469187817259
0.000118579298746
0.0170296026525
1.92267485066e-05
0.0844680820727
0.0469187817259
1.65154233651e-05
0.0469187817259
0.00990626309497
3.35727822685e-12
0.00274525648427
0.000615814474587
3.48641402137e-05
0.0469187817259
0.000163895648508
0.0844680820727
0.00126433058617
0.000373919466644
4.30549570616e-05
7.78158628939e-14
0.0844680820727
8.77383433226e-12
0.0
0.0844680820727
0.000172492022832
0.0037487394216
0.0469187817259
6.10034936035e-05
2.01270270495e-05
9.7656840598e-07
2.30799756971e-12
0.000847716932202
0.000104904973161
0.0844680820727
0.0170296026525
0.0844680820727
2.9660829011e-12
0.000751992131123
3.47024126536e-05
4.36653997528e-08
0.0844680820727
9.90063471468e-14
0.0844680820727
0.0170296026525
0.0
0.000264857174463
0.000275262653007
0.00408534156527
0.0170296026525
0.0170296026525
7.9297851008e-06
1.68674171815e-06
3.67539861373e-09
0.0170296026525
0.000265926884791
0.000163895648508
0.0844680820727
0.0469187817259
0.0844680820727
1.10753049425e-11
0.0844680820727
1.44887252107e-05
0.00077546372563
0.000338793836547
3.33463367828e-05
0.00274525648427
2.87695945536e-09
0.0844680820727
0.0072020839846
3.99741104943e-07
0.0114925339718
0.0170296026525
0.0844680820727
4.23596538159e-09
0.000259415826025
1.63132851285e-07
6.96817386323e-11
0.000440797219724
0.0844680820727
0.0844680820727
1.50019989616e-05
0.00142776894391
6.34448379003e-12
6.89175425617e-05
7.86282167773e-14
0.001103567995
4.29323351103e-05
0.0844680820727
0.0844680820727
5.4211686351e-08
0.0844680820727
8.64816544806e-09
0.00314565412329
0.0170296026525
0.0130364768881
0.0844680820727
0.00136612466057
2.44748973296e-06
5.11315472483e-05
0.000265926884791
0.0170296026525
0.0469187817259
0.000174314914854
0.00136612466057
0.0170296026525
0.0469187817259
0.000534500489118
9.42899418543e-09
5.49599491847e-08
0.0844680820727
0.0844680820727
0.0469187817259
0.00488456775248
9.07996186551e-07
7.14556687859e-06
0.0
5.87971602291e-05
0.000183106843255
0.0469187817259
0.0469187817259
0.0844680820727
0.000674282559431
0.0844680820727
0.00016945536624
0.0170296026525
0.000504454569532
0.0844680820727
4.81475785947e-07
0.000534500489118
0.0844680820727
4.70269337533e-09
0.0469187817259
0.000108292074444
5.6286850318e-05
3.60535071367e-08
0.000533188268365
0.00408534156527
0.0844680820727
0.0844680820727
0.0844680820727
0.00314565412329
9.89292894919e-10
0.000530478597529
0.000119433295619
0.0
0.0469187817259
0.0170296026525
6.75688381977e-12
9.62851368383e-06
5.30779790178e-22
0.0114925339718
0.0130364768881
9.06562006496e-05
0.00100759515658
0.0469187817259
0.0844680820727
1.95377702088e-17
0.0844680820727
0.0170296026525
5.99671877415e-07
0.0844680820727
0.000504454569532
0.000291524680816
0.000141494426783
0.00100759515658
0.0844680820727
2.83713435366e-05
0.000534500489118
0.0
3.31726438646e-06
4.13337249009e-06
2.55169322002e-11
0.0844680820727
0.0844680820727
9.77952026061e-05
0.0844680820727
0.0844680820727
5.96878686139e-05
0.0844680820727
0.000534500489118
0.00326535459081
9.77952026061e-05
0.0469187817259
0.00165023341417
1.2515106796e-15
0.0844680820727
3.52623820079e-08
0.0114925339718
0.0844680820727
0.0844680820727
0.0469187817259
0.00126433058617
0.0038410606537
1.51728775037e-05
0.00142776894391
9.03404262701e-08
0.000674282559431
3.80084283798e-06
0.000793213551007
0.0844680820727
0.0469187817259
1.99124502605e-05
0.0
0.00314565412329
0.0844680820727
5.58583235808e-09
0.0021734561999
0.0844680820727
0.0469187817259
0.0469187817259
4.62017617581e-05
4.22528275808e-15
0.0844680820727
0.00141175292069
0.00488456775248
1.94067274024e-09
1.21802574125e-05
0.0170296026525
0.0
0.0844680820727
0.000265926884791
0.0844680820727
0.00488456775248
0.0130364768881
0.000292974038304
0.000254493015457
6.96288830102e-07
0.0
1.99882526459e-08
0.0469187817259
0.0469187817259
0.0844680820727
0.0844680820727
0.001845750297
0.0844680820727
0.000292974038304
0.000162145584717
0.0170296026525
1.3043691029e-07
0.0469187817259
1.80191602677e-05
0.00408534156527
0.000836820408703
0.0844680820727
0.00127638752333
2.50957794821e-08
0.000172492022832
1.61837436413e-05
0.00025402108488
0.0469187817259
2.77286277112e-07
0.0
0.0
0.0844680820727
5.98710074891e-07
0.0170296026525
1.4725855929e-10
0.000495555233951
9.5824337799e-05
4.19473473644e-10
5.12124212837e-07
3.7714094827e-08
6.38570300331e-09
0.0469187817259
0.0844680820727
1.97853104455e-07
6.08758724639e-05
2.93504011813e-05
0.0844680820727
0.0844680820727
9.10573631182e-08
0.0037487394216
4.07217185256e-07
0.0038410606537
7.1633123049e-05
0.0
0.0844680820727
0.0170296026525
1.96449004477e-12
2.06579013364e-09
0.0844680820727
0.000264857174463
8.18963318902e-05
0.00126433058617
0.00209189150495
0.0844680820727
1.11814551081e-07
0.000534500489118
0.00077546372563
0.0469187817259
0.0469187817259
1.56372446837e-05
0.0469187817259
7.34480088656e-06
0.0844680820727
0.0130364768881
0.000399307722725
0.0114925339718
0.00155774620148
7.71651548273e-07
2.37768342758e-07
3.14095882633e-08
0.00181421477937
0.00136612466057
5.18466411995e-10
1.44887252107e-05
0.0844680820727
4.8177993924e-07
0.000373919466644
1.11623729564e-07
0.000481768357828
0.0469187817259
0.00136612466057
0.0469187817259
4.66749536698e-05
0.00100759515658
0.0114925339718
2.67354453805e-06
0.0130364768881
0.00314565412329
8.6650916485e-05
5.86106606825e-06
0.0844680820727
3.67839810313e-13
2.11514546442e-08
0.0844680820727
0.000124008869317
0.0
0.0844680820727
0.00488456775248
0.0844680820727
0.00488456775248
3.22512423555e-05
0.0037487394216
0.00100759515658
0.000836820408703
0.0844680820727
0.0037487394216
0.000850261834037
0.00120112465136
3.59134102801e-05
1.64963388078e-05
0.0170296026525
5.41073221239e-08
0.00077546372563
0.0844680820727
1.5693597806e-05
2.28945758697e-10
0.0469187817259
6.17312596247e-07
0.0844680820727
0.000444004585325
0.00142776894391
0.0844680820727
1.5980591733e-09
0.00136612466057
0.0469187817259
1.79750030603e-06
0.0469187817259
0.001845750297
0.0102602048676
5.43493917767e-09
0.000847716932202
2.15871401389e-07
1.20294622561e-05
0.0469187817259
8.7310443186e-08
3.98106172598e-07
0.0844680820727
0.0010484992613
0.0844680820727
0.000504454569532
0.0844680820727
0.000163895648508
0.0469187817259
0.00165023341417
0.000130670432571
0.0844680820727