500
0.0
0.0
0.000813778538924
0.0
0.0
0.0
0.0
0.0
0.0
0.0
0.0
0.00485102360673
2.22895036738e-07
0.0
6.56713543148e-06
0.0
0.00132168013059
0.0
0.000223587697471
0.0
0.0
0.00085350517953
0.0
0.0
0.000241627109494
0.0325892903235
0.0
0.0
0.0
0.0
0.0189240277778
0.0
0.00369845897543
0.0
0.0
3.29362483876e-05
8.70028176223e-06
0.010017316229
0.0
4.44729144618e-06
0.0
0.0
1.93895010041e-05
0.0
0.0
0.0
0.0
2.20816552301e-08
0.000264370006132
0.000182195103483
0.000516312609985
0.000157147236355
8.67177928796e-05
0.0
0.0
0.0
0.0
5.21915679064e-06
5.27025685268e-05
0.0
0.0
0.00261501233251
3.74572958815e-09
0.0
0.0
0.0
0.0
0.0
0.0
2.68877517299e-05
0.0
0.0
1.72786826106e-05
0.000482737757026
0.0
6.32379954931e-12
0.0
0.000326684056729
0.0
0.0
0.0325892903235
0.000574234576055
0.0
0.0
0.0
0.0
0.0
6.05532157401e-05
3.25910122062e-05
0.0189240277778
0.0
0.0
5.94723971463e-05
0.0
0.0
0.0189240277778
4.86138474262e-05
0.0
0.0
0.0
0.0
4.35765966041e-07
0.0
0.0
3.84346350348e-05
0.0325892903235
0.0
0.0
0.0
0.0
0.0
0.010017316229
0.0
0.000882064782699
0.0
4.14989509186e-06
0.0
0.000824575751742
0.0
0.0
0.0
0.0
0.0
0.0
0.0
0.0
0.0
0.0
0.0
0.0
0.0
0.0
0.0
0.0
0.0
0.0
0.0189240277778
2.66369168443e-06
0.0
0.0
0.0
0.0
0.010017316229
0.0
0.0
0.000331148464873
9.05054054094e-05
0.0
0.0
0.0
0.0
0.000109744641498
0.0
0.0189240277778
0.0
0.0
0.0
0.0
0.0
0.0
0.0189240277778
0.0
0.0
0.0
0.0
0.0325892903235
0.0
0.0
0.0
0.0325892903235
0.00190132915963
0.0325892903235
0.0
0.0
0.000124859007485
0.0
0.0
0.00523152723082
0.0
0.0
1.96540649405e-07
0.0
0.0
0.000876309261092
1.93981617791e-05
0.0
0.0
0.0325892903235
0.0
4.23500656901e-07
9.78706669986e-06
4.66033479036e-05
0.00523152723082
8.1848647985e-07
0.0
0.0189240277778
0.0
0.0
0.0
0.00072218544139
0.0
0.0
0.0
1.63583502915e-12
0.0
0.0
1.37340749047e-05
0.000890521380982
0.0
0.0
0.0
0.0
0.0
4.06041945768e-06
0.0
0.0189240277778
0.0
0.0
0.0
0.0
0.000319510322388
0.0
0.000417905881022
0.0
0.0
0.000516312609985
0.0
0.0
0.00526395203928
0.0
0.0325892903235
0.0
0.00327368563759
0.0
1.38677822296e-05
0.0
0.0
0.0
2.17332594023e-05
0.0189240277778
0.0
0.0
0.0
0.0
0.0
0.00176353703585
0.0
6.63434796018e-10
0.0
0.0
2.78746597754e-07
9.67592102843e-09
0.0
7.53046590056e-05
0.00720577066154
0.00526395203928
0.0
0.0
0.00485102360673
0.0
0.0
0.0
0.0
0.00072218544139
0.0
0.00132168013059
1.12112618438e-07
0.0
0.0
0.0
0.0
1.42233320065e-09
0.00107001226576
0.0
3.47163480546e-05
0.0
8.11891416562e-06
0.0
2.70096040176e-05
0.0
0.0
0.0
0.0
0.0
0.0
0.0
0.00720577066154
0.0
0.0
0.0
0.0
0.0
0.0
5.32834621984e-05
0.0
0.0
0.000117199297662
0.0
0.0189240277778
0.0
0.0
0.0
0.0325892903235
0.00232150425277
0.0
0.0
0.0
0.0
0.0
0.0
0.0
0.0
0.0
0.0
0.0189240277778
0.00369845897543
0.0
0.00327368563759
0.0
0.0
0.0
0.0
0.0
0.0
0.000528634841054
0.0
0.0
1.45508184973e-07
0.0
0.0
0.00015550786935
0.0
0.0
0.0
3.5126582046e-06
0.0
0.0
0.0
0.0
0.0
4.56199102644e-06
0.00327368563759
0.0
0.0
0.00232319619683
0.0
0.000131166562871
0.0
0.0
0.0
0.0
0.0
0.0
0.0
0.0
0.0
2.4936336369e-05
0.0
0.0
0.0
0.0
0.0
0.0
0.000131729851735
0.0
0.0
0.0
0.0
0.0
0.0
0.0
0.0
0.0
0.0325892903235
0.00369845897543
0.0
9.54122179625e-06
0.0
0.0
0.0
0.0
0.0
0.0
0.00523152723082
0.00327368563759
0.0
0.000170130435099
0.0
0.0
0.0
0.0
0.0
0.00526395203928
0.0
0.0
0.0
0.0
0.0
0.000102581748756
0.0189240277778
0.0
0.0
0.0
0.0
0.0
0.0
0.0
0.0
0.0
8.1075022541e-05
2.08775669064e-06
0.0
0.0
0.000165868632504
0.0
0.0
0.0
0.0
0.0
5.51043570264e-05
0.0189240277778
0.00102167524766
0.0
0.0
0.0
0.00261501233251
2.06075270003e-08
0.0
1.03792465683e-07
3.19024261218e-05
9.75102168926e-07
2.79979086222e-05
0.0
0.0
0.000824575751742
0.0325892903235
0.0
0.0
0.0
0.0
0.0
0.0
0.0
0.0
0.000148553785512
0.0
0.0
0.0
0.0
0.0
0.000253336465703
0.0
0.0
5.67800084231e-05
0.0
0.0
0.0
0.000487446774193
0.00164669310379
0.0
0.0
0.0
0.0
0.0
0.000882064782699
0.0
0.0
0.0
0.0
0.0
0.0
0.0
0.000683708630977
0.0
0.0
0.0
0.000671156700753
2.01136333427e-06
7.88672314802e-05
4.42784345922e-06
0.000117199297662
0.0
0.00327368563759
8.6666525971e-05
0.000239957190907
0.0
0.0
0.0
1.41428980956e-07
0.000528634841054
0.0
2.89251968992e-05
0.0
0.0189240277778
0.0
0.0
0.0
0.00523152723082
0.0
0.0