500
1.08769815816e-05
1.0514868408e-18
3.02969767456e-11
1.58645776198e-05
0.00704390314124
4.84514655882e-14
6.3954842228e-18
0.00582595407618
1.15207656077e-09
6.63785581445e-09
0.00704390314124
2.49757461806e-14
6.20758550079e-18
6.05784082136e-09
2.63301978796e-06
5.92057714193e-24
4.95662809719e-15
5.91724719332e-09
0.000136018712305
0.000933376169989
4.73679426496e-18
0.000235073002771
1.14896055747e-22
0.0
1.17497150311e-35
2.60943705131e-15
6.59125633898e-24
3.97102793222e-07
1.60506127594e-10
0.00704390314124
1.16371020148e-11
1.03892314992e-17
2.27437217812e-20
1.11022522725e-08
4.08209161746e-12
0.00704390314124
2.37639491324e-12
4.36111581576e-54
0.00704390314124
8.88862218259e-10
5.06137498856e-27
3.23616442965e-07
3.45713648852e-05
0.0
1.81917068446e-07
4.45827514276e-15
1.33199473684e-16
0.000844363874639
1.74274390823e-35
1.33912657425e-17
1.22893597338e-10
1.62420975269e-19
3.41534209475e-08
1.07623027552e-09
4.34942073907e-14
1.47838454465e-07
1.91591112356e-09
3.4172751499e-12
3.00569255053e-23
2.62931816358e-24
3.03826324696e-15
3.71497507888e-06
0.000106716326149
0.0
1.06689426042e-50
3.57012417534e-07
2.16304823523e-10
1.43283414861e-37
0.0
1.64126555591e-07
0.00704390314124
0.0
4.97908005561e-17
3.21705287886e-06
0.000181463161484
0.000403025241472
2.04656808927e-21
2.37940985536e-19
2.92627133171e-64
5.17317878375e-08
9.72156777113e-30
4.81392718536e-12
2.77285477326e-44
3.8729664549e-09
6.56765654592e-36
1.9046784109e-14
1.49842123969e-05
3.38664893923e-13
2.92903509996e-15
2.89507920338e-12
0.0
1.09733008902e-24
3.09807303025e-06
0.0
0.00147019812286
1.79153573876e-08
6.51152021695e-08
1.28097156536e-29
9.68702766227e-35
2.47528524747e-06
4.80311737074e-39
1.02730500012e-20
1.29676209147e-13
0.00704390314124
0.0
0.00025678807593
1.75112141252e-08
2.8232371862e-35
0.000869878631843
4.57276987073e-22
0.000106716326149
3.8144484161e-07
0.000227450532558
1.46075490156e-23
1.49733214808e-06
8.8289526829e-05
3.48430022659e-07
0.00079696845696
7.32357865368e-23
1.63588272506e-15
1.52270613808e-08
3.81140055885e-06
2.01112208876e-08
2.49427525652e-14
0.000182897509295
2.40405480432e-09
2.8172901591e-08
3.05939464786e-14
6.18006165851e-30
5.98655909607e-07
1.24060762973e-07
5.52127807711e-06
9.96426250411e-10
1.5850819977e-08
0.0
2.22201363625e-15
8.26859883093e-14
5.67010925441e-24
0.00597189817992
0.016228558699
0.0
0.000765387528192
1.1255455008e-07
0.00704390314124
1.01378472349e-05
0.0
4.10861377046e-12
1.18393894008e-09
3.81565926805e-09
7.02675040217e-34
4.99411901661e-09
1.50361204853e-21
1.90254613002e-11
0.00147019812286
0.00704390314124
1.53338227831e-09
7.20608296278e-14
1.17652466754e-16
1.676461476e-13
2.11608249813e-15
0.000254867304457
2.3211389061e-11
7.66346763832e-13
6.31008068188e-17
1.57037190903e-17
1.52703384357e-31
1.58240109534e-39
1.58419608153e-08
0.00582595407618
6.62305806928e-09
0.00597189817992
1.31460969369e-24
0.00704390314124
6.16038949596e-28
8.44107903643e-28
2.10653268292e-18
4.79392407893e-06
0.0
1.6521793447e-12
0.000765387528192
2.59128606291e-19
2.95866439869e-08
5.49567720033e-16
0.000115063147816
0.0
2.64675535652e-09
0.00147019812286
3.92082852131e-07
1.10651650493e-09
3.23536364737e-12
1.14418712364e-15
3.67924709835e-09
1.48682598373e-15
6.02528598137e-14
4.47798184256e-20
0.0
3.93371678097e-13
5.66288084602e-05
2.49813209165e-07
1.25890012711e-10
0.00704390314124
0.0
3.9866321014e-06
3.83779078694e-41
3.29111112132e-26
9.10208156776e-05
0.0
5.43112072445e-53
7.14350038721e-08
2.85232804347e-13
1.87713508471e-38
1.66558020111e-12
6.45750725264e-25
0.0
2.855853665e-07
1.28236101782e-36
0.000307526120451
3.76279919238e-10
2.10112813444e-07
0.000307526120451
2.34860311865e-05
2.35366089037e-24
8.83934256206e-31
0.0
5.81140134778e-27
8.07270459438e-56
2.02291211841e-43
1.5646315823e-25
0.00173550854228
3.68116806343e-11
4.87637356163e-12
4.60750426514e-22
0.00704390314124
1.01057473398e-08
1.98120816009e-28
5.98193338084e-17
0.00704390314124
0.0
1.43777677163e-10
3.3780263456e-06
4.53842492519e-11
5.10323489646e-13
1.60774450193e-09
3.53691044649e-68
6.85041648243e-08
0.000307526120451
8.62561013648e-21
5.4876927661e-10
0.000980472965972
1.21896981726e-05
1.5652106731e-14
0.0
1.40369294532e-06
0.000403025241472
0.0
1.87249955283e-42
1.02539287157e-11
2.54575022808e-14
1.17019622291e-07
3.12013767527e-13
1.71495660375e-22
2.49828240142e-09
8.13206803315e-08
9.01057557641e-05
4.60902101165e-10
3.86825142757e-20
3.35700595461e-05
2.62958500385e-22
2.85941741674e-11
0.000663620865393
1.18613841986e-17
0.00704390314124
3.24087871803e-09
0.000216421738369
2.13908420268e-47
5.10851838558e-19
0.00025678807593
1.52350078541e-15
3.94255060444e-11
5.52750124335e-12
3.85365571777e-11
0.000765387528192
0.000157930179862
2.89872329743e-07
0.016228558699
0.00081041643502
1.19366996679e-07
4.04645293526e-14
2.25242241873e-09
5.37949029695e-26
7.57259478707e-17
6.73260694217e-20
0.00704390314124
8.67211841066e-15
0.0
1.50392096364e-21
8.20933842098e-13
5.15186980231e-09
1.0841129718e-24
0.000265071792457
1.49591539427e-11
2.86925496828e-09
2.83365609996e-52
1.22295163199e-15
3.96209987714e-26
3.52461229733e-08
2.39611446883e-11
2.99685242359e-12
0.0
1.10459548186e-17
0.0
1.63755240464e-28
0.000980472965972
0.00079696845696
1.05703243843e-17
3.98833540749e-11
0.00704390314124
3.2951394334e-33
0.0
8.84525414111e-07
1.35814823936e-12
4.45901537443e-15
9.04753057589e-18
7.75937089501e-12
3.01655414543e-18
1.64871452559e-12
4.80683360998e-36
0.0
6.65532245205e-37
0.000265071792457
3.43713492958e-17
3.28847323931e-15
0.000691978600355
8.57377398632e-24
0.0
2.60587250464e-09
1.08895570178e-09
1.04050809054e-07
0.00079696845696
0.000844363874639
1.65789901588e-18
1.86060170228e-11
2.75464061245e-14
1.15584894067e-08
1.30446876244e-14
9.4888540414e-05
0.00597189817992
2.55351962278e-19
4.8866664662e-09
3.80285882038e-08
5.95568284773e-32
4.25748759408e-14
2.79118110352e-08
3.00384253344e-13
1.43000526458e-06
1.51635624668e-30
5.19308001258e-08
4.24421301671e-06
1.72790358081e-06
3.11221515601e-06
2.02113984942e-17
0.00147019812286
8.26827020361e-24
0.000403025241472
2.32204314206e-46
1.90276718772e-05
6.23141589705e-26
0.0
2.61264589028e-21
0.000691978600355
1.24963041136e-45
1.81494071442e-07
0.000254867304457
0.000389931974074
2.63655789934e-06
1.49302700388e-08
5.00520920049e-44
2.94259317468e-45
4.97349683583e-14
1.43952382972e-27
1.51421956882e-20
0.0
0.00147019812286
9.23927885691e-64
3.47475460109e-08
1.84647771727e-08
0.00173550854228
2.66117317685e-09
3.7271100939e-07
1.28065212661e-34
0.000403025241472
2.59455543104e-09
0.0
2.31686176529e-16
5.80773602172e-11
6.11183873787e-33
1.46526000665e-08
1.26869575324e-22
1.91580314813e-17
0.0
1.70236196377e-30
1.49056063634e-07
3.78825513235e-10
0.016228558699
3.85702802576e-20
2.16505199011e-17
2.35301399581e-07
2.72439893276e-10
3.75124748411e-15
8.30379504649e-07
5.23830208795e-29
9.5520462529e-08
3.43721273779e-08
1.31428900048e-25
0.0
6.35567162437e-24
0.0
0.016228558699
3.85061455288e-13
2.25387933935e-22
0.0
7.12399743547e-15
0.0
2.1801552235e-13
2.54726212924e-06
5.40122590633e-14
1.24040249751e-09
7.8998687884e-14
0.0
7.24665700364e-13
6.07739459255e-20
2.30060526785e-08
0.0
9.77490693043e-06
0.00066455803346
0.00147019812286
0.0
0.00704390314124
0.000419656477891
3.24739133625e-10
8.26428071787e-31
0.00081041643502
4.64389932309e-09
0.0
9.94545770995e-09
1.30190006958e-06
3.34020298435e-07
0.000389931974074
5.74502047671e-08
1.37501424496e-10
3.1783504986e-05
2.66361002342e-49
0.000115063147816
2.01953123045e-34
4.2646695549e-14
4.23985834192e-26
0.000498273379695
1.07549052331e-07
3.42164501474e-29
3.42550226679e-08
6.9141485765e-08
0.000115063147816
1.15379182381e-09
3.15071909972e-20
0.016228558699
2.16607927132e-16
6.5856243605e-09
3.01578010976e-05
3.75274149075e-08
1.48822076171e-19
6.828452516e-18
2.63312816643e-35
0.000124710574731
5.73351474911e-15
0.0
0.0
4.89411107091e-43
2.05970192683e-09
1.65981082959e-12
1.32616612173e-10
2.97018483812e-13
3.04708350281e-11
1.95596386619e-09
3.57512230638e-10
1.96870306335e-14
1.34172834413e-09
0.000765387528192
0.00704390314124
1.90409583445e-13
2.11173493759e-29
4.64503531175e-08
8.46431834255e-26
1.24510763273e-20
1.97672709169e-18
3.31930313656e-08
1.64148052057e-11
8.86680813128e-17
0.000106716326149
1.88340409502e-19
0.0