500
9.8513052204e-12
0.000473388771968
0.0011729778318
1.48417038359e-17
9.65864712406e-16
0.0011729778318
1.38250165777e-06
2.42841989924e-08
0.000739329997907
1.8291102807e-05
3.08454694521e-23
1.64943091348e-06
0.000856804381911
1.65125520679e-07
9.69156755625e-07
5.15474902356e-08
2.37910090466e-09
0.00142048452453
3.45034357675e-05
3.35808131285e-11
6.84608282826e-09
3.65481384535e-05
4.71162546949e-10
1.97191306532e-08
1.94577145632e-05
0.000189589202627
3.49342430119e-07
3.26749248623e-06
0.000636903122542
0.000361265624027
5.48891101909e-13
1.46441752131e-10
4.50992014765e-09
0.00142048452453
0.00121081582637
9.33425038865e-07
2.37868952276e-16
7.03117234808e-05
4.06674179782e-06
9.78073511703e-06
4.50153664615e-09
3.9509576375e-12
4.80612807553e-31
0.000136623816315
0.0011729778318
7.39849552739e-08
6.78709895697e-08
1.07734401844e-07
1.04207238291e-09
2.13698698947e-05
0.000137796552936
1.86747424181e-08
3.72223505121e-05
5.89811289354e-15
8.36542561011e-11
0.000142978373879
4.34923613467e-05
0.00137609438314
1.66201193247e-29
3.49180908745e-08
3.44019089649e-07
1.57343863617e-05
4.9375759314e-05
0.00137609438314
0.000324052513451
6.40581121612e-07
0.00170774024066
8.0797367331e-16
1.61847696515e-05
0.000856804381911
3.72223505121e-05
4.66646700546e-19
0.00121081582637
5.08751745921e-05
5.35582821064e-11
1.69761707387e-08
1.87699059247e-11
0.000473388771968
0.000856804381911
4.49560713334e-09
1.0791145943e-10
1.89263708361e-07
8.33486110255e-07
1.74160199589e-05
0.00170774024066
6.96228022231e-05
3.5368595794e-05
1.70617664334e-12
8.13955213908e-06
2.70642947176e-12
3.40007557533e-06
0.00066740077823
7.34423865121e-05
3.50082227923e-05
2.42868959012e-05
9.07660952239e-15
2.14379159328e-11
3.59512035357e-08
0.000319545896532
1.03691435236e-06
6.52239488586e-09
6.46214423987e-05
5.70031324962e-19
0.000739329997907
1.60496563542e-22
0.00142048452453
2.98317525042e-16
2.13666779116e-07
2.29197264726e-10
3.70709189062e-05
4.98521645991e-05
9.40326655652e-06
0.000179118528843
2.9360637791e-10
8.35943231611e-06
2.31074825855e-05
6.69874859558e-06
1.2618530924e-08
1.65697838368e-11
2.12263521087e-05
9.69183052306e-07
4.63926396809e-10
3.61204004788e-05
7.49534302158e-16
1.83593609291e-07
0.000121060930368
4.71037148066e-07
1.29170547965e-22
0.00121081582637
1.50293264789e-05
0.000324052513451
0.000319545896532
1.27568868928e-09
2.32252512902e-05
5.84856207325e-09
1.4843106835e-05
8.58153637025e-12
0.000319545896532
3.88938331448e-15
5.99054455752e-10
7.26835172329e-05
0.000229418240141
0.00170774024066
0.000624062238811
1.79633868405e-15
0.00137609438314
1.14709389242e-08
0.00121081582637
5.64127587423e-11
2.4409542363e-05
0.00142048452453
1.23740727006e-08
8.2972035236e-19
1.43304548843e-05
4.04682537923e-05
0.00170774024066
4.29344765177e-09
1.27271076067e-07
7.36435173685e-14
1.43666011873e-05
7.08240062607e-12
3.10830807748e-16
8.27570958385e-06
0.00142048452453
0.000324052513451
7.34423865121e-05
1.42354948002e-08
4.47079407836e-06
7.88394186094e-06
2.45907824893e-06
2.29814682707e-07
1.10598750158e-05
3.65095182389e-05
0.00022872371747
0.000187975677499
3.70543421189e-05
3.07617425047e-06
4.87158643305e-05
3.45182223522e-07
3.23867350286e-21
1.74846181541e-08
0.000607488352749
1.50135561665e-06
0.00165437335815
4.99233416215e-05
8.85792866133e-14
7.59177199436e-10
0.000661720771607
8.75892332601e-12
2.52957880351e-10
0.000305718424032
9.01426998614e-09
0.000745676178147
8.62992913672e-10
2.43794627974e-13
9.97149567974e-11
3.20001012336e-06
2.05196115678e-10
7.0589523985e-07
0.000739329997907
5.52857607003e-16
1.27052209179e-07
0.000305718424032
2.3923568439e-11
8.87228912831e-13
2.06393325659e-08
3.20641662907e-05
9.90140403821e-05
7.42155341749e-06
0.000437495248642
5.64910742182e-08
0.000525967181129
0.000616999899964
5.18656918121e-05
1.78694215614e-05
1.23082445761e-06
1.29771955381e-15
0.00012475421988
8.62805956847e-09
0.000180032536936
2.34007109972e-06
0.000334505820336
1.04775882099e-11
1.73006926721e-09
0.000335640399797
3.2603978048e-23
6.27403135519e-05
4.16535996076e-16
2.36779122512e-10
0.000372919353834
2.62239772695e-05
2.9437004617e-08
1.49293511899e-09
0.000721610469207
1.07386831244e-05
3.78322987478e-07
0.000739329997907
0.000188235483364
4.8257520504e-13
0.000255640835673
1.92194921722e-07
3.62370904667e-05
0.000604560293849
1.2226548443e-10
4.9970166882e-09
1.43666011873e-05
4.40654319073e-05
1.65197396023e-08
6.0223479877e-09
0.00021392996831
3.19920055959e-05
0.00142048452453
3.9300694854e-12
2.34684752793e-05
2.00709990946e-07
1.5261647256e-26
8.84080849925e-25
1.64464227436e-16
0.000721610469207
0.000661720771607
9.49917713926e-11
0.0002237516123
0.000739329997907
9.22125630014e-19
3.47548080451e-08
8.72589729438e-21
0.00165437335815
2.52817382897e-07
4.80831409479e-05
5.09947998397e-09
1.50181884772e-25
4.8283756258e-06
4.32996209485e-08
4.59859079788e-06
0.0011729778318
4.21616629209e-06
3.33270126211e-07
1.96519811969e-10
7.64294621438e-07
0.00023717011032
0.000423823522123
6.0288944699e-09
1.16651657382e-15
0.0011729778318
3.15991160302e-05
7.43448468644e-07
0.000170553954448
5.03520881953e-05
2.89848157778e-08
0.000744888226277
0.00142048452453
0.000158332388546
3.78126965203e-07
9.42314848898e-06
6.31895242798e-05
1.59793794711e-06
4.11689648565e-10
6.85201194626e-07
1.22893397679e-05
0.000361265624027
7.58114957543e-05
4.80150012697e-08
5.51659436182e-20
7.30612226831e-14
1.15873078721e-08
2.00085827234e-08
6.84063794144e-06
0.000739329997907
1.53568565027e-14
0.000196159891323
3.54902242456e-13
1.04822797621e-12
0.000189589202627
1.65743757712e-08
2.17485124706e-14
1.94599181954e-05
0.00016031603134
8.27840881703e-18
8.17133640342e-08
9.0808775761e-08
0.0011729778318
3.01400164288e-06
2.696521306e-07
1.12279624976e-08
2.01540147002e-05
8.00346655132e-15
3.87728654393e-05
0.00170774024066
2.05421350277e-13
0.000305718424032
0.000437495248642
5.98829902744e-05
3.55171663005e-06
9.76407389725e-05
1.26687462388e-18
0.000661720771607
0.000745676178147
0.000661720771607
1.6645575336e-09
0.000122683655128
4.3135836729e-05
5.00507385106e-13
3.68708678754e-05
4.31341780405e-10
0.000588504341726
3.87515108741e-09
0.000624062238811
2.47658667384e-23
0.000248706280998
0.000739329997907
1.95519598376e-19
4.91467279146e-11
2.02487383915e-08
3.52211621796e-10
0.00137609438314
2.44626171714e-14
0.000346542574417
0.000661720771607
2.96737651108e-10
2.07292140857e-08
1.62960265327e-12
2.589193737e-09
4.84191646035e-06
2.52625412749e-07
0.000182353124509
8.92056215145e-12
3.19320891609e-05
3.56164498245e-05
3.87469261539e-09
6.84289484045e-23
3.24635406816e-06
5.36791693832e-09
9.76407389725e-05
5.51462079331e-13
1.4843106835e-05
0.000607488352749
5.98454229764e-06
0.000117277776294
0.000624062238811
1.85016617647e-06
1.08838508437e-08
1.17754779218e-07
1.89681408227e-23
3.29218469857e-10
1.386377134e-11
2.31997217378e-18
1.22893397679e-05
6.97471069861e-06
4.28636157201e-15
9.79410529637e-09
6.6380869155e-06
2.23492698567e-07
4.35441474286e-07
2.23682623642e-08
4.58007953588e-10
1.94646817017e-05
4.81247365517e-05
2.28630675367e-06
5.66017526735e-09
2.27409724688e-11
0.00142048452453
5.42468250003e-20
1.20959744356e-08
9.52975284039e-06
1.01247273391e-05
0.000262497149186
2.6579279462e-05
1.44081920932e-09
6.7278909249e-10
1.98958141969e-07
0.00170774024066
7.08767625842e-07
0.000188235483364
0.000744888226277
0.000201147464108
2.36683967248e-05
4.60052019323e-05
0.00121081582637
5.42052293546e-10
0.000250841098861
5.08042888957e-06
1.62546751149e-07
9.21704604624e-06
8.20092487114e-15
0.000220830935029
7.4941879316e-16
3.47111789154e-26
3.45047613342e-07
0.00023717011032
4.8515868123e-07
1.99196283928e-08
1.68692431518e-07
3.28881778986e-11
1.82522521383e-19
3.66016581021e-16
0.00018349092666
3.73757229228e-14
3.89364762119e-06
1.82067549174e-11
3.51429382651e-05
5.25693799631e-06
2.09438460403e-10
1.64646218746e-10
1.22076454434e-06
0.00121081582637
1.48735231621e-06
6.85540759979e-06
1.1814101535e-09
0.000122282089741
0.00137609438314
6.79110116629e-06
0.00121081582637
1.25867308458e-19
0.000220830935029
1.02522912737e-05
0.00121081582637
3.5619290736e-05
2.69457553732e-12
1.37462652679e-09
1.25583398145e-13
2.12263521087e-05
2.64404253672e-11
3.37551586881e-09
0.000324052513451
0.000142978373879
0.000423823522123
0.000739329997907
4.07334796328e-07
0.000124826373853
1.21404600698e-17
0.00137609438314
0.00170774024066
3.41138535277e-06
9.72712102086e-06
1.11125491573e-08
1.80919387577e-08
0.000437495248642
1.68858710185e-05
1.70888137687e-10
5.87080400893e-18
4.15380950418e-07
2.26390048673e-07
5.43757681502e-08
1.86234703564e-11
2.43355926291e-10
2.27728697807e-12
3.5944832057e-18
0.000739329997907
4.00214983439e-12
1.25126308926e-10
0.000142978373879
3.07866977311e-11
2.42750807713e-12
3.33428201281e-06
5.93462226109e-05
3.06671271705e-11
0.000108752125996
5.24427367641e-07
0.00121081582637
0.000255640835673