500
0.0
0.0
0.0
0.0
0.0
0.0
0.0
0.0
0.0
0.00282585378636
0.0
0.0
0.0
0.0
0.0
4.42077391726e-05
0.0
0.0
0.0
0.0
0.0
0.0
0.0
0.00282585378636
9.30286975673e-07
0.0
0.0
0.0
0.00282585378636
0.0
0.0
0.0
0.0
0.0
0.0
0.0
7.27350854467e-05
0.0
0.0
0.0
0.0
0.0
0.0
0.0
7.92205781038e-06
0.0
0.0
0.0
0.0
0.0
0.0
0.0
0.0
0.0
0.0
0.000326068796342
0.0
0.0
5.36264718563e-05
0.0
0.0
0.0
0.0
0.0
0.000156426908698
0.0
0.0
0.0
3.08969341555e-05
0.0
0.0
0.0
0.0
0.0
0.0
0.0
0.0
0.0
0.0
0.0
5.07096046135e-07
0.0
0.0
0.00139959669721
0.00139959669721
0.0
0.0
0.0
0.0
0.0
0.0
0.0
0.0
0.0
0.0
0.0
4.39856651051e-06
0.0
3.46587905071e-07
2.09548211046e-09
0.0
0.0
0.0
0.0
0.0
0.0
8.28208851522e-06
0.0
0.0
0.0
4.86653732791e-06
0.0
0.0
0.0
0.0
0.0
0.0
0.0
0.0
0.0
0.0
0.0
0.0
0.0
0.0
0.0
0.0
8.55624764015e-07
1.50321569419e-06
0.0
0.0
0.0
0.0
4.2440541106e-06
0.0
0.0
0.0
0.0
5.52179560047e-05
0.0
0.0
0.0
0.0
0.0
0.00282585378636
0.0
0.0
0.0
0.0
0.0
4.53737939817e-05
0.0
0.0
0.0
0.0
0.0
0.0
0.0
3.51590775746e-05
0.0
0.0
0.0
0.0
0.0
0.0
0.0
0.0
0.00139959669721
3.5865195245e-06
0.0
0.0
0.0
0.0
0.0
0.0
0.00282585378636
0.00282585378636
0.0
0.0
0.0
0.0
0.0
0.0
0.0
2.00090096177e-07
0.0
0.0
0.0
0.0
0.0
0.0
0.0
0.0
0.0
0.000183820144479
0.0
0.0
0.0
0.0
0.0
0.0
0.0
0.0
0.0
0.0
0.0
0.0
0.0
0.0
0.0
0.0
0.0
0.0
0.0
0.0
0.0
0.0
0.0
0.0
0.0
0.0
0.0
0.0
0.0
0.0
0.0
0.0
0.0
0.0
0.0
0.0
0.0
0.0
0.0
0.0
0.0
0.0
0.0
0.0
0.0
0.0
0.0
7.66285749229e-11
0.0
0.0
0.0
0.0
0.0
0.000653241428269
0.0
0.000254126253553
0.0
0.0
0.0
0.0
0.0
0.0
0.0
0.0
0.0
0.0
0.0
0.0
0.0
0.0
0.0
0.0
0.0
0.0
0.0
0.0
0.0
0.0
0.0
0.0
0.0
0.0
0.0
0.0
0.0
0.0
0.0
0.0
0.0
0.0
0.0
0.0
0.0
0.0
0.0
0.0
0.0
0.0
0.0
0.0
0.0
0.0
0.0
0.0
0.0
0.0
0.0
0.0
0.000276992567625
0.0
0.0
0.0
0.0
0.0
8.44220739629e-05
0.0
0.0
0.0
0.0
0.0
0.0
0.0
0.0
0.0
0.00282585378636
0.0
0.0
0.0
0.0
0.0
0.0
0.0
0.0
0.0
0.0
0.0
0.0
0.00282585378636
0.0
3.73002928725e-10
0.0
0.0
0.0
0.0
0.0
0.0
0.0
0.0
0.0
0.0
0.0
0.0
0.0
0.0
0.0
5.6682660218e-08
0.0
0.0
0.0
0.0
0.0
0.0
0.0
0.0
0.0
0.0
0.0
0.0
0.00282585378636
0.0
0.000522367839093
0.0
0.0
0.0
0.0
0.0
0.0
0.0
0.0
0.0
0.0
0.00205685377999
0.0
4.34150779308e-07
0.0
0.0
0.0
0.0
6.82339949888e-05
0.0
0.0
0.0
0.0
0.00282585378636
0.0
1.8775404177e-05
0.0
0.0
0.0
0.0
0.00282585378636
0.00139959669721
0.0
0.0
0.0
0.0
0.0
0.00282585378636
0.000129364991087
0.0
0.000102123841024
0.0
0.000254018070233
0.0
1.15975661539e-05
0.0
0.0
0.0
0.0
0.0
0.0
0.0
0.0
0.0
0.0
0.0
0.0
0.0
0.00282585378636
0.0
0.0
0.0
0.0
0.0
0.0
3.23423732216e-05
0.0
0.0
0.0
0.0
1.33249579189e-05
0.0
0.0
0.0
0.0
0.0
0.0
0.0
0.0
0.0
0.0
0.0
0.000251847707728
0.0
9.10392149304e-05
0.0
0.0
0.0
2.93387261857e-05
0.0
5.36264718563e-05
0.0
0.0
0.0
0.0
0.0
0.00139959669721
0.0
0.0
0.0
0.0
3.52548275151e-10
0.0
0.0
0.0
0.0
0.00282585378636
0.0
0.0
0.000102123841024
0.0
0.0
0.000151869261319
0.0
0.0
0.0
0.0
0.0
1.87754911837e-07
7.39547714301e-06
0.0
0.0
0.0
0.0
0.0
0.0
0.0
0.0
0.0
0.0
0.0
0.0
0.0
0.0
0.0