500
0.0142913701937
1.28609782717e-12
1.90915214964e-07
1.24818202082e-09
4.80754693345e-06
8.36275845383e-07
6.19270864424e-09
5.01376599793e-06
3.37373055132e-11
0.000255873716784
9.13543303376e-17
5.03213810979e-09
2.43658591721e-05
0.0
9.17627574506e-06
3.8257689948e-08
0.00378905829466
4.68475881102e-08
0.000149141982202
3.75114195723e-08
1.90915214964e-07
0.00188604994859
0.000698624596225
0.000156785733376
2.71344278041e-07
4.86373867785e-08
3.18088406445e-06
0.000698624596225
0.0142913701937
1.53905273231e-05
0.0108362465747
0.0103559508695
0.00324444000623
0.0026302066305
0.0103559508695
7.24079048195e-08
2.5170246555e-27
1.98528053242e-06
1.23144190379e-11
1.07861219675e-06
0.000907674042304
2.83773904156e-23
5.07428761359e-42
8.16730501497e-12
0.0028218959866
4.76858444375e-05
1.18608047035e-23
1.87839879346e-06
6.2928067036e-16
0.00324444000623
8.45922343176e-26
8.37340087974e-07
3.15246114524e-05
1.34106232445e-17
5.99381286674e-05
1.81749480489e-06
1.82803405391e-31
0.0
5.88477666339e-09
1.07399716329e-14
2.94169252745e-13
1.24970504026e-09
3.32402865264e-07
6.87649300879e-09
2.99033781825e-06
8.467505414e-14
1.15966475516e-16
5.59513026012e-15
0.000111338684625
0.000768598250456
2.9026840383e-21
9.88901566678e-07
1.78062060533e-11
0.000167737546073
0.00209640878387
0.00188604994859
1.52543352883e-15
1.6076658152e-05
1.58853838041e-07
2.26675532846e-10
9.12643635175e-16
4.27306526796e-08
4.80922016889e-05
2.4187890732e-24
4.63843979301e-07
1.47666477911e-10
0.0
3.70425276031e-09
1.89907861853e-05
5.07338028141e-07
2.26215679923e-05
3.19913760979e-08
2.65537543058e-09
2.23087257315e-05
1.24445537964e-06
7.90406715382e-05
0.000330922799507
7.44493188332e-05
7.14826480084e-07
0.00206682121829
1.24852328149e-14
2.21368725017e-08
7.4692131403e-06
0.00188604994859
3.8656186745e-06
1.47643777298e-19
4.32399673951e-13
8.48892642522e-07
0.0103559508695
1.19359208253e-33
2.91264332148e-21
0.00130137894348
1.125994439e-06
1.5443148145e-07
0.00188604994859
1.51983910419e-19
0.0
5.37118215537e-05
0.00114064822501
1.05170716323e-07
9.71729145835e-10
0.000330922799507
2.86264273093e-06
1.78751821689e-17
9.26856987232e-16
5.40107500372e-11
2.43658591721e-05
2.06118378785e-08
7.17353387961e-07
2.11696274245e-13
2.28131763494e-10
5.33252836222e-05
4.03501290799e-10
1.37644511329e-05
5.29831048766e-13
1.37183439598e-08
0.000379856822008
2.3746558622e-08
0.0
1.2403034339e-11
0.00348978047701
1.57584371636e-06
1.80389093411e-10
1.78539197241e-31
0.0103559508695
2.8004610659e-10
0.0
4.25891885292e-11
0.00348978047701
1.81044510143e-16
1.71363929847e-07
1.62972488538e-11
0.00188604994859
1.87884400012e-30
0.000124321987537
0.00378905829466
1.63018484607e-14
8.34394662468e-10
6.13565743306e-08
0.0
1.25322189774e-10
0.00188604994859
6.47288470718e-05
0.00142529307372
1.20010305e-17
1.92991050431e-07
1.55697147902e-09
0.00372437399006
1.68884826005e-11
0.0103559508695
0.000181875303953
0.00115229069653
2.55440719773e-10
0.000379856822008
0.000142666599209
5.54337969604e-05
2.41321268929e-10
1.04857556761e-05
9.99980092853e-07
0.0
0.00188003896183
0.000249988329558
0.000490157324486
3.08168984389e-09
3.4670497328e-11
5.37118215537e-05
6.326721716e-13
6.74281233745e-05
4.70209907801e-06
2.74857283302e-06
0.000330922799507
3.67943731634e-05
9.81812147722e-08
6.86019108388e-06
2.82216653315e-07
7.70874185288e-13
3.7341190635e-17
1.01796966361e-13
0.0113208800439
7.45304059218e-08
4.30175609796e-07
1.89299769278e-08
2.77299246358e-06
8.90788624906e-10
1.59105066641e-07
2.34407935302e-06
2.39904049406e-05
7.43614212698e-08
1.83745946429e-09
2.22196889051e-05
4.03492168489e-05
4.98825301422e-08
2.47305135253e-10
0.000133489103038
2.51670378906e-21
1.6794477635e-05
8.38063973221e-05
0.00117679514276
2.35913483514e-24
6.01117172527e-06
4.4236990402e-08
9.56351115031e-06
4.45582142963e-20
0.000101889415587
0.00225413521208
1.24729415915e-09
2.34375628521e-09
0.00348978047701
2.21085942184e-06
0.00206682121829
1.73831923461e-23
0.0
5.26680389624e-06
0.0108362465747
1.85985067377e-05
0.00188604994859
0.00206682121829
0.00378905829466
0.000379856822008
1.30099454121e-05
5.20188298111e-06
0.00237056411038
1.04830880654e-11
0.0113208800439
7.42633980591e-20
1.77985551521e-11
1.3034817804e-10
0.000379856822008
0.00188604994859
0.000249988329558
3.42922089615e-13
1.4381607101e-12
1.452287493e-06
0.0103559508695
0.000324494020629
0.000335873528253
2.85636273163e-11
1.47433177159e-05
3.54237021136e-13
0.000259941163725
5.3724325652e-19
1.43813265499e-08
1.26032021479e-20
4.18393971399e-05
9.17500463231e-05
1.17324861156e-08
1.99285007202e-09
7.07123127824e-05
5.39980787806e-14
1.07046644555e-05
0.0
6.26712525143e-14
2.48314781971e-10
0.000379856822008
0.0142913701937
1.53040940835e-08
0.0
1.62385297803e-10
2.1631537035e-06
0.0
1.0124650971e-15
5.34497925044e-06
5.99381286674e-05
4.07743003318e-10
2.10122036924e-11
1.89538209888e-08
1.48835860679e-07
5.11061447884e-05
6.83644739471e-08
4.01038004713e-24
7.66085333579e-05
1.56278248936e-12
0.00188604994859
1.65696093199e-11
0.00378905829466
2.14581461882e-08
1.3607811523e-08
2.37975024518e-06
2.86475174101e-08
0.00142529307372
4.21869609178e-07
7.74518829204e-20
1.24817492824e-09
1.46463101181e-12
2.44385667039e-10
0.00188604994859
6.04292272449e-06
3.19191649538e-14
7.5141760992e-14
4.07808322343e-14
0.0142913701937
2.61468646532e-14
0.0
1.3732859082e-10
0.000379856822008
0.00209640878387
1.16842936968e-20
0.0
0.00378905829466
0.00188604994859
4.27871832547e-06
2.42789695947e-08
2.13798483789e-22
3.74112095618e-07
0.000124630062719
4.42848619916e-10
4.38151014065e-11
8.65393736345e-14
0.0113208800439
3.20521313662e-13
2.46148506731e-13
5.53453362204e-15
0.00142529307372
0.00209640878387
2.50788271598e-07
1.46031116502e-06
2.82278453027e-06
0.000328656564535
1.23232369716e-05
2.78752469198e-12
1.27889399333e-06
0.000768598250456
4.32929396303e-05
5.36766577936e-25
2.32006088643e-12
9.2694281197e-18
2.09464873179e-07
9.4843400763e-08
2.10220049031e-17
2.8857517147e-06
4.94650739127e-19
1.0911614822e-08
1.00279606763e-06
5.94189113317e-21
5.59048965527e-17
1.98647134412e-05
0.000211195085273
2.12133584317e-06
1.7640470246e-06
1.05099984684e-09
5.61409767271e-09
0.00188604994859
5.52924147659e-14
4.71568362728e-06
0.00188604994859
2.51856775719e-10
1.40859250943e-09
1.17120657619e-06
1.26282104667e-15
7.9455567327e-14
0.0
5.53465240002e-05
0.0
4.03492168489e-05
1.15907137861e-25
0.0103559508695
2.02480225558e-08
0.000907674042304
0.0028218959866
0.00348978047701
2.98414874723e-07
1.1763547057e-05
0.00209640878387
0.00378905829466
2.57982486376e-18
4.31136123245e-14
0.000278999253356
0.00165430177113
0.0103559508695
5.81335926995e-05
0.0
6.60114409822e-09
6.36954596632e-08
2.55990478336e-11
1.03788363594e-13
4.56511166924e-18
2.86848356892e-05
6.01304624581e-21
0.00206682121829
8.79059009e-06
5.78618166088e-07
1.11749491201e-06
2.5514326707e-16
0.00188604994859
1.83103679676e-09
9.83101287086e-12
2.64661542592e-17
5.08316677956e-13
4.50012276073e-07
1.67620077331e-09
0.0
0.0
0.000389242505701
0.00130137894348
0.00324444000623
1.27417468843e-07
0.000379856822008
3.94800832224e-09
4.97383029319e-05
0.00237056411038
0.00117679514276
1.90073052599e-26
7.49910949198e-10
0.0142913701937
7.64748902166e-15
1.95329086317e-07
4.90006236135e-06
5.03695078871e-15
2.57448423258e-06
3.68332977884e-09
7.02622907595e-17
1.56121641433e-05
0.0113208800439
1.6441064095e-12
3.78521679489e-18
2.73732677261e-08
0.00143397474402
1.61564701151e-12
3.59144626281e-15
3.15246114524e-05
9.16019291751e-12
0.00372437399006
0.000324494020629
3.90845581987e-06
5.23311444009e-08
1.8277759117e-08
0.0
0.0113208800439
0.0108362465747
0.00188604994859
5.83066993526e-08
5.09223994915e-07
1.80184083951e-10
6.17281094902e-10
1.82401379204e-08
6.7322631909e-07
0.0142913701937
0.0113208800439
7.82634767377e-12
0.00188604994859
0.0103559508695
2.09481342288e-08
0.0
3.3828790507e-17
1.57584371636e-06
3.89975254139e-12
0.000325453094988
7.72175831949e-05
3.77304819403e-19
3.36452932415e-10
0.000111338684625
7.94147256431e-13
1.35340519227e-07
0.000379856822008
0.00237056411038
6.79096182372e-23
0.0
9.47236733939e-06
8.10683672559e-24
8.15855141184e-14
0.0028218959866
0.00206682121829
0.0103559508695
0.000379856822008
0.000379856822008
0.0
0.000124630062719
3.18196740473e-05
5.13085078722e-09
0.0103559508695
2.29681739573e-06
5.11061447884e-05
1.30022798169e-15
0.00348978047701
1.10992442529e-06
0.0113208800439
9.51989260444e-11
5.58229647335e-11
7.14521071881e-12
2.03583503462e-49