500
0.0177058658217
0.000811553007679
2.16984538618e-13
8.10382919711e-05
0.00271593934535
1.12951275805e-06
5.07161575154e-06
6.22423596596e-06
0.00313861845024
0.0177058658217
5.40819280012e-12
9.59782889893e-08
0.00035871571126
0.00429344374973
5.53680784287e-08
0.0177058658217
3.69080859265e-06
0.0177058658217
0.0
0.0177058658217
3.9905454079e-18
0.0177058658217
5.746630953e-09
0.0294151873685
0.079578285204
0.079578285204
0.00429344374973
0.0132577346718
6.09387704242e-09
1.90562825714e-05
0.000289868353369
6.09096827492e-07
0.000219082883788
3.51702377055e-06
2.88016870142e-05
0.0021815280149
0.000286495254284
6.3058674045e-09
0.0294151873685
0.079578285204
0.000356937927396
2.06080059483e-05
0.0177058658217
0.0
8.06098257145e-06
0.0
0.0177058658217
0.00631732987941
0.0
0.0177058658217
3.36309760569e-10
0.079578285204
0.000191635719344
0.00141335209591
0.0177058658217
0.00631732987941
0.079578285204
0.0132577346718
2.77805903339e-05
0.00631732987941
0.000149469630375
0.00527264301043
0.079578285204
0.0021815280149
0.079578285204
1.62873209464e-06
0.0132577346718
0.000251341647622
0.0177058658217
3.97123793818e-10
2.18943553176e-10
0.0132088506125
0.000557648511724
0.000811553007679
0.00512915113234
0.00631732987941
1.29478945494e-05
0.000856825542311
3.97345906291e-06
0.00512915113234
0.0177058658217
0.0060357611855
0.00223264849804
2.86740015684e-07
1.4786706013e-14
0.0177058658217
0.000286495254284
0.00631732987941
0.079578285204
1.80833133131e-05
0.0177058658217
0.000936937801214
0.014570631445
0.0066400994327
0.00116047172185
0.00271593934535
0.00105254216388
4.86336657641e-05
0.000550573591701
5.47109281835e-09
0.00631732987941
0.079578285204
0.0177058658217
0.079578285204
0.000369380589181
0.079578285204
0.00631732987941
0.0177058658217
0.014570631445
0.000188659888199
0.00256901753547
0.079578285204
0.00428652925289
0.00631732987941
0.0177058658217
0.0177058658217
3.95411696991e-08
0.00429344374973
0.0200634586192
0.079578285204
3.96928476567e-05
0.000383698130143
0.079578285204
0.00429344374973
5.70828200376e-05
2.16922531612e-06
0.0177058658217
0.079578285204
1.41212644843e-06
5.18105631673e-05
0.079578285204
1.03597075503e-05
0.079578285204
0.000758069541334
0.00307827407879
0.00631732987941
0.0177058658217
0.000735836815106
3.46116577869e-08
0.0200634586192
0.079578285204
0.0177058658217
0.000357146943508
2.98267418364e-09
0.000177705627216
0.079578285204
2.02244056117e-09
0.000778623608002
0.0294151873685
0.00428652925289
0.000505046952632
1.61411022189e-05
0.00478253152334
0.0066400994327
4.7586997438e-08
3.71914704647e-05
0.00512915113234
0.000158001347183
2.496141617e-05
0.0
0.079578285204
0.0
0.00428652925289
0.0066400994327
0.079578285204
0.079578285204
0.0177058658217
1.63046183223e-12
0.000718516003129
0.079578285204
3.87207232382e-06
3.2975566511e-06
0.079578285204
0.00631732987941
1.810205775e-09
0.0177058658217
0.079578285204
8.60772425334e-06
0.00525518253132
1.08714398017e-09
0.000174926392985
1.47238448965e-06
0.00429344374973
4.62618850306e-05
0.0177058658217
0.0
1.35219687658e-07
0.079578285204
0.000107520000456
0.079578285204
0.000243840411591
0.000191046819166
2.27594608879e-16
0.0
0.000910451993784
6.91396324397e-05
0.00515697581965
0.079578285204
0.0066400994327
9.47198612007e-06
0.000224829537051
0.0177058658217
0.00035871571126
1.40167237251e-05
0.00631732987941
0.00428652925289
0.0200634586192
4.01676260196e-08
0.079578285204
0.00429344374973
2.56501120213e-06
0.0
6.37583831985e-05
0.00664196153593
0.079578285204
0.00429344374973
0.0132577346718
0.0177058658217
0.00429344374973
0.0177058658217
4.04686625588e-05
0.079578285204
9.11464667819e-05
1.22843551557e-10
0.00150924388712
0.00141335209591
0.079578285204
1.63424529131e-06
0.000673269891696
0.000103638478104
0.000758069541334
8.254024245e-06
0.0132577346718
3.25314163007e-06
5.83317837135e-08
0.00631732987941
0.00631732987941
2.91325817158e-05
0.079578285204
0.0
0.0132577346718
0.0177058658217
0.00631732987941
9.79836411679e-10
0.00035871571126
0.0
0.079578285204
0.079578285204
0.0177058658217
0.00116072013935
0.00429344374973
8.32979300481e-05
0.00087684180032
0.000949424605732
0.000140195868496
0.000698662074712
1.50302719972e-05
0.0
0.000811553007679
0.0200634586192
0.079578285204
0.079578285204
0.000507650731911
0.079578285204
0.000219082883788
0.00115411014035
9.02011090721e-05
8.28857151777e-05
0.0177058658217
0.079578285204
0.00039191170373
0.0294151873685
0.014570631445
1.36929018415e-05
7.91266510234e-08
0.014570631445
2.57374087234e-05
0.079578285204
0.000507650731911
1.41328958596e-11
0.00512915113234
5.46278253876e-07
0.00105254216388
0.0177058658217
0.00428652925289
0.079578285204
0.00162982302958
0.0177058658217
0.0177058658217
0.00429344374973
0.0177058658217
0.00429344374973
3.97335950017e-10
0.014570631445
0.00124299516775
6.70392447399e-06
0.00664196153593
1.83838237861e-06
0.0
9.13416950766e-05
0.000273291608604
9.72310343316e-06
3.15269474199e-10
6.59707590451e-06
0.079578285204
2.50604134492e-06
6.86929545833e-13
0.00631732987941
0.00428652925289
0.079578285204
2.2821539222e-12
0.0177058658217
0.0177058658217
0.079578285204
0.000203897846145
0.079578285204
0.014570631445
0.000212507739426
0.00631732987941
3.16615379999e-05
2.72639941766e-05
0.0
1.16418938807e-09
0.079578285204
0.0200634586192
0.079578285204
2.51766485269e-06
0.0177058658217
5.11254931348e-07
0.00631732987941
0.0177058658217
9.66013886738e-12
0.00206590599041
3.7068754655e-05
2.50302375079e-13
0.014570631445
0.0
0.00115411014035
1.53145249396e-08
0.079578285204
0.000362667183091
0.0
0.00478253152334
0.0
0.00429344374973
0.0
0.00206590599041
2.61710289222e-07
0.014570631445
0.00141335209591
0.0177058658217
0.000462514629151
7.90843940997e-12
0.00631732987941
0.0132577346718
1.56012185765e-07
5.34106575087e-09
0.000185690056254
1.66286143206e-14
1.05055474929e-06
0.00141335209591
0.079578285204
0.079578285204
9.56326138709e-08
6.72750700438e-08
0.0
6.29868769242e-06
0.000245902361739
0.0
0.079578285204
0.079578285204
0.0132577346718
2.73133981721e-16
1.36281721924e-05
0.0177058658217
9.36877731573e-05
7.51249308067e-05
3.74838418193e-11
0.0045727420227
0.000571040172762
1.39101449387e-06
0.079578285204
0.00428652925289
0.00428652925289
0.0
0.00515697581965
0.00515697581965
0.000290299552185
1.33427231381e-07
0.000467738842718
9.11464667819e-05
4.59927042247e-07
3.40330399218e-09
0.0132577346718
2.24063348886e-06
1.71811736277e-06
0.00512915113234
0.00515697581965
5.23179521475e-05
0.00307827407879
0.00631732987941
0.079578285204
0.000149838574562
0.079578285204
0.00271593934535
0.0
0.0177058658217
0.0132577346718
0.0177058658217
0.000107520000456
0.00631732987941
0.000474804546651
0.0132577346718
0.0045727420227
0.0
0.00631732987941
6.05509779506e-07
0.00664196153593
0.00631732987941
2.44725272018e-05
0.0177058658217
0.000356937927396
7.94238461248e-06
0.0132577346718
2.53661813801e-05
2.43687373804e-06
0.000669413494949
0.00116047172185
0.00664196153593
0.000250517044953
0.0
0.000507650731911
7.91432311175e-06
0.00105254216388
0.0
0.0200634586192
0.00428652925289
0.0
2.13687708018e-05
0.0066400994327
0.00124963872376
0.079578285204
0.079578285204
3.08937789892e-05
6.93021577995e-08
6.9821704355e-15
0.0177058658217
0.0177058658217
5.96655567381e-05
0.000131396424364
0.079578285204
0.000936937801214
0.014570631445
1.96759077219e-06
1.23578811024e-06
0.079578285204
0.079578285204
0.000585692765377
0.079578285204
9.91531514828e-08
3.16310968866e-07
2.97033139397e-06
1.25641024158e-10
1.64857035168e-07
0.079578285204
0.000219082883788
2.83429279376e-08
0.0177058658217
3.41111007718e-06
5.03827436318e-05
0.00025435559811
0.000305765225886
0.00631732987941
0.000467738842718
0.000435188712167
0.000238675662907
0.0177058658217
2.51072423462e-05
0.00512915113234
0.0
0.079578285204
0.00525518253132
5.53229358578e-13
0.0
2.29708776589e-05
3.04330361454e-07
6.38994416272e-08
0.00072914199642
5.8398984788e-05
7.34071765268e-08
0.00631732987941
0.014570631445
2.95473917181e-05
0.079578285204
0.000369380589181
3.28500830357e-06
0.00428652925289
0.000791525521796
0.00206590599041
3.91570255705e-05