500
5.72611788726e-06
2.64152355626e-16
4.86530764462e-06
1.93120021252e-06
1.18700548394e-14
3.15114394889e-17
3.38151860584e-05
2.62023893931e-12
2.01542425428e-08
7.44559867425e-11
8.83216072821e-08
1.48038303788e-29
0.000227052157411
9.75673424518e-06
4.77990047613e-13
1.77601627361e-10
3.07286998653e-12
0.0
4.11572487668e-06
3.40285439351e-05
0.0
0.0
0.000316544471888
1.94759269706e-13
0.000112398456866
9.40533329033e-13
0.000938247145795
2.26517365372e-10
0.0
1.42984591896e-05
0.0
6.17759754396e-07
1.49637327198e-08
6.4273481088e-05
0.0
0.0
0.000235463281813
2.15850267639e-07
0.0
7.76835156887e-18
1.15769237288e-12
9.98755759777e-10
1.40492589417e-12
1.32426661698e-07
5.070446479e-06
2.41675417265e-11
1.26075665731e-07
0.0
2.60562334335e-08
9.54507514075e-07
0.0
5.86181361897e-11
4.23962126312e-09
0.000611999989542
1.67331662896e-07
2.9873259559e-07
3.11927948565e-06
4.34116528248e-25
0.0
4.31475310233e-05
0.0
9.68945356614e-09
0.0
3.73339644811e-05
5.98676542241e-07
0.000178500139663
3.91130168128e-11
0.0
0.0
2.54164557849e-11
8.6033055803e-08
0.0
2.87078801431e-11
0.0
1.22772750399e-06
1.16406071567e-09
0.0
6.23855020264e-19
6.72450561438e-07
0.0
0.0
2.37023759191e-12
0.0
3.58894947271e-07
0.0
0.0
0.0
0.0
3.72336530941e-12
6.45102452176e-09
3.11454413703e-10
0.000147492317966
2.116268656e-06
0.0
0.0
0.0
0.0
2.9952458636e-07
1.00912017139e-07
2.03161049688e-06
1.45817184032e-05
0.0
0.0
4.32211808278e-07
0.0
6.18700029002e-16
7.08236217907e-29
7.56651510221e-12
0.0
7.29111453755e-05
3.51712762387e-10
1.73514625592e-23
4.48488226707e-30
6.273269819e-06
0.0
1.4159932429e-12
0.0
0.0
0.000133690363093
0.0
1.62194072928e-11
2.49847601572e-12
3.34327170598e-22
0.0
0.0
0.0
0.000819186619322
3.77970344249e-25
1.68513674513e-06
0.0
9.62697750282e-06
1.01260158063e-09
0.0
4.84478890634e-17
9.04484485322e-09
4.25654553725e-09
0.0
1.97750420903e-08
2.64225916017e-05
3.46128241986e-16
0.0
0.0
5.10222651943e-09
1.50554573244e-07
0.000216598443183
0.0
9.59752281033e-08
0.0
6.26753644356e-18
0.0
0.0
1.60040726957e-06
6.03989738617e-05
0.0
7.91056226906e-10
3.67148526715e-05
0.0
3.80413039431e-08
9.30854612061e-17
0.0
4.07857118537e-07
0.0
1.18072198448e-06
0.0
0.0
1.9275164189e-11
0.0
0.0
1.09842652018e-11
1.03180789698e-19
0.0
3.05444544387e-25
0.0
2.18253567386e-08
1.16609845557e-13
2.93639865236e-07
0.0
0.0
0.0
3.68858434617e-09
0.0
0.0
0.0
0.0
0.0
0.0
0.0
0.000171744040191
7.14294138416e-07
0.0
0.000102450123574
2.23607870278e-08
0.0
1.18211685063e-06
2.27489674382e-05
0.000198628608247
1.16181779596e-10
1.98086850882e-08
1.21565513055e-29
0.0
0.0
0.000297353872432
2.73554507981e-15
2.64239019143e-07
8.78720503724e-05
2.80576082205e-17
3.06854974257e-13
0.0
0.000261305715641
9.09259047008e-11
1.40383467883e-10
0.0
0.0
6.93713668933e-22
5.0424964718e-07
0.0
0.00020329979597
0.0
0.0
9.48215619997e-22
0.000310381985782
0.0
0.0
0.000776265561474
0.0
0.0
0.0
0.0
5.2932603828e-07
1.28127564009e-18
0.0
1.53265091585e-07
0.0
5.47559769109e-06
7.1279284818e-05
0.0
2.4655783972e-06
0.0
1.37473253245e-05
0.0
0.0
0.0
0.0
0.0
5.35908808185e-34
4.1310246091e-17
1.77339083571e-06
6.11020089696e-08
2.0489724311e-13
0.000942770807582
0.0
0.0
7.3083737582e-05
0.0
3.79228030594e-19
0.0
5.10516202087e-07
4.45815625744e-16
1.56406072282e-11
3.69717346154e-06
4.04294452605e-06
0.000459304936484
0.0
4.36741300776e-07
2.11734306337e-14
0.0
0.0
1.62559925003e-05
1.80994484546e-06
4.2024931831e-05
7.41571534509e-23
1.51770858474e-07
0.0
0.0
1.46229586311e-08
1.76061967566e-09
4.75993757823e-05
0.0
5.36928828237e-06
1.50680964453e-12
0.0
1.76486580251e-11
4.42056149063e-25
0.0
8.66047113885e-05
0.0
9.34379972121e-05
2.19419452934e-21
0.0
8.31017433307e-06
0.0
8.8717566018e-07
0.0
0.000178858328388
1.97218851055e-11
0.0
0.0
0.0
0.0
1.28368165795e-12
0.0
2.3180868909e-16
1.03844772668e-08
0.0
1.14497291416e-07
0.0
3.12363005932e-06
1.11234921995e-10
0.0
0.0
5.56258793302e-08
1.13139482213e-16
1.81405712824e-07
3.02286716e-09
3.90202610386e-06
7.41013490452e-19
6.99664709658e-06
1.03098296432e-05
5.42306618031e-09
9.47433052641e-06
5.55142879882e-10
5.67027226693e-08
7.04762469499e-20
5.73941228513e-37
5.65115630228e-36
1.73203202802e-07
3.08138426342e-29
2.23479863049e-08
0.0
0.0
0.0
0.0
0.000942770807582
5.08924000943e-05
0.000261305715641
9.53455028639e-06
8.46189406476e-07
0.0
2.33746632237e-07
9.91508471723e-21
0.0
8.60457364687e-11
0.0
1.47458885381e-16
0.0
0.0
2.20916396194e-06
0.000350019355611
0.0
0.0
0.0
0.0
0.0
0.0
0.0
3.94259398626e-05
8.80294736778e-16
1.28149911553e-18
9.5387717386e-06
2.4963119928e-06
4.87989362706e-10
3.31148645494e-05
0.0
0.000776265561474
0.000285980661797
0.0
0.0
4.39120522747e-05
0.0
2.50751733912e-10
8.91208046721e-20
0.000149230776496
0.0
0.0
1.40719249892e-10
3.72329585424e-14
0.000342213292842
0.0
1.88811836537e-07
7.39699114246e-05
9.34379972121e-05
5.31019695894e-13
3.56527680427e-14
2.905287346e-19
0.0
0.0
9.43133739867e-17
0.0
1.13474284521e-15
9.44493603165e-09
0.0
0.0
4.1869343175e-16
5.40766063035e-07
3.84216252192e-11
5.32164669195e-08
1.52121525265e-11
7.7334137888e-11
0.0
5.4740840129e-07
6.90242004894e-14
0.0
9.13141502305e-20
9.55453366643e-08
0.0
6.62564200735e-05
1.49580297624e-14
0.0
6.14127932389e-08
8.69861911559e-24
0.0
1.60360163788e-06
0.0
2.35027553931e-12
2.24902413431e-08
8.57463461831e-06
0.0
0.0
0.000113983403179
0.000674507903603
0.0
1.50616624841e-05
0.0
1.06040438249e-08
0.0
4.56180030627e-05
0.0
0.0
1.01104273295e-06
0.0
0.0
1.15416291191e-11
0.0
0.0
3.28990541207e-15
4.56017228441e-15
0.0
2.98851235794e-05
6.26716228235e-05
6.12712436035e-14
8.14784266738e-08
6.37338725598e-24
3.0233318497e-05
0.0
0.0
0.0
7.5963313368e-10
0.0
0.0
0.0
0.0
3.97245922165e-06
6.85174324414e-12
7.9393315038e-12
4.61274905674e-12
0.0
1.58679084898e-07
1.43148415021e-15
1.84649474605e-06
9.75431596556e-14
1.04618265547e-07
0.000531775271812
8.81812188213e-11
3.21728788954e-10
2.00102852261e-14
0.0
0.0
9.31655628664e-16
0.0
0.0
5.03204723312e-06
0.0
1.96598589106e-23
0.0
0.000310381985782
6.67321444519e-06
5.96731523739e-07
0.0
0.0
0.0
1.54839228303e-07
8.12790386055e-18
0.0
0.000126887205849
4.27625740918e-13
0.0
5.41248898086e-07
0.0
2.53870950184e-11
0.0
0.0
0.0
1.32073292483e-12
1.57671048378e-05
9.92853953561e-09
4.63802550702e-09
0.0
1.371194332e-12
0.0
0.0