500
0.00725585291748
0.0164334598715
0.0
0.0
0.0035770490651
0.00936734753041
0.0472155376906
0.0
0.0472155376906
0.0197162125213
0.000592070943725
0.00252541374271
0.0
0.00479229710639
5.96996672123e-07
0.00686226617626
4.45542381725e-06
0.0
0.00102948998472
5.62368023428e-05
0.0111759726298
0.0111759726298
8.55205677133e-12
0.00295786301581
0.0269136477553
0.000442166153691
0.000311587364533
0.0
2.59703607864e-07
0.00725585291748
0.0
0.0
0.0
0.0197162125213
0.00725585291748
0.000771367523077
0.00998239283112
3.46597714374e-16
0.0286807555222
0.0197162125213
0.0164334598715
0.0
0.00778517534038
1.21475076361e-10
4.88540899954e-05
0.0
0.0
0.00150886031705
0.0
0.0197162125213
0.00755034698004
0.000105097641732
0.0
0.0472155376906
0.0
1.91767637008e-05
6.85705662452e-08
0.016432615103
1.4935864816e-06
0.0
0.0
0.0
0.0
0.0
0.0
0.0472155376906
0.0472155376906
0.016432615103
0.016432615103
1.98897127365e-06
5.93880668198e-11
0.0286807555222
0.00479229710639
7.40852242281e-06
0.0
0.000408644289995
0.00102948998472
8.33344159537e-08
0.0472155376906
0.0
0.0
0.0269136477553
0.0286807555222
0.0
1.99423056968e-05
0.0
3.7661623518e-05
0.00108645441157
0.0020047544522
0.0
0.00479229710639
0.00346797480715
0.00778517534038
0.00998239283112
0.0472155376906
0.00936734753041
0.00238478652538
0.0197162125213
7.64433206667e-05
0.000201356594969
0.0
0.0269136477553
0.0472155376906
0.0472155376906
0.0
0.00778517534038
0.0472155376906
0.0286807555222
0.0197162125213
0.000151077407114
1.65522465756e-15
5.94632761654e-06
0.00532038300947
0.0197162125213
8.01539251141e-05
7.78167044855e-07
0.0
0.00346797480715
7.01218401968e-06
0.00998239283112
0.0
1.70502934845e-11
0.0269136477553
0.0
8.41192451148e-06
0.00108645441157
0.0
0.0472155376906
0.0
0.0472155376906
0.00346797480715
0.0
0.0
3.77595360781e-10
0.00346927990718
0.0
2.27394072192e-06
0.0
0.000285737694928
0.00346927990718
0.0
4.27264923387e-05
0.0164334598715
1.65429291955e-07
3.44351208706e-06
3.21940130018e-06
0.0
1.30361804742e-06
0.0286807555222
0.016432615103
4.33975970391e-06
0.0
0.00574286738255
0.000903697680374
8.08933294582e-05
9.29107786256e-06
0.0
0.000230446357358
0.00346797480715
0.00998239283112
0.00214540313891
0.0152861750645
0.00346797480715
0.0
1.95377031689e-05
0.0
4.46740663926e-05
2.06837166627e-05
0.0
0.000291362396706
0.016432615103
0.0152861750645
0.0
6.81435352267e-09
0.0472155376906
0.0
0.00755034698004
0.0286807555222
0.00212780096632
0.000822096412545
0.00778517534038
0.000192183550909
0.000782631288683
0.00532038300947
0.000903697680374
0.0
0.0
0.0
0.00532038300947
0.00936734753041
0.0
0.0
1.18547443951e-06
0.0
0.0
0.0472155376906
0.0
0.00686226617626
0.00998239283112
0.0269136477553
0.00211162333106
0.0197162125213
0.000227212664269
0.0
0.0
8.48988876364e-08
0.0472155376906
0.00252541374271
1.73462547543e-09
0.00166796834352
0.0
0.00223780319156
0.000413076439597
0.000120556328673
0.0
0.0269136477553
0.0
0.000584129924244
1.98672522671e-06
0.0
0.0
0.0472155376906
0.0
0.00346797480715
7.79989304449e-05
0.016432615103
0.0
0.0286807555222
0.0
0.00346927990718
0.0164334598715
0.0
0.0
0.0
0.0269136477553
0.000917068489564
3.79365857207e-05
0.00686226617626
0.000272396344632
0.016432615103
0.0
0.00108645441157
6.22335615099e-06
0.0
0.0
4.71286256763e-06
0.000574002515444
0.0
0.0269136477553
0.0
0.00479229710639
0.000746711741853
0.0197162125213
0.0
0.0472155376906
0.0286807555222
0.0
0.0472155376906
0.0472155376906
0.000151077407114
0.0269136477553
0.000930790239277
0.0286807555222
0.00755034698004
1.6815269876e-09
0.0286807555222
0.000399584307022
0.000671089635984
0.00211162333106
0.0
0.0
0.0197162125213
0.0
1.0275330534e-05
1.96102775805e-05
0.00346797480715
0.0
0.0
0.0286807555222
0.0
0.000359579556037
0.000355550955493
0.0286807555222
1.87760933686e-05
0.000238780609783
8.37246399018e-09
0.0
0.0269136477553
0.0
0.0
8.6496816161e-08
0.0
2.03665220045e-06
1.63064234202e-06
0.0152861750645
0.0472155376906
8.17921286274e-07
0.0
0.0269136477553
5.06922520838e-05
0.0
0.000822096412545
0.0111759726298
0.00936734753041
2.19781062249e-08
0.0269136477553
0.0286807555222
0.00211162333106
0.0
0.0
0.0
0.0
0.0
0.00755034698004
0.0
0.0
0.000763822882521
0.00211162333106
1.99405198344e-05
0.00936734753041
0.016432615103
0.00124499889539
6.37329261055e-06
0.0197162125213
0.0
0.000390838167493
0.016432615103
0.0
0.0
1.71980958591e-05
0.0
0.0269136477553
0.000230446357358
0.00755034698004
3.85523822703e-07
0.00295786301581
0.000486083696481
0.0111759726298
0.0
0.0
0.00725585291748
0.0472155376906
5.83958718447e-05
3.16527099418e-07
0.0
0.0472155376906
4.78118680757e-05
0.0
0.0
0.0152861750645
0.0472155376906
2.77602743708e-06
8.83287176908e-08
0.0472155376906
0.0
7.06184719682e-07
0.000574002515444
0.0269136477553
0.0
0.0
0.0
9.94515613517e-05
0.000771367523077
0.0
0.00755034698004
0.0472155376906
0.0269136477553
1.94176215903e-07
0.0286807555222
0.0035770490651
0.0269136477553
0.000771367523077
0.00166796834352
1.01713615402e-05
0.00725585291748
0.0472155376906
0.00026041535273
0.0
0.016432615103
2.99454870004e-05
0.0
0.0
0.000227241072142
0.0152861750645
0.00393431951881
0.0
0.000822096412545
0.0
0.0
8.46911105684e-06
0.0
0.0
1.30956179719e-06
0.0
0.0
5.23844806626e-05
0.00346797480715
0.0
0.0269136477553
0.0
0.000268475969071
0.00998239283112
0.0
0.0
0.00050879858279
0.0111759726298
0.0269136477553
0.0
0.0269136477553
0.0197162125213
0.0
0.00295786301581
0.00012072997915
0.00936734753041
0.00725585291748
0.00388981904518
0.0152861750645
0.0
0.0269136477553
0.0
0.00686226617626
0.0197162125213
0.0
0.0197162125213
4.90493060597e-08
1.48832227033e-05
8.1231310334e-05
4.96247705159e-15
0.0
0.000584129924244
0.0286807555222
0.0
0.0
5.44587006892e-13
7.00825551322e-05
0.0
0.0
0.0111759726298
0.0
0.0269136477553
0.000227212664269
7.16382407687e-05
0.0
1.01094844987e-15
0.0269136477553
0.0
0.00778517534038
0.0152861750645
1.63734121575e-06
0.0
0.0
0.00686226617626
0.0
0.0269136477553
0.0472155376906
0.000230106484296
0.0472155376906
2.95093089678e-05
8.69101022805e-07
8.76605071801e-06
0.00998239283112
0.0
1.01713615402e-05
0.00238478652538
0.0
0.00778517534038
2.48615899694e-05
0.00936734753041
0.000274610649143
1.00779479896e-05
0.0
0.0
0.000453233639868
0.00388981904518
0.0269136477553
6.20599520512e-07
0.0
0.00346797480715
0.00998239283112
3.27546946746e-06
0.0
0.000179808688276
0.000399584307022
0.0111759726298
0.0
8.53976717433e-06
0.00778517534038
0.000771367523077
0.0
0.0
0.016432615103
0.000201356594969
0.016432615103
0.000584129924244
0.00936734753041
0.0269136477553
4.72491836913e-11
3.34279050688e-11
0.00102948998472
0.00346797480715