500
0.0
0.00021136789637
0.0
0.0
0.0
9.41523093881e-06
0.0
0.000106347386044
0.0
0.0
0.0
0.0
0.00533303631097
0.0
0.0
0.0
0.0
0.0
0.0
0.000215817653505
0.0
0.0
0.00533303631097
0.0
0.0
0.0117921818306
0.0
0.0
0.00106154774605
0.0
0.0
0.0
0.0
0.0
0.0
0.0
0.0
0.0
0.0
0.0117921818306
0.0
0.0
0.0
0.0
0.0
0.0
0.0
0.0
0.0
0.0
0.0
0.000258733522311
0.0
0.000116418219755
0.00016042458444
9.17795391586e-05
0.0
0.0
0.0
0.0
0.0
0.0
0.0
0.0
0.0
0.0
0.0
0.0
0.0
0.0
0.0
0.0
0.00106154774605
0.0
0.0
0.00107591616381
0.0
0.00029318369177
0.0
0.0
0.0
0.0
0.0
0.0
0.0
0.0
0.0
0.0
0.0
0.0
0.0
0.0
0.0
0.0
0.0
0.000877910158454
0.0
0.0
5.01021808534e-05
0.0
0.0
0.0
0.00105436050341
0.0
0.0
0.0
0.0
0.0
0.000230795267895
0.0
0.0
0.0
0.0
3.12787967142e-05
0.0
0.0
0.0
0.0
0.0
0.0
0.0
0.0
0.0
0.0
0.0
0.0
0.0117921818306
0.0
0.0
0.0
0.0
0.0
6.61392989687e-05
0.0
0.0
0.0
0.00107591616381
0.0
0.0
0.0
0.0
0.0
0.0
0.0
1.23387129183e-06
0.0
0.0
0.0
0.0
0.0
0.00029318369177
0.0
0.00413074011134
0.00106154774605
0.0
0.0
0.0
0.0
0.0
0.0
0.0
0.0
0.0
0.0
6.08992285799e-05
0.0117921818306
0.0
0.0
0.0
0.0
0.0
0.0
0.0
0.0
0.0
0.0
0.0
0.0
0.00105436050341
0.0
0.0
0.00107591616381
0.0
0.0
0.0
0.0
0.00106154774605
0.0
0.0
0.0
0.0
0.0
0.0
0.00413074011134
0.000693831528986
0.0
0.0
1.84380396335e-05
0.0
0.0
0.0
0.0
0.0117921818306
0.0
0.00533303631097
0.00105436050341
0.0
0.0
0.0
0.0
0.0
0.0
0.000688818883729
0.0
0.0
0.00566355140187
0.0
0.0
0.0
0.0
0.0117921818306
0.0
0.000280995646844
0.0
0.0
0.0
0.0
0.0
0.0117921818306
0.0
0.0
0.0
0.0
0.0
0.0117921818306
0.0
0.0
0.0
0.0
0.0
6.97860440438e-07
0.000351426526327
0.00107591616381
0.00566355140187
0.0
0.0
0.0
0.0
0.0
0.00566355140187
0.0
0.0
0.0
0.0
0.0
0.0
0.0
0.0
0.0
0.0
0.0
0.0
0.0
0.0
0.0
0.0
0.0
0.0
0.0
0.0
0.00566355140187
0.0
0.0
0.0
0.0
0.0
0.00029318369177
0.0
0.0
0.0
0.0
0.0
0.0
0.0
0.0
0.0
0.0117921818306
0.0
0.0
0.0
0.0
0.0
0.0
0.0
0.0
0.0
0.0
0.00566355140187
0.0
0.0
0.0
0.0
0.0
0.0
0.00106154774605
0.0
0.0
0.0
0.0
0.0
0.0
0.0
0.0
0.0
0.0
0.0
0.0
0.0
0.0
0.0
0.0
0.0
0.0
0.0
0.0
0.0
0.0
0.0
0.0
0.000918848825866
0.0
0.0
0.0
0.00021136789637
0.0
0.0117921818306
0.0
0.0
0.0
0.0
0.0
0.0
0.0
0.0
0.0
0.0
0.0
0.0
6.1601248332e-06
0.0
0.0
0.0
0.0
0.0
0.0
0.0
0.0
0.0
0.0
0.0
0.0
0.0
0.00105436050341
0.0
0.0
0.0
0.0
0.0
0.0
0.0
0.0
0.0
0.0
0.0
0.000618665832029
0.0
3.68349775136e-05
0.0
0.0
0.0
0.0
0.0
0.0
0.0
0.0
0.0
0.0
0.0
0.0
0.0
0.0
0.0
0.0
0.0
0.0
0.0
0.0
0.00354012494794
0.0
0.0
0.0
0.0
0.0
0.0
0.0
0.0
0.0117921818306
3.98474830784e-05
0.0
0.0
0.0
0.0
0.000488145872313
0.0
0.0
0.00016042458444
9.66537679363e-06
0.0
0.00105436050341
0.0
0.0
0.0
0.0
0.0
0.0
0.0
0.0
0.0
0.0
0.0
0.0
0.0
0.0
0.0
0.0
0.00021136789637
0.0
0.0
0.0
0.0
0.00413074011134
0.00106154774605
0.0
0.0
0.0117921818306
0.0
0.0
0.0
0.0
0.0
0.0
0.0
0.0
0.0
0.0
0.0
0.0
0.0
0.0
0.0
1.05774699229e-05
0.0
0.0
0.0
0.0
0.0
0.0
0.0117921818306
0.0
0.0
0.0
0.0
0.0
0.0
0.0
0.00153402113957
0.0
0.0
0.0
0.0
0.00413074011134
0.0
0.0
0.0
0.0
0.00533303631097
0.0
0.0
0.000618665832029
0.0
0.0
0.0
0.0
0.0
0.0
0.0117921818306
0.00533303631097
0.0
0.0
0.0