500
0.0
0.0
0.000303864203915
0.0
0.0
0.0
0.0
0.0
0.0
0.0
0.0
0.0
0.0
0.0
0.0
0.0
0.0
2.9501880408e-05
0.0
0.0
0.0
0.0
0.0
0.0
0.0
0.00139165224913
0.0
0.0
0.0
0.0
0.0
0.0
0.0
0.0
0.0
0.0
0.0133082706767
0.0
0.0
1.40045816341e-06
0.0
0.0
0.0
0.0
0.0065256828604
0.0133082706767
0.0
0.0
0.0
0.0
0.0
0.0
0.00275675675676
0.0
0.0
0.0
0.0
0.0
0.0
0.0
0.0
0.0
0.0
0.0
0.0
0.0
0.0
0.0
0.0
0.0
0.0
0.0
0.0
0.0
0.0
0.0
0.0
0.0
0.0
0.0
0.0
0.0
0.0
0.0
0.0
0.0
0.0
0.0
0.0
0.0
0.0
0.0
0.0
1.11207177975e-05
0.0
0.0
0.0
4.27575776008e-05
0.0
0.0
0.0
0.0
0.0
0.0
0.0
0.0
0.0
0.0
0.0
0.0
0.0
0.0
0.0
0.0
0.0
0.0
0.0
0.0
0.0
0.0
0.0
0.0
0.0
0.0
0.0
0.0
0.0
0.0
0.0
0.0
0.0
0.0
0.0
0.0
0.0
0.0
0.0
0.0
0.0
0.0
0.0
0.0
0.0
0.0
0.0
0.0
0.0
0.0
0.0
0.0
6.41686693312e-05
0.0
0.0
0.0
0.000135549838882
0.0
0.0
0.0
0.0
0.0
0.0
0.0
0.0
0.0
0.0
0.0
0.0
0.00275675675676
0.0
0.0
0.0
0.0
0.0
0.0
0.0
0.0
0.0
0.0
0.0
0.0
0.0
0.0
0.0
0.0
0.0
0.0
0.0
0.0
8.36509630295e-06
0.0
0.0
0.0
0.0
0.0
0.0
0.0
0.0
0.0
0.0
0.0
0.0
0.0
0.0
0.0
0.0
0.0
0.0
0.0
0.0
0.000117314252642
0.0
0.0
0.0
0.0
0.0
0.0
0.0
0.0
0.0
0.0
0.0
0.0
0.0
0.0
0.0
0.0
0.0
0.0133082706767
0.0
0.0
0.0
0.0
0.0
0.0
0.0
0.0
0.0
0.0
0.0
0.0
0.0
0.0
0.0
0.00168446335598
0.0
0.0
0.0
0.0
0.0
0.0
0.0
0.0
0.0
0.0
0.0
0.0
0.0
0.0
0.0
0.0
0.000321929163502
0.0
0.0
0.0
0.0
0.0
0.0
0.0
0.0
0.0
0.0
0.0
0.0
0.0
0.0
0.0
0.000799848794879
0.0
0.0
0.0
8.0362143386e-06
0.0
0.0
0.0
0.0
0.0
0.000141197493683
0.0
0.000443802508165
0.0
0.0
0.0133082706767
0.0
0.0
0.0
0.0
0.0
0.0
0.0
0.0
0.0
0.0
0.0
0.0
0.0
0.0
0.0
0.0
3.51192380262e-05
0.0
0.0
0.0
0.0
0.0
0.0
0.0
0.0065256828604
0.0
0.0
0.0
0.0
0.0
0.0
0.0
0.0
0.0
0.0
0.0
0.0
0.0
0.0
0.0
0.0
0.0133082706767
0.0
0.0
0.0
0.0
0.0
0.0133082706767
0.0
0.0
0.0
0.0
0.0
0.0
0.0
0.0
0.0
0.0
0.0
0.0
0.0
0.0133082706767
0.0
0.0
0.0
0.0
0.0
0.0
0.0
0.0
0.0
0.0
0.0
0.0
0.0
0.0
0.0
0.0
0.0
0.0
0.0
0.0
0.0
0.0
0.0
0.0
0.0
0.0
0.0
0.000384190527654
0.0
0.0
0.0
0.0
0.0
0.0
0.0
0.0
0.0
0.0
0.0
0.0
0.0
0.0
0.0
0.0
0.0
0.0
0.0
0.0
0.0
0.0
0.0
0.0133082706767
1.76415536688e-07
0.0
0.0
0.0
0.0
0.0
2.14596573572e-05
0.0133082706767
0.0
0.0
0.0
0.0
0.0
4.18640194035e-06
0.0
0.0
0.0
0.0
0.0
5.53456404412e-06
0.0
0.0
0.0133082706767
0.0
0.0
0.0
0.0
0.000589790561408
0.0
0.0
0.0
0.0
0.0
0.0
0.0
0.0
0.000141197493683
0.0
0.0
0.0133082706767
0.0
0.0
0.0
0.0
0.000282648834793
0.0
0.0
0.0
0.0
0.0
0.0
0.0
0.0
0.0065256828604
0.0
0.0
0.0
0.0
0.0
0.0
0.0
0.0
0.0
0.0
0.0
0.0
0.0
0.0065256828604
0.0
0.0
0.0
0.0
0.000523349630043
0.0
3.76592371302e-05
0.0
0.0
0.0
0.0
0.0
0.0
0.0
0.000211683575997
0.0
0.0
0.0
0.0
0.0
0.0
0.0
0.0
0.0
0.0
0.0