500
3.93056689416e-05
0.000335420380113
0.00131425231341
2.59953664749e-07
6.43002476515e-21
2.10277857653e-24
7.27147730937e-39
8.85923450412e-05
5.9527227519e-18
3.06797567623e-24
4.35126206656e-38
6.45991355899e-14
1.94370967067e-17
0.000298380744989
5.23061816964e-08
4.11678068364e-12
1.41199710525e-16
1.02361081893e-24
5.47808389644e-15
6.97252770336e-10
0.00101539229129
1.03381501382e-14
1.54711282405e-08
4.40162525968e-09
1.66415052038e-08
1.93143649283e-24
1.07253137479e-17
1.96429791335e-09
0.00279682328848
3.01915267765e-47
3.07499541675e-09
7.01841488695e-08
0.0104140076972
3.34078232773e-29
1.54745521278e-18
0.000107685843372
1.36867777973e-21
8.95085269046e-07
8.45766710681e-16
1.19150128556e-17
4.08100752159e-07
1.06350716163e-06
3.99535492547e-25
8.66139023298e-13
2.24923843743e-08
2.82975309711e-08
0.00409121730963
0.00618754353439
2.94181275019e-10
1.20165059675e-43
1.14268501026e-06
0.00118886296844
1.80904990998e-21
8.61350477459e-20
2.65867312188e-25
7.56430986863e-05
2.28743114328e-07
5.09058302338e-16
3.68827684352e-15
0.00059337511165
4.66167111699e-11
1.68664722848e-42
4.98549679097e-11
1.6475716686e-05
1.11082435007e-05
7.13361409809e-13
1.32867505173e-28
0.000409824703973
0.0180025703148
8.55934235676e-06
2.5082435269e-11
2.25295297937e-42
1.20914971636e-16
0.000335420380113
3.56384710555e-07
3.20274738285e-12
5.06067676495e-06
1.92219139657e-13
1.63274764141e-34
3.89770024474e-05
3.04431312593e-10
6.47178300439e-35
8.96704623668e-08
3.8957915844e-36
6.00207195117e-08
3.23008132185e-09
5.00391778093e-12
1.13353856849e-38
5.83314546839e-14
5.27591936937e-10
3.94758309021e-05
7.9702013726e-29
2.82799329806e-42
6.87611318391e-09
3.86277922313e-05
6.0105146335e-08
8.42812264794e-06
5.58311459481e-22
1.7353745896e-08
2.29283990394e-24
3.15712539011e-06
0.000921192620765
6.05762130153e-28
2.24761814756e-27
2.44242104009e-10
0.000419290444884
4.24055558511e-17
3.98415032585e-08
3.76184200963e-18
6.03917692776e-06
0.000514377958964
4.25170803978e-11
0.000152252448908
8.40866334309e-08
5.08631950223e-12
7.388411602e-09
0.00696521294035
1.61128421125e-09
2.93457606119e-16
1.05643766987e-20
6.30113828629e-14
6.64724609376e-06
0.000181970262726
1.92569868202e-07
1.25018766013e-07
1.8168944338e-06
3.2006069163e-14
8.18407555243e-26
3.36843483991e-05
1.2401030076e-10
2.75988416083e-06
1.00136854594e-13
8.01138085018e-27
1.10233520108e-05
1.85286801581e-12
1.44660932254e-24
0.00107662759163
4.04694387578e-33
8.86478465692e-33
3.37032061707e-06
3.66251810886e-10
0.00906153916512
4.17943068516e-08
0.000994484248794
4.11840713846e-08
4.6040970059e-08
3.69465322423e-12
8.87550026921e-07
2.65441497841e-05
2.79219868241e-11
2.867997891e-05
2.67990711292e-09
6.58527772643e-18
2.48023530097e-17
1.98370398003e-06
0.00314759276789
1.31700040568e-08
8.68281385261e-23
1.25491735631e-15
0.00225428022432
1.25629899273e-64
1.60547521915e-14
0.000119355402909
0.00136630520254
9.54474418702e-05
0.000236002550188
0.000166063167207
8.98140195751e-10
1.17603299681e-05
8.91369818016e-31
8.81402390093e-05
3.66570489485e-12
2.71352234744e-08
1.22556742609e-17
0.00094697473496
1.11477540997e-26
1.95527865544e-05
3.68594137535e-11
1.02299223761e-17
3.12734753774e-14
2.83952916042e-07
7.76211791894e-31
1.14118830257e-23
6.65569712382e-19
0.000228045168024
3.44640949581e-06
7.92103696862e-34
0.000363648426122
0.0104140076972
6.15662698091e-07
0.000309109496231
1.60526989643e-06
1.52281675002e-09
8.8038531985e-38
2.17046154252e-38
9.08315574184e-05
0.000161265880615
1.44168498235e-07
2.39121694739e-08
3.42775317479e-05
3.83094618843e-22
1.34180186121e-15
1.10620919126e-13
0.000363648426122
9.10564009647e-36
0.000193325365525
3.44931475303e-08
2.67100842493e-06
3.07377340321e-05
6.32170540725e-27
5.73301001797e-33
1.4554243843e-32
1.66093157186e-07
1.34112101449e-08
0.00258190747756
6.90217346917e-08
1.95105237942e-07
1.34382525591e-08
0.000121435873519
7.17007620965e-07
3.31216487524e-07
2.03941035909e-14
3.80282300593e-05
1.0496138632e-10
2.2774814234e-29
4.0870721333e-19
2.6390449631e-35
0.00133939376964
6.35029851487e-37
2.69607204722e-15
3.09972592801e-14
2.82978535722e-17
3.99762859269e-07
7.40672874717e-12
2.09725603932e-06
1.97470339951e-14
0.000119355402909
1.07718974626e-23
4.25731776527e-18
9.11373349464e-44
2.62230827901e-09
6.95846583141e-21
1.03315572551e-12
0.000419290444884
1.48315483537e-14
3.30814616866e-10
1.73832084911e-15
0.00906153916512
2.61009508666e-15
3.38081909957e-10
1.18146767784e-07
3.46472440045e-05
5.33408031506e-05
0.00696521294035
6.39834470061e-06
2.32835488095e-17
1.62269061341e-11
7.50143641378e-05
3.53067839121e-12
8.07984853243e-10
0.00177041086515
1.66038952792e-05
0.000309109496231
1.54183729254e-11
5.35949953945e-52
2.54769102774e-20
2.74384981809e-06
0.00279682328848
2.83237586144e-16
1.73460904766e-21
0.000161600297198
1.11212718722e-12
1.00255471305e-13
3.48124191419e-19
0.00906153916512
3.97825101405e-07
5.21696228918e-12
2.576920089e-12
1.10711606453e-26
2.14414737256e-56
1.49298600254e-19
1.00710884662e-20
5.16203429389e-06
0.00314759276789
0.0180025703148
6.42397020379e-08
3.65643654689e-16
1.99564437559e-18
5.46931793397e-09
1.59449288053e-10
0.000186317807434
2.73744657078e-06
0.000167621868812
2.33730303366e-06
0.00615774191594
8.18596524688e-10
0.00010206051626
0.000194312878137
0.000921192620765
2.44153315332e-05
0.00906153916512
6.09372292118e-09
2.00068682229e-08
6.76047319918e-05
9.83037201487e-24
3.25443697284e-13
0.0104140076972
6.72508465225e-10
0.00906153916512
0.00696521294035
7.75802243808e-09
3.57747627015e-13
1.61853094233e-40
0.00188250237738
7.55366439041e-12
3.40978011293e-12
3.99793601691e-11
4.76644254095e-15
1.57764323325e-14
9.14075757043e-10
1.58197380551e-26
6.9994983981e-56
1.59055362116e-05
1.39088531167e-30
2.10770936252e-29
1.94716455966e-06
0.000236002550188
2.08940002376e-06
0.00188250237738
5.10880530511e-08
0.0104140076972
8.23507715772e-37
1.34765595209e-10
7.23309304484e-05
3.22678668807e-09
2.32484971895e-29
1.80070071656e-08
6.57012448083e-09
4.35437751067e-07
0.000387325166493
2.20127754781e-13
0.000336281534897
3.56577600225e-10
4.53206677338e-13
3.93326962134e-15
5.37897887688e-08
1.79863060472e-32
4.96474543552e-11
4.62273518906e-09
5.5829103209e-06
2.88905623113e-14
3.3347973264e-07
4.19826793018e-11
0.00618754353439
5.26998495797e-06
0.000183270146197
0.00906153916512
0.00696521294035
4.38267377781e-24
2.61464932211e-12
1.4490156145e-12
0.00131425231341
4.36668754028e-11
6.0984938653e-18
2.05338494836e-11
2.14469250734e-25
9.22295775666e-05
0.00615774191594
5.09470319404e-11
0.000329716931341
2.50215658705e-10
2.38051563238e-07
3.27725377482e-05
2.08268356535e-05
1.61794011178e-06
0.00057964514114
1.0433134585e-16
0.000614507698158
7.72768833965e-06
9.86829109309e-08
1.76323169597e-07
9.64386788411e-08
0.000363648426122
5.11007962908e-14
6.54452692102e-20
9.42798864773e-09
0.00906153916512
8.16864482563e-10
8.72849598081e-05
3.10631826884e-09
8.11758477031e-05
0.00101020886777
2.3246380695e-16
2.45844532501e-12
4.43484221839e-11
2.2057407241e-13
1.31272923634e-27
0.000262605146167
5.08925580288e-15
2.38497570757e-11
2.97187400687e-05
0.00151040937511
5.11739093298e-05
4.11741195574e-34
4.47593881181e-09
4.05158263684e-07
2.50194006504e-20
1.37739988746e-10
1.00000316631e-08
0.000897418557289
5.30827963678e-06
4.90671257341e-18
3.65976398512e-16
1.59298564774e-24
1.36890782334e-53
6.79269919664e-37
1.52201940654e-13
0.00094697473496
5.96563496075e-24
0.000282862472299
1.84478928505e-12
0.000203702029499
1.3400841784e-05
0.00225428022432
2.20180075926e-07
9.08514601633e-18
1.03674403085e-18
2.11357819949e-12
2.5012466679e-17
1.21378817093e-15
0.0104140076972
0.00167377676846
1.33710331995e-07
0.000343680156212
0.00196151655882
6.9154318757e-12
8.8170681306e-23
1.04256591324e-11
2.3347650368e-10
7.99920227312e-17
0.00059337511165
6.62911569541e-06
3.46604769124e-06
0.00131425231341
2.23674604536e-26
6.59056841423e-19
1.98890986347e-09
4.74224314609e-07
2.76856885125e-37
3.10166438815e-09
1.46730453163e-25
0.000156831682001
0.000433690895687
9.27546343258e-16
0.00225428022432
4.98729712044e-09
0.00279682328848
1.40910568398e-35
7.72635425999e-07
8.75121961226e-10
4.92518704965e-26
3.12979130623e-05
6.21749754931e-08
0.00906153916512
6.45294900227e-07
7.53162031022e-20
1.03906668554e-14
3.08515299265e-15
5.16021252432e-06
3.96509300016e-08
4.96814048236e-15
1.18395384384e-61
2.98259042482e-05
1.53343377375e-19
0.00167377676846
7.64383337805e-05
0.000143650186763
2.93639586784e-21
0.00122582365734
1.36519345539e-08
3.61776636215e-33
0.000354975463336
0.000186912988484
5.75412564699e-06
1.11472285674e-22
0.0104140076972
2.00648491384e-07
7.2548111675e-13
0.000102247545509
3.88565075869e-12
5.3073149494e-06
1.98730217017e-15
1.79650819967e-19
4.58057361572e-13
5.72267618083e-12
0.000110380045347
2.63249905294e-22
9.79594220264e-28
9.17976141866e-22
4.35277597682e-08