500
0.00997374741567
0.000118152213615
6.08252356758e-06
0.00344503707212
0.0698760997733
2.72034557316e-07
0.0
0.000941291169774
0.00997374741567
1.77403585331e-06
9.18375354182e-10
0.000111561045488
7.99242702753e-05
2.70979209803e-07
0.00110569520046
0.00997374741567
0.0
0.00110569520046
1.60781121187e-13
1.21351676395e-05
0.0
0.0
6.14075447974e-09
1.63929985458e-06
0.0
1.03823909252e-07
3.01859813389e-05
0.00013578276471
0.00032581517699
0.0698760997733
0.00997374741567
0.00218801443136
0.0698760997733
1.73188517486e-05
0.00318865527324
2.13561958293e-05
2.44653747265e-05
0.0698760997733
0.000364319523876
0.00997374741567
0.0
0.00314853837859
0.000345295249203
7.20730087868e-05
0.0
1.31026885798e-06
6.75987423896e-08
0.000380808740638
7.31736959442e-05
0.0078024691358
2.92607579515e-05
0.0698760997733
0.0
0.000936668500456
1.33076596476e-05
0.0
1.27006947881e-06
0.000163628983559
2.53135409475e-09
0.0
6.80576095259e-05
0.0
2.4855106893e-12
0.00108772666024
0.00030335316402
3.02486360689e-05
2.45771197983e-05
6.89261468556e-07
0.0
0.00218801443136
1.09567136453e-05
0.00030335316402
0.0
0.0215394524073
1.57294468328e-06
0.000152459228936
0.000126298710536
0.000434659247287
0.0
7.04756867842e-06
5.62982372885e-07
1.13909726153e-06
0.0698760997733
0.000309790194131
0.0
0.00161015749834
8.85205240862e-08
1.84938949114e-05
4.05598454395e-09
0.0
0.00318865527324
1.32078738642e-05
3.77250068995e-15
2.90514153234e-06
8.32063053291e-05
0.0698760997733
2.42209984768e-06
3.11436751247e-09
0.0698760997733
9.09339735813e-05
3.21954823884e-08
0.00161015749834
0.0
0.0
4.08973945444e-05
3.26415213442e-08
0.000567420125071
3.95766555623e-07
0.0
1.69095199351e-06
0.0
0.000345295249203
0.0
0.0215394524073
0.00209016844666
0.000154914059953
0.0
0.0
2.43705636947e-09
4.6934714304e-07
2.45771197983e-05
0.000936668500456
0.0698760997733
1.45640562408e-07
9.46016569707e-05
0.0
0.000392344055058
1.2526357366e-05
0.000213255973307
0.000152459228936
0.00111665376308
1.28174206463e-07
6.6995869091e-06
0.00318865527324
0.000683820003323
0.00384233061158
0.0
1.81578810839e-08
9.94128662093e-06
0.00847438201442
6.50399170529e-13
7.06625259696e-12
0.0
0.000346444934255
0.00847438201442
0.00106038152407
0.0698760997733
0.00997374741567
0.0
2.44253718812e-13
9.2830417604e-05
0.00997374741567
0.000101361630716
2.2841591829e-11
7.98250923789e-06
0.0
0.0078024691358
2.19274299373e-08
5.59939160288e-05
0.0215394524073
0.0698760997733
9.66738677294e-06
2.08329063147e-05
2.78438024736e-07
0.0698760997733
1.34093051702e-06
0.000358890540676
7.12055087877e-07
0.0
2.50972930753e-07
0.00318865527324
0.000791034442454
0.00997374741567
0.0
0.000279439600789
0.000250973375314
3.87148447953e-05
0.0
9.88055834878e-07
0.0698760997733
0.00997374741567
0.00110569520046
6.26545732434e-15
0.0
5.9222015698e-09
2.04513304914e-06
0.00223188603258
0.000126729130109
0.000936668500456
0.0698760997733
0.00997374741567
0.00032581517699
0.0
0.0
0.0
0.0
1.52287826962e-08
2.05409718506e-09
0.0
0.000392344055058
7.86397826252e-06
0.0698760997733
1.36639956034e-07
0.000112251989811
0.0698760997733
0.000800841423543
0.0
0.00307473068929
9.11893243663e-07
0.0
0.0
5.22636472444e-05
1.41033788231e-06
0.000941291169774
0.0
5.72385865043e-13
0.0
0.0698760997733
0.00344503707212
4.42621049316e-07
0.0
0.00997374741567
0.0
0.0
3.43235891421e-06
6.48804883233e-08
2.81178290402e-05
0.000119699142345
0.0
0.00161015749834
3.70164077705e-08
1.29754638109e-08
1.83838974128e-10
0.0
2.14071161519e-05
0.000345295249203
0.0078024691358
0.000279439600789
1.33812723114e-05
0.000317595824732
2.41146523227e-05
0.000683820003323
0.00997374741567
0.000923446520174
0.00209016844666
0.0
0.0
0.0
0.0
1.48443642688e-06
0.00032309464249
2.147703481e-08
0.0
0.0
9.14768169424e-05
0.0
1.07496418344e-05
0.0
0.000184523398844
6.75055558763e-12
0.0698760997733
0.0
3.05329366288e-06
8.59743108962e-08
0.0
0.00997374741567
5.11388137197e-11
0.00123291592012
0.000587201910323
0.000364319523876
0.0
1.39586711769e-05
0.00997374741567
1.65579413918e-16
0.0
0.0
0.0
0.000192289562104
0.0698760997733
0.000923446520174
3.88552284252e-05
5.61824613985e-05
2.09606665862e-05
0.0
0.00318865527324
1.35051356056e-05
1.71092171526e-05
0.00111665376308
1.90290556018e-05
0.00161015749834
0.0
0.000535440175523
0.000703555349704
8.37947416988e-07
0.0698760997733
0.000118762590433
0.00997374741567
0.0
0.00011426726794
0.00997374741567
1.54803924255e-06
0.0
5.43706037741e-08
0.0
9.28044457362e-05
0.0
0.0
0.00106038152407
0.0
0.0
3.72471755291e-05
0.0
4.23765106579e-06
0.0
0.0
9.46016569707e-05
9.2830417604e-05
0.00100144241786
0.0
3.66151230712e-13
0.0698760997733
9.67218924961e-06
9.10209928629e-07
2.82741556185e-05
0.00110569520046
1.14161672114e-06
0.0215394524073
0.0
0.0
0.0
5.98050435278e-12
0.0215394524073
0.00038176856732
0.00997374741567
2.24260786518e-05
2.31973897867e-08
0.0
3.35908157237e-05
0.0
0.0
0.00997374741567
0.0
0.00111665376308
5.29409437751e-07
0.00218801443136
0.000390418839734
0.00384233061158
0.00168397902825
0.00128922854391
4.59939804801e-08
0.000683820003323
0.0
3.1985393906e-06
6.95262051126e-07
0.0
0.00111665376308
4.11347213362e-09
0.00997374741567
0.0
0.0
6.17463034891e-05
0.00384233061158
5.80146211268e-05
0.00997374741567
0.00997374741567
0.0
0.0
1.79315168375e-06
0.00997374741567
0.0698760997733
0.0
0.0078024691358
1.17410932851e-13
0.0698760997733
6.39172153553e-06
0.0698760997733
0.0698760997733
0.00997374741567
0.0
0.0698760997733
0.00110569520046
3.7129280502e-06
0.000378813009551
0.000317595824732
0.000460275302465
0.000117144052812
0.0
4.86774910633e-09
0.00269307784772
8.7445951397e-07
0.00102356497762
0.0698760997733
0.0
6.93758909399e-06
0.00683863788585
9.2830417604e-05
0.0
0.000103912051408
7.10574825167e-05
0.000378813009551
0.0698760997733
0.000936668500456
0.0
0.00111665376308
0.0
7.26653785409e-05
2.46202789081e-07
5.82519941117e-07
0.00847438201442
6.32118121133e-08
1.75373816091e-05
0.0
0.0
0.0
4.91627765211e-06
0.0
0.0
2.53698651744e-06
0.00161015749834
0.0698760997733
0.000264911106489
0.00997374741567
0.000567420125071
0.000434659247287
8.6305794174e-08
1.75901882273e-06
2.98887236483e-07
8.60590813134e-05
7.63071801635e-06
6.33519629261e-09
0.0
0.00318865527324
0.0215394524073
9.9218489561e-06
5.89894470462e-14
0.0698760997733
0.0698760997733
0.0
0.00318865527324
5.54322779533e-06
0.000877527441798
0.00344503707212
0.000923446520174
0.0
0.000734273183091
0.00034295444545
0.00847438201442
0.0698760997733
0.000434659247287
0.000142103838488
0.0698760997733
3.32238421435e-12
0.00030335316402
0.000317595824732
0.00209016844666
0.000163628983559
0.0698760997733
2.93063498349e-09
0.0
0.000128346678187
0.0215394524073
0.0
1.15213231489e-05
0.0
5.73617761964e-07
6.30168551226e-10
0.000118726168489
5.49221661548e-07
7.97223122248e-07
0.000923446520174
0.0
2.83511738632e-09
0.00032309464249
0.0698760997733
0.0
9.90674679941e-06
5.66146532492e-05
4.07933376714e-09
1.81672344873e-05
0.0
0.00997374741567
2.22986850753e-08
0.00111665376308
2.12725299243e-10
0.0
1.60903004892e-11
0.0
0.00997374741567
1.10051990825e-05
0.0698760997733
0.0
3.39833001765e-08
0.0
0.000345295249203
2.8918645197e-09
0.000190788160806
0.0215394524073
0.0
0.000180406495823
0.000216759797328