500
0.0174831944421
0.000293510068984
1.46254826496e-05
0.00598759270095
0.0682498144263
9.02501668777e-07
0.0
0.000887605668564
0.0174831944421
0.0
1.58505070931e-10
0.000313526994751
5.24780191824e-05
1.51175232035e-07
0.00192525554325
0.0174831944421
0.0
0.00192525554325
1.33773811585e-13
1.63511321772e-05
0.0
3.35766154003e-08
6.53869416023e-09
3.54431807256e-06
0.0
2.22054213884e-07
3.16814966828e-06
0.000217252646425
0.000320050200365
0.0682498144263
0.0174831944421
0.0015896628232
0.0682498144263
3.26857883211e-05
0.00557877421402
5.72837315905e-06
9.66762998879e-05
0.0682498144263
0.000683165197849
0.0174831944421
0.0
0.00430287617865
0.000194920944101
7.46778503939e-05
0.0
0.0
0.0
0.000360727453139
0.000170835975708
0.00635700979509
2.65692537693e-05
0.0682498144263
0.0
0.00167829818881
1.66053635928e-05
0.0
1.95976266132e-06
0.0002994850144
0.0
0.0
0.000160234246462
0.0
0.0
0.0012400794496
0.000562283308387
6.13689639506e-05
8.17230939415e-05
6.84492064778e-07
0.0
0.0015896628232
8.43248942111e-06
0.000562283308387
0.0
0.021040448719
3.27945609689e-06
0.000134248631273
0.000192786758596
0.000475714392502
2.78806828845e-07
0.0
1.10977334656e-06
5.62872550968e-06
0.0682498144263
0.000313060779458
6.62554814851e-07
0.00265919857624
0.0
3.15344947707e-05
5.10712266282e-09
0.0
0.00557877421402
1.10051489916e-05
0.0
3.20628197713e-06
2.41434686487e-05
0.0682498144263
1.14538854329e-05
2.00266483486e-08
0.0682498144263
0.000292037479086
4.19545258193e-08
0.00265919857624
0.0
0.0
8.47896510824e-05
1.53552589665e-08
0.0008848170477
9.28664350395e-07
0.0
7.76040206969e-07
0.0
0.000194920944101
0.0
0.021040448719
0.00451133521985
0.000209501301384
0.0
0.0
1.33527060507e-09
2.71036912207e-07
8.17230939415e-05
0.00167829818881
0.0682498144263
1.55989243549e-06
0.000178298467473
0.0
0.000752251157406
5.19865348641e-06
0.000819738100604
0.000134248631273
0.00200915325281
8.65112240378e-08
1.06974785799e-05
0.00557877421402
0.000404412209655
0.00562549813259
0.0
2.78063182491e-09
7.80473144205e-07
0.00909287041525
2.08944930664e-14
0.0
0.0
9.90160483647e-05
0.00909287041525
0.00154940592289
0.0682498144263
0.0174831944421
0.0
2.19452402167e-14
7.38436378783e-05
0.0174831944421
7.73824639117e-05
0.0
1.36553394561e-05
8.42269014729e-07
0.00635700979509
3.09530646046e-08
7.53614364559e-05
0.021040448719
0.0682498144263
2.3376112306e-05
2.47756963603e-05
3.67436639858e-07
0.0682498144263
0.0
0.00064772650601
2.62004457081e-07
6.72523325315e-09
4.90512590839e-07
0.00557877421402
0.00045982115906
0.0174831944421
0.0
0.000575434641899
0.000147508348255
0.0
0.0
6.33077679725e-06
0.0682498144263
0.0174831944421
0.00192525554325
0.0
0.0
0.0
0.0
0.00126039773097
5.14929517848e-05
0.00167829818881
0.0682498144263
0.0174831944421
0.000320050200365
0.0
7.33648866932e-14
0.0
0.0
4.51931678437e-09
2.56199497103e-11
0.0
0.000752251157406
7.87312899459e-05
0.0682498144263
0.0
0.000224315994751
0.0682498144263
0.00189330785121
0.0
0.00227524595237
0.0
0.0
0.0
0.000130644261491
1.01901050934e-06
0.000887605668564
4.86114251641e-10
0.0
0.0
0.0682498144263
0.00598759270095
1.58540375296e-07
0.0
0.0174831944421
0.0
8.27103129123e-07
6.29758819089e-07
1.21707446043e-07
5.13586483987e-05
0.000126116688901
0.000177648525835
0.00265919857624
8.68846113949e-08
2.79848586241e-09
3.77346387935e-10
2.13425750488e-07
3.78488079387e-05
0.000194920944101
0.00635700979509
0.000575434641899
3.15232740072e-05
0.000794194678635
2.92147871639e-05
0.000404412209655
0.0174831944421
0.00146674982936
0.00451133521985
0.0
0.0
0.0
5.41153288822e-06
2.10570537035e-06
0.000613289672776
4.42338627228e-09
0.0
0.0
0.000282657997266
0.0
2.04651867301e-05
0.0
0.00121264547211
1.25660880726e-11
0.0682498144263
0.0
8.97959847666e-07
8.55061007021e-08
7.90191295352e-08
0.0174831944421
2.62736727613e-11
0.001809261004
0.000761760782116
0.000683165197849
1.35026526072e-11
9.20451759511e-06
0.0174831944421
0.0
0.0
0.0
0.0
0.000334626517396
0.0682498144263
0.00146674982936
6.48034049967e-05
5.1580995184e-05
7.58387439716e-05
0.0
0.00557877421402
2.11052948102e-05
5.63360966142e-06
0.00200915325281
2.44088637924e-05
0.00265919857624
0.0
0.000710878751652
0.000693921489009
3.5791694924e-07
0.0682498144263
0.000227517442439
0.0174831944421
1.52030796781e-12
0.000200293870172
0.0174831944421
3.39842460125e-06
0.0
2.85033117044e-08
0.0
0.000130733192696
0.0
0.0
0.00154940592289
1.55467416615e-11
0.0
2.08122929754e-05
0.0
6.33156106141e-06
0.0
0.0
0.000178298467473
7.38436378783e-05
0.000342766504423
0.0
7.23102865572e-13
0.0682498144263
2.34112824482e-05
0.0
3.41053082468e-05
0.00192525554325
2.13911830193e-06
0.021040448719
0.0
0.0
0.0
0.0
0.021040448719
0.000283695220804
0.0174831944421
1.98022760056e-05
0.0
1.24273647348e-08
0.0
0.0
0.000610372030228
0.0174831944421
0.0
0.00200915325281
5.77570160291e-07
0.0015896628232
0.000181648296904
0.00562549813259
0.00209358204527
0.00474453762012
1.59549219074e-07
0.000404412209655
0.0
2.02005843218e-06
0.0
0.0
0.00200915325281
2.21851507153e-09
0.0174831944421
0.0
7.21081261604e-07
3.78241651479e-05
0.00562549813259
6.91524897524e-05
0.0174831944421
0.0174831944421
0.0
8.12257187034e-12
5.53736998833e-06
0.0174831944421
0.0682498144263
0.0
0.00635700979509
0.0
0.0682498144263
3.02878695459e-06
0.0682498144263
0.0682498144263
0.0174831944421
0.000610372030228
0.0682498144263
0.00192525554325
2.63888488687e-06
0.000402178656816
0.000794194678635
0.000620247692948
0.000220436979047
0.0
8.5910750688e-10
0.000724336764064
0.0
0.00179428924702
0.0682498144263
7.30269615033e-14
1.42688193504e-05
0.00669793698922
7.38436378783e-05
8.36414553602e-08
0.000165211022736
5.31171190647e-05
0.000402178656816
0.0682498144263
0.00167829818881
0.0
0.00200915325281
0.0
4.49042097077e-05
1.81110716793e-07
2.66887473759e-07
0.00909287041525
0.0
5.41826377233e-05
0.0
0.0
0.0
9.18062175068e-06
0.0
1.78615889505e-09
5.18781103889e-06
0.00265919857624
0.0682498144263
0.000864287936365
0.0174831944421
0.0008848170477
0.000475714392502
5.87756060296e-08
3.44249570629e-06
7.17526880136e-07
0.0001258058111
2.03542876322e-05
1.54297482388e-09
0.0
0.00557877421402
0.021040448719
0.0
8.13747206033e-15
0.0682498144263
0.0682498144263
0.0
0.00557877421402
7.09649914539e-06
0.000676332498884
0.00598759270095
0.00146674982936
0.0
0.00157400407882
0.000420628483829
0.00909287041525
0.0682498144263
0.000475714392502
7.07909251608e-05
0.0682498144263
3.45213135011e-10
0.000562283308387
0.000794194678635
0.00451133521985
0.0002994850144
0.0682498144263
7.87071024205e-09
2.20148252755e-06
0.00016384602682
0.021040448719
0.0
3.33064538458e-06
3.26594728959e-06
2.56288400413e-07
2.11174417188e-10
0.00029741336325
6.92770156375e-07
2.20636128134e-06
0.00146674982936
0.0
0.0
0.000613289672776
0.0682498144263
0.0
5.54873926928e-05
6.37202220664e-05
0.0
2.95287394923e-05
0.0
0.0174831944421
0.0
0.00200915325281
2.15525699024e-11
0.0
0.0
0.0
0.0174831944421
3.38618312664e-05
0.0682498144263
0.0
0.0
0.0
0.000194920944101
3.88863512841e-10
0.0025625715637
0.021040448719
0.0
0.000214247006485
0.000116327129181