500
0.0028040208547
0.0
0.0
0.0
0.0
0.0
0.00355304590761
0.0017992467151
0.0
0.0
0.0
0.0
0.0
0.0
0.0
0.0
0.0
0.0
0.0
0.0
0.00434564845624
0.0
0.0
0.0
2.1129682865e-11
0.0
0.0
0.0
0.0
0.0
0.0
0.0
0.00519291324959
0.0
0.0
0.0
0.0
0.00434564845624
0.0
0.0
0.0
0.0028040208547
0.0
0.0
1.47203890586e-07
0.000287971444721
0.0
0.0
0.0
0.0
0.0
0.0
0.0
0.0
0.0
0.0
0.0
0.0
0.0
0.0
0.0
0.0
0.0
0.0
0.0
0.0
0.0
0.0
0.0
0.0028040208547
0.0
0.0
0.0
0.0
0.00519291324959
0.0
0.0
0.0
0.0
0.0
0.0
0.0
8.30955531967e-06
0.0
0.0028040208547
0.0
0.00434564845624
0.0
0.0
0.0
0.0
0.0
0.0
0.0
2.89789089442e-05
0.0
0.0
0.0
0.0
0.000149016756549
0.0
0.0
0.0
0.0
0.0
0.0
0.000203909042637
0.0
0.0
0.0
0.0
0.0
0.0
0.0
0.0
0.0
0.0
0.000675088799985
0.0
0.00519291324959
0.0
0.00434564845624
0.0
0.0
0.0
0.00409370202215
0.0
0.0
0.0
0.0
0.0
0.0
0.0
1.37427577887e-06
0.0
0.0
0.00519291324959
0.0
0.0
0.0
0.0
1.54150035467e-05
0.0
0.0
0.0
0.0
0.00434564845624
0.0
0.0
0.00409370202215
0.0
0.0
0.0
0.00355304590761
0.0
0.0
0.0
5.38889720816e-06
0.0
0.0
0.0
0.0
0.0
0.0
0.0
0.0
0.0
0.0
0.000350590688238
2.79664358317e-06
0.0
0.0
0.0
0.0
0.0
2.53800458676e-05
9.88348969031e-06
0.0
0.0
0.0
7.4817657141e-06
0.0
0.0028040208547
0.00519291324959
0.0
0.0
0.0
0.0
0.00434564845624
0.0
8.56861840011e-06
1.9069832291e-05
0.0
0.0
0.0
0.0
0.0
0.0
0.0
0.0
0.0
0.0
0.0
0.0
3.51813944427e-06
0.0
0.0
0.0
0.00519291324959
0.0
2.02770352719e-05
0.0
0.0
0.0
5.2708472565e-05
8.30955531967e-06
0.0
0.0
0.0
0.0
1.54150035467e-05
0.0
0.0
0.0
0.0
0.000675088799985
0.0
0.000479695034685
0.00409370202215
0.00409370202215
0.0
9.98860552999e-06
0.0
0.0
0.0
4.17603499282e-05
0.0
0.000402229167919
0.0
0.0
0.0
0.0
0.0
0.0
0.0028040208547
0.0
0.0
0.0
0.0
0.0
0.0
0.0
0.0
0.0
0.0
0.000323091974037
0.0
0.0
0.0
0.0
0.0
0.0
0.0
0.0
0.0
0.0
0.0
0.0
0.00519291324959
0.0
0.0
0.0
0.0
0.0
0.0
0.0
0.0
0.0
0.0
0.0
0.00519291324959
0.0
0.00409370202215
0.0
0.000273010431741
0.0
0.000199271526261
0.0
0.0
0.0
0.0
0.0
0.0
0.0
0.0
1.58434406459e-05
0.0
0.0
0.0
0.0
0.0
0.0
0.0
0.0
0.0
0.0
0.0
0.0
0.0
0.000323091974037
0.0
0.0
4.17603499282e-05
0.0
0.0
0.0
0.0
0.0
8.18927890051e-06
0.0
0.0
0.000350590688238
0.0
0.0
0.0
0.0
0.00409370202215
0.0
0.0
0.0
0.000203909042637
0.0
0.0
0.0
4.17603499282e-05
0.0
0.0
0.0
0.0028040208547
0.0
0.0
0.0
5.23315143374e-05
0.0
0.00409370202215
0.0
0.0
0.0
0.00434564845624
0.0
0.0
0.0
0.0
0.0
0.00434564845624
0.0
0.000323091974037
0.0
0.0
0.0
0.0
0.0
0.0028040208547
0.00519291324959
0.0
0.0
0.0
3.50773601789e-10
0.0
0.00409370202215
0.0
0.0
0.00434564845624
0.0
0.0
0.0
0.0
0.0
0.0
3.46288849019e-05
0.00240678456695
0.0
0.0
0.0
0.0
0.0
0.0
0.0
0.0
0.0
0.0
0.0
0.0
0.0
0.0
0.00519291324959
0.00434564845624
0.0
0.0
0.0
0.00519291324959
0.0
0.0
0.0
0.0
0.0
0.0
0.0
0.0
0.0
0.0
0.0
0.0
0.0
0.0
0.0
0.0
0.0
0.0
0.0
0.0
0.0
0.0
0.0
0.00434564845624
0.0
0.0
0.00434564845624
0.00409370202215
5.89526231004e-06
0.0
0.0
0.0
0.0
0.0
0.0
0.0
0.0
0.00519291324959
0.0
0.0
0.00240678456695
0.0
9.72257848079e-06
0.0
0.0
0.0
0.0
0.00409370202215
0.0
0.0
0.0
0.0
0.0
0.0
0.00434564845624
0.0
0.0
0.0
0.0
0.0
0.0
0.0
0.0
0.0
0.0
0.0
4.30003627666e-06
0.0
0.0
0.0
0.00519291324959
0.0
0.0
0.0
0.0
0.00409370202215
0.0
0.0
0.0028040208547
0.0
0.0
0.0
0.0
0.0
0.00409370202215
0.0
0.0
0.0
0.0
0.0
0.0
0.00519291324959
0.00434564845624
0.0
0.0
0.0
0.0
0.0
0.0