500
0.00145824185343
4.90032564107e-05
1.80768155818e-09
8.26274001512e-06
0.0103925440527
1.18493336124e-09
0.0
1.78927472612e-06
0.00145824185343
3.67481468665e-08
1.11040058591e-23
8.75022055066e-07
1.18216409871e-06
2.45011113084e-16
6.92207006541e-07
0.00145824185343
3.84672117823e-08
6.92207006541e-07
1.50049470406e-24
1.14346296805e-08
0.0
1.03783384502e-16
0.0
2.31144569682e-12
1.34927166191e-15
1.39895305983e-10
1.60886972926e-05
3.13393293257e-07
7.36441921204e-07
0.0103925440527
0.00145824185343
2.22409397147e-05
0.0103925440527
1.99494228691e-11
0.000121990945137
1.81489342945e-08
1.57479164083e-14
0.0103925440527
5.672372866e-09
0.00145824185343
1.78815792015e-13
0.012054528
0.0
3.59179438945e-07
1.00776372947e-21
0.0
9.63999354554e-11
0.0
6.53533847368e-05
0.028387843445
2.08723540661e-10
0.0103925440527
1.0430144395e-29
1.46551077783e-05
2.01876659454e-11
5.32937447502e-21
2.15491559744e-10
6.92241237677e-07
0.0
0.0
9.78195715454e-08
3.35904738883e-21
0.0
0.00132565430173
3.84031632054e-07
3.81014575733e-08
8.90609970615e-08
2.56858706641e-16
0.0
2.22409397147e-05
1.34957627221e-11
3.84031632054e-07
0.0
0.000861823244785
0.0
7.06679671715e-07
2.52059635134e-08
0.0
1.6356712274e-10
1.83283765269e-11
7.73446356503e-10
4.13397727162e-10
0.0103925440527
0.000575949560263
7.75320418925e-07
8.66684277928e-05
3.81144708581e-11
2.84873158441e-09
1.65087969944e-16
0.0
0.000121990945137
5.32226293529e-09
0.0
8.21777313471e-08
6.96884029485e-11
0.0103925440527
4.16061566055e-14
1.47212356443e-13
0.0103925440527
1.02283259953e-05
3.17417903942e-17
8.66684277928e-05
0.0
2.00153870942e-19
8.81589098677e-07
2.77311036893e-16
2.11699837887e-06
1.07518722932e-12
2.59059103401e-14
0.0
1.59295823953e-15
0.0
0.0
0.000861823244785
7.26445207728e-05
1.22291697847e-07
7.1436543156e-11
0.0
2.90590739254e-12
0.0
8.90609970615e-08
1.46551077783e-05
0.0103925440527
4.46643861674e-14
1.42943364125e-05
2.77486819476e-25
2.01301691774e-05
5.50333244206e-10
5.89080956082e-11
7.06679671715e-07
2.16495447989e-07
5.87496080578e-14
1.72930275389e-09
0.000121990945137
9.72058069827e-05
0.000525668662236
0.0
9.0917615078e-17
0.0
0.00805851322048
0.0
0.0
0.0
3.21775945629e-05
0.00805851322048
7.54408554537e-07
0.0103925440527
0.00145824185343
8.10411692137e-27
1.68921373379e-25
1.25376522232e-07
0.00145824185343
6.06121323505e-07
0.0
1.40823108948e-10
0.0
0.028387843445
0.0
2.21319284349e-11
0.000861823244785
0.0103925440527
5.88864300086e-08
0.0
1.38583996358e-13
0.0103925440527
5.65298448599e-11
1.8136942507e-08
7.88528591723e-13
0.0
0.0
0.000121990945137
1.94850354197e-11
0.00145824185343
0.0
0.0
7.19174270244e-08
0.0
0.0
8.4840649593e-08
0.0103925440527
0.00145824185343
6.92207006541e-07
4.45961022597e-27
0.0
0.0
9.70446708992e-11
6.10616228961e-09
1.25803536229e-06
1.46551077783e-05
0.0103925440527
0.00145824185343
7.36441921204e-07
3.24229403458e-25
0.0
0.0
0.0
4.35743101402e-18
1.6306987509e-25
0.0
2.01301691774e-05
8.32208322128e-05
0.0103925440527
0.0
5.48168139474e-05
0.0103925440527
0.0
0.0
0.00334036046767
5.86155143692e-09
8.55850789822e-16
2.96928608696e-07
0.0
1.10841048808e-11
1.78927472612e-06
1.30450332387e-11
0.0
2.63233049683e-15
0.0103925440527
8.26274001512e-06
8.57040933854e-17
0.0
0.00145824185343
0.0
8.58807967368e-08
2.40127444193e-11
1.25425412081e-11
1.25464460329e-07
2.64197466007e-07
3.04522600221e-07
8.66684277928e-05
1.47962494589e-17
1.054214664e-20
0.0
0.0
2.2935219461e-07
0.0
0.028387843445
0.0
8.12652361413e-08
0.0
5.84504680838e-08
9.72058069827e-05
0.00145824185343
0.0
7.26445207728e-05
2.44296344934e-08
0.0
0.0
3.84236019966e-13
2.24504859191e-12
1.99043432888e-06
0.0
6.97621828361e-10
0.0
0.0
0.0
2.25169988718e-05
0.0
0.000503854067343
7.74924054308e-22
0.0103925440527
0.0
9.44309966392e-16
5.44358207835e-13
1.39279423725e-16
0.00145824185343
1.19826478401e-21
4.40154392134e-05
0.00380856111156
5.672372866e-09
0.0
2.26105363699e-08
0.00145824185343
3.65984224064e-38
0.0
0.0
0.0
0.000891226343871
0.0103925440527
0.0
1.58336079867e-06
0.000152438828837
0.0
0.0
0.000121990945137
1.38015442072e-08
5.18042036173e-07
2.16495447989e-07
0.0
8.66684277928e-05
0.0
0.000289041660001
5.06251784523e-07
5.8346446105e-14
0.0103925440527
1.041478368e-07
0.00145824185343
3.84357891483e-20
4.85810022925e-09
0.00145824185343
0.0
5.3193678984e-18
0.0
0.0
4.46065820831e-08
0.0
1.39049919687e-40
7.54408554537e-07
0.0
0.0
2.89771402979e-09
0.0
1.81619179203e-10
0.0
0.0
1.42943364125e-05
1.25376522232e-07
0.000124046228142
0.0
0.0
0.0103925440527
8.40507197833e-06
2.20885189742e-09
8.57947096606e-09
6.92207006541e-07
2.67660381228e-17
0.000861823244785
0.0
4.36917953036e-15
0.0
2.98973401438e-15
0.000861823244785
1.36705981553e-07
0.00145824185343
1.1276730516e-05
0.0
2.64149105762e-17
0.0
0.0
1.58964659706e-06
0.00145824185343
0.0
2.16495447989e-07
7.98844575795e-09
2.22409397147e-05
3.79758800208e-08
0.000525668662236
5.42968773459e-05
0.000246986617127
3.84808667418e-11
9.72058069827e-05
0.0
8.39259819285e-11
1.87116265402e-11
0.0
2.16495447989e-07
1.73008232508e-14
0.00145824185343
2.07465009696e-06
3.1281501986e-12
0.0
0.000525668662236
1.35607880346e-11
0.00145824185343
0.00145824185343
0.0
8.49212479957e-19
6.19364189345e-09
0.00145824185343
0.0103925440527
3.13973318712e-19
0.028387843445
2.61204385893e-29
0.0103925440527
3.41135251376e-07
0.0103925440527
0.0103925440527
0.00145824185343
1.58964659706e-06
0.0103925440527
6.92207006541e-07
3.17166850331e-14
0.0
0.0
8.48312379528e-05
4.75204086891e-10
2.92649808151e-14
1.15938587625e-15
8.80984004772e-05
1.47695910427e-06
1.02185995956e-05
0.0103925440527
4.05856532656e-21
1.97439357217e-09
7.21387888523e-05
1.25376522232e-07
2.79471516411e-11
2.76264766046e-05
7.69218125201e-09
0.0
0.0103925440527
1.46551077783e-05
0.0
2.16495447989e-07
2.44828951869e-20
8.21657121225e-12
0.0
4.33273460853e-11
0.00805851322048
0.0
1.11947922918e-05
0.0
6.21402945597e-16
0.0
1.53677903913e-08
0.0
3.3432444469e-17
0.0
8.66684277928e-05
0.0103925440527
3.87014974813e-05
0.00145824185343
2.11699837887e-06
0.0
4.92809709211e-16
8.39043228171e-07
1.36115635864e-10
1.48698509002e-08
2.4894311742e-06
2.85231735967e-18
0.0
0.000121990945137
0.000861823244785
0.0
4.37389807551e-31
0.0103925440527
0.0103925440527
3.54610160202e-11
0.000121990945137
4.0609123396e-12
5.23122826171e-07
8.26274001512e-06
0.0
1.23234998081e-24
5.68811834284e-06
3.80838477103e-06
0.00805851322048
0.0103925440527
0.0
0.0
0.0103925440527
0.0
3.84031632054e-07
0.0
7.26445207728e-05
6.92241237677e-07
0.0103925440527
2.05723998491e-15
0.0
2.21424331454e-09
0.000861823244785
2.00514629618e-12
1.89184225669e-08
0.0
3.3626339696e-11
1.87075902462e-19
0.0
1.47410812419e-07
3.25023549282e-12
0.0
0.0
2.84550601742e-19
1.99043432888e-06
0.0103925440527
0.0
8.08464728852e-06
2.892718458e-06
2.64959456658e-20
2.77579893468e-06
3.03632329289e-28
0.00145824185343
1.02099866927e-14
2.16495447989e-07
2.51979906299e-33
4.06420655761e-14
4.94369197998e-25
2.75312869413e-25
0.00145824185343
1.62985449796e-09
0.0103925440527
0.0
9.97752710981e-17
2.47490514529e-15
0.0
0.0
0.00056079187223
0.000861823244785
2.23673198474e-20
1.61871178717e-10
0.0