500
0.0
0.000389831076866
0.000473712736175
0.0
0.0
0.000473712736175
9.86838146958e-06
0.0
0.000771254359564
3.41383222317e-05
0.0
1.01660443637e-06
0.000371469139618
7.23791601877e-07
7.4309278956e-07
4.35270098576e-08
6.18719686504e-09
0.000644677914889
2.2875467259e-05
0.0
4.61294008522e-08
5.41218005609e-05
0.0
5.25864913668e-08
8.60473148414e-06
0.00026196447951
3.18428907466e-07
3.07969324228e-06
0.000274996431484
0.0001513349876
0.0
7.95354070306e-11
5.63542530785e-09
0.000644677914889
0.000555778878242
1.12832739793e-06
1.13702938328e-13
2.68210131317e-05
2.59606503589e-06
3.54200506022e-06
2.06597128819e-08
2.84767020931e-11
0.0
0.000154980045316
0.000473712736175
9.40193564571e-08
3.54950640831e-07
9.00422583584e-08
0.0
1.66326171838e-05
0.000134019629352
1.86961283428e-08
1.87380897833e-05
3.92261184221e-14
2.68491788885e-10
0.000283283641819
2.20859309177e-05
0.000549390292867
0.0
0.0
0.0
2.2059933022e-05
3.65286315613e-05
0.000549390292867
0.000136711768752
1.26179425322e-06
0.000651140975697
0.0
8.52210544882e-06
0.000371469139618
1.87380897833e-05
1.20486953159e-17
0.000555778878242
1.79289473713e-05
1.40456243576e-10
0.0
0.0
0.000389831076866
0.000371469139618
8.67786545649e-09
9.50886398374e-10
1.26674482626e-07
6.40769962972e-07
1.24469789266e-05
0.000651140975697
5.23307471281e-05
1.64242433723e-05
0.0
9.30341924601e-06
0.0
0.0
0.000568338360159
5.51219529313e-05
1.78103873071e-05
1.63315281609e-05
2.77448006797e-14
1.60416929995e-11
9.01155174013e-08
0.0001568825978
5.68841055774e-07
2.18361416796e-08
5.61117506201e-05
5.68534192551e-17
0.000771254359564
0.0
0.000644677914889
0.0
0.0
1.71663447915e-10
3.01030288983e-05
0.000124941931894
5.02264669729e-06
0.000167890424519
1.02459791898e-09
5.54226984231e-06
1.26113988653e-05
5.40724128307e-06
3.76446702434e-08
6.21343769706e-11
9.8095686376e-06
4.2360502807e-06
4.62466239288e-10
5.25528035303e-05
0.0
2.58538820799e-07
0.000160250609883
6.35459001021e-07
0.0
0.000555778878242
5.4945986187e-06
0.000136711768752
0.0001568825978
0.0
1.45928517551e-05
3.4030263849e-08
4.7230379556e-05
0.0
0.0001568825978
0.0
0.0
5.81537413306e-05
6.55321349175e-05
0.000651140975697
0.000319015875409
0.0
0.000549390292867
2.10619776379e-08
0.000555778878242
0.0
1.25976169689e-05
0.000644677914889
0.0
9.86141760327e-17
0.000118324567926
2.73857566741e-05
0.000651140975697
2.41802916817e-09
8.87802183538e-08
3.35014833153e-13
4.48195319889e-06
0.0
0.0
6.08985932664e-06
0.000644677914889
0.000136711768752
5.51219529313e-05
0.0
6.73933578252e-06
4.49371692649e-06
4.02055537418e-06
1.88391972765e-07
5.34581993321e-06
1.14918777417e-05
0.000211685364863
0.00030293522749
4.2347301992e-05
6.66797276527e-07
9.5880522365e-05
0.0
0.0
0.0
0.000183233124032
0.0
0.000554870626506
1.12956466037e-05
3.14257121277e-13
5.31603333051e-10
0.000657225402269
2.40403138159e-11
1.82912682078e-09
0.000110986590652
0.0
0.000666945368311
3.56640627614e-09
3.80651992283e-13
1.47553495974e-10
2.91517358898e-06
4.49879504812e-10
7.30406027223e-07
0.000771254359564
0.0
1.38831418441e-07
0.000110986590652
1.26988959852e-10
1.66000936461e-12
0.0
1.56840834575e-05
4.89569220536e-05
3.24862233781e-05
0.000206634006029
7.90123353054e-08
0.000208658451837
0.000234338565563
1.81213698619e-05
5.88838125668e-06
1.27156083047e-06
3.22412527297e-15
5.71385371305e-05
3.89923931843e-08
0.000110511434572
1.41543801368e-06
0.000135293547688
0.0
6.6741706128e-09
0.000332938484934
9.68696363098e-20
2.28767321977e-05
1.2914281995e-12
0.0
0.000178279946509
3.57434568848e-05
3.58409503039e-08
0.0
0.000205845543026
0.0
0.0
0.000771254359564
9.9064871593e-05
0.0
8.09483098655e-05
3.70646928523e-07
6.2586347568e-05
0.000271863237707
8.20952832308e-10
2.84045148531e-09
4.48195319889e-06
3.4069802407e-05
2.65399523811e-08
1.76452478541e-08
9.73676024527e-05
1.50208865564e-05
0.000644677914889
6.32705247934e-12
1.10554756076e-05
5.49742466289e-07
0.0
0.0
0.0
0.000205845543026
0.000657225402269
3.10722043153e-10
0.000111813991331
0.000771254359564
0.0
2.47937083614e-07
3.0349347509e-19
0.000554870626506
2.82166002905e-07
2.27700568596e-05
0.0
0.0
7.3830186351e-06
0.0
9.16483812004e-06
0.000473712736175
1.36582212046e-05
3.7464254433e-07
0.0
4.2391241824e-06
0.0
0.000175393923085
0.0
0.0
0.000473712736175
2.59804502503e-05
1.22891807666e-06
6.91687874515e-05
0.000135946431179
6.44091677996e-08
0.0002990260016
0.000644677914889
5.02574503372e-05
0.0
7.54754636904e-06
5.05402641493e-05
7.84695799912e-07
0.0
4.06201617405e-06
2.02593277636e-06
0.0001513349876
6.50195732247e-05
3.70764834431e-08
0.0
5.00313334414e-13
0.0
3.09651202309e-08
2.73935468856e-06
0.000771254359564
0.0
8.81227442226e-05
6.32513768125e-12
0.0
0.00026196447951
0.0
0.0
3.2752308943e-05
0.000115520668212
8.52154351875e-16
1.6752961031e-07
5.50847100454e-08
0.000473712736175
5.7973624457e-06
2.98261956072e-08
2.75156004642e-08
1.35987283617e-05
0.0
3.46904539378e-05
0.000651140975697
0.0
0.000110986590652
0.000206634006029
2.78795363691e-05
6.7961434681e-06
3.22317234387e-05
4.25469713859e-17
0.000657225402269
0.000666945368311
0.000657225402269
3.84332460556e-09
5.82062795844e-05
5.93866717823e-05
0.0
0.0
4.57195836087e-10
0.000126114560337
3.34204834875e-07
0.000319015875409
0.0
0.000439992573139
0.000771254359564
1.69318401341e-17
7.96138957461e-10
2.43662782201e-08
0.0
0.000549390292867
0.0
0.000461741663861
0.000657225402269
2.6362474501e-09
0.0
0.0
9.41150757794e-10
6.39382818397e-06
6.01246720023e-07
8.40232236386e-05
0.0
2.8777109112e-05
2.69905022673e-05
1.80389311614e-08
0.0
2.0082209619e-06
1.21365598708e-08
3.22317234387e-05
0.0
4.7230379556e-05
0.000183233124032
1.14288637959e-05
0.000161930444541
0.000319015875409
0.0
0.0
2.37697541394e-07
0.0
1.78477579307e-09
7.44987539918e-11
0.0
2.02593277636e-06
0.0
0.0
1.27369964483e-08
9.4651814354e-06
2.85781293102e-07
2.8896284977e-07
5.36266533698e-09
6.0347773232e-10
3.16991577018e-05
1.89453388003e-05
1.64243558438e-06
2.68369277266e-08
0.0
0.000644677914889
0.0
2.8819140883e-08
6.96938980634e-06
1.5786015668e-05
0.000129579427605
1.56746260455e-05
0.0
1.86567313642e-09
5.20610593008e-07
0.000651140975697
0.0
9.9064871593e-05
0.0002990260016
5.98307337449e-05
5.82865953783e-05
3.58620823062e-05
0.000555778878242
0.0
0.000380485380871
7.27706651126e-06
1.05009967213e-07
7.16693783462e-06
2.09584375314e-12
0.000114801673686
0.0
0.0
3.32910058396e-07
0.0
2.73653242054e-07
3.31573213325e-08
2.19749022674e-07
4.93608070831e-11
9.51430332959e-18
0.0
0.000267319433268
7.99581118372e-11
2.81654504335e-06
3.17121441118e-09
2.85446512544e-05
1.6355309684e-06
0.0
1.74615763176e-08
5.42097453641e-07
0.000555778878242
2.73415399614e-06
5.12763485604e-06
3.40802379909e-09
0.000131459845238
0.000549390292867
8.72001560337e-06
0.000555778878242
2.5445355144e-18
0.000114801673686
5.34828685841e-06
0.000555778878242
5.70086179402e-05
1.52219309035e-11
0.0
2.89421861216e-12
9.8095686376e-06
1.93566377164e-10
1.09233002584e-08
0.000136711768752
0.000283283641819
0.000175393923085
0.000771254359564
1.46354662077e-06
0.0
1.74545848049e-16
0.000549390292867
0.000651140975697
0.0
8.90634435012e-06
2.13654679952e-09
4.15950505207e-08
0.000206634006029
8.19280783406e-05
0.0
0.0
0.0
1.80805243736e-07
2.82979240803e-08
4.38271564346e-11
0.0
0.0
8.22123983253e-15
0.000771254359564
0.0
0.0
0.000283283641819
2.51117438176e-10
7.01737094557e-12
9.19102395189e-06
4.51623335018e-05
0.0
2.49632172875e-05
2.11402037004e-07
0.000555778878242
8.09483098655e-05