500
0.0183665838522
0.000457975523082
7.19323280013e-06
0.0058533186916
0.0701069836553
3.2099239135e-06
6.33491878553e-19
0.000803956899679
0.0183665838522
4.38494924895e-06
3.82198850356e-11
9.75135637547e-05
2.01758392947e-06
1.91343995019e-08
0.0016708416705
0.0183665838522
2.48202120106e-07
0.0016708416705
1.24428297813e-14
1.65228296718e-05
8.98921594927e-12
7.14012329261e-10
1.27705113008e-09
4.25956724127e-07
6.41270378478e-14
5.5227888014e-08
7.41514724974e-07
0.000237534711741
5.76868915146e-05
0.0701069836553
0.0183665838522
0.00246537633461
0.0701069836553
1.09230748759e-05
0.00524277854357
4.10084018773e-05
4.93601774586e-06
0.0701069836553
0.000527956591118
0.0183665838522
6.71881365655e-11
0.00871244239631
0.00051136212018
8.66875261885e-05
1.58898716885e-19
9.650061843e-09
6.22143528564e-09
0.000323864198806
4.12461317653e-05
0.0158930722892
1.68087934783e-05
0.0701069836553
8.65151093921e-23
0.00242818865363
9.50670836709e-07
1.60176968756e-15
3.13912813587e-08
0.000367611539514
2.34215172919e-10
3.77295077008e-18
7.11667593641e-05
1.3992937623e-13
1.25655827355e-12
0.00177618233071
0.000729256734165
2.50416554159e-05
5.44125725685e-05
2.77781466417e-08
5.90667952505e-13
0.00246537633461
7.76259169317e-06
0.000729256734165
2.76132460411e-12
0.0200121804153
3.56159152089e-09
0.000176394958299
0.000244191383146
0.000133947210659
6.29635223281e-08
2.69471393105e-08
4.46283789045e-08
5.7663165759e-06
0.0701069836553
0.00032391865807
1.77177524581e-05
0.00373657803036
1.90663182363e-08
1.82757495105e-05
1.71399016246e-09
2.34162566627e-19
0.00524277854357
1.26584478518e-05
7.73758479922e-17
1.63858473614e-07
2.24507985072e-05
0.0701069836553
6.91142660631e-07
2.73824112098e-10
0.0701069836553
0.000562893786922
4.40209448085e-09
0.00373657803036
3.39999236585e-15
2.70825488028e-17
9.33662450773e-05
6.86661625766e-10
0.00038333265638
2.00099797423e-07
2.90986654357e-13
1.74841772048e-09
2.67294399781e-13
0.00051136212018
3.44756376296e-12
0.0200121804153
0.00149271814528
0.000235649344964
4.95922806227e-08
3.14688310931e-12
3.97940816156e-10
9.17627897053e-08
5.44125725685e-05
0.00242818865363
0.0701069836553
1.07325213533e-07
2.21471588353e-05
1.744509379e-17
0.00116514361019
1.62827227223e-06
5.42587519967e-05
0.000176394958299
0.00175792439631
3.5958075897e-10
5.21433151996e-06
0.00524277854357
0.000731173409169
0.00617296154279
3.76875513761e-22
1.25967674521e-09
2.51452377216e-06
0.0184350230415
1.13170491388e-17
5.32062530525e-16
3.19996990942e-32
0.000109066470802
0.0184350230415
0.00222774231716
0.0701069836553
0.0183665838522
5.50337855184e-20
1.84019215152e-16
7.79868697236e-05
0.0183665838522
3.66861981286e-05
1.59199596865e-10
2.27496826862e-06
4.33272578407e-08
0.0158930722892
4.84971757444e-09
3.18287624141e-05
0.0200121804153
0.0701069836553
1.79523517405e-05
1.70241442191e-05
2.47474844891e-07
0.0701069836553
1.99660503815e-07
0.000501803077826
3.39839972662e-08
2.99068490365e-10
1.73164814524e-07
0.00524277854357
0.000212762046371
0.0183665838522
4.03567288782e-15
0.000556204050397
5.37331870286e-06
1.78529177509e-06
9.86508957869e-25
3.16065628484e-06
0.0701069836553
0.0183665838522
0.0016708416705
1.88758589549e-20
2.14212185065e-12
1.03796927481e-09
2.28991292868e-07
0.000667606219843
4.92773308063e-06
0.00242818865363
0.0701069836553
0.0183665838522
5.76868915146e-05
7.21888431193e-18
1.106398178e-14
6.35459307826e-24
5.47441974866e-10
2.5335612213e-09
1.40530677393e-11
5.60474948246e-17
0.00116514361019
3.09832254177e-05
0.0701069836553
7.26760945302e-09
0.000267348037942
0.0701069836553
0.000106625038297
1.04910787794e-27
0.00315194752471
6.90923003419e-09
8.95972098919e-13
1.11716788018e-05
1.25867588142e-05
5.39462511916e-10
0.000803956899679
3.15458653967e-11
2.72416200434e-17
2.86583661666e-13
0.0701069836553
0.0058533186916
7.01966490933e-08
6.51618659737e-09
0.0183665838522
2.1129804556e-15
4.76927259598e-07
1.33598416917e-06
3.56432364995e-09
3.63697042661e-05
2.03131212578e-05
0.000653081672181
0.00373657803036
1.97200508682e-09
5.21213181001e-11
1.9393074379e-13
1.98978342034e-09
2.93348702466e-05
0.00051136212018
0.0158930722892
0.000556204050397
8.87679637969e-06
0.00114756861028
2.86772407982e-05
0.000731173409169
0.0183665838522
0.00141504853998
0.00149271814528
3.93023413135e-08
1.1343795777e-13
3.36063856909e-10
8.02598938549e-08
1.68089961632e-06
0.000875644379001
7.49969181496e-10
5.90245897223e-09
6.2782066405e-08
9.15869419356e-05
2.72152259766e-16
7.49638525248e-05
6.1077528165e-11
0.000692209735055
2.94155248628e-16
0.0701069836553
2.41473576554e-20
8.95581714821e-08
2.71547230196e-08
2.52417597297e-08
0.0183665838522
2.771899353e-12
0.00176208436948
0.00131900557127
0.000527956591118
1.78318227208e-12
8.67013277571e-07
0.0183665838522
6.80581320842e-19
5.448987469e-11
1.1824915802e-07
7.21846256375e-22
0.000676953755646
0.0701069836553
0.00141504853998
5.45035294974e-05
3.19774301152e-05
4.1803510338e-06
5.43375968845e-12
0.00524277854357
6.63322388443e-06
1.81942260005e-05
0.00175792439631
1.51126210818e-05
0.00373657803036
3.77090405082e-10
0.0014099696307
0.000465472246895
2.61431844973e-07
0.0701069836553
3.11548198872e-05
0.0183665838522
6.05988382392e-14
0.000136144955054
0.0183665838522
2.55403602485e-09
2.52492795676e-11
4.54045874294e-09
1.74190069599e-24
9.25288064416e-05
6.03656101818e-19
1.19055464948e-28
0.00222774231716
1.05358379822e-13
1.63101824854e-07
2.07033272125e-05
6.9831906703e-13
3.3395837268e-06
4.27847663796e-09
6.74654823075e-09
2.21471588353e-05
7.79868697236e-05
0.000534987499764
1.87427101892e-21
4.78857621524e-17
0.0701069836553
2.74477874963e-05
2.17424077109e-08
2.01448740462e-05
0.0016708416705
1.18447838805e-07
0.0200121804153
3.58324971953e-23
1.75376302845e-09
3.40730196556e-14
3.46484647204e-14
0.0200121804153
0.000373241505966
0.0183665838522
9.72398352433e-07
4.91548513987e-10
4.31466233598e-13
3.07963857622e-07
6.49842133102e-08
0.00220477590152
0.0183665838522
7.70777628879e-16
0.00175792439631
5.46592779306e-07
0.00246537633461
6.23532013147e-05
0.00617296154279
0.00149340522116
0.00745988877166
4.7146399177e-09
0.000731173409169
1.35513122433e-10
1.145636647e-06
1.10059307717e-06
5.83629406531e-20
0.00175792439631
2.86221217808e-09
0.0183665838522
2.7819461805e-06
9.64518469632e-08
5.33125191486e-05
0.00617296154279
2.30461277856e-05
0.0183665838522
0.0183665838522
6.29504196651e-08
1.05437031141e-12
1.79716249176e-06
0.0183665838522
0.0701069836553
5.71064894365e-13
0.0158930722892
3.7193168381e-19
0.0701069836553
1.10962633868e-06
0.0701069836553
0.0701069836553
0.0183665838522
0.00220477590152
0.0701069836553
0.0016708416705
2.38151013662e-07
0.00053319908425
0.00114756861028
0.000969049657536
0.000150706277777
1.20849439334e-10
7.94380598845e-10
0.00113200253573
3.62923544486e-06
0.00149656174921
0.0701069836553
2.36435952199e-16
8.28589877986e-06
0.00571251741398
7.79868697236e-05
9.33379419365e-09
0.00019894472907
1.88957002957e-05
0.00053319908425
0.0701069836553
0.00242818865363
1.09083746853e-08
0.00175792439631
4.27486496276e-16
3.18287624141e-05
1.30788429918e-07
1.60494257857e-07
0.0184350230415
3.17745428691e-10
2.60322899329e-06
1.04892088557e-09
6.47628825821e-10
1.81906862894e-28
5.50613024113e-06
3.23815140366e-12
1.51694450714e-10
9.79937930437e-08
0.00373657803036
0.0701069836553
0.00177681388143
0.0183665838522
0.00038333265638
0.000133947210659
1.73831973639e-08
8.72990189174e-06
2.62396980724e-06
9.66411978391e-05
7.64149086652e-06
1.00780767244e-09
4.68941701169e-13
0.00524277854357
0.0200121804153
3.15102518425e-06
6.71428196136e-18
0.0701069836553
0.0701069836553
8.30484148942e-09
0.00524277854357
3.41019174306e-06
0.000122062118277
0.0058533186916
0.00141504853998
2.86316656212e-17
0.00125119195301
0.000506138796015
0.0184350230415
0.0701069836553
0.000133947210659
6.18328034822e-05
0.0701069836553
7.09666212015e-13
0.000729256734165
0.00114756861028
0.00149271814528
0.000367611539514
0.0701069836553
2.57032073408e-09
7.60200245875e-08
0.000146170938554
0.0200121804153
1.80716319652e-09
2.53682578169e-06
1.00458064034e-05
4.4481570627e-08
3.95024709315e-12
0.000244788998574
3.03767795016e-07
4.65307432789e-07
0.00141504853998
8.04237862823e-07
1.92999460603e-11
0.000875644379001
0.0701069836553
1.58462853267e-07
2.48805503701e-05
8.11931259702e-05
1.08224486668e-15
3.01189028382e-05
3.38965650448e-21
0.0183665838522
9.39625724677e-11
0.00175792439631
3.29122023844e-13
1.9705360934e-12
2.92384523757e-13
2.40651799296e-23
0.0183665838522
6.29543948427e-06
0.0701069836553
2.75007780405e-21
1.67002007749e-11
2.04373019638e-12
0.00051136212018
1.76746207415e-10
0.00146467567127
0.0200121804153
7.8943372031e-17
8.07355555694e-05
5.14355426285e-05