500
1.28140984062e-05
0.0
0.0
0.0
0.0
0.0
0.0
1.89221127091e-11
1.27174660042e-06
0.0166353517751
0.0
0.0
0.000996739331484
0.0
0.0
5.72123576488e-07
9.91040543973e-06
0.0
0.0
0.00117630037743
0.0
0.0
7.32563366997e-07
0.0
0.0
0.0
0.0
0.0
3.37536793913e-11
1.05743522379e-06
0.0
0.0
0.0
0.0
4.25649314253e-14
0.0
0.0
0.0
0.0
0.0
0.000181188620049
0.0
0.0
0.0
3.88646643289e-06
0.0
0.0
7.47252290449e-11
0.0
0.0
0.0
0.0
0.0
0.0
0.0
0.0
0.000181188620049
0.0
1.70785573994e-07
0.0
0.0
0.0
0.000996739331484
1.28140984062e-05
0.0
0.0
0.0
0.000181188620049
0.0
0.0
0.0
0.0
0.0
0.0
0.0
2.27014701029e-06
0.0
0.0
0.0
0.0
0.0
0.0
0.0
0.0
0.0
0.0
0.0
1.28140984062e-05
0.0
0.0
0.0
0.0
0.00117630037743
0.000181188620049
0.0
3.67799202016e-25
0.000204751653437
5.27038453202e-05
0.0
0.00117630037743
0.0
0.0
9.36256334161e-07
4.01996618946e-16
0.0
0.00117630037743
9.20493027566e-08
0.0
0.0
0.000181188620049
0.0
0.0
0.0
0.0
0.0
0.0
0.0
0.0
0.0
0.0
1.79551023874e-05
0.0
0.0
1.28140984062e-05
0.0
0.0
0.0
0.0
0.0
1.1477339117e-13
0.0
0.0
0.0
0.0
0.0
0.0
0.0
0.0
0.0
0.0
0.0
1.21771912049e-05
0.0
0.0
0.0
0.0
3.28503509562e-22
0.0
0.0
0.000181188620049
0.0
0.0
0.000264873823038
0.0
0.0
0.0
0.0
0.0
0.0
0.0
9.36256334161e-07
0.0
0.0
0.0
0.00117630037743
9.36256334161e-07
0.0
0.0
0.0
0.0
0.000241624631299
5.9587324534e-10
0.0
0.00248117946959
0.0
9.12142123475e-06
0.0
0.0
0.0
0.0
0.0
1.85420801551e-12
7.47932700152e-11
0.0
0.0
0.0
9.21383565911e-06
0.0
1.38191250343e-07
2.45336886538e-11
0.0
4.0235416788e-05
0.0
3.98391459055e-07
0.0
7.84888096626e-11
0.0
0.000996739331484
0.0
1.20071187983e-08
0.0
0.0
0.0
0.0
0.0
0.0
0.0
0.0
0.000943218605286
0.0
0.0
0.0
0.000181188620049
0.0
0.0
0.0
0.0
0.0
6.81240138993e-08
0.000181188620049
0.0
0.0
0.0
0.0
0.0
6.57742715863e-09
0.0
1.39515877843e-06
0.0
3.30227238935e-05
0.0
0.0
1.05743522379e-06
0.0
2.28863972481e-11
1.59446145005e-15
0.0
0.0
0.0
0.0
0.0
0.0
0.0
0.0
0.0
4.0235416788e-05
0.0
0.0
0.0
6.3722906965e-07
0.0
0.0
0.0
0.0
0.0
0.0
0.0
1.79551023874e-05
1.96668324174e-08
0.0
0.000996739331484
0.0
1.02045464903e-14
0.0
0.0
0.0
1.28140984062e-05
0.0
0.0
2.62509570661e-14
0.0
0.0
0.0
0.0
0.000181188620049
1.58968877172e-08
0.0
0.0
8.8888574943e-05
0.0
0.0
0.00010468468164
0.0
0.0
0.0
2.42038009516e-12
0.0
0.0
0.0
0.0
3.6147768738e-10
0.0
0.0
0.0
0.0
0.0
0.0
0.0
0.0
0.0
0.0
0.0
0.0
0.00117630037743
0.0
0.000996739331484
0.0
9.91040543973e-06
0.0
0.0
3.09399950789e-06
4.45608043806e-10
0.0
0.0
0.0
0.0
0.0
0.0
0.0
0.0
0.0
2.33319932778e-08
0.0
0.0
0.0
0.0
0.0
0.0
0.0
0.0
0.0
0.0
2.52809827929e-10
0.0
0.000181188620049
0.0
0.0
0.0
8.25591042576e-11
0.0
0.0
0.0
0.0
0.0
0.0
0.0
0.0
0.0
0.0
0.0
0.0
0.0
0.0
0.0
0.0
0.0
1.25077270124e-06
0.0
4.0235416788e-05
0.0
0.0
0.0
0.0
6.97535807947e-14
1.58968877172e-08
0.0
5.01570442275e-09
0.0
0.0
1.79551023874e-05
0.0
0.0
0.0
0.0
3.86505360672e-06
0.0
0.0
0.0
0.00248117946959
9.20620508507e-08
0.0
7.32998229775e-10
0.0
0.0
0.0
0.0
0.0
8.8888574943e-05
0.0
0.0
0.0
0.0
0.0
7.29953374215e-09
0.000181188620049
0.000996739331484
0.0
0.0
0.0
0.0
0.0
0.0
0.0
0.0
3.30227238935e-05
0.0
0.0
2.85066235358e-08
0.0
3.30227238935e-05
0.0
0.0
2.08106170589e-05
1.54282817945e-09
0.0
8.54064462368e-08
3.34962769379e-15
0.000943218605286
0.000996739331484
0.0
0.0
0.0
0.0
1.66696390695e-17
0.0
0.0
0.0
4.0235416788e-05
0.0
0.0
4.58244933032e-14
0.00117630037743
4.0235416788e-05
0.0
0.0
0.0
0.0
1.28140984062e-05
0.0
0.0
0.0
0.0
0.0
0.0
0.0
0.0
0.0
0.0
0.0
0.0
0.0
0.0
0.000996739331484
0.0
4.0235416788e-05
9.91040543973e-06
0.0166353517751
0.0
0.0
0.0
0.0
5.77089109424e-09
0.0
0.0
3.98391459055e-07
1.95159459248e-09
0.000212007547355
0.0
0.00117630037743
3.61083080649e-09
0.0
9.55094071755e-09
0.0
0.0
0.0
0.0
0.0
0.00010468468164
0.0
0.0
7.47150195204e-13
0.0
0.0
4.0235416788e-05
0.0
0.0
0.0
0.0
0.0
0.0
0.0
4.19142822516e-11
9.91040543973e-06
0.0
0.0
0.0
0.0
0.0
0.000943218605286
0.0