500
1.38761920404e-08
1.18772089814e-32
0.00928807947022
1.06627780916e-25
2.43734233172e-46
9.86811600532e-10
8.45746068804e-14
6.20950127617e-10
4.24196719198e-12
2.53481216457e-17
4.5289054255e-19
3.70806189813e-08
7.06183392074e-08
9.69407932733e-11
3.41437324427e-14
2.29659693826e-12
0.00120832440915
3.03650320316e-15
3.24743193156e-19
1.88440556287e-31
8.97199356411e-11
8.43786077834e-09
1.4390095825e-21
1.04374282014e-14
2.38237478801e-06
1.02223317273e-27
4.35501685264e-40
9.52787172717e-23
0.00972033898305
2.36692387454e-33
8.61257479925e-24
0.00140097197348
1.52640128106e-35
2.57913046207e-06
2.13684654276e-12
4.68247320614e-22
4.63385406852e-10
0.00147532251333
1.51534951309e-08
0.000116022630931
4.49057866199e-36
0.00147532251333
8.96962930502e-24
0.00106868668179
5.40518346159e-05
2.30405692777e-07
1.31190501022e-13
2.08205373645e-05
0.000123935485528
7.32678357654e-30
2.93188769467e-14
5.25292290694e-19
8.4626232648e-16
7.70144277901e-05
0.000339318967221
0.000712362408849
1.27667623288e-13
1.37420542108e-17
1.78565774121e-23
4.77173766745e-16
2.72542455978e-11
3.20486543014e-28
1.78279625256e-05
4.35331627488e-08
5.58586538122e-08
7.95280866848e-08
1.46472542465e-09
3.23089421797e-16
0.000123935485528
2.08872676031e-20
5.67447900365e-18
7.74751478277e-16
5.07049723896e-09
2.9591271567e-12
1.55489040408e-28
2.6751381081e-38
1.78279625256e-05
2.20266824028e-27
3.20340685004e-09
2.22006441138e-14
4.87648371421e-17
9.50020780103e-15
0.00906355932203
2.70495600699e-37
0.00140097197348
3.59138851876e-22
0.00454305650102
1.61704144631e-21
0.00106868668179
3.75300218087e-18
0.00702030162415
1.36010387464e-13
8.17844523762e-16
0.00140097197348
5.46634074786e-05
0.00106868668179
3.87215894642e-69
1.09188192627e-11
2.24610976971e-12
0.00702030162415
1.72796866154e-15
1.10616788703e-21
1.06066628733e-41
1.14491784963e-15
4.03077061493e-07
5.65738501108e-12
4.94210056106e-15
1.06339379231e-29
4.63557038903e-28
0.00972033898305
8.1054340462e-11
1.06254437087e-12
0.00061235337842
4.25837109876e-13
6.64282784435e-05
2.72757314637e-06
6.08255775157e-05
3.07651420442e-12
3.24570451757e-32
0.000769012639199
3.9759124285e-06
1.50139679562e-09
1.40745194284e-13
2.17285808319e-33
0.00106868668179
9.65280666222e-59
1.22311565962e-33
0.000656726811638
2.25555359528e-07
5.10799031143e-18
8.73955025643e-09
4.71880709354e-11
1.37099908882e-13
0.00147532251333
6.99193585468e-09
1.71335376007e-10
9.51361286726e-05
5.52341576664e-13
1.08827371428e-05
6.850360421e-22
2.17205060969e-08
1.18341236644e-19
2.69389688638e-09
1.03377723431e-26
2.27673597754e-06
1.00533004826e-28
6.9711058526e-20
1.86157043867e-09
0.00972033898305
3.34299119829e-06
3.34135281193e-14
1.18771471422e-12
0.00906355932203
6.63141381308e-07
0.0059042690815
1.63228717437e-07
1.50222130437e-19
5.63961428869e-06
3.07628676397e-06
4.07933911635e-15
6.44749033588e-36
0.000787506200084
4.20692205948e-05
8.47458027679e-24
6.08255775157e-05
1.27524966838e-17
0.00147532251333
2.14924390475e-24
0.00140097197348
9.98083283323e-34
1.95943016707e-20
0.00702030162415
4.71409933809e-07
2.13724705388e-06
1.2131212831e-33
0.00140097197348
8.43756092659e-23
1.48746335367e-09
1.36774081458e-34
0.00147532251333
7.29357067864e-13
5.59502025675e-18
5.66926519859e-16
3.42186429737e-15
6.46469821981e-40
5.19308115916e-10
2.89089697229e-08
2.66292306205e-30
2.27717110124e-24
2.19702851545e-09
3.27818039659e-19
4.49476175935e-54
2.68306122361e-06
1.58707456997e-26
1.8750699075e-10
8.74426579436e-20
0.000787506200084
2.6112599322e-18
2.7634013619e-08
1.76457296467e-17
0.000361522628472
4.22859915335e-17
3.17335426765e-15
0.00487780803267
0.00140097197348
7.97168878146e-41
2.41386224034e-24
6.71806287709e-11
3.6671138683e-07
1.52640426135e-12
3.70729328541e-29
7.44264746987e-10
0.00126704168792
3.47894362885e-12
9.45430462716e-16
2.46036324344e-17
5.92777021165e-70
0.00140097197348
5.19446017139e-21
2.33869199085e-25
0.000445763003175
0.000525158269892
1.38704062878e-22
4.48808233459e-10
6.74966451396e-15
7.20388190681e-48
7.57027701262e-19
6.98283343813e-09
0.000957106465673
2.16981013147e-15
0.00106868668179
0.00147532251333
0.00106868668179
7.84345859863e-07
0.000576242445538
2.42751252846e-17
1.71245682161e-09
4.18289387927e-06
1.28151849176e-25
1.61608546567e-21
0.000612807436377
6.45969277974e-25
3.01411862204e-38
4.54072979583e-15
4.33471360054e-12
0.000787506200084
5.25118698866e-20
3.56098118808e-14
0.000339318967221
3.52089577106e-05
7.56012793729e-56
1.81408873106e-25
0.00140097197348
0.000365859753163
1.0846425964e-15
0.00454305650102
0.000787506200084
7.60184793401e-17
0.00972033898305
0.00487780803267
2.01625126879e-41
0.00928807947022
2.79324854765e-18
5.90439757834e-37
3.32541410014e-14
1.28142315877e-20
1.17590846636e-06
2.60423406528e-12
1.22116748881e-15
2.66086212989e-07
6.89565022534e-10
1.03171314524e-14
2.58526937238e-05
3.56528678723e-07
7.87703732756e-10
6.91312938842e-13
3.66292841919e-09
3.95017427157e-05
1.44915221699e-09
3.83202898588e-27
0.0059042690815
7.67895848915e-05
8.9568992548e-08
6.70135425324e-20
1.41783062356e-21
3.97814185245e-34
0.00702030162415
0.000111190616734
1.3093652722e-17
9.91295492138e-46
1.39654656177e-05
3.54233589616e-21
8.47704591749e-30
0.0059042690815
3.86715763752e-26
2.27825394821e-37
2.5636322047e-60
9.03436191664e-28
5.69478037656e-27
6.19993160449e-05
7.54307344617e-16
3.83035523776e-42
1.01819569756e-06
1.1037123154e-32
2.54594662539e-16
0.00140097197348
1.14876424e-08
0.00702030162415
5.4769232405e-10
2.74434158182e-28
9.77692757144e-22
0.00061235337842
7.62016165212e-11
1.03023550284e-05
8.12187280724e-39
1.57327619765e-35
5.39011888871e-05
1.70561843127e-23
6.64670179306e-48
2.18135054345e-05
9.69650091179e-11
0.00972033898305
4.48725701122e-19
5.87842761462e-05
2.14357407441e-09
0.0059042690815
6.71306353098e-17
1.67701762876e-18
2.91341643461e-37
0.00140097197348
3.32361262368e-13
1.27021627269e-38
1.48301902184e-14
2.26060778704e-09
5.16847073851e-11
0.00140097197348
8.08888574652e-13
1.8777965469e-09
1.00266923193e-05
9.0256329897e-43
1.96034007034e-12
0.000365859753163
4.27985029315e-07
0.000361522628472
2.47877825286e-63
1.57057488899e-05
4.94731720246e-05
0.0059042690815
2.92625726068e-29
7.89522932053e-12
2.03564159921e-08
1.87728736207e-07
7.83292285419e-18
1.3571965889e-05
9.14564784475e-13
2.75847095996e-43
6.93774990324e-05
0.0007845777661
0.00120832440915
3.68249401448e-15
0.00454305650102
1.56196057232e-15
8.44692634344e-09
0.000571119361321
1.74664296878e-33
5.41426308072e-11
2.63885106326e-17
6.23466263257e-30
2.66991814328e-08
7.19767473772e-40
2.86426672402e-05
6.8539824872e-09
0.00140097197348
2.92753767029e-07
6.61922080117e-10
2.54350971599e-08
5.14042350425e-05
4.74390974805e-16
9.51361286726e-05
0.00147532251333
1.38121656527e-10
1.26175057372e-12
2.95880361606e-09
0.00928807947022
4.2096651728e-12
2.09096522505e-18
1.59049493916e-20
1.20574829456e-69
5.46634074786e-05
4.80536105942e-13
7.15675661278e-16
0.00147532251333
1.19401746769e-10
3.11084767372e-14
5.67410561872e-05
2.51914361024e-16
2.34178401919e-12
1.8863001125e-46
5.49260827867e-14
2.46323295192e-15
7.87674805294e-19
1.08827371428e-05
2.63650139332e-06
0.00928807947022
3.27922232823e-14
7.91246726387e-28
1.5910998674e-31
4.18016350467e-22
8.25402968509e-85
0.000360704417156
0.00126704168792
9.51361286726e-05
3.58738889256e-37
1.25018076286e-14
8.67513417487e-10
1.07465334346e-14
1.98633868033e-17
0.000787506200084
1.69639132403e-09
0.000957106465673
2.21949444084e-09
0.0054994894486
0.00140097197348
0.00928807947022
1.86644063507e-06
7.60661104271e-09
4.04523462828e-39
5.77568174276e-46
7.49006737812e-14
0.00972033898305
2.16178323018e-08
5.89699964962e-26
1.49199621186e-21
2.32612596163e-67
4.04503467656e-52
2.45513979874e-10
1.49194409348e-09
6.37029728331e-25
0.000365859753163
2.3196860793e-07
4.21772682601e-13
2.50655309517e-07
2.44392156144e-07
9.2215965085e-14
0.00120832440915
2.13768652454e-32
1.77341452883e-08
3.92471147452e-05
2.46838157413e-10
0.000394183998427
2.32640295841e-06
8.00500112039e-08
8.58379207614e-22
2.17896232881e-27
2.60772896601e-06
1.39992512351e-11
0.000361522628472
1.32607208584e-27
2.31211052291e-12
8.59906958605e-21
1.49522162193e-13
4.37157444765e-19
4.88860571689e-12
4.84251513273e-06
0.00147532251333
4.10772114894e-05
2.92128788244e-14
0.000482944977168
0.00106868668179
0.000769012639199
2.43824866551e-05
7.75777175189e-14
9.22791880758e-09
8.81737292885e-21
4.84165040936e-09
8.37056327129e-19
9.18683453986e-16
1.11464984963e-27
0.000281158479885
4.99228117395e-06
1.00266923193e-05
0.00120832440915
7.47103781001e-08
8.33991281575e-11
1.8775054796e-19
1.85928857461e-07
3.04896587495e-12
6.54580701763e-11
9.8630950669e-09
0.000714619809311
6.86679360583e-10
3.78011363086e-08
6.79881141655e-42
9.51361286726e-05
1.17022933347e-11
2.52170588416e-06
2.848258284e-07
4.20692205948e-05
2.22591446149e-23
1.02271642285e-16