500
0.0
0.00332757557525
0.0
0.0
5.54737804604e-07
0.0
0.0
0.0
0.0
0.000119610557694
0.0
0.0
0.0
0.0
0.0
4.33311582555e-06
0.0
0.0
0.0
0.0
0.0
0.0
0.0
0.0
0.0
8.42950755799e-05
0.0
9.2008080832e-07
0.0
2.50409730481e-06
7.56823740874e-10
0.0
0.000474000418027
0.000312914251831
0.0
0.0
0.0
0.0
0.0
0.0
0.0
0.00332757557525
0.0
2.86263526321e-05
0.0
0.0
0.00332757557525
0.0
0.0
0.0
0.0
0.0
0.0
0.0
0.0
0.0
0.0
0.0
0.0
0.0
0.0
0.0
0.0
0.0
0.0
0.0
0.0
0.0
4.42491737536e-05
0.0
0.00332757557525
0.0
0.0
0.0
0.00332757557525
0.0
2.66415756156e-06
0.0
0.0
0.000306892758793
0.0
0.0
4.3132580345e-05
3.92930187562e-06
0.0
0.0
0.0
0.0
1.32001234435e-06
0.0
0.0
0.0
0.0
0.0
0.0
0.0
7.36543280456e-06
0.0
0.000115213273797
0.0
0.0
0.0
0.0
0.0
0.00332757557525
0.0
0.0
0.0
0.0
0.0
0.0
0.0
0.0
0.0
0.0
0.0
0.0
0.0
0.0
0.000306892758793
0.0
6.05023461549e-09
0.0
0.0
0.0
0.0
0.0
0.0
0.0
0.0
0.00332757557525
0.0
0.0
0.0
8.68124642057e-05
0.0
0.0
0.0
0.0
9.82773633561e-06
0.0
0.0
0.0
0.0
0.0
0.0
0.0
0.0
0.0
0.0
0.0
0.0
0.0
0.0
0.0
0.0
0.0
0.0
4.01612236057e-09
0.0
0.0
0.0
0.0
0.0
0.0
0.0
0.0
0.0
0.0
0.0
0.0
0.0
0.0
0.000306892758793
0.0
0.0
0.0
0.000306892758793
0.0
0.0
0.0
1.06731591959e-06
0.0
9.37595823644e-07
0.0
0.0
0.0
0.0
3.45118969046e-05
0.0
0.0
0.0
0.00332757557525
0.0
0.000561439669683
0.0
0.0
0.0
0.0
0.0
0.0
0.0
0.0
3.00598552636e-07
0.0
0.0
0.0
0.000115213273797
1.92481423043e-07
0.0
0.0
0.0
0.0
0.0
0.0
0.000206017872595
0.0
0.0
0.0
0.00332757557525
0.0
8.20072670166e-05
0.0
5.24338534359e-05
0.0
0.0
0.0
0.0
7.60291718043e-06
0.0
0.0
0.000475900825388
0.0
0.0
0.0
0.0
0.0
0.0
0.0
0.0
0.0
0.0
4.70903413386e-06
0.0
0.0
0.0
0.00332757557525
0.000115213273797
0.0
0.0
0.0
0.0
0.0
0.0
0.0
0.0
0.000206017872595
0.0
4.27015776956e-06
0.0
0.0
0.00018497983875
0.0
0.0
0.000115213273797
0.0
0.00332757557525
0.0
0.0
0.0
0.0
0.0
0.0
0.0
0.0
0.0
0.0
0.0
0.0
0.0
0.0
0.0
0.0
0.0
0.0
0.0
0.0
0.0
0.0
0.0
5.41711292934e-05
0.0
0.0
0.0
0.0
0.0
0.0
0.0
0.0
0.00332757557525
0.0
0.00332757557525
4.42491737536e-05
0.0
0.0
0.0
0.0
0.0
1.07874268413e-05
0.0
5.19376408028e-06
0.0
0.0
0.000306892758793
0.0
0.0
9.62052398973e-05
0.0
0.0
0.0
0.0
0.000306892758793
0.0
0.0
0.0
0.0
0.0
0.0
0.0
0.0
1.11993765746e-05
0.0
0.000115213273797
0.0
7.90199300279e-05
0.0
0.0
0.0
0.0
0.0
0.0
0.0
0.000315096968017
0.0
0.0
0.0
0.000306892758793
0.0
0.0
0.000115213273797
0.0
0.0
0.0
2.21786443432e-10
3.45118969046e-05
0.0
0.0
0.0
0.0
0.0
0.0
0.0
0.0
0.0
0.0
0.0
0.0
0.0
0.00332757557525
0.000312914251831
0.0
0.0
0.00332757557525
0.0
8.73436430893e-05
0.0
0.0
0.0
0.0
0.0
0.0
4.70903413386e-06
0.0
0.00332757557525
0.0
0.0
0.0
0.0
0.0
0.0
0.0
0.0
0.0
0.00332757557525
0.0
0.0
1.02572947191e-06
0.0
0.0
0.0
0.0
0.0
0.0
0.0
0.00332757557525
0.0
0.0
0.0
0.0
4.66481787766e-06
0.0
0.0
0.000561439669683
0.0
0.0
0.0
0.0
0.0
0.0
0.0
0.0
0.0
0.0
0.0
0.0
0.0
2.76339561e-06
0.000206017872595
0.0
0.0
1.41807183688e-05
0.0
0.00332757557525
0.0
0.0
0.000561439669683
0.0
0.000140638592588
0.0
0.0
0.0
4.70903413386e-06
0.0
0.0
0.0
0.000132324723145
0.0
0.0
0.0
0.0
0.0
0.0
0.0
0.0
0.0
0.0
0.0
0.0
0.0
0.0
0.000306892758793
0.0
0.0
0.0
0.000306892758793
0.0
0.0
4.70903413386e-06
0.0
0.000115213273797
0.0
0.0
0.0
0.0
0.0
0.0
0.00332757557525
0.0
0.000561439669683
0.0
0.0
0.0
0.0
0.0
0.0
0.0
0.0
0.0
0.0
0.000315096968017
0.0
0.0
0.0
0.0
0.000312914251831
0.000312914251831
0.00332757557525
0.0
0.0
0.0