500
0.00427812992149
0.0149313522958
7.88638092318e-17
0.0149313522958
5.01471203934e-06
0.0
1.75414514615e-12
0.0170444414581
1.26964188881e-08
2.87671962147e-06
0.0149313522958
0.00325705171433
2.30394708281e-08
0.0071450642888
4.59233402898e-05
1.3648877589e-05
0.000378205172474
0.000106900257896
5.25137958689e-05
0.000544355523642
0.0
0.00155858916391
0.0149313522958
0.0
0.00014489362783
1.69960957457e-20
9.24849820157e-19
0.00325705171433
0.00775046204872
0.000711739781852
0.0149313522958
0.0241605270528
3.60518359181e-10
0.0149313522958
0.000319207658468
0.0
0.00325705171433
2.043806899e-07
0.0
1.60400184937e-07
5.508227027e-08
6.09425272135e-05
0.0170444414581
0.00177793730416
1.19452200997e-17
4.16307255439e-06
2.82147080727e-08
2.40394231038e-15
0.00297224500441
0.000120847995653
6.43094348207e-08
0.00336683642538
2.37208987e-27
7.44750578823e-10
2.92702054534e-08
0.0149313522958
0.000461214178799
5.26561738233e-19
2.31005394092e-10
0.00121929905333
0.00518450379551
9.32820135867e-07
6.20620446516e-15
6.84981067091e-07
0.000260136701306
6.2706117316e-16
1.05910878519e-07
0.0241605270528
6.09013433324e-16
7.20665707094e-17
5.32899285384e-07
8.94182697417e-09
9.67588464173e-06
2.66597415584e-17
9.14158147982e-13
0.0
1.58778806567e-25
1.88149720192e-06
1.18385976151e-15
1.67245103869e-16
0.0
3.38310706512e-06
0.0170444414581
6.85136386475e-08
2.54584662926e-05
2.72115827286e-16
9.47575561402e-07
4.40676837273e-12
0.000611798394213
1.89808899415e-07
0.0
7.45458124102e-05
0.000106900257896
2.1154085262e-09
0.000353628936371
2.44021236639e-06
6.59321321509e-15
2.23630969221e-11
5.45714462588e-10
6.74468390897e-05
8.28727012752e-06
3.32278615805e-08
4.51154793381e-06
1.24936925918e-09
0.000439885107569
1.65876240568e-05
8.57084562469e-10
0.00325705171433
3.49900312898e-10
0.00178134895426
0.00049173836251
0.000627498912988
4.47209916292e-05
0.0170444414581
1.73186975762e-08
0.00325705171433
0.0071450642888
7.40712747983e-23
4.62136834929e-05
7.919814636e-10
2.70680078002e-10
2.70600253229e-22
9.37482654205e-06
5.50710052472e-08
2.29323748002e-10
9.32173656631e-23
0.00325705171433
4.00758973938e-08
0.0149313522958
1.01405487478e-09
1.2772951579e-10
0.00973477517641
0.000317248668069
0.000543619004012
8.01657387996e-05
0.000515647442186
0.0
1.61141283827e-08
8.94907316861e-08
0.00178134895426
3.14100439163e-12
0.00355625579918
0.000160735321436
0.00155858916391
1.04248381399e-07
5.35460927518e-08
4.96540292192e-05
2.58916586284e-05
1.08108772212e-25
0.0
2.628979504e-13
1.19122847674e-13
0.000216928339936
4.20804054231e-10
0.0170444414581
0.00518450379551
0.00325705171433
0.00325705171433
0.00184565704459
0.0170444414581
0.00177793730416
8.42021085325e-11
0.00177793730416
7.82537875356e-11
4.60726876082e-10
1.24048869735e-15
0.0
0.0
0.00202989547497
0.00038515408181
7.17983282209e-35
2.51272283881e-15
9.31491180477e-06
6.61446300858e-11
0.0
0.0
3.46403114225e-05
0.00202989547497
8.30150992399e-28
1.45333845835e-16
0.000870246169584
1.1887871912e-08
3.38501907737e-17
1.94489519473e-17
1.90032109308e-17
4.47532739187e-13
1.17179295651e-05
1.36139191088e-10
3.00662115229e-06
1.1543133171e-06
3.89437361627e-05
5.58699087182e-08
1.85111762483e-06
0.0241605270528
0.000376131931393
5.84547681654e-06
6.61167028826e-14
0.000771497656906
0.00342954182685
0.00049173836251
1.06246215917e-07
0.000214750254663
5.92519683734e-35
9.3455405584e-05
2.01019224411e-06
0.00185219711987
0.0012481891153
9.20012548407e-06
3.72681691193e-16
0.0
0.0
5.39298826745e-17
0.00518450379551
7.43576955797e-07
1.9033822811e-05
0.010817487934
0.000394910818133
2.74627033954e-07
5.9147246375e-10
1.69728754073e-06
6.75250134722e-09
8.90141779759e-10
1.15275825818e-06
0.0170444414581
0.0149313522958
0.00049173836251
0.00049173836251
0.00177793730416
7.45439666605e-13
2.53184525629e-17
0.000204562430928
2.17929373404e-25
2.62410842827e-26
0.000106638104625
4.20984905945e-09
0.000870246169584
0.00115590798421
2.12171743577e-12
0.0
6.48057426977e-11
0.000318534511096
1.09533543753e-09
0.000411440752311
0.000451665811433
0.0149313522958
6.75134917207e-11
0.000323431336722
6.80352252234e-10
0.00775046204872
3.85245760448e-21
1.20752664393e-12
5.30314958739e-20
0.00032708978805
0.00123326153156
5.35419360672e-05
0.00184565704459
0.0
0.0149313522958
5.01653422684e-06
3.82746245963e-07
0.0
0.00325705171433
0.0
4.78457466969e-08
6.89058697813e-09
2.73313038529e-05
6.86856847267e-06
0.00184565704459
0.0170444414581
0.000312474257561
3.45824765515e-08
0.000169084277437
0.0149313522958
3.08992921152e-14
0.000160363068294
0.0004521236399
0.0
0.0
4.09234241252e-21
7.4698570584e-06
0.0
0.000377905621126
2.84929685109e-08
1.46478209554e-12
2.24128414154e-05
0.0
5.0981528782e-07
0.00342954182685
2.38290727414e-05
3.07951911817e-07
2.03342013721e-07
0.00325705171433
0.0071450642888
0.00325705171433
0.0262603206666
0.00325705171433
0.00288753509347
3.62203321592e-07
0.0170444414581
1.46692588823e-06
1.96732092534e-19
1.16405442928e-08
0.0
0.00518450379551
1.59085035194e-10
6.57544473952e-05
0.0
4.62769357422e-08
0.0241605270528
7.76227904216e-08
0.0262603206666
0.000456871654903
0.00973477517641
0.0071450642888
8.93198634236e-09
2.90978473797e-15
6.26108728496e-07
1.48961267626e-17
0.0149313522958
2.57859762558e-08
1.67549471588e-06
1.46316786941e-16
9.98750268489e-15
3.09386501152e-05
1.70556227986e-10
4.11692435895e-12
1.69304949139e-06
0.0
0.000586132624539
3.6633726911e-09
1.34313252107e-05
3.60931348951e-08
0.000380401379399
0.0
0.00185219711987
2.18353499771e-05
0.0262603206666
2.66951836406e-07
8.27774957578e-08
0.00155858916391
3.30950211922e-14
7.44111784253e-24
3.09763332972e-11
2.60740427098e-11
3.91027585332e-06
1.36454636082e-08
0.0
2.17425365791e-07
0.00518450379551
8.44030182215e-08
0.0170444414581
1.09239507879e-11
0.00342954182685
0.0149313522958
0.0
9.8050456454e-07
2.80698418547e-18
1.59067231007e-23
3.83661614167e-15
1.96365231616e-10
0.00775046204872
3.6830099662e-07
1.57549662845e-16
9.18304109856e-15
1.56227796427e-08
4.52601814103e-09
1.41425551259e-20
1.38718446316e-16
0.0149313522958
5.0760539717e-07
4.13526148712e-10
0.0071450642888
0.00973477517641
0.000185987736047
0.0
0.0
0.0
0.00121264139897
1.88902585816e-09
0.000365703366895
0.00185219711987
1.53396443488e-39
0.00218200956095
0.0170444414581
4.87493592216e-08
3.52514217348e-05
4.00962205493e-10
3.84247761404e-17
1.50112256202e-05
4.38789538868e-13
0.00153035899378
0.00518450379551
1.44261080337e-07
5.65310714916e-14
2.69075287003e-06
1.34879357167e-16
0.000826274619166
9.58062290779e-18
5.37537242596e-12
5.74312419948e-06
4.05838676928e-24
6.92458643816e-07
0.000143453632032
0.0
1.2556810071e-05
2.40369139857e-14
0.00518450379551
1.59946804744e-05
5.12505705663e-22
0.0262603206666
1.84070747004e-09
1.5818936273e-06
2.80975228055e-06
6.49223607061e-06
1.62278584537e-07
4.27753399489e-14
0.000411807540971
1.60515666852e-05
1.56617229957e-14
6.03471771438e-12
0.0170444414581
2.34982321836e-06
0.00062584661906
0.00518450379551
0.00775046204872
1.55726217239e-12
1.07838004261e-10
7.45288590966e-06
0.0115614792032
0.00342954182685
0.0149313522958
0.00178134895426
0.00518450379551
0.000963819373643
1.90477745974e-05
9.02895418861e-08
0.0241605270528
0.0
0.00177793730416
0.00123326153156
1.10593899997e-15
0.000515647442186
0.0149313522958
3.37489572071e-09
6.58305276519e-06
0.00185219711987
1.66235172468e-11
4.0210092342e-05
3.40684170226e-06
1.04058946621e-16
0.0
1.14587666208e-14
0.0
0.00155858916391
0.0
2.70611064577e-14
0.000143453632032
0.000462095626862
0.000963819373643
4.09974688141e-10
4.55986316048e-05
0.00123326153156
0.00336683642538
1.44309754782e-05
2.92835036052e-10
1.11191101543e-22
2.83809852606e-09
7.2967351542e-07
0.0071450642888
2.66438934886e-13
2.28022721546e-20
3.47049220424e-07
0.000169944078405
1.18265039465e-30
0.00142230129046
0.000170039987548
1.06481572083e-07
1.34721032734e-15
0.00177793730416
0.00775046204872
0.000136870556953
1.2556810071e-05
1.52585173198e-05
0.000377905621126
1.42466771482e-06
0.00177793730416
0.00142230129046
0.0071450642888
0.000396862773293
9.54912791644e-08
0.0149313522958
0.00342954182685
0.0262603206666
0.00325705171433
0.00130785896034
0.00297224500441
0.0
0.0
2.0304086655e-09
0.000963819373643