500
5.75889499325e-123
3.52771265661e-25
9.71316732336e-05
4.80555383061e-63
0.0
3.29719294902e-49
0.00461212054929
0.0129864268764
1.45868713792e-27
2.96143177134e-86
1.26094589277e-119
2.07333742191e-28
8.56248652726e-35
1.06685146942e-25
3.3813299024e-21
4.93476975154e-37
1.24741785592e-30
1.51858103655e-15
1.05801118664e-24
1.93408764029e-19
4.45857695974e-19
1.07297424111e-05
9.69498762006e-16
1.99374888689e-10
4.44835938405e-51
1.82513738017e-24
1.61133103132e-16
9.90714343152e-34
6.85768205684e-53
3.14036501496e-19
9.1352647696e-24
1.50885270625e-06
8.97877432456e-06
0.00850446428574
3.91543209526e-32
2.4587393639e-42
1.64063366807e-80
3.83749531286e-34
0.000314185271166
1.04526424767e-13
0.0
2.77402478434e-22
0.0129864268764
0.0
1.94720335086e-16
7.7746431439e-27
2.93697339442e-13
5.40152955716e-08
9.46185610949e-16
3.51133447712e-13
5.22265078547e-17
0.000142876994794
5.33886680179e-36
0.000838749604489
3.10381908675e-155
1.37928722384e-22
3.4304930844e-19
8.25559777498e-11
3.13912977047e-64
1.06809563056e-26
9.29256337036e-09
2.95946073907e-48
7.55857500263e-28
4.07079984785e-06
2.7134675551e-54
2.24127347822e-31
2.3128883192e-05
4.86198430517e-06
1.73009957284e-42
1.401121882e-43
5.55046199911e-53
0.000627906976744
1.00626746511e-38
5.18701864882e-63
1.32923426302e-16
2.0992835889e-17
5.47434120214e-40
5.52336366277e-16
3.72348333179e-57
0.000116899359377
1.89773336604e-13
0.000142876994794
2.79389738029e-12
8.62840218699e-13
4.52104532791e-08
2.76412801163e-26
3.23097101725e-22
3.0327001611e-11
0.00850446428574
2.72864765054e-12
0.000810057888973
1.39739368455e-07
1.44334158491e-81
1.13874995188e-06
1.49040168893e-06
4.08009078793e-22
3.13658174917e-33
1.25827459049e-69
3.39193952806e-16
6.22247738933e-44
1.01887759182e-14
8.57569580129e-11
2.83308028208e-41
1.19575803773e-43
1.64799079787e-07
7.1737371187e-56
0.000914760054424
6.96931894972e-21
1.53410524706e-23
3.51163882543e-13
1.229581665e-14
3.0812222091e-15
3.74332428376e-20
4.06235030841e-13
7.45418129942e-13
9.2772519243e-77
2.38508859032e-38
1.34962851965e-14
2.45359060245e-05
3.06048753275e-12
5.27768601336e-13
1.72546074118e-23
6.7711351443e-27
3.79834650136e-19
0.00400576144503
8.62205475691e-09
1.53953921126e-10
0.0129864268764
1.86406869988e-18
1.20143487473e-16
2.24291803507e-19
6.89452868204e-32
4.09806953784e-10
1.89254183397e-26
2.78068159145e-86
5.98360360692e-68
1.80706431741e-05
2.29772587035e-05
8.8343239263e-11
2.00016876321e-135
2.06379450616e-33
5.28691668206e-20
2.15045340582e-73
7.82584676555e-60
3.72021835812e-15
2.24000767961e-49
3.57100256541e-36
3.16394004157e-79
2.24485314747e-06
0.0
8.24580869751e-12
1.53519856949e-34
6.06047505203e-34
1.28751547705e-20
1.58802714386e-144
0.000834775535496
1.41333090758e-05
3.51984293418e-12
6.23987753139e-67
0.00111440559629
1.03639959695e-18
4.18510895345e-53
9.86681313331e-141
1.15409897979e-26
4.71943214823e-20
0.00461212054929
8.58601032423e-34
1.72830970438e-20
2.1167437564e-13
2.2696653145e-22
8.2999938411e-14
7.77364942327e-53
2.35086700792e-16
6.58412135043e-18
5.05901481568e-14
9.14831806902e-90
1.6313310709e-08
6.20809070603e-44
5.41480917366e-31
7.97880791057e-88
1.62235376796e-52
4.23630093344e-21
9.25489764368e-60
4.4642646574e-17
4.67767987778e-10
9.90311884917e-12
3.2839082182e-10
1.31009619819e-118
6.5851353783e-06
1.78297191394e-23
1.13874995188e-06
2.40686698442e-11
1.67812996721e-40
8.91680116869e-23
4.75812863716e-79
2.94331425857e-20
1.97636174081e-60
1.79754106308e-23
4.38905424676e-11
1.10522824476e-42
4.55958278236e-20
1.02672457099e-08
1.7267709174e-23
6.61829786951e-14
6.21991627719e-26
3.320997157e-21
2.55178693247e-127
4.15366780432e-81
2.24272739135e-27
0.00400576144503
0.010344559819
4.32191798501e-25
2.14812228142e-17
2.24494091998e-14
3.47289685061e-11
3.72618694041e-47
0.00850446428574
1.88433698783e-21
0.00850446428574
1.03432812175e-26
4.41497607866e-30
8.60888889329e-89
2.84214526798e-14
5.40674096717e-34
4.7708317391e-27
4.0236263943e-74
0.000142876994794
6.73633876589e-18
0.000291529540547
7.97653460974e-19
6.88199638959e-07
1.66669273e-18
2.38447433016e-05
1.03504738309e-21
1.39070217598e-12
2.22216312048e-48
2.97061954143e-30
5.9159517842e-53
2.86667864894e-43
1.80408776338e-22
0.00282366986484
7.25515939972e-06
1.78829040186e-05
5.25450897353e-43
1.61858903103e-07
1.37001560383e-137
1.32723969074e-13
1.14189903184e-105
6.52764577107e-55
1.13336931601e-23
3.39849595405e-16
2.91435751464e-05
0.0
2.19156527119e-21
1.58110035191e-105
4.54290823673e-55
3.2078486939e-72
8.98047122471e-14
9.7949738729e-30
4.9683818262e-09
0.000838749604489
5.05161741704e-08
5.50798443904e-54
7.17371085953e-23
8.41622769018e-16
1.56391893181e-106
4.28096465297e-32
1.8207973088e-54
2.67320266652e-57
2.88714035935e-84
8.40093088653e-16
5.67233881954e-31
2.74540525297e-66
0.000471699369423
1.67124783893e-41
1.23173758741e-90
5.51123817685e-17
3.34269531485e-56
1.33413427223e-19
5.80404387548e-08
1.07451360148e-20
2.45942001874e-37
2.86276065213e-50
2.10840814016e-27
3.1440141124e-13
9.59006281795e-23
4.17849160488e-48
3.76022384957e-55
2.0317540054e-24
3.08954011408e-23
8.77401520652e-09
8.12066266376e-53
1.12988569897e-74
4.09082956338e-45
4.30743715425e-30
4.24073387412e-48
0.0
6.25869751818e-66
1.14555665927e-97
1.32857440138e-07
7.19616156186e-35
4.13506141519e-61
5.55278212807e-09
3.24935418138e-27
0.010344559819
1.7479453268e-129
1.64011804948e-41
6.29486849872e-39
1.73158677235e-131
1.46765272538e-37
9.23374137689e-38
2.10445136019e-11
5.25709736965e-12
2.46424210738e-08
4.88652025844e-23
1.29606358944e-11
0.0129864268764
1.0581464069e-40
0.00119571609105
1.95672839589e-54
3.95117334741e-26
1.30980863383e-21
6.70383298007e-17
5.96510944155e-16
2.75183444742e-11
0.0129864268764
4.65327710391e-34
1.00111779722e-10
3.93378855757e-12
1.12304693673e-12
1.16559889519e-54
2.5494251538e-31
2.68357593732e-90
0.0
2.21564399287e-32
2.419176814e-64
1.49502041619e-39
5.26945260837e-40
1.36256764245e-24
1.14942374899e-70
3.42587135917e-101
1.28246803717e-22
6.85772178043e-14
0.00104784249097
2.07215646129e-66
1.35710276695e-21
2.79516871537e-48
2.97239847219e-16
2.37279808231e-83
3.30374176119e-21
3.37145436226e-18
0.010344559819
0.0
7.6702658434e-08
2.75063382398e-73
2.17297177968e-59
6.19661118525e-33
1.52325868082e-40
5.77263562216e-06
1.53849798677e-21
2.51250201037e-94
0.010344559819
4.33422088712e-32
3.5791997128e-16
9.73903363022e-40
6.10978708594e-16
4.63081646643e-11
1.1296467814e-31
7.80417974763e-34
1.57402168434e-09
0.010344559819
2.05650800084e-61
1.88160228753e-05
4.47217790859e-12
4.31040524568e-38
2.73702024433e-37
1.44033955507e-27
1.14272556745e-05
4.70596953287e-19
1.07145166207e-66
3.3443282247e-06
0.0129864268764
2.28578942266e-26
1.7309421347e-14
2.7848569905e-23
2.00556127423e-28
4.19929792498e-52
7.00244102233e-08
9.76044644891e-11
3.38865957119e-82
5.43122250017e-09
1.10091119295e-50
2.38219099589e-48
0.00119571609105
1.79591221449e-08
1.37178033668e-21
5.00588753829e-08
4.04599459819e-11
0.010344559819
0.00461212054929
1.05567156593e-44
2.06434027472e-19
5.25287175697e-09
8.65231045886e-05
2.82300512242e-21
0.0129864268764
7.26111206544e-28
3.46276930235e-07
1.21473140934e-09
1.49030571069e-08
5.63189541812e-29
2.40327871514e-40
9.05499546496e-26
0.000838252849873
2.86625720739e-27
1.24005272105e-13
1.10365027143e-30
0.00282366986484
1.1241846755e-11
2.40992797607e-11
2.17065115878e-20
2.24882008788e-20
5.08802804017e-39
7.22647163474e-49
4.08138656543e-25
0.000213007474837
1.86780888234e-15
0.0129864268764
1.43604013377e-65
4.55461909796e-25
2.82423299528e-08
7.60926768552e-32
5.48105707137e-19
0.0
1.2390429758e-53
0.010344559819
7.29574157988e-26
4.22403602658e-69
1.88666364291e-47
6.75381202976e-18
1.46520464428e-19
8.99628959725e-37
4.39840465094e-13
1.05837314542e-32
1.46350072657e-56
4.19459994674e-05
6.1354369812e-09
0.00282366986484
0.0129864268764
3.26512576668e-26
7.39592110095e-11
5.16827643707e-80
1.43362891957e-41
8.8921040766e-09
1.10286143899e-05
1.68347539939e-07
7.97644031921e-102
5.644669701e-45
5.91593206334e-37
6.53668126697e-10
4.76452240231e-06
4.0555724171e-36
4.2014843964e-36
1.9110537429e-05
1.12459404007e-88
2.16097777926e-06
1.40899555503e-14
2.83787439481e-11
1.29025063763e-28
2.60773568327e-14
1.59693668135e-09
1.60428039808e-103
6.79079217726e-07
1.63636449975e-15
1.29979765882e-15
3.2475873849e-41
2.8668137557e-10
1.48717107495e-10
1.04722270764e-78
2.73326431597e-06
2.07323246688e-24
1.33080929776e-62
1.91291670905e-18
0.0
6.48845822676e-19
2.21050579002e-68
1.17029319896e-08
4.07079984785e-06
1.02508801997e-82
2.78767124193e-23
2.30330036754e-18
5.22050587745e-21
0.000810057888973
2.59694006663e-63
0.00282366986484
5.80837650802e-63
3.40282984016e-17
5.70386566936e-25
6.28855196491e-29
0.000502491970211