500
0.00028842464381
7.1037387715e-13
1.22600442913e-18
4.68606162895e-05
5.24335394053e-14
2.96111910374e-09
6.0378246452e-09
9.85396239229e-12
0.000153847710884
6.88741128772e-47
5.02852014415e-05
2.93338878724e-05
7.22571418645e-06
1.56067944196e-16
0.000169831205572
6.66870048165e-27
1.02419469321e-05
3.00131341469e-07
0.00755295291723
1.81110113666e-07
3.00883494307e-11
2.87431170815e-11
0.0
0.000122525875721
0.00177063922912
8.85297426281e-21
9.21496372781e-12
1.04749522243e-15
4.47815704893e-32
0.00403013022066
1.22286871292e-10
0.000169831205572
1.76135763809e-08
2.36636913558e-17
4.94049584869e-24
2.45385476684e-17
6.0882697358e-21
2.31569716647e-06
1.04625167266e-14
8.49632544911e-14
0.000335472202098
3.53201160582e-11
8.86278462926e-07
0.000353741869367
2.69605250092e-06
0.00347065331944
0.000335472202098
1.44388541134e-11
0.000153847710884
1.56947001131e-17
9.45638975561e-05
1.49471658129e-09
8.16758501798e-08
2.77914186149e-22
0.0
0.00360644959389
5.4634106918e-12
2.79874565263e-21
0.00134884753213
9.12371074282e-06
4.14797437687e-09
0.000335472202098
6.35499618997e-06
1.88650077248e-06
1.54748767314e-14
1.71105689575e-15
0.000310659649843
1.61008110792e-19
2.08578227018e-18
3.30947907428e-06
0.0112494443203
0.00310578953262
2.56859449307e-15
0.0
4.52991108723e-19
3.80326134467e-07
0.000335472202098
0.0
1.57346595256e-05
1.15051333131e-05
2.78649386554e-07
1.01332566838e-13
1.39254970913e-10
0.00403013022066
1.52203518621e-10
0.000152773499041
0.0
6.19530710184e-11
3.99175394425e-06
0.000169831205572
0.000870981754643
0.0
0.000169831205572
1.43336596736e-06
1.41042419362e-05
1.50457111511e-14
1.47458293895e-20
0.00360644959389
4.16117182346e-08
0.000396190572401
7.47211828726e-10
1.09788563747e-11
6.57506797251e-06
0.00210193070742
0.00177063922912
3.69473512282e-06
3.00712831451e-09
1.14343804274e-25
2.77892278981e-06
0.00177063922912
2.47398989608e-06
4.12546070782e-21
3.14955819857e-05
1.07704029929e-07
1.18542470763e-06
0.000396190572401
0.000122525875721
0.000224278396405
1.43557733272e-09
0.00403013022066
3.87868074976e-11
3.56032043622e-17
9.67580602086e-05
0.00181092650306
2.69221303562e-11
0.000692770616136
3.93558868379e-08
1.96715704837e-05
0.000396190572401
7.58838324402e-16
1.58748461365e-12
1.68219525153e-05
9.75109206754e-06
7.65720259341e-09
6.13972538164e-13
0.0
0.00158650162112
1.77493205881e-05
0.0
0.00403013022066
2.53976242526e-05
1.87160480987e-09
3.03909760595e-06
1.7423619216e-26
0.0237687465738
6.59451006914e-20
1.73488742937e-10
0.000167550615434
6.4722908638e-21
2.36111379613e-05
0.00177063922912
8.46196989622e-07
6.21359688557e-07
0.00403013022066
0.0237687465738
0.00113305467124
2.31910263834e-14
0.000390388557534
0.00155438620369
5.89796637788e-10
7.97521712819e-12
5.7924770543e-09
3.51466945657e-06
0.000453320046317
0.0204690852847
6.88506839243e-06
0.0237687465738
0.0
1.76519377049e-07
1.64218334757e-07
1.43397760129e-10
0.00152483284202
2.40062865317e-08
3.43076791511e-11
0.00491446991324
2.30180636209e-13
0.00177063922912
8.49395234805e-05
7.88002525908e-13
9.45638975561e-05
7.0127635327e-32
4.52575526785e-25
7.43643475677e-08
1.02419469321e-05
1.84322222668e-07
1.43730205957e-05
0.0
1.53337325474e-06
2.36683718563e-07
2.96496599043e-12
1.3453143973e-06
0.000781398062657
0.0
0.00177063922912
2.13273279702e-06
1.10236959115e-08
0.000142164465323
1.54698695239e-17
5.02852014415e-05
3.59184943698e-11
0.00158650162112
7.7078254986e-16
4.23123367238e-11
0.0112494443203
1.97572164269e-16
1.14395043154e-13
0.00177063922912
1.13432060126e-05
7.72525234977e-08
0.00347065331944
1.22576715946e-06
6.20184665361e-16
1.63435803134e-07
8.46796556211e-29
5.30885128429e-12
0.000267532780806
1.00992405461e-28
1.1859959151e-11
6.35540876545e-08
1.43641239262e-23
1.90297170008e-12
0.000100917306014
6.35499618997e-06
4.73661647955e-05
6.81755773374e-07
1.09812457754e-06
4.32735278911e-13
0.00204772806225
1.13401668498e-05
0.000672740930367
6.09008248518e-06
3.14955819857e-05
1.19710539282e-06
7.56754127621e-05
0.0
0.00163608119184
0.00163608119184
1.90497780863e-05
5.30149672384e-08
0.00491446991324
1.35585552162e-10
7.58593235304e-14
3.20704288103e-07
2.29369843909e-05
1.32852711572e-30
1.54840458709e-17
3.09617600594e-06
4.19911963088e-05
3.63465687337e-18
6.71084620267e-13
3.14955819857e-05
4.56130587764e-24
8.77485106314e-09
0.00122880064491
6.10892385139e-05
0.0
1.848285026e-10
0.0237687465738
7.40896706861e-12
3.40040777674e-12
9.67580602086e-05
3.52567609367e-20
3.32149136796e-26
9.95829678615e-12
1.36040159093e-10
1.29629246544e-17
0.0204690852847
0.00177063922912
9.79454306418e-08
0.00403013022066
1.59919908908e-16
0.0
8.50508337551e-07
0.000335472202098
0.0
1.08352009673e-05
0.000335472202098
0.00177063922912
0.0204690852847
3.37994391629e-13
0.00113305467124
0.000335472202098
4.34686148607e-09
0.0
0.00177063922912
0.0
6.39996246695e-06
0.000453320046317
3.27477147873e-11
5.25444625629e-10
4.58655783226e-09
1.80579131243e-07
1.50034468625e-06
0.0
0.00100370278392
0.000396190572401
5.46971687831e-08
0.00403013022066
4.36278702885e-23
0.000197208367126
0.000692770616136
1.59282044701e-08
1.76201822478e-11
0.00152483284202
0.00177063922912
4.72736714314e-09
2.4713696942e-08
1.42304285933e-05
0.00177063922912
0.00403013022066
4.47273164744e-18
1.81020892079e-24
2.02746703308e-07
3.85569040877e-09
3.90322031318e-18
3.42190503253e-14
8.22760452428e-27
1.90436872535e-06
0.00403013022066
0.00155438620369
0.000335472202098
0.000964131982609
4.86339361497e-07
0.000115615440781
1.56742205404e-05
0.0
0.00403013022066
4.64571142704e-09
4.68585070482e-12
1.53905702134e-22
8.49774594811e-15
0.0
8.99935065165e-13
0.00403013022066
1.97527912637e-05
0.0237687465738
3.67780081142e-08
4.4660712028e-17
1.07138667855e-23
1.14640495492e-05
2.74665965332e-08
0.0
2.42120828401e-06
5.216492667e-09
0.00403013022066
8.6099987673e-09
2.01068326912e-13
0.000335472202098
2.52459834679e-12
3.69967049432e-10
1.60989126987e-10
1.1463536542e-07
8.30503112808e-08
0.0
0.00177063922912
5.72696666424e-20
0.0
2.39024431586e-06
2.70954934077e-06
0.000701455290463
2.36162154846e-08
0.000225126319383
2.68923464177e-08
3.2064495146e-06
0.0237687465738
3.51867127989e-09
0.000335472202098
2.82416932704e-05
6.05067622697e-07
1.01058142378e-15
3.55997931157e-11
1.17319890847e-06
1.24262280045e-08
0.00177063922912
0.00177063922912
2.97072750372e-10
3.10258410546e-38
4.72330777223e-19
0.0
3.14955819857e-05
1.16946891268e-08
0.00177063922912
9.45638975561e-05
0.000396190572401
1.00328514796e-14
5.03797663816e-12
1.63549913923e-05
0.00177063922912
4.80072581546e-07
2.06744689529e-22
0.00347065331944
4.18125630201e-12
1.3518167562e-11
0.0204690852847
2.24028472582e-11
1.97527912637e-05
6.43818569266e-21
2.07020614049e-13
0.00177063922912
0.0
2.94132197943e-11
0.00177063922912
6.24353916897e-11
7.51195645808e-17
0.0237687465738
2.51811873418e-18
5.84318190309e-10
5.80321124943e-09
3.22533443788e-18
2.04356882615e-07
0.0
0.00403013022066
1.18146001914e-06
2.13273279702e-06
0.000335472202098
4.56482550733e-05
0.000335472202098
1.91704541075e-14
1.21337499367e-09
6.08785120562e-09
1.05963879273e-06
5.07003084085e-05
0.00138018505515
4.09322484153e-09
0.0237687465738
0.000396190572401
3.19995005286e-12
0.000335472202098
0.0017357359807
0.000575274910714
6.10892385139e-05
1.41290491682e-10
4.12920113894e-07
3.69331638561e-05
3.10958023957e-10
3.07187936259e-10
2.56392882351e-07
4.03768011592e-13
2.97160408651e-07
0.00403013022066
0.00210193070742
5.37649627454e-15
1.61401937888e-07
5.05639278421e-07
0.00177063922912
4.31188453856e-09
0.000153847710884
0.00177063922912
9.75109206754e-06
4.71695773958e-06
6.87797986657e-07
3.2064495146e-06
3.89700448344e-09
5.14139872759e-06
6.41658618908e-06
3.98181738419e-11
0.000335472202098
2.51807808301e-10
7.60630359935e-29
0.0
3.21443796314e-06
0.000335472202098
9.2923460046e-08
1.19949573724e-21
0.0
2.05369158199e-09
0.00210193070742
0.0237687465738
0.00177063922912
1.99499346354e-07
4.94950512302e-09
1.26451729418e-05
9.37826670329e-08
1.46599338024e-05
9.20129036023e-13
4.18515400773e-16
0.000197208367126
6.18880644843e-12
0.00113305467124
0.0
3.80326134467e-07
3.14955819857e-05
1.79547540612e-12
2.6288551353e-10
0.000197208367126
0.00403013022066
1.75315162991e-05
0.0237687465738
0.000197208367126
0.000117776875223
8.73895282167e-07
8.10188705941e-10
0.00403013022066
0.000335472202098
0.000672740930367
5.7770272108e-12
2.34213759011e-06
1.70828607341e-13
3.50945797689e-10
0.000485771680339