500
4.09543758751e-05
0.000372200774191
0.00166969700251
3.64208684376e-07
4.63156555829e-21
5.06258678782e-25
6.54344267215e-39
9.30453646391e-05
1.32114814498e-18
1.26037832732e-23
5.00321204375e-38
8.55872395563e-14
8.68421993266e-17
0.000312601958025
1.01087557729e-07
6.14155354094e-12
9.42597863527e-17
6.78930402956e-25
4.90813803988e-15
4.48540539344e-10
0.000948687930338
1.78973915337e-14
2.49069935544e-08
6.30032755356e-09
1.70818143329e-08
3.62788788784e-24
1.8088605493e-17
1.39955539632e-09
0.0037576030333
2.33552542489e-46
1.39794456131e-09
9.54108316008e-08
0.0120785020833
2.52019530274e-29
1.13093546891e-17
0.000125230907464
8.27060944217e-21
1.28536011494e-06
1.08979334981e-15
1.07678957737e-17
3.65156846778e-07
2.21143635914e-06
2.80812656352e-24
9.99390838896e-13
1.14404142117e-08
3.0308009125e-08
0.00455355669595
0.00706187182508
3.31722206898e-10
3.60971845742e-44
1.3412818772e-06
0.000762325688329
6.07168847124e-22
8.96041878177e-20
1.1971268881e-25
0.000130088220116
5.19451773961e-08
9.93444081101e-17
4.5903464485e-15
0.000794452606032
5.49056137792e-11
1.64397512123e-42
5.78394087013e-11
1.18810658722e-05
1.44463647553e-05
1.23479609584e-12
2.33367325584e-28
0.000365100511202
0.0186364666309
4.74281768984e-06
1.6260250843e-11
0.0
2.60329403066e-17
0.000372200774191
2.92376332871e-07
4.51826369553e-12
4.20865035681e-06
1.84315432025e-13
4.26582090158e-34
3.99827578663e-05
2.60526625018e-10
9.68272671667e-34
1.04630236511e-07
7.01702707045e-36
5.07729155708e-08
9.81818569574e-09
1.05355332798e-11
2.9535920316e-38
4.50606519223e-14
4.29949803147e-10
4.56186703848e-05
1.07642330799e-28
4.33639778871e-43
2.96425006266e-09
4.76104079298e-05
4.08193718606e-08
1.37045397406e-05
1.79213673311e-22
1.87636070912e-08
1.20330724992e-24
3.40300842938e-06
0.00144580346957
3.45732514951e-28
4.57695372002e-27
1.47430509985e-10
0.000504684394166
2.05146612816e-17
8.80057641578e-09
9.74035699469e-19
3.94480091852e-06
0.000631015009885
2.08031265076e-11
0.000145477446559
7.03043091133e-08
3.98069941499e-12
5.67455826156e-09
0.00670748862318
1.29265956208e-09
3.2175778619e-16
3.45836025889e-20
1.0577692557e-13
6.52561361611e-06
0.000176584100367
2.34669417823e-07
1.64835540162e-07
2.43650463306e-06
1.89592303676e-14
3.45622289904e-26
1.63423620135e-05
3.26464109163e-11
1.95178662243e-06
1.93852852e-13
1.50634386373e-26
2.06350167088e-05
4.98665250384e-12
4.61786443659e-24
0.000744849270876
4.77046256342e-34
4.01340390882e-33
2.7097881405e-06
1.23918214438e-10
0.0095701869542
3.20740006061e-08
0.000629490049186
4.52170318974e-08
9.87505239126e-08
3.98572538269e-12
1.73051838432e-06
2.59379056563e-05
2.02859007731e-11
3.65376403741e-05
3.55195617106e-09
3.53421601985e-18
1.54907585375e-17
3.39622887894e-06
0.00276433497008
4.16156743109e-08
6.92822860879e-23
1.37851523367e-15
0.00292847015522
1.34916714459e-64
1.43960726017e-14
0.000132176838521
0.000962128792126
8.25935936033e-05
0.00036860250189
0.000171997910418
6.45277153689e-10
1.96743538732e-05
3.54417637221e-30
0.000119109034016
2.87874413163e-12
6.30513330315e-08
5.28655512689e-18
0.00140067232813
5.51192437633e-26
2.01549408535e-05
9.11902476033e-11
5.273073416e-18
1.17374184422e-14
4.48007189574e-07
2.52128113076e-30
7.1283012766e-24
8.18524728823e-19
0.000265521481653
3.23865440145e-06
7.78239648351e-34
0.000493842663767
0.0120785020833
5.714703454e-07
0.000335490407471
1.30340883156e-06
2.36211346327e-09
8.37711509511e-38
2.54766250731e-38
9.93510043701e-05
0.000275717719558
1.1158562092e-07
1.2080268047e-08
2.342880399e-05
2.34660107269e-22
2.48494962373e-15
1.72914067381e-13
0.000493842663767
3.09296922737e-36
0.0001971592017
2.59482082006e-08
3.04801069175e-06
3.6821332247e-05
3.58612875013e-27
1.87580444312e-32
1.2482530713e-32
2.79886986319e-07
2.31854771686e-08
0.00284097938918
7.21674632847e-08
2.03104408529e-07
2.27232791933e-08
0.000126478811762
1.04572552e-06
4.19300397211e-07
2.71990344535e-14
3.52785718368e-05
1.32893531525e-10
1.44823093035e-28
2.05020368601e-19
1.08635988121e-35
0.00171217264666
1.23790417065e-36
8.04979448315e-16
7.80616858921e-14
1.70357360458e-17
0.0
5.93294446045e-12
2.5195367228e-06
2.06162585795e-14
0.000132176838521
3.45181565969e-24
4.14691726927e-18
4.71508807986e-43
4.75009236495e-09
1.3317520495e-20
1.63853865726e-12
0.000504684394166
1.13267965778e-14
6.08962558247e-10
1.61124399045e-15
0.0095701869542
1.77250033346e-15
2.96424363213e-10
2.76814534165e-08
2.76573403373e-05
5.24131943914e-05
0.00670748862318
7.85922908048e-06
3.83046697639e-17
1.36691590955e-11
0.000103618506506
2.61984482501e-12
1.37578603038e-09
0.00160126934748
1.02047946471e-05
0.000335490407471
2.98383268175e-11
1.28223027303e-51
1.25980012309e-20
1.09751255017e-06
0.0037576030333
1.17607652571e-16
3.72174659309e-21
0.000123649659572
1.33797170109e-12
1.79626675418e-13
4.97806073611e-20
0.0095701869542
2.53344826029e-07
3.38825180811e-12
3.01277391672e-12
4.61982382023e-27
6.47402665319e-57
9.25718321657e-20
6.94796877707e-21
8.32218297167e-06
0.00276433497008
0.0186364666309
9.70542899972e-08
1.00093773169e-15
5.3235560972e-19
6.35874266131e-09
6.15976689016e-11
0.000229714631029
2.14607374236e-06
0.000124249887681
2.2408219991e-06
0.0050215906292
9.28575321449e-10
8.4230508614e-05
0.000108887323098
0.00144580346957
1.87495900761e-05
0.0095701869542
4.72936150674e-09
3.23797468395e-08
4.60108490286e-05
2.35489993171e-23
5.41551692958e-13
0.0120785020833
5.49333294169e-10
0.0095701869542
0.00670748862318
1.13248645509e-08
9.74525177115e-14
9.88253842959e-40
0.00225540382475
9.27673536758e-12
4.57853914993e-12
1.12065579016e-10
5.16165178494e-15
1.84831010634e-14
7.15904861726e-10
7.29100165486e-27
4.90396173109e-56
3.04174034226e-05
1.56911905868e-30
3.94929693017e-30
3.22940872376e-06
0.00036860250189
1.22009969936e-06
0.00225540382475
3.95012347222e-08
0.0120785020833
5.12492951084e-37
1.27632459306e-10
0.000103243710026
2.05248930087e-09
1.48414185422e-29
7.69100368722e-09
6.69609848499e-09
5.09400816546e-07
0.000345325935627
3.20854339584e-13
0.000231825293648
5.89238941529e-10
1.14147425687e-13
2.42869917536e-15
7.48485356756e-08
3.10061090744e-32
5.52091525203e-11
5.52014559486e-09
7.97916076638e-06
1.62246364434e-14
5.40781761684e-07
3.87526744268e-11
0.00706187182508
6.68797569509e-06
0.000121503573932
0.0095701869542
0.00670748862318
3.17269730386e-24
3.51029922719e-12
2.90461472398e-12
0.00166969700251
4.12442133601e-11
5.28027588732e-18
1.14426230547e-11
4.20522472297e-25
6.36769832922e-05
0.0050215906292
2.92298743286e-11
0.000485337571309
3.53341919029e-10
1.5955418445e-07
4.59860263663e-05
1.46041937663e-05
1.54554465281e-06
0.00043894391211
4.64020171658e-17
0.000640336932349
7.55012367803e-06
1.24403392561e-07
1.33003255391e-07
1.37380807331e-07
0.000493842663767
3.97564970653e-14
1.18858364201e-19
2.70780192564e-08
0.0095701869542
1.0117757161e-09
9.38096201637e-05
3.38966595271e-09
0.000103637184583
0.000564361036989
2.40463793442e-16
3.1090061737e-12
1.01805710993e-10
5.95507366996e-13
1.52681799185e-28
0.00036684114334
7.59749626192e-15
6.05263647516e-11
1.39590053807e-05
0.00210731920075
4.94079749952e-05
3.55325973873e-34
7.25042749644e-09
3.83829377301e-07
3.51417339732e-20
1.33321093029e-10
1.34000940819e-08
0.00123207480427
1.05406687451e-05
9.6284641969e-18
5.44518639485e-16
3.25562945891e-24
4.12638904916e-53
6.05885260493e-38
9.85568639878e-14
0.00140067232813
6.31154830385e-24
0.00024868099992
2.13369962366e-12
0.000120660170218
2.51910944672e-05
0.00292847015522
2.3655589912e-07
1.35740236449e-17
1.08043073698e-18
0.0
3.21231284961e-17
1.93872611914e-15
0.0120785020833
0.00107666877265
2.98039609706e-07
0.000438956377721
0.00232032140094
1.08343477236e-11
5.4364516559e-23
1.12684955551e-11
1.47911843024e-10
5.63187822581e-17
0.000794452606032
7.1460550165e-06
4.39821349401e-06
0.00166969700251
2.30792469039e-26
6.04808799021e-19
2.1233210278e-09
6.22826698652e-07
2.47273386843e-37
2.74562443593e-09
1.03799168803e-25
0.000189903192817
0.000419448760681
1.19880663924e-15
0.00292847015522
4.31601824169e-09
0.0037576030333
3.33982219516e-35
9.61202287067e-07
1.63012309569e-09
7.17989801648e-26
1.84040303313e-05
1.0568985453e-07
0.0095701869542
3.32046701717e-07
1.97295780083e-19
3.72683097034e-15
1.05431052353e-14
5.22803063952e-06
3.0233768669e-08
6.67297599292e-15
0.0
1.85633974106e-05
9.02294640144e-21
0.00107666877265
5.59184886751e-05
0.000225098048586
4.1324643099e-22
0.00187301884314
1.80008475668e-08
5.81936270308e-34
0.000287774887377
0.000163904601569
6.15270303135e-06
1.28147392485e-22
0.0120785020833
1.16373064563e-07
5.45444609803e-13
0.000114519725479
5.27452836188e-12
5.44045514289e-06
4.8835440664e-15
3.01629459985e-20
3.48611193164e-13
4.274169958e-12
0.000148624586517
1.385569584e-22
3.9077085905e-28
1.22384475455e-21
4.01517587717e-08