500
3.0831931217e-07
2.11497586813e-05
0.00784671980378
1.99563198254e-30
7.9514420544e-06
1.61366443596e-10
5.61427436944e-09
1.32601064345e-11
0.0320610995611
0.0113821138211
8.5829785804e-08
4.1258290892e-18
0.0011600526731
1.3837865621e-22
9.96336723347e-07
0.000239422390862
2.3103425007e-05
8.91621916128e-10
0.00277434745903
0.0320610995611
4.33222612083e-36
1.21425715689e-08
1.61988380249e-05
1.40881512296e-05
0.00109861783092
5.19574236364e-20
0.00253915944837
0.00784671980378
0.000946887858412
0.0264816354816
0.0217349272349
0.00125648788901
0.0320610995611
3.11170536369e-31
3.49748327424e-09
0.0264816354816
2.16387432021e-19
2.18360644167e-12
4.77443552129e-09
6.1888286185e-54
0.00541291291291
0.017238045738
1.23159246464e-09
1.27577891659e-09
1.23879088936e-11
7.98759909053e-08
0.0320610995611
0.0217349272349
4.42429750759e-13
1.27928476157e-07
1.37885817867e-21
2.81616812794e-06
3.16602912451e-38
0.0320610995611
5.09756964969e-13
2.25587517402e-05
0.0264816354816
0.0264816354816
1.42943883202e-16
0.000179037547844
1.1918491788e-05
5.01461863226e-14
0.00156967316126
4.07024155328e-13
0.0113821138211
1.63613661922e-13
1.4053479406e-07
0.00253915944837
1.25997465865e-09
8.83981625007e-07
0.0320610995611
0.0320610995611
3.49335106348e-18
0.00220937304559
1.79679763863e-07
4.69350201362e-05
1.3995016177e-05
4.14305730572e-10
6.9401386395e-19
4.37888411831e-11
1.16683687605e-11
0.0264816354816
0.0320610995611
0.0320610995611
2.02108393348e-38
1.8905512592e-05
0.0320610995611
5.05249755076e-05
0.00277434745903
5.54834419342e-06
2.19654435853e-05
0.0264816354816
1.08791682513e-08
1.80000142754e-06
1.28480643746e-08
0.0320610995611
0.00784671980378
0.0320610995611
2.96574909377e-11
1.41510385738e-06
1.62321651461e-11
1.32734888186e-05
0.0217349272349
0.020569069069
0.0217349272349
2.14592293708e-06
5.98295567701e-21
1.32241383165e-09
0.000635495206988
8.13277117144e-27
0.0264816354816
0.0320610995611
1.0581830998e-20
0.0217349272349
1.46066941222e-43
0.017238045738
0.0264816354816
1.33585793837e-16
0.0033588797853
7.77226133012e-07
8.79842113661e-11
7.00539510459e-25
8.51711023002e-08
0.0217349272349
0.0264816354816
2.22108434897e-07
4.91307976434e-13
1.77113283533e-05
0.0264816354816
5.0301646862e-13
0.0320610995611
2.98800166956e-11
0.00141315507451
0.0217349272349
3.18764963623e-08
0.0217349272349
0.0217349272349
1.43085129132e-06
0.00018558757636
0.020569069069
4.15756708645e-10
1.54459580789e-17
0.00227705876354
0.0320610995611
0.0320610995611
3.2267498614e-08
1.13261434966e-13
0.020569069069
4.15410626993e-21
6.36000929639e-07
0.00541291291291
6.2518143143e-09
0.0264816354816
1.35463308033e-05
0.00541291291291
0.0217349272349
1.44401229635e-05
1.784432467e-06
7.35003952798e-10
0.0320610995611
2.64212630899e-05
6.68946657232e-17
3.05801661051e-26
0.0264816354816
0.00165864249024
5.93015543597e-08
5.94340908952e-06
0.0320610995611
0.0320610995611
0.020569069069
2.03895019098e-07
1.65806557422e-16
4.03899233729e-05
5.99336259021e-11
3.22609649488e-11
1.90821725488e-08
1.26390034598e-07
2.80025866057e-11
3.93941583189e-13
2.76336368433e-05
1.00472902962e-08
0.0264816354816
4.16183180306e-13
1.50431905951e-05
1.49971766216e-21
3.63121179034e-05
0.000759800260839
0.017238045738
0.0217349272349
2.42891768451e-06
0.00541291291291
1.52780464817e-10
8.48315995731e-18
0.0217349272349
8.72492608958e-09
0.000249601841828
3.7861248591e-06
2.23387881781e-24
0.00215491768044
2.12997752316e-05
1.76526382029e-06
3.34903398597e-10
3.99786011498e-11
1.47192310042e-08
0.0320610995611
1.08332035998e-12
0.0320610995611
2.04851285058e-08
0.0320610995611
1.29416587238e-12
0.0264816354816
1.04517040418e-09
4.20902275305e-05
2.52093645642e-30
9.08039092814e-18
5.69308638484e-15
0.0217349272349
3.06469814182e-12
3.82118232759e-18
0.0264816354816
1.00576205113e-14
8.36778526541e-07
1.58053110231e-06
8.93542358597e-09
0.0217349272349
1.27319096489e-06
8.79051388683e-08
1.67563837674e-06
0.00036070233095
0.00541291291291
2.45207451613e-13
0.00541291291291
1.38583618556e-08
4.29216410704e-05
0.00026717732925
9.51183461818e-13
0.0217349272349
2.71262751689e-25
0.000109537513226
5.26575233408e-23
3.59404521423e-19
5.11592920476e-08
0.0264816354816
2.79825846206e-23
1.27285489663e-08
0.0113821138211
1.88184358408e-08
0.000462613798121
0.000124997029677
0.000170285969538
6.20871172385e-05
4.39246514046e-06
1.04446720436e-05
2.26264274202e-09
0.017238045738
2.99820175982e-17
2.73961900144e-13
0.0217349272349
5.35681948582e-15
0.0320610995611
0.0264816354816
0.0320610995611
6.99397011871e-10
8.15074232232e-14
3.01458470551e-09
0.0320610995611
4.6676437846e-18
8.85848878416e-06
1.97361502442e-18
2.31696641998e-05
0.00784671980378
4.26704972317e-11
3.08440317986e-11
4.99937254901e-07
0.0217349272349
2.0807304659e-24
0.00164791850862
0.000228087363432
0.012408061908
3.10935890045e-05
0.000125277921847
0.00277434745903
7.63403290246e-08
2.34260377617e-07
0.000567083600115
2.24369713016e-05
0.012408061908
2.74512233791e-07
0.0320610995611
1.26953106424e-16
5.39996383284e-40
1.46880076163e-17
1.3779271967e-14
9.95828211433e-05
7.98719864923e-22
3.02038593083e-07
6.06440958344e-14
2.4384001283e-09
1.39497986409e-06
0.0217349272349
4.50673062384e-22
4.43233354039e-08
1.89156377628e-18
1.67235514719e-05
0.012408061908
8.7087152761e-21
1.28768852902e-20
1.97236156536e-10
0.0217349272349
8.23381520466e-32
1.72512318505e-05
1.78809403619e-16
0.0264816354816
2.96667825657e-18
0.0264816354816
0.0217349272349
0.0320610995611
1.40885136713e-09
0.000519010579069
0.000112407416388
5.55166216604e-16
3.73979671136e-13
1.73830217725e-11
0.0024466565469
3.68010992802e-10
0.0320610995611
1.61845050906e-08
0.017238045738
1.39601945009e-07
1.50883978771e-08
2.09272838868e-07
2.12578139432e-15
0.0320610995611
1.49219728923e-06
0.0264816354816
0.00243083764682
0.000368186624919
0.00202087475822
0.0320610995611
2.25336436029e-05
0.0217349272349
0.00832755832755
0.0217349272349
0.012408061908
2.70394674712e-07
1.62823113777e-13
1.66612323749e-14
8.74261927404e-20
2.27332274429e-11
1.99746914456e-05
0.000231411625311
2.11493523069e-23
0.00014249175816
8.8231649714e-13
2.83283550051e-31
2.59040083549e-18
7.46095717307e-12
0.020569069069
0.0320610995611
0.017238045738
0.00307413958372
2.70846794222e-19
2.87433896019e-11
4.35719043783e-07
4.05604973012e-14
2.65384504422e-07
0.00253915944837
1.84023555572e-07
1.40492639745e-07
0.00541291291291
0.0113821138211
0.0264816354816
1.4815069082e-13
4.55977464912e-05
0.0264816354816
2.1731134911e-07
0.000208751856955
2.46498988297e-22
0.00107324213368
4.72143320331e-05
0.00832755832755
0.000148471962989
2.92780075925e-12
3.53474681273e-14
0.0264816354816
3.90165267904e-11
8.10048248211e-06
4.57235236933e-38
1.03813658842e-10
0.0217349272349
7.67080811749e-06
2.09761468758e-07
4.39645283508e-08
1.9659422909e-08
8.35470503121e-11
1.44233509987e-06
2.58429445155e-05
5.39877181351e-08
3.26432940179e-05
7.49703732805e-32
1.17563922008e-12
1.0039532726e-16
4.61156965512e-20
7.23856208179e-09
0.0320610995611
1.81099430308e-08
0.000344229165076
9.63464060134e-14
0.00197224020046
0.0217349272349
2.58862116749e-10
0.000194615825388
2.69155480276e-11
0.0264816354816
1.49045271581e-12
4.03147121914e-41
7.72010382852e-08
0.0217349272349
2.48556245198e-16
0.0264816354816
3.57962649032e-21
8.88399983963e-16
0.0264816354816
3.020530334e-14
8.88187647434e-10
9.93295080146e-08
2.2245066753e-11
2.56887156099e-25
0.00202087475822
0.012408061908
3.80427077987e-05
0.017238045738
1.95656696291e-13
0.012408061908
0.0217349272349
0.0264816354816
0.000221644891895
5.08455267836e-16
0.0217349272349
0.0264816354816
2.50738112715e-11
0.000958173376745
1.56275239611e-07
1.05210441685e-16
2.46781629268e-09
2.65154340309e-19
3.61424733407e-40
2.97387691302e-17
1.77127791956e-16
1.2365655631e-08
1.20845931817e-13
1.56322308983e-05
1.30494648257e-05
0.0320610995611
2.34532475618e-05
0.00109861783092
8.84035216637e-09
0.00202087475822
1.90435913627e-06
0.0320610995611
1.03596652928e-25
2.09755921072e-08
0.0113821138211
8.00469820241e-14
0.0320610995611
0.0320610995611
0.0320610995611
1.34464846989e-16
2.34243294482e-09
0.0320610995611
0.020569069069
2.02108467587e-15
0.017238045738
1.59353934252e-08
3.35772726928e-07
1.8120777581e-08
0.0217349272349
2.29625181774e-14
0.0320610995611
3.30966818051e-05
0.0264816354816
1.83607590771e-30
5.26533139824e-23
6.54888424852e-23
1.22094727404e-05
5.31463423604e-10
2.34103722984e-13
2.86633415411e-07
1.35501766202e-20
0.012408061908
6.21679863486e-06
1.61162086647e-05
0.000270401995313
1.35700980742e-20
2.43257674681e-06
0.0320610995611
5.67983290598e-26
4.69350201362e-05
6.1050685532e-06
8.58129885508e-12