500
7.25614627067e-05
0.0015046337307
0.00079490062107
0.00820279394322
0.00820279394322
0.00312494670862
1.91582347014e-09
0.000199012269322
0.0170555485472
0.0170555485472
0.017928965224
0.00820279394322
6.05033338648e-13
0.00446119923759
0.017928965224
0.0170555485472
3.59435116307e-07
4.96547105046e-06
0.00079490062107
2.38742780424e-08
0.000267906507793
8.00412666854e-06
1.49446642258e-07
0.00820279394322
2.22570173756e-10
9.49708262172e-07
0.00079490062107
6.5049376994e-07
0.0170555485472
0.0170555485472
2.0773479292e-09
0.00128236677337
5.04893806378e-06
3.36273042218e-06
3.25804119633e-07
0.0170555485472
0.00128236677337
0.00023789617229
1.69086841938e-05
0.000171526193986
0.00820279394322
0.00174833289577
4.67313234258e-13
0.0
0.0170555485472
0.00079490062107
0.000909852979952
0.00128236677337
1.34667973851e-05
0.0170555485472
0.000109644279927
1.69086841938e-05
3.03623966666e-07
0.000267906507793
3.07121330389e-05
0.000160146164013
0.0
0.0
0.0170555485472
0.0170555485472
0.0170555485472
0.0170555485472
0.00820279394322
0.0170555485472
0.00312494670862
0.0170555485472
0.00820279394322
3.5614428129e-09
0.00128337263963
5.36401298088e-05
0.0015046337307
7.27757536156e-07
0.00820279394322
0.00079490062107
0.00128337263963
0.00820279394322
1.62964423356e-05
2.42090294149e-06
0.00446119923759
2.13768335678e-05
4.33581180257e-14
0.00128236677337
0.000191392808768
0.0170555485472
0.0170555485472
0.00820279394322
1.92334457285e-09
2.28852797924e-08
0.00820279394322
0.00174833289577
1.15316591023e-07
0.00014909066987
0.00446119923759
0.00023789617229
0.0170555485472
0.0015046337307
0.00128337263963
0.00312494670862
0.0170555485472
0.0170555485472
0.000109034584495
0.000155311518473
0.00312494670862
0.017928965224
0.0170555485472
1.96031142261e-09
0.000340460387211
0.0170555485472
0.0170555485472
0.0170555485472
5.05282147724e-05
4.49456519295e-06
6.99757213208e-12
0.00820279394322
0.00820279394322
4.97696178365e-14
4.93748078392e-06
0.0170555485472
2.03385758734e-10
0.000478316413258
0.000565088772188
0.000825572739985
0.00820279394322
8.7357047952e-06
0.000487669622272
6.97844084428e-06
0.000268002769417
0.0170555485472
3.38036072169e-06
0.00820279394322
8.16007409769e-06
0.00128337263963
0.00820279394322
9.01239632176e-05
0.000487669622272
0.0170555485472
3.38239859569e-06
0.017928965224
0.05067069073
0.00128337263963
0.000909852979952
0.00011069105764
0.00315095079656
8.53410081557e-07
0.000282602184751
0.00128236677337
0.0170555485472
0.00128337263963
0.0
1.83020525669e-08
7.16852928949e-09
0.017928965224
0.05067069073
0.017928965224
0.0170555485472
0.0170555485472
4.62599251875e-09
0.00820279394322
4.57411486672e-05
4.13894131408e-06
0.0170555485472
0.00312494670862
0.000565088772188
2.28627218637e-05
8.11912438955e-06
1.6579139765e-06
0.00820279394322
0.00820279394322
0.000102703585731
6.58252658108e-06
0.0
0.05067069073
0.00446119923759
0.0170555485472
0.00820279394322
0.00446119923759
2.96250502143e-05
4.02702829073e-05
4.95633154913e-07
0.00079905901456
0.00312494670862
1.24446081727e-05
2.29192568137e-07
0.00446119923759
5.79885117165e-06
0.00128236677337
6.26591164231e-12
0.0170555485472
0.00128337263963
0.00079490062107
0.017928965224
0.017928965224
4.02702829073e-05
0.0170555485472
1.15893722013e-07
4.47126868288e-07
0.0
0.00820279394322
0.00128236677337
0.00446119923759
0.000565753210077
1.97307364115e-06
2.06660838405e-05
7.25614627067e-05
6.09282966232e-06
0.0170555485472
4.87989117776e-06
2.6061580891e-05
0.00446119923759
0.000211451534643
0.000153643022258
5.92866898796e-12
1.46114736353e-08
7.08727838183e-05
0.0170555485472
0.017928965224
0.000155311518473
4.68339155667e-12
0.000340460387211
0.000167162102164
0.000909852979952
0.0170555485472
1.96205283196e-06
0.0170555485472
1.54896030024e-05
0.000211451534643
0.00820279394322
0.00079490062107
0.00820279394322
1.51366678712e-08
5.04897536571e-06
5.8027025386e-07
0.000413499235174
0.00116174533473
0.017928965224
0.0170555485472
0.000487669622272
4.65859613441e-11
0.00315095079656
1.77693517719e-07
0.000155311518473
0.00174833289577
0.00820279394322
0.0170555485472
0.000565753210077
0.00312494670862
0.00446119923759
0.00820279394322
0.00128337263963
3.82612685852e-05
0.000825572739985
3.2063178808e-05
0.0170555485472
3.72708171229e-07
0.0238194444445
0.000909852979952
0.000143556618881
1.06772483548e-09
4.38457551106e-12
0.017928965224
0.00446119923759
2.35061092244e-06
0.0170555485472
1.9597587843e-09
0.017928965224
7.84817863057e-07
2.1506323808e-14
3.12136749597e-07
0.0170555485472
0.000257847562948
0.0
5.94595289521e-06
0.0170555485472
0.00820279394322
0.000487669622272
1.70106371806e-05
0.00312494670862
0.05067069073
8.54030992745e-08
7.09217383539e-05
2.51723294108e-07
3.73422997264e-06
0.00820279394322
4.3109469457e-05
0.00446119923759
1.21768237028e-07
0.000909852979952
0.00820279394322
0.00820279394322
3.18920813651e-05
0.000227726388164
0.0170555485472
0.00820279394322
0.00315095079656
6.42482875862e-05
0.000376231914689
0.0170555485472
7.97377459721e-07
0.000911787686591
0.000227669706251
0.00820279394322
0.000565088772188
0.00312494670862
2.43803787528e-06
0.0170555485472
0.0170555485472
2.38083421525e-05
0.0170555485472
5.75871555577e-06
0.0
3.46739418747e-07
0.05067069073
0.00128236677337
0.00043815768223
0.000478316413258
5.05345371808e-09
0.0170555485472
0.000487669622272
0.0170555485472
0.017928965224
6.38631989907e-05
0.0170555485472
0.017928965224
3.09419315832e-05
6.54230024257e-07
5.80923308778e-08
0.00128337263963
0.00446119923759
0.0170555485472
1.11297558953e-06
0.017928965224
0.0170555485472
6.96008002509e-13
0.00820279394322
1.69086841938e-05
0.00820279394322
1.33916709887e-08
0.00820279394322
0.00027213649389
0.017928965224
2.62156481661e-07
0.000231338511201
0.00312494670862
0.00446119923759
0.0170555485472
0.0015046337307
0.0170555485472
0.000149561897252
0.0170555485472
0.000155311518473
1.44143572621e-09
0.05067069073
0.00820279394322
3.24153441113e-08
0.0170555485472
3.62912201761e-06
1.84353519912e-07
0.0170555485472
4.09467625177e-08
0.00079905901456
0.00820279394322
0.00128337263963
1.74046179752e-05
1.28315108029e-06
1.70773851764e-06
0.00820279394322
1.51944256464e-08
4.12694566561e-05
4.45608556818e-12
0.000227669706251
0.0170555485472
6.49173189384e-08
4.57411486672e-05
5.68785148231e-14
0.000172635999947
1.81209040724e-07
0.00079490062107
7.03606532972e-08
0.000909852979952
4.3871469309e-07
4.15483792156e-05
0.00128337263963
0.00043815768223
0.0170555485472
0.000227726388164
4.0818275093e-07
0.00820279394322
0.0170555485472
4.94618395575e-05
0.000153643022258
0.00446119923759
3.74484015658e-07
0.0015046337307
0.0238194444445
5.02039202841e-12
0.0170555485472
0.00312494670862
0.0170555485472
0.0238194444445
7.43719225994e-11
0.0170555485472
0.00023789617229
0.00079905901456
0.00446119923759
5.55896134206e-09
0.000169493818894
0.00446119923759
3.52429223658e-07
2.55364344005e-10
2.77562759443e-10
6.92373981036e-06
0.0170555485472
0.00079490062107
0.00015066864303
0.000149561897252
0.017928965224
4.72945177541e-07
7.3202362996e-07
0.0170555485472
0.00079490062107
6.15893684238e-06
0.00315095079656
0.00273515851389
0.00312494670862
1.31315532033e-06
2.30035013987e-07
6.55014224985e-05
0.0170555485472
9.18824333209e-05
2.20699659213e-09
0.00312494670862
0.017928965224
1.09459022797e-05
0.0170555485472
2.8445865033e-06
0.00312494670862
0.000384805765936
3.07564740333e-05
2.28627218637e-05
0.00128337263963
8.1437934471e-09
0.00820279394322
9.48195729599e-07
1.74700403017e-08
1.36093598172e-05
0.000240751480875
2.52428044167e-08
0.0170555485472
0.0170555485472
0.00820279394322
4.89819805994e-06
0.000347305139431
0.0
0.00312494670862
1.28201768114e-05
5.92838036038e-05
0.0170555485472
3.2614058692e-05
5.97382234079e-08
0.0170555485472
4.79834950864e-06
9.96038037942e-10
7.53959015387e-16
8.92185075595e-06
0.0170555485472
2.01075676424e-07
0.000565088772188
0.000565088772188
0.000143556618881
0.00446119923759
0.000230349935914
4.89889784255e-06
7.2871984375e-06
0.00079490062107
1.16666823469e-06
0.000340460387211
0.000230349935914
0.00128236677337
0.00312494670862
0.0170555485472
0.0015046337307
0.0170555485472
0.00820279394322
5.75699264322e-13
0.00128337263963
8.26062576999e-05
3.0635332726e-08
0.00027213649389
0.00315095079656
8.47421913421e-06
0.00820279394322
0.0
0.017928965224
0.000167162102164
0.00079905901456
0.0170555485472
3.28160652695e-06
0.00820279394322
0.00820279394322
0.00820279394322