500
0.0
0.0
9.66750909778e-05
0.0
0.0
5.05979004032e-06
0.0
0.0
0.0
0.0
1.39035690136e-07
0.000706240486429
0.0
0.0
0.0
0.0
0.000380120450144
0.0
0.000127781831067
0.0
0.0
0.000294403773916
0.0
0.0
0.0
0.0157776596875
0.0
0.0
0.0
0.0
0.00558221730104
0.0
0.00238159234948
0.0
0.0
0.0
0.0
0.00384805541769
0.0
0.0
0.0
0.0
0.0
0.0
0.0
0.0
0.0
0.0
0.0
0.0
6.1947506021e-05
5.80289995888e-05
4.04881445514e-05
0.0
0.0
0.0
0.0
1.11408473106e-06
0.0
0.0
0.0
0.00210694321349
0.0
0.0
0.0
0.0
8.22757969136e-06
0.0
0.0
0.0
0.0
0.0
0.0
0.0
0.0
0.0
0.0
0.0
0.0
0.0
0.0157776596875
0.0
0.0
0.0
0.0
0.0
0.0
4.09492418138e-05
0.0
0.00558221730104
0.0
0.0
0.000115402621439
0.0
0.0
0.00558221730104
0.0
0.0
0.0
0.0
0.0
0.0
0.0
0.0
0.0
0.0157776596875
0.0
0.0
0.0
0.0
0.0
0.00384805541769
0.0
0.00147097231694
0.0
0.0
0.0
0.000646190494386
0.0
0.0
0.0
0.0
0.0
0.0
0.0
0.0
0.0
0.0
0.0
0.0
2.58428588081e-09
0.0
0.0
0.0
0.0
0.0
0.00558221730104
0.0
0.0
0.0
0.0
0.0
0.00384805541769
0.0
0.0
0.000460437342502
0.0
0.0
0.0
0.0
0.0
0.0
0.0
0.00558221730104
0.0
0.0
0.0
0.0
0.0
0.0
0.00558221730104
0.0
0.0
0.0
0.0
0.0157776596875
0.0
0.0
0.0
0.0157776596875
0.000484212938852
0.0157776596875
0.0
0.0
1.38386732382e-05
0.0
0.0
0.00184163990123
0.0
0.0
0.0
0.0
0.0
0.000125730883101
0.0
0.0
0.0
0.0157776596875
0.0
0.0
0.0
0.0
0.00184163990123
0.0
0.0
0.00558221730104
0.0
0.0
0.0
0.000508515880369
0.0
0.0
0.0
0.0
0.0
0.0
0.0
0.000119996455859
0.0
0.0
0.0
0.0
0.0
0.0
0.0
0.00558221730104
0.0
0.0
0.0
0.0
3.31296416421e-05
0.0
8.50491981631e-05
0.0
0.0
6.1947506021e-05
0.0
0.0
0.00100411194133
0.0
0.0157776596875
0.0
0.00024079142038
0.0
4.86584450093e-06
0.0
0.0
0.0
0.0
0.00558221730104
0.0
0.0
0.0
0.0
0.0
0.000185955296344
0.0
0.0
0.0
0.0
0.0
0.0
0.0
0.0
0.00807729125575
0.00100411194133
0.0
0.0
0.000706240486429
0.0
0.0
0.0
0.0
0.000508515880369
0.0
0.000380120450144
0.0
0.0
0.0
0.0
0.0
0.0
0.000339650647452
0.0
8.86015435551e-06
0.0
1.19712146481e-07
0.0
8.23426283996e-06
0.0
0.0
0.0
0.0
0.0
0.0
5.9233573263e-10
0.00807729125575
0.0
0.0
0.0
0.0
0.0
0.0
9.3908883539e-06
0.0
0.0
0.000131005569218
0.0
0.00558221730104
0.0
0.0
0.0
0.0157776596875
0.00039566249052
0.0
0.0
0.0
0.0
0.0
0.0
0.0
0.0
0.0
0.0
0.00558221730104
0.00238159234948
0.0
0.00024079142038
0.0
3.72650770221e-09
0.0
0.0
0.0
0.0
0.0
0.0
0.0
1.94971125669e-07
0.0
0.0
2.08040223077e-05
0.0
0.0
0.0
7.42240329913e-07
4.60374943101e-11
0.0
0.0
0.0
0.0
0.0
0.00024079142038
0.0
0.0
0.000896345405017
0.0
0.0
0.0
0.0
0.0
0.0
0.0
0.0
0.0
0.0
0.0
0.0
0.0
0.0
0.0
0.0
0.0
0.0
1.34458513045e-05
0.0
0.0
0.0
0.0
0.0
4.13479530747e-15
0.0
0.0
0.0
0.0157776596875
0.00238159234948
0.0
0.0
0.0
0.0
0.0
0.0
0.0
0.0
0.00184163990123
0.00024079142038
0.0
6.8217428021e-05
0.0
0.0
0.0
0.0
0.0
0.00100411194133
5.34334753632e-09
0.0
0.0
0.0
0.0
0.0
0.00558221730104
0.0
0.0
5.44242755144e-09
0.0
0.0
0.0
0.0
0.0
0.0
6.43305097966e-05
2.08066630651e-07
0.0
6.81049994925e-12
0.0
0.0
0.0
0.0
0.0
0.0
0.0
0.00558221730104
0.000359406140715
0.0
0.0
0.0
0.00210694321349
0.0
0.0
0.0
0.0
0.0
3.77078758725e-06
0.0
0.0
0.000646190494386
0.0157776596875
0.0
0.0
0.0
0.0
0.0
0.0
0.0
0.0
1.26145958786e-05
0.0
0.0
0.0
0.0
0.0
7.01881368535e-05
0.0
0.0
0.0
0.0
0.0
0.0
4.75710536167e-05
0.000249291475068
0.0
0.0
0.0
0.0
0.0
0.00147097231694
0.0
0.0
3.00053010102e-07
0.0
0.0
0.0
0.0
0.000680998595131
0.0
0.0
0.0
0.000121731925513
3.72103761445e-07
0.0
1.32194015817e-06
0.000131005569218
0.0
0.00024079142038
0.0
0.0
0.0
0.0
0.0
1.79982830393e-08
0.0
0.0
0.0
0.0
0.00558221730104
0.0
0.0
0.0
0.00184163990123
0.0
0.0