500
1.25619037094e-07
0.0
0.0
0.0
0.0
3.19349094941e-07
0.014588687094
0.0
1.00247673186e-06
7.56827026084e-09
1.14267827776e-17
7.4046747045e-13
8.69386179514e-08
9.12501254203e-05
9.61216404479e-05
0.000309573819096
4.21144164998e-06
0.00298123678509
0.0
0.00298123678509
0.00298123678509
0.0
9.65252148903e-05
7.19757488551e-05
0.00255564699785
0.00478125917635
6.76547253673e-05
2.21903176467e-10
1.10035434761e-09
4.4759397675e-13
4.85749326182e-09
0.014588687094
9.65252148903e-05
2.73742369876e-09
0.000907264373391
4.02134773684e-05
1.3203057227e-07
0.000496371944351
1.36340471257e-06
2.96863692797e-06
0.014588687094
6.05686016603e-12
2.84625388532e-07
0.0306988829911
0.0
0.0
2.21584539844e-10
5.86172628099e-05
0.000114399215127
0.0
7.92856739411e-16
0.00478125917635
0.000336803726561
0.00920358312318
5.83232363662e-10
0.0
1.01045572783e-06
9.59749962243e-05
7.29628144711e-07
0.0
0.0
1.24169065224e-10
5.29739920476e-05
0.00298123678509
0.000306160607741
1.84944825726e-11
7.26397581603e-14
4.53165283812e-13
0.0
9.61718788324e-05
0.0163785495162
0.00594114217675
4.15066273504e-07
9.46406536361e-06
1.62726220225e-05
0.000145105030401
4.49017632253e-06
0.0
1.97469565238e-06
0.00100032679008
7.27614122424e-09
0.0
0.00298123678509
0.000103182506946
0.014588687094
0.0
0.014588687094
9.13213573853e-06
1.09342042366e-08
0.000145105030401
0.000389327679458
5.79220863719e-05
1.26966684955e-10
0.0163785495162
8.70152377201e-08
0.00478125917635
0.00298123678509
2.33606904615e-06
6.42443534083e-05
0.00478125917635
0.000668777817329
0.000348976015015
0.00478125917635
0.0
3.97426949413e-09
0.014588687094
5.33919697945e-06
0.000629797094196
1.46884631456e-07
0.000319141323721
4.49539280279e-05
4.2442534917e-19
0.000141473309622
1.00958212791e-05
1.23677710143e-07
0.000907264373391
0.0
3.33813889475e-09
8.26056783287e-05
1.70820785057e-08
1.17908835735e-09
0.00100032679008
2.99960850468e-08
0.00121390197387
0.00298123678509
5.04836838266e-08
0.000250170758528
1.05804961172e-09
9.866178259e-07
0.014588687094
0.00243141280779
1.08289873504e-09
0.0
1.0969707098e-08
0.00141385056216
4.82790279015e-09
2.00995377299e-10
0.0
1.10451657586e-05
1.1207944067e-12
0.00478125917635
9.27080353866e-05
7.12039221903e-05
4.02134773684e-05
2.64333134932e-16
1.9420559021e-07
8.66898117967e-05
0.00243141280779
1.92626674365e-12
0.0
0.000336803726561
8.90653923923e-17
0.000553870646997
6.37642259706e-05
0.000437557170096
0.00405454567804
1.55934403533e-11
1.89833069379e-16
0.0102262034702
6.22421680406e-05
0.0
1.34680315302e-05
0.00298123678509
0.000145105030401
0.0
0.000100338429079
1.4647416566e-23
1.26659944676e-05
0.0
1.00927239328e-13
2.02067222079e-05
0.00255564699785
2.85483827134e-18
4.68672230258e-09
0.0
0.0
1.80949548776e-06
5.11668521787e-05
3.22314460451e-09
0.000234127938702
0.0
0.0
0.000985108820869
0.0017692572242
6.07418134648e-07
6.76547253673e-05
0.000389327679458
0.0
0.0
7.20857995303e-05
4.71899248184e-11
0.0
0.0
0.000102930592639
0.000487502110831
3.0879776219e-06
0.000354902365175
0.000351200111547
0.00120980227573
0.00176464599961
6.69467217374e-05
7.12039221903e-05
1.62349218833e-06
1.29643329627e-06
0.00298123678509
0.00298123678509
0.00241692976019
2.85611931924e-06
5.98196520395e-12
8.43436269248e-08
6.57330102305e-09
0.0
1.96793470942e-07
0.014588687094
0.000368511625716
9.50166923841e-07
1.036187826e-05
0.0
0.000137855040756
9.32336713636e-05
1.35228418516e-05
3.11518529264e-13
4.74173546095e-06
0.000234127938702
2.19486493941e-07
0.0
2.19276626721e-08
0.00405454567804
1.85920864589e-05
3.58924805998e-11
8.5087000277e-05
0.00478125917635
0.000434517690096
4.53845906075e-08
0.014588687094
0.000145105030401
0.0182598588513
0.0
8.17037774549e-07
5.65660001592e-07
3.0287743764e-15
4.75284884398e-07
4.02134773684e-05
0.0
0.0
9.1964655231e-10
0.0
7.64265283269e-21
6.42443534083e-05
5.6932831188e-09
9.59749962243e-05
0.0
4.41366796148e-08
0.000629797094196
0.000199410375117
7.12039221903e-05
0.0
1.07202041976e-11
0.000110249907763
4.07495901649e-08
0.0
1.41475273609e-21
0.0
3.11939842714e-05
4.34340068554e-15
1.55282855003e-11
5.26297658652e-38
1.00454622628e-09
0.00478125917635
2.26189719696e-06
0.014588687094
0.000351200111547
1.71479587395e-06
0.000309573819096
2.77394225675e-06
1.65428601484e-13
0.0
4.90763806353e-07
0.000351200111547
2.90801097865e-05
0.000314715966941
4.12824080644e-09
5.29739920476e-05
5.29739920476e-05
0.000145105030401
0.0
1.80200596176e-05
3.11366768939e-07
0.000849965018034
5.45050891825e-10
0.00298123678509
1.72153701787e-12
5.84186252667e-07
0.0
0.000629797094196
2.95972907355e-06
0.014588687094
0.0
9.61374679403e-06
4.82178473986e-06
2.21671563407e-07
5.29299307014e-07
0.0
6.90756487246e-11
8.74211648688e-05
3.73105640713e-10
4.34000430225e-15
4.21402509937e-05
0.00298123678509
0.000336803726561
0.00298123678509
1.13240613186e-06
0.014588687094
1.64137523646e-05
0.0
4.51324764055e-15
5.82135401125e-06
7.83826122339e-05
0.014588687094
2.99014057948e-09
0.014588687094
1.42375685789e-12
0.00101488666633
0.0
0.0102262034702
1.77336309333e-06
0.0
3.93626675672e-05
2.89837404109e-08
6.46122899173e-05
7.58753094037e-05
4.04549568281e-08
0.00478125917635
0.000145105030401
0.00478125917635
0.00298123678509
0.00298123678509
3.63708982894e-06
3.39632018498e-08
1.87636853499e-10
0.00298123678509
4.79797373031e-07
0.00176464599961
3.43534525102e-10
6.71735335465e-09
0.0
5.82430942773e-12
1.94522567346e-08
0.000629797094196
0.000159876930431
0.014588687094
0.00298123678509
0.000218489802587
0.00487659923519
3.80222919493e-08
1.12476142987e-19
0.000114399215127
0.0
7.66538721738e-16
0.000309573819096
0.00487659923519
0.0
0.000865287755324
0.00298123678509
6.131330235e-07
5.40246307047e-10
5.58650785127e-08
0.00100032679008
0.000354902365175
0.00024857448619
0.00100032679008
0.0
2.58112391526e-10
0.014588687094
5.24532095898e-08
4.22920845677e-07
8.42660046848e-17
0.0
0.00298123678509
0.0
0.0
1.24137670653e-06
2.94780380357e-06
2.0543120811e-12
3.76290323608e-10
0.0
1.41504636328e-07
0.000629797094196
9.38266627399e-07
0.0
0.00298123678509
0.00298123678509
0.0
0.00289020068343
0.00478125917635
0.00298123678509
0.0
0.000434517690096
5.04653277529e-14
3.46530412346e-12
1.88273513918e-07
0.00298123678509
1.70057697353e-07
0.0159326361668
5.98629624581e-05
0.000629797094196
2.7409150511e-06
0.014588687094
3.14524290016e-05
0.014588687094
4.36998162985e-07
0.00405454567804
0.0
3.35913981027e-06
0.00298123678509
0.0
0.0
4.82492405031e-05
0.00298123678509
0.00298123678509
0.0
0.00298123678509
0.00298123678509
1.38344954908e-07
1.20404057059e-10
6.02152247685e-05
0.0
2.245866359e-08
0.0
0.0
0.000154663198984
8.35917560103e-09
6.60596844197e-06
1.43275079916e-05
1.24298411695e-10
0.000389327679458
2.98804801073e-05
0.000137855040756
0.000145105030401
0.000434517690096
0.000434517690096
3.87078851426e-08
1.10562592505e-15
0.0
0.00478125917635
8.56693566611e-11
6.92363162001e-13
2.89386761166e-05
0.0
1.07665795461e-07
0.000145105030401
0.000434517690096
1.1972986729e-08
2.3982637908e-10
0.0306988829911
0.0
1.28091213398e-10
5.5669429521e-07
0.000306160607741
3.66032637424e-12
0.00478125917635
5.61096341737e-07
4.04793070882e-05
0.0
2.79499583932e-08
9.26338528097e-13
0.00048635626829
0.000336803726561
0.0182598588513
0.000389327679458
9.57528507702e-07
3.48660124128e-10
1.7477085122e-08
0.0030105748126
4.61264870813e-05
0.00478125917635
0.000199410375117
8.90193097046e-08
1.20809714621e-08
0.0
1.82729366894e-06
5.51617189016e-11
0.00101488666633
0.00478125917635
2.39618179698e-09
4.86518106489e-07
2.1261384195e-07
3.11038574346e-08
0.0
5.59922355267e-11
0.0102262034702
0.0
2.29812876952e-07
0.000319141323721
0.000434517690096
0.000334681578144
0.00478125917635
5.40123462303e-10
2.9276006224e-09
4.02134773684e-05