500
0.000609752434152
0.00538587318377
0.000292467094151
0.21697235378
0.207408317442
0.21697235378
3.26521715847e-05
0.21697235378
0.00538587318377
0.21697235378
0.21697235378
0.000292467094151
0.133341500436
0.127463871636
0.207408317442
0.207408317442
0.133341500436
0.127463871636
0.207408317442
0.00876385504903
0.127463871636
0.000451538201233
0.00876385504903
0.127463871636
0.133341500436
0.000392005997961
0.127463871636
0.21697235378
0.207408317442
0.127463871636
0.00876385504903
0.21697235378
0.207408317442
0.207408317442
0.127463871636
0.00876385504903
0.207408317442
0.21697235378
0.000719300327534
1.50814708305e-06
0.000992184881889
0.00876385504903
0.21697235378
0.127463871636
8.31823107548e-05
1.35762443504e-07
0.207408317442
0.000279575286198
0.00876385504903
0.207408317442
1.51357959972e-05
0.21697235378
0.00538587318377
0.21697235378
0.0181904220542
1.88840060974e-12
0.21697235378
6.00765856135e-10
0.207408317442
0.0181904220542
0.21697235378
0.21697235378
0.127463871636
0.207408317442
0.00514846650065
3.67708622766e-05
0.207408317442
1.24518240427e-07
0.127463871636
0.207408317442
0.207408317442
0.133341500436
0.00538587318377
0.207408317442
0.000292467094151
0.000719300327534
0.21697235378
0.00876385504903
0.127463871636
0.207408317442
0.21697235378
8.01970842415e-05
0.000355854056296
0.000451538201233
3.94229954512e-07
0.207408317442
0.000992184881889
3.49930757877e-10
0.000279575286198
0.00103793662599
0.133341500436
0.00876385504903
1.23250587224e-07
2.35432327569e-05
0.21697235378
0.133341500436
5.71958666339e-05
0.133341500436
0.21697235378
0.207408317442
0.000637869408963
0.127463871636
0.207408317442
0.127463871636
0.000734739792357
8.01970842415e-05
0.0002672517429
0.133341500436
0.127463871636
0.00538587318377
0.133341500436
8.04374799672e-10
0.21697235378
0.000442049796975
0.21697235378
0.000279575286198
0.127463871636
0.207408317442
2.06962964762e-12
0.21697235378
0.00538587318377
0.207408317442
9.1032926934e-09
0.127463871636
0.000734739792357
5.27094429978e-06
1.13737944788e-06
0.00538587318377
0.21697235378
0.00514846650065
0.00837754856027
0.000329803677147
0.00514846650065
0.000374726563306
0.000992184881889
0.000124743926324
0.21697235378
0.00837754856027
0.00837754856027
0.127463871636
0.000637869408963
0.133341500436
1.75901786846e-07
4.03032713616e-08
0.00837754856027
0.21697235378
0.000734739792357
0.21697235378
0.21697235378
0.00538587318377
0.00837754856027
0.00249353949115
0.207408317442
0.00876385504903
0.207408317442
8.79012524719e-08
0.000609752434152
0.000582874841982
0.000130496132691
0.207408317442
0.00538587318377
0.00514846650065
0.00045492294377
0.00876385504903
3.23928652385e-06
3.9898305195e-05
0.00837754856027
0.00538587318377
0.000358208797768
0.21697235378
0.207408317442
0.00020268258326
3.5150020465e-05
0.207408317442
0.00045492294377
0.21697235378
0.21697235378
0.133341500436
9.46052622855e-05
0.21697235378
0.00876385504903
0.21697235378
1.60736233423e-07
0.21697235378
1.49313912316e-07
0.21697235378
0.127463871636
0.207408317442
7.66620355844e-05
0.207408317442
0.000677146951026
0.133341500436
0.0111790194834
0.207408317442
0.207408317442
0.000475900403202
0.21697235378
2.02143322852e-06
0.207408317442
0.00538587318377
2.57645499207e-05
0.21697235378
0.21697235378
0.00514846650065
0.133341500436
0.00514846650065
8.19726777207e-09
0.21697235378
1.42179251825e-08
0.21697235378
0.00538587318377
0.00837754856027
0.133341500436
0.000582874841982
8.70180230951e-05
0.127463871636
0.000719300327534
2.46288610305e-05
0.21697235378
0.000609752434152
0.000687593917246
0.127463871636
3.17350148596e-08
1.27845952483e-06
0.133341500436
0.000422564455881
7.25986814486e-06
0.000677146951026
9.97813816342e-07
0.000193748433091
0.21697235378
0.21697235378
0.000475900403202
0.00837754856027
0.133341500436
0.127463871636
0.000637869408963
0.000582874841982
0.207408317442
0.000677146951026
0.133341500436
1.51357959972e-05
0.207408317442
0.133341500436
0.127463871636
3.51479498551e-06
4.16270514276e-07
0.00876385504903
0.000279575286198
0.00837754856027
0.207408317442
0.133341500436
0.21697235378
0.00514846650065
0.00876385504903
0.000292467094151
0.127463871636
0.127463871636
0.21697235378
0.127463871636
0.133341500436
2.46288610305e-05
0.00020268258326
0.207408317442
0.000329803677147
0.00876385504903
0.00514846650065
0.207408317442
0.00103793662599
0.00045492294377
0.21697235378
0.21697235378
0.207408317442
0.21697235378
0.00045492294377
0.000687593917246
0.21697235378
2.57645499207e-05
0.000315266090687
0.127463871636
0.207408317442
0.00115265734466
0.21697235378
0.207408317442
0.207408317442
0.133341500436
0.127463871636
0.000163887601294
0.127463871636
0.000708371629599
0.133341500436
0.000734739792357
0.21697235378
0.00837754856027
0.21697235378
0.00514846650065
0.127463871636
8.31823107548e-05
0.00837754856027
0.00538587318377
3.14161422997e-05
0.133341500436
0.00837754856027
0.207408317442
0.0111790194834
0.000329803677147
0.00424456848591
0.127463871636
0.21697235378
0.000992184881889
0.00876385504903
2.17622741845e-06
0.00538587318377
0.133341500436
0.21697235378
0.000292467094151
0.207408317442
0.000179737189936
0.0181904220542
2.7812669074e-07
1.12924860741e-05
0.21697235378
0.207408317442
0.000355854056296
0.127463871636
0.21697235378
0.00538587318377
0.133341500436
0.207408317442
0.21697235378
0.00837754856027
0.207408317442
0.21697235378
0.00514846650065
0.000442049796975
0.21697235378
0.21697235378
0.000708371629599
0.207408317442
0.000422564455881
0.00876385504903
0.21697235378
0.207408317442
0.000279575286198
0.21697235378
0.207408317442
0.00837754856027
0.00837754856027
0.000734739792357
0.127463871636
0.21697235378
0.00424456848591
0.00103793662599
0.127463871636
0.133341500436
0.207408317442
0.21697235378
0.0181904220542
0.21697235378
0.133341500436
0.000475900403202
0.21697235378
0.127463871636
0.207408317442
0.21697235378
0.00876385504903
0.127463871636
0.21697235378
0.21697235378
0.207408317442
0.000992184881889
0.00837754856027
0.000687593917246
0.21697235378
0.21697235378
0.21697235378
0.127463871636
0.00538587318377
0.207408317442
1.39908289525e-06
0.21697235378
0.127463871636
0.000279575286198
0.000315266090687
0.207408317442
2.00665636693e-05
0.21697235378
0.127463871636
0.127463871636
0.133341500436
0.00045492294377
0.207408317442
3.56277377271e-08
0.21697235378
0.207408317442
0.21697235378
0.00538587318377
0.00514846650065
0.207408317442
0.00514846650065
0.000279575286198
0.000637869408963
7.85684020652e-07
0.21697235378
0.133341500436
0.133341500436
0.21697235378
0.133341500436
7.57442961917e-08
0.207408317442
0.000582874841982
0.133341500436
0.127463871636
1.71357329391e-06
0.207408317442
0.207408317442
0.207408317442
0.21697235378
0.000734739792357
0.00837754856027
0.127463871636
0.127463871636
2.34388960771e-05
3.09650034173e-06
0.00538587318377
6.11580204829e-09
0.133341500436
0.127463871636
0.21697235378
0.207408317442
0.21697235378
0.00045492294377
0.21697235378
1.7976053517e-13
0.000719300327534
0.21697235378
0.000609752434152
0.21697235378
0.207408317442
0.207408317442
0.21697235378
0.21697235378
0.127463871636
0.00837754856027
0.21697235378
0.00514846650065
0.00837754856027
3.70603546298e-05
0.133341500436
2.73205250016e-07
0.00538587318377
0.00876385504903
0.00260852187274
0.00876385504903
0.21697235378
0.00405746996147
0.127463871636
0.207408317442
0.127463871636
6.0864927403e-07
0.207408317442
0.21697235378
0.000609752434152
0.133341500436
0.207408317442
0.21697235378
0.133341500436
0.00045492294377
1.79258978396e-06
0.000582874841982
0.000992184881889
0.00876385504903
0.00538587318377
0.127463871636
0.21697235378
0.00876385504903
0.127463871636
4.00759098347e-05
0.127463871636
0.000708371629599
0.21697235378
0.207408317442
0.00514846650065
0.0011018487668
0.207408317442
0.207408317442
5.34773834655e-05
0.00837754856027
0.000719300327534
0.21697235378
0.000475900403202
0.000637869408963
0.133341500436
0.207408317442
0.207408317442
4.53712568767e-06
0.00837754856027
0.21697235378
0.21697235378
0.00837754856027