500
1.03750495216e-09
8.95996696517e-07
4.29893052687e-11
3.28974846322e-08
1.80105601298e-16
1.19620693457e-12
1.39423132925e-17
1.33632655974e-11
2.22317629047e-08
5.96248865181e-17
6.77605105577e-06
1.36749195074e-12
7.07900907166e-05
1.58857572879e-10
0.000507739270378
2.25764582593e-10
7.61936042881e-19
6.9102799636e-17
1.25062636014e-19
3.60435690879e-10
1.08360311242e-07
9.0991789561e-07
4.08089062794e-12
3.01062919857e-10
1.61993220613e-05
1.11161200397e-09
7.80124985874e-19
3.78640021553e-07
0.000408265529211
3.5486220283e-07
4.63827699036e-10
4.47793023115e-12
2.01279416004e-17
3.37595830701e-18
4.93455183227e-13
5.25637770541e-07
1.05063878826e-13
3.12480219426e-16
6.99245842901e-12
1.52773343314e-05
5.24334544165e-20
1.44164910645e-09
2.49212695143e-08
0.000533099060013
3.80706943134e-08
6.96870678328e-16
0.000394005758582
0.000170668508905
0.00021490989217
2.39685223278e-20
7.93697333652e-17
9.30687931502e-06
2.92994999202e-06
5.58378255974e-18
7.86323057886e-11
6.15586048869e-11
4.18825667951e-12
8.63108659051e-06
0.0300323870096
4.64113419583e-17
1.20407262676e-16
1.03242526888e-15
4.03623868225e-17
7.24008148492e-09
0.00224012396514
2.01856881892e-16
2.47965010325e-08
8.75810835136e-10
1.41694247046e-17
2.51523432101e-08
3.78201824811e-18
0.0559982017206
0.00884461735738
2.77013774144e-06
3.3271587766e-06
2.47042253896e-13
2.82054331984e-13
1.18168336514e-10
1.28070168527e-09
2.85636503529e-18
7.63706388207e-15
1.908007428e-08
0.00739986479279
0.00493824550988
8.20912601815e-14
5.39629967726e-08
0.0335788241794
4.96480074336e-09
5.65873164781e-18
1.27407592948e-13
7.45550397054e-14
3.69967761089e-10
2.62637803354e-14
5.39894290229e-13
1.52851642867e-17
3.11838879002e-15
9.28140124302e-13
3.15681078567e-06
4.40169236103e-08
1.55992421064e-16
2.52089253901e-07
1.35928768187e-05
0.000138195297774
2.28196719371e-13
6.22272245674e-19
4.1815930813e-17
1.44035636979e-10
0.456
1.01022254579e-21
2.44745342812e-14
6.88423370059e-13
2.64383603996e-16
0.185018366054
2.04431004054e-17
1.40133167145e-10
4.6777533398e-22
1.18689932504e-21
0.000859309011697
1.13937650292e-18
2.05302798877e-16
7.9160186386e-14
1.59744866213e-11
0.000625298189926
1.97032805441e-13
0.0
2.89608736717e-18
8.68882792002e-15
0.260729575681
1.2776845792e-14
0.0148983560427
0.0979867004433
1.66674175475e-08
1.17909719114e-16
2.0963241035e-14
0.00114137928724
0.000210595204497
5.54793584112e-13
1.25755654601e-14
1.56434100586e-06
1.55941891663e-14
7.81768732062e-13
4.83416245803e-07
1.18610633808e-13
0.000343695315029
5.64906284227e-19
8.85706494043e-17
3.1839422099e-14
2.64457700401e-05
8.46872944905e-19
0.0216590894179
1.25127400117e-10
6.38144270181e-16
8.13058812871e-15
2.4908815028e-05
0.201037400523
1.87929475317e-18
1.03462351691e-14
6.99515240938e-18
4.54052753157e-12
2.37064721674e-11
6.07395914204e-14
6.84169837992e-19
7.16861063276e-09
2.94651274795e-11
0.00215433312044
1.03932518439e-19
2.17303692188e-19
0.00079866991464
6.93789608316e-08
0.00860796884181
8.65454260267e-20
3.15973199546e-14
1.81259725048e-19
9.56926311444e-10
1.07864545203e-18
2.12087391955e-11
0.0435490737414
2.73970138542e-09
2.34715223979e-17
1.09114972553e-11
2.51025549529e-12
0.00324552866817
1.41674639654e-08
5.6091218691e-14
0.0284337711577
5.52355552263e-13
1.18565904921e-18
0.018402952506
1.83677766595e-12
0.000786821249356
0.0952255565935
4.96830697011e-08
9.53800205609e-11
1.60505464862e-09
0.01185121357
0.000281306515906
3.41791960517e-13
5.0317261283e-05
3.42213206221e-19
0.2415
0.0026153208128
2.18033467989e-14
5.08933857223e-17
5.7386331246e-07
0.00293483319682
1.37779755123e-11
0.138083755541
6.89139124287e-15
2.52436064513e-07
0.138083755541
2.9177617192e-12
1.62247861415e-08
6.00952729597e-07
9.36321730021e-05
1.11112991939e-13
3.23153068953e-12
6.59031631636e-21
5.67160979953e-09
8.87265168398e-17
1.75903691703e-05
2.89958796813e-18
4.33115391659e-14
5.09001417488e-15
0.0081789827815
0.000467039551599
2.18314560164e-18
1.51488521914e-20
2.51164530766e-14
2.27491357813e-15
1.41489394988e-10
1.03156902197e-16
0.0225216076418
0.00079866991464
8.32034781128e-12
0.00628658088203
4.19657357261e-09
2.69860001267e-08
3.10217826951e-07
0.456
4.53022941499e-09
1.58840333065e-11
4.1073866638e-14
3.85072874781e-06
1.51301302394e-11
7.48800920579e-16
5.3866964313e-08
1.24619132271e-17
0.0162750239245
4.9948059665e-18
1.46225228429e-06
5.41912626902e-16
0.000125410100868
6.99094959211e-11
0.1235
1.17054868261e-08
3.66973182658e-12
9.22211124234e-09
1.11749620791e-17
4.73775508955e-19
1.96537975021e-16
0.00120271729302
1.28710051509e-14
0.000794412478139
6.52512765988e-14
3.01893899326e-05
1.59165581779e-17
1.77735726466e-13
1.0409211421e-10
0.456
6.27584534113e-12
1.2709853621e-16
0.138083755541
6.40147213001e-12
2.08055443804e-11
3.07551326217e-12
4.33691456925e-19
4.92672495258e-07
1.19769599356e-05
3.15051634219e-18
2.16610127232e-11
0.000460526823239
2.87348084769e-08
6.77938116847e-19
3.22165884828e-06
2.28406387256e-10
3.88810746029e-19
2.88294223444e-16
1.27997255865e-18
3.9879339287e-15
8.95969892876e-12
0.0071369455773
0.00119206794405
1.03550509599e-09
1.6506489146e-07
9.09333466883e-18
2.08035090332e-07
7.08466448549e-17
1.98575695188e-13
2.37001039033e-07
1.67870534883e-17
4.85171487698e-19
2.45141955814e-06
1.90123274312e-20
0.0435490737414
2.45859978604e-17
1.36086556894e-05
0.000448733776631
2.05117183632e-16
7.2459007532e-15
2.06584192721e-16
2.13740125795e-10
2.32126622063e-19
0.0282818180841
2.37309927494e-10
1.91400001869e-19
1.7194823824e-19
0.0261681153192
0.00121818260522
5.67378326172e-20
7.36463765786e-14
0.00472384837074
7.00368918406e-07
4.4834294032e-09
0.0026153208128
0.201037400523
0.00171620735317
1.08129977346e-08
1.23013912893e-09
3.75073748307e-07
8.92748034738e-18
0.00851851326611
9.36691740342e-17
2.34900793723e-19
0.00793479443096
0.00206162671578
0.000197831230438
0.0010697313898
2.539603519e-14
1.88895985783e-13
0.2415
0.0162750239245
2.47966279069e-18
0.456
8.3883485278e-13
8.99587529769e-16
4.7741085425e-09
0.185018366054
5.91853610965e-10
1.9003932555e-08
5.15273559937e-20
0.00884461735738
3.83408485143e-11
6.45674706536e-17
4.87998584188e-05
2.8533091916e-13
1.18201020909e-16
0.00913796282193
5.66037603247e-11
4.04663968732e-12
3.70574861714e-09
8.33351385624e-10
0.201037400523
0.00660346125879
1.45646886396e-12
0.456
7.39796415994e-12
3.04640628955e-05
5.28695426581e-11
1.47733026747e-12
4.83728156695e-12
0.000124405145898
7.68468082105e-17
8.70967201876e-08
7.03398841446e-19
1.08289480921e-15
3.79015865843e-18
0.000759100509947
1.53310845466e-18
0.00210030149387
0.456
0.0307304799568
2.57100270325e-10
9.75180010986e-17
4.35215394713e-10
8.48065466657e-05
1.03529679388e-11
3.93123079401e-09
0.260729575681
3.87324850646e-14
1.75399155647e-19
1.42317623454e-15
2.1921970795e-15
4.90762779406e-18
0.000423661508316
9.26141908834e-05
1.21176922328e-12
0.00249482305172
0.000161935701697
2.11104626976e-15
1.55896854756e-09
2.67555448695e-13
1.48438348692e-14
2.10092327051e-17
2.04656397174e-18
0.00105428943851
5.11485353304e-16
0.0158794360849
1.03198344174e-06
3.47185034596e-15
3.54923906117e-18
5.09260147117e-12
1.22904064714e-14
1.10287131493e-15
4.78962980754e-19
5.51741669632e-19
6.31678787004e-16
0.00313146626601
7.25192309055e-06
3.8800674832e-10
9.09747804472e-15
9.17275075606e-06
6.39032027344e-10
1.08046172001e-13
3.17103615257e-07
0.0176608016385
2.06624476607e-16
1.32049990443e-15
2.24520878891e-08
7.51648440264e-20
2.19981883306e-06
1.53636197954e-10
3.88917371803e-07
0.260729575681
5.82932990716e-19
3.12515830713e-16
1.49901837196e-13
3.77731261282e-06
5.04238656642e-16
1.01731883836e-09
1.19458515019e-12
5.15910376221e-05
3.5026393776e-12
7.38660422846e-11
0.000554012302331
0.00288194520216
1.70393270874e-10
7.27204742367e-05
3.23308743512e-12
6.13954086953e-17
3.20142518502e-11
7.57054826483e-14
7.58709265419e-07
0.000291914781682
6.89807760632e-07
4.09958263225e-13
4.29007104304e-19
1.34799469494e-12
3.00050774215e-14
6.09903231315e-14
7.54411711238e-06
7.94178231919e-21
1.96048200221e-15
0.000407218979927
1.73583688378e-11
4.53182282769e-07
2.21184993289e-07
9.60694037514e-16
6.21913699136e-09
1.35635832755e-15
3.48867594732e-17
2.89463466146e-16
5.60326832453e-06
9.90649712909e-08
0.0172542900489
8.53689254991e-11
1.65014130371e-14
0.000677190529084
1.84587648308e-08
5.71326104822e-15
5.79609620969e-10
3.15057301719e-07
8.66593910084e-16
2.33743417041e-13
1.29749465987e-10
4.64490307597e-12
0.000251023164798
7.75984018297e-14
3.15936403214e-08
0.000324495341196
9.18540863763e-11
4.48612993522e-07
0.000653145856135
5.75491408648e-13
1.58612842874e-10
0.185018366054
0.456
6.44281048763e-15
5.90062729987e-07
1.29610154082e-07
0.2415