500
7.25051027473e-07
3.73210737185e-06
4.67944167281e-08
3.74584617773e-05
7.61246870216e-14
1.39718670667e-21
7.46835455373e-07
1.48911339535e-38
3.14218495877e-09
2.46308701816e-07
5.21404501292e-11
6.50877783343e-06
3.60346282419e-10
1.84781701855e-17
1.03324036179e-05
3.9564895174e-41
4.7373923736e-06
1.71973892955e-07
2.91317381351e-12
0.00590404107227
4.03540334358e-07
2.36759003456e-05
0.0172923700717
1.06633032999e-25
5.98710312432e-09
0.000317494877131
1.22835032212e-17
6.4971528082e-06
1.34554058795e-06
2.44821078185e-16
8.43992367429e-05
0.000304942336437
1.50253191234e-10
9.01040798136e-25
0.0172923700717
0.0200510750248
0.00858092915727
1.66817687742e-11
0.0
6.45842589468e-11
0.00020472326039
5.6328060294e-07
0.0171577990984
9.59327926269e-19
1.38399451772e-07
1.22673015025e-29
6.20506232518e-11
4.38213921709e-05
0.000230891167062
8.92509353071e-12
0.000112391957717
0.0171577990984
0.000462850789257
2.97077783909e-15
3.28942072284e-14
1.46936741662e-16
6.94337095087e-06
0.00310111248241
0.000335597756697
4.8432010767e-05
2.89639071281e-06
8.84789786753e-08
0.00908354069915
2.15383016067e-07
5.351899364e-17
0.0019073031708
0.000331910386198
1.71606365574e-11
8.6366597857e-11
4.17045413168e-13
0.00128022577533
4.03858177096e-05
1.11410478866e-06
0.00590404107227
3.60064698331e-06
9.09357079931e-11
2.4607743112e-12
2.55277844689e-08
3.19493747719e-07
4.90457248653e-09
1.78913146464e-17
8.59814433944e-10
0.00231216681582
0.00231216681582
3.66563804575e-05
3.13009944078e-05
2.23451748105e-07
0.000200347503288
1.82190803101e-08
2.3460778721e-05
1.00260354531e-07
1.47795507953e-33
0.00112586797218
0.00020472326039
7.67731273898e-07
0.0
4.96919244567e-05
0.000158242663081
4.21757554132e-17
1.41023042957e-14
1.08950350777e-08
5.26562854644e-11
0.031066374708
6.30935857638e-15
1.18963618151e-07
0.0200510750248
0.0200510750248
1.83273446933e-17
6.43871038296e-09
2.24268946486e-08
8.22911840932e-07
7.4262078044e-21
0.000196858446949
0.00740033152154
4.91447160057e-06
0.00908354069915
9.81207387904e-07
0.000218059024267
1.64166000162e-08
1.23073651492e-05
3.34934941127e-17
2.98219267236e-14
9.08302112702e-06
5.38936213519e-27
1.50216031706e-10
0.000101042459299
0.0172923700717
4.28710830226e-19
5.65621635086e-07
4.03089762154e-40
2.77074258314e-07
5.47661969806e-08
0.00259268325667
0.00010896999582
0.0200510750248
1.83471088594e-05
7.5241166482e-09
2.9557387269e-06
6.73696020775e-05
0.0
5.57201437472e-12
2.79577037186e-06
8.33781182361e-09
0.00126338537615
0.00235499203311
0.0171577990984
1.46648803475e-13
1.19550326163e-19
6.73778012948e-09
6.14131032005e-08
3.75586600763e-11
5.79590938456e-06
0.000322031153005
2.07357843254e-11
3.28801520365e-19
8.10352298099e-07
1.50136708175e-38
0.000197121960836
0.00010215557944
0.00316883509148
0.000553727345199
0.000173448447544
1.59309912118e-06
9.90158202086e-16
0.00590404107227
0.0200510750248
6.02213879068e-16
8.04601973766e-09
3.63348148179e-08
0.000548184776953
3.25437574685e-09
7.95754054747e-09
0.00908354069915
1.72081527314e-19
0.00740033152154
8.31853257244e-10
2.2433976437e-24
7.60462638601e-18
0.00141000810457
0.0200510750248
0.0172923700717
0.0172923700717
6.31186933355e-26
1.99505235632e-13
7.12519069318e-08
2.39181369569e-12
2.0065733291e-11
3.60267639197e-14
1.58605686607e-06
3.02968833112e-22
0.00908354069915
2.88789922917e-07
0.0200510750248
1.00101995035e-12
0.0172923700717
2.34547235915e-09
8.64170493729e-32
0.000548184776953
6.81400443894e-13
0.000126083766688
2.22826684986e-12
1.79914129443e-05
0.000117727053933
8.49873251683e-10
2.05514031618e-15
4.68576338206e-24
4.21715424485e-15
1.04001478539e-19
1.99630088666e-26
0.0172923700717
0.0171577990984
0.0200510750248
0.00259268325667
7.20013319466e-07
5.9919024825e-16
3.6577453966e-19
0.000647100975958
0.00818151334829
0.000204807907269
8.36841819216e-22
0.000963410513109
3.93250624177e-07
0.00590404107227
0.000181556581243
3.80739833888e-06
0.000146017540472
2.78066211681e-08
3.66377291919e-18
2.47893731308e-07
5.72600158059e-15
0.0171577990984
1.83525253751e-05
2.07638329688e-05
0.0200510750248
1.7101011386e-14
4.43179788013e-06
0.0171577990984
3.71337623368e-10
3.99553640473e-06
4.9387921292e-05
1.36738673858e-20
0.00076027324338
0.00282597985962
0.000126083766688
1.17216236549e-08
0.000650569386114
0.00590404107227
2.86315968315e-12
0.0172923700717
1.69050873586e-06
6.72464427833e-07
3.75134101915e-06
4.59942899575e-05
0.00590404107227
3.93053675028e-22
1.87443156552e-32
0.00147642683174
5.69524887743e-11
7.2623803894e-08
5.27542161559e-21
3.69670817919e-07
9.23720772539e-29
2.7659175023e-08
0.0
5.88351881562e-25
0.0171577990984
1.75338794315e-12
1.19458272857e-05
8.78178841057e-05
4.344141277e-09
2.19305197593e-06
0.0
4.23334021739e-09
1.80719243017e-08
0.0200510750248
6.17149869361e-07
0.000242768170319
6.40406247986e-17
0.000550483520064
0.000243196200916
0.00166369808059
1.77251277377e-07
0.00235499203311
0.00310111248241
9.16092786579e-09
3.41158368494e-23
7.56511392239e-05
8.71344764473e-05
1.00951283352e-06
3.24176960118e-18
6.4372039733e-11
2.66512360599e-05
1.76218779652e-05
0.00163208828374
0.0171577990984
6.41412761362e-22
0.00858092915727
3.19643289174e-36
4.2536144474e-09
1.25198783653e-14
2.76790536102e-16
6.15944677497e-11
5.26079438893e-30
0.0200510750248
2.01959612785e-07
1.30072973064e-08
9.45219859495e-10
0.0
1.49586730065e-14
2.59286341363e-18
2.59047559311e-12
0.00590404107227
7.37168724719e-05
1.4454663591e-18
6.20444993417e-14
2.68249697806e-13
0.00483057905913
4.7984577326e-08
2.93252820036e-24
3.38336295746e-10
1.68304638535e-05
0.00163208828374
2.07066081525e-23
0.0200510750248
3.91938946712e-24
4.05701320062e-24
0.000794471183707
7.53542978985e-17
8.82478158506e-05
0.00108996971588
0.000864046738449
0.0200510750248
0.00329698884636
5.45971418503e-08
1.57267954199e-07
0.000963410513109
0.000386562988609
0.000113885770405
3.25804803477e-06
8.88439316813e-05
1.57569702019e-11
1.29863086939e-07
2.70790305622e-17
4.12255459284e-05
2.03995027072e-15
0.000232309556341
0.0200510750248
0.00128022577533
0.000218576864927
0.00590404107227
4.07322315488e-06
1.41865633403e-11
4.63114795583e-17
4.87173684173e-06
0.00235499203311
0.0200510750248
1.24650040602e-07
1.34123300232e-07
0.0
4.15372489433e-05
8.10196048686e-08
3.94309864174e-13
6.7972737284e-08
4.76176280148e-26
0.0
1.63370629567e-07
4.34263297052e-05
1.92269922027e-28
8.89830236868e-18
1.62204718077e-50
1.70745712617e-10
2.25584829943e-10
0.0172923700717
1.07081418099e-08
2.1953306581e-05
0.00908354069915
3.73319058475e-06
1.87173715489e-07
2.23205036769e-05
1.05166920094e-13
1.73920359571e-16
6.8846712702e-17
5.66089282803e-07
4.93873612308e-05
3.81051523661e-09
1.2624779015e-13
0.0
5.46021609458e-12
7.82048534896e-12
0.00858092915727
0.000120179323684
0.00590404107227
1.08023809866e-06
0.000169833230634
3.75619414528e-07
0.0200510750248
3.44548620701e-11
2.15029510957e-12
0.0200510750248
6.59286356384e-05
1.70335585238e-07
1.77275072424e-46
0.031066374708
0.0200510750248
2.31309481995e-08
4.12966488643e-05
1.84613399858e-11
0.00235499203311
0.00908354069915
5.91771212172e-08
2.24497903471e-10
0.00243717055008
1.6230143796e-27
3.10401933122e-06
0.000129749104664
3.384008538e-06
3.7338048104e-23
4.52866544515e-19
0.000314933588693
0.00734274139296
9.06512068106e-09
1.38260082159e-13
0.000238674064972
0.000652439941896
5.30803934771e-18
7.18584927907e-07
0.00908354069915
1.13085025073e-11
1.07777959163e-05
0.000572509345715
1.2047675351e-05
8.49094202207e-08
1.29648660077e-09
0.000102953323318
1.17546066927e-05
4.85893158717e-35
0.0172923700717
0.00908354069915
0.031066374708
2.35537771514e-06
0.0172923700717
0.00908354069915
0.000647100975958
0.000576002191047
0.0200510750248
3.02846603929e-11
0.0171577990984
9.90276404357e-18
2.2601785429e-06
1.59546018964e-08
1.24972323936e-23
0.000200347503288
3.5282058671e-13
3.1817111801e-09
1.44072604383e-06
2.96775675586e-10
0.000261772477239
0.000472763381466
2.25880143386e-07
1.45617267211e-32
0.0200510750248
6.80634398073e-19
7.57888774548e-07
0.00235499203311
6.7770502687e-06
2.08738065721e-12
2.56094314125e-10
1.74524588254e-16
2.17112095531e-06
1.49914402977e-15
7.9279475109e-11
0.00243717055008
0.00590404107227
1.43942622771e-09
0.000266505609529
0.000218576864927
7.69481490819e-12
0.0172923700717
9.3143465807e-07
6.14004679016e-07
2.05744454434e-13
0.000386562988609
8.6926458807e-08
1.09255110583e-05
5.61773099904e-22
1.36040591731e-11
0.0
1.6030123082e-09
2.05696849911e-12
1.41688170963e-05
9.62459148194e-07
0.00259268325667
0.0172923700717
0.0200510750248
0.0200510750248
1.95277663061e-07
0.00329698884636
0.00243717055008
2.92672737299e-06
4.03712620731e-07