500
3.53021772917e-10
1.1540104737e-28
3.13234547889e-12
2.7864811068e-27
2.94799592526e-08
6.99463560533e-27
2.12724751667e-25
7.24751505434e-09
1.08995723903e-48
1.69308416685e-09
3.3623295989e-05
7.02616765593e-13
8.35035664118e-11
0.00241537759475
0.000690316127369
6.14770840725e-08
2.02839680222e-09
3.74396758474e-21
1.98100762741e-22
0.000150169183144
2.93340779406e-07
3.75955111555e-16
1.82762186473e-05
1.09040445543e-36
5.2094108737e-07
3.55221526777e-23
3.54348744288e-20
5.93292385542e-64
4.37456606025e-13
7.18691177436e-16
1.50932183086e-10
5.03685460327e-16
0.00298719772404
3.30881773276e-18
6.86618512278e-08
7.0701938374e-16
2.16062931746e-21
3.88970462161e-38
0.000116777916552
1.00326263889e-24
0.00033714880333
9.19183804604e-07
1.75292604124e-17
0.000139586103379
1.27378816377e-15
9.48983576735e-12
4.03715334733e-23
1.83897069018e-19
3.14346357312e-08
2.33305665457e-05
2.66696078047e-07
6.33206972424e-26
3.79769209004e-19
2.39343676671e-11
3.21752104384e-24
5.59060182628e-05
4.44587536317e-14
3.25335139556e-84
1.45111655365e-32
0.0074679943101
2.81083472952e-11
0.000208896060124
6.95342491651e-16
0.000232250717107
3.43244241459e-52
6.185637025e-06
1.23221605958e-10
2.59523302078e-13
0.000476309312778
2.06689882816e-12
7.24779300264e-32
0.00178273355751
5.84077020894e-25
1.25811879778e-63
3.47924484251e-10
1.4084554318e-22
7.92655342106e-44
5.13341669237e-93
9.20466908452e-07
1.23203351814e-09
0.000649057534572
6.96919494135e-33
4.56370026478e-36
1.10435575242e-36
7.70201030988e-06
2.02612791094e-12
3.37603899105e-66
2.10934522524e-15
6.040769206e-05
5.45628683512e-06
1.03318494608e-23
4.98911351668e-05
1.48003767038e-14
8.94945779947e-22
1.62016942454e-09
3.08159998809e-17
6.97200893423e-16
3.44831422905e-07
1.19489420248e-62
3.24833921724e-19
1.46951248537e-14
0.00033714880333
2.3391061978e-11
1.47161058396e-17
5.66932121263e-15
1.52074477081e-29
0.000127389606282
1.53595572988e-36
8.68099795132e-40
3.4627691832e-17
3.68054456252e-19
0.000688541382427
6.88633490894e-21
9.49820336487e-17
2.04272839112e-24
3.35428981047e-19
8.91588126057e-11
9.93040120946e-10
1.45811633384e-58
2.52762235151e-16
1.5352344092e-21
1.24465833757e-54
2.94159567372e-20
4.5109772734e-09
1.82753076415e-25
3.23150225355e-11
1.36590877351e-10
8.52524127454e-57
3.98923094453e-53
0.00136274755525
1.31807675426e-38
6.65435102625e-07
0.000177619218493
1.01249830151e-06
5.74416282385e-19
5.29991248742e-62
1.9742909399e-32
1.36459450736e-21
0.000304129816199
1.08723901967e-10
7.51708178372e-27
1.828308859e-15
2.03938905275e-20
1.01431345166e-09
9.04600717234e-09
2.57278327776e-20
1.26762741884e-54
9.51050441598e-15
1.42202124013e-33
3.63993381544e-26
9.74784670681e-19
4.7627384519e-10
1.31716032774e-42
2.27350652958e-24
1.4090303037e-11
1.76392803309e-05
0.000235566332535
6.89492591415e-08
4.01406395614e-36
1.34199286945e-30
1.10200827643e-07
1.67979794662e-12
2.84585149124e-16
2.60190762367e-37
1.66640866118e-19
0.000698031979309
5.41913128871e-07
2.92671844903e-08
1.05531418554e-41
6.59170400315e-15
1.85006633449e-24
2.36611270643e-30
0.000445814762459
4.73051405959e-08
5.49176650878e-08
6.13515755887e-21
1.59808614206e-86
1.23606175784e-11
8.4080239548e-51
4.86076022836e-11
9.93601460816e-05
3.59968714139e-15
2.70182639428e-21
5.10347538872e-30
2.33512902271e-30
2.61633242306e-05
6.65715124496e-13
1.11873239788e-67
4.33464400095e-09
5.42852461476e-49
7.72510805174e-16
1.94950415529e-32
1.49074470072e-05
6.43973900259e-40
2.00671393426e-30
2.85306826592e-09
1.03566073095e-18
4.96047021181e-24
0.0074679943101
2.8411340915e-11
0.000311437078223
2.12254466287e-15
4.53462874624e-12
1.23821231536e-34
2.07867408654e-21
6.85067888048e-17
1.50683472338e-12
7.40166101642e-09
2.43001002501e-19
3.27909483281e-19
3.37318868782e-15
1.40486541431e-31
1.84453747533e-35
4.45990416328e-08
5.88642172496e-30
7.08782640386e-08
1.8205775847e-23
3.7823763681e-18
3.43604504551e-05
3.99498573821e-16
1.95515945124e-32
3.61253234718e-15
8.45962740688e-37
0.00107094616642
3.2194303177e-19
1.39150934598e-23
3.29327604437e-26
0.000120866329962
1.70253766958e-13
1.34868819101e-26
7.29154560392e-05
5.69930733862e-39
1.02413800644e-15
1.20810207709e-06
1.16534807656e-10
3.67169692147e-17
4.48178047705e-08
1.03843622109e-40
0.0074679943101
1.17400783733e-07
0.000476309312778
0.00751079136691
0.0132829736211
7.27489021532e-06
5.75483422005e-09
3.95174462616e-67
1.37038175099e-05
0.000155948452717
2.7435828876e-06
5.48119863532e-59
0.000309551815921
1.9619176346e-78
1.75777749382e-34
9.29032115909e-09
5.96744064786e-15
2.06866836212e-09
3.59339978805e-15
4.44856199903e-05
4.19811110104e-05
6.6734095684e-11
8.3512876619e-11
7.80199853772e-12
1.05718098389e-12
8.08335647882e-20
9.22564356926e-23
5.2095655411e-05
3.86778797214e-07
7.61352957033e-41
6.68610647524e-60
1.09444514642e-43
1.1550945618e-11
1.74411891307e-13
0.000445814762459
1.14272965851e-58
1.77589344114e-37
1.37469876197e-06
8.33508938388e-09
2.25576799255e-23
9.33873660007e-25
0.0132829736211
6.69744443714e-40
3.83211739342e-08
2.67189361569e-23
4.41519541709e-07
3.87275955648e-10
2.12563047031e-07
8.05979583971e-23
2.16951359749e-05
8.77284597778e-11
4.90677998626e-16
4.95092497174e-07
0.000163239590275
3.61660424935e-39
0.000390335820711
3.93380918375e-20
8.05927534222e-12
8.32368803e-06
1.83943394928e-12
2.77591197307e-21
2.86540434653e-13
2.94556616301e-64
4.55199553541e-16
1.36709616391e-05
3.99578797575e-08
4.97439148828e-11
7.64171807189e-19
8.70353116034e-15
3.17753878114e-15
1.97731881913e-12
0.0132829736211
7.28435077729e-10
9.11696275696e-08
0.0074679943101
9.03973214366e-11
1.19863767675e-75
5.96466104187e-33
2.75318682568e-08
8.72648607562e-64
8.43340881646e-08
4.66837172063e-77
1.8689934959e-15
6.99940029295e-28
1.1563003395e-17
7.94252004414e-05
1.1494586677e-16
8.40995941377e-23
2.25457991742e-06
0.000228955254932
1.22593639269e-30
0.000275797726565
1.00962605038e-22
0.00751079136691
5.01090469322e-20
1.85797533129e-73
8.33698016872e-13
3.75247521486e-23
2.2005525019e-36
9.95294727271e-13
8.38029171308e-15
1.88023208185e-05
0.00022318493513
2.77500067651e-84
5.26025986128e-21
1.02878387643e-06
7.58871104048e-09
3.4449708375e-14
6.60598956531e-06
8.0990442232e-06
3.49016311785e-16
1.25107139302e-41
2.28491565475e-18
9.36644886491e-29
1.59127479266e-20
3.02691550976e-27
1.41962284964e-06
6.30344930406e-08
9.23286626811e-31
1.17766384657e-31
6.37394417702e-25
1.13261208152e-12
9.24239370442e-41
1.20619316259e-16
0.000688541382427
4.02490327393e-15
1.10465215482e-36
0.00310631494804
3.24000325402e-08
2.62752659719e-37
2.21589016311e-50
1.52323057479e-06
0.00111898849022
2.07682664503e-44
5.50256097873e-49
0.000232359794038
1.82541471562e-30
8.0568990626e-38
3.45373836285e-11
0.000476309312778
0.000688541382427
1.19122417344e-45
1.49775050627e-10
2.15327781391e-11
1.29876295407e-52
1.62856461031e-05
3.87174257808e-14
3.04853286909e-23
1.05031946729e-10
0.0132829736211
0.0132829736211
6.24597407154e-34
6.3200723363e-05
1.76914946309e-11
4.90633181926e-35
6.45181955032e-05
1.98542922679e-23
0.000294460730618
7.45264422283e-18
8.94751259559e-26
0.0132829736211
1.4678692645e-09
0.00315279731003
1.45249625315e-12
8.65874371715e-22
1.00723557522e-47
5.50534460183e-14
1.48198353158e-06
2.21269144084e-21
2.1197316966e-09
2.09805030466e-07
1.21098765653e-22
8.65889965991e-16
2.18487719367e-08
1.0732810564e-12
1.6362797849e-15
1.15029041703e-15
5.15845726682e-44
4.68328892632e-05
5.460937215e-27
1.40046016609e-07
4.42184281916e-20
5.03638175926e-05
1.22551669235e-10
0.0132829736211
0.0074679943101
1.84191430725e-48
1.61189785194e-20
2.47214680358e-14
2.80314427223e-10
8.09977996023e-08
1.25706477624e-31
3.44709171652e-05
1.08726205093e-06
1.99126932298e-07
8.23490190741e-30
0.0074679943101
7.28174134826e-05
0.000128845487497
3.05201450236e-14
5.56737238665e-31
1.07896142701e-18
4.26938706097e-33
1.78124466113e-05
5.19107584019e-20
5.50651243657e-15
4.4795955312e-70
9.86582141834e-12
9.06501759709e-18
1.39984304715e-15
1.6534961831e-14
8.14298080279e-15
2.68785467662e-12
4.79967453129e-17
6.24872364099e-31
0.000649057534572
7.70726625319e-20
6.8855167741e-19
8.4544807469e-07
7.43076288258e-34
1.10686880812e-18
7.17376123279e-27
2.15079782716e-14
5.1869985012e-08
4.27940800767e-23
7.070788948e-05
3.1175074884e-10
8.09952811565e-41
1.81546983902e-11
8.87286286062e-25
6.17791084083e-22
3.57776328501e-15
2.77433564652e-07
3.36626071768e-19
8.8310497684e-25
1.68130895267e-07
2.06898704255e-35
6.71434505402e-76
1.55950777837e-55
8.09490293618e-08
1.41831591227e-13
2.39118172894e-21
1.3542612567e-26
1.38921171039e-61
1.3522130518e-21
3.37292139162e-09
0.00241537759475
0.000259623013829
1.4850432522e-08
5.47893951946e-28
1.32762885467e-06
2.28289831975e-40
4.71084148804e-82
1.589340376e-17
1.46890137286e-06
2.68353833093e-05
3.14214661103e-22
4.5835379663e-29
3.19149694956e-08
1.27605433582e-15
4.46241350541e-21
2.59287424849e-13