500
1.64502218753e-08
0.0
1.91986050556e-06
0.0
0.0
6.86553133007e-11
4.52886521151e-11
1.06335354534e-09
1.16944359833e-14
1.14755314079e-08
1.89164747464e-06
0.000497611936698
0.0329028799037
5.8436402215e-07
0.00316465344478
4.73000188507e-05
0.000246081948554
3.87658086451e-07
1.9166966928e-08
4.34875428394e-06
0.0
0.0
0.00333314048382
3.10404545079e-05
7.35682929156e-15
4.68162102345e-05
0.0329028799037
3.47608571413e-05
5.72871675931e-05
0.0
5.78276940428e-09
0.000197360787952
4.04029186053e-07
0.00115746568394
3.07849677411e-06
2.62494169697e-14
0.0
0.0329028799037
0.00316465344478
0.00333314048382
1.71322811193e-09
0.00013238276266
1.32747085628e-05
7.73301451248e-06
1.14994813662e-18
4.49036844682e-10
0.000497611936698
6.47782551905e-07
3.00123447698e-06
1.9893964344e-10
0.00333314048382
9.22372279458e-19
0.0
0.00316465344478
0.0
3.88916612237e-06
1.90793044212e-09
0.0
0.00115746568394
0.0
4.41708849646e-08
7.02536512649e-05
0.00115746568394
0.000482620822269
1.17820389441e-20
0.000511726211362
4.03365272352e-17
1.04677786272e-07
1.38950182503e-07
3.91297142161e-07
8.78457538891e-15
1.07121699951e-10
4.26393795215e-05
8.40477710767e-05
1.38797335983e-16
0.0
0.00316465344478
0.0
3.13776149857e-14
4.63531781338e-07
5.36966702627e-11
4.0366026607e-09
8.05076150977e-09
2.58809227651e-05
9.89078911729e-10
0.0
1.7365591508e-15
2.08281796131e-08
0.00115746568394
2.60777305559e-06
7.18436268857e-05
1.43057423923e-08
1.07803888146e-15
4.59269125738e-08
6.0993641769e-10
0.00333314048382
1.21698183982e-07
3.88916612237e-06
2.97626717299e-10
0.00176295328248
1.10655175822e-05
0.0
2.12620685747e-09
9.36422556314e-14
0.00408637901337
0.000676811226735
8.15097381939e-07
0.000497611936698
0.0329028799037
2.83060032764e-10
1.3147021611e-05
6.72428878709e-14
8.34467731227e-07
0.00240761113147
0.000264588120827
3.15857053875e-06
0.00268800525222
0.0
1.26554038138e-06
4.34101702847e-08
1.73704279101e-07
0.0
0.0
4.28555711702e-10
3.74416555531e-12
0.0
9.96614795835e-06
6.44206780534e-09
9.19735899461e-08
0.00240761113147
7.40429959975e-06
1.22770590203e-06
1.59290648964e-15
3.63759968094e-21
1.73996680559e-11
0.000192137973276
1.70525774456e-05
5.80314383441e-05
0.0
2.03107863006e-19
4.58557833353e-06
7.83663348088e-15
0.00333314048382
7.02536512649e-05
0.00115746568394
5.84000731359e-08
4.22401233266e-09
0.0329028799037
0.00029599105227
0.00131954245596
1.08657892219e-08
0.011747136656
2.17098809915e-10
0.000417290638339
3.58916762848e-07
0.00069938771713
0.0
1.65905558539e-07
5.12464220754e-07
2.85478816439e-09
0.0329028799037
0.00240761113147
8.36448042847e-05
1.54909442228e-06
4.91789542035e-14
6.24585634349e-10
0.00115746568394
2.90841063547e-05
0.000340001621264
7.44495465393e-05
0.0
6.33425040461e-09
2.37222732997e-06
0.0
0.0
1.75670272293e-12
0.000358968350429
3.53294149316e-05
7.76554524159e-07
0.000259742548973
0.00333314048382
3.81776549799e-07
1.78798155505e-06
0.00333314048382
9.71129032202e-08
0.00240761113147
1.81383918801e-06
5.4881181588e-05
0.000291952491545
0.0
0.000137823208509
0.000143648549027
9.7637453611e-10
1.00532466227e-07
1.72937606834e-14
0.000157051205291
1.78704397226e-22
6.16757924508e-08
0.00115746568394
0.00316465344478
6.92965449415e-09
0.000371991414073
0.000123242423191
8.97316469494e-12
3.56925643746e-12
3.18200679839e-07
0.0
3.15126691307e-08
1.23470944125e-12
1.41061628399e-10
0.000511726211362
2.29782479134e-08
5.1271697758e-14
1.1956628865e-12
3.52725487951e-07
1.26254069929e-06
9.8951617635e-16
8.704325674e-06
3.54420327068e-09
0.0
1.29681229305e-05
4.3244064725e-05
3.94048177536e-37
8.43986610182e-09
6.80126464511e-06
0.0
1.45875461561e-08
1.087231089e-14
1.08560023355e-13
8.34616336604e-15
9.89392339084e-05
2.4091506416e-06
1.16632143234e-05
1.05680069377e-06
2.52445548219e-05
9.00563996046e-05
0.00333314048382
0.0
4.92089924528e-20
1.22024925519e-05
0.0
3.11183759655e-05
1.36519265121e-10
0.0329028799037
1.25427005195e-13
3.92276937505e-07
0.0
0.00316465344478
0.000211449871878
7.85862500352e-08
4.4061457368e-05
0.000613588068971
6.48249306025e-07
1.78710394546e-06
0.0
1.99912768184e-07
0.011747136656
0.0
3.07849677411e-06
0.00177042885733
4.32048792761e-06
3.35804543156e-14
0.00114368048191
0.00215956114222
7.94864215756e-10
1.19668577676e-12
4.06734826951e-06
1.32332852981e-05
8.80422379373e-16
0.000137823208509
1.02607229244e-19
5.83387240415e-05
3.45674325594e-11
1.99480804301e-06
6.20903993664e-10
4.94938038452e-07
8.91900242441e-09
0.000549276595561
3.16927965875e-06
2.74544148537e-07
7.98449946328e-09
1.28145458856e-11
3.47608571413e-05
0.000676811226735
3.89962922436e-17
3.47205089871e-08
0.00240761113147
0.0
0.0
2.1280842911e-17
0.0
0.00316465344478
0.000270724153617
2.98367323285e-08
6.47081333727e-07
1.56855824693e-11
0.00333314048382
6.15117426548e-10
4.29428239313e-10
2.23831545061e-20
0.0
0.0329028799037
5.57837075994e-11
7.50750226671e-12
0.000137823208509
1.31225707162e-09
0.000497611936698
5.29226051214e-08
0.0
0.0329028799037
0.0329028799037
0.0
5.18797757618e-08
0.000676811226735
3.81288206605e-05
3.18354112642e-12
0.000497611936698
2.8398033306e-05
0.000954845792341
0.0
1.88182628087e-05
8.5349275481e-06
6.85960361972e-12
7.45129242275e-06
2.88350887131e-13
9.05430626598e-19
0.0
9.00563996046e-05
1.9708761283e-05
2.0832682277e-06
0.000511726211362
2.75824023132e-06
8.82243145861e-10
1.27347841088e-05
4.38102392278e-07
3.22305244295e-11
4.65111952316e-09
2.14382141674e-19
4.99926800232e-11
0.000242874888476
7.82167352174e-07
3.53239317453e-06
0.00316465344478
5.72871675931e-05
6.18167014926e-10
3.01209708493e-06
4.56835795796e-06
0.00240761113147
0.000362143546017
1.04240126957e-10
3.41198939491e-07
0.000358968350429
0.0
1.9708761283e-05
0.0
4.75654378884e-05
2.03885396866e-16
0.000482620822269
2.65711086854e-06
3.56712969766e-07
7.01553918885e-14
1.22199894602e-12
0.00240761113147
0.0
1.08143224657e-14
0.0
0.0
0.00240761113147
3.30859486116e-13
0.00115746568394
0.00316465344478
1.8638726197e-19
3.28108116807e-14
0.000256725915674
3.1005938281e-05
0.00027145743589
0.0329028799037
2.04004429444e-12
4.24400461231e-07
6.14779430092e-14
3.08389590116e-06
1.27891097073e-10
0.0
0.00333314048382
1.73020096927e-05
0.0
0.000676811226735
9.47262735509e-06
4.73725220057e-09
0.000606289152096
0.0
0.000417290638339
0.000497611936698
2.29433307609e-07
2.31498208813e-05
0.00333314048382
0.00131954245596
2.20219838726e-05
0.00115746568394
6.92169854618e-16
5.4167442561e-06
2.68467869234e-06
0.0
0.000152067212324
0.000152067212324
6.92142622979e-09
3.61064489087e-12
4.53112474418e-08
0.00027145743589
0.0
1.98784365084e-05
0.0
3.18927802374e-14
1.61449468471e-06
6.39145598459e-10
4.58017265078e-08
0.000417290638339
0.0
2.36160141985e-11
9.81273044364e-07
0.00408637901337
1.39789484958e-07
0.0
6.41281204218e-06
0.0
3.01618885585e-17
0.00115746568394
1.29764602105e-06
1.47404043974e-08
1.5072081693e-05
0.0
0.00114368048191
6.59962621858e-10
2.03753255821e-05
2.26360165556e-05
0.00333314048382
0.0
1.68101460725e-05
1.10655175822e-05
0.000211449871878
0.00333314048382
1.26710313505e-06
0.0
2.13131597663e-11
0.000613588068971
0.000203315276141
0.0329028799037
0.0
9.73912279222e-13
1.1828643189e-10
0.00027145743589
2.61131263718e-06
0.0
9.05780733967e-11
0.00316465344478
2.31418448181e-10
2.63840339437e-12
9.9315534933e-06
1.41198152389e-06
0.000112204107242
1.15849305653e-06
2.99269099848e-05
1.43295265528e-16
4.40382062181e-07
2.47172090494e-06
2.35083763358e-08
8.1898991875e-12
0.000210022767756
0.000613588068971
3.36991760491e-10
0.0
1.99674997681e-14
0.00316465344478
0.0
1.49735925942e-25
3.5456656454e-05
3.94343118759e-10
1.30280292828e-06
2.20215922852e-05
3.64189848421e-07
0.0
1.35036920463e-07
1.18798231399e-11
8.06982375769e-05
3.44158126292e-10
0.0
1.10310049858e-13
0.0
0.00333314048382
2.66004743205e-13
0.0
7.14462420208e-22
2.15739514569e-10
0.0
0.000954845792341
0.00131954245596
4.73000188507e-05
5.25074933499e-05
2.00119730915e-06
0.0