500
0.0
0.0
0.0
6.44572990638e-05
0.0
0.0
0.0
0.0
0.0
5.98151122558e-05
0.0
0.0
0.0
0.0
0.0
0.0
0.0
0.0
0.0
0.0
0.0
0.000146678031783
0.0
0.0
0.0
0.0
0.0
0.0
0.0
0.0
0.0
0.0
0.0
0.0
0.0
0.0
0.0
0.0
0.0
0.0
0.0
0.0
0.0
0.0
0.0
0.0
0.0
0.0
0.0
0.0
0.0
0.0
0.0
0.0
0.0
0.0
0.0
0.0
0.0
0.0
0.0
0.0
0.0
0.0
0.0
0.0
0.0
2.8483650741e-05
0.0
0.0
0.0
0.0
0.0
0.0
0.0
0.0
0.0
0.0
0.0
0.0
0.0
0.0
0.0
0.0
0.000145756243543
0.0011793131481
0.0
0.0
0.0
0.0
0.0
0.0
0.000148229709182
0.0
0.0
0.0
0.0
0.0
0.0
0.0
0.00508874333273
0.0
0.0
0.0
0.0
0.0
0.0
0.0
0.0
0.0
2.3741879578e-05
0.0
0.0
0.0
0.0
0.0
0.0
2.58818865331e-05
0.0
0.0
0.0
0.0
0.0
0.0
0.0
3.66262230038e-06
0.0
0.0
0.0
0.0
0.0
0.0
0.0
0.000130042745168
0.0
0.0
0.0
0.0
0.0
0.0
0.0
0.0
8.46591020325e-06
0.0
0.0
0.0
0.0
0.0
0.0
0.0
0.0
0.0
0.0
0.0
0.0
0.0
0.0
0.0
0.0
0.0
0.0
0.0
0.0
0.0
0.0
0.0
0.0
0.0
0.0
0.000124574647167
0.0
0.0
0.0
0.0
0.0
0.0
0.0
0.0
0.0
0.0
0.0
0.0
0.0
0.0
0.0
0.0
0.0
0.0
0.0
0.0
0.0
0.0
0.0
0.0
0.0
0.0
2.90092811558e-05
0.0
0.0
0.0
0.0
0.0
0.0
0.0
0.0
0.0
0.0
0.0
8.70590639509e-05
0.0
0.0
0.0
0.0
0.00018115103175
0.0
0.0
0.0
0.0
1.61221824604e-05
0.000124574647167
0.0
0.0
0.0
0.0
0.0
0.0
1.05191908057e-05
0.0
0.0
0.0
0.0
0.0
0.0
0.0
0.0
0.0
0.0
0.0
0.0
0.0
0.0
0.0
0.0
0.0
0.0
0.0
0.0
0.0
0.0
0.0
0.0
0.0
0.0
0.0
0.0
0.0
0.0
0.0
0.0
0.0
0.0
0.0
0.0
0.0
0.0
0.0
0.0
0.0
0.0
0.0
0.0
0.0
0.0
0.0
0.0
8.54194750438e-05
0.0
0.0
0.0
0.0
0.0
0.0
0.0
0.0
0.0
0.0
0.0
0.0
0.0
0.00454014275039
0.0
0.0
4.07448725333e-07
0.0
0.0
0.0
6.82685957897e-06
0.0
0.0
0.0
0.0
3.73351935112e-05
0.0
0.0
0.0
0.0
0.0
0.0
0.0
0.0
0.0
0.0
0.0
0.0
0.0
0.0
0.0
0.0
0.0
0.0
0.0
0.0
0.0
0.0
0.0
0.0
0.0
0.0
0.0
0.0
0.0
0.0
0.0
0.0
5.1094178494e-05
0.0
0.0
0.0
0.0
0.0
0.0
0.0
0.0
8.24706042436e-05
0.0
0.0
0.0
0.0
0.0
0.0
0.0
0.0
0.0
0.0
0.0
0.0
0.0
0.0
0.0
0.0
0.0
0.0
0.0
0.0
0.0
0.0
0.0
0.0
0.0
0.0
0.0
0.0
0.0
0.0
0.0
0.0
0.0
0.0
0.0
0.0
0.0
0.0
0.0
0.0
0.0
0.0
0.0
0.0
0.0
0.0
0.0
0.0
0.0
0.0
0.0
0.0
0.0
0.0
0.0
0.0
0.0
0.0
0.0
0.0
0.0
0.0
0.000145756243543
0.0
0.0
0.0
0.0
0.0
0.0
0.0
0.0
0.0
0.0
0.0
0.0
0.0
0.0
0.0
0.0
0.0
0.0
0.0
0.0
0.0
2.06118886444e-05
0.0
0.0
0.0
0.0
0.0
0.0
0.0
0.0
0.0
0.0
0.0
0.0
0.0
0.0
0.0
0.0
0.0
0.0
0.0
0.0
0.0
0.0
0.0
0.0
0.0
0.0
0.0
0.0
0.0
0.0
0.0
0.00454014275039
0.0
0.0
0.0
0.0
0.0
0.0
1.10375618558e-05
0.0
0.0
0.0
0.0
0.0
0.0
0.0
0.0
0.0
0.0011793131481
0.0
0.0
0.0
0.0
0.0
0.000236439756644
0.0
0.0
0.0
0.0
0.0
0.0
0.0
0.0
0.0
0.0
0.0
0.0
0.0
0.0
0.0
2.31024918556e-05