500
0.0263005992285
0.000617397614254
3.60217752684e-05
0.000888045115912
0.00591654520717
0.00947453149325
0.00591654520717
1.77359518436e-05
0.0663619798037
0.000193542584508
0.0663619798037
0.0263005992285
0.0663619798037
0.0263005992285
0.00169194987445
0.0663619798037
0.0663619798037
0.0263005992285
0.0263005992285
0.00591654520717
0.0663619798037
0.0263005992285
0.0663619798037
0.0663619798037
0.000617397614254
0.0109965727627
0.00669198541743
0.0
0.0663619798037
7.73828147233e-06
3.44888520326e-05
0.00631753574454
0.0663619798037
0.0663619798037
0.0
0.00344168415921
0.0
0.0263005992285
6.67291959351e-05
2.11242728362e-05
1.17349757421e-06
0.0663619798037
0.0663619798037
0.0663619798037
9.47790433495e-05
0.000617397614254
0.00145440866714
0.0663619798037
0.000819585940154
0.0663619798037
0.00947453149325
0.0263005992285
0.0663619798037
0.00947453149325
0.0263005992285
0.000434471195835
0.0663619798037
0.0663619798037
0.000192588981847
0.00030616755079
0.00669198541743
0.00591654520717
0.00243473603093
0.0263005992285
0.00669198541743
0.0263005992285
0.0663619798037
0.00194076647884
0.000288787318997
0.000706915956408
0.00669198541743
0.0263005992285
0.0263005992285
3.51898598394e-05
0.0663619798037
9.56963412697e-06
0.0663619798037
0.0663619798037
0.000410243594535
0.000192588981847
0.0263005992285
0.0663619798037
1.09959445764e-05
0.0663619798037
0.0263005992285
0.0663619798037
0.0663619798037
0.00947453149325
0.00399122242608
8.88127070123e-06
0.00145440866714
0.000500319419266
0.0663619798037
0.000131199667202
0.000614217134373
3.66541078364e-08
0.00344168415921
0.00669198541743
0.000434471195835
0.00344168415921
0.0663619798037
0.0663619798037
0.0263005992285
0.0
0.00169194987445
0.0263005992285
0.00344168415921
0.0263005992285
0.0263005992285
0.00169194987445
0.0263005992285
0.0663619798037
0.0263005992285
5.11973606992e-05
0.00243473603093
0.0663619798037
0.0263005992285
0.00399122242608
0.0663619798037
0.00243473603093
0.0663619798037
0.0263005992285
0.0263005992285
0.0663619798037
0.00215357192608
0.00243473603093
0.0263005992285
0.0263005992285
0.0
0.0002238489025
0.00669198541743
0.0663619798037
0.0663619798037
0.0663619798037
0.0263005992285
0.000182700360885
0.0663619798037
0.0663619798037
0.0663619798037
0.0663619798037
0.0263005992285
0.00631753574454
0.00194076647884
0.00947453149325
0.0263005992285
0.00631753574454
0.0109965727627
0.00243473603093
0.0663619798037
0.00591654520717
0.0263005992285
3.05052881795e-06
0.0663619798037
0.0663619798037
0.000236002247114
0.000118403125368
0.0663619798037
0.0263005992285
0.00194076647884
0.00399122242608
0.00557886252754
1.21445243693e-05
0.00399122242608
0.0263005992285
0.00669198541743
0.0263005992285
2.14608271165e-07
0.0663619798037
0.000192588981847
0.00591654520717
0.0263005992285
0.0263005992285
0.00344168415921
0.00631753574454
0.00215357192608
0.00229899605426
0.00947453149325
0.0263005992285
0.00669198541743
0.00591654520717
0.00591654520717
0.00557886252754
0.00243473603093
5.36274249273e-07
0.0263005992285
0.00344168415921
0.0663619798037
0.0663619798037
0.00125456445557
0.0663619798037
0.0263005992285
0.0263005992285
0.0663619798037
0.0663619798037
0.0663619798037
3.10794912557e-06
0.00194076647884
0.00591654520717
0.0263005992285
0.0263005992285
0.0663619798037
0.0263005992285
0.0663619798037
0.0663619798037
0.00591654520717
0.0663619798037
0.0263005992285
0.00947453149325
0.00243473603093
0.0663619798037
0.0
0.0263005992285
2.16962133818e-05
0.00399122242608
0.0263005992285
0.0263005992285
5.56795701281e-05
0.00344168415921
0.0263005992285
0.0109965727627
0.00669198541743
0.00215357192608
0.0663619798037
0.0663619798037
0.0263005992285
0.000442599021167
0.0663619798037
7.42020438335e-05
0.0263005992285
0.0109965727627
0.00669198541743
0.0263005992285
0.00669198541743
9.96308901453e-05
0.00591654520717
0.0263005992285
0.00669198541743
0.0109965727627
0.0663619798037
0.0663619798037
3.31090720261e-06
8.61942781372e-05
0.0663619798037
0.00631753574454
0.0263005992285
0.000785626122871
0.00243473603093
8.23362415979e-05
0.0663619798037
0.0109965727627
0.0663619798037
0.0663619798037
0.0663619798037
0.000182700360885
0.0
0.00014981585475
0.000140171513027
0.00947453149325
0.00591654520717
0.0263005992285
0.0263005992285
0.00215357192608
0.0663619798037
0.0663619798037
7.86163936202e-06
7.06887230109e-05
0.00243473603093
8.76166439863e-06
0.0263005992285
0.0663619798037
0.00591654520717
0.0663619798037
0.0
0.000108345227048
0.00669198541743
0.0663619798037
1.68459864496e-05
0.0663619798037
0.0109965727627
0.0663619798037
0.00169194987445
0.0109965727627
0.0663619798037
0.0663619798037
0.00947453149325
0.00947453149325
0.00631753574454
0.0263005992285
0.00669198541743
0.0663619798037
0.0663619798037
0.0109965727627
0.000258536840517
0.0109965727627
0.00169194987445
0.0263005992285
0.0663619798037
0.00344168415921
0.0263005992285
0.0663619798037
9.88624509438e-07
6.99485334606e-05
0.0263005992285
0.00947453149325
0.0663619798037
0.0663619798037
0.0663619798037
0.00243473603093
0.0663619798037
0.0
0.0663619798037
0.0663619798037
0.00215357192608
0.0263005992285
0.0
0.0663619798037
0.0263005992285
0.0663619798037
0.00947453149325
0.0263005992285
0.000164232464177
8.42421190433e-06
0.0663619798037
0.000288787318997
0.0663619798037
0.0663619798037
0.0663619798037
0.0663619798037
0.00591654520717
0.00591654520717
3.8394503494e-05
0.00344168415921
0.000140171513027
0.0663619798037
0.0663619798037
0.0663619798037
0.0263005992285
0.00125456445557
0.00344168415921
5.79499957189e-05
0.0663619798037
0.00669198541743
0.0663619798037
0.0663619798037
0.00591654520717
0.000888045115912
0.0663619798037
0.0663619798037
0.00399122242608
0.0663619798037
0.0663619798037
0.00669198541743
0.0263005992285
0.0263005992285
1.20581250559e-05
1.77359518436e-05
0.0109965727627
0.0663619798037
0.0263005992285
0.0663619798037
0.0
0.0663619798037
0.00344168415921
0.000785626122871
0.0663619798037
0.0663619798037
0.0663619798037
0.00344168415921
0.0663619798037
0.0663619798037
2.15540916905e-05
0.0663619798037
0.0109965727627
0.00669198541743
0.0663619798037
0.0263005992285
0.0263005992285
0.0663619798037
0.00947453149325
0.0663619798037
0.0263005992285
0.0663619798037
0.00947453149325
0.0109965727627
0.00243473603093
0.0663619798037
0.00344168415921
0.00125456445557
0.0263005992285
0.000257942041182
0.00669198541743
0.0109965727627
0.0663619798037
0.000131199667202
0.00344168415921
0.0663619798037
0.000888045115912
0.00669198541743
0.0663619798037
0.0663619798037
0.00557886252754
0.0663619798037
2.1138564693e-05
0.0263005992285
0.0263005992285
0.000614217134373
0.0263005992285
0.0263005992285
2.41202600451e-06
0.00669198541743
3.32478989602e-05
0.0663619798037
0.00591654520717
0.0263005992285
0.0663619798037
0.0263005992285
6.15078337132e-05
0.0263005992285
8.17561633113e-05
0.0
0.00947453149325
0.0663619798037
0.00344168415921
0.0263005992285
0.0263005992285
0.0663619798037
0.00947453149325
0.00669198541743
0.00344168415921
0.0663619798037
0.0663619798037
0.00947453149325
0.00631753574454
0.0663619798037
0.000838603707557
0.0663619798037
0.0263005992285
0.00669198541743
0.0663619798037
0.0263005992285
0.0
0.0663619798037
0.0663619798037
0.00631753574454
0.0663619798037
0.0263005992285
0.0663619798037
0.0663619798037
0.0263005992285
0.0663619798037
0.00669198541743
0.000172452109073
0.00947453149325
0.00215357192608
1.12662059687e-05
0.000785626122871
0.0263005992285
0.0663619798037
0.00631753574454
0.0002992277829
0.0663619798037
0.0109965727627
0.0663619798037
0.0263005992285
0.00947453149325
0.00947453149325
0.00947453149325
0.0263005992285
0.0263005992285
0.0263005992285
0.0
0.00947453149325
0.0263005992285
0.0663619798037
0.0263005992285
0.00947453149325
0.0663619798037
0.0263005992285
0.0663619798037
0.00203105633188
0.0663619798037
0.0263005992285
0.00947453149325
0.000236002247114
0.00399122242608
0.00591654520717
5.31941098243e-06
0.00194076647884
0.0663619798037
0.0663619798037
0.000785626122871
0.0663619798037
0.0663619798037
0.0663619798037
0.0263005992285
0.0109965727627
0.00215357192608
0.00669198541743
0.00591654520717
0.0