500
6.17285376246e-05
0.00257061325777
0.00176274194449
0.0223183258259
0.0223183258259
0.00538519176128
5.20250722026e-10
0.000680452932574
0.046754782735
0.046754782735
0.0433865030674
0.0223183258259
4.33036241907e-14
0.012066683487
0.0433865030674
0.046754782735
1.48558719628e-07
4.21461366676e-06
0.00176274194449
8.86486620061e-09
0.000357146514839
5.38398606079e-06
3.95656604294e-08
0.0223183258259
3.14852819835e-11
1.97595033826e-07
0.00176274194449
3.57481919251e-07
0.046754782735
0.046754782735
1.15790574924e-09
0.00308832033523
4.58873132903e-06
1.86235510107e-06
1.95559523108e-07
0.046754782735
0.00308832033523
0.000456772093252
1.36830881574e-05
0.000158748899051
0.0223183258259
0.000819701099296
2.64828368912e-14
2.48393180011e-07
0.046754782735
0.00176274194449
0.00137827409191
0.00308832033523
1.04859315872e-05
0.046754782735
0.000175512691294
1.36830881574e-05
1.74402705454e-07
0.000357146514839
2.97792414878e-05
0.000198105736759
9.63455728227e-12
4.89666680903e-13
0.046754782735
0.046754782735
0.046754782735
0.046754782735
0.0223183258259
0.046754782735
0.00538519176128
0.046754782735
0.0223183258259
5.87343234111e-10
0.00461466328478
3.56738185034e-05
0.00257061325777
3.96934329631e-07
0.0223183258259
0.00176274194449
0.00461466328478
0.0223183258259
1.02571089215e-05
9.75650760403e-07
0.012066683487
1.57986656578e-05
4.81030906846e-16
0.00308832033523
0.000701159821452
0.046754782735
0.046754782735
0.0223183258259
1.19119929293e-11
4.23674389501e-09
0.0223183258259
0.000819701099296
8.74569666739e-08
0.000119999385612
0.012066683487
0.000456772093252
0.046754782735
0.00257061325777
0.00461466328478
0.00538519176128
0.046754782735
0.046754782735
0.000204817747135
0.000160080407134
0.00538519176128
0.0433865030674
0.046754782735
2.82300056455e-11
0.000460306510543
0.046754782735
0.046754782735
0.046754782735
4.06298427949e-05
2.59993169571e-05
3.52785483729e-13
0.0223183258259
0.0223183258259
6.08213911394e-16
2.92266595294e-06
0.046754782735
1.7875600134e-11
0.00103141600447
0.000786687030198
0.00138983438055
0.0223183258259
7.21431527465e-06
0.00105246063157
1.14491708741e-05
0.000331417182482
0.046754782735
2.80726381585e-06
0.0223183258259
4.83487950972e-06
0.00461466328478
0.0223183258259
0.000118797963435
0.00105246063157
0.046754782735
2.80726381585e-06
0.0433865030674
0.0492692307691
0.00461466328478
0.00137827409191
7.14416426492e-05
0.00499723504639
3.30394693379e-07
0.000296081909217
0.00308832033523
0.046754782735
0.00461466328478
1.57719565707e-17
4.1193536558e-09
1.55681117901e-09
0.0433865030674
0.0492692307691
0.0433865030674
0.046754782735
0.046754782735
9.29792420092e-12
0.0223183258259
4.09706260346e-05
2.13844991629e-06
0.046754782735
0.00538519176128
0.000786687030198
2.36859964726e-05
4.54245531625e-06
9.29716006823e-07
0.0223183258259
0.0223183258259
0.000121711029222
1.53789559281e-05
2.5323837939e-09
0.0492692307691
0.012066683487
0.046754782735
0.0223183258259
0.012066683487
3.11504521498e-05
6.84036238033e-05
2.50193413349e-07
0.00112272989975
0.00538519176128
2.01199449677e-05
2.58763370481e-07
0.012066683487
3.4299576757e-06
0.00308832033523
3.57669001039e-13
0.046754782735
0.00461466328478
0.00176274194449
0.0433865030674
0.0433865030674
6.84036238033e-05
0.046754782735
3.30893009376e-08
1.44301753619e-07
1.14548007398e-05
0.0223183258259
0.00308832033523
0.012066683487
0.000730013000858
3.10338448254e-06
9.6845813944e-06
6.17285376246e-05
2.67107860707e-06
0.046754782735
4.49697669541e-06
2.53748831415e-05
0.012066683487
0.000289759155089
0.000203031708019
6.91064448003e-13
4.60621632791e-09
9.10399248286e-05
0.046754782735
0.0433865030674
0.000160080407134
1.07486819361e-13
0.000460306510543
0.000224209846533
0.00137827409191
0.046754782735
4.92681484085e-07
0.046754782735
1.10699869757e-05
0.000289759155089
0.0223183258259
0.00176274194449
0.0223183258259
7.72142217613e-09
7.99242276981e-07
2.81540235236e-07
0.00052361804286
0.000605366665902
0.0433865030674
0.046754782735
0.00105246063157
3.00190832914e-12
0.00499723504639
9.62960253355e-08
0.000160080407134
0.000819701099296
0.0223183258259
0.046754782735
0.000730013000858
0.00538519176128
0.012066683487
0.0223183258259
0.00461466328478
7.83742178251e-05
0.00138983438055
5.30735831107e-05
0.046754782735
3.57446224105e-07
0.0242679640718
0.00137827409191
0.000164012181868
1.61787834428e-10
5.85363703611e-13
0.0433865030674
0.012066683487
1.39513023486e-06
0.046754782735
2.9544866749e-10
0.0433865030674
2.46305558436e-07
4.24595344675e-17
1.54420170793e-07
0.046754782735
0.000312630772649
2.85965627076e-07
9.75583522223e-06
0.046754782735
0.0223183258259
0.00105246063157
1.36830881574e-05
0.00538519176128
0.0492692307691
3.75696547031e-08
9.21739702543e-05
1.01206176197e-07
5.85808775571e-07
0.0223183258259
6.12195702497e-05
0.012066683487
7.89502679702e-08
0.00137827409191
0.0223183258259
0.0223183258259
2.58243744857e-05
0.00034119413699
0.046754782735
0.0223183258259
0.00499723504639
5.30178664777e-05
0.000800263787085
0.046754782735
4.38338356104e-07
0.00127898130669
0.000367682496112
0.0223183258259
0.000786687030198
0.00538519176128
9.75650760403e-07
0.046754782735
0.046754782735
2.49047854273e-05
0.046754782735
1.31792764428e-06
4.53942132187e-09
1.34711663594e-07
0.0492692307691
0.00308832033523
0.000657917082729
0.00103141600447
3.16058756335e-08
0.046754782735
0.00105246063157
0.046754782735
0.0433865030674
5.30178664777e-05
0.046754782735
0.0433865030674
2.5307999512e-05
5.33797317407e-07
5.28694657409e-08
0.00461466328478
0.012066683487
0.046754782735
5.98042501973e-07
0.0433865030674
0.046754782735
2.77998168773e-14
0.0223183258259
1.36830881574e-05
0.0223183258259
5.72059186143e-09
0.0223183258259
0.000375523880893
0.0433865030674
1.94977323861e-07
0.000287349012186
0.00538519176128
0.012066683487
0.046754782735
0.00257061325777
0.046754782735
0.000203031708019
0.046754782735
0.000160080407134
4.2184042409e-10
0.0492692307691
0.0223183258259
2.87429223914e-08
0.046754782735
5.14945430153e-06
1.53224429407e-07
0.046754782735
7.93381937153e-09
0.00112272989975
0.0223183258259
0.00461466328478
2.9334350745e-06
1.51508109312e-06
8.77855796103e-07
0.0223183258259
5.27037475069e-09
5.50973010827e-05
4.2547954958e-14
0.000367682496112
0.046754782735
9.65470250016e-09
4.09706260346e-05
3.24632908295e-16
0.00014731240726
6.01265777171e-08
0.00176274194449
2.56436812181e-08
0.00137827409191
2.36993143868e-07
6.97993058059e-05
0.00461466328478
0.000657917082729
0.046754782735
0.00034119413699
2.28128064872e-07
0.0223183258259
0.046754782735
5.80985783247e-05
0.000203031708019
0.012066683487
1.93277094599e-07
0.00257061325777
0.0242679640718
2.14614221783e-13
0.046754782735
0.00538519176128
0.046754782735
0.0242679640718
8.62245376383e-12
0.046754782735
0.000456772093252
0.00112272989975
0.012066683487
2.20937113132e-10
0.000203850984904
0.012066683487
1.17074512754e-07
5.27525702431e-11
6.117248633e-11
6.54886335638e-06
0.046754782735
0.00176274194449
0.000129315450796
0.000203031708019
0.0433865030674
1.4084248625e-07
3.96934329631e-07
0.046754782735
0.00176274194449
2.10601267693e-06
0.00499723504639
0.00237650566592
0.00538519176128
7.45014378133e-07
1.06658010461e-07
5.4099623232e-05
0.046754782735
0.000121221872729
7.67098924921e-10
0.00538519176128
0.0433865030674
1.27633415885e-05
0.046754782735
3.76185548987e-06
0.00538519176128
0.000535933443622
2.5307999512e-05
2.36859964726e-05
0.00461466328478
3.20546829693e-09
0.0223183258259
5.37927741521e-07
5.74168778173e-09
9.01751359935e-06
0.000355711143387
2.03841095645e-08
0.046754782735
0.046754782735
0.0223183258259
4.58873132903e-06
0.000435860703453
1.99632071635e-07
0.00538519176128
8.47069915985e-06
0.000176322978722
0.046754782735
1.82846163167e-05
3.06322917464e-08
0.046754782735
4.80560713782e-06
1.21433532295e-10
9.11662594873e-18
8.48723686493e-06
0.046754782735
1.21588531863e-07
0.000786687030198
0.000786687030198
0.000164012181868
0.012066683487
0.000531514537093
3.54564253681e-06
1.17725871978e-05
0.00176274194449
9.34234514066e-07
0.000460306510543
0.000531514537093
0.00308832033523
0.00538519176128
0.046754782735
0.00257061325777
0.046754782735
0.0223183258259
4.40095869634e-14
0.00461466328478
7.57785502629e-05
7.76439466971e-09
0.000375523880893
0.00499723504639
4.52590260475e-08
0.0223183258259
3.9385812118e-06
0.0433865030674
0.000224209846533
0.00112272989975
0.046754782735
2.03965604103e-06
0.0223183258259
0.0223183258259
0.0223183258259