500
0.00551450811837
0.0
0.0
0.0
4.7630886047e-06
0.0
0.00286130138217
0.00395379827355
0.0
0.0
0.0
0.0
0.0
0.0
0.0
0.0
0.0
0.0
0.0
0.0
0.0296677462033
0.0
0.0
0.0
0.0
0.0
0.0
0.0
0.0
0.0
0.0
0.0
0.0218322222222
0.0
0.0
0.0
0.0
0.0296677462033
0.0
0.0
0.0
0.00551450811837
0.0
0.0
1.64438005674e-06
0.00237631795252
0.0
0.0
0.0
0.0
0.0
0.0
0.0
0.0
0.0
0.0
0.0
0.0
0.0
0.0
0.0
0.0
0.0
0.0
0.0
0.0
0.0
0.0
0.0
0.00551450811837
0.0
0.0
0.0
0.0
0.0218322222222
0.0
0.0
0.0
0.0
0.0
0.0
0.0
1.66468366862e-05
0.0
0.00551450811837
0.0
0.0296677462033
0.0
0.0
0.0
0.0
0.0
0.0
0.0
0.000100789031207
0.0
0.0
0.0
0.0
0.00022373974572
0.0
0.0
0.0
0.0
0.0
0.0
0.00176305276673
0.0
0.0
0.0
0.0
0.0
0.0
0.0
0.0
0.0
0.0
0.00137809294054
0.0
0.0218322222222
0.0
0.0296677462033
0.0
0.0
0.0
0.0155081400608
0.0
0.0
0.0
0.0
0.0
0.0
0.0
1.96406312432e-05
0.0
0.0
0.0218322222222
0.0
0.0
0.0
0.0
2.66173747936e-05
0.0
0.0
0.0
0.0
0.0296677462033
0.0
0.0
0.0155081400608
0.0
0.0
0.0
0.00286130138217
0.0
0.0
0.0
5.76871000992e-05
0.0
0.0
0.0
0.0
0.0
0.0
0.0
0.0
0.0
0.0
0.00331266400507
1.37523357074e-05
0.0
0.0
0.0
0.0
0.0
1.48709721538e-05
2.88151095224e-05
0.0
0.0
0.0
1.13469313416e-05
0.0
0.00551450811837
0.0218322222222
0.0
0.0
0.0
0.0
0.0296677462033
0.0
0.00012369173223
2.03752655057e-05
0.0
0.0
0.0
0.0
0.0
0.0
0.0
0.0
0.0
0.0
0.0
0.0
0.000146807104012
0.0
0.0
0.0
0.0218322222222
0.0
0.0
0.0
0.0
0.0
0.000105227944733
7.9511337284e-05
0.0
0.0
0.0
0.0
5.64499885683e-05
0.0
0.0
0.0
0.0
0.00137809294054
0.0
0.000720366764371
0.0155081400608
0.0155081400608
0.0
0.0
0.0
0.0
0.0
0.000627628106139
0.0
0.000671502693547
0.0
0.0
0.0
0.0
0.0
0.0
0.00551450811837
0.0
0.0
0.0
0.0
0.0
0.0
0.0
0.0
0.0
0.0
0.00147619362132
0.0
0.0
0.0
0.0
0.0
0.0
0.0
0.0
0.0
0.0
0.0
4.33284623968e-07
0.0218322222222
0.0
0.0
0.0
0.0
0.0
0.0
0.0
0.0
0.0
0.0
0.0
0.0218322222222
0.0
0.0155081400608
0.0
0.00138808227088
0.0
6.70246831754e-05
0.0
0.0
0.0
0.0
0.0
0.0
0.0
0.0
8.00538649796e-05
0.0
0.0
0.0
0.0
0.0
0.0
0.0
0.0
0.0
0.0
0.0
0.0
0.0
0.00147619362132
0.0
0.0
0.000627628106139
0.0
0.0
0.0
0.0
0.0
0.0
0.0
0.0
0.00331266400507
0.0
3.33360365665e-07
0.0
0.0
0.0155081400608
0.0
0.0
0.0
0.00176305276673
0.0
0.0
0.0
0.000627628106139
0.0
0.0
0.0
0.00551450811837
0.0
0.0
0.0
0.000359612412147
0.0
0.0155081400608
0.0
0.0
0.0
0.0296677462033
0.0
0.0
0.0
6.72299901413e-06
0.0
0.0296677462033
0.0
0.00147619362132
0.0
0.0
0.0
0.0
0.0
0.00551450811837
0.0218322222222
0.0
0.0
0.0
0.0
0.0
0.0155081400608
0.0
0.0
0.0296677462033
0.0
0.0
0.0
0.0
0.0
0.0
6.3963517704e-05
0.00188208733425
0.0
0.0
0.0
0.0
0.0
0.0
0.0
0.0
0.0
0.0
0.0
0.0
0.0
0.0
0.0218322222222
0.0296677462033
0.0
0.0
0.0
0.0218322222222
0.0
0.0
0.0
0.0
9.32309310869e-05
0.0
0.0
0.0
0.0
0.0
0.0
0.0
0.0
0.0
0.0
0.0
0.0
0.0
0.0
0.0
0.0
0.0
0.0
0.0296677462033
0.0
0.0
0.0296677462033
0.0155081400608
1.26094714378e-05
0.0
0.0
0.0
0.0
0.0
0.0
0.0
0.0
0.0218322222222
0.0
0.0
0.00188208733425
0.0
0.000194871382729
0.0
0.0
0.0
0.0
0.0155081400608
0.0
0.0
0.0
0.0
0.0
0.0
0.0296677462033
0.0
0.0
0.0
0.0
0.0
0.0
0.0
0.0
0.0
0.0
0.0
0.0
0.0
0.0
0.0
0.0218322222222
0.0
0.0
0.0
0.0
0.0155081400608
0.0
0.0
0.00551450811837
0.0
0.0
0.0
0.0
0.0
0.0155081400608
0.0
0.0
0.0
0.0
0.0
0.0
0.0218322222222
0.0296677462033
0.0
0.0
0.0
0.0
0.0
0.0