500
2.54013785561e-05
2.36983642211e-10
9.79267429992e-19
0.0
1.36403081099e-05
6.18146732473e-10
1.21566024749e-07
0.000110032167791
1.40378262833e-07
7.67173646431e-07
1.48539943158e-37
3.23472241907e-10
8.36887458079e-20
0.0
9.763802704e-07
1.16290229573e-27
1.6174698552e-11
7.7478101e-07
0.000107531735036
4.26926097758e-13
3.427536302e-07
2.62809262407e-35
1.50887698647e-09
7.41262223102e-07
3.99853264896e-17
2.31678195699e-09
7.70916120505e-24
1.92403719883e-05
5.19344752284e-08
9.79112989271e-05
0.00978433493165
1.62402690988e-20
1.80991436522e-14
3.32446945897e-12
1.20091451442e-05
0.0106714868419
5.6169318236e-13
2.32049349223e-09
8.94147054292e-12
0.0
8.01547103006e-12
6.26428854942e-14
3.25621907443e-11
0.000102346055101
5.77759672386e-07
7.71525772245e-05
7.43799664051e-12
1.91743077435e-05
1.81717559066e-26
1.0467828412e-23
0.000399724518446
3.60471021129e-06
1.38191492938e-05
5.91750148954e-09
0.00134002966656
9.69666864084e-27
8.89049766394e-08
1.45204762977e-06
1.58025676273e-06
2.68905042882e-16
8.04914303866e-09
3.08858596469e-08
1.50303098873e-05
2.61091290308e-11
2.24363777007e-07
7.46617760666e-08
1.06235357922e-11
5.23680334593e-13
3.60361800088e-11
4.4246211402e-11
0.00874624187335
2.29044985268e-21
4.49766957075e-06
6.83776103533e-05
5.24134316571e-11
0.000168447398151
4.79396235822e-31
6.57923980664e-25
1.5815460239e-11
1.08570713839e-12
2.94481898739e-17
9.89053654638e-05
3.98997002772e-12
6.76009259847e-06
6.11272161884e-09
9.5800878598e-06
0.00128724742606
1.20935582384e-05
2.93444436025e-07
4.59538778869e-06
7.92988910897e-12
8.66243244628e-07
2.15870234326e-10
8.46952665021e-09
1.4423959917e-07
1.03412481521e-12
6.88340170018e-46
2.12189401822e-12
1.31611712697e-07
3.18151291443e-06
2.18780005782e-15
3.54454565971e-08
0.000168447398151
3.17435655544e-18
4.7893890608e-09
8.11590673119e-18
0.000723094141998
6.32729060451e-18
1.51082570836e-06
2.07995894931e-08
0.000152745084397
3.58527018634e-12
3.29420819015e-20
0.000817281442586
1.9859804681e-06
0.0
9.84874738518e-09
5.05251135037e-09
2.02659971793e-06
6.25812098457e-13
2.93335679718e-05
6.59036928014e-13
6.1504574273e-09
2.31659294069e-13
1.66666459935e-05
3.66746150147e-07
0.000107531735036
2.67644101445e-12
0.0106714868419
6.61771674991e-27
0.0106714868419
1.03555289535e-06
1.97002610647e-05
2.15755631496e-11
1.10066362517e-05
5.16372846459e-17
1.3416585784e-06
1.25162041213e-07
0.00874624187335
5.02834658501e-21
1.51413137839e-07
0.0
2.69298637342e-11
1.22644921363e-06
1.4523539713e-05
7.54969572053e-16
0.000944584434933
0.000121735344523
4.44205257375e-06
1.35623487297e-05
4.38084156689e-21
7.54402034279e-12
2.06699507652e-25
7.23391086713e-06
8.79585730546e-15
1.04857929942e-08
5.52897937719e-14
1.39191221971e-08
0.0
0.0106714868419
1.50303098873e-05
3.15863663121e-45
0.0106714868419
1.25173649106e-07
1.20091451442e-05
3.55282047386e-08
4.11104970768e-09
9.12754022799e-08
2.3463335787e-16
1.21768531413e-06
0.00978433493165
5.05515038653e-08
1.56089700544e-12
1.74988291085e-21
4.85165591532e-20
6.83776103533e-05
4.88521418174e-06
2.36492026265e-06
9.97455093542e-09
1.2007592378e-13
3.15239985874e-06
1.97216368051e-14
1.0088632125e-08
2.56570449139e-20
1.88161253244e-12
1.08931925509e-08
0.000128943428179
5.3296982819e-06
1.13197845199e-15
1.65753268939e-05
3.88604664153e-13
1.95270053964e-14
0.00627159164108
5.45080513003e-19
2.00433678592e-05
7.60881341886e-08
5.51933353832e-17
9.23780505296e-06
3.40573481617e-18
0.00978433493165
2.79765479789e-18
6.70268937888e-11
0.0115051978593
9.91163720421e-08
2.02514087819e-27
3.86036693979e-09
4.36482054455e-18
8.0381185848e-10
9.23483933417e-10
1.20730882985e-06
0.0
7.48309097985e-08
6.15341648533e-08
8.01123457883e-18
2.69870613759e-09
6.12677746363e-19
1.54277625898e-09
1.32075518947e-12
1.00411848036e-18
5.82215089846e-17
3.65682606195e-22
0.000129389429243
2.00866548733e-21
0.000167832098413
2.90982911891e-25
9.0625918679e-13
2.14465130068e-06
0.0011897540491
1.18486010489e-05
2.2533185553e-25
2.41843497419e-13
3.53990473175e-08
3.02694472575e-34
8.19684882707e-13
3.98688592839e-08
2.88801863722e-15
8.69715767719e-07
7.90494321806e-11
2.61920976085e-05
0.000110032167791
6.98279733384e-10
3.07653115563e-10
9.23622178587e-08
3.63819812296e-22
1.17532415317e-08
3.22386006412e-05
2.01695448067e-06
5.42602451682e-28
2.57682011533e-09
3.11770184006e-24
6.81715943872e-17
8.27657943297e-08
5.39019650901e-08
4.74666144718e-11
9.31448241159e-07
1.0610057645e-06
1.42329190986e-05
3.65552786057e-07
1.1744627849e-05
1.53584602046e-07
2.47350549725e-08
1.56807284015e-13
2.21084739737e-06
4.66404760592e-07
1.35696585657e-17
1.73429432013e-23
0.00020628102573
0.000152112187896
3.08056882722e-12
3.79821263733e-14
1.43089001917e-28
0.0106714868419
1.23167700186e-07
0.0106714868419
2.61565222707e-10
3.04324070838e-06
2.49433191988e-17
0.00992265449033
8.29777943064e-16
1.53598938423e-08
1.00527516221e-08
0.0
7.47821752023e-22
1.98434982207e-05
0.00874624187335
9.99580673274e-15
5.96522560171e-08
5.24445031857e-07
1.02846926899e-05
4.0443280425e-12
1.03935287772e-07
6.61437955972e-11
1.337715847e-05
0.000105649317818
0.00874624187335
2.83996892466e-12
7.3434981776e-17
0.0
1.30286705008e-19
4.9245539907e-13
5.54588626557e-16
2.6356549128e-12
5.02682073011e-05
1.96191990017e-06
8.8540273803e-07
1.8231238487e-08
1.11892003016e-17
2.00974153395e-06
4.94655127154e-06
2.53688780851e-08
8.95533897621e-14
7.36993557587e-06
1.67658933179e-18
1.38131171039e-05
6.49021551997e-07
6.32303625377e-09
0.00978433493165
3.24473616772e-12
2.43922034261e-06
3.26694033048e-08
2.20001945509e-08
1.68053701528e-06
2.16466978125e-12
0.0
1.24094824582e-36
0.000107531735036
9.97154736272e-18
1.42597077658e-29
2.62492348184e-17
5.44960410205e-07
2.11020887532e-06
2.15806744204e-08
2.49310776185e-05
7.57265268254e-07
0.0
1.84378533367e-06
5.14137458091e-19
1.60542105461e-05
1.69261739144e-05
4.20843889144e-06
4.33610515599e-06
2.35685833118e-05
4.08423241281e-07
0.0106714868419
2.81536351392e-14
0.0
1.19225996636e-12
0.000149280339472
0.0106714868419
2.76166431862e-12
1.00872393393e-05
1.78573606091e-20
5.46156488063e-10
0.0
5.20816191133e-06
1.70369349853e-08
1.13228526726e-07
1.57931554926e-06
5.70103837696e-19
7.59566783372e-15
8.10985276078e-14
6.03793590534e-11
2.71084222843e-06
1.83306941862e-25
8.00082834089e-15
0.0013447923628
9.59631537016e-27
4.57727638279e-08
1.52456845245e-12
9.74203436051e-06
4.07086272785e-10
1.44324740024e-07
2.00842321557e-11
1.65567119607e-12
7.78146233391e-22
4.88315041884e-29
0.00874624187335
4.94655127154e-06
8.89613018234e-11
2.05354097181e-05
2.58259056072e-06
2.12220450175e-06
8.96497686797e-24
9.3152544288e-06
9.04782053118e-15
2.63098048864e-05
0.0013447923628
6.47248813479e-08
4.57539160698e-14
7.41770901402e-11
2.94656515981e-07
0.0
3.02093036013e-13
4.00280042498e-18
1.61778184118e-05
0.00874624187335
2.27997207059e-08
2.58113899549e-05
1.94883968522e-14
2.92795739954e-09
3.55474077368e-15
3.44518257116e-10
1.16132182874e-11
1.17138505013e-06
0.000131498645047
8.05011483107e-21
1.98960257704e-19
6.07666240323e-12
6.81029632187e-11
1.20435698618e-14
9.35971038398e-29
3.06226481241e-05
1.38321813948e-16
0.000194165099739
5.41108430453e-15
4.45098281794e-19
1.6405275007e-06
0.00158131363264
1.39328635479e-05
8.69070724001e-06
3.30230420608e-22
1.19457638702e-05
1.75811446274e-05
1.98285446569e-16
4.67798322891e-13
2.26086545919e-05
1.12160715709e-05
3.97922820977e-15
9.57786076104e-08
2.06171408021e-07
3.18151291443e-06
1.30401422004e-08
1.72784781422e-18
2.00598494673e-23
6.67827687817e-14
4.89574148085e-08
1.53180131126e-13
7.9367740767e-23
1.04357261273e-25
2.57716327064e-30
2.77216091574e-14
5.47433602279e-20
1.12160715709e-05
0.00100575804622
0.0
6.53653445576e-13
2.12220450175e-06
1.44053334632e-05
0.0011552558816
5.02858246621e-29
0.000131399931528
6.36538522993e-31
0.000128733631688
0.00992265449033
2.02815922727e-09
0.00874624187335
3.23286187098e-26
9.52223578252e-05
4.71617200189e-08
1.29200394001e-30
2.77973371986e-16
9.95100668039e-07
0.00874624187335
1.41486946797e-08
1.90088229668e-13
2.50875564594e-05
1.55690025097e-20
5.61728511747e-06
1.80467041133e-20
5.27456846424e-17
2.42749425085e-17
3.70200136948e-19
1.55843993848e-09
0.000182651419363
5.59598082849e-13
4.48153697606e-10
3.07193841475e-19
6.35383115053e-24
1.33600817765e-06
4.41188317331e-33
0.0
1.75545067605e-18
4.73246684037e-08
3.06226481241e-05
9.65610706129e-16
4.18141833975e-14
9.34153343203e-11
5.95188903204e-26
6.97567927297e-07
1.65548943806e-05
2.70398505108e-31
0.0011897540491
1.0432497125e-07
1.83842400192e-06
0.000944584434933
2.74927846871e-05
5.61856707837e-06
1.63625385712e-05
1.22297897603e-06
3.00751281362e-16