500
3.22792020251e-08
0.000379118570463
5.27303133018e-12
4.44293124573e-06
0.00451315025228
3.22792020251e-08
0.0
0.0101474987042
0.0444710003796
0.0015226215971
2.30013248626e-05
0.00821081421431
0.00451315025228
0.0
0.00451315025228
0.0
0.00821081421431
1.79421891131e-08
0.022180188609
2.64679011421e-10
5.49547965605e-05
4.44293124573e-06
0.0
0.0015226215971
2.04869604546e-08
0.0101474987042
2.30013248626e-05
0.022180188609
2.30013248626e-05
0.000284185723498
0.0101474987042
0.0556035366493
0.022180188609
0.022180188609
1.16639524598e-05
0.00821081421431
1.25912119841e-08
0.000454712441514
1.0417999703e-06
0.0
0.022180188609
1.45917195926e-06
0.0
0.022180188609
0.0101474987042
7.99749015068e-09
5.61944996041e-09
2.27539807901e-08
3.74107803712e-08
0.0015226215971
4.07780196168e-06
2.30013248626e-05
0.00187823217512
0.0
0.0444710003796
4.81255799383e-06
9.0282648144e-07
0.000284578248562
0.0556035366493
2.30013248626e-05
6.51839842266e-08
0.00187823217512
0.00187823217512
4.18018053286e-09
2.05690075979e-12
0.00167156298134
1.25912119841e-08
0.022180188609
2.30013248626e-05
1.71653591861e-06
1.54277492315e-09
0.0556035366493
4.58376112795e-08
0.0444710003796
9.28856893033e-08
3.32149597006e-05
6.46746667399e-11
6.70036689619e-05
9.28856893033e-08
0.0
1.1327907219e-08
6.70036689619e-05
4.57818783961e-08
0.000839920739106
0.00821081421431
1.93309651402e-08
3.00800621972e-05
0.0556035366493
1.93309651402e-08
0.0101474987042
0.0
0.0444710003796
0.0101474987042
4.95561815132e-08
2.01238259734e-07
0.022180188609
0.00235954938476
2.30013248626e-05
1.34901649678e-06
3.32149597006e-05
2.01091239393e-12
0.000455919513653
2.65319752951e-09
0.022180188609
0.022180188609
1.93309651402e-08
0.0556035366493
3.86220377513e-10
2.30013248626e-05
0.000156867809426
0.0015226215971
0.00123678214626
4.18018053286e-09
0.00821081421431
7.70104491636e-10
0.0556035366493
4.94451230473e-06
0.0444710003796
1.81787461832e-05
1.93309651402e-08
0.00821081421431
4.58376112795e-08
0.022180188609
1.79421891131e-08
0.0
2.30013248626e-05
2.30013248626e-05
0.0015226215971
4.31671108477e-06
0.0556035366493
0.0556035366493
1.13864269006e-08
0.0444710003796
0.0444710003796
0.00821081421431
4.81255799383e-06
0.00187823217512
1.79421891131e-08
2.09152620486e-09
4.81255799383e-06
3.32149597006e-05
4.089992928e-10
0.0
9.29609518494e-07
2.30013248626e-05
5.89468803972e-08
1.81787461832e-05
1.65245059583e-05
6.51839842266e-08
0.0556035366493
4.39525461788e-09
0.022180188609
3.00800621972e-05
0.00219254194563
2.30013248626e-05
0.000454712441514
2.92376500096e-07
5.44323716299e-07
4.71462299265e-05
0.0444710003796
1.2939678329e-06
0.022180188609
0.0106331460281
4.81255799383e-06
9.29609518494e-07
0.022180188609
0.0556035366493
4.36802535654e-09
0.0444710003796
0.0106331460281
3.21168924179e-09
8.47771744789e-11
0.00821081421431
0.0556035366493
1.81787461832e-05
1.09091451168e-09
3.22180672209e-09
0.0556035366493
0.0556035366493
7.37586154284e-10
0.0444710003796
9.29609518494e-07
9.29609518494e-07
0.0444710003796
6.51839842266e-08
0.0444710003796
0.0444710003796
0.022180188609
2.95275361104e-09
0.0556035366493
2.46675634476e-05
4.81255799383e-06
6.23518634956e-09
6.54803242144e-05
2.30013248626e-05
4.18018053286e-09
0.0
6.43537373624e-10
9.91405389653e-06
4.44293124573e-06
4.71462299265e-05
6.70036689619e-05
0.0101474987042
0.0556035366493
0.00203225336309
1.36396108902e-08
2.30013248626e-05
0.0556035366493
0.0444710003796
1.79421891131e-08
0.0101474987042
0.0
1.79421891131e-08
0.00821081421431
0.022180188609
4.35698632588e-12
0.000839920739106
1.81787461832e-05
4.18018053286e-09
0.00451315025228
1.96530454252e-08
0.0106331460281
0.00821081421431
0.0556035366493
0.000347781103758
3.48652974539e-06
0.0556035366493
3.00800621972e-05
0.00187823217512
9.28856893033e-08
0.00451315025228
6.23518634956e-09
0.00821081421431
0.0
0.022180188609
5.81021786594e-06
6.49840875354e-05
0.0
0.022180188609
0.0444710003796
2.30013248626e-05
5.44114909319e-10
0.022180188609
3.95734744517e-09
3.7666696836e-09
2.30013248626e-05
0.0106331460281
2.27539807901e-08
0.022180188609
0.0101474987042
6.51839842266e-08
3.00800621972e-05
1.79421891131e-08
5.07162844852e-09
2.30013248626e-05
6.51839842266e-08
0.0556035366493
0.00821081421431
0.022180188609
0.022180188609
0.0101474987042
0.0101474987042
0.022180188609
0.00167156298134
0.022180188609
0.0556035366493
0.022180188609
2.30013248626e-05
0.00451315025228
9.29609518494e-07
0.0444710003796
2.27539807901e-08
0.0444710003796
2.35349753865e-09
0.0444710003796
0.0101474987042
0.0556035366493
4.39525461788e-09
1.79421891131e-08
0.0
0.0444710003796
0.00167156298134
0.0556035366493
9.28856893033e-08
0.0
2.30013248626e-05
0.0
4.8814547061e-06
1.70453919629e-08
0.0444710003796
0.022180188609
0.0556035366493
4.0635605494e-06
1.93309651402e-08
1.36396108902e-08
0.00187823217512
0.00821081421431
0.0444710003796
0.0556035366493
2.30013248626e-05
1.16639524598e-05
1.25912119841e-08
0.00123678214626
0.0101474987042
0.0
0.022180188609
0.0444710003796
0.0444710003796
0.0444710003796
1.81787461832e-05
0.0444710003796
0.0
5.64760169288e-09
4.19141260868e-09
0.0444710003796
0.0101474987042
1.93309651402e-08
6.70036689619e-05
3.32149597006e-05
3.10043848907e-09
0.0444710003796
0.00451315025228
2.902009227e-06
4.58376112795e-08
2.30013248626e-05
0.00821081421431
0.022180188609
0.0444710003796
6.32846267395e-05
0.0556035366493
0.022180188609
0.0556035366493
0.0
1.08601596703e-06
2.30013248626e-05
0.0556035366493
0.0
8.07461265748e-10
0.0444710003796
0.0556035366493
6.23518634956e-09
0.0556035366493
4.09402016809e-07
1.81787461832e-05
8.3045089267e-07
0.022180188609
6.91497629532e-16
0.0556035366493
0.0106331460281
4.74978771232e-06
0.0
3.39118502446e-09
0.022180188609
2.27539807901e-08
0.022180188609
0.0444710003796
8.49558393282e-05
4.71462299265e-05
0.0
2.30013248626e-05
1.18797642245e-07
1.0417999703e-06
0.0015226215971
4.44293124573e-06
8.5227437493e-09
0.0
0.00203225336309
0.0
0.022180188609
2.02993426839e-07
0.0444710003796
0.0556035366493
4.77720618146e-10
0.022180188609
0.0101474987042
0.022180188609
6.70036689619e-05
2.11316867048e-11
0.022180188609
0.0556035366493
0.0444710003796
0.0556035366493
0.022180188609
0.0444710003796
9.28856893033e-08
0.022180188609
0.0101474987042
5.89468803972e-08
4.58376112795e-08
5.81021786594e-06
0.0444710003796
0.00023860860532
1.79421891131e-08
0.0106331460281
9.28856893033e-08
0.0
1.47366081724e-09
4.81255799383e-06
0.022180188609
2.04869604546e-08
0.022180188609
1.85522240245e-06
8.07461265748e-10
0.0556035366493
3.00800621972e-05
4.74978771232e-06
2.30013248626e-05
0.0444710003796
0.0
0.000350437752585
0.0
0.0444710003796
1.04200267154e-11
1.79421891131e-08
2.27539807901e-08
4.80108204671e-09
0.000350437752585
0.0106331460281
4.94451230473e-06
7.00080294054e-06
0.022180188609
0.00235954938476
0.00821081421431
1.02713821103e-05
0.0
4.71462299265e-05
0.0444710003796
2.30013248626e-05
0.00451315025228
8.3045089267e-07
1.3964625065e-05
5.81021786594e-06
0.0444710003796
0.0101474987042
0.0444710003796
2.04869604546e-08
9.79217070777e-10
0.022180188609
2.30013248626e-05
0.00023860860532
0.0
0.0015226215971
3.58457417171e-09
0.022180188609
1.48176044891e-08
0.0106331460281
6.70036689619e-05
4.44293124573e-06
0.000350437752585
0.0556035366493
4.64222195632e-11
9.29609518494e-07
4.44293124573e-06
2.30013248626e-05
0.0444710003796
2.30013248626e-05
0.0106331460281
2.30013248626e-05
0.0444710003796
0.0
1.01367422202e-09
2.95275361104e-09
3.00800621972e-05
4.28703029823e-09
2.30013248626e-05
4.81255799383e-06
9.28856893033e-08
9.28856893033e-08
7.79863477122e-16
2.30013248626e-05
0.000839920739106
3.04114057711e-06
6.70036689619e-05
1.8653268515e-05
4.13687546261e-08
0.0106331460281
0.000284185723498
2.30013248626e-05
6.70036689619e-05
2.30013248626e-05
1.40798823573e-09
0.00451315025228
0.0444710003796
3.00800621972e-05
0.0444710003796
1.93309651402e-08
0.022180188609
0.0444710003796
0.0
0.00821081421431
1.19566493212e-09
1.58348315117e-07
0.0444710003796
2.88753056094e-10
4.71462299265e-05
0.0556035366493
6.50042606303e-09
4.81255799383e-06
0.00451315025228
2.27539807901e-08