500
7.3826085354e-05
1.6830998992e-05
6.61181617256e-05
2.13604077144e-15
4.80673723533e-05
6.95932894506e-08
6.79921842411e-07
2.48964246575e-08
5.4208814343e-21
3.51096374977e-05
1.17655156673e-06
2.14596305014e-15
1.51454987915e-08
0.0097983400814
6.64466417054e-05
3.62538666858e-08
0.0097983400814
9.41213238334e-10
0.0285674763812
4.43377591841e-06
1.16980712283e-07
1.4500315885e-13
0.0097983400814
0.0097983400814
9.56704614582e-37
9.21992732122e-11
0.0097983400814
3.26099709406e-07
6.52586459188e-07
0.0106682861634
5.64665186635e-18
7.52046603434e-05
1.90944892756e-08
0.0097983400814
6.64286245141e-08
2.92895311645e-05
1.16377792965e-05
1.43754101963e-07
4.33935502597e-05
8.28991257393e-08
8.72045618546e-05
6.64286245141e-08
0.000210439961804
0.0097983400814
4.60131524578e-18
1.14835644644e-26
2.22558158727e-11
0.0097983400814
0.0141480704914
3.21892207932e-10
7.37706474225e-16
0.000416010244229
0.000129794088957
2.17217952617e-13
5.01395797052e-10
0.00714271519953
3.11470896208e-05
3.04999492286e-09
0.0097983400814
7.23808243691e-08
2.32485566756e-11
9.89143937596e-06
0.0097983400814
6.71085299577e-13
2.67037512453e-06
1.27282928637e-06
0.000129306358807
2.92995872676e-08
1.0130361394e-05
0.000331564535579
9.04388873971e-14
2.61783189607e-14
0.0106682861634
0.000114589700315
8.33507164213e-06
1.12220527561e-08
2.75372397954e-05
0.031638565403
0.000188574327331
0.00571291841875
0.0097983400814
6.61181617256e-05
2.00979333114e-18
2.70707862064e-06
0.0097983400814
1.88012172307e-09
3.34085758526e-06
1.94538906009e-05
0.0285674763812
8.72045618546e-05
2.55182432284e-05
4.30384326951e-12
5.3222863676e-06
6.32141098862e-08
0.0141480704914
1.37581304154e-08
3.51365292771e-18
7.94086709954e-07
1.61303915519e-07
0.000111856848943
4.64386976581e-06
0.0
0.000838666140366
0.000603738929282
5.47228996007e-06
1.46397089715e-05
0.000362505098887
0.000210439961804
0.0097983400814
0.0285674763812
0.031638565403
0.0019314192638
2.14469629207e-07
1.11718022815e-05
7.67588507517e-17
0.00250590128156
4.20876900992e-10
0.00714271519953
0.00714271519953
0.000264256053395
3.11470896208e-05
0.0097983400814
0.0127754907034
5.31601315442e-25
0.0141480704914
5.34562133698e-05
8.80900571902e-20
2.75372397954e-05
1.45248261862e-05
0.0097983400814
1.63928892569e-09
1.34508216998e-06
7.44986103636e-05
0.000497526142425
0.031638565403
1.25890245123e-11
2.92806978403e-05
4.27274178131e-05
2.47381268222e-05
3.4957103314e-08
0.0097983400814
1.02808899787e-05
2.70661363853e-07
2.44999531892e-09
8.58746993219e-08
4.67131611076e-12
2.24811793952e-16
0.00138382917076
5.66519691338e-07
2.61420078446e-05
0.000245849366376
9.80189894385e-09
0.0097983400814
2.99111181327e-06
2.24911651393e-06
5.39368844852e-07
1.68737878434e-05
2.949171579e-07
1.45248261862e-05
1.18189705811e-09
0.000297641140248
0.0097983400814
0.00714271519953
0.00714271519953
9.99707436463e-09
5.08550847373e-12
3.43569351383e-08
1.59540908803e-08
0.0097983400814
1.78112185404e-06
2.26809254205e-13
1.5157832374e-06
4.44716538369e-17
0.000490862784793
5.38071408156e-06
5.52981312869e-05
5.15415308468e-08
1.38258078535e-08
2.79304334521e-10
0.031638565403
4.27274178131e-05
0.000386271488728
3.11470896208e-05
4.49202422732e-05
0.0097983400814
3.4905419411e-05
7.23795266134e-08
1.29372462976e-07
0.0097983400814
1.72697175565e-07
0.000185513294855
6.04902559253e-15
0.0097983400814
0.000838666140366
7.3558249036e-07
1.65546016469e-07
0.00714271519953
2.00696256304e-07
9.85681559844e-15
0.000264256053395
0.000611364102323
3.48484985045e-06
1.47969214621e-08
0.000331564535579
7.91860605727e-09
1.03611529706e-20
0.00714271519953
1.2968025235e-07
1.08492392195e-13
6.85873237903e-06
3.97385088309e-06
1.86020838488e-05
3.87877062772e-14
0.0097983400814
4.27274178131e-05
2.13172550945e-13
0.0141480704914
1.45318830988e-07
0.000119626770749
1.86806859259e-07
0.00714271519953
0.00714271519953
5.54213970143e-06
4.68769634513e-10
0.0141480704914
1.16246119768e-07
3.78448694265e-05
1.63596746008e-10
2.40804964284e-07
3.22755576344e-09
5.00164272575e-10
0.0106682861634
0.0097983400814
1.06959593723e-13
1.3386311717e-12
0.000297641140248
0.031638565403
2.61420078446e-05
0.000838666140366
0.000140590450437
0.000618817964928
2.95178488753e-18
7.71180615071e-09
2.06507390264e-08
0.00714271519953
0.000152892813969
0.0141480704914
0.0285674763812
1.2269326368e-05
1.87817935891e-05
0.000264256053395
0.00714271519953
7.7458494104e-12
0.031638565403
2.98197829955e-07
4.03420719019e-07
5.54213970143e-06
0.00714271519953
0.0
0.0097983400814
2.61420078446e-05
4.87877646607e-08
2.73351667093e-13
1.93447272243e-05
2.61804854168e-09
0.000116086236078
4.27475049613e-05
0.00013024783918
0.00714271519953
0.0097983400814
0.031638565403
6.96390963663e-06
0.0141480704914
0.0097983400814
0.0097983400814
0.0097983400814
1.95080424413e-38
1.58281197811e-05
0.031638565403
4.27274178131e-05
5.3584444057e-22
0.0097983400814
0.0097983400814
0.0097983400814
2.68092870794e-11
0.000362505098887
9.87323096496e-06
6.17002399173e-08
0.0141480704914
2.71655383221e-15
2.54679741049e-13
1.07212710521e-05
6.1620846375e-09
0.031638565403
1.9033889416e-09
0.00714271519953
2.81324280908e-06
0.000386271488728
0.0141480704914
1.75474135971e-06
0.0097983400814
0.00714271519953
0.031638565403
0.000972052096575
4.23359362553e-15
2.67121562679e-09
3.89458079217e-14
0.00013024783918
0.000169257272961
5.43468238479e-05
4.61143627041e-10
0.0097983400814
4.10972730229e-22
1.23957082392e-06
1.52622857172e-05
0.0141480704914
0.00182673177534
0.0097983400814
1.13917416675e-06
0.0106682861634
4.80391480794e-07
7.74672028278e-05
8.89169752273e-05
0.000148591033717
0.0097983400814
1.66162939827e-07
3.70172958489e-05
1.3989534983e-12
0.0097983400814
0.031638565403
7.06509032997e-23
0.0097983400814
3.83315688008e-06
0.0097983400814
0.0097983400814
0.0097983400814
0.000129667511545
0.0097983400814
2.96768220614e-22
6.44102902359e-07
6.24077622191e-09
0.00714271519953
9.3458784943e-08
6.27370916767e-10
9.06811771031e-06
6.62172936383e-06
0.0097983400814
0.00117051880061
1.53020224758e-08
9.96434272591e-13
0.000119626770749
1.99799751867e-07
0.000362505098887
2.55182432284e-05
6.92552719599e-05
1.62289800962e-05
0.000362505098887
0.0141480704914
0.0097983400814
0.0097983400814
5.93803135032e-11
0.000611364102323
3.40726902034e-06
4.77833151748e-07
0.031638565403
0.031638565403
3.85250653064e-10
0.0285674763812
9.8302703493e-05
2.87560710755e-11
1.23727582503e-05
5.86162802082e-10
0.0097983400814
0.000570680719648
5.98367555062e-25
0.000428566487037
4.4874661074e-06
2.00565742338e-06
7.61110601152e-07
0.000838666140366
2.35802183146e-09
1.59849313392e-06
0.000882177215711
6.78911237635e-07
0.0097983400814
5.64714188838e-05
2.27501894884e-19
0.0097983400814
2.70460042725e-08
9.42582396042e-15
1.79374395195e-05
3.2997207716e-05
1.72597653477e-07
8.03282864244e-07
0.000119626770749
1.92898923989e-26
6.08219373112e-21
0.00714271519953
0.0001943117796
0.000570680719648
4.26866233601e-09
6.87950077235e-09
1.18382220034e-07
1.4747463456e-05
0.000972285900647
0.0097983400814
0.0097983400814
1.30299671852e-09
6.64328483756e-12
2.65969218449e-09
0.00288419182306
9.06811771031e-06
1.6830998992e-05
1.60281082197e-12
4.16744524219e-18
0.000129667511545
4.80331794842e-10
0.0097983400814
1.10124033698e-09
6.39427004433e-18
0.00714271519953
4.61569755705e-06
0.031638565403
0.000221536974354
9.0682992568e-07
0.00288419182306
1.88339292219e-09
4.70676984324e-07
0.0097983400814
0.0141480704914
8.72045618546e-05
3.62253219145e-19
1.21736808135e-08
0.0106682861634
0.00714271519953
0.031638565403
5.32682732306e-06
4.99578423299e-06
2.04611741895e-10
0.0106682861634
0.00714271519953
0.031638565403
1.98046443185e-07
2.92063203257e-08
6.49818431153e-11
1.08182031844e-11
0.0106682861634
5.43421109565e-13
1.5964645958e-05
0.0097983400814
1.49039579996e-05
6.61040356452e-06
0.0097983400814
0.000271525782209
5.80280321e-11
0.00714271519953
0.000101995566004
1.76266119679e-07
2.97408036194e-10
3.04424376696e-06
2.30080821392e-10
0.031638565403
2.61420078446e-05
1.17845209401e-05
2.77396998732e-05
3.41105878695e-13
8.51267732567e-11
1.79283978815e-05
2.37036931802e-20
0.0106682861634
5.16740067454e-09
0.00714271519953
0.0
0.000169257272961
0.000386271488728
0.0097983400814
1.80502953168e-09
9.28499855542e-09
4.61569755705e-06
8.71075619622e-12
1.05168476901e-05
0.00288419182306
1.17655156673e-06
5.7874253628e-23
3.98308397355e-07
1.6830998992e-05
4.61505504739e-11
1.23665358258e-07
7.33584979247e-07
8.95812322874e-06
7.80146122857e-07
5.22037838043e-05
1.37217741032e-22
3.65141161797e-17
8.72045618546e-05
0.031638565403
0.00138382917076
0.031638565403
0.0097983400814
2.61420078446e-05