500
0.00766957874436
0.000177328823855
4.7140460361e-06
0.00239560730996
0.0440033223947
2.45735700254e-06
0.0
0.000503346880209
0.00766957874436
9.76682332582e-07
1.21694746564e-10
4.22892537145e-05
2.98499902428e-05
3.65608207323e-08
0.000763665137431
0.00766957874436
0.0
0.000763665137431
9.98183247914e-15
1.3299340784e-05
0.0
5.96900585479e-09
0.0
1.50664879244e-06
1.15542958188e-11
7.56853920767e-08
4.1628497467e-06
0.000113043372565
0.000233341522994
0.0440033223947
0.00766957874436
0.00120269259673
0.0440033223947
1.09811592226e-05
0.00243259805176
7.23363355523e-06
1.26592072338e-05
0.0440033223947
0.000242359907571
0.00766957874436
0.0
0.00809561594923
0.000314512018178
0.000121244934385
0.0
0.0
5.07485210781e-10
0.000289117782728
0.000121230897866
0.0121473760303
2.13994648532e-05
0.0440033223947
0.0
0.000807281101315
6.50050226961e-06
0.0
1.92931787341e-07
0.000113857549453
3.36098468931e-09
0.0
9.39176736216e-05
2.02088749177e-10
0.0
0.00185932540241
0.000255203474842
1.13887433565e-05
1.95727391705e-05
1.52209743969e-08
1.19520672771e-11
0.00120269259673
6.01095946844e-06
0.000255203474842
0.0
0.0134710014173
7.68785157862e-07
0.000106182651626
0.000108877214619
0.000177715508881
4.2484002615e-07
3.91023456392e-07
2.3249779261e-07
7.57573658281e-06
0.0440033223947
0.000446447930355
1.07355417027e-06
0.00161288517625
3.83742800569e-08
8.15148794824e-06
2.57010572162e-09
0.0
0.00243259805176
5.66500619034e-06
1.10644138578e-15
4.34301371316e-06
3.69629252396e-06
0.0440033223947
2.65800036444e-06
1.61761622226e-09
0.0440033223947
0.00102964308938
8.04086683891e-09
0.00161288517625
0.0
0.0
4.09501366221e-05
0.0
0.000153152098998
8.99770598293e-08
0.0
0.0
0.0
0.000314512018178
0.0
0.0134710014173
0.00177194366102
0.000163662060555
0.0
1.30677413132e-10
2.37203102412e-09
0.0
1.95727391705e-05
0.000807281101315
0.0440033223947
1.92996926043e-07
0.000147905890086
0.0
0.000489623588057
4.12464860011e-06
0.000120118947014
0.000106182651626
0.000757792148708
7.98947615184e-10
0.0
0.00243259805176
0.000625223142082
0.00539406030789
0.0
3.24845720491e-09
2.14589522265e-06
0.0128490430279
0.0
0.0
0.0
7.38542221773e-05
0.0128490430279
0.00109382087956
0.0440033223947
0.00766957874436
0.0
4.74267344964e-14
3.31439448602e-05
0.00766957874436
0.000100991447056
4.73257200168e-11
2.92679252931e-06
2.3932217189e-07
0.0121473760303
2.61503096293e-08
2.76609523639e-05
0.0134710014173
0.0440033223947
1.27377329384e-05
0.0
1.98578144505e-07
0.0440033223947
7.48444999624e-07
0.000241943983882
2.27515313541e-08
6.04015572931e-09
3.94416541443e-08
0.00243259805176
0.000154388728786
0.00766957874436
0.0
0.000306897875308
4.86638117503e-05
1.5367720206e-06
0.0
3.61171670148e-06
0.0440033223947
0.00766957874436
0.000763665137431
0.0
0.0
4.23395555924e-09
2.68573282439e-06
0.000469160609975
4.52772477791e-06
0.000807281101315
0.0440033223947
0.00766957874436
0.000233341522994
0.0
3.97273009238e-14
0.0
0.0
9.03702599346e-10
3.06070221447e-10
0.0
0.000489623588057
0.000136595811607
0.0440033223947
0.0
0.000142325669058
0.0440033223947
9.64171539924e-05
0.0
0.00235962210109
0.0
0.0
2.4580721464e-05
0.0
2.4963767109e-07
0.000503346880209
6.6271166052e-09
1.8043382359e-14
1.0396607439e-11
0.0440033223947
0.00239560730996
1.00740764017e-07
0.0
0.00766957874436
0.0
7.85212683316e-07
1.92385969059e-07
3.51652298669e-08
2.37935219647e-05
1.52304651437e-05
0.000410042264331
0.00161288517625
1.87455584437e-08
1.17401830791e-09
9.64571824851e-11
5.4186442808e-07
1.89865868875e-05
0.000314512018178
0.0121473760303
0.000306897875308
5.18123413886e-06
0.000694064722479
1.36881235177e-05
0.000625223142082
0.00766957874436
0.000846452450119
0.00177194366102
0.0
0.0
0.0
1.66961250605e-05
6.9390101937e-07
0.000400187078841
1.67583361692e-09
0.0
0.0
7.78119866808e-05
7.37873609483e-12
4.70735940693e-06
0.0
0.000489565407489
4.05111550012e-13
0.0440033223947
6.65831050434e-16
4.12540110288e-08
3.9127120407e-08
6.86699663503e-07
0.00766957874436
1.2013362437e-11
0.00171458983801
0.00111816075769
0.000242359907571
0.0
5.00265579776e-06
0.00766957874436
3.78471936856e-18
0.0
7.27712347471e-08
0.0
0.000521638435895
0.0440033223947
0.000846452450119
3.28677296301e-05
3.5483055806e-05
1.45724660695e-05
0.0
0.00243259805176
9.42038820702e-06
1.40086812967e-06
0.000757792148708
3.0608770269e-05
0.00161288517625
0.0
0.000605213501835
0.000431436769179
2.22425947848e-07
0.0440033223947
1.52058229784e-05
0.00766957874436
0.0
7.78829421416e-05
0.00766957874436
6.07837056356e-07
0.0
1.3134478075e-08
0.0
6.53350049475e-05
0.0
0.0
0.00109382087956
9.54905437542e-11
0.0
1.23469285576e-05
0.0
5.69524040307e-06
0.0
0.0
0.000147905890086
3.31439448602e-05
0.000319846688669
0.0
0.0
0.0440033223947
3.82427130218e-05
0.0
1.50963957625e-05
0.000763665137431
4.24857605528e-07
0.0134710014173
0.0
6.13675780023e-10
0.0
0.0
0.0134710014173
0.000169552535547
0.00766957874436
6.71265123316e-06
3.79436191353e-09
0.0
2.59219097998e-06
0.0
0.00120320296751
0.00766957874436
0.0
0.000757792148708
2.16270714824e-07
0.00120269259673
0.00032492416004
0.00539406030789
0.00183478830649
0.00602749220896
7.52612217461e-08
0.000625223142082
0.0
1.41249476987e-06
0.0
0.0
0.000757792148708
0.0
0.00766957874436
6.53699125966e-07
4.70114627787e-07
4.82378816663e-05
0.00539406030789
1.77755422205e-05
0.00766957874436
0.00766957874436
1.37842852096e-06
0.0
5.85557328363e-06
0.00766957874436
0.0440033223947
3.74571583574e-12
0.0121473760303
0.0
0.0440033223947
1.97589306781e-06
0.0440033223947
0.0440033223947
0.00766957874436
0.00120320296751
0.0440033223947
0.000763665137431
3.70792747911e-07
0.000439876948501
0.000694064722479
0.000436296205217
7.74173793238e-05
1.71263218705e-08
0.0
0.000640599528778
0.0
0.000775429605979
0.0440033223947
0.0
1.6508397254e-05
0.00424892001916
3.31439448602e-05
2.23223565189e-07
4.23666037536e-05
1.80772921051e-05
0.000439876948501
0.0440033223947
0.000807281101315
5.72184700555e-08
0.000757792148708
0.0
2.49506875333e-05
3.43691727386e-07
6.87205260603e-07
0.0128490430279
0.0
1.11936040556e-05
0.0
1.77864122334e-07
0.0
3.35866628345e-06
0.0
0.0
0.0
0.00161288517625
0.0440033223947
0.00237670468233
0.00766957874436
0.000153152098998
0.000177715508881
2.15753156598e-08
5.47977998873e-06
5.86731974781e-07
7.0035868907e-05
0.0
1.85838151317e-09
0.0
0.00243259805176
0.0134710014173
4.02154316256e-06
0.0
0.0440033223947
0.0440033223947
0.0
0.00243259805176
4.01483348543e-06
0.000467409228296
0.00239560730996
0.000846452450119
0.0
0.000686916678403
0.000116928993543
0.0128490430279
0.0440033223947
0.000177715508881
0.000221394404023
0.0440033223947
0.0
0.000255203474842
0.000694064722479
0.00177194366102
0.000113857549453
0.0440033223947
0.0
0.0
8.12030377373e-05
0.0134710014173
0.0
2.40860360826e-06
3.47020444058e-05
6.46082035742e-08
4.41984092777e-11
1.07131414359e-05
5.42822397787e-07
1.26685645967e-06
0.000846452450119
0.0
1.38796472603e-10
0.000400187078841
0.0440033223947
0.0
3.91529528345e-05
5.30947369008e-05
0.0
5.98030013527e-06
5.42796302255e-17
0.00766957874436
7.93746989488e-08
0.000757792148708
3.14624670047e-12
1.19018448574e-11
4.26121117498e-13
0.0
0.00766957874436
1.45280392553e-05
0.0440033223947
1.0702582787e-16
0.0
0.0
0.000314512018178
6.74549784191e-10
0.00120255005392
0.0134710014173
0.0
5.56375563528e-05
5.66853980886e-05