500
0.0
0.0
3.49042376964e-05
0.0
0.0
0.0
0.00150258332849
0.000614363826944
0.0
0.0
0.0
0.0
0.0
0.0
0.0
0.0
0.0
0.0
0.0
0.0
0.0
0.0
0.0
0.0
0.0
0.0
0.0
0.0
0.0
0.0
0.0
0.0
0.0
0.00236380287617
0.0
0.0
0.0
0.0
6.60943166372e-05
0.0
0.0
0.0
0.000614363826944
2.48708554803e-06
0.0
0.0
0.0
0.0
0.0
0.0
0.0
1.02502608484e-05
0.0
0.0
0.0
0.0
0.0
0.0
0.0
0.0
0.0
0.0
0.0
0.0
0.0
0.0
0.0
0.0
0.0
0.0
0.0
0.00174025395411
0.0
0.0
0.0
0.0
0.0
0.0
0.0
1.02502608484e-05
0.0
1.02502608484e-05
0.0
0.0
0.0
0.0
0.0
0.0
0.00236380287617
0.0
6.70214474473e-05
0.0
0.0
0.0
0.0
0.0
0.0
0.0
0.0
0.0
0.0
0.0
0.0
0.0
0.0
0.0
7.64620968784e-06
0.0
0.0
0.0
0.0
0.0
0.0
0.0
0.0
0.0
0.0
0.0
0.0
0.0
0.0
0.0
0.0
0.0
0.000445879665767
0.0
0.0
0.000614363826944
0.0
0.0
0.0
0.0
0.0
0.0
0.0
0.0
0.0
0.0
0.0
0.0
0.0
0.0
0.0
0.0
0.0
0.0
0.0
0.0
0.0
0.0
0.0
0.0
0.0
0.0
0.0
0.000204736467678
7.83387245673e-06
0.0
0.0
0.000192293822923
0.0
0.0
0.0
0.0
0.0
0.00150258332849
0.0
0.0
0.0
0.0
0.0
0.0
0.0
0.0
0.0
0.0
0.0
0.0
0.0
0.0
0.0
0.0
0.0
0.0
0.0
0.0
0.0
0.0
0.0
0.0
0.0
0.0
0.0
0.0
0.0
0.0
0.0
0.0
0.0
0.0
0.0
0.0
0.0
0.0
0.0
0.0
0.0
0.0
0.0
0.000445879665767
0.000724805014362
0.0
0.0
0.0
0.0
0.0
0.00236380287617
0.0
0.00236380287617
0.0
0.0
0.0
0.0
0.0
0.0
0.0
1.02502608484e-05
0.0
2.40957636225e-06
0.0
0.0
0.0
0.0
0.0
0.0
0.0
0.0
0.0
0.0
0.0
0.000358205162863
0.0
0.0
0.0
0.0
0.0
0.0
0.0
0.0
0.0
0.0
0.0
0.0
0.0
0.0
0.0
0.0
0.0
0.0
0.0
0.0
0.0
0.0
0.0
0.0
0.0
0.0
0.0
0.0
0.0
0.0
0.0
0.0
0.000109057095174
0.0
0.0
0.0
0.0
0.0
0.0
0.0
0.0
0.0
0.0
0.0
0.0
0.0
0.0
0.0
0.0
0.0
0.0
0.0
0.0
0.0
0.0
0.0
0.0
0.0
0.0
0.0
0.0
0.0
0.0
0.000724805014362
0.0
0.0
0.0
0.0
0.0
0.0
0.0
0.0
0.0
0.0
0.0
0.000614363826944
0.0
0.0
0.0
0.0
0.0
0.0
0.0
0.0
0.000614363826944
0.0
0.0
0.0
0.0
0.0
0.0
0.0
0.0
0.0
0.0
0.0
0.0
0.0
0.0
0.0
0.0
0.0
0.0
0.0
0.0
0.0
0.0
0.0
0.0
0.0
0.000724805014362
0.0
0.0
0.0
0.0
0.0
0.0
0.0
0.0
0.0
0.000724805014362
0.0
0.0
0.0
0.0
0.0
0.0
0.0
0.0
0.000724805014362
0.0
0.0
0.0
0.0
0.0
0.0
1.21853284098e-05
0.0
0.0
0.0
0.000614363826944
0.0
0.0
0.0
0.0
0.0
0.0
0.0
0.0
0.0
0.0
0.0
0.0
0.0
0.0
0.0
0.0
0.000724805014362
0.00150258332849
0.0
0.0
0.0
0.0
0.0
0.000614363826944
0.0
0.0
0.0
0.0
0.0
0.0
0.0
0.000180925446406
0.0
0.0
0.0
0.000358205162863
0.0
0.0
0.0
0.0
0.0
0.0
0.0
1.40311113815e-05
0.0
0.000614363826944
0.0
0.0
0.0
0.0
0.0
0.0
0.0
0.000724805014362
0.0
0.0
0.0
0.0
0.0
0.0
0.0
0.0
0.0
0.0
0.0
0.000358205162863
0.000614363826944
0.0
0.0
0.0
0.0
0.0
0.0
0.0
0.0
0.0
0.0
0.0
0.0
0.0
0.0
0.0
0.0
0.0
0.0
0.0
0.0
0.0
0.0
0.0
0.0
0.0
0.0
0.0
0.0
0.0
0.0
0.0
0.0
0.0
0.0
0.0
0.0
0.0
0.0
0.0
0.0
0.0
0.0
0.0
6.70214474473e-05
0.0
0.000358205162863
0.0
0.0
0.0
0.0
0.0