500
1.70157708099e-09
1.39139465902e-06
6.28854956969e-11
3.73902556509e-08
3.78862469679e-16
9.93193238628e-13
2.0161592053e-17
2.6344511035e-11
2.72097673508e-08
6.35393528439e-17
9.51790888777e-06
2.29098173362e-12
9.90871255257e-05
2.76400435698e-10
0.000660431490536
3.555208465e-10
8.62198381285e-19
1.05335883121e-16
2.54263390641e-19
5.50273446145e-10
1.17630489392e-07
1.25832116651e-06
8.01331895864e-12
4.62816221316e-10
1.61990261655e-05
1.74606851789e-09
1.24351695743e-18
5.61608551558e-07
0.000586359866432
5.54392783555e-07
8.72380377125e-10
7.30370680611e-12
2.77224979964e-17
5.12317177996e-18
6.62195012012e-13
3.54679774142e-07
1.80881555854e-13
6.26278862626e-16
1.16174399492e-11
2.23387145649e-05
1.12352593836e-19
1.30905906253e-09
3.68254758408e-08
0.000539691383827
7.1765384586e-08
1.45094793137e-15
0.000372116715616
0.000238898051479
0.000225225561401
4.41164337049e-20
1.55354982711e-16
1.22692478174e-05
4.08795109518e-06
1.00919586789e-17
1.52334996991e-10
1.15236183788e-10
7.50903821651e-12
1.27352607293e-05
0.0282834938003
7.9215029676e-17
2.43421921959e-16
1.51497737229e-15
5.66843991873e-17
9.64019113521e-09
0.00289034822757
3.72952095537e-16
3.76948115099e-08
1.45260315847e-09
3.05439471501e-17
4.43511444262e-08
9.16287067813e-18
0.0691285711353
0.0112921176005
4.06848516365e-06
5.50409075312e-06
5.58577907565e-13
5.44144571827e-13
2.09840775148e-10
2.19210494301e-09
6.74089641549e-18
1.48958696614e-14
2.08389651121e-08
0.00889909214073
0.00643232872776
1.51842361638e-13
8.2214806339e-08
0.0423376407792
9.14576097671e-09
8.92797575563e-18
1.71479626556e-13
1.30398724492e-13
4.00841458338e-10
5.33104797111e-14
4.48585056755e-13
1.50810202752e-17
6.21790614978e-15
1.62824253091e-12
4.90668793936e-06
6.99028609057e-08
1.96349678415e-16
3.82598064836e-07
2.09801850436e-05
0.000192321582302
2.36146759289e-13
1.1711535473e-18
6.63506500128e-17
1.58615610357e-10
0.554
1.19851123832e-21
2.33615250115e-14
1.06718424716e-12
4.99706276126e-16
0.225651021875
2.28004799083e-17
1.709634065e-10
9.03313165179e-22
1.85083435895e-21
0.00108837707872
2.53880116945e-18
2.81968441884e-16
1.3481463457e-13
2.9852450035e-11
0.000908417505084
2.4630614803e-13
0.0
4.3075166833e-18
1.60018866981e-14
0.324309335524
2.91553227538e-14
0.0186309879657
0.114047447879
2.67640224349e-08
2.17324745872e-16
2.78655531449e-14
0.00155923273829
0.000268420127617
4.97539012761e-13
1.48676286822e-14
1.70155995037e-06
2.18818502449e-14
1.32979342574e-12
7.57640370625e-07
1.75835893643e-13
0.000486197927302
7.00300079396e-19
1.21886065065e-16
5.71434620949e-14
3.83062604155e-05
5.78672166269e-19
0.0285227809501
2.00475419038e-10
1.45086120281e-15
1.78846907633e-14
2.49960729584e-05
0.254035674626
4.13361493615e-18
2.85036181494e-14
1.41876061224e-17
7.55786269938e-12
4.0859152457e-11
1.08229306011e-13
1.70079645571e-18
1.2274073314e-08
4.53488068423e-11
0.00310141027806
1.47028497424e-19
2.25295074925e-19
0.000988869051475
7.39891544048e-08
0.0102336867563
1.21449772247e-19
6.14842432997e-14
1.90693255264e-19
1.54974340918e-09
1.52342648493e-18
2.9546080701e-11
0.0540494643872
4.28680513331e-09
3.87722968215e-17
1.94583779294e-11
3.03904316796e-12
0.00294141408493
2.4596334686e-08
9.32369682393e-14
0.0348875231284
5.31258959856e-13
1.58211688531e-18
0.024536050665
2.72100523471e-12
0.000820255497418
0.0857727586736
5.93826484047e-08
1.68553055628e-10
2.73402869621e-09
0.013822133874
0.000412481854023
5.39298546039e-13
6.68821615017e-05
7.83258174949e-19
0.28
0.0032509964689
4.20650339776e-14
8.53481056771e-17
5.39948217229e-07
0.00386683004726
2.01293140699e-11
0.1639108555
1.23252189799e-14
3.54702141188e-07
0.1639108555
4.09499247496e-12
2.57153418881e-08
8.73587663604e-07
0.000126538988424
2.27014243366e-13
3.96784729168e-12
1.235783068e-20
6.65088654981e-09
2.06139128951e-16
2.47991578601e-05
4.83827582868e-18
7.59098281354e-14
9.66398110359e-15
0.0116281461908
0.000595680170431
3.49916594391e-18
2.21196491663e-20
3.41754282178e-14
4.34567946161e-15
2.59432762884e-10
3.04558485388e-16
0.026581703797
0.000988869051475
1.53516925014e-11
0.00835445529153
6.33256984399e-09
4.17103863303e-08
4.92862957401e-07
0.554
8.26289994786e-09
2.24195153151e-11
8.53925195877e-14
5.96263479142e-06
1.89117201556e-11
6.52370478347e-16
8.30085411825e-08
1.71466009895e-17
0.0200318805285
8.05668511774e-18
2.14253168372e-06
7.01582764098e-16
0.000175125944062
1.25872147894e-10
0.1095
1.38315051961e-08
7.94598278115e-12
1.41273644273e-08
2.65576137637e-17
1.07814225039e-18
5.07885221415e-16
0.0010603815423
2.52398809122e-14
0.00103540522904
1.16540453982e-13
3.98169776145e-05
2.04744545605e-17
2.43268011541e-13
2.00724722164e-10
0.554
1.12948826525e-11
2.72859662098e-16
0.1639108555
1.12675937464e-11
2.59314124994e-11
4.21740537087e-12
7.74101150567e-19
4.74600101815e-07
1.70856741459e-05
4.81820874332e-18
2.44510664043e-11
0.000610650917736
4.7605992054e-08
7.55988544815e-19
5.07719911569e-06
2.8113510242e-10
7.2430872316e-19
4.6015286903e-16
2.34936913719e-18
4.84900337023e-15
1.71343456101e-11
0.00961785521689
0.00160291384208
1.71203658078e-09
2.24998436803e-07
2.0447733994e-17
3.39850371785e-07
1.02331525709e-16
2.56806651986e-13
3.14682441882e-07
3.48108380781e-17
9.6325125156e-19
3.27240220931e-06
3.76160861558e-20
0.0540494643872
2.63006285508e-17
2.06950181777e-05
0.00059937854448
5.02400470371e-16
1.45552072001e-14
3.41111819212e-16
2.33749612232e-10
3.00080891166e-19
0.0352059485369
2.54983063242e-10
3.97375609743e-19
4.3499302899e-19
0.0309893689389
0.0016669509289
8.42324644698e-20
1.301233571e-13
0.00586743103953
1.06881431961e-06
7.2559417086e-09
0.0032509964689
0.254035674626
0.00232932153973
1.99910135702e-08
1.95649648716e-09
5.68835327322e-07
1.65587366339e-17
0.010906504201
1.22318153996e-16
5.19946461653e-19
0.00698727360104
0.00256739543407
0.000326585407037
0.0013685633839
3.4874011377e-14
3.79550296905e-13
0.28
0.0200318805285
4.33030747016e-18
0.554
1.51416171244e-12
1.00022334434e-15
7.61712804525e-09
0.225651021875
5.95577589476e-10
3.06406272328e-08
7.63369091955e-20
0.0112921176005
7.18744871517e-11
1.08475642744e-16
5.21261242405e-05
5.96394105841e-13
1.7246472312e-16
0.0108270552797
8.21899888603e-11
5.10864706331e-12
6.29572283692e-09
1.52774176468e-09
0.254035674626
0.0081592316089
1.86895646748e-12
0.554
9.92335403092e-12
4.44469404676e-05
1.0526130031e-10
2.48619475484e-12
6.87798569096e-12
0.000179023631846
1.73908168792e-16
1.32072242335e-07
1.67781916972e-18
2.63314126228e-15
5.53696361724e-18
0.000952231996589
3.17615263586e-18
0.00252352491697
0.554
0.0396345064742
3.95069310102e-10
2.33008718919e-16
7.5384006914e-10
0.000110067655839
1.2997271439e-11
4.10198467301e-09
0.324309335524
8.57555293359e-14
3.76117449195e-19
1.776260859e-15
3.79012453376e-15
1.23017980711e-17
0.000597698036715
0.000121557007609
2.50308614457e-12
0.00248751364762
0.000232262544594
4.20978733855e-15
2.37268786231e-09
5.35931888401e-13
1.46668515095e-14
5.39657904569e-17
3.66358221458e-18
0.00100403500011
1.18902571376e-15
0.0190285056085
1.38304229124e-06
7.49987194124e-15
6.60346935238e-18
9.12809938449e-12
2.30393168187e-14
2.23908095813e-15
5.60650713277e-19
1.23750985756e-18
1.30922326189e-15
0.00401930938092
8.64454754453e-06
7.18367049361e-10
1.98923044673e-14
9.66772031292e-06
5.7500933503e-10
1.98509879852e-13
5.45723425307e-07
0.0227950871974
4.7155537869e-16
2.35333433925e-15
3.41234863166e-08
1.27487093488e-19
2.80269187484e-06
3.06605774871e-10
6.04375875387e-07
0.324309335524
1.02934233553e-18
6.71574842723e-16
3.08135320744e-13
5.63398643407e-06
1.12049257397e-15
1.63458715939e-09
2.07118881633e-12
7.2670216144e-05
6.12195810288e-12
1.36112656826e-10
0.000817320309124
0.00357021221674
2.14316306612e-10
0.000100004675311
4.78338056684e-12
1.27951590833e-16
5.37744628945e-11
1.64125349735e-13
1.14655215675e-06
0.00042045782538
1.06629364555e-06
6.96265404647e-13
8.48732510806e-19
1.83145154047e-12
5.89015777484e-14
5.69264910043e-14
1.24343148804e-05
1.87230316885e-20
4.04799314808e-15
0.000545787592822
2.39781411214e-11
7.85045953959e-07
3.57028362897e-07
1.83215990377e-15
7.45426152743e-09
2.43134233009e-15
7.75560001156e-17
5.62259745479e-16
5.50554283233e-06
1.46210643668e-07
0.0214221022321
1.46091404789e-10
1.75502813163e-14
0.000794056728128
1.41904306118e-08
1.33769807353e-14
6.57691321658e-10
3.57311490079e-07
1.70244988206e-15
4.87016146373e-13
1.5273588324e-10
7.33376742865e-12
0.000351303954199
1.24715561552e-13
5.09427459032e-08
0.000443708760522
1.47431875551e-10
6.91025293976e-07
0.000935019831818
1.26089562033e-12
1.82861199987e-10
0.225651021875
0.554
1.36673413513e-14
8.09627304103e-07
1.93093265392e-07
0.28