500
1.07334055811e-05
0.000102619846974
3.69072150981e-05
1.00061108248e-13
0.000202050576046
1.8361825829e-07
1.2110086285e-05
1.31087445433e-07
3.10155598493e-19
2.93331165954e-05
3.70596534849e-05
2.23898658697e-13
2.11783989436e-07
0.0267698322806
0.000193965203362
1.26364695177e-06
0.0267698322806
7.58332280452e-08
0.0344071079607
6.77691752365e-06
8.20221023759e-07
1.4192406381e-11
0.0267698322806
0.0267698322806
7.14335135874e-34
7.00092067086e-10
0.0267698322806
1.7688825882e-07
4.17934263215e-07
0.0210776620734
8.57521729819e-17
0.000151707471503
7.63918356312e-07
0.0267698322806
1.93972352866e-06
0.00136265124098
8.95450195524e-05
1.26292112118e-06
0.000151088236377
7.05785410634e-07
0.000274687686764
1.93972352866e-06
0.000213135118189
0.0267698322806
7.03987958178e-16
1.32866850962e-24
9.59186257422e-10
0.0267698322806
0.0277508987143
1.65114368367e-08
0.0
0.000381735210713
4.99019077314e-06
0.0
1.82524257162e-09
0.0218100904852
0.000195633969584
4.87124719349e-08
0.0267698322806
1.10585588691e-05
0.0
0.000170098939989
0.0267698322806
3.38251714406e-10
9.07060625626e-05
4.69469108591e-06
0.00117918046964
9.3132348568e-07
1.90346378231e-06
0.000579638782514
4.20280752997e-13
1.34405807931e-13
0.0210776620734
0.000142307518939
5.22989538593e-05
2.16957356688e-08
9.16122506101e-05
0.027950854293
0.000737460924944
0.00388761042812
0.0267698322806
3.69072150981e-05
3.49199973406e-16
1.42925290616e-05
0.0267698322806
2.21314957326e-08
1.4629972204e-05
1.48295453714e-05
0.0344071079607
0.000274687686764
0.000179332216672
2.81019419746e-10
5.46045198921e-05
8.91005740407e-07
0.0277508987143
2.56825063008e-08
0.0
4.68094222328e-06
3.68305792603e-07
0.000117524908782
5.45970658069e-05
0.00108618632103
0.00103457849762
0.000939882868684
2.05674832257e-05
2.00388245862e-05
0.000195678203984
0.000213135118189
0.0267698322806
0.0344071079607
0.027950854293
0.00660273258879
2.60224293148e-06
6.21179316713e-05
0.0
0.000801286890244
3.42251708319e-10
0.0218100904852
0.0218100904852
0.000140314950007
0.000195633969584
0.0267698322806
0.00443878030288
2.21793294821e-21
0.0277508987143
2.75983658732e-05
5.81208893569e-18
9.16122506101e-05
8.01524184576e-05
0.0267698322806
9.51179841747e-08
5.28193028498e-05
9.92041027319e-05
8.54392114977e-05
0.027950854293
7.1445099863e-10
0.000133224254048
0.00018081944795
1.67406983455e-05
1.21804872057e-07
0.0267698322806
3.01298322396e-05
2.96561345078e-07
1.82565949316e-08
1.32813928308e-06
3.66634484867e-10
4.33045334328e-15
0.00582377732791
1.99582447884e-06
0.000202470496607
0.000800195334887
1.26410220988e-08
0.0267698322806
3.65110851645e-05
1.53115806482e-05
7.59165909346e-06
2.68180325793e-05
2.81917146102e-06
8.01524184576e-05
2.20103754565e-08
7.89013093123e-05
0.0267698322806
0.0218100904852
0.0218100904852
1.88337635581e-07
1.89413955605e-11
1.29198311506e-06
7.28031037991e-07
0.0267698322806
7.95805337891e-06
5.82178062769e-12
9.34407626432e-07
2.38848394194e-17
0.00153103587027
0.000117551488257
3.51782854387e-05
5.27685916238e-07
1.39841300064e-08
6.32168630312e-08
0.027950854293
0.00018081944795
0.000265130434022
0.000195633969584
0.00014031116153
0.0267698322806
0.000316878663537
6.87438999965e-08
1.00412047058e-06
0.0267698322806
9.31460481742e-06
0.000230494643193
1.16406770986e-14
0.0267698322806
0.00103457849762
3.12962421744e-05
1.51685732715e-07
0.0218100904852
5.47421676154e-06
2.15930411606e-12
0.000140314950007
0.0011172124952
4.32438493049e-05
2.51699368204e-07
0.000579638782514
2.08676187028e-07
2.36610291549e-19
0.0218100904852
2.81100022922e-06
3.82114773543e-12
1.8397342953e-06
3.71727679955e-05
0.000194025525902
1.60843816069e-12
0.0267698322806
0.00018081944795
1.06947556997e-10
0.0277508987143
0.0
0.000253927739627
1.37477324327e-06
0.0218100904852
0.0218100904852
0.000142908027861
5.63667211443e-10
0.0277508987143
4.32391769924e-07
2.41244026086e-05
2.59841306693e-09
3.0184435097e-06
9.81098746236e-08
2.34279732889e-08
0.0210776620734
0.0267698322806
5.46200216464e-13
1.0562021567e-10
7.89013093123e-05
0.027950854293
0.000202470496607
0.00103457849762
0.000183678847574
0.0030407986755
8.47049518713e-16
1.59292803034e-08
2.65248365768e-07
0.0218100904852
4.42660639014e-05
0.0277508987143
0.0344071079607
7.35819503259e-05
3.16736727757e-05
0.000140314950007
0.0218100904852
2.98380138483e-10
0.027950854293
8.55343366996e-07
1.46685110005e-07
0.000142908027861
0.0218100904852
8.48901020718e-08
0.0267698322806
0.000202470496607
2.21742495861e-07
6.23069176904e-11
2.73318255274e-05
4.23107663169e-08
0.00032637183005
0.000159260292235
0.000265463100268
0.0218100904852
0.0267698322806
0.027950854293
2.49957476984e-05
0.0277508987143
0.0267698322806
0.0267698322806
0.0267698322806
0.0
2.56506012174e-05
0.027950854293
0.00018081944795
1.60334668977e-20
0.0267698322806
0.0267698322806
0.0267698322806
2.92284597712e-12
0.000195678203984
0.000133428590473
1.48792367753e-06
0.0277508987143
0.0
2.64667892004e-11
4.03029468627e-05
1.48693099631e-06
0.027950854293
2.59473768158e-08
0.0218100904852
3.48553590989e-05
0.000265130434022
0.0277508987143
5.17352241048e-06
0.0267698322806
0.0218100904852
0.027950854293
0.000947854188826
8.01645277637e-14
1.65538125895e-07
2.77527653336e-12
0.000265463100268
0.000128917236338
0.000107147193164
4.63947840062e-08
0.0267698322806
5.49187780934e-21
2.96243454996e-06
1.67973618337e-05
0.0277508987143
0.000574765882798
0.0267698322806
8.2891129233e-05
0.0210776620734
3.74598325916e-05
0.000128814378207
9.56539675487e-05
0.000177389156653
0.0267698322806
1.39222904065e-05
0.000181585876678
5.44154828072e-11
0.0267698322806
0.027950854293
1.57410164713e-20
0.0267698322806
2.05075340518e-05
0.0267698322806
0.0267698322806
0.0267698322806
0.000139277668182
0.0267698322806
2.42787207135e-20
1.45264123051e-05
1.29522170709e-08
0.0218100904852
8.10554372407e-06
1.81785471673e-08
0.000127595060215
2.25984756746e-06
0.0267698322806
0.000204311065924
3.59627564621e-08
7.18063993364e-11
0.000253927739627
1.32646140521e-06
0.000195678203984
0.000179332216672
0.000206150181037
5.23031584481e-05
0.000195678203984
0.0277508987143
0.0267698322806
0.0267698322806
0.0
0.0011172124952
0.00022557786284
1.25776505415e-05
0.027950854293
0.027950854293
5.3688441019e-10
0.0344071079607
0.000110554343167
1.04156421579e-10
5.55296746059e-06
1.6020313254e-08
0.0267698322806
0.000532258198042
3.33060047076e-23
0.00557770222955
4.23106829023e-06
6.4805413146e-05
2.30719720098e-05
0.00103457849762
1.64702296763e-08
1.74888329532e-06
0.000685624885094
7.62109039661e-06
0.0267698322806
9.23656174588e-05
1.57015025177e-18
0.0267698322806
6.11218991503e-08
5.09102053323e-14
0.000159949209511
5.78321042761e-05
5.06270821829e-08
5.84747629796e-05
0.000253927739627
1.25303801923e-24
0.0
0.0218100904852
0.000107223186376
0.000532258198042
9.92362491608e-08
5.60870990373e-09
4.92793225263e-07
4.34592490848e-05
0.00194807176031
0.0267698322806
0.0267698322806
1.47284374929e-08
7.09688267607e-11
1.80018573554e-08
0.00305536538046
0.000127595060215
0.000102619846974
6.70456808327e-11
6.22364109718e-15
0.000139277668182
1.01372977923e-08
0.0267698322806
4.34742613073e-09
1.16109767526e-17
0.0218100904852
3.37885777513e-05
0.027950854293
0.00071980573084
2.8511395022e-06
0.00305536538046
1.53804228921e-08
2.16187596577e-06
0.0267698322806
0.0277508987143
0.000274687686764
0.0
2.32812666797e-07
0.0210776620734
0.0218100904852
0.027950854293
6.74586570844e-06
5.42771570177e-05
9.96502358575e-10
0.0210776620734
0.0218100904852
0.027950854293
4.65824067484e-05
4.34303275862e-08
3.93774569959e-11
9.07497231131e-10
0.0210776620734
2.6397333107e-12
9.9790670963e-05
0.0267698322806
3.52792502991e-05
0.000138065105199
0.0267698322806
0.000828602084902
5.87864530773e-10
0.0218100904852
0.000131990232243
1.48576899001e-06
5.2982219137e-08
7.8693786118e-06
6.1930710208e-09
0.027950854293
0.000202470496607
3.07163540668e-05
0.000152021996045
0.0
0.0
2.84865629173e-05
6.08074447915e-20
0.0210776620734
2.35438566892e-07
0.0218100904852
7.56770366305e-10
0.000128917236338
0.000265130434022
0.0267698322806
3.24447841032e-08
0.0
3.37885777513e-05
5.5115621104e-11
0.000220240902033
0.00305536538046
3.70596534849e-05
3.40510390475e-20
1.03151205551e-06
0.000102619846974
3.82960442892e-09
1.77802761391e-06
1.44547772772e-05
2.27475328905e-05
8.99171369111e-06
3.87545408423e-05
4.17725314268e-20
9.17029572662e-15
0.000274687686764
0.027950854293
0.00582377732791
0.027950854293
0.0267698322806
0.000202470496607