500
4.14232392085e-41
6.15844859007e-18
0.000255034442833
3.74445590083e-23
1.41063196763e-13
1.76261766804e-05
1.38491177214e-09
1.51806586516e-10
2.76023549565e-12
2.58769522294e-28
7.10268917264e-08
0.00221712224897
6.2720339081e-11
9.51437636815e-34
3.25099996164e-06
1.40908422594e-05
0.00102934599611
4.57450086126e-10
0.000173469767819
1.26244149552e-08
2.90216353207e-19
0.000181606473147
1.90473595509e-07
2.19127468405e-36
0.00018079193947
0.0298981702466
1.26360529291e-06
5.44001031845e-07
3.01593550612e-17
1.75806183883e-16
0.0233285714286
1.43333769107e-06
0.00300833333335
6.09136438101e-13
3.61332592365e-33
5.85410479577e-05
1.34490560491e-05
0.00877370549789
1.95836471567e-13
7.07183574939e-07
2.47145043891e-11
6.2251577036e-31
2.10962785391e-05
5.19204224348e-34
9.62261945634e-40
9.70958814738e-21
8.96391329419e-25
9.67927317803e-13
0.000204144216231
4.9998826102e-05
0.000420924889295
6.58594462215e-05
5.65399084412e-05
1.751978979e-17
5.98649228017e-10
8.36084485727e-16
1.43340451503e-19
4.03252426822e-06
2.98858950306e-05
1.56046165474e-25
2.98311481612e-17
0.00126415218924
3.7417695436e-10
1.01746669889e-20
8.19509677381e-26
2.32047492035e-11
9.84506928896e-06
1.10281675569e-28
3.62080469934e-09
1.28097932188e-05
3.15815624541e-18
9.67286225595e-13
3.64787713077e-08
0.000320428043056
4.8035983956e-29
7.60587820684e-18
1.87535472697e-14
0.000232921317332
2.75455078304e-06
3.33280043843e-19
0.0298981702466
0.000441472915957
1.26652452771e-28
3.41703040496e-17
5.92473995032e-10
3.65303835935e-12
1.38557424157e-45
2.63980286633e-05
1.88745565429e-05
0.0233285714286
8.741354495e-16
3.83877075464e-24
0.000104364906929
9.15089116579e-31
2.45201982025e-13
0.0233285714286
2.76322232835e-05
9.60399103575e-11
9.81449995812e-19
1.8155037331e-15
3.96415310678e-14
2.65117046504e-08
5.45843459881e-45
1.94874995837e-08
4.20764177759e-07
0.0298981702466
6.67473464883e-25
4.71502244198e-32
2.46390563223e-30
2.86400406298e-15
3.6050135965e-10
0.00877370549789
4.89272386699e-68
0.000706315856289
1.20215379967e-55
3.74445724569e-05
4.37783745772e-13
0.00120938240628
1.33960132991e-21
1.98059594934e-08
1.12245699252e-05
5.48126205097e-40
1.13798314788e-16
1.2746837849e-10
1.43343918083e-19
8.45454942522e-19
4.72512910415e-08
2.24075580221e-07
1.40022350288e-09
2.81550447191e-10
1.46762203509e-10
7.20491316645e-11
3.7735446526e-19
3.81657509164e-07
3.25805959515e-10
8.49522657429e-13
0.0233285714286
2.13254942502e-06
1.03828783984e-08
1.0260326291e-09
2.66601708933e-37
4.08309502325e-10
0.00877370549789
1.11619385617e-08
1.70203722158e-16
0.000235787409888
1.8583853936e-05
1.2702595348e-17
9.14169203683e-14
3.160726819e-23
2.28729003644e-09
3.46317565198e-05
8.61609803969e-24
0.0233285714286
6.90565216746e-07
1.77665336153e-10
1.33682030571e-17
1.84031017498e-25
3.93013856225e-10
6.21373013053e-35
0.0233285714286
5.47341268495e-27
5.37528920992e-14
2.2191369745e-25
1.95006309556e-06
0.0298981702466
2.40254424852e-07
1.15874823375e-08
1.79504394569e-12
0.0298981702466
0.00177617178695
0.0298981702466
4.48770606926e-17
5.05897284383e-11
3.55556247582e-05
2.38082417861e-14
6.57591250563e-20
0.00549317695067
1.21606878041e-13
1.42846822831e-46
1.04412464562e-08
1.39210321417e-25
1.30501152564e-12
0.0010952755937
1.57659834953e-05
6.09831801514e-10
0.0
0.0298981702466
1.2608247257e-09
6.63692480375e-09
1.42583737211e-05
8.36499510429e-06
0.00549317695067
4.75244403821e-09
5.09959554327e-17
0.0233285714286
5.61571927944e-27
8.94195869545e-08
0.0
0.00145218908446
1.9892944448e-10
1.61521751104e-18
7.05527715922e-20
1.02163818552e-14
1.3826838699e-39
6.01316248428e-14
1.80785497275e-05
0.000185595296028
1.73341722579e-41
9.65694580182e-09
1.86423741271e-14
2.94603356002e-14
8.43036270847e-24
2.74396964301e-06
8.01663453126e-14
0.0233285714286
0.0
1.78011372672e-17
4.78257245623e-08
5.79505473595e-21
0.000354147995948
7.25520970433e-13
0.000108860354778
2.82733243421e-06
1.02448742901e-12
0.000420924889295
2.70620688978e-35
5.45828456274e-44
0.00488796088874
2.28464436865e-15
0.0298981702466
3.31223725418e-21
0.00263628878671
1.15235011888e-09
4.04945049645e-06
2.29730421908e-08
1.02287457466e-31
1.99819391107e-10
3.36239581245e-06
0.0233285714286
2.95954622895e-25
5.33265573016e-97
9.50864191816e-10
1.5878157825e-32
2.86953906312e-16
0.000716887517408
5.98403751751e-11
4.40290026025e-10
1.32404639887e-12
4.79904399584e-28
1.32007582745e-07
7.97296873743e-11
9.67996824599e-09
5.8831217613e-05
0.00390965092403
0.00488796088874
1.47848413992e-10
8.69583360342e-13
0.00221712224897
9.48450874251e-12
2.69874003248e-15
6.92976672985e-13
1.09450688803e-12
0.00145218908446
5.74205362497e-34
0.00102934599611
1.49862367319e-09
4.73427466199e-07
2.42571490731e-08
1.19119120696e-19
3.47615240874e-17
1.29908114681e-09
0.00134841424108
2.82761062952e-44
1.93893262595e-05
1.58711336063e-30
4.11452948956e-07
4.29398823205e-21
5.47013695313e-06
1.40824112761e-31
5.42116879207e-36
3.12319192358e-28
2.15838963625e-20
5.3988369241e-25
1.4928509555e-69
1.22964084696e-11
0.00390965092403
4.95498971455e-60
3.71966693573e-83
2.94714375768e-09
1.25784719738e-23
3.95847888682e-17
2.40275387519e-09
1.28152561408e-05
3.01951957224e-22
1.22262246061e-11
0.000244502656126
3.75127153398e-74
0.0233285714286
3.01591576262e-08
2.06600879776e-25
7.77278106632e-23
0.0298981702466
0.00189576624031
6.04949493124e-15
1.3084069073e-10
4.86850532345e-14
3.36840004936e-18
3.30385027469e-11
2.22507422308e-14
7.02527716832e-24
3.30124578917e-08
5.42084911244e-18
2.12514273475e-29
0.0233285714286
0.00300833333335
9.66836526482e-24
0.00263628878671
2.09836243958e-31
1.59663417589e-08
9.3675377494e-35
1.03991489264e-32
1.29116349812e-31
5.37373762413e-19
0.00042192102676
1.28271511718e-12
9.4024015313e-18
5.14857122024e-08
2.09721773444e-17
4.19962961636e-08
4.06877375898e-05
1.27751441861e-12
0.0
1.36243766749e-11
1.65603433346e-06
5.17458411791e-13
1.53466330896e-41
3.11910671592e-08
2.99416834002e-06
4.45845153658e-56
5.22088881346e-07
0.00263628878671
2.0407293174e-06
2.85005620541e-08
0.00207686584013
2.84527187113e-14
7.61926068898e-05
1.04710456276e-09
2.87050121848e-16
3.68654427588e-21
6.7708002899e-19
3.26174796054e-17
3.08630436427e-16
5.32749981007e-30
2.36915412022e-20
8.47571431908e-47
1.52941855879e-05
5.83869406261e-08
6.91066733372e-24
3.3625423212e-20
1.09193069632e-23
7.10720553661e-13
2.20289158862e-18
7.25296051021e-05
3.47119620881e-22
1.43028268279e-09
3.90857255119e-16
1.1378056035e-12
2.77064607477e-19
4.79538261912e-21
3.59229595279e-16
2.24669316775e-34
4.07432881921e-15
0.0298981702466
0.00300833333335
6.06097016615e-15
3.37303617489e-06
2.7759420023e-12
3.11123419566e-08
7.62625605798e-21
3.80509110024e-47
3.74053752306e-14
9.56249449379e-18
0.00549317695067
0.00263628878671
4.55744605894e-50
0.000218671971887
5.75375033415e-09
3.21539230867e-21
2.13338003446e-08
4.00488488405e-24
3.31142211702e-17
0.00488796088874
1.27166272952e-08
1.77629755437e-17
3.65088631155e-13
5.63782705032e-52
1.18036072449e-14
3.77655453319e-05
0.0233285714286
1.68309087701e-25
1.10905392476e-26
1.10546716103e-07
3.91096120109e-18
8.80008222908e-38
8.12104377402e-33
6.28318142498e-24
1.95505252958e-24
8.14304696219e-22
9.68099043973e-05
2.7246465175e-08
1.13379319217e-08
1.20853479532e-14
0.000123813959237
5.62854359421e-13
2.96068617022e-18
3.45795982084e-09
2.39953868695e-28
3.14189567682e-10
2.88632671039e-05
0.0233285714286
0.000912926257312
7.12034774164e-12
4.80509514187e-06
3.33368001712e-28
0.00126415218924
5.87017051726e-09
1.29771789237e-20
1.38226577752e-08
3.02763069951e-05
1.84500663816e-06
1.94409890603e-05
0.0
4.03541627883e-20
0.00120938240628
0.0298981702466
4.93350293492e-26
2.69698668192e-10
4.01661639542e-19
1.21273406398e-16
2.96575293793e-07
7.15323969333e-19
4.88733125605e-24
7.60336632216e-16
0.000125988993578
9.6217540125e-08
2.77070992896e-19
2.67586491967e-52
1.29854971154e-10
1.3090679285e-18
3.93319980895e-05
1.82897008704e-34
3.28182063848e-09
4.18564624957e-05
4.37232705113e-28
6.7301937826e-23
2.05161759433e-17
0.000287366205567
0.00143438641794
5.41119922564e-32
3.08503517833e-86
1.54030094365e-09
6.15026580095e-10
7.97914028352e-12
0.000706315856289
4.79703002574e-14
3.67974273214e-26
1.87679031536e-07
7.92124946518e-11
7.53363859418e-22
8.73352393205e-09
1.15489689825e-07
0.000688089053804
1.59540781225e-09
3.88972380147e-13
2.25187189367e-15
0.00115541051763
5.4736891844e-07
3.16234075091e-06
1.1254033159e-07
0.000244502656126
2.05275854346e-33
0.00263628878671
9.53150512792e-05
0.000200479234279
2.89225261649e-70
6.07486600317e-33
7.57038756233e-18
7.22078381339e-08
0.00042192102676
1.73570987513e-12
1.40417146714e-05
4.83602086542e-25
0.0233285714286
1.69712349173e-08
0.0
6.22882452687e-17
0.00549317695067
7.09482096988e-16
1.11130996208e-12