500
0.0824721769788
0.00036228886326
5.76593576795e-06
0.000419173094983
0.00632147823346
0.0186007502341
0.00632147823346
1.63463055431e-06
0.108228220125
4.68829920462e-05
0.108228220125
0.0824721769788
0.108228220125
0.0824721769788
0.00160631968454
0.108228220125
0.108228220125
0.0824721769788
0.0824721769788
0.00632147823346
0.108228220125
0.0824721769788
0.108228220125
0.108228220125
0.00036228886326
0.0134244922529
0.0082403829342
1.04055567069e-07
0.108228220125
4.86191585031e-07
5.41817139442e-06
0.00302181151389
0.108228220125
0.108228220125
1.06215124488e-05
0.00419520766817
0.000166811256671
0.0824721769788
1.0642573771e-05
1.84136941274e-06
2.50207758312e-08
0.108228220125
0.108228220125
0.108228220125
1.33005131439e-05
0.00036228886326
0.000682879183062
0.108228220125
0.000340840456723
0.108228220125
0.0186007502341
0.0824721769788
0.108228220125
0.0186007502341
0.0824721769788
0.000160498847008
0.108228220125
0.108228220125
3.91823362909e-05
3.46686060147e-05
0.0082403829342
0.00632147823346
0.00185853351285
0.0824721769788
0.0082403829342
0.0824721769788
0.108228220125
0.00209392310255
0.000103078125297
0.000472262792942
0.0082403829342
0.0824721769788
0.0824721769788
1.35311578596e-06
0.108228220125
1.04862587466e-06
0.108228220125
0.108228220125
5.88561560459e-05
3.91823362909e-05
0.0824721769788
0.108228220125
2.75855135178e-07
0.108228220125
0.0824721769788
0.108228220125
0.108228220125
0.0186007502341
0.00302775598467
1.38805531151e-07
0.000682879183062
0.000209218779374
0.108228220125
2.13237768622e-05
0.00036228886326
2.59233420784e-10
0.00419520766817
0.0082403829342
0.000160498847008
0.00419520766817
0.108228220125
0.108228220125
0.0824721769788
2.09081499689e-10
0.00160631968454
0.0824721769788
0.00419520766817
0.0824721769788
0.0824721769788
0.00160631968454
0.0824721769788
0.108228220125
0.0824721769788
6.26309753465e-06
0.00185853351285
0.108228220125
0.0824721769788
0.00302775598467
0.108228220125
0.00185853351285
0.108228220125
0.0824721769788
0.0824721769788
0.108228220125
0.00142574431813
0.00185853351285
0.0824721769788
0.0824721769788
2.0250276066e-17
8.17105223235e-05
0.0082403829342
0.108228220125
0.108228220125
0.108228220125
0.0824721769788
4.71871411908e-05
0.108228220125
0.108228220125
0.108228220125
0.108228220125
0.0824721769788
0.00302181151389
0.00209392310255
0.0186007502341
0.0824721769788
0.00302181151389
0.0134244922529
0.00185853351285
0.108228220125
0.00632147823346
0.0824721769788
1.75045884442e-08
0.108228220125
0.108228220125
6.95169830218e-05
2.13225629149e-05
0.108228220125
0.0824721769788
0.00209392310255
0.00302775598467
0.00231813446817
9.19069151907e-07
0.00302775598467
0.0824721769788
0.0082403829342
0.0824721769788
1.23661177795e-10
0.108228220125
3.91823362909e-05
0.00632147823346
0.0824721769788
0.0824721769788
0.00419520766817
0.00302181151389
0.00142574431813
0.000681538468892
0.0186007502341
0.0824721769788
0.0082403829342
0.00632147823346
0.00632147823346
0.00231813446817
0.00185853351285
9.51801135241e-09
0.0824721769788
0.00419520766817
0.108228220125
0.108228220125
0.000946185888071
0.108228220125
0.0824721769788
0.0824721769788
0.108228220125
0.108228220125
0.108228220125
7.62676268431e-08
0.00209392310255
0.00632147823346
0.0824721769788
0.0824721769788
0.108228220125
0.0824721769788
0.108228220125
0.108228220125
0.00632147823346
0.108228220125
0.0824721769788
0.0186007502341
0.00185853351285
0.108228220125
7.04421077777e-11
0.0824721769788
2.61709676929e-06
0.00302775598467
0.0824721769788
0.0824721769788
2.99390420149e-06
0.00419520766817
0.0824721769788
0.0134244922529
0.0082403829342
0.00142574431813
0.108228220125
0.108228220125
0.0824721769788
0.000160498847008
0.108228220125
6.54089748867e-06
0.0824721769788
0.0134244922529
0.0082403829342
0.0824721769788
0.0082403829342
1.90742773101e-05
0.00632147823346
0.0824721769788
0.0082403829342
0.0134244922529
0.108228220125
0.108228220125
9.1248151109e-08
1.56788396473e-05
0.108228220125
0.00302181151389
0.0824721769788
0.000321561948898
0.00185853351285
1.842896687e-05
0.108228220125
0.0134244922529
0.108228220125
0.108228220125
0.108228220125
4.71871411908e-05
2.39557275444e-06
1.32743999062e-05
2.77693792891e-05
0.0186007502341
0.00632147823346
0.0824721769788
0.0824721769788
0.00142574431813
0.108228220125
0.108228220125
5.27650396706e-07
1.05739760635e-05
0.00185853351285
5.84662899524e-07
0.0824721769788
0.108228220125
0.00632147823346
0.108228220125
1.70031914633e-11
1.4380981705e-05
0.0082403829342
0.108228220125
2.07458511079e-06
0.108228220125
0.0134244922529
0.108228220125
0.00160631968454
0.0134244922529
0.108228220125
0.108228220125
0.0186007502341
0.0186007502341
0.00302181151389
0.0824721769788
0.0082403829342
0.108228220125
0.108228220125
0.0134244922529
0.000106514009672
0.0134244922529
0.00160631968454
0.0824721769788
0.108228220125
0.00419520766817
0.0824721769788
0.108228220125
3.30176433974e-08
1.41721920235e-05
0.0824721769788
0.0186007502341
0.108228220125
0.108228220125
0.108228220125
0.00185853351285
0.108228220125
1.87492264783e-12
0.108228220125
0.108228220125
0.00142574431813
0.0824721769788
4.79950732039e-06
0.108228220125
0.0824721769788
0.108228220125
0.0186007502341
0.0824721769788
4.02234128591e-05
3.26396346462e-07
0.108228220125
0.000103078125297
0.108228220125
0.108228220125
0.108228220125
0.108228220125
0.00632147823346
0.00632147823346
7.62693513597e-06
0.00419520766817
2.77693792891e-05
0.108228220125
0.108228220125
0.108228220125
0.0824721769788
0.000946185888071
0.00419520766817
8.16428058971e-06
0.108228220125
0.0082403829342
0.108228220125
0.108228220125
0.00632147823346
0.000419173094983
0.108228220125
0.108228220125
0.00302775598467
0.108228220125
0.108228220125
0.0082403829342
0.0824721769788
0.0824721769788
1.76865454128e-06
1.63463055431e-06
0.0134244922529
0.108228220125
0.0824721769788
0.108228220125
9.81043921501e-11
0.108228220125
0.00419520766817
0.000321561948898
0.108228220125
0.108228220125
0.108228220125
0.00419520766817
0.108228220125
0.108228220125
1.84136941274e-06
0.108228220125
0.0134244922529
0.0082403829342
0.108228220125
0.0824721769788
0.0824721769788
0.108228220125
0.0186007502341
0.108228220125
0.0824721769788
0.108228220125
0.0186007502341
0.0134244922529
0.00185853351285
0.108228220125
0.00419520766817
0.000946185888071
0.0824721769788
0.000106514009672
0.0082403829342
0.0134244922529
0.108228220125
2.13237768622e-05
0.00419520766817
0.108228220125
0.000419173094983
0.0082403829342
0.108228220125
0.108228220125
0.00231813446817
0.108228220125
1.84136941274e-06
0.0824721769788
0.0824721769788
0.00036228886326
0.0824721769788
0.0824721769788
1.07570300355e-07
0.0082403829342
4.07497723467e-06
0.108228220125
0.00632147823346
0.0824721769788
0.108228220125
0.0824721769788
4.41125077077e-06
0.0824721769788
1.842896687e-05
1.06215124488e-05
0.0186007502341
0.108228220125
0.00419520766817
0.0824721769788
0.0824721769788
0.108228220125
0.0186007502341
0.0082403829342
0.00419520766817
0.108228220125
0.108228220125
0.0186007502341
0.00302181151389
0.108228220125
0.0001537139833
0.108228220125
0.0824721769788
0.0082403829342
0.108228220125
0.0824721769788
5.58265921941e-15
0.108228220125
0.108228220125
0.00302181151389
0.108228220125
0.0824721769788
0.108228220125
0.108228220125
0.0824721769788
0.108228220125
0.0082403829342
1.73038859597e-05
0.0186007502341
0.00142574431813
1.06895304529e-06
0.000321561948898
0.0824721769788
0.108228220125
0.00302181151389
7.68730551009e-05
0.108228220125
0.0134244922529
0.108228220125
0.0824721769788
0.0186007502341
0.0186007502341
0.0186007502341
0.0824721769788
0.0824721769788
0.0824721769788
4.79950732039e-06
0.0186007502341
0.0824721769788
0.108228220125
0.0824721769788
0.0186007502341
0.108228220125
0.0824721769788
0.108228220125
0.000522831357568
0.108228220125
0.0824721769788
0.0186007502341
6.95169830218e-05
0.00302775598467
0.00632147823346
1.98914366837e-07
0.00209392310255
0.108228220125
0.108228220125
0.000321561948898
0.108228220125
0.108228220125
0.108228220125
0.0824721769788
0.0134244922529
0.00142574431813
0.0082403829342
0.00632147823346
1.32349119048e-08