500
0.0
0.0
0.000990663868428
0.0
0.0
0.0
0.00315418497317
0.0086883343982
0.0
0.0
0.0
0.0
0.0
0.0
0.0
0.0
0.0
0.0
0.0
0.0
0.0
3.61416252555e-05
0.0
0.0
0.0
0.0
0.0
0.0
0.0
0.0
0.0
1.66421346974e-06
7.81813945111e-06
0.00845483542901
0.0
0.0
0.0
0.0
0.000302682043603
0.0
0.0
0.0
0.0086883343982
1.10614586782e-05
0.0
0.0
0.0
0.0
0.0
0.0
0.0
0.000247409716589
0.0
0.000557685112704
0.0
0.0
0.0
0.0
0.0
0.0
0.0
0.0
0.0
0.0
0.0
0.0
3.77508669635e-05
6.37294684199e-05
0.0
0.0
0.0
0.00111834020705
0.0
0.0
0.0
0.0
0.0
0.0
0.0
0.000165234518655
0.0
0.000247409716589
0.0
0.0
0.0
0.0
0.0
0.0
0.00845483542901
0.0
0.00090359710844
0.0
0.0
0.0
0.0
0.0
0.0
0.0
0.0
0.0
0.0
0.0
0.0
0.0
2.75336752498e-06
0.0
0.00117970731999
0.0
0.0
0.0
0.0
0.0
0.0
0.0
0.0
0.0
0.0
0.0
0.000149065962479
0.0
0.0
0.0
0.0
0.0
0.00288538979976
0.0
0.0
0.0086883343982
0.0
0.0
0.0
0.0
0.0
0.0
0.0
0.0
4.89216095394e-05
0.000420250802223
0.0
0.0
0.0
0.0
0.0
0.0
0.0
0.0
0.0
0.0
0.0
0.0
0.0
0.0
0.0
0.0
0.0
0.00151897878963
3.05982892997e-05
0.0
0.0
0.00057360492274
0.0
0.0
0.0
0.0
0.0
0.00315418497317
0.0
0.0
0.0
0.0
0.0
0.0
0.0
0.0
0.0
0.0
1.61999220985e-07
0.0
0.0
0.0
0.0
0.0
0.0
0.0
0.0
0.0
0.0
0.0
3.17894565963e-05
0.0
0.0
0.0
0.0
0.0
0.0
0.0
0.0
0.0
0.0
0.0
0.0
0.0
0.0
0.0
0.0
0.0
0.0
0.0
0.0
0.00288538979976
0.00776778854119
0.0
0.0
0.0
0.0
0.0
0.00845483542901
0.0
0.00845483542901
0.0
0.0
0.0
0.0
0.0
0.0
0.0
0.000247409716589
0.0
0.000416031520201
0.0
0.0
0.0
3.84884818685e-05
0.0
0.0
0.0
0.0
0.0
0.0
0.0
0.00261828755347
2.96130712578e-06
2.53173866218e-05
0.0
5.06725110956e-05
0.0
0.0
0.0
0.0
0.0
0.0
5.76313397289e-05
0.0
0.0
0.0
0.0
0.0
0.0
0.0
0.0
0.000557685112704
0.0
0.0
0.0
0.0
0.0
0.0
0.0
0.0
0.0
5.80442243513e-08
0.0
0.0
0.00172411826441
0.0
0.0
0.0
0.0
0.0
1.93145176019e-06
0.0
0.0
0.0
0.0
0.0
0.0
0.0
0.0
0.0
0.0
1.21766865873e-05
0.0
0.0
0.0
0.0
0.0
0.0
0.0
0.0
0.0
0.0
0.0
0.0
0.0
0.00776778854119
0.0
0.0
0.0
0.0
0.0
0.0
0.0
0.0
0.0
0.0
0.0
0.0086883343982
0.0
0.000989121042786
0.0
0.0
0.0
0.0
0.0
0.0
0.0086883343982
0.0
0.0
0.0
0.0
0.0
0.0
0.0
0.0
0.0
0.0
0.0
0.0
0.0
0.0
0.0
0.0
0.0
0.000284899552198
0.0
0.0
0.0
0.0
0.0
0.0
0.0
0.00776778854119
0.0
2.93372740473e-07
0.0
0.0
0.0
0.0
1.02340122962e-05
0.0
0.0
0.00776778854119
0.0
0.0
0.0
0.0
0.0
0.0
0.0
0.0
0.00776778854119
0.0
0.000157199645606
0.0
0.0
0.0
0.0
1.04522612142e-05
0.0
0.0
9.3322000293e-06
0.0086883343982
0.0
0.0
0.0
0.0
0.0
0.0
0.0
0.0
0.0
0.0
0.0
0.000989121042786
0.0
0.0
0.0
9.86696334457e-08
0.00776778854119
0.00315418497317
0.0
0.0
0.0
0.0
0.0
0.0086883343982
0.0
0.0
0.0
0.0
0.0
0.0
0.0
0.00159546180061
0.0
0.0
0.0
0.00261828755347
0.0
0.0
0.0
0.0
0.0
0.0
0.0
0.000483095361256
0.0
0.0086883343982
0.0
0.0
0.0
0.0
0.0
0.0
0.0
0.00776778854119
0.0
0.0
0.0
0.0
0.0
0.0
0.0
0.0
0.0
0.000767271089515
0.0
0.00261828755347
0.0086883343982
0.0
0.0
0.0
0.0
0.0
2.50024272705e-06
0.0
0.0
0.0
0.0
0.0
0.0
0.0
0.0
0.0
0.0
1.36051548365e-05
0.0
0.0
0.0
0.0
0.0
0.0
0.0
0.0
0.0
0.0
0.0
0.0
0.0
1.42648961017e-05
0.0
0.0
0.0
0.0
0.0
0.0
1.56591339186e-07
0.0
0.0
0.0
0.0
0.0
0.00090359710844
0.0
0.00261828755347
0.0
0.0
0.0
0.0
0.000653315240171