500
0.00031786136035
9.05360006713e-13
6.01653808444e-19
6.21911980491e-05
7.37588324253e-15
3.08121316774e-09
8.64877842517e-09
3.75789312871e-11
0.000231589886801
0.0
3.10711319883e-05
4.92726220787e-05
8.00002927183e-06
7.89189183008e-16
0.000187292040013
6.48211818675e-27
2.0369820269e-05
1.61027635946e-07
0.00895178832994
2.21062109886e-07
5.75598713816e-11
0.0
0.0
0.000104785822097
0.00178973700221
0.0
6.06747385615e-12
2.11040201839e-15
0.0
0.00592676378436
2.86464141881e-10
0.000187292040013
3.59016281713e-08
1.34023057907e-17
0.0
4.13332672131e-17
2.7035283023e-21
1.87924902602e-06
1.92620046191e-15
6.60599048636e-14
0.000324127202174
6.51958855118e-11
1.17896436639e-06
0.0004912912472
4.83745110453e-06
0.0043190439532
0.000324127202174
7.86128127688e-12
0.000231589886801
2.47520259731e-17
9.65717688506e-05
1.97214378015e-10
0.0
1.35866467822e-22
4.05340790178e-15
0.00383209707651
0.0
0.0
0.00305194273034
8.45718338516e-06
0.0
0.000324127202174
6.79282511268e-06
3.90791274037e-06
1.1576140714e-14
3.4001225842e-15
0.000251961040169
0.0
2.59045766511e-18
6.73570760492e-06
0.012722209437
0.00279258568564
2.87567219733e-15
3.66874992169e-06
1.02184658477e-19
1.05997119104e-06
0.000324127202174
4.91818680597e-15
1.82188986566e-05
9.28899409086e-06
1.53462238978e-07
4.67133486084e-13
7.17901885764e-10
0.00592676378436
1.5986980184e-09
0.00013905518045
4.36881340747e-20
8.39488480613e-11
2.97500673811e-06
0.000187292040013
0.000921611697689
3.84799921981e-11
0.000187292040013
2.03111301275e-06
1.25243790196e-05
7.48355634273e-15
0.0
0.00383209707651
5.70889554389e-08
0.000470541033671
2.11523196609e-10
2.54324782185e-12
1.05783548012e-05
0.00199507823495
0.00178973700221
5.32410111088e-06
0.0
2.12247582488e-26
2.4615476098e-06
0.00178973700221
2.12026739509e-06
5.5711614421e-21
2.46935714917e-05
6.72635127236e-08
1.77311111166e-06
0.000470541033671
0.000104785822097
0.000297923600739
1.23660080528e-09
0.00592676378436
3.11718982999e-11
0.0
0.000160883563716
0.00125733618242
2.0551363238e-11
0.000880923853596
6.8553772819e-08
1.87457633138e-05
0.000470541033671
1.16498616798e-15
0.0
2.06613666459e-05
1.27625926072e-05
7.4318041232e-09
0.0
0.0
0.00240198123914
1.65347654049e-05
0.0
0.00592676378436
4.02625571015e-05
0.0
3.66005803259e-06
0.0
0.024706076362
0.0
2.91431847872e-10
0.000144278718037
4.92452875249e-21
2.17172016504e-05
0.00178973700221
9.19788066742e-07
2.82400835119e-07
0.00592676378436
0.024706076362
0.00133236496351
1.80468762744e-14
0.000310060556481
0.00318030269904
8.36347654146e-10
3.15265608111e-11
9.44158615508e-09
5.85938892749e-06
0.000425477419776
0.0180041981764
5.46147413427e-06
0.024706076362
0.0
3.3819173126e-07
2.72784748635e-07
1.97770460771e-10
0.00130424512575
8.17391771646e-09
3.41374495079e-11
0.00320700128473
2.77220383597e-13
0.00178973700221
0.000205057173527
2.77818485584e-13
9.65717688506e-05
1.2442725477e-31
0.0
1.47397180361e-07
2.0369820269e-05
7.27005160771e-08
2.13913658157e-05
4.72353158403e-06
9.58958629722e-07
1.08298038533e-07
7.59237355172e-12
2.283010741e-06
0.00091491271146
0.0
0.00178973700221
4.55069593141e-06
2.94622168802e-08
7.42692385344e-05
2.82003664418e-17
3.10711319883e-05
3.72070316204e-11
0.00240198123914
0.0
2.61549402407e-11
0.012722209437
9.76531787854e-17
1.45687214877e-13
0.00178973700221
1.01943786619e-05
0.0
0.0043190439532
1.61378374745e-06
1.46876002934e-15
1.23364585306e-07
0.0
1.73219492458e-11
0.000183612987893
0.0
0.0
8.11768566663e-08
1.16055918328e-23
0.0
0.000124498336767
6.79282511268e-06
1.33728718845e-05
1.314820543e-06
2.35608637552e-06
9.90323293787e-13
0.00203826002556
2.01174225084e-05
0.000544294202711
1.59827994227e-06
2.46935714917e-05
2.52807601829e-06
0.000119255481939
5.81624267374e-45
0.00174782464635
0.00174782464635
2.65924918949e-05
1.65061656471e-07
0.00320700128473
5.41441891444e-11
5.7601417491e-14
5.21146235866e-07
2.95459102562e-05
7.25721686991e-32
2.64652983982e-17
4.83402903623e-06
4.49249639968e-05
3.30225780229e-18
2.93077154716e-12
2.46935714917e-05
4.29452510873e-24
3.18148721079e-09
0.00143310080729
5.4042722508e-05
3.27350215033e-18
5.22129221046e-10
0.024706076362
9.69280881445e-12
5.37112467088e-12
0.000160883563716
2.76446070602e-20
1.75732772582e-26
2.00575470269e-11
8.68967028184e-11
1.01054669648e-16
0.0180041981764
0.00178973700221
1.44483338308e-07
0.00592676378436
4.77220582021e-17
0.0
2.66543824808e-07
0.000324127202174
7.88452445864e-17
2.09533535929e-05
0.000324127202174
0.00178973700221
0.0180041981764
5.02152813149e-14
0.00133236496351
0.000324127202174
1.36244729652e-08
0.0
0.00178973700221
1.17376210866e-08
6.52035293748e-06
0.000425477419776
2.12610099633e-11
7.35863037752e-10
3.29633814839e-09
1.23748925511e-07
3.61397114419e-06
1.49681003331e-19
0.00123245534336
0.000470541033671
4.95169847638e-08
0.00592676378436
0.0
0.000257009581721
0.000880923853596
3.05586389735e-08
1.07417206758e-11
0.00130424512575
0.00178973700221
7.64773051556e-09
3.44747247589e-08
2.3068795297e-05
0.00178973700221
0.00592676378436
5.7370868309e-18
4.42244840936e-26
2.98429400178e-07
2.29340656993e-08
6.87799175278e-18
1.37707591637e-14
4.98015310798e-27
3.57007252083e-06
0.00592676378436
0.00318030269904
0.000324127202174
0.00120250348639
4.28256515997e-07
0.000136653359715
4.03834341411e-05
5.3072452929e-12
0.00592676378436
3.66335595816e-09
9.72879800202e-12
6.40157148843e-23
2.83776796011e-15
2.88330789461e-09
1.77496199106e-13
0.00592676378436
2.1531157589e-05
0.024706076362
1.03812295685e-07
1.42977040462e-17
0.0
2.70376809594e-05
1.24073902077e-08
2.61639470967e-26
4.36399961243e-06
0.0
0.00592676378436
1.88501216562e-08
1.60811896627e-12
0.000324127202174
0.0
6.25137211894e-10
3.2213891789e-11
0.0
6.3136412228e-08
1.33025334011e-14
0.00178973700221
1.15306190707e-19
0.0
2.29488391233e-06
4.03233933441e-06
0.000461967654688
1.85774914997e-08
0.000221097295165
0.0
2.12415146579e-06
0.024706076362
3.16030065168e-09
0.000324127202174
6.0004899746e-05
5.35711814834e-07
9.54264752716e-16
5.31893567056e-11
3.06375988416e-06
3.38696792969e-08
0.00178973700221
0.00178973700221
0.0
0.0
5.35804052807e-19
2.9114015676e-12
2.46935714917e-05
6.62988695685e-09
0.00178973700221
9.65717688506e-05
0.000470541033671
1.63042560088e-14
3.12197216397e-12
1.20552517724e-05
0.00178973700221
4.07890030407e-07
1.11598301301e-23
0.0043190439532
3.27833895141e-12
1.35045485571e-12
0.0180041981764
6.2439811279e-12
2.1531157589e-05
0.0
1.17468581789e-13
0.00178973700221
0.0
1.46395226892e-12
0.00178973700221
4.78094792747e-11
0.0
0.024706076362
2.2361152692e-18
1.18324314078e-09
4.92742270751e-09
3.75658065796e-18
1.75930554659e-07
0.0
0.00592676378436
1.49576617635e-06
4.55069593141e-06
0.000324127202174
4.59067983788e-05
0.000324127202174
0.0
3.42513343842e-09
1.08302979038e-08
7.32424502586e-07
6.11866618853e-05
0.00197330975894
1.06040990829e-09
0.024706076362
0.000470541033671
4.71758335295e-12
0.000324127202174
0.0012587375126
0.000454380385371
5.4042722508e-05
1.2186487499e-10
3.56207865651e-07
5.07364833096e-05
4.49956880564e-10
2.1261108605e-10
2.40359592594e-07
2.88348480612e-13
2.94215224682e-07
0.00592676378436
0.00199507823495
1.59868891788e-15
3.89148644126e-07
7.80450480735e-07
0.00178973700221
3.48386895012e-09
0.000231589886801
0.00178973700221
1.27625926072e-05
2.89510506753e-06
5.47289310017e-07
2.12415146579e-06
5.12010511126e-09
9.39420629111e-06
2.63061452292e-06
1.32456860534e-10
0.000324127202174
7.60258011306e-10
6.37185452759e-30
1.93955437614e-07
2.85966694032e-06
0.000324127202174
6.21737642564e-08
0.0
6.35735019722e-16
3.10078188377e-09
0.00199507823495
0.024706076362
0.00178973700221
2.53763675163e-07
4.83940062041e-09
3.22244556516e-05
5.73226185654e-08
6.10133870954e-06
7.40622460175e-13
0.0
0.000257009581721
1.79263797469e-11
0.00133236496351
3.68042227698e-25
1.05997119104e-06
2.46935714917e-05
2.25045222585e-11
3.78911530018e-10
0.000257009581721
0.00592676378436
9.30465880876e-06
0.024706076362
0.000257009581721
8.75492049909e-05
1.00986023375e-06
0.0
0.00592676378436
0.000324127202174
0.000544294202711
3.07490536866e-12
2.09047873508e-06
1.54443888599e-13
2.02530797899e-10
0.000941688517761