500
2.80052955218e-08
9.45851958366e-07
1.57364820638e-06
9.05258827383e-05
0.0
1.88644060998e-10
1.35397020907e-10
2.77388266664e-09
3.72417683128e-14
0.0
5.78426783075e-06
0.00163017624626
0.0348646919982
1.70262166859e-06
0.0125546031773
0.000108414772544
0.000230762760876
4.5553132554e-07
5.67260982803e-08
1.75585229198e-05
0.0
2.83794029726e-09
0.00881519525884
9.78239088004e-05
6.62211512084e-15
6.80181534776e-05
0.0348646919982
8.79897798864e-05
0.000156513282577
0.0
1.96616259827e-08
0.000490304884312
1.30355025768e-07
0.00332732135231
1.00906618463e-05
0.0
0.0
0.0348646919982
0.0125546031773
0.00881519525884
5.05206186447e-09
0.000408477771634
1.04302430624e-05
1.31694332668e-05
1.43646413432e-18
2.89516744529e-09
0.00163017624626
1.25837459577e-06
8.18280640973e-06
4.8014815974e-10
0.00881519525884
0.0
0.0
0.0125546031773
0.0
9.92797578212e-06
2.91367510164e-09
0.0
0.00332732135231
0.0
0.0
0.000191495679864
0.00332732135231
0.000225920433158
0.0
0.00153776984756
6.72394404546e-17
1.67445271795e-07
2.25233984982e-07
9.57425279002e-07
4.26772599201e-14
4.00489270538e-10
0.000129284477533
0.000106758719579
3.22595748427e-17
8.45119286247e-10
0.0125546031773
2.4834709625e-09
2.35128143465e-14
2.19576735537e-06
0.0
3.94311686307e-09
2.69790751211e-08
7.8691477467e-05
0.0
0.0
0.0
1.50310301557e-08
0.00332732135231
1.59892526425e-06
0.000196700169031
8.9435579732e-09
8.94813562372e-15
3.98528096242e-08
3.72519691388e-10
0.00881519525884
3.90335873389e-07
9.92797578212e-06
1.04000755761e-09
0.0010463035224
1.75107003688e-05
1.20778860259e-07
1.17095975587e-08
2.77506795394e-13
0.00213654408482
0.00197977032796
2.13157838573e-06
0.00163017624626
0.0348646919982
0.0
3.83868530929e-05
4.192895565e-14
2.35765373694e-06
0.0054044568713
0.000495297647036
1.03515547038e-05
0.0020694503056
0.000216314546517
5.27970571149e-06
6.80219828712e-08
5.38581037954e-07
0.0
0.0
1.26490354092e-09
0.0
0.0
3.40599822564e-05
1.53876714307e-08
3.40364047639e-07
0.0054044568713
9.23176252362e-06
6.47800576309e-07
0.0
1.21266647053e-20
8.86568847467e-12
0.00021659937412
4.88002209379e-05
9.44818797701e-05
0.0
1.96400216027e-18
9.62611346713e-06
1.8818138798e-14
0.00881519525884
0.000191495679864
0.00332732135231
1.48722132756e-07
3.80731424917e-10
0.0348646919982
0.000453108598627
0.00200810506572
4.84688812091e-09
0.00566558351567
1.10497487117e-10
0.00126191886634
1.17798573875e-06
0.000939995847954
5.09430790097e-12
5.28833929178e-07
4.96908716164e-07
2.61614767788e-08
0.0348646919982
0.0054044568713
0.000236671486659
4.094665452e-06
1.35525020603e-13
4.34251060655e-09
0.00332732135231
4.62345987704e-05
0.000847013014722
0.000184180749256
0.0
4.54311803416e-09
6.16890519313e-06
0.0
2.41782042322e-09
4.89738214475e-12
0.00092675695776
4.81217859582e-05
2.01732143889e-06
0.000748420191543
0.00881519525884
2.60646596193e-07
4.4304769516e-06
0.00881519525884
6.63555807432e-08
0.0054044568713
5.37450916142e-06
0.000241851785045
0.00040077877354
0.0
0.000350750075514
0.000370819160349
1.38393644074e-09
1.84898350663e-07
5.04678833919e-14
0.000212409875702
0.0
1.80077064832e-07
0.00332732135231
0.0125546031773
2.25785633454e-08
0.00104649033448
9.70125661279e-05
0.0
9.56035328816e-12
9.17348394251e-07
0.0
5.035575749e-08
2.08618471777e-12
4.74793858001e-10
0.00153776984756
0.0
9.66822090529e-14
3.33624169227e-12
7.69109862492e-07
2.55427890636e-06
0.0
2.17768013645e-05
1.01680508111e-08
0.0
3.85134132506e-05
3.46975022221e-05
0.0
2.53571227767e-08
5.91763812375e-06
1.26085593261e-08
3.86192350988e-08
3.6236415187e-15
3.25473147885e-13
4.99220031828e-16
0.000290100601503
6.49101438646e-06
3.53879746087e-05
2.41779612927e-06
5.92368318948e-05
0.000149181415324
0.00881519525884
0.0
3.63873694937e-19
3.04100195731e-05
0.0
8.89594495765e-05
0.0
0.0348646919982
4.69117900436e-13
0.0
1.60717667295e-07
0.0125546031773
0.000557918082367
4.39792539144e-07
0.000136901205511
0.00155559519759
1.4277878571e-06
2.87168814085e-06
0.0
7.75915308848e-07
0.00566558351567
0.0
1.00906618463e-05
0.0009955634542
1.04388405183e-05
1.05696374475e-16
0.00106017813895
0.000999997800668
1.4302385231e-09
3.87239467924e-13
9.37948696368e-06
3.55411036223e-05
6.51660724618e-16
0.000350750075514
0.0
0.000176735128271
1.38420250103e-10
5.09182855401e-06
1.03259358895e-09
1.38840578393e-06
1.09849663204e-08
0.000273676668048
8.53539328446e-06
7.61699924351e-07
9.92417286079e-10
5.33470977441e-11
8.79897798864e-05
0.00197977032796
1.75893332611e-16
1.14212866299e-07
0.0054044568713
0.0
0.0
1.01956496321e-16
1.36977447843e-12
0.0125546031773
0.000791274779235
3.01601312663e-08
1.85357150131e-06
5.14976128596e-11
0.00881519525884
1.91696459415e-09
1.21216043797e-09
8.94377779982e-22
0.0
0.0348646919982
5.56846660225e-13
2.74198435634e-11
0.000350750075514
4.4194652662e-09
0.00163017624626
2.64478594775e-07
1.34625119931e-18
0.0348646919982
0.0348646919982
0.0
1.64084163264e-07
0.00197977032796
9.22319532527e-05
9.78757451605e-12
0.00163017624626
7.78515414516e-05
0.000508365644878
1.32171925334e-05
3.51745706056e-05
2.88353962342e-05
2.05115105737e-12
1.36318232718e-05
1.41368465602e-12
6.78266660709e-20
0.0
0.000149181415324
1.66558491985e-05
6.14361712412e-07
0.00153776984756
9.21310797885e-06
3.53989683384e-11
4.27178794787e-05
1.49309221588e-06
2.28224960241e-11
1.40670867073e-08
0.0
2.96634205509e-10
0.000201460914338
2.41125864706e-06
1.01053624439e-05
0.0125546031773
0.000156513282577
3.19579535803e-09
2.59987609068e-06
1.2362038236e-05
0.0054044568713
0.000462049423571
4.16768585546e-10
9.16038701573e-07
0.00092675695776
0.0
1.66558491985e-05
0.0
0.000126324193906
0.0
0.000225920433158
5.35506286005e-06
1.29364875611e-06
8.04588084518e-14
2.43208444493e-12
0.0054044568713
0.0
2.27292261637e-14
0.0
0.0
0.0054044568713
6.33050977817e-13
0.00332732135231
0.0125546031773
3.29873846741e-19
9.41032101178e-14
0.000655617126191
7.94241041827e-05
0.00072014901755
0.0348646919982
0.0
0.0
2.49025773987e-13
9.19943547382e-06
4.41102015464e-10
0.0
0.00881519525884
3.06347300363e-05
4.21971693496e-25
0.00197977032796
1.44171028746e-05
3.21253149866e-08
0.000496711566032
0.0
0.00126191886634
0.00163017624626
2.31914530921e-07
6.90841291165e-05
0.00881519525884
0.00200810506572
5.7737810058e-05
0.00332732135231
3.25339143315e-16
1.64532668629e-05
8.83811688232e-06
0.0
0.000446745307785
0.000446745307785
7.12941286945e-09
1.59439449439e-11
1.05109203346e-07
0.00072014901755
0.0
5.89245629901e-05
0.0
0.0
4.81803155944e-06
1.19291572493e-09
1.53353644107e-07
0.00126191886634
0.0
1.22655965288e-11
8.19441932937e-07
0.00213654408482
5.25086026413e-07
0.0
2.23072549993e-05
8.58386474292e-22
0.0
0.00332732135231
1.87319552392e-06
4.96481158083e-08
3.6508350541e-05
0.0
0.00106017813895
1.14651565882e-08
4.24642062824e-05
3.58874202148e-05
0.00881519525884
8.53619933264e-08
4.6843901205e-05
1.75107003688e-05
0.000557918082367
0.00881519525884
3.53542519309e-06
0.0
6.45677943061e-10
0.00155559519759
0.000328272326127
0.0348646919982
0.0
2.61125081659e-12
0.0
0.00072014901755
7.14300912106e-06
0.0
3.22375950898e-10
0.0125546031773
8.77993831466e-10
0.0
2.55344473722e-05
4.03050036831e-06
0.000261517170573
1.64157569508e-06
9.29925048724e-05
6.03150167083e-16
1.2521991577e-06
1.68409178915e-06
6.89724409518e-08
5.05292225343e-12
0.00054422462455
0.00155559519759
0.0
0.0
6.21695608902e-14
0.0125546031773
0.0
6.45883468115e-25
7.50071479307e-05
1.11883733037e-09
4.48863508237e-06
4.94123675613e-05
1.02391556082e-06
2.30643781074e-11
4.54275868924e-07
3.46455729925e-11
0.000209428117383
1.0190355424e-09
0.0
3.34429005789e-13
0.0
0.00881519525884
2.20736747405e-13
0.0
0.0
7.33674932443e-10
0.0
0.000508365644878
0.00200810506572
0.000108414772544
0.000136015161823
6.84846816531e-06
0.0