500
0.0
0.0
0.00852813501562
0.0
0.0
0.0
0.0
0.0
0.0
0.0
0.0
0.0
1.67252554339e-05
0.0
0.0
0.0
0.00257279464539
0.0
0.0
0.0
0.0
0.0
0.0
0.0
0.0
0.0
0.0
0.0
0.00647860888717
0.0
0.0
0.00743225545944
0.0
8.88656711965e-06
0.0
0.0
0.0
0.010303403082
0.0
0.00190496415004
0.0
0.010303403082
0.0
0.00569054662281
0.00015826749593
0.0
0.0
0.0
0.00156823665979
0.0
0.0
0.0
0.0
0.000158691956642
0.000286427775783
0.000715232383638
0.0
0.0
0.0
0.0
0.0
0.0
0.000124452944948
0.0
0.0
0.0
0.0
0.0
0.00156823665979
0.0
0.0
0.0
0.0
0.0
0.0
0.0
0.000124452944948
0.0
0.0
0.0
0.0
0.0
0.0045617304919
0.0
0.00743225545944
0.0
0.000843405192086
0.0
0.00569054662281
0.0
0.00567375
0.0
0.0
0.00743225545944
0.000516839394395
0.00569054662281
0.0
0.0
0.0
0.00567375
0.0
0.0
0.0
0.0
0.0
0.0
0.0
0.0
0.0
0.00647860888717
0.0
0.0
0.00354807163316
0.0
0.000375126420356
1.37305089991e-05
0.00149709709834
0.0
0.0
0.00367609632572
0.0
0.0
0.0
0.0
0.00569054662281
0.0
0.0
0.00105687118405
2.9314034633e-07
0.0
0.0
0.0
0.0
0.010303403082
0.0
0.0
0.00193115668533
0.0
0.000111043536083
0.0
0.0
0.0
0.0
0.0
2.31776645896e-05
0.0
0.0
0.0
0.00647860888717
4.2993394707e-05
0.0
0.0
0.0045617304919
2.89800365402e-05
0.00477168949771
0.0
0.0
0.0
0.0
0.0
0.0
0.0034371583651
3.48212684823e-05
0.0
0.00149709709834
0.0
0.010303403082
0.0
0.00743225545944
0.0
0.0
0.00567375
1.84200671045e-06
0.0
0.0
0.00743225545944
0.0
0.0
0.0
0.010303403082
0.0
0.0
0.0
0.0
0.0
0.0
0.0
0.0
0.0
0.0
0.0
0.0
0.0
0.0
0.0
0.0
0.0034371583651
0.0
0.0
0.0
0.00046472755654
0.0
0.0
0.00093071329848
0.00743225545944
0.0
0.0
0.0
0.0
0.0
0.0
0.0
0.00362975647453
0.0
0.0
0.0
0.0
0.00743225545944
0.0
0.0
0.000538675542355
0.00130112723838
0.0
0.0
0.0
0.0
0.0
0.0
0.00304959152928
0.0
0.00569054662281
0.010303403082
0.00569054662281
3.00077802824e-05
0.000571743603636
0.0
2.32982997064e-07
0.0
0.0
0.0
0.00115387748997
0.0
0.0
0.0
0.0
0.0034371583651
0.0
0.0
0.000286427775783
0.000176153531944
0.0
0.0
0.00743225545944
0.00128905422398
0.0
0.000843405192086
0.0034371583651
0.0
0.00647860888717
0.00093071329848
0.0
0.00852813501562
0.0
0.0
0.0
0.0
0.0
0.0
0.0
0.0
0.0
0.0
6.56219497297e-05
0.0
0.0
0.0
0.0
0.0
0.0
0.0
0.00477168949771
0.000176113154866
0.0
0.0
0.0
0.0
0.00567375
0.000397483256107
0.0
0.0
0.000161140073933
0.0
0.0
0.00477168949771
0.0
0.0
0.0
0.0
0.0
0.000230252052239
0.0
0.0
0.0
0.0
0.0
0.00743225545944
0.0
0.00567375
0.0
0.0
0.0
0.00354807163316
0.0
0.000103401952665
0.0
0.0
8.54788643114e-05
0.0
0.0
0.0
0.0
0.00647860888717
0.0
0.000238647113778
0.0
0.00477168949771
0.0
0.0
0.0
0.00743225545944
0.0
0.0
0.0
0.0
0.0
0.00743225545944
0.0
0.0
3.68518040875e-05
0.0
0.0
0.00128905422398
1.38747635392e-05
0.00046472755654
0.0
5.26288386237e-05
0.00026585400263
0.00477168949771
0.0
0.0
0.0
2.99166812572e-06
0.0
4.03289333552e-05
0.0
0.0
0.000349737724623
0.00052649647113
0.00257279464539
0.0
0.000843405192086
0.0
0.0
0.00137080876199
0.0
0.0
0.0
0.0
0.0
0.0
2.14914305821e-05
0.0
0.00743225545944
0.0
0.0
0.0
8.27391050234e-05
0.0
0.00193115668533
0.010303403082
0.0
0.0
0.0
0.00852813501562
0.0
0.0
0.0
0.0
0.000516839394395
0.0
0.0
0.010303403082
0.0
0.0
0.000229546709096
0.0
0.0
0.0
0.0
0.0
0.0
0.000111043536083
0.0
0.00852813501562
0.0
0.0
0.0
0.0
0.0
0.000634060368823
0.00362975647453
0.00193115668533
0.0
0.0
0.0
0.0
0.0
0.0034371583651
0.0
0.00304959152928
0.0
8.04922312478e-05
0.00743225545944
0.00852813501562
0.0
0.0
0.0
0.0
0.0
0.00647860888717
0.0
0.0
0.0
0.0
0.0
0.0
0.0
0.0
0.00128905422398
3.95447574336e-06
0.0
0.0
0.0
0.0
0.00257279464539
0.0
0.0
0.000215695189032
0.0
0.0
3.41636645681e-05
0.0
0.0
0.0
0.0
0.0
0.00046472755654
0.0
0.0
0.0
0.0
0.0
0.0
7.44995407314e-05
0.010303403082
0.0
0.0
0.00046472755654
0.00569054662281
0.00367609632572
1.13328394399e-05
0.0
0.0
0.0
0.0
0.0
0.0
0.0
7.45466491797e-05
0.0
3.68518040875e-05
0.00257279464539
0.0
0.0
0.0
0.0
0.0
0.0
0.0
0.000826891677918
0.0
0.0
0.0
0.00193115668533
0.0
0.0
2.08870435434e-05
6.84568260758e-05
0.0
0.0