500
1.14702031793e-40
7.85525488652e-18
0.000109110050469
4.82371746232e-24
3.27414764124e-15
1.0740659143e-06
5.00854903375e-12
7.80596867496e-11
2.95369966003e-13
9.92527685196e-28
3.76843550035e-08
0.00102621446644
1.03960349708e-11
4.01942193413e-34
3.3809892799e-06
6.21390240286e-06
0.000575706400065
3.63771159198e-09
9.22493572046e-05
5.61426144198e-09
4.77321012134e-19
0.000359352228626
5.29918178749e-08
1.93846803206e-36
8.88809079179e-05
0.0185473632812
1.89224651998e-06
2.69521607738e-07
3.31787666844e-18
1.19261271518e-15
0.00985590778097
1.50572680307e-06
0.002125
1.5187316302e-12
2.35928780342e-33
1.62298641317e-05
6.48246195378e-06
0.0048716155556
2.00237137201e-11
4.41000694638e-07
2.70652564536e-11
1.08989519563e-32
1.20499576838e-05
2.9172328943e-34
9.62427980049e-40
1.45967834016e-20
5.46006889729e-27
1.15456922092e-12
1.4842287947e-05
6.14872159217e-05
0.000121290200044
1.41407240574e-05
5.25934295904e-05
1.98612057138e-17
6.43027347517e-10
2.06825790312e-17
4.83864240895e-19
3.00664032532e-06
6.2934841229e-07
4.07322586558e-26
3.80217253429e-12
0.00258144958656
3.89159198558e-10
2.44703262487e-20
1.09397472434e-27
1.42323289402e-11
5.32773748221e-06
1.94964953528e-28
4.17484581742e-09
3.19513697113e-05
2.8686402392e-18
5.0514195298e-13
3.9822544381e-09
5.26777771324e-05
3.11878229624e-29
1.15111812395e-17
9.62614683885e-16
9.53850387672e-05
3.37200889795e-07
1.44476083301e-19
0.0185473632812
4.64827872844e-05
4.75926586516e-29
2.27053138428e-17
3.84167928529e-10
1.7983566212e-12
1.32137698012e-45
2.02344110423e-05
1.4976367468e-05
0.00985590778097
7.18513003062e-16
4.61855101231e-25
0.000174069659946
2.77854445133e-30
4.85470279893e-14
0.00985590778097
7.08621299483e-05
3.83276591008e-11
6.26463715644e-19
2.43888973342e-18
3.93919273622e-11
4.10081496949e-07
1.20634857957e-45
5.67969988867e-09
2.02298950676e-07
0.0185473632812
7.48497367005e-26
7.98924784242e-33
3.26671079122e-29
1.35202839024e-11
1.80405040706e-10
0.0048716155556
1.14279764507e-64
0.00157492520039
8.89315692569e-57
9.68267418912e-06
8.43165729469e-13
0.000762525689312
4.76520293782e-22
9.69332970941e-10
1.06314992895e-05
3.91289490262e-41
6.32452028131e-17
8.41796389253e-12
1.2199554542e-19
7.12797845005e-20
3.55586081385e-08
1.01211348843e-07
3.97270087847e-09
2.99175964677e-11
6.75201576052e-10
3.84236500452e-11
1.70369298806e-19
2.84880607919e-07
3.27240582555e-10
7.37128962326e-12
0.00985590778097
2.77696960511e-07
7.31705755754e-09
5.50694202917e-10
4.44441252184e-40
2.33471310942e-10
0.0048716155556
6.67095724688e-09
2.64663458778e-17
0.000448471581325
8.74233479146e-05
1.22196208316e-16
1.76000350157e-13
9.48848748017e-25
6.33507142809e-10
6.6420837476e-06
4.64625837277e-24
0.00985590778097
8.02378112092e-07
1.09875274618e-10
4.2882110631e-18
4.42461318575e-26
7.85401296032e-11
7.83077113467e-37
0.00985590778097
7.44174706527e-28
1.00287603961e-15
5.44687696992e-25
9.08120370708e-07
0.0185473632812
1.80134343735e-08
4.42073208557e-09
8.00244532539e-14
0.0185473632812
0.00075996857701
0.0185473632812
2.39237752755e-17
4.26003533484e-11
1.1427532636e-05
4.89418705125e-15
6.4187414273e-21
0.00286142568324
4.72506705708e-13
4.78405446477e-46
3.66649754025e-10
3.99410526898e-26
2.92231203735e-12
0.000581620110663
1.45477639679e-07
4.20691618021e-10
4.80778127342e-12
0.0185473632812
1.00362163543e-10
2.31261109753e-07
5.88540743906e-06
7.55652023461e-07
0.00286142568324
7.55754303646e-09
8.10470781005e-16
0.00985590778097
2.8530323122e-27
5.46765341679e-09
9.87501461551e-13
0.000808571590466
5.97240099707e-11
2.51186338792e-18
1.66169752349e-20
1.23870334183e-15
2.11401863765e-38
3.60683790431e-14
4.2633921733e-06
0.000194748642987
2.84199068491e-42
2.2512684933e-09
2.77038135842e-16
1.05964119437e-16
3.05051047923e-24
2.01506085833e-07
7.02912137355e-14
0.00985590778097
0.0
1.69455794598e-17
3.13789261684e-08
5.06267783575e-22
0.000154472999404
3.63289340322e-13
6.49513656517e-05
4.51365060598e-06
1.4138410001e-12
0.000121290200044
2.16335812773e-35
2.07999995456e-46
0.00175810193574
0.0
0.0185473632812
2.77879983424e-21
0.000426884199314
7.87450378369e-10
8.19737361886e-07
6.65957093237e-09
1.31613880612e-31
5.59610200542e-16
3.52334672326e-06
0.00985590778097
1.4296216746e-25
3.72556559467e-98
1.46730747889e-10
2.16618558878e-34
3.16144251182e-16
0.000272553207423
2.50932631613e-11
8.63127322667e-09
1.19363797005e-12
2.00916663705e-29
2.41410648593e-08
2.50364129475e-10
2.77608625625e-09
9.91150431608e-06
0.00971964679912
0.00175810193574
3.89210197821e-10
4.86180685082e-13
0.00102621446644
4.51329840831e-11
9.56914712288e-16
2.92657864371e-13
1.61446506167e-13
0.000808571590466
3.68162851124e-34
0.000575706400065
2.59336881107e-08
4.38860659149e-07
3.27501271262e-08
5.18788728344e-20
3.09892207389e-17
1.08903054143e-13
0.00038969051065
6.93633484711e-43
9.32437410911e-06
0.0
4.51857322514e-07
4.24824086745e-20
2.49630197957e-06
9.39322149894e-32
9.59368166625e-37
1.49878982048e-28
1.81702312852e-20
7.79882297546e-25
4.6174952013e-70
1.29392945856e-11
0.00971964679912
1.06064175397e-59
1.61061371122e-84
2.43141318273e-09
8.60753290398e-24
3.36132437237e-17
5.36222862839e-09
1.45096708967e-05
1.85402204069e-22
6.20602191136e-11
5.44950333922e-05
4.94403177591e-70
0.00985590778097
4.07417907048e-09
5.53126420738e-26
5.90543475756e-24
0.0185473632812
0.000960792016973
1.25731095479e-15
1.65267034031e-11
7.82041667917e-14
2.76822046333e-18
2.89666154016e-11
3.86918571816e-16
1.33488880097e-24
1.27329744515e-07
2.86904466677e-17
1.3672810745e-29
0.00985590778097
0.002125
9.35726478317e-23
0.000426884199314
7.74326615864e-31
6.51712336398e-10
8.16178813079e-34
3.37952030347e-33
2.07340915438e-31
8.81263523287e-19
8.70844316604e-05
6.80678089816e-13
2.65700204574e-14
3.35182479291e-08
2.88480094878e-17
5.08133537841e-09
6.1599625123e-06
4.37193904573e-14
9.22068165484e-13
6.52969049126e-12
6.71266426557e-07
6.72042724736e-13
6.19580419894e-42
8.4754996381e-08
2.01361857917e-06
2.54630014343e-56
1.32149583218e-08
0.000426884199314
1.45604289271e-06
4.27203541284e-11
0.000987386862328
2.22783556196e-14
5.35281067614e-05
5.89013727316e-10
3.34564558188e-16
1.77454216944e-21
8.35320449138e-20
1.53413860757e-17
5.58987437869e-18
2.54562080359e-30
2.01838978064e-20
8.42702730015e-48
9.11376152938e-07
2.79191008525e-08
7.03991712645e-25
1.45655245257e-21
1.47101910196e-24
3.11432670973e-13
2.75540633744e-19
1.43302811305e-05
3.79455447548e-22
2.09774237404e-10
2.92698382305e-16
7.40394240991e-15
2.97123504602e-19
8.14795969013e-18
2.57596667217e-17
4.92139021218e-35
5.65354697866e-16
0.0185473632812
0.002125
4.56520096538e-15
3.58497058925e-06
4.86650147985e-13
5.62371251149e-08
2.96789865938e-20
5.65827228418e-47
2.09670741936e-14
5.44029867373e-18
0.00286142568324
0.000426884199314
3.54035683944e-50
4.34451162733e-05
2.85890785555e-10
3.80807166614e-22
1.13887847704e-08
4.25358751689e-24
1.78542208395e-17
0.00175810193574
1.7376476539e-08
5.81430646555e-18
1.87907560966e-13
7.66654236889e-53
4.59542450894e-15
6.61501581801e-06
0.00985590778097
1.2037371346e-26
6.99789488011e-27
2.90320311254e-09
1.53712615864e-17
1.04364291224e-37
1.32455023506e-31
7.80448205897e-26
4.03515398875e-25
2.61220261505e-23
2.54639656168e-05
3.66470589321e-07
7.26543462539e-09
1.57440633213e-14
2.28734330317e-05
2.96558340571e-13
7.63245420871e-19
1.82780679392e-09
2.83137189427e-29
7.77554832555e-11
2.46231226767e-05
0.00985590778097
0.000604533701574
2.08056031908e-12
7.70875034391e-06
1.09875689645e-27
0.00258144958656
0.0
9.44438226769e-21
6.74969559899e-08
1.66412846318e-05
1.85385262918e-07
1.37546465514e-05
8.41930107575e-09
2.6351129855e-22
0.000762525689312
0.0185473632812
3.52429781727e-27
2.08594830161e-09
1.43719350996e-18
1.77917660084e-16
4.06591149918e-07
2.90514330159e-17
1.56649162701e-24
8.5302713324e-16
1.79148105552e-05
3.39094486723e-07
8.27664734042e-20
5.50884878979e-53
4.75136053108e-11
0.0
6.89356455478e-05
5.2912961881e-35
1.32190371344e-10
1.59259073194e-05
8.14322129808e-29
3.48039436711e-22
1.57604643464e-17
7.8835772449e-05
0.000461779747807
2.70357487073e-32
2.35510367581e-86
3.57060425888e-10
9.15812440172e-11
1.90547286975e-11
0.00157492520039
1.33378099127e-14
7.61428975637e-27
1.46913138775e-07
4.15081160711e-13
1.29739814323e-22
1.31027331417e-08
1.27237424308e-08
0.000923189415128
8.5604995814e-10
3.02056178761e-13
1.47368045915e-15
0.000295372138303
1.3599696017e-06
1.20987022903e-05
8.34477115033e-07
5.44950333922e-05
1.347404462e-33
0.000426884199314
1.42767205112e-05
3.77353814388e-05
2.22702727766e-69
2.99205280286e-33
8.90024855553e-18
2.11792688729e-08
8.70844316604e-05
1.0230422376e-12
1.41516007379e-05
2.04142406289e-25
0.00985590778097
9.29202974578e-09
1.31576171378e-17
3.31542581799e-20
0.00286142568324
2.04371456462e-16
2.98254301069e-15