500
1.17700661929e-40
4.46250522579e-18
0.000234459360106
3.35754669618e-23
1.02462931239e-13
2.32408894955e-05
2.76148397111e-11
1.58566946647e-10
2.00276603466e-12
2.62774597857e-28
2.70421514345e-08
0.00398539970264
6.45860518334e-11
7.28393585968e-34
1.66230875172e-06
2.14661828023e-06
0.000907316782195
1.94097416307e-07
0.000160734734563
7.42018989976e-09
1.08795900355e-18
0.000241743789203
1.4145198102e-07
4.1791754346e-36
0.000114052175901
0.029469279661
8.86129229906e-07
3.7792983498e-07
3.93469916919e-17
2.05113471487e-15
0.0225227963526
1.10979468318e-06
0.0013
1.1038960026e-12
5.724511763e-33
5.21085906346e-05
9.38769953503e-06
0.00787813099216
2.31366582892e-11
8.91424223088e-07
7.06505058074e-11
2.07410834441e-32
6.04353096071e-06
1.20641199737e-34
3.65603285451e-39
1.9094901083e-20
8.11079120452e-27
5.00231171682e-12
0.000279298462577
0.00048334186875
0.000426878517094
0.000107436884504
7.84352109555e-05
1.88739606083e-17
5.19468387516e-10
4.37755405485e-17
1.19154269225e-19
7.94614723681e-08
3.0040309251e-05
6.81388207081e-26
1.03789392655e-17
0.00281490534559
1.03953273999e-09
6.80153093419e-21
4.49953158778e-25
2.7760693613e-11
9.29254645476e-06
2.68847565971e-26
4.57904785378e-09
0.000111006128703
1.60370634029e-18
7.00155404032e-13
2.06733554493e-05
0.00046420802004
3.93977954212e-29
1.73967294288e-17
4.73094886878e-15
0.000196491719185
3.29059024068e-06
3.44636045255e-19
0.029469279661
0.000764968709065
1.30987244078e-29
4.91511775753e-17
0.0
5.99328993366e-12
1.07823931257e-45
5.29497736214e-05
2.62353242362e-05
0.0225227963526
7.305531591e-16
3.46520506621e-24
5.40109601089e-05
3.27695386015e-31
1.1997610992e-11
0.0225227963526
2.38953673554e-05
4.55349476439e-09
2.07825948968e-18
6.2203401168e-18
7.33342927243e-14
6.21425725972e-07
3.47939773417e-45
5.57012833352e-09
1.87180106919e-05
0.029469279661
3.48182970001e-25
8.74580970194e-32
1.44958222598e-30
6.58502039056e-16
7.83660303051e-10
0.00787813099216
9.99434641862e-68
0.00106179799446
1.47509946892e-55
9.83694709415e-06
6.19810022757e-13
0.00171961690333
6.78772091554e-21
1.18866329196e-08
8.70793631877e-06
8.80509857669e-40
7.18461904888e-17
1.06083562481e-11
1.6458935907e-19
1.26751415125e-19
7.16734559101e-09
5.45399964114e-07
3.02290264933e-09
7.08477463297e-10
1.31913954575e-13
2.67789995175e-10
8.95387471187e-19
1.27155782639e-07
5.00764005704e-11
1.44082717812e-11
0.0225227963526
7.03833787281e-07
6.60552366989e-09
2.03797500969e-08
8.59936691418e-40
7.3099024813e-11
0.00787813099216
1.58556332536e-08
1.69915748725e-16
0.000355154455742
8.14611901866e-06
2.8211351549e-17
2.77305564728e-14
2.0860155379e-23
1.53893932586e-09
0.000129129158309
2.31581451954e-23
0.0225227963526
8.99806156408e-07
1.19442735749e-10
7.80499468728e-18
2.86801792947e-23
6.51286983269e-11
6.74580748277e-36
0.0225227963526
7.76474482775e-28
3.72480921072e-14
5.35061143063e-25
5.29587229686e-07
0.029469279661
2.73924956141e-08
1.16243487794e-08
4.7808550736e-13
0.029469279661
0.00225330436899
0.029469279661
2.52022562477e-17
3.73846850873e-11
6.75112126203e-05
2.15611538994e-16
8.75292540933e-20
0.00635847608073
3.55577408973e-13
6.85763903e-47
7.34069662706e-08
2.81843279418e-24
1.71424121203e-12
0.000994782170084
1.61367267057e-05
6.62062506883e-11
2.60839566013e-12
0.029469279661
1.13232164931e-10
1.7491192915e-08
1.00700841284e-05
4.1964157952e-05
0.00635847608073
3.41012886714e-09
6.20841332219e-17
0.0225227963526
3.32568336449e-27
4.62466039316e-09
9.06337870729e-13
0.00254807227858
4.42755360391e-10
2.59367074788e-18
1.52347150027e-19
5.35957795473e-14
2.34084258901e-38
0.0
1.94642895592e-05
0.000390169577639
2.71701126025e-42
2.36162623798e-09
3.61918170461e-15
8.62569687318e-19
4.73992998866e-24
1.03410687166e-06
3.15286375975e-13
0.0225227963526
1.31532623582e-07
1.6324987789e-16
1.37652200505e-07
5.48434711726e-21
0.000352528967882
7.25257847274e-13
8.7798649148e-05
2.19551243204e-05
8.81381854792e-13
0.000426878517094
8.00096194501e-35
1.08116581547e-45
0.00597306092114
5.35884009295e-15
0.029469279661
1.81628044784e-21
0.00303401206254
5.45404975975e-09
7.61696075075e-06
1.41932998538e-08
9.06532619864e-32
1.82400200002e-15
1.64957617405e-06
0.0225227963526
4.34917765357e-25
4.69651071961e-97
1.07773254161e-09
4.27910317364e-28
6.87411901518e-16
0.0014123381842
3.49828486639e-12
3.22633730376e-11
3.23214589616e-12
1.10952672139e-28
3.01949609641e-07
1.98704132103e-09
1.06554860135e-08
5.65150186746e-05
0.00794322709164
0.00597306092114
2.96088170896e-10
4.39508694727e-13
0.00398539970264
2.80399879171e-11
2.20408950806e-15
8.45094319555e-13
6.67758302464e-13
0.00254807227858
6.68253564909e-34
0.000907316782195
2.50014916283e-08
1.64476581143e-07
1.89571008941e-08
6.71777786608e-20
2.77143471421e-17
3.5993397543e-10
0.00111418324455
3.62947046371e-44
3.06454726644e-05
2.16072863055e-30
5.80346734267e-08
5.68157766704e-20
1.35419590766e-05
1.03839888942e-31
2.03578815229e-36
1.28512613732e-27
1.67889723335e-20
2.43043431235e-25
6.85793365549e-70
9.49468550706e-12
0.00794322709164
3.06412464884e-60
7.09356788615e-85
9.88271821595e-10
1.95433516562e-23
0.0
2.87540348076e-09
3.61627324621e-05
5.34235065385e-22
2.99709599666e-11
0.00014423200435
3.89006576832e-74
0.0225227963526
1.00339565342e-07
8.8885927429e-26
8.44597378534e-23
0.029469279661
0.0016889408004
4.41727107105e-15
2.69067157337e-07
1.23528634241e-14
1.77243460272e-16
0.0
5.62817543305e-16
6.54932954305e-24
1.57480689684e-08
3.29833710318e-18
1.80131095845e-29
0.0225227963526
0.0013
8.53702224209e-23
0.00303401206254
6.84664155081e-31
1.03978263861e-11
1.49901620111e-33
2.4383794903e-32
7.11909636481e-32
3.85343831728e-19
0.000667970125759
9.8856549384e-13
1.1392424277e-17
3.39105132513e-08
6.48813954596e-17
3.2031503431e-06
9.13380755475e-05
4.67231441411e-13
6.96853963047e-12
1.59898785172e-11
1.70829000707e-06
1.45408874438e-12
3.16603729208e-40
4.51946098627e-08
3.4639195022e-06
1.70917904349e-55
1.25083022628e-06
0.00303401206254
3.51582951694e-06
6.5742584829e-11
0.00113863552806
2.15752420029e-14
8.04451703843e-05
3.70578724211e-10
1.88129600591e-16
4.05065439826e-21
3.28927153042e-19
7.19981297589e-17
1.78086606047e-17
3.29111873534e-30
3.17453264849e-20
5.87234546482e-47
2.90008307328e-05
5.04279462181e-08
4.65864574215e-25
2.80366625137e-21
9.82172431931e-24
6.69706628228e-13
2.61035122381e-18
0.000103563221923
2.46160215284e-22
1.77534801863e-11
1.47042826841e-16
1.01692891437e-12
2.58919407104e-19
5.22633292723e-21
6.49531671752e-16
4.23546682776e-34
1.06845237454e-15
0.029469279661
0.0013
2.13301251565e-14
1.7384148853e-06
6.71973532253e-14
2.21654080315e-08
2.19393920028e-20
4.79747896328e-47
5.01969854574e-13
1.37327472379e-16
0.00635847608073
0.00303401206254
1.1396351727e-50
4.77563332878e-05
5.33932640149e-09
8.80766688583e-21
3.1167898129e-09
1.29552422691e-23
2.10412768481e-17
0.00597306092114
4.29594505566e-09
1.60452286133e-17
2.53289398352e-12
1.30141561748e-50
2.0834484973e-15
7.00317116637e-05
0.0225227963526
2.58715643621e-26
6.27536479925e-27
4.56782232093e-10
2.1821075486e-18
1.27750619542e-37
8.97756666215e-33
2.67642697048e-25
1.55198027039e-24
2.96781744636e-21
0.000127028413389
7.96903971035e-07
2.14269648281e-08
1.08099729978e-14
0.000178570912154
6.8585490234e-13
2.36907426278e-19
1.5177118856e-09
9.95583371008e-28
2.23725620577e-10
3.71305437402e-05
0.0225227963526
0.00043764691847
1.23641417846e-12
3.97596108193e-06
1.30248823893e-27
0.00281490534559
5.81294909391e-10
3.91276244398e-21
1.75800331159e-08
7.91523016204e-05
7.85037040254e-08
2.07546441282e-05
1.18844898505e-08
3.79121254589e-20
0.00171961690333
0.029469279661
1.32100677315e-26
2.88985034868e-10
1.07908552718e-18
2.03752432002e-16
1.510921941e-06
1.01347620442e-18
6.15244395078e-23
1.21055072991e-15
9.35654371745e-06
2.13314210762e-07
1.5091993542e-19
1.31648616078e-52
1.32073689318e-10
1.50063773517e-18
0.000170713527002
7.12440557021e-35
3.86753573319e-10
1.49260171169e-06
6.76260663473e-28
2.88361750444e-22
1.01183262634e-18
0.00034853892196
0.00159680035963
1.42855440706e-31
2.1810011601e-86
1.09471549469e-09
1.27989677696e-09
1.54777470248e-11
0.00106179799446
1.51647437287e-15
5.77851280301e-27
8.29734485221e-07
7.16206475701e-13
5.8253922909e-22
5.38842920771e-09
1.77410153045e-06
0.000452781165786
2.02265195976e-09
1.95224911873e-13
4.62789256304e-15
0.000769826569696
1.11748092773e-06
6.07831171672e-05
5.31620894096e-08
0.00014423200435
2.2858666439e-33
0.00303401206254
1.92487301786e-05
0.000211402538499
4.2350201092e-70
0.0
7.93337766924e-18
7.62606406782e-08
0.000667970125759
5.8228454157e-13
1.72146574148e-05
3.72850746862e-25
0.0225227963526
2.54781202799e-09
2.60649143588e-17
1.75861163692e-19
0.00635847608073
7.42511755215e-16
1.14887853547e-14