500
0.0101241751236
0.000215606449198
0.0946777901374
0.00743501504221
4.78560658131e-07
0.0128287805001
0.0101241751236
0.00159119895686
2.04189463575e-08
0.00040579289395
1.31178293753e-07
1.49996359894e-06
0.000425989455756
4.55442029468e-05
0.00450171071337
0.000241432852459
1.52205793392e-07
4.40654043794e-07
0.000349162867174
1.87478734323e-08
1.62935723364e-05
0.0946777901374
0.033071197108
0.0263303473467
2.76321465216e-06
0.00071629375731
1.0373762883e-05
0.000349162867174
0.033071197108
0.00353828560789
0.00227610128802
1.73822100568e-05
2.98140493112e-09
0.0152599484096
0.033071197108
8.67676028868e-10
0.00422234291518
0.0152599484096
5.01811765526e-14
4.87354799367e-09
1.2999292786e-06
0.000433660741893
0.000357730871995
0.000475223326076
0.00104470492904
0.0946777901374
8.7816382763e-12
4.87331903519e-05
2.56927502572e-05
0.00743501504221
4.61222571069e-09
1.96080390563e-08
1.30334250102e-06
0.00353828560789
6.11233511753e-09
1.44118688015e-12
1.81601385266e-10
0.0101241751236
5.86309772035e-07
0.0101241751236
0.033071197108
0.000617248359133
0.000617248359133
0.000617248359133
0.00109986094941
0.0946777901374
2.200666006e-06
2.02222042577e-06
0.00111572683112
2.934873688e-05
0.0128287805001
4.69206855294e-05
0.00104470492904
2.4666995449e-06
5.10727759229e-14
1.89787260364e-07
0.0263303473467
0.00104470492904
0.0946777901374
0.00353828560789
0.0128287805001
0.00353828560789
0.00157466096011
0.0946777901374
0.00049663367708
0.0128287805001
4.59296579004e-06
0.00422234291518
0.00413829479639
0.000125876934406
0.033071197108
0.000155173953097
0.0152599484096
0.033071197108
1.22537840167e-11
0.033071197108
0.033071197108
1.96882737313e-09
0.00144551708171
0.033071197108
8.51893812434e-06
3.2270368363e-05
0.0128287805001
4.84723062111e-05
0.00392730931332
1.89090405039e-06
7.00906815427e-18
3.92962979308e-06
9.34624311764e-07
2.75777887144e-07
2.84484105613e-08
2.09566977999e-09
0.0946777901374
0.00159119895686
0.00743501504221
7.51621948631e-13
0.000118486432692
0.000856918835543
2.29331534468e-05
0.00392730931332
3.60834083845e-11
0.00109986094941
0.0946777901374
0.000168237325828
4.85948782342e-11
0.033071197108
0.00050688459319
7.92926213359e-05
0.0128287805001
2.71080404473e-07
2.30116887076e-09
5.21152003823e-05
0.00227610128802
3.80324808557e-05
0.000349162867174
7.70680709129e-06
0.033071197108
4.42007141744e-08
3.56526950946e-07
1.71520781263e-08
0.0101241751236
3.57403847508e-16
1.50230846515e-10
5.4581978579e-06
6.15711940235e-17
8.67111216279e-07
7.90182340839e-09
3.9422368611e-06
2.75540238234e-06
0.00743501504221
2.38149776927e-06
8.36367610805e-05
1.70441869924e-07
8.82923171481e-08
4.53429351228e-07
0.033071197108
9.94866705547e-05
0.0263303473467
3.02752324019e-09
0.00144551708171
0.000984014190997
0.033071197108
0.033071197108
2.61080173574e-11
1.81745952379e-08
0.00050688459319
0.033071197108
0.033071197108
0.00743501504221
0.0946777901374
4.16837099306e-07
4.64857112449e-06
0.000302431092869
1.61964801051e-07
3.61089184391e-06
0.000484740940076
0.000129350674074
3.18170735645e-10
0.0128287805001
0.0152599484096
3.38081822393e-08
6.49417559558e-12
0.0101241751236
5.35362974756e-05
0.000100219638104
2.90355638198e-10
3.41786086951e-06
3.70874602447e-06
0.0128287805001
0.033071197108
0.00104470492904
0.0946777901374
0.00239837949211
0.00912131443532
0.033071197108
0.0128287805001
2.80924851592e-05
0.0946777901374
0.0128287805001
0.0128287805001
0.033071197108
0.000256419030482
0.033071197108
0.033071197108
0.00413829479639
0.0128287805001
0.000575356151142
2.03168961627e-13
9.46455224726e-11
6.88153402091e-18
7.92926213359e-05
3.26263434222e-13
0.00392730931332
0.00743501504221
8.57707644529e-07
7.04471224451e-07
4.89370895531e-05
0.0946777901374
0.0101241751236
0.000155173953097
0.00191347985172
0.000949260560034
1.3629224934e-11
4.59625465713e-05
0.0128287805001
1.21781378147e-06
1.61388502108e-07
0.00743501504221
0.000617248359133
0.000160500524381
2.52946769198e-08
2.59754759841e-05
2.29610457007e-09
9.2875897555e-05
1.28633834313e-08
0.000340880533277
2.76331287081e-13
0.0011405604765
0.033071197108
0.0128287805001
6.20170213349e-05
4.40312126919e-14
0.00318609873696
0.00743501504221
2.56927502572e-05
3.04799634244e-06
3.56526950946e-07
1.69475498388e-11
2.89718550023e-08
3.18370165228e-06
1.63344892936e-11
6.11382555072e-06
4.87331903519e-05
6.64812763669e-08
0.033071197108
6.00135731592e-07
6.41321826386e-07
0.00104470492904
0.00220904330818
0.000100022120518
1.29278736798e-07
2.14810042476e-06
0.033071197108
0.033071197108
4.03808477322e-06
3.70389564829e-06
0.00040579289395
1.7880224807e-11
7.92926213359e-05
1.47271356168e-06
0.000442520058515
1.68446638644e-08
0.00743501504221
0.00109986094941
1.07365030688e-07
0.0128287805001
3.8752705983e-05
0.033071197108
0.00392730931332
0.033071197108
0.0128287805001
5.76673998631e-07
0.000303647675899
0.000184345783397
0.0946777901374
1.35495474833e-06
0.0946777901374
0.00050688459319
0.033071197108
0.033071197108
0.033071197108
0.0101241751236
9.54823905914e-06
0.0101241751236
0.033071197108
0.0946777901374
0.000514774351665
0.000108742923678
1.78264436707e-05
0.000575356151142
7.03862216632e-13
3.889457615e-06
0.00159119895686
0.0946777901374
0.00144551708171
1.78682194972e-10
9.4335530657e-05
0.000145620294045
2.98285328957e-08
0.000442520058515
5.29359160873e-13
0.033071197108
0.000324978899651
0.033071197108
0.000172564611926
0.0946777901374
0.033071197108
1.45284962609e-11
0.00111793010045
1.03123935005e-06
0.033071197108
4.00245586712e-08
0.0128287805001
2.97902607531e-07
0.000349162867174
0.00111793010045
0.000124956319346
3.57698761485e-08
0.000442520058515
1.65347849196e-05
0.000417420135931
0.00104470492904
8.65739538869e-13
0.0128287805001
0.000241432852459
0.033071197108
0.0946777901374
3.57051680121e-11
0.00353828560789
0.000433660741893
0.00159119895686
0.0101241751236
0.0946777901374
1.17504674217e-06
0.0263303473467
0.000701274308616
0.0128287805001
0.0128287805001
4.57265903403e-05
2.73332792219e-09
7.56893426474e-13
9.01813105411e-12
0.033071197108
1.97978804477e-09
0.0946777901374
0.0011405604765
0.000442520058515
6.27651306611e-10
0.00239837949211
1.56361465972e-05
0.0101241751236
0.0128287805001
2.65121281554e-06
0.0128287805001
8.8213941686e-07
0.0128287805001
3.55771613518e-07
0.033071197108
3.54821253195e-09
3.61331037385e-12
8.82597858623e-08
3.53436172883e-17
8.26907879438e-07
0.033071197108
2.35244903275e-07
6.12498530927e-12
4.57016975257e-06
9.30020728007e-10
0.00743501504221
0.00743501504221
2.56927502572e-05
0.0263303473467
0.00050688459319
0.0011405604765
4.84776971352e-08
6.86873890898e-10
0.0128287805001
2.40572710863e-05
1.59915427585e-06
0.00220904330818
3.93356852581e-05
0.00912131443532
0.00353828560789
0.000700177193379
4.71390594895e-14
3.09988761626e-09
8.5420479137e-21
9.39138378178e-17
2.66207241281e-12
5.42785579807e-05
1.45324532756e-07
4.92337791489e-07
4.21553397708e-08
3.28497801631e-05
0.033071197108
1.50943309442e-07
1.95527816086e-15
5.84023078487e-11
0.0101241751236
0.033071197108
0.0128287805001
0.0152599484096
0.0946777901374
6.28590840585e-12
0.0263303473467
0.00109986094941
0.033071197108
2.05043433295e-11
2.99922133525e-05
3.8752705983e-05
0.0101241751236
7.49081075102e-07
0.033071197108
0.00157466096011
0.0946777901374
1.73856990734e-09
0.0128287805001
0.033071197108
5.47414028108e-11
0.0946777901374
4.56632644821e-05
3.97204388958e-07
0.00353828560789
0.033071197108
0.0946777901374
7.73166552721e-05
3.68810192663e-06
1.89023752189e-06
1.59465343535e-08
3.88339911763e-17
9.59989537267e-10
0.00104470492904
1.60090105361e-10
4.28904452393e-11
0.000155173953097
0.033071197108
1.84669074047e-07
0.00469428487421
4.49025710443e-09
0.000256419030482
0.000131583756229
0.00469428487421
3.8752705983e-05
1.08733383246e-06
0.00111793010045
0.033071197108
0.000324978899651
3.77437721997e-07
0.00050688459319
0.00450171071337
2.5439818114e-13
0.00050688459319
3.74729808079e-14
0.0101241751236
0.033071197108
7.80522819793e-06
0.033071197108
6.61093813649e-07
0.0128287805001
1.33647955378e-12
0.000188037799156
0.000856918835543
0.00104470492904
7.62194808537e-14
9.03356651048e-07
3.8752705983e-05
0.000150577468402
4.49732917343e-06
6.16784561793e-25
0.00450171071337
1.96719255683e-25
0.000215606449198
6.10130919252e-12
0.00743501504221
5.86428636755e-07
5.29361369634e-09
0.0128287805001
0.000119516039191
0.033071197108
7.03988902452e-12
0.033071197108
6.3728186408e-06
0.000617248359133
0.000324978899651
7.81475055254e-08
1.46717749764e-05
3.39986968985e-10
0.0101241751236
6.24947111397e-06
0.000729700033355