500
0.0
0.0
8.92134931909e-07
0.0
1.3360176741e-12
1.28359809633e-11
1.79904622511e-11
1.78260296868e-10
1.73523677176e-15
7.5047857763e-10
1.4714758886e-06
0.000416466878175
0.0260089014644
1.76690589433e-07
0.00227809691157
3.36737382309e-05
0.000160560586025
1.25094650881e-07
5.25861746796e-09
2.38232766944e-07
0.0
3.19840555346e-10
0.00353929779289
1.61278158656e-05
1.33980390616e-16
1.44289150447e-05
0.0260089014644
3.37227838311e-05
2.12094102371e-05
0.0
2.08717856685e-09
9.26259140842e-05
1.42186232277e-08
0.00072512839449
3.24873122897e-06
9.62737210168e-14
0.0
0.0260089014644
0.00227809691157
0.00353929779289
5.33758765347e-10
7.33019039931e-05
1.02989330756e-07
5.00764737172e-06
2.52788626871e-21
2.74039692234e-10
0.000416466878175
0.0
6.68233905371e-08
2.89543426605e-11
0.00353929779289
0.0
0.0
0.00227809691157
0.0
2.00295041058e-06
9.31745058413e-10
0.0
0.00072512839449
0.0
2.34437518006e-08
2.54003456797e-05
0.00072512839449
0.000129222370306
0.0
0.000355313127062
5.15243926522e-19
1.90844851994e-08
4.28619031652e-08
0.0
2.03002077721e-14
1.56591789059e-11
2.70659367278e-05
2.12187447071e-05
8.38403444994e-19
0.0
0.00227809691157
4.22308017973e-10
0.0
3.40387130416e-09
3.16985653551e-12
8.32628059967e-10
3.67140457088e-09
1.22679394066e-05
2.48263359588e-10
0.0
4.3199585372e-17
1.31939272023e-08
0.00072512839449
9.50314914889e-07
4.40452691324e-05
3.13134296032e-09
0.0
7.89817518045e-10
5.18663365728e-11
0.00353929779289
2.38577006296e-08
2.00295041058e-06
2.16891429973e-11
0.000825426231634
0.0
4.0056219695e-08
6.09964598496e-12
1.84954516358e-15
0.00201733244532
0.000517037158952
3.43415814799e-07
0.000416466878175
0.0260089014644
2.62043090362e-12
4.64896129026e-06
2.65262341739e-16
1.93186083544e-07
0.00294546886369
2.44442840782e-05
1.55450534535e-06
0.00191821280488
9.4196872417e-05
5.881775527e-07
1.26261789398e-08
1.00168483602e-07
1.10542132528e-13
6.47221877765e-19
7.86466351613e-11
9.31189531009e-13
0.0
5.75319838766e-06
2.53262877005e-09
3.07847393031e-08
0.00294546886369
1.65848920349e-06
2.18242059344e-07
1.24458697023e-17
2.41134569204e-22
3.23157053799e-14
8.49174062671e-05
1.04891094352e-05
9.16333643911e-07
0.0
0.0
2.31315788701e-06
6.60429601443e-16
0.00353929779289
2.54003456797e-05
0.00072512839449
1.10002227911e-09
4.77473016772e-11
0.0260089014644
0.000155255416534
0.000836968042186
0.0
0.00696927145084
2.6307798996e-11
0.000269027552647
1.83532110112e-07
0.000289848696313
1.15157548244e-12
8.0038891488e-08
8.81432981612e-08
3.03255701857e-10
0.0260089014644
0.00294546886369
4.96692575752e-05
4.66907952564e-07
6.39600875525e-15
6.39348122606e-12
0.00072512839449
1.3907309934e-05
0.000271766445536
4.04682234906e-05
0.0
1.86223979106e-09
1.10281754442e-06
0.0
0.0
0.0
0.000179099333758
9.99843925256e-06
2.94827602455e-07
0.000134550512509
0.00353929779289
5.86768382301e-08
5.47717432215e-07
0.00353929779289
3.73322484369e-08
0.00294546886369
4.78419043102e-07
2.56161265161e-05
4.65130742897e-05
0.0
4.66217669231e-05
5.51783884519e-05
6.20147275004e-10
2.66898547124e-09
0.0
5.3795139039e-05
0.0
2.21314901983e-08
0.00072512839449
0.00227809691157
3.37064630391e-09
0.000267346601084
3.8702037274e-05
2.64014355708e-12
3.97243146368e-13
8.43037959565e-08
3.8585032311e-15
1.57142476951e-08
1.19857547296e-14
2.11665622743e-12
0.000355313127062
0.0
4.66357416175e-15
2.81288715877e-13
1.98166523605e-07
0.0
3.81882363312e-16
3.07574379418e-06
5.96575994678e-10
0.0
7.24704552881e-06
3.1063198819e-05
2.98516807482e-39
2.19246719865e-09
4.21936065213e-06
1.12132261979e-09
4.04757056902e-09
2.3201404786e-17
1.07699427826e-14
1.02125479133e-16
5.85919773958e-05
1.54441715211e-06
8.19766780665e-06
2.099635661e-07
1.54846694423e-05
6.16900452826e-05
0.00353929779289
0.0
4.42196259819e-22
4.74135034098e-07
0.0
1.24615561697e-05
1.59342718579e-11
0.0260089014644
4.11253001991e-14
1.74808126034e-08
1.06042638326e-08
0.00227809691157
0.000240504354335
5.73121124385e-09
2.89163081436e-05
0.000251139920206
2.19810592571e-07
0.0
0.0
7.62396163038e-08
0.00696927145084
0.0
3.24873122897e-06
0.000974822783903
9.48293113952e-07
4.40230970325e-17
0.000648717468945
0.00069796691582
0.0
1.79667149447e-15
1.43019225991e-06
4.61643794074e-06
7.39534190765e-18
4.66217669231e-05
0.0
4.213771028e-05
3.35042705729e-12
0.0
7.73963174322e-12
2.30839057757e-07
1.51886197541e-10
0.000166901441814
9.17531402731e-07
0.0
1.18076081806e-11
1.2033842722e-13
3.37227838311e-05
0.000517037158952
6.87412052064e-19
1.37702034341e-08
0.00294546886369
0.0
1.15179959787e-16
0.0
1.44631389746e-12
0.00227809691157
0.000159248044321
9.12211095036e-09
2.13349506593e-07
6.44344468873e-12
0.00353929779289
1.24358166932e-10
0.0
6.94970604128e-24
0.0
0.0260089014644
0.0
1.47905483218e-12
4.66217669231e-05
4.3251447821e-10
0.000416466878175
9.51960363265e-10
0.0
0.0260089014644
0.0260089014644
0.0
4.18078546519e-08
0.000517037158952
1.52627809025e-05
5.74130524216e-13
0.000416466878175
2.86435896772e-05
0.000442749561381
1.29461319113e-06
0.0
2.47972282554e-06
5.75237830455e-14
0.0
4.46416061057e-14
0.0
0.0
6.16900452826e-05
5.63301367579e-06
3.96794940425e-07
0.000355313127062
9.17891617908e-07
4.53090295791e-11
3.3665084414e-07
1.4062127634e-07
1.38345009913e-12
2.07439845306e-09
1.28625403589e-21
1.09702398668e-12
0.000102288436564
3.27056809714e-07
1.47111948136e-06
0.00227809691157
2.12094102371e-05
4.01420240483e-11
6.9476188445e-07
1.80561670175e-06
0.00294546886369
0.000245093193279
2.56987256373e-11
1.34336582201e-07
0.000179099333758
0.0
5.63301367579e-06
1.00786243626e-23
4.46856167385e-05
2.67146598437e-18
0.000129222370306
1.2856753592e-07
1.49820140943e-07
3.65594520792e-16
2.15607424888e-13
0.00294546886369
4.457463007e-15
4.64040565794e-16
6.0641883523e-10
8.68261790392e-33
0.00294546886369
9.13713146596e-14
0.00072512839449
0.00227809691157
2.01510931285e-20
5.18640270943e-15
0.000186424581311
8.66556059981e-06
0.000123094579279
0.0260089014644
0.0
0.0
3.1210017445e-15
1.02290025019e-06
3.48962566905e-12
0.0
0.00353929779289
8.56757868786e-06
2.4368619737e-28
0.000517037158952
0.0
2.41732484156e-09
0.000224689430238
0.0
0.000269027552647
0.000416466878175
0.0
1.28719374891e-05
0.00353929779289
0.000836968042186
1.51170900315e-05
0.00072512839449
1.48864880961e-19
2.82787242464e-06
0.0
6.19522058801e-15
9.59928388638e-05
9.59928388638e-05
1.46508113956e-09
1.25841278281e-12
2.17551153538e-08
0.000123094579279
3.37874167886e-11
1.14747901662e-05
1.57157436168e-18
8.40150444812e-15
7.66355911137e-07
3.29913578174e-10
2.07238985515e-08
0.000269027552647
0.0
3.29995341805e-12
4.40404491229e-08
0.00201733244532
1.26968903734e-08
0.0
1.2729636891e-06
0.0
2.21865746609e-17
0.00072512839449
7.00632277374e-07
6.95053850771e-09
9.92583670013e-06
6.31383839707e-12
0.000648717468945
2.3933140868e-09
1.24425093881e-05
1.32308639943e-05
0.00353929779289
0.0
9.67627617252e-06
0.0
0.000240504354335
0.00353929779289
6.63845087454e-07
4.77365579308e-11
0.0
0.000251139920206
4.29563039284e-05
0.0260089014644
0.0
0.0
0.0
0.000123094579279
2.24771605583e-06
2.02049623157e-10
1.47592276493e-12
0.00227809691157
9.63369745069e-11
5.50624927182e-15
3.70805792223e-06
4.52813462056e-07
8.33278137431e-05
3.66887158585e-07
2.39428202589e-05
5.49655262329e-17
1.71641363955e-07
9.93640194519e-07
1.11549669768e-08
5.42053248579e-13
8.83594579817e-05
0.000251139920206
2.42047101947e-11
6.70883703802e-35
3.9173411121e-15
0.00227809691157
0.0
0.0
0.0
2.1195494034e-10
2.86704725638e-07
4.60669202199e-06
3.32414218751e-08
1.56530866671e-12
7.47195797008e-08
2.31534499849e-12
3.32625413706e-05
1.2520419595e-10
1.87344760267e-11
8.35860483551e-15
0.0
0.00353929779289
0.0
2.0261610885e-14
9.9917454883e-23
9.38615800202e-11
0.0
0.000442749561381
0.000836968042186
3.36737382309e-05
2.03033438562e-05
9.85242238497e-07
6.52203323167e-10