500
0.0179091333608
0.00124055578695
0.104977397007
0.0110731461264
0.0
0.0274544660766
0.0179091333608
0.00477301087385
1.33538552417e-07
0.00108555941346
3.91783914607e-07
9.96010036875e-06
0.000728949568999
8.56157520998e-06
0.00130714792685
0.000943371279856
3.55551640774e-06
8.07631544809e-06
0.00148147800011
4.04702572093e-07
0.000131050245577
0.104977397007
0.0425380055351
0.0441155937214
4.80652849501e-05
0.000627803189939
0.000130111122235
0.00148147800011
0.0425380055351
0.00889417635284
0.00477822759074
3.79476061075e-05
2.92487503156e-08
0.0251638122542
0.0425380055351
6.95745901168e-09
0.00753052020558
0.0251638122542
2.76212612085e-11
6.06452468446e-08
1.35269744709e-05
0.000820790729553
0.00128919755729
0.00024969685404
0.00398996284773
0.104977397007
2.05645037177e-09
0.000245459504915
0.000216720216392
0.0110731461264
8.31051906894e-08
7.22461549712e-08
2.44354215361e-05
0.00889417635284
3.49349955752e-08
1.12773191999e-11
6.03620882026e-09
0.0179091333608
2.63354710843e-06
0.0179091333608
0.0425380055351
0.00299926440861
0.00299926440861
0.00299926440861
0.00268050424186
0.104977397007
3.73936564649e-05
3.48543114977e-06
0.00156281177055
0.000184469858051
0.0274544660766
0.0
0.00398996284773
1.62567314479e-05
4.61840437138e-12
3.58758034433e-06
0.0441155937214
0.00398996284773
0.104977397007
0.00889417635284
0.0274544660766
0.00889417635284
0.0013540536654
0.104977397007
0.00142867176259
0.0274544660766
0.0
0.00753052020558
0.00685490496203
0.000374656745055
0.0425380055351
0.000440075756044
0.0251638122542
0.0425380055351
7.23729209629e-10
0.0425380055351
0.0425380055351
0.0
0.00301177120704
0.0425380055351
0.000146736485643
5.22638760148e-05
0.0274544660766
0.000147110135378
0.0137374192267
1.31630121853e-05
4.36290108921e-15
0.0
2.79443087728e-07
8.34995415262e-07
1.42671725344e-06
1.72959821537e-07
0.104977397007
0.00477301087385
0.0110731461264
4.40684846646e-11
0.000668452763452
0.00264202348538
1.59323870255e-05
0.0137374192267
3.91297249137e-10
0.00268050424186
0.104977397007
0.000765695624735
1.13428225811e-09
0.0425380055351
0.000999025535433
0.000460046896826
0.0274544660766
1.14538916391e-05
8.81267254772e-08
8.3191268753e-05
0.00477822759074
4.96344503643e-05
0.00148147800011
9.80334014078e-05
0.0425380055351
1.67795975887e-06
5.90245676835e-06
0.0
0.0179091333608
4.15543655703e-12
2.42174429893e-09
3.13438417628e-05
1.50484692498e-13
5.14231561068e-06
2.27824969184e-07
1.6295558031e-05
3.18588685423e-05
0.0110731461264
7.44445015532e-06
0.000286046112178
2.73564706759e-06
3.61391260093e-06
9.54904819459e-06
0.0425380055351
0.000422640842288
0.0441155937214
5.36371363192e-08
0.00301177120704
0.00378562019953
0.0425380055351
0.0425380055351
1.66882295027e-09
1.89179606645e-07
0.000999025535433
0.0425380055351
0.0425380055351
0.0110731461264
0.104977397007
1.08565519731e-06
8.62784900799e-06
0.000719115452266
1.20228259483e-06
1.20634904793e-05
0.00151712484666
0.000387162384122
4.17666135911e-09
0.0274544660766
0.0251638122542
9.63358489709e-08
1.69883110192e-10
0.0179091333608
0.0
0.000345835255353
3.23921114595e-08
4.01364043244e-06
1.9713651753e-05
0.0274544660766
0.0425380055351
0.00398996284773
0.104977397007
0.00190375777642
0.00907158281125
0.0425380055351
0.0274544660766
0.000101335321563
0.104977397007
0.0274544660766
0.0274544660766
0.0425380055351
0.000973008725341
0.0425380055351
0.0425380055351
0.00685490496203
0.0274544660766
0.00142903861879
0.0
1.07489487594e-09
1.40297316173e-15
0.000460046896826
0.0
0.0137374192267
0.0110731461264
6.09936277353e-06
3.01810948602e-05
8.70719194311e-05
0.104977397007
0.0179091333608
0.000440075756044
0.00464953458792
0.00202885572166
0.0
0.000411955895522
0.0274544660766
5.25976032023e-06
2.72643739852e-06
0.0110731461264
0.00299926440861
0.0
7.74058893817e-07
0.00010292789598
6.70500444151e-08
0.00038531965074
3.52630984513e-07
0.000718932544312
0.0
0.00359851840287
0.0425380055351
0.0274544660766
0.000391514128172
3.64067477131e-12
0.00231912895418
0.0110731461264
0.000216720216392
0.0
5.90245676835e-06
8.6181461417e-10
1.00222251233e-06
6.14171575928e-06
1.23225822151e-09
7.02953925102e-05
0.000245459504915
2.58427724069e-06
0.0425380055351
9.6771288729e-06
5.491858134e-07
0.00398996284773
0.00529190238089
0.000521711847381
0.0
1.85504940746e-05
0.0425380055351
0.0425380055351
6.23770482595e-05
2.79257229444e-05
0.00108555941346
9.94594805345e-09
0.000460046896826
2.16404871509e-05
0.00129884598263
1.82909616679e-07
0.0110731461264
0.00268050424186
3.64986196324e-07
0.0274544660766
0.00050332324223
0.0425380055351
0.0137374192267
0.0425380055351
0.0274544660766
0.0
0.0
0.000470218017615
0.104977397007
1.03744808333e-05
0.104977397007
0.000999025535433
0.0425380055351
0.0425380055351
0.0425380055351
0.0179091333608
0.000121819443972
0.0179091333608
0.0425380055351
0.104977397007
0.00146465740611
0.000717081285748
0.000124747496854
0.00142903861879
7.58760031406e-11
1.50214110235e-05
0.00477301087385
0.104977397007
0.00301177120704
1.55666390372e-09
0.000692654133015
0.000617508016198
7.70158615995e-07
0.00129884598263
0.0
0.0425380055351
0.000728493848983
0.0425380055351
0.00165483870908
0.104977397007
0.0425380055351
0.0
0.00225919204014
2.62152976048e-05
0.0425380055351
2.79120460296e-07
0.0274544660766
4.82374324459e-06
0.00148147800011
0.00225919204014
0.000373677760885
2.0040628661e-07
0.00129884598263
1.03916189942e-05
0.000498952404802
0.00398996284773
2.26054279934e-11
0.0274544660766
0.000943371279856
0.0425380055351
0.104977397007
5.12982133039e-09
0.00889417635284
0.000820790729553
0.00477301087385
0.0179091333608
0.104977397007
2.12321310098e-05
0.0441155937214
0.0
0.0274544660766
0.0274544660766
0.0
0.0
1.16501664592e-11
3.50787644793e-10
0.0425380055351
3.68023764626e-08
0.104977397007
0.00359851840287
0.00187576082371
7.5476230656e-09
0.00190375777642
8.01891791806e-05
0.0179091333608
0.0274544660766
4.70083002555e-05
0.0274544660766
1.60763576677e-05
0.0274544660766
1.71114837818e-06
0.0425380055351
1.54539881394e-07
0.0
9.05750373276e-07
1.09449989416e-16
0.0
0.0425380055351
9.00444286158e-06
1.99595049631e-09
7.28319227223e-06
2.90547961972e-08
0.0110731461264
0.0110731461264
0.000216720216392
0.0441155937214
0.000999025535433
0.00359851840287
1.24599255129e-06
1.80982592128e-08
0.0274544660766
0.000224367401249
4.51545509679e-06
0.00529190238089
0.000294131474023
0.00907158281125
0.00889417635284
0.00435394149269
2.97524384056e-13
3.00941729596e-07
1.49685268892e-17
4.6158508592e-15
3.12082751889e-10
0.000255695282586
0.0
9.32545991969e-06
8.74599574846e-07
0.000254626858135
0.0425380055351
2.38313885985e-06
6.0074183539e-15
4.2441474841e-10
0.0179091333608
0.0425380055351
0.0274544660766
0.0251638122542
0.104977397007
3.2704059149e-10
0.0441155937214
0.00268050424186
0.0425380055351
2.00506439707e-10
0.00030502946184
0.00050332324223
0.0179091333608
6.63872867976e-06
0.0425380055351
0.0013540536654
0.104977397007
2.76794767595e-08
0.0274544660766
0.0425380055351
1.0324770959e-09
0.104977397007
0.000293059408002
7.92976898071e-06
0.00889417635284
0.0425380055351
0.104977397007
0.000139903691233
4.05024018736e-05
3.0432739311e-05
0.0
0.0
0.0
0.00398996284773
3.98268876067e-09
6.03991996012e-10
0.000440075756044
0.0425380055351
0.0
0.00297422356088
8.77141090992e-08
0.000973008725341
0.00116768262904
0.00297422356088
0.00050332324223
7.65124536768e-06
0.00225919204014
0.0425380055351
0.000728493848983
3.19678937238e-07
0.000999025535433
0.00130714792685
0.0
0.000999025535433
0.0
0.0179091333608
0.0425380055351
3.18069892175e-05
0.0425380055351
2.87851059068e-05
0.0274544660766
1.26999209402e-11
0.00128060640947
0.00264202348538
0.00398996284773
0.0
6.34485688688e-06
0.00050332324223
0.00015310185217
3.01067212526e-05
1.40180240526e-20
0.00130714792685
0.0
0.00124055578695
5.90736388597e-10
0.0110731461264
2.495634364e-06
5.03649883282e-07
0.0274544660766
9.81527707886e-05
0.0425380055351
1.66175906544e-10
0.0425380055351
3.95456011712e-06
0.00299926440861
0.000728493848983
1.7469862024e-06
0.0
0.0
0.0179091333608
1.51334837245e-05
0.000880389361007