500
0.0
0.0
0.000283281074333
0.0
0.0
0.0
0.0
0.0
0.0
0.0
0.0
0.0
0.000151115793401
0.0
0.0
0.0
0.0
0.0
0.0
0.000214624584858
0.0
0.0
0.0
0.0
0.0
0.0
0.0
0.0
0.0
0.0
0.0
0.0
0.0
0.0
0.0
0.0
0.0
0.0
0.0
5.25097850453e-06
0.0009358909026
0.0
0.0
0.0
0.0
0.0
0.0
0.0
0.0
0.00165123966942
9.36146358157e-06
0.0
0.0
0.0
0.0
0.0
0.0
0.0
1.34198437209e-05
0.0
0.0
0.0
0.0
0.0
0.0
0.0
0.0
0.0
0.000283281074333
0.0
0.0
0.0
0.0
0.0009358909026
0.0
0.0
0.0
0.0
0.0
0.0
0.0
0.0
0.0
0.0
0.0
0.00118727254069
0.0
0.0
0.0
0.0
0.0
0.0
0.0
0.0
0.0
0.0
0.0
3.45806476066e-06
0.0
0.0
0.0
0.0
0.0
0.0
0.0
2.30671414515e-05
0.000348364208339
0.0
0.00192556835877
1.8890360874e-05
0.0
0.0
0.0
0.0
0.0
0.0
0.0
0.0
0.0
0.0
0.0
0.0
0.0
0.0
0.0
0.0
0.0
0.0
0.0
0.0
0.0
0.0
0.0
0.0
0.0
0.0
0.0
0.0
0.0
0.0
0.0
0.0030356820762
0.0
0.0
0.0
0.0
0.0
0.0
0.0
0.000809308904303
0.0
0.0
0.0
0.0
0.0
0.0
0.0
0.0
0.0
0.0
0.0
0.0
0.00165123966942
0.0
0.0
0.0
0.0
0.0009358909026
0.0
0.0009358909026
0.0
0.0
0.0
0.0
0.0
0.0
0.0
0.0
0.0
0.0
0.0
0.0
0.0
0.0
0.0
0.0
0.0
0.0
0.0
0.000950091692587
0.0
0.0
0.0
0.0
0.0
0.0
0.0
0.0
0.0
0.0
0.0
0.0
0.0
0.0
9.73363466976e-05
0.0
0.0
0.0
0.0
0.0
0.0
0.0
0.0
0.0
0.0
0.0
0.0
0.0
0.0
0.0
0.0
0.0
2.29584151847e-05
0.0
0.0
0.0
0.0009358909026
0.0
0.0
0.0
0.0009358909026
0.0
0.0
0.0
0.0
0.0
0.0
0.0030356820762
0.0
0.0
0.0
0.0
0.0
0.0
0.0
0.0
0.0
0.0
0.0
0.0
0.0
0.0
0.0
0.00118727254069
0.0
0.0
0.0
0.0
0.0
0.0
0.0
0.0
0.0
0.00133319884385
0.0
0.0
0.0
0.0
0.0
0.0
0.0
0.0
0.00165123966942
0.0
0.0
0.0
0.0030356820762
0.0
0.0
0.0
0.0
0.0
0.0
0.0
0.0
0.0
0.0
0.0
0.0
0.0
0.0
0.000950091692587
0.0
0.0
0.0
0.0
0.0
0.0
0.0
0.0
0.0
0.0
0.0
0.0
0.0
0.0
0.0
0.0
0.0
0.0
0.0
0.0
0.0
0.0
0.0
0.0
0.0
0.0
0.0
0.0
0.0
0.0
2.89156884024e-05
0.0
1.46457667339e-06
0.0
0.0
0.0
0.0
0.0
0.0
0.0
0.0
0.0
0.0
0.0
0.0
0.0
0.0
0.0
0.0
0.0
0.0
0.0
0.0
0.0
0.0
0.0
6.90682264676e-05
0.0
0.0
0.0
0.0
0.0
0.0
0.0
0.0
0.0
0.0
0.0
0.0
0.0
0.0
0.0
0.0
0.0
0.0
0.00192556835877
0.0
0.0
0.0
0.0
0.00118727254069
0.0
0.0
0.0
0.000151115793401
0.0
0.0
0.0
0.0
0.0
0.0
0.0
0.00165123966942
0.00165123966942
0.0
0.0
0.0
0.0
0.0
0.0
0.0
0.00100659225429
0.0
0.0
0.0
0.0
0.0
0.0
0.0
0.0
0.0
0.0
0.0
0.0
0.0
0.0
0.0
0.0
0.0
0.0
0.00165123966942
0.0
0.0
0.0
0.0
0.0
0.0
0.0
0.0
0.0
0.0
0.0
0.0
0.0
0.000809308904303
0.0
0.0
0.0
0.0
0.0
0.0
0.0
0.0
0.0
0.0
0.0
0.0
0.000809308904303
0.0
0.000214624584858
0.00118727254069
0.00165123966942
0.0
0.00165123966942
0.0
0.0
0.0
0.0
0.0
0.000283281074333
0.0
0.0
0.0
0.0
0.0
0.0
0.0
0.0
0.0009358909026
0.0
0.0
0.0
0.0
0.0
0.0
0.0
0.0
0.0
0.0
0.0
0.0
0.0
0.0
0.0
0.0
0.0
0.0
0.0
0.0
0.0
0.0
0.0
0.0
0.0
0.0030356820762
0.0
0.0
0.00546700408163
0.0
0.0
0.00192556835877
0.0009358909026
0.0
0.00118727254069
0.0
0.0
0.0
0.0