500
3.52175203259e-06
0.000152668393327
0.000214889877948
9.96617084979e-08
2.60292273194e-21
5.58409750947e-27
1.95750706127e-40
5.0821197274e-05
5.13742000236e-20
5.76953127367e-25
1.68148892308e-40
4.87619316561e-14
0.0
0.000208162288999
1.08638885107e-08
6.21341042541e-14
5.21347087757e-18
4.33072012905e-25
1.67923249648e-15
1.04114776163e-10
0.000335960201972
6.19164362755e-16
4.3773535947e-09
6.48740947693e-10
5.03178167942e-09
2.54396178424e-24
4.62707785212e-17
8.88523843798e-10
0.00173749977689
9.90705255729e-49
1.46905843361e-09
1.46125829527e-07
0.00597155528974
5.9318159498e-32
1.68552944379e-18
3.90915312753e-05
1.01897813388e-22
3.17266723006e-07
3.81103316564e-17
2.93504962228e-18
6.74055914847e-08
2.08984266076e-06
3.50773296809e-26
4.93368946664e-14
5.43038188245e-10
4.46992651324e-09
0.00514514269399
0.00535094840174
8.7492452792e-11
8.27057313775e-47
1.38452199889e-07
0.000189684066526
1.55046866807e-21
5.38585871477e-21
9.37933120775e-27
0.000102002684425
1.05601364356e-07
0.0
4.89976894409e-17
0.000577773472858
5.6656356095e-11
0.0
4.4069501048e-12
7.56135708517e-06
1.9831217908e-05
1.5277518045e-14
7.11323526969e-28
0.000411742196877
0.0118941428228
3.29844808505e-06
6.46175402094e-11
6.55990155165e-44
2.7703369851e-17
0.000152668393327
1.33793989417e-07
2.61929574003e-13
1.19643654036e-06
1.29880315416e-14
5.42653343786e-36
4.4414371024e-06
1.65370485638e-10
1.54653746781e-37
1.99036785435e-08
5.7364878256e-37
2.30517956746e-08
9.73049396658e-10
2.02150071288e-12
1.98659267403e-39
1.180170529e-15
3.55381214461e-11
1.08578003428e-05
0.0
4.14972761276e-44
5.56100015557e-10
9.57139514192e-06
2.20983376051e-08
7.7976119608e-06
1.57297807091e-22
3.4470715737e-08
3.71415626088e-24
2.91040242739e-06
0.00106164270177
1.27756544308e-29
7.78959995121e-29
7.78043403623e-11
0.000800970825515
1.45841139008e-17
3.50154456652e-08
1.65147400512e-20
6.97380741852e-06
0.000133350877931
2.11117902961e-11
0.000111623337844
7.21937886253e-09
8.99390074547e-14
6.95524782585e-10
0.00891855660156
6.74832151046e-09
2.31922302396e-16
6.92060322014e-22
0.0
1.00463679567e-06
0.000109664084542
9.75184769135e-09
1.23198695388e-06
1.39195499509e-06
1.35534780185e-14
4.51065238024e-28
1.57188446363e-05
1.05734201949e-11
2.32859276035e-07
1.69247024838e-15
1.88556694863e-28
6.90443716447e-06
1.06214284377e-12
1.24396066742e-25
0.00105792194145
0.0
1.69158255615e-34
1.82332407854e-06
2.52918856557e-10
0.00263679064742
1.25138586408e-08
0.00135541893464
1.99907468648e-09
7.96350240203e-08
2.26987660053e-12
1.09484929891e-06
9.1826921921e-06
3.20687605459e-12
4.13303587863e-06
1.29527761808e-09
0.0
2.94285957839e-18
3.41806513008e-07
0.00257041971711
1.51165937086e-07
1.6886631811e-23
8.24798198452e-16
0.000567374237687
3.06723642661e-66
1.24364661418e-15
5.98002724438e-05
0.000429578621249
6.06010394388e-05
7.27623769373e-05
0.000159509212081
6.81433974444e-10
1.35033805399e-05
1.00951502893e-31
4.88209636393e-05
8.74231677708e-14
4.67903143263e-07
3.43031818119e-18
0.000807110241563
6.20387004661e-30
2.50805519559e-06
1.62056687328e-11
1.21297459049e-17
1.17023341766e-14
4.93445471486e-08
1.44082720456e-31
1.69992141135e-24
3.40345635588e-21
5.42726955696e-05
2.08933179874e-06
4.67497538913e-36
0.000277011130879
0.00597155528974
2.82611608116e-07
3.71789531124e-05
1.24218796468e-06
3.05388300508e-09
5.64568994176e-41
2.80000103779e-38
8.47346983903e-05
4.53621896074e-05
5.58771009769e-07
5.246050783e-08
1.10329732002e-05
9.66687892673e-24
1.66338116389e-16
5.42810263022e-13
0.000277011130879
4.27296565046e-36
1.84176311657e-05
8.57148150766e-09
2.10213964217e-07
1.22852013888e-05
2.86272301493e-28
7.20501424873e-34
7.06950714254e-34
1.33540007693e-07
0.0
0.000961729061786
4.99021076105e-07
6.03837528962e-08
2.35531049896e-08
1.95390275303e-05
3.43258882297e-07
1.35426307053e-07
1.89510525161e-15
2.13490322831e-05
1.31840375402e-11
3.95553575789e-28
3.53149775386e-21
0.0
0.0011028378419
0.0
2.18105773393e-15
4.49730573239e-16
2.35756173162e-18
2.11625167713e-07
7.56177386242e-13
4.50096333003e-07
3.61990808981e-16
5.98002724438e-05
4.07980744967e-24
5.27670102759e-19
3.21222796488e-45
4.34535621077e-10
4.38449291038e-22
4.25728448526e-13
0.000800970825515
1.18832964598e-14
4.89384127339e-12
1.39556492142e-14
0.00263679064742
1.09828176815e-15
3.72797542857e-11
8.03434994315e-08
1.82756364299e-05
1.12046356328e-05
0.00891855660156
7.32651801418e-07
7.25084198333e-18
7.90552176458e-12
0.0
1.40921821616e-12
3.81107448479e-10
0.000958800689783
1.89455842692e-06
3.71789531124e-05
3.99033929579e-11
6.67027362344e-55
1.31573635319e-21
1.08235227353e-06
0.00173749977689
3.07638008494e-17
2.40424990693e-22
0.00013092600707
2.3905549879e-13
2.8112611696e-14
2.13612643803e-21
0.00263679064742
1.22942432165e-07
8.13240271341e-13
9.65570022032e-14
4.04270207567e-27
0.0
2.95748688963e-19
3.27693436544e-21
3.65979604896e-06
0.00257041971711
0.0118941428228
1.32781524327e-07
3.08501215006e-16
8.14455191364e-21
1.67598308247e-09
9.2153849577e-12
0.000190364623404
9.30629234788e-07
6.18832976639e-05
4.37411719544e-07
0.00489533852516
1.26357634571e-10
8.56745112279e-05
0.000121728272571
0.00106164270177
3.8957194574e-06
0.00263679064742
1.22715160664e-08
4.81691718267e-09
6.00315687284e-05
4.16017334168e-25
1.63048962359e-14
0.00597155528974
3.13927878375e-10
0.00263679064742
0.00891855660156
1.19880383568e-09
4.94485017218e-13
1.07063696952e-39
0.000520110475988
7.38237054288e-12
1.38240646616e-13
6.65093362644e-12
1.35848730942e-16
2.11364109224e-15
8.15113887043e-10
5.99163626951e-28
1.44439823214e-58
9.4032472674e-06
3.08788372544e-32
3.4953065976e-31
4.46404753523e-07
7.27623769373e-05
1.15208819737e-06
0.000520110475988
2.39216448604e-08
0.00597155528974
8.08193506974e-39
4.38836822754e-12
1.71007204549e-05
1.26747596124e-10
1.90986580226e-30
9.31436591608e-09
5.72221764208e-10
6.88163095713e-08
0.000267353306918
1.27406996263e-14
0.00030947434017
1.43067975281e-11
1.96425142594e-13
2.5988296652e-16
2.69986937671e-08
4.60785914284e-34
1.78375222495e-11
2.83361451328e-09
1.76363920098e-05
1.49113310374e-15
1.35175600995e-08
1.82363410947e-13
0.00535094840174
1.78576995006e-05
3.484306138e-05
0.00263679064742
0.00891855660156
9.70744298464e-27
1.32057731959e-12
2.06616943538e-12
0.000214889877948
2.26502334743e-11
3.27159622978e-19
2.43025583532e-12
6.74448598996e-28
3.25070086157e-05
0.00489533852516
3.01335919833e-12
0.000149597522452
9.52648279918e-11
5.24793842227e-08
7.55272585947e-06
6.96764928315e-06
3.79799339444e-07
0.00019829915727
5.84847292826e-18
0.000890960595376
3.97395945395e-06
1.07426102385e-07
7.50557465999e-09
3.14215929485e-07
0.000277011130879
7.45034925064e-15
2.58189936598e-20
6.83234846759e-09
0.00263679064742
8.31608552675e-11
3.46481800273e-05
0.0
0.000146057105162
0.000726833410706
4.19581873906e-17
3.52086535173e-13
4.35335091111e-12
3.50076581204e-14
9.43811214048e-29
5.0466102328e-05
3.37636464096e-15
2.52267538325e-11
6.25688956407e-06
0.000486662370646
6.3289399609e-06
1.48277897942e-35
1.53988353237e-09
1.40706759292e-07
1.17823230575e-20
1.03323128351e-10
3.58569196883e-10
0.000600884411773
1.21965612458e-05
2.50375953583e-17
1.06675621972e-17
3.25660522696e-26
0.0
2.60206719981e-39
2.76523728391e-14
0.000807110241563
1.28787482375e-26
0.000217311695222
1.00985227626e-12
0.000117725228824
1.47149362961e-05
0.000567374237687
5.41294875692e-08
3.26201332704e-19
4.5656860543e-20
1.1565832582e-12
0.0
7.31256148038e-16
0.00597155528974
0.000764347438644
1.93796319607e-07
0.000179814264885
0.000250528884173
3.87179881309e-11
3.96836949921e-25
2.15816129654e-12
3.17302206979e-11
0.0
0.000577773472858
1.64559175634e-06
1.38247585408e-06
0.000214889877948
3.72276905577e-28
5.35176172789e-20
1.36094549462e-09
4.53547853853e-08
0.0
7.68218212187e-10
2.19354747609e-27
5.08950793761e-05
8.73344184233e-05
4.73711859753e-17
0.000567374237687
7.43967943921e-10
0.00173749977689
5.48573351552e-36
3.46617966649e-07
7.78999998026e-11
1.20812127819e-27
1.02188391068e-05
2.59279252408e-08
0.00263679064742
8.56877816316e-08
2.91678336155e-21
2.82587125723e-15
9.69156940201e-16
1.33376720116e-05
3.23670822987e-09
1.60400816687e-15
1.68747159387e-64
4.87170245203e-06
4.1944659448e-20
0.000764347438644
0.000104337952632
0.000133190213786
5.45918045783e-22
0.00194610880262
1.00333031372e-08
1.05336382808e-37
8.96322954908e-05
0.000106686958086
1.42810499682e-05
3.56670189618e-24
0.00597155528974
1.69089011439e-08
3.36236690574e-12
0.000212739117631
1.49352683245e-12
9.69251379804e-06
3.14267605983e-16
7.12351836024e-21
2.37914230533e-13
8.5116121345e-13
0.000259719623101
7.2197545459e-23
1.87469655929e-28
0.0
2.78091452793e-08