500
2.85128990496e-06
1.59707988469e-09
6.55689707441e-10
0.0
0.0
0.0
7.64150256902e-11
5.18401153101e-08
0.0
6.23396413738e-15
1.04093880992e-07
0.000111107780597
7.51476676899e-06
1.79472725152e-05
3.06387735354e-06
1.24925292438e-05
7.62353131538e-07
3.87565784126e-11
3.94742429577e-13
1.78857038728e-07
2.89394432042e-05
0.0
0.0
0.0
1.25650415577e-08
1.53255473581e-09
5.7402278827e-07
0.0
0.0
5.48445932347e-05
0.000334658633948
1.52975078506e-05
6.20353112041e-08
8.34035343573e-10
0.000166211857155
0.0
0.0
8.50632217662e-05
5.86037020576e-05
0.000127333244921
5.48445932347e-05
3.58242333231e-10
3.98978084941e-05
2.2321785528e-06
4.13680419448e-06
0.0
0.0
2.78270532072e-05
8.84491775247e-10
7.68851906704e-05
1.92602456032e-08
0.0
3.14427134508e-05
5.03080388656e-06
1.43230619847e-07
0.0
1.45455104115e-12
3.96012960812e-07
5.709980579e-09
1.7044405528e-05
0.0
0.000556018416146
2.41343734594e-07
2.05700125651e-07
2.13286048794e-05
0.00020962805537
6.82449766077e-06
5.24858029905e-07
2.6579431196e-06
4.03131052353e-07
1.18103695098e-06
7.26063943164e-06
0.0
8.86886815532e-06
0.0
0.000556018416146
6.5894716361e-09
0.0
2.69793520136e-06
3.67749669651e-10
2.60143119277e-10
0.000556018416146
1.11527718769e-09
0.0
8.50632217662e-05
2.23065471785e-05
5.12899230976e-05
1.54592567077e-05
2.45060281483e-06
1.90276213176e-05
2.76921041088e-06
0.0
0.0
0.000122811178133
1.54113406353e-06
4.56749565028e-17
0.0
6.01287493436e-05
0.0
0.000400143500259
3.8465287897e-05
3.50767757176e-10
0.0
0.0
0.00019973739113
2.32815426983e-05
0.0
0.0
4.00846949371e-05
1.29849225715e-05
8.97395004535e-08
1.15418806817e-05
2.46385629301e-08
8.77753889997e-05
1.39826735853e-08
6.73659837536e-05
0.000388044204889
1.45793430386e-06
3.1231052571e-07
2.50352779517e-07
2.27432206842e-06
0.0
0.0
0.0
0.000321799130154
1.6493160026e-16
1.14605204387e-06
3.11285383291e-06
3.75194592366e-07
6.80627483812e-05
7.4504690845e-05
7.77747659684e-08
6.14819394794e-07
0.0
0.0
6.51716070504e-06
0.0
3.55267543418e-05
0.0
1.36766892546e-06
0.00014493217291
1.72222882385e-11
1.30374387417e-06
6.00747671178e-07
0.0
0.0
0.0
3.74667857273e-10
0.0
3.81643624625e-08
1.25954917705e-11
0.0
0.0
7.82948158611e-05
5.41103391775e-05
3.55267543418e-05
3.35340657657e-06
1.29488943932e-07
0.0
0.000155132035192
5.9673254966e-08
0.0
4.34921606204e-08
8.77280428563e-05
7.62222208289e-11
2.33079067307e-07
1.5500065683e-06
6.56444535561e-06
0.0
0.0
0.0
0.00032610763287
0.000103356709002
6.70624443786e-08
3.96554951348e-11
0.0
4.89847740345e-09
0.0
2.00647548684e-05
6.64351034879e-07
0.0
9.14909778405e-05
0.0
0.0
2.25618995597e-07
0.0
0.0
0.0
1.47698111798e-05
0.0
0.0
0.000159093198898
2.0369162025e-05
0.0
5.03080388656e-06
4.48186909985e-06
0.000556018416146
0.0
4.93897296575e-05
9.6063160905e-09
7.31275795236e-08
0.0
9.44170755372e-05
6.13187181914e-12
1.72357647478e-05
4.82182430955e-07
9.52842329035e-07
1.90276213176e-05
1.96041389448e-05
9.71794383571e-06
7.59164252918e-05
0.0
0.000107490008506
0.00032610763287
0.000127333244921
9.65729121838e-06
1.17846696392e-06
0.0
1.55974195142e-06
3.20712938936e-17
1.12966391435e-08
0.0
0.0
1.20626646363e-16
4.88285407036e-05
2.16132537823e-05
0.0
0.000388044204889
0.0
9.91705700888e-09
7.14378007774e-08
7.20538747105e-05
7.15507126719e-10
2.19017713326e-12
3.11782928892e-07
7.11863783238e-08
0.000159093198898
0.000321799130154
0.0
9.39730421816e-05
0.0
2.35441919705e-07
8.63654078653e-05
0.0
0.0
0.000345114878987
3.55267543418e-05
9.17656138654e-06
9.32587981405e-06
4.05494422634e-10
9.21555346869e-05
0.000388044204889
0.0
3.1198121508e-05
1.51845739207e-06
0.0
0.0
3.91217167483e-05
3.5468214811e-07
4.52060166267e-12
5.63489319841e-12
0.0
3.24994340444e-07
1.13805046354e-05
0.000256893351842
2.07824541023e-07
0.0
0.0
3.58349993569e-08
2.70610927299e-05
0.0
6.8273322797e-06
1.04974940723e-08
5.62529069717e-06
2.36763749487e-12
0.0
0.0
0.0
6.22603220057e-05
3.51991637619e-12
0.000539172243583
4.91132321063e-07
1.88169336304e-10
7.27618771541e-08
0.0
0.0
0.0
1.1458331896e-07
1.20985894364e-05
0.0
3.88116152361e-06
6.82812481441e-06
2.32815426983e-05
1.01159613739e-11
2.29194033399e-08
0.0
9.2906673683e-07
2.22782696481e-06
1.19311917228e-09
0.0
0.0
2.31946850113e-06
4.52477366086e-09
7.52779262241e-22
0.0
3.22969957983e-10
0.0
0.00032610763287
0.0
0.0
1.6441483054e-06
3.49155974307e-06
1.13179789619e-11
1.33698175256e-07
9.5013676791e-05
0.0
0.000111107780597
0.0
0.0
0.0
2.07728887445e-05
3.08024548435e-12
1.10012300653e-05
0.0
9.16081580332e-11
0.0
9.60190709163e-10
7.23198643586e-11
0.000321799130154
1.46117255325e-05
3.96605904269e-08
0.0
6.68182426225e-09
0.0
3.39708861627e-10
0.0
4.38178136226e-06
0.0
5.31657427556e-06
2.44704232668e-09
4.91874245361e-06
0.0
5.98573093873e-08
0.0
4.49277707112e-05
0.0
1.99842827085e-08
4.88285407036e-05
3.52596852917e-08
3.6089542289e-06
3.33248281196e-05
1.76226435603e-08
0.0
0.000264953076163
0.0
0.0
2.36927443515e-10
8.41884496742e-07
1.21026794667e-06
8.77280428563e-05
7.82997766549e-13
7.09464684137e-07
4.66433799455e-06
3.55267543418e-05
0.00032610763287
5.46412184191e-07
0.0
5.35571602474e-06
2.95311806649e-08
4.95639405778e-06
9.82009513605e-07
0.00012118609656
0.0
1.06502113169e-05
1.6687181423e-05
0.0
0.0
0.0
6.59988613948e-06
0.0
5.12899230976e-05
4.971456848e-05
2.19277268149e-09
0.0
0.000154282635679
0.0
0.0
0.0
0.0
6.53743369708e-12
0.000334658633948
0.0
0.0
1.40890034688e-06
1.84294717105e-05
8.77753889997e-05
1.68706762727e-05
1.41418302129e-07
3.09833504327e-09
0.0
0.000154282635679
0.00026778576986
2.1751595521e-05
5.71676364587e-06
0.0
2.26881159451e-07
0.0
2.31410499059e-07
2.02477061852e-08
0.0
6.60624962756e-07
7.60146126565e-06
8.76739891018e-07
4.08489831814e-20
8.94618418378e-12
6.1024244212e-05
1.41625274574e-05
3.55178089986e-05
8.90293645444e-09
4.21442546441e-07
4.12760042533e-10
3.3441555455e-05
0.00026778576986
6.1024244212e-05
3.55267543418e-05
0.0
0.0
0.0
0.000256893351842
3.95130900013e-07
0.0
9.26742330574e-06
0.0
6.30411861004e-11
4.76444340975e-10
6.41638597011e-11
2.39366717035e-07
0.0
1.68969538039e-05
1.2303621863e-06
2.59730843896e-05
6.02654153637e-09
4.20647538127e-06
8.09235987333e-05
1.57660142506e-06
0.0
1.42032746611e-06
1.90276213176e-05
0.000149451186844
5.79347946534e-08
6.27638236642e-07
0.00014493217291
9.62578525406e-06
0.0
0.00026778576986
0.00013037690907
7.54356230909e-16
1.29097223032e-07
2.9624557434e-06
8.30228361672e-06
0.0
1.02697449261e-06
0.000149451186844
8.40933194401e-06
0.000345114878987
0.000539172243583
0.000556018416146
4.52622770285e-05
9.14909778405e-05
0.0
6.27772080124e-05
0.000400143500259
6.89358287513e-11
1.30162179996e-07
0.0
0.0
1.90743412751e-05
0.00032610763287
5.61529654949e-07
0.000556018416146
0.000234884759906
2.73302169417e-09
0.000127333244921
9.79136538689e-07
5.93271697665e-08
0.0
3.93912345022e-06
1.83374789233e-07
9.14909778405e-05
1.55024198026e-09
1.34292161066e-09
0.000154282635679
3.3441555455e-05
0.000539172243583
3.08381954815e-11
8.97148155527e-08
0.000556018416146
1.20508209903e-09
0.0
4.29046202217e-08