500
0.000571894415575
0.0
1.60873143966e-10
2.17318596973e-07
5.05304509344e-12
5.79897638702e-15
0.000195120092126
0.000476127831613
2.82080763948e-51
5.05707126829e-40
1.33268271596e-09
1.57775092745e-10
1.318107013e-12
2.65781177328e-11
2.37768848794e-31
3.86905388475e-05
1.16392505915e-12
8.84328298412e-10
2.79326567028e-14
1.77670049872e-23
1.6727126009e-06
4.80966362453e-07
0.00166812572768
3.52841645982e-07
1.54185485214e-08
7.51349063212e-31
8.3016448363e-14
3.94934716426e-06
7.8805649553e-07
0.00187923573905
4.99616005413e-08
1.35921485266e-52
2.52448204913e-28
0.00251559920405
1.10174198412e-07
2.92234377961e-11
0.00968711554032
0.000762956881618
8.17771427842e-07
7.87354680792e-18
0.000127922110418
1.32406575961e-52
1.86335474372e-07
5.16718312026e-21
7.25243337798e-06
1.42078504319e-06
2.68100481883e-12
1.24364954723e-18
3.32539454946e-12
1.21432633547e-09
0.000476127831613
0.000446620299876
0.00182083660718
0.00414544997752
3.46967634311e-09
5.47479024609e-11
5.88329000081e-12
2.49472076498e-13
1.37190501806e-05
0.000442547930987
5.81136955732e-37
0.00139374216909
0.000178759606179
6.93380227015e-05
0.0
8.81030309519e-09
3.22420149355e-17
9.61005943955e-06
8.05980502809e-27
7.20147302031e-44
1.58518025063e-42
3.67523668685e-05
5.65774994294e-82
0.00089913884622
3.04884215015e-07
4.16974608056e-50
1.3584524853e-23
7.3824123061e-11
0.00345718872925
5.48703495465e-50
1.63323284881e-55
0.0454260717189
3.03978594547e-06
9.24742771785e-13
0.000103515278535
0.000521324757913
1.62511410829e-12
0.00414544997752
3.87031082761e-13
1.58958458254e-06
1.17344847587e-09
1.1454536669e-15
9.0370527499e-38
6.61429464204e-07
9.34353639947e-05
0.00022239735393
7.89968035052e-24
1.04244834678e-10
8.53459600057e-11
1.03566030942e-08
0.0012248869964
1.21597802709e-30
0.000747852337827
7.84493959823e-06
0.00203627364026
1.21430447347e-19
0.00345718872925
9.27751852798e-23
3.35202501271e-06
1.84689252035e-07
3.91158767945e-07
1.1927966422e-13
0.00139374216909
6.06418028608e-25
1.38984580406e-11
9.34353639947e-05
2.19031023233e-19
1.56611430194e-12
6.66351550815e-26
0.000521324757913
3.24316002075e-06
8.54624413283e-07
0.000178759606179
1.98272745507e-11
2.67620865691e-08
0.0454260717189
2.99913770836e-10
2.08559179348e-11
0.000521324757913
3.92750149635e-17
2.42279907989e-17
3.46664584393e-05
2.23892852959e-08
1.09407893582e-07
4.89757258329e-16
3.03689877522e-31
1.8970195354e-06
2.50865433364e-16
1.08486278283e-48
0.00489047474859
0.00206577861437
4.08069945212e-06
0.000754283036046
2.77007498429e-08
0.0015918918268
4.22258846706e-18
1.30757410938e-11
1.0237660116e-19
1.06664643396e-07
0.00115475638575
9.26516750505e-13
0.00166812572768
2.09691432951e-28
6.46740477969e-06
2.87078770737e-25
0.00187923573905
1.92582364391e-12
2.40491233737e-10
5.18767694736e-09
4.82017036116e-46
7.12843756148e-06
2.76847396167e-30
3.45936266874e-25
1.22180121194e-13
1.48537026445e-07
2.93273456873e-25
0.00968711554032
0.000230406158957
0.000110226054263
2.16885658104e-46
5.56404006939e-06
0.000121609958906
5.28391600972e-27
0.000220907545278
3.30247835914e-16
5.15015817096e-16
0.0
3.51782429899e-07
5.66072042042e-11
1.27508601619e-31
5.92886691755e-29
6.30180243943e-07
0.00109505039951
2.92351234749e-08
1.82275415973e-10
1.95991023736e-16
1.13439176067e-35
0.00166812572768
5.77805379427e-05
2.08482097639e-10
8.54594036902e-05
1.08251007404e-18
2.90351169064e-37
7.32503196959e-13
3.86528674645e-05
6.51175105036e-09
9.34353639947e-05
2.62475005725e-07
0.0454260717189
4.43551350885e-60
2.50386991384e-07
0.0454260717189
0.00968711554032
0.00086689227097
0.0454260717189
1.75811076026e-06
8.54637766485e-10
1.30852002758e-32
1.13279267881e-05
4.13344081389e-05
1.02827003689e-12
5.32775597705e-09
0.000101501510462
1.24316473296e-16
6.00206563634e-13
0.000173905357083
2.30794813653e-05
3.28315321348e-08
1.13295983301e-16
1.86549875887e-20
0.000113403950135
4.48569182606e-14
0.000566529813514
9.00923896816e-94
0.0454260717189
1.43393677828e-20
0.00672036416217
5.30087914934e-09
1.3457525437e-16
3.28981994536e-07
2.27919706004e-06
1.37411919527e-05
6.87335185552e-09
0.000442547930987
9.38881329209e-24
4.78735166063e-07
2.08052631551e-09
0.000446620299876
2.54840992241e-45
2.47811683128e-78
0.000230406158957
0.000737245933838
0.000735984535654
0.0454260717189
2.6938056777e-06
7.64268498049e-13
5.56561876031e-25
0.0019008699069
1.74471694573e-31
6.34470084005e-08
3.41747331566e-05
3.59249448335e-15
1.38108608898e-05
2.60495609817e-23
7.42986298236e-14
2.2074646242e-05
3.12340632361e-06
1.86296528951e-08
0.00968711554032
2.64765496468e-12
0.00672036416217
1.03387124528e-19
0.000768046382602
4.80016479752e-22
0.00187985628966
2.94623630645e-10
4.53827490709e-07
0.0102559044472
0.0102559044472
0.00968711554032
3.62237507561e-09
3.26648582282e-05
0.000178907906572
1.11878045192e-08
1.78313827974e-24
0.0019008699069
2.6109219048e-13
4.77993784256e-14
1.64448551911e-13
3.59252401826e-51
0.000194008115444
2.20707649279e-10
0.000677278212592
3.61166736072e-15
2.72165643172e-17
0.00268180106136
2.5825317899e-06
5.14991457932e-16
4.77508376819e-06
6.70077544433e-11
2.06073480479e-05
9.36786903152e-11
3.27871463767e-10
2.82146427609e-11
5.96567072382e-29
0.00187923573905
1.71853086096e-19
0.00206577861437
1.65627982028e-24
2.014123261e-08
2.68050880698e-28
1.16066748888e-10
0.000254029007344
6.52502342346e-08
0.000317438277294
1.73269906802e-09
2.94884067901e-06
2.44481582799e-15
4.08132093296e-10
0.000144667275184
0.00968711554032
0.00139374216909
4.97907066569e-10
1.46092772839e-20
0.0454260717189
3.44870547524e-73
0.00489047474859
2.83457565764e-10
9.77172047002e-11
2.73361652762e-71
0.00345718872925
5.25498903289e-05
1.31456363992e-19
3.43699460513e-07
3.05250748049e-14
4.40196317354e-09
6.43114615403e-09
1.7857082459e-09
0.00489047474859
0.0454260717189
1.01747341351e-12
3.18358123516e-27
6.5130635023e-08
0.000195120092126
2.43833539422e-28
0.00206577861437
1.35899073981e-08
6.17772483778e-16
0.000208080444695
0.0454260717189
1.56108622573e-10
4.95477582403e-18
7.55169219139e-20
2.58589628229e-26
0.0454260717189
1.92222619932e-09
1.64632994003e-09
6.16790902651e-14
0.00424851670565
2.27919706004e-06
6.26589047741e-11
4.46198683254e-05
6.4382113772e-05
2.68695550229e-52
1.36217215567e-11
2.63534492159e-09
1.28680867789e-26
6.18411783144e-22
1.8400258722e-08
1.03866483232e-07
2.80952465293e-10
1.7832426998e-34
0.00424851670565
1.91525184459e-05
4.071423158e-05
2.44679202477e-09
0.000372193622336
0.0454260717189
7.30518532778e-07
2.89386208826e-14
0.00968711554032
2.12701327839e-29
9.24819564841e-33
0.0102559044472
3.45412290037e-27
0.00158552293288
4.66522976671e-08
8.157986783e-08
1.63800528056e-15
2.754753473e-11
9.39925448401e-15
1.19639160673e-05
0.000278979876365
3.20314606101e-05
0.00111178053363
5.58130309554e-07
0.0012248869964
2.59118530194e-09
7.3814047182e-53
4.9697119438e-11
4.32115474044e-17
1.39490672757e-16
0.0454260717189
0.00111385298786
0.0454260717189
6.47319887275e-34
3.09747567176e-15
1.01220364267e-28
0.000195120092126
1.81258367962e-05
2.37352018438e-22
0.0454260717189
5.01773328996e-05
2.16789221622e-15
3.41158528522e-10
1.02330014546e-06
7.62248449383e-07
1.72075682796e-09
3.93097409411e-13
6.73763174494e-17
4.51540290033e-26
0.000762956881618
5.44268911745e-56
1.50125700077e-11
5.33462294408e-13
4.93396032346e-11
2.49600247371e-08
0.000118762131498
1.707647564e-18
0.00182083660718
3.97224737045e-48
1.58567085408e-17
2.98255622742e-10
0.000146430783915
3.47813395292e-29
2.61623311047e-20
6.68226884482e-10
1.77872029992e-27
0.00242563411472
8.53177851477e-09
7.31604901655e-12
3.21702930741e-06
3.81087555763e-21
8.28123299215e-06
0.000183023012558
1.31180511158e-07
1.12400519682e-11
0.000737245933838
5.64781022447e-07
8.942302913e-17
0.0454260717189
2.17985517228e-09
0.0019008699069
1.70795417963e-25
7.20599042593e-18
8.36949681561e-05
1.55575991971e-06
0.000142508932944
1.5438056278e-16
4.47053493876e-22
1.71906462811e-06
5.41288828199e-05
2.4514193674e-15
1.75292168554e-23
8.23041761633e-37
1.14889052978e-09
0.00109505039951
6.03951093393e-28
9.21710086046e-10
8.45318898942e-05
0.00078740821569
8.47707021531e-05
2.09977257882e-23
0.00489047474859
1.269187497e-05
0.000163785988246
5.5600228568e-08
3.12506343045e-08
0.00268180106136
0.00345718872925
5.31631213206e-08
3.39541087968e-08
1.44181020658e-05
3.38568047218e-24
0.0454260717189
0.00187923573905
8.86470967791e-08
1.25975970474e-09
4.11953329234e-29
0.0454260717189
3.73234994221e-30
0.0
8.37070749809e-06
2.14369832462e-37
3.08854106979e-26
1.27666937077e-25
0.0019008699069
0.0454260717189
0.00268180106136
1.44610666921e-06
3.45235199643e-66
1.09677447045e-06
1.08690922257e-36
6.08099993997e-07
0.00968711554032
0.00100376488306
9.08711754118e-05
9.82875921927e-05
0.00234882944689
1.91154007378e-24