500
4.37378381397e-10
3.93761319076e-07
1.88297567209e-11
3.09862022014e-08
7.66705914065e-17
2.15759715244e-13
4.1896240919e-18
6.20379896598e-12
2.00522366241e-08
1.11904107247e-17
3.31752916863e-06
5.727504176e-13
3.83659018961e-05
7.45911151144e-11
0.000252382075878
1.10428712816e-10
2.7578680176e-19
6.11853395788e-17
4.13444646642e-20
1.81839395345e-09
1.03201427773e-07
4.30392326747e-07
1.95084727971e-12
1.35637744502e-10
1.55664681001e-05
4.92814863361e-10
5.23620887548e-19
1.71558145675e-07
0.000214964589364
1.460782387e-07
2.03832438066e-10
1.62425780588e-12
1.7865392308e-17
1.11873658066e-18
2.49825600637e-13
1.22189233613e-06
5.04923507512e-14
1.18821440083e-16
3.09435279168e-12
7.04781913763e-06
2.54379575605e-20
9.30075141152e-10
1.24744858587e-08
0.000561311755208
1.84441556678e-08
2.94944530525e-16
0.000406241589717
8.46404214296e-05
0.000219580133411
8.76841578346e-21
6.36477893295e-17
4.18907445184e-06
1.26966408785e-06
1.93516000414e-18
3.494421727e-11
2.70592269594e-11
1.9335667351e-12
3.81223637443e-06
0.0316079476968
1.12914436829e-17
4.32139233915e-17
8.90497915752e-16
9.93029810759e-18
3.62799639675e-09
0.00110651909187
8.02691153958e-17
1.18448750715e-08
4.22261523213e-10
7.15195912088e-18
1.10431495272e-08
1.45895067181e-18
0.0305797163434
0.00464139796296
1.24485544732e-06
1.62643029572e-06
1.02330645762e-13
1.26474934263e-13
4.71436947616e-11
5.67663800897e-10
9.32361486496e-19
2.70042956132e-15
8.13997527776e-09
0.00380313878755
0.00239761306949
3.37596541021e-14
2.67270005432e-08
0.0175575404969
2.2602406222e-09
4.32851467813e-18
1.15727644427e-13
2.84600093085e-14
1.22878758669e-10
1.07646824708e-14
2.77875907397e-13
8.78176811481e-18
1.15926254711e-15
3.73148523915e-13
1.53791158427e-06
1.91947041565e-08
1.42993950025e-16
1.19383312393e-07
6.31459550247e-06
6.93761240724e-05
4.2935478162e-13
2.88104153633e-19
1.81808972821e-17
1.09897628916e-10
0.3275
3.07826818194e-22
5.32867542382e-14
3.31596502761e-13
9.67981377524e-17
0.101278901734
5.81422928152e-18
3.97335352327e-11
1.65162594642e-22
2.41108019561e-22
0.000435725150415
4.34161421303e-19
1.87036927236e-16
3.38151210674e-14
7.93419475327e-12
0.000321767730768
6.53169335937e-14
2.23035848753e-20
9.44979145474e-19
4.37600203267e-15
0.135354046243
5.60752456318e-15
0.00822184515552
0.0893849480969
7.62947639225e-09
4.24036780402e-17
8.2381057125e-15
0.000608965064809
0.000107834893481
1.19063130216e-13
3.32137387283e-15
8.2781120579e-07
1.99883599465e-16
3.1933967594e-13
2.30803881628e-07
3.2586482084e-14
0.000186304025028
1.07897695405e-19
1.95460575752e-17
1.43996481293e-14
1.37381069989e-05
1.08959751242e-19
0.011053925993
5.68227988339e-11
2.15850980766e-16
3.36660149619e-15
2.34817889886e-05
0.102582573824
6.94848227042e-19
7.00108958592e-15
2.95263823846e-18
2.07405572011e-12
1.08739715387e-11
2.53979616893e-14
2.37678409593e-19
3.12395017291e-09
1.34870673683e-11
0.00105496223878
7.87703027447e-20
3.51809957516e-20
0.000430089791974
2.57787437962e-08
0.00499200565107
2.51000751616e-20
1.169353549e-14
2.42104642121e-20
4.9026816683e-10
3.47929905819e-19
1.85728623598e-11
0.0231665482716
1.19219403283e-09
7.22062579276e-18
5.12515075504e-12
7.67795366837e-13
0.00123018720389
6.79956128394e-09
1.84842566633e-14
0.0154769638469
3.62990075673e-13
7.34181078461e-19
0.00966583429114
1.70669973157e-12
0.000797446926871
0.102314248082
4.51240649411e-08
4.54046428245e-11
8.60265349165e-10
0.022934386171
0.000140969932734
1.55262574792e-13
2.47168545857e-05
1.3122540113e-19
0.1935
0.00132833924427
9.27261471852e-15
4.23963424467e-17
2.24560455525e-07
0.00155626675917
6.04344886518e-12
0.0749896193772
2.71088249361e-15
1.20593618473e-07
0.0749896193772
8.30269855733e-13
7.7750296952e-09
2.60020699248e-07
4.63871095849e-05
4.36132797791e-14
1.03182204834e-12
2.53536778064e-21
5.28225505541e-09
2.87080249439e-17
9.16007403341e-06
2.41208395754e-18
1.79062680959e-14
1.82366228753e-15
0.00399072485872
0.000229377197011
5.53884160981e-19
3.25972702243e-21
9.6598790742e-15
8.20833271834e-16
5.50932850423e-11
7.40846707157e-17
0.0115941402466
0.00045742255794
3.17953603292e-12
0.0033714919379
1.92272654461e-09
1.25027151905e-08
1.4922911548e-07
0.3275
2.1639051245e-09
4.58310119239e-12
1.51157334788e-14
1.68640175001e-06
4.75129650363e-12
3.35950718703e-16
2.46598871585e-08
4.45727414169e-18
0.00880928951144
4.05940495034e-18
6.22998904476e-07
1.78821840434e-16
6.01297763492e-05
3.36183865294e-11
0.135
3.69177120621e-09
1.4875878724e-12
4.24401001755e-09
4.75453361623e-18
1.76751779477e-19
7.30177354325e-17
0.000738231176109
6.21220913873e-15
0.000394873126517
2.99598307538e-14
1.70918189833e-05
4.66955576345e-18
4.91004515113e-14
4.00577757862e-11
0.3275
2.63865909816e-12
5.05686345285e-17
0.0749896193772
2.93639693636e-12
6.70198922327e-12
1.03913911175e-12
3.57111261683e-19
1.84212770879e-07
5.8852193343e-06
2.70484650146e-18
7.11050118863e-12
0.000211982238857
1.38466395156e-08
3.99385195975e-19
1.65554439239e-06
8.13257712873e-11
1.42654514184e-19
8.39189739176e-17
2.80288685813e-19
1.1682969852e-15
4.14650517318e-12
0.00360918569314
0.000617730883577
4.87148526942e-10
7.0060193336e-08
3.12049916951e-18
9.12988398122e-08
2.1030408696e-17
5.90310294384e-14
1.1115877474e-07
7.48275387872e-18
1.87474045328e-19
1.10739665564e-06
6.52229533697e-21
0.0231665482716
5.05600541719e-18
6.50998042773e-06
0.00023614973878
7.4240386316e-17
2.8790837215e-15
5.61895436006e-17
7.45585755585e-11
4.71933173928e-20
0.0156984353408
9.57171012742e-11
7.35119455181e-20
6.99581608573e-20
0.0149451633218
0.00062819203754
1.49082408686e-20
3.18514828135e-14
0.0025956886163
3.15196810931e-07
1.90347590393e-09
0.00132833924427
0.102582573824
0.000854593770585
4.14017330739e-09
6.06553985535e-10
1.86948205406e-07
3.32141409729e-18
0.00470167137313
2.34582165207e-17
7.80856809243e-20
0.00497648545262
0.00105538383999
8.91732670106e-05
0.000541460570157
7.86101841857e-15
8.13668936862e-14
0.1935
0.00880928951144
1.011893298e-18
0.3275
3.53517411036e-13
5.26492399271e-16
2.36718677372e-09
0.101278901734
1.76127689215e-10
8.45022922199e-09
1.51854323682e-20
0.00464139796296
1.63496399741e-11
1.97846525311e-17
5.02406005397e-05
1.25944719799e-13
3.24058484275e-17
0.00471253075343
1.28005588596e-12
1.37999664542e-12
1.85959824336e-09
3.49521727066e-10
0.102582573824
0.00368672807289
1.13659623586e-12
0.3275
7.70664980056e-12
1.44162562315e-05
2.10828425236e-11
6.97763471862e-13
1.43541024081e-12
5.45518601191e-05
3.08690639989e-17
4.01560079e-08
2.7025918654e-19
3.92507195761e-16
1.10777541571e-18
0.000384857103529
4.73275457203e-19
0.0010250827535
0.3275
0.0159005071609
1.17618581354e-10
4.06087376235e-17
2.01877917929e-10
4.31965035846e-05
7.96913195844e-12
3.69313766922e-09
0.135354046243
1.38924048733e-14
5.75543198445e-20
3.96275437606e-16
9.92703000624e-16
1.97898520811e-18
0.000226487812092
4.89194028763e-05
5.28459926201e-13
0.00258131858136
8.11607015933e-05
9.0168041669e-16
7.96466882669e-10
1.18936388058e-13
5.3670721044e-15
7.21562864989e-18
1.61231258489e-18
0.00106832853954
1.83065001988e-16
0.00839788035439
5.09768040269e-07
1.40481856913e-15
9.76113571965e-19
2.23687542783e-12
4.55610090159e-15
4.54594028532e-16
8.53310253739e-20
2.02363169431e-19
2.79742626566e-16
0.00155233001968
5.34077430613e-06
1.87092968467e-10
4.28697313967e-15
9.90870679202e-06
4.15758743954e-10
4.03933375618e-14
1.42517524474e-07
0.00944699387308
8.7615686532e-17
4.94779039154e-16
9.72041156251e-09
1.19209433741e-20
1.01433073202e-06
7.13740126532e-11
1.89399861347e-07
0.135354046243
1.6824988727e-19
1.12260903552e-16
6.33038095468e-14
1.8181212137e-06
2.34303758262e-16
4.61981898375e-10
4.94834862267e-13
2.51769071545e-05
1.51370388973e-12
3.18441922657e-11
0.000278531409559
0.00145584244976
4.73124818285e-11
3.53433948766e-05
2.90322788439e-12
2.38864529108e-17
1.72642530949e-11
3.09796665375e-14
3.65401402543e-07
0.000148526656089
3.37472060319e-07
1.81810520586e-13
1.71104435682e-19
4.44296515499e-13
1.12077226117e-14
1.29131360155e-14
3.60815084034e-06
3.42151474397e-21
8.63884152133e-16
0.000215467659701
5.3199591088e-12
1.84272514156e-07
1.04356178003e-07
3.46457031756e-16
6.06273652526e-09
5.18641678786e-16
1.24313071224e-17
1.25694941954e-16
1.92615304089e-06
4.65507260157e-08
0.00895445917101
3.58635148768e-11
3.04217188989e-15
0.000369419150057
1.20288930442e-08
2.37318376239e-15
2.2453385711e-10
2.89384876477e-07
2.86370494445e-16
7.83063649093e-14
1.18181934164e-10
2.15132758511e-12
0.000131144121977
6.13297628182e-14
1.76859380665e-08
0.000157306932437
4.16122331493e-11
2.12511119129e-07
0.000329984749275
2.60172940824e-13
1.46340813331e-10
0.101278901734
0.3275
2.58990352663e-15
2.95133800369e-07
6.00695271555e-08
0.1935