500
5.15813424193e-11
6.65045176463e-08
1.39021469985e-11
3.02290129784e-08
1.34703676326e-17
5.78959120547e-14
4.98648622378e-19
1.22525056128e-12
1.89438845166e-08
1.93163626907e-18
1.98851965727e-06
1.33640547551e-13
8.66099129287e-06
1.71614677643e-11
3.25159304892e-05
6.56968418479e-11
4.11854358271e-20
5.09539982202e-17
2.00532344452e-20
0.0
9.90722937736e-08
2.48857581484e-07
4.6290108189e-13
7.66480827389e-11
1.56255145023e-05
2.89675309726e-10
4.26275828693e-19
3.24270173054e-08
4.87611110741e-05
2.40462343393e-08
4.12982370066e-11
2.84488877939e-13
1.476046915e-17
2.27843695625e-19
5.09690205248e-14
5.53941932639e-07
1.01571089829e-14
6.6008525989e-17
5.57163936749e-13
1.24305890304e-06
3.29807567778e-21
8.60811728827e-10
7.67398246687e-09
0.000584525746914
3.74560795712e-09
1.66589319475e-16
0.000426593249289
2.00804191318e-05
0.000228692265528
4.04015955319e-21
5.27431189992e-17
4.6265231113e-07
2.49719374094e-07
1.01530897426e-18
6.29068695296e-12
4.67810544238e-12
1.03200534704e-12
7.48575012237e-07
0.0340735332534
1.70538595057e-18
4.22564164975e-18
7.76317852318e-16
1.72035135889e-18
2.25796843648e-09
0.000680405409652
3.86625577601e-17
2.35781191937e-09
8.53281096351e-11
1.52220684146e-18
2.07266349814e-09
2.59762756162e-19
0.0157421508903
0.0029013558503
7.30609660723e-07
3.60980548373e-07
1.69890082833e-14
6.69563782197e-14
6.69358101992e-12
8.88816497523e-11
1.31657845691e-19
1.3167891453e-15
1.3915747721e-09
0.0023846965849
0.000430622029067
6.17940207224e-15
1.5379556661e-08
0.0110153121271
4.70110045882e-10
3.56036315337e-18
2.47999384753e-14
1.51684842224e-14
6.36532235082e-11
1.57524316593e-15
2.55828073769e-13
7.3456741664e-18
1.19536760609e-16
5.85374351159e-14
4.01032165781e-07
3.86200122123e-09
1.19746266191e-16
2.98585276998e-08
1.42474631957e-06
1.36163670216e-05
1.08206699236e-13
1.58468542089e-19
3.84436783755e-18
1.01200064295e-10
0.25
1.65125374532e-22
1.26158654106e-14
1.77628401979e-13
4.51030689725e-17
0.0360671936759
3.05744612738e-18
2.8487057027e-11
7.76630438306e-23
1.45647930687e-22
0.000267609086118
1.88448796016e-19
1.05433358399e-16
1.82273716649e-14
4.2864500791e-12
7.40810332686e-05
5.56765327294e-15
2.08594181779e-20
4.53155894605e-19
1.31665449286e-15
0.0568181818182
2.75268504295e-15
0.00226996006674
0.0708172043011
1.43043693978e-09
7.86932479199e-18
1.60076061738e-15
0.00013959313849
6.40790653602e-05
2.10788020429e-14
6.18281393062e-16
1.81684141527e-07
3.49149466769e-17
1.96375068187e-13
4.63301086087e-08
5.96412637084e-15
5.00047643812e-05
1.50344599039e-19
4.09476129971e-18
8.13590466851e-15
7.99851610395e-06
7.64398117606e-20
0.00204552154191
3.34323021857e-11
3.87934355408e-17
3.95042487239e-16
2.411850748e-05
0.0392455482662
3.16575371252e-19
0.0
5.3689837942e-19
0.0
5.68241865805e-12
2.6495610254e-15
2.3749976877e-20
5.8269867495e-10
1.27470492889e-12
0.000191672320807
6.14649216212e-20
1.97819837717e-20
0.000289305500805
1.56032470249e-08
0.00343418494208
5.33997022564e-21
1.93665910272e-15
6.69353481792e-21
6.91885315606e-11
1.71347928963e-19
1.6947624779e-11
0.0146954795676
6.66145892895e-10
3.02737820256e-18
8.02476464291e-13
1.36001656279e-13
0.0022285202566
9.83093701655e-10
3.01813717294e-15
0.00967275805786
3.26965900896e-13
5.86818029341e-19
0.00224988614519
1.5268289995e-12
0.000840962643442
0.111311362338
4.35453146697e-08
1.09207368543e-11
1.77209586446e-10
0.0199633655149
8.49299782343e-05
8.76263641873e-14
3.89521678252e-06
2.31822332133e-20
0.148
0.00081485463301
4.69067612762e-15
3.37675132083e-17
1.32409360998e-07
0.000957119244011
1.49341987408e-12
0.0480071684588
1.42811964173e-15
6.71101158264e-08
0.0480071684588
1.32884834546e-13
1.38315753465e-09
4.95237824347e-08
8.51748025829e-06
7.07023848653e-15
6.01365984304e-13
4.00965965137e-22
5.0266575319e-09
3.68997852109e-18
2.372621826e-06
1.9260686342e-18
1.01441700871e-14
2.63597101169e-16
0.000829781617761
3.91061080989e-05
3.78659189612e-19
2.06217914342e-21
2.5448337784e-15
4.07894712106e-16
1.14036158369e-11
0.0
0.00726126712931
0.000429646225564
6.24966123815e-13
0.000790590674542
2.89870250263e-10
7.41121742256e-09
3.00049499918e-08
0.25
4.38888812184e-10
6.99461422164e-13
2.23397320164e-15
3.21229786361e-07
2.65278564407e-12
2.65355514834e-16
4.80921148587e-09
1.46087632774e-18
0.0055009523884
3.23319756372e-18
1.37304683798e-07
3.72678159572e-17
1.18200290263e-05
1.95499790003e-11
0.1485
3.0277440299e-09
2.47817109216e-13
8.5137715506e-10
8.18856847543e-19
8.77981947376e-20
9.8684994391e-18
0.000519042774854
1.39843285673e-15
4.96865812817e-05
0.0
4.49513311376e-06
2.2785024051e-18
2.49192525255e-14
6.1439177264e-12
0.25
4.73019222267e-13
2.54736324828e-17
0.0480071684588
1.54669300508e-12
1.38710632125e-12
6.94087012753e-13
2.85705364273e-19
0.0
3.41288773626e-06
2.16712636977e-18
3.80315354097e-12
2.58585850883e-05
2.18678333827e-09
2.76666836414e-19
3.70588914354e-07
7.26705762091e-11
6.83383168145e-20
4.51318066963e-17
6.09530698441e-20
6.99298769616e-16
9.25727082839e-13
0.000768530981879
0.000369059485479
1.0137955665e-10
1.58221806295e-08
1.44219764437e-18
1.77500485817e-08
3.08701535926e-18
9.01270316094e-15
7.01060556749e-08
3.45550712643e-18
8.61817215173e-20
2.00869578282e-07
1.0221407529e-21
0.0146954795676
2.72370657132e-18
1.31693339488e-06
0.000143576130555
1.06983734845e-17
5.15901021315e-16
8.72382498077e-18
4.2855496769e-11
7.96269249021e-21
0.00441266479641
5.98200186241e-11
3.31176512241e-20
0.0
0.0104102660094
0.000135191578781
3.32301205183e-21
0.0
0.00171867653914
1.92178103147e-07
3.03725201713e-10
0.00081485463301
0.0392455482662
0.000173151085927
7.38350534877e-10
1.1381917633e-10
3.9143175555e-08
5.85179377169e-19
0.00129023466926
3.6517780455e-18
3.55608668806e-20
0.00545697492969
0.000694458580862
1.78406169985e-05
0.000332770459686
1.28599819494e-15
4.1581471271e-14
0.148
0.0055009523884
2.17900945264e-19
0.25
5.00373481679e-14
4.39413039912e-16
1.32077077669e-09
0.0360671936759
9.69042341455e-11
1.36467684256e-09
7.24702339314e-21
0.0029013558503
3.02456920712e-12
9.08513131228e-18
5.21771357194e-05
2.28000218814e-14
4.65449815621e-18
0.00294711575419
9.1902649009e-13
7.30159935439e-13
3.45299055273e-10
4.29880212919e-11
0.0392455482662
0.00252239398917
9.93367787574e-13
0.25
7.07219389343e-12
3.01982442404e-06
3.8699855675e-12
1.61487898736e-13
7.66537909401e-13
1.07901366617e-05
1.60556731067e-17
7.70206470871e-09
1.23337139972e-19
6.14659541018e-17
5.25732806499e-19
0.000237617846921
9.70313882578e-20
0.000624265345633
0.25
0.0035065542804
6.45628100396e-11
7.2305865662e-18
1.09780424579e-10
2.63887279791e-05
7.18392193557e-12
3.53311765721e-09
0.0568181818182
2.28655762131e-15
1.00181797817e-20
1.95724078106e-16
5.45084831363e-16
2.68922878427e-19
5.14913137239e-05
0.0
8.02434047733e-14
0.00274725537914
1.68507026403e-05
1.34257890716e-16
4.60012780109e-10
6.26646004182e-14
7.49777949536e-16
1.11898873989e-18
1.32583987075e-18
0.00113961945787
2.95903865832e-17
0.00316558166326
3.20428840299e-07
7.07860737312e-16
4.56770778912e-19
4.35829649901e-13
2.62325369766e-16
8.47458289852e-17
4.78110143345e-20
9.61139305311e-20
3.92613322933e-17
0.00094700794088
1.55839639159e-06
3.3738940454e-11
9.37781294747e-16
9.78012235493e-06
3.90462746522e-10
2.0529601046e-14
2.7012313527e-08
0.00202754168347
4.26631490999e-17
2.59280767191e-16
1.75468108915e-09
6.11554691457e-21
6.0831618303e-07
1.71462021469e-11
1.07778173571e-07
0.0568181818182
7.55470966155e-20
1.76363463492e-17
3.26513382535e-14
1.0447194368e-06
4.40644362768e-17
9.45714459819e-11
2.58771732486e-13
4.89587501e-06
2.78440048551e-13
6.02227370017e-12
5.81571087007e-05
0.000902141924625
5.52664842929e-12
7.49554098005e-06
2.61762332866e-12
4.47532236148e-18
1.16059504034e-11
5.51333414913e-15
4.74995891624e-08
8.96853262261e-05
8.88540210572e-08
3.05814052451e-14
8.71905268721e-20
1.01378933938e-13
5.60908234165e-15
6.91263725849e-15
6.94937287223e-07
1.68490439476e-21
1.82253160355e-16
0.000129684334558
9.85818584199e-13
3.47318315675e-08
2.11559628774e-08
1.6828632598e-16
5.49155318048e-09
5.72275657366e-17
6.05572944107e-18
7.63467335363e-17
1.53402966477e-06
7.69895837199e-09
0.00334438631821
5.6706776396e-12
2.07393477557e-15
0.000249427724937
1.15517719075e-08
5.03902044625e-16
5.68138640174e-11
2.77828535737e-07
1.39134591755e-16
5.99291245908e-14
1.09214045443e-10
1.51715614052e-12
2.30970808589e-05
5.40026463333e-14
4.61785153392e-09
9.52033013024e-05
2.27652116462e-11
4.11949404737e-08
6.60879903209e-05
1.27016801041e-13
1.36930684153e-10
0.0360671936759
0.25
1.31136795972e-15
1.92050304302e-07
3.39037916699e-08
0.148