500
4.32255617482e-05
0.00119095025164
0.000941063339269
0.0069783971394
0.0069783971394
0.00302955725172
3.29109163988e-09
0.000412182422663
0.0175676068439
0.0175676068439
0.0226721723157
0.0069783971394
7.2880264105e-13
0.00497888457557
0.0226721723157
0.0175676068439
2.55359266657e-07
2.822861413e-06
0.000941063339269
2.98882630611e-08
0.00026972156689
4.80174659232e-06
8.85765156509e-08
0.0069783971394
2.09982305078e-10
4.09872710752e-07
0.000941063339269
3.80283403402e-07
0.0175676068439
0.0175676068439
3.37375921541e-09
0.00140136188232
6.19120020944e-06
3.46790117197e-06
1.96965322407e-07
0.0175676068439
0.00140136188232
0.000300083100788
1.39250412634e-05
0.000154827838318
0.0069783971394
0.00153093945912
2.83225492339e-13
4.69390601311e-07
0.0175676068439
0.000941063339269
0.000864783714944
0.00140136188232
1.30780319427e-05
0.0175676068439
8.45503392135e-05
1.39250412634e-05
4.10186177255e-07
0.00026972156689
3.59472404209e-05
0.000176528501447
0.0
8.48502169722e-10
0.0175676068439
0.0175676068439
0.0175676068439
0.0175676068439
0.0069783971394
0.0175676068439
0.00302955725172
0.0175676068439
0.0069783971394
2.46616102227e-09
0.00218208381043
6.77056399553e-05
0.00119095025164
8.02646767149e-07
0.0069783971394
0.000941063339269
0.00218208381043
0.0069783971394
1.18005561821e-05
1.60898445923e-06
0.00497888457557
1.25237766659e-05
2.963478353e-14
0.00140136188232
0.0
0.0175676068439
0.0175676068439
0.0069783971394
0.0
1.69991617579e-08
0.0069783971394
0.00153093945912
2.43530583459e-07
0.000131525190297
0.00497888457557
0.000300083100788
0.0175676068439
0.00119095025164
0.00218208381043
0.00302955725172
0.0175676068439
0.0175676068439
0.000123904138171
0.000155967716472
0.00302955725172
0.0226721723157
0.0175676068439
2.2992709684e-09
0.00027087873715
0.0175676068439
0.0175676068439
0.0175676068439
4.48521704775e-05
0.0
3.8025647226e-12
0.0069783971394
0.0069783971394
1.27538020265e-14
3.8957085695e-06
0.0175676068439
1.97908910243e-10
0.000437315830216
0.000581770884766
0.000872938335337
0.0069783971394
1.17121391192e-05
0.000551399263739
1.47599814021e-05
0.000328010537494
0.0175676068439
3.17974106506e-06
0.0069783971394
6.24020857588e-06
0.00218208381043
0.0069783971394
7.82901814952e-05
0.000551399263739
0.0175676068439
3.15332606288e-06
0.0226721723157
0.0408981385705
0.00218208381043
0.000864783714944
9.67132770302e-05
0.00371679112738
6.79657292694e-07
0.000211861584236
0.00140136188232
0.0175676068439
0.00218208381043
1.1992191154e-12
9.72127854737e-09
4.84969339514e-09
0.0226721723157
0.0408981385705
0.0226721723157
0.0175676068439
0.0175676068439
5.25937807697e-09
0.0069783971394
4.51741205759e-05
2.36308896633e-06
0.0175676068439
0.00302955725172
0.000581770884766
2.39537916746e-05
8.11122634909e-06
1.7109169718e-06
0.0069783971394
0.0069783971394
0.000107136255582
1.48194138264e-05
0.0
0.0408981385705
0.00497888457557
0.0175676068439
0.0069783971394
0.00497888457557
3.03207447691e-05
3.81539794866e-05
4.19002420489e-07
0.000614971573545
0.00302955725172
2.27588621354e-05
5.23258198728e-07
0.00497888457557
6.44771274215e-06
0.00140136188232
5.01169890633e-12
0.0175676068439
0.00218208381043
0.000941063339269
0.0226721723157
0.0226721723157
3.81539794866e-05
0.0175676068439
5.18384091692e-08
3.43481950718e-07
0.000121284450017
0.0069783971394
0.00140136188232
0.00497888457557
0.000708191394663
3.87497053746e-06
2.35650864982e-05
4.32255617482e-05
5.62106620453e-06
0.0175676068439
4.79171793552e-06
2.14315976512e-05
0.00497888457557
0.000177673367715
0.000174400237976
6.47902391533e-12
1.09019964677e-08
7.23089387909e-05
0.0175676068439
0.0226721723157
0.000155967716472
2.27634033017e-12
0.00027087873715
0.000133974117246
0.000864783714944
0.0175676068439
1.63043768568e-06
0.0175676068439
1.22439324556e-05
0.000177673367715
0.0069783971394
0.000941063339269
0.0069783971394
8.83617132147e-09
2.33221005484e-06
2.17746395401e-07
0.000659883889309
0.000926058462349
0.0226721723157
0.0175676068439
0.000551399263739
2.33331558359e-11
0.00371679112738
1.96870019812e-07
0.000155967716472
0.00153093945912
0.0069783971394
0.0175676068439
0.000708191394663
0.00302955725172
0.00497888457557
0.0069783971394
0.00218208381043
7.60251555605e-05
0.000872938335337
3.86123634834e-05
0.0175676068439
6.95538553652e-07
0.0146671445083
0.000864783714944
0.000116645068867
1.02528334546e-09
8.96076654628e-12
0.0226721723157
0.00497888457557
1.49756653943e-06
0.0175676068439
1.20192066275e-09
0.0226721723157
4.28070720422e-07
0.0
2.2210130062e-07
0.0175676068439
0.000391690540687
0.0
8.92142331123e-06
0.0175676068439
0.0069783971394
0.000551399263739
1.40387270277e-05
0.00302955725172
0.0408981385705
7.1942785339e-08
7.79558323019e-05
1.08847508499e-07
2.04607973959e-06
0.0069783971394
6.60756180967e-05
0.00497888457557
1.54589219414e-07
0.000864783714944
0.0069783971394
0.0069783971394
2.43585202365e-05
0.000261987996884
0.0175676068439
0.0069783971394
0.00371679112738
4.85611276133e-05
0.000435444507004
0.0175676068439
6.22310111314e-07
0.00105364450567
0.00021546825932
0.0069783971394
0.000581770884766
0.00302955725172
1.6241042746e-06
0.0175676068439
0.0175676068439
2.09498329654e-05
0.0175676068439
3.50732353183e-06
0.0
2.22260559278e-07
0.0408981385705
0.00140136188232
0.000339482762931
0.000437315830216
0.0
0.0175676068439
0.000551399263739
0.0175676068439
0.0226721723157
4.81678581683e-05
0.0175676068439
0.0226721723157
1.90535207421e-05
7.19772872663e-07
8.51982473549e-08
0.00218208381043
0.00497888457557
0.0175676068439
7.27178380039e-07
0.0226721723157
0.0175676068439
6.01313518449e-13
0.0069783971394
1.39250412634e-05
0.0069783971394
1.22697866805e-08
0.0069783971394
0.000228341252067
0.0226721723157
2.08048733557e-07
0.00017362904334
0.00302955725172
0.00497888457557
0.0175676068439
0.00119095025164
0.0175676068439
0.00016808742017
0.0175676068439
0.000155967716472
2.02720137131e-09
0.0408981385705
0.0069783971394
8.11874660137e-08
0.0175676068439
6.53357042079e-06
3.56442945983e-07
0.0175676068439
2.44054941654e-08
0.000614971573545
0.0069783971394
0.00218208381043
9.04884319393e-06
1.05926973632e-06
1.86872911197e-06
0.0069783971394
1.33905673058e-08
4.06474047997e-05
1.10886270944e-12
0.00021546825932
0.0175676068439
4.76724662568e-08
4.51741205759e-05
3.29986686565e-14
0.000189784508578
1.856802938e-07
0.000941063339269
9.30506431435e-08
0.000864783714944
4.58896300405e-07
4.88775202506e-05
0.00218208381043
0.000339482762931
0.0175676068439
0.000261987996884
4.55319764084e-07
0.0069783971394
0.0175676068439
4.20376976865e-05
0.000174400237976
0.00497888457557
2.99310943485e-07
0.00119095025164
0.0146671445083
2.25649315149e-12
0.0175676068439
0.00302955725172
0.0175676068439
0.0146671445083
1.10953103529e-10
0.0175676068439
0.000300083100788
0.000614971573545
0.00497888457557
2.96586659798e-09
0.000185973654163
0.00497888457557
2.24288295858e-07
2.65053702367e-10
5.51695828317e-10
6.27891299467e-06
0.0175676068439
0.000941063339269
0.000110163407465
0.00016808742017
0.0226721723157
4.46013484999e-07
8.09044223014e-07
0.0175676068439
0.000941063339269
5.02749802073e-06
0.00371679112738
0.00229181725931
0.00302955725172
1.04252946435e-06
1.56294279635e-07
6.11927999437e-05
0.0175676068439
9.86626944562e-05
2.51496496146e-09
0.00302955725172
0.0226721723157
1.32413410435e-05
0.0175676068439
2.69529172966e-06
0.00302955725172
0.000241377371333
1.88992122528e-05
2.39537916746e-05
0.00218208381043
7.75005264086e-09
0.0069783971394
6.56189885126e-07
1.03500729859e-08
8.71790150969e-06
0.000249778378707
3.16424731844e-08
0.0175676068439
0.0175676068439
0.0069783971394
5.94036170771e-06
0.000415264097894
1.38804284013e-05
0.00302955725172
8.96957334976e-06
0.000130913730835
0.0175676068439
2.80237729736e-05
8.74012071937e-08
0.0175676068439
4.84474906649e-06
4.88796727161e-10
3.75100623994e-16
8.07191137509e-06
0.0175676068439
1.18515977251e-07
0.000581770884766
0.000581770884766
0.000116645068867
0.00497888457557
0.000371526710108
4.26760346977e-06
1.02077167917e-05
0.000941063339269
9.24936028338e-07
0.00027087873715
0.000371526710108
0.00140136188232
0.00302955725172
0.0175676068439
0.00119095025164
0.0175676068439
0.0069783971394
8.9020827e-13
0.00218208381043
6.07525528696e-05
2.0494235616e-08
0.000228341252067
0.00371679112738
0.0
0.0069783971394
3.54211278466e-05
0.0226721723157
0.000133974117246
0.000614971573545
0.0175676068439
3.60811388109e-06
0.0069783971394
0.0069783971394
0.0069783971394