500
2.56256648002e-23
3.93903702182e-36
0.00131354428894
1.50547330846e-25
1.49437055349e-29
9.3457483975e-08
0.000139329776067
1.7521081114e-12
2.44090384297e-26
0.000380305358261
2.08102795696e-09
7.64335725224e-23
0.000144513585248
2.94371492829e-12
4.60636727631e-19
3.81161414758e-168
1.39324048079e-64
9.97533703034e-22
1.16441891583e-17
3.88375717524e-05
7.39960158133e-13
3.49530557903e-25
4.09611296319e-21
4.83519228221e-46
6.90145056386e-07
2.22930454766e-139
1.07270074695e-41
3.95942600825e-16
8.22007896917e-39
1.89546760505e-19
4.29050966054e-21
3.64213958149e-21
1.22090374606e-53
1.46907605441e-17
9.24693644881e-60
3.19662447978e-92
1.67968154881e-13
6.72618297787e-12
1.48614237294e-10
3.27902633706e-07
0.00709122035753
9.97257715443e-23
1.97634018711e-05
8.76170648072e-05
2.14065872372e-31
2.90165287338e-05
5.69362772693e-86
2.83607797876e-11
4.48939080673e-65
0.0129776536313
4.34133554497e-05
1.07833744253e-40
4.1401219058e-12
5.28970498741e-23
8.11900151443e-13
2.80547056958e-35
2.73716124995e-19
7.79633239437e-17
1.03113811417e-05
3.85828083425e-15
4.49164123896e-21
4.38795127831e-08
3.81502789611e-35
1.62398659915e-34
1.24332394491e-29
2.69137255607e-07
1.50014408715e-10
1.68624493446e-07
0.00131354428894
5.62714631028e-06
6.61689304218e-47
7.03841179831e-12
2.9223852965e-05
0.00709122035753
9.70396715879e-08
9.37033956452e-57
4.02831738205e-11
1.54547350628e-43
4.80651359934e-11
5.92565945657e-72
2.37474752309e-69
5.64043778226e-20
4.12093966707e-12
0.000673690725666
6.36843197598e-53
0.00159359700937
2.07177037642e-18
2.08952425666e-07
1.43611479316e-34
2.35054366325e-17
2.09780273146e-09
2.30508560311e-30
7.42506127955e-37
8.99212377013e-16
1.52712429922e-27
5.43673038963e-24
7.95229907321e-31
2.05438564776e-05
1.08588845856e-35
2.45747788715e-12
1.17902627087e-29
9.09256882491e-05
5.79688539782e-28
1.57976700979e-36
5.31907401246e-13
2.86494338798e-05
0.00127063913462
4.85697109715e-13
0.00361267605633
3.54156582944e-05
9.97114426299e-23
1.24528039689e-12
4.75388485141e-07
2.20767412066e-17
1.80550140396e-116
2.00776227977e-05
5.00979190795e-70
1.65401730393e-78
4.02459816366e-15
2.8767518073e-35
5.49691272695e-29
1.55968743411e-08
5.23235638327e-10
9.40437123047e-11
2.06718653763e-15
1.9489466496e-15
7.01005015497e-43
8.38052279492e-06
0.0
9.12538110578e-65
5.75683877428e-05
8.72445061877e-33
1.2745961356e-08
1.70414022411e-15
1.26943160605e-35
1.01715359314e-27
2.5190246222e-49
8.14793152962e-81
7.8414058011e-27
1.24505467737e-09
7.43214950181e-35
0.00436363636364
1.83238848281e-19
8.47999296876e-13
1.21742391222e-09
6.77136950863e-11
2.41768247354e-39
2.05383179987e-31
2.15405739316e-35
0.00198724724972
1.37496521028e-18
1.0937228186e-07
1.7025221797e-11
6.24478469566e-19
2.40147709636e-20
1.62042959626e-15
8.07443294523e-06
6.66253349253e-17
1.51448304863e-14
8.82846876061e-09
2.36744057607e-21
5.23168116469e-13
0.0129776536313
6.55757180906e-42
3.09893570808e-18
2.34593155389e-08
1.46572071924e-49
0.00709122035753
4.13129613777e-23
0.00709122035753
6.09334519467e-20
1.14130888065e-199
4.00472492469e-18
3.22063249794e-19
0.000380305358261
1.03422662022e-43
3.56807603499e-42
3.27689096743e-09
1.35659839302e-11
3.19948897842e-55
1.95562057361e-36
2.40779615903e-15
1.46753803716e-08
1.63308706703e-07
9.4085424796e-15
3.47194490879e-07
4.27322387261e-60
1.44817615704e-14
6.40368380655e-09
0.00220233968779
3.07637595191e-37
4.58162140967e-07
1.04044719498e-37
5.34861415535e-84
2.75027041347e-27
5.12086779958e-18
4.6287312073e-19
1.22459319844e-06
2.60362051552e-17
7.23087261033e-26
1.06505755035e-66
1.5168653104e-05
3.21213043187e-68
1.4981536276e-06
0.000246763542802
2.21215496786e-25
6.03575445176e-29
9.09908687732e-83
1.97734866487e-41
1.47381772987e-05
2.46538511493e-66
1.5956018872e-09
1.05634274567e-53
3.5716127525e-25
1.54448694095e-56
2.36246172103e-28
1.09092608585e-66
1.32523836599e-16
5.74782034876e-06
2.08244490264e-15
2.79057120913e-08
2.06086697459e-38
1.36715554367e-05
1.56566755196e-32
1.58503323725e-27
1.03437419609e-09
0.00709122035753
1.67352343366e-06
1.1811388379e-06
0.000380305358261
0.00709122035753
3.0273738879e-34
6.24711499095e-20
8.39184523762e-17
2.29292645125e-28
1.8521755787e-08
9.67824987805e-55
0.00436363636364
6.75166806442e-28
4.49139278923e-19
2.19178889993e-18
9.01978247487e-18
2.96586448467e-41
1.38916466884e-32
1.68937397612e-34
2.51814264293e-48
3.91060659979e-58
4.30550375122e-18
8.52005607097e-07
1.37327701866e-23
3.54207363339e-12
5.54948757357e-30
3.57383633024e-35
0.00159359700937
3.98839247188e-16
9.14748021534e-12
9.85740353749e-31
9.40537904582e-10
1.10458275991e-15
2.1753582471e-07
1.16625895153e-66
6.65260940249e-16
1.19082773594e-20
0.00380091083367
6.59783857584e-27
6.49571159884e-21
1.33324039405e-45
3.38392526568e-28
1.67393242322e-24
1.58093764307e-11
2.62385549033e-08
3.10544695245e-39
0.0129776536313
1.37817412112e-35
8.88339318285e-26
3.03694874811e-08
0.00436363636364
7.78312976498e-43
1.24816054422e-22
7.13629795285e-20
5.52128904197e-70
6.9439440345e-58
2.14774970764e-51
1.71107576762e-36
2.27269630628e-16
6.93159437688e-17
0.000380305358261
1.10664906401e-06
1.36261083854e-16
1.86512491713e-10
1.36032414207e-36
0.00220233968779
3.68537549085e-06
1.30670075785e-43
5.6066283212e-30
7.88212460845e-17
9.14573996218e-23
5.33758244923e-13
2.37655011309e-25
6.49566241086e-29
1.05209654255e-13
9.12911378207e-32
1.05521607745e-20
2.92247219362e-34
4.72776546909e-20
1.47857812409e-17
7.00066981916e-15
7.20298122884e-25
1.88784560612e-20
1.27371540055e-14
1.50205024529e-53
3.74505245324e-60
4.42212859021e-42
4.1700500492e-09
1.33830209622e-88
6.46755721994e-31
1.29436999912e-60
1.41328779305e-28
4.66738113608e-18
3.97461815494e-06
1.38906615846e-08
2.18734291029e-21
3.40058398903e-05
1.90267422178e-40
6.06371691637e-08
3.36066778642e-47
7.87617776801e-29
2.2429091405e-09
6.95409986583e-07
1.82901044013e-17
6.11135230774e-11
1.29627232499e-29
2.66333633795e-07
5.26861096586e-10
1.71685215825e-14
1.19473717591e-24
2.76024915662e-14
1.33267507996e-32
3.7056293139e-22
2.98437329737e-11
1.47165961892e-05
1.09857794837e-49
3.30395592048e-36
4.26166077734e-06
1.34322887386e-11
1.61220590552e-43
2.44121835202e-27
2.8454400857e-39
0.000142980766346
1.4394659773e-16
5.4042709123e-18
1.06727212688e-19
8.01708291489e-09
1.25903860701e-07
2.81846545282e-07
1.3100095586e-30
3.05866245559e-11
8.3640753788e-16
4.15934484832e-52
2.34689756496e-05
2.94051126813e-10
6.85917561912e-15
1.00665776732e-08
8.05695491417e-43
1.81693532373e-07
2.73124451677e-06
6.45214494751e-08
0.00361267605633
6.25135029288e-35
7.982567599e-79
4.4254340961e-49
0.0
0.00159359700937
7.16401433777e-23
9.04116033342e-36
3.5991815721e-39
0.000144513585248
1.11376141805e-58
3.73450739732e-23
3.10159922202e-28
1.61455755996e-28
1.7443182088e-25
7.03271662327e-44
1.03743395984e-47
0.0129776536313
0.0129776536313
4.20412712388e-09
8.79857152422e-26
4.19155744053e-25
2.69336984521e-05
2.04491909151e-26
4.8399236623e-24
1.71691232287e-55
0.00235879047663
8.00017126353e-57
9.07365388113e-27
6.78369436835e-18
5.12647401098e-63
7.91745296122e-27
3.59724563849e-10
2.72910703452e-50
3.65801693529e-10
3.00052329166e-87
2.2918437393e-47
5.71442994593e-25
6.95356455217e-55
2.80887413299e-20
1.55477256996e-42
1.02757553579e-59
8.58238567179e-23
1.49245640727e-18
1.30952068567e-15
0.0129776536313
5.87709715909e-23
7.48763398494e-29
3.20264321222e-29
1.48455351323e-07
3.25459816498e-44
1.41907322683e-14
1.0178248374e-22
3.69369363288e-16
9.37597557352e-70
6.00220764983e-42
4.45803547784e-06
4.39187913464e-08
6.84647030241e-05
0.00198724724972
1.85286647325e-24
2.3398141182e-26
6.95418947363e-05
3.09557417539e-23
3.5394996073e-06
2.41231459099e-69
1.51312900351e-28
1.50794221434e-31
3.41383920495e-08
0.000116787184896
6.1138568092e-32
1.67323101074e-24
0.00198724724972
1.15748822943e-16
3.88375717524e-05
0.00159359700937
0.0129776536313
5.13312694428e-40
0.0129776536313
2.33549900742e-60
3.53348041827e-23
9.10371932576e-11
6.84647030241e-05
3.57650842749e-26
0.00131354428894
5.29344071549e-29
5.50981964596e-18
0.000380202479838
3.97270190811e-06
5.73705123886e-15
2.66376436831e-50
7.94445590749e-30
6.65386054156e-54
0.00709122035753
2.63274173977e-43
2.60508167804e-27
3.8130221895e-09
5.79699493751e-27
7.88796522892e-09
1.9922862704e-32
2.44860609532e-25
2.02367553356e-20
7.67647256875e-14
2.04317975574e-41
1.34952934515e-12
7.76285822134e-05
5.84522402049e-23
2.26410317736e-07
1.98215717022e-07
2.41625332964e-15
3.28420509314e-30
5.01361457153e-70
3.99903170493e-66
1.5917812422e-08
3.53260545449e-68
1.96073051654e-30
2.31356775504e-14
6.30206697841e-19
1.24633309525e-05
0.00436363636364
1.50774642915e-05
5.64752612598e-41
0.0039923076923
8.12002726087e-16
3.57598953818e-24
0.00361267605633
0.00709122035753
2.23203629902e-14
0.00159359700937
2.50041298932e-55
1.51195353648e-09
4.54500549234e-93
1.44575319426e-09