500
1.74254015983e-123
6.86927149566e-26
4.67996807623e-05
1.07259276146e-64
1.2265415149e-19
0.0
0.00160867297866
0.000631911129894
8.57992055804e-28
2.20130977954e-86
3.95487992854e-119
6.8464778597e-29
1.31779346828e-35
6.1530359993e-26
3.49094372314e-22
3.4308589368e-37
1.97905591694e-30
8.3203087303e-16
5.19390679513e-25
2.41444027521e-19
3.45752569951e-20
4.60988104601e-06
6.84867455151e-18
3.99606593233e-11
2.46089122215e-51
4.65462355378e-25
2.41934880049e-17
1.53651107544e-34
3.03116246982e-53
1.04647645923e-19
1.34999400259e-24
1.01283574746e-11
1.3846754144e-05
0.00308490566038
2.90337782597e-33
1.52515633887e-43
2.77522028186e-80
3.22060798344e-34
0.000103812126413
5.21609085487e-14
3.1571492693e-77
1.96688394287e-22
0.000631911129894
4.3517875125e-06
1.56727391847e-16
2.18948014187e-26
1.41926415772e-13
1.16541202815e-09
1.9490505546e-17
1.42074138297e-13
1.80673203156e-17
1.12546777536e-05
1.93859105436e-37
3.52322872095e-05
4.96062340042e-156
6.48035681616e-23
3.31505016153e-20
3.09776534523e-11
5.75716719572e-65
1.56713569676e-28
2.15514073246e-09
3.27255452349e-49
1.4077227776e-29
2.77481581913e-06
1.03854494574e-53
2.59662873685e-31
1.06475970055e-05
1.73027363554e-07
8.0605833671e-44
4.2377946815e-44
2.45686502792e-53
0.0036724137931
2.02100380242e-40
2.42854211223e-63
5.51286156236e-16
1.053215678e-17
3.75755964568e-40
5.60271284044e-16
3.06485443273e-59
3.3764033261e-05
7.41469541332e-14
1.12546777536e-05
7.6669078011e-12
4.13210601041e-13
3.20671338937e-08
1.03613141959e-26
1.23943315762e-22
1.32360040911e-11
0.00308490566038
6.56020937892e-13
0.00018094142295
9.48792220047e-08
3.22518101903e-82
1.13037230729e-07
4.60916917137e-07
1.60786350724e-22
1.106704298e-33
9.91332096125e-70
1.49453607911e-16
1.85304504664e-44
4.26821672728e-15
4.21995970523e-11
1.70960552392e-41
7.88810158271e-46
4.99907056646e-08
1.25195265921e-56
0.000115664648588
3.70593930736e-21
2.36582647907e-23
2.29531124638e-13
1.28850982222e-14
1.81384207697e-15
8.54129042141e-21
9.27381750214e-13
1.3180608252e-13
2.94686654694e-77
5.6013543179e-39
1.05001420387e-14
5.56596995249e-07
1.94448316775e-12
3.85172509837e-13
9.84285443944e-24
3.4979714621e-29
4.42762832049e-20
0.000902510479742
1.94817032911e-08
3.10445498717e-11
0.000631911129894
5.28387212194e-19
7.1714139251e-17
7.71628563454e-20
1.01319787772e-33
8.69691454418e-11
5.23739242255e-27
3.43388524542e-86
7.57383616102e-69
6.05340747672e-06
1.20293426302e-05
3.39889246369e-14
3.73702504034e-136
4.98839793785e-34
3.77839518671e-21
2.39660548659e-73
1.86044156312e-60
1.77609302612e-15
3.78575972564e-50
9.26969637504e-38
1.67385731731e-79
1.76363778701e-06
3.70222281995e-17
6.11650327113e-12
3.60662101978e-35
3.1701309951e-34
1.49240690631e-20
2.85838970547e-145
0.000443318906538
4.58809806915e-06
9.40633414298e-13
1.09935742071e-66
0.000456661686493
5.10297698186e-19
1.0131072535e-53
2.39874486953e-141
2.4309416989e-27
1.59947103587e-19
0.00160867297866
3.85047051563e-34
2.86921080105e-20
1.28022953653e-13
5.86877870957e-22
6.94731839856e-15
3.33054142878e-56
1.99379195283e-16
4.64284654534e-18
7.67334192215e-15
4.24522051813e-90
8.5105446326e-09
1.79053316501e-44
1.85611655907e-31
2.52838249579e-89
2.68871248138e-53
1.72988838949e-21
3.93960344591e-60
2.62758412706e-17
1.79791883486e-10
3.68257146996e-12
1.80943483268e-10
1.71854444362e-119
5.00077885516e-06
1.28709217225e-23
1.13037230729e-07
9.5605133427e-11
1.05715295759e-40
1.34433588833e-22
1.02377386947e-79
1.14881065133e-20
9.86653348284e-60
1.19506024046e-23
1.95545894693e-11
9.9630443126e-45
9.68332697278e-22
3.35060002529e-09
4.2883264712e-24
2.68291494214e-13
2.81643854689e-26
4.41287692969e-21
4.2966716819e-128
1.78513389199e-81
7.83438710043e-28
0.000902510479742
0.00227776454412
2.24981751833e-25
2.9213685956e-19
1.80251145637e-14
8.29635571895e-12
1.2319708944e-46
0.00308490566038
1.03504394713e-21
0.00308490566038
1.46681635523e-26
3.16380595538e-32
1.20855403835e-89
3.38144322541e-13
2.4024525216e-34
1.49708865689e-26
1.70196218988e-74
1.12546777536e-05
1.05483322065e-18
2.68884298548e-05
8.02545825354e-21
6.02238377049e-08
7.06067966394e-20
1.06140499487e-05
2.42139951047e-22
6.92876939911e-14
1.2614966393e-48
4.45417135361e-30
3.18465598227e-54
1.6293543254e-43
2.74874174522e-24
0.00105504137595
2.33984253292e-06
4.60988104601e-06
5.28000175613e-44
3.31524321239e-08
4.68706208951e-138
1.55099136756e-13
5.68497670582e-106
9.28993144914e-57
5.30161625021e-24
2.03159914583e-16
8.76080313226e-06
2.10339788843e-12
1.13141067093e-21
3.83316495488e-106
1.95109925453e-55
1.46656610173e-72
3.86671926985e-14
1.87903575059e-30
1.73437816327e-09
3.52322872095e-05
2.54775031142e-08
6.53075124792e-55
2.54142870376e-23
2.41860501393e-16
7.21545466982e-108
2.63110757902e-32
2.89597984901e-54
5.80900380826e-58
9.37002897163e-85
3.8542339701e-16
1.28043488881e-31
1.26842985575e-65
0.000561831761251
4.85632943854e-41
3.15953791907e-91
4.2473215552e-18
1.55532198055e-55
3.05006756618e-20
8.95385695238e-08
4.30020181307e-21
4.2143291553e-41
8.64876118364e-51
4.08930768679e-29
8.16261821514e-14
3.21912797811e-23
2.80685441445e-48
7.33105554287e-56
4.07841461237e-25
1.45030988183e-23
1.90435282369e-10
8.022551604e-53
6.00607646293e-75
1.87896520227e-45
4.64255662062e-30
1.10485311024e-48
1.09864165373e-13
1.50475786263e-66
3.982473028e-98
8.8403931681e-09
1.40261728362e-35
8.40396877637e-62
1.89663776488e-09
4.30799008913e-28
0.00227776454412
1.05176165755e-129
6.70706680374e-43
6.44909484983e-38
5.16047639741e-131
7.9959542413e-38
2.10521232952e-38
8.46206007848e-12
1.72546165778e-12
6.65129843358e-11
7.12480256293e-23
4.72690009399e-11
0.000631911129894
1.42310592062e-40
0.000237623652399
6.73141569242e-55
1.71486865221e-27
3.02699575753e-22
3.16370039568e-17
3.92423571888e-16
1.03978073166e-10
0.000631911129894
2.30720205197e-34
3.99496925977e-11
6.13317820545e-13
1.22358647271e-13
3.8207301021e-55
5.26187490632e-32
3.98263789658e-90
7.6454538991e-55
3.99893876846e-33
7.18906551998e-65
3.25459182393e-41
2.49616919462e-40
8.67991527295e-25
7.67274251875e-72
2.16337820437e-101
2.60785995687e-26
3.36657435311e-14
2.13737975082e-05
1.18481232621e-66
5.82511778081e-22
5.45542676048e-49
6.94226908795e-17
3.62969863455e-83
5.95960021707e-21
1.23123418023e-18
0.00227776454412
5.92097901722e-41
8.91321769487e-09
1.36003954612e-73
1.62107053034e-61
1.66604562928e-33
8.16284633766e-41
2.71816149995e-06
2.90614200776e-22
7.85481691109e-95
0.00227776454412
5.16898227715e-33
1.16101409643e-16
2.44409350788e-39
2.76323020364e-16
2.5947054839e-11
4.72266015685e-32
3.24930381356e-34
7.72016072625e-10
0.00227776454412
7.28659743204e-62
9.7107868076e-06
2.14066124603e-12
2.09151546966e-38
3.71351004105e-39
3.77544623648e-27
9.35993615247e-06
2.66006761222e-19
1.71870903969e-66
1.89337388574e-06
0.000631911129894
1.53912003997e-26
8.6295116385e-15
6.10803690559e-24
5.59620011409e-29
8.38712660138e-52
2.02429419554e-09
4.30568564464e-11
1.05002709585e-82
2.49703768319e-09
1.12963661413e-50
6.14969897095e-48
0.000237623652399
1.27089579572e-08
5.50438753705e-22
2.38189339424e-08
3.20822976411e-11
0.00227776454412
0.00160867297866
2.84286905746e-45
4.20974974086e-19
2.65579384482e-09
4.99543982188e-08
2.56972372435e-22
0.000631911129894
1.18162328932e-27
8.24153000025e-08
4.01107171009e-10
3.94525546762e-09
1.13844395792e-29
2.27553374228e-40
5.36059372585e-26
0.000243771478604
6.25836255048e-28
1.28879717462e-13
1.84739731929e-31
0.00105504137595
2.14289282044e-12
7.65577589152e-12
1.0795414948e-20
9.95941970105e-21
4.3934548295e-40
5.76947826236e-48
2.53559521577e-26
9.47268797441e-05
1.49793267185e-16
0.000631911129894
4.878603309e-68
6.37408923299e-25
1.61726170729e-08
9.57450955797e-32
2.75310514486e-19
7.22023205565e-40
2.6448032743e-54
0.00227776454412
1.80209406906e-26
8.19424056003e-70
1.86999648504e-47
2.22200259953e-18
4.76874365743e-21
0.0
2.53506851833e-13
1.68018496322e-32
1.53248785547e-56
1.60096014166e-05
7.10414963311e-10
0.00105504137595
0.000631911129894
3.60176658979e-31
1.65463410859e-11
1.69813611787e-80
6.10133716671e-42
1.11565095934e-08
8.49585443103e-07
4.73386254796e-08
6.35454912431e-102
0.0
3.74003307327e-37
2.45191780869e-11
2.74140053465e-06
1.85514405357e-35
7.93008553098e-36
5.50831556996e-06
8.46307847326e-89
8.3710150094e-07
2.96017131014e-15
7.22413045609e-13
7.90547568742e-29
8.52137078971e-15
1.15446925376e-09
2.11665453321e-106
1.48728546345e-07
3.19038978805e-21
3.77003216436e-16
2.78451991859e-41
7.43273470043e-10
7.96960849732e-11
0.0
3.90709022703e-06
5.50212603881e-27
4.45369761761e-63
1.02109381983e-18
1.24152692726e-26
1.37304515001e-20
1.61103243539e-68
2.49471694298e-09
2.77481581913e-06
6.87111549759e-83
3.01635086011e-24
2.04147983452e-19
9.40413207289e-21
0.00018094142295
5.45159243502e-64
0.00105504137595
1.77758953844e-63
6.77588891736e-19
1.62649715988e-25
2.28497253569e-28
9.33486884055e-05