500
0.0120808635596
0.00067168561678
0.0819295249653
0.00871598060821
1.20416467836e-06
0.0206484437281
0.0120808635596
0.00287187319893
1.96150961121e-07
0.000981916159974
6.54001275569e-07
2.30238714171e-06
0.000355853135956
7.60649933647e-05
0.00244269068907
0.000653549970548
1.93071719271e-06
2.25498632458e-06
0.000903427690418
8.55257350569e-08
2.95184754158e-05
0.0819295249653
0.0391825693842
0.0261829991207
9.43264036918e-06
0.000877809314662
4.97109182033e-05
0.000903427690418
0.0391825693842
0.00668953284872
0.00333277270805
3.17612124314e-05
1.14340325263e-08
0.011108196087
0.0391825693842
8.0042267339e-09
0.00524395260946
0.011108196087
1.91310128469e-12
4.35502455321e-08
3.03771196666e-06
0.00101894668551
0.000679043089311
0.000842089308785
0.00216388834269
0.0819295249653
3.88988948093e-10
0.000192109334762
0.000114852218696
0.00871598060821
5.66406817583e-09
1.63181995458e-07
1.64041900893e-05
0.00668953284872
4.97472042187e-08
1.08241095534e-11
3.31942074451e-09
0.0120808635596
9.52508836746e-07
0.0120808635596
0.0391825693842
0.00163512320863
0.00163512320863
0.00163512320863
0.00101253161258
0.0819295249653
1.08957024611e-05
1.14708385306e-05
0.0016069687902
0.000111813101133
0.0206484437281
8.15285391699e-05
0.00216388834269
8.94356523512e-06
2.26232306804e-12
5.66987893465e-07
0.0261829991207
0.00216388834269
0.0819295249653
0.00668953284872
0.0206484437281
0.00668953284872
0.00110246352189
0.0819295249653
0.000847481327628
0.0206484437281
1.27946505086e-05
0.00524395260946
0.00518465734395
0.000251742942646
0.0391825693842
0.000238743559381
0.011108196087
0.0391825693842
4.35302910046e-11
0.0391825693842
0.0391825693842
2.43648284459e-08
0.00222112001151
0.0391825693842
5.13328806036e-05
8.90332667653e-05
0.0206484437281
0.000116954565597
0.00798304566709
1.04769034832e-05
2.51693705911e-17
1.36615563945e-05
2.14163536324e-06
1.00797581479e-06
1.66624993247e-06
2.14385726795e-08
0.0819295249653
0.00287187319893
0.00871598060821
1.07594273126e-11
0.000204112054331
0.00204004282937
2.61577125927e-05
0.00798304566709
1.30904176329e-09
0.00101253161258
0.0819295249653
0.000486778013438
1.55848989542e-10
0.0391825693842
0.000617194444815
0.000195223695146
0.0206484437281
8.17390335081e-07
1.54774073781e-08
0.000103206054135
0.00333277270805
7.77256859778e-05
0.000903427690418
3.39728146233e-05
0.0391825693842
3.71372911116e-07
1.09453515098e-06
6.23627407635e-08
0.0120808635596
8.99752371345e-14
1.83783985401e-09
3.68330008734e-05
5.13982699296e-15
8.57263678922e-06
8.49830117689e-08
3.20870114738e-05
1.50839063077e-05
0.00871598060821
5.0497205742e-06
0.000348677114988
4.53239221295e-07
6.5232536806e-07
5.76853285948e-07
0.0391825693842
0.000356293384935
0.0261829991207
2.11828292588e-08
0.00222112001151
0.00208966552892
0.0391825693842
0.0391825693842
1.78857565795e-10
7.73489315462e-08
0.000617194444815
0.0391825693842
0.0391825693842
0.00871598060821
0.0819295249653
0.0
1.02927513941e-05
0.000578333838901
1.48684670257e-06
8.71295475004e-06
0.00122327723728
0.000206826040118
2.77247453067e-09
0.0206484437281
0.011108196087
1.05271386883e-07
2.63032510004e-10
0.0120808635596
0.000109995879429
0.000322899857719
1.75570376005e-09
3.96808502725e-06
1.62872474329e-05
0.0206484437281
0.0391825693842
0.00216388834269
0.0819295249653
0.00215942848094
0.0122161399299
0.0391825693842
0.0206484437281
4.85094767024e-05
0.0819295249653
0.0206484437281
0.0206484437281
0.0391825693842
0.000228839557875
0.0391825693842
0.0391825693842
0.00518465734395
0.0206484437281
0.000883450702565
2.17865053854e-11
5.05860275823e-09
6.04834699634e-15
0.000195223695146
1.0671890672e-11
0.00798304566709
0.00871598060821
2.89408934361e-06
6.33247656491e-06
6.49865320713e-05
0.0819295249653
0.0120808635596
0.000238743559381
0.00272823016193
0.00122252891963
6.60715662347e-10
0.000183637415472
0.0206484437281
3.23411331614e-07
1.0720139401e-06
0.00871598060821
0.00163512320863
0.000261578293614
6.1920319668e-08
5.85159802809e-05
2.30396102074e-08
0.000413312842765
1.74549758825e-08
0.000822770584136
3.95565266284e-11
0.00280099440618
0.0391825693842
0.0206484437281
0.000202961865266
1.77311268443e-12
0.00381524759793
0.00871598060821
0.000114852218696
4.61773699691e-06
1.09453515098e-06
1.08822254655e-10
1.9393441696e-07
9.87526304236e-06
4.51311876547e-10
1.09046799334e-05
0.000192109334762
4.15742033137e-07
0.0391825693842
1.26927364974e-06
1.14256084661e-06
0.00216388834269
0.00362953717499
0.000243389010191
3.66933361865e-07
7.29700786126e-06
0.0391825693842
0.0391825693842
2.73546736845e-05
5.11182203332e-05
0.000981916159974
6.33264735151e-10
0.000195223695146
6.77935823587e-06
0.000741334705381
9.24713821934e-08
0.00871598060821
0.00101253161258
1.02157835558e-06
0.0206484437281
0.000482583944282
0.0391825693842
0.00798304566709
0.0391825693842
0.0206484437281
0.0
7.30687010279e-05
0.000287082216792
0.0819295249653
3.71566654653e-06
0.0819295249653
0.000617194444815
0.0391825693842
0.0391825693842
0.0391825693842
0.0120808635596
9.87084113809e-05
0.0120808635596
0.0391825693842
0.0819295249653
0.000377822245443
0.000246708671187
4.95784790405e-05
0.000883450702565
9.53647675138e-12
8.56440737622e-06
0.00287187319893
0.0819295249653
0.00222112001151
1.86914596993e-09
0.000133935442341
0.000384236563122
1.34754002166e-07
0.000741334705381
9.86931602109e-12
0.0391825693842
0.000411181066773
0.0391825693842
0.000561591477291
0.0819295249653
0.0391825693842
7.24733718127e-11
0.00180817579391
1.32632708671e-05
0.0391825693842
9.2273147501e-07
0.0206484437281
2.35140126715e-06
0.000903427690418
0.00180817579391
0.000261578833427
3.34202695364e-07
0.000741334705381
2.95774395679e-05
0.000989833478229
0.00216388834269
9.89514691812e-12
0.0206484437281
0.000653549970548
0.0391825693842
0.0819295249653
8.71059834226e-10
0.00668953284872
0.00101894668551
0.00287187319893
0.0120808635596
0.0819295249653
4.80092104015e-06
0.0261829991207
0.000332162232329
0.0206484437281
0.0206484437281
0.000108737904591
7.38303390524e-09
0.0
2.19080203835e-11
0.0391825693842
5.446392847e-08
0.0819295249653
0.00280099440618
0.000873787592735
3.29221770625e-09
0.00215942848094
3.64467493174e-05
0.0120808635596
0.0206484437281
2.06141590879e-05
0.0206484437281
4.79367502443e-06
0.0206484437281
1.71417698134e-06
0.0391825693842
2.46050159049e-08
1.23871874885e-10
2.790632406e-07
4.80076076745e-15
2.04070653979e-06
0.0391825693842
2.58556795519e-06
2.01857531035e-10
1.67697169198e-06
2.01047630905e-08
0.00871598060821
0.00871598060821
0.000114852218696
0.0261829991207
0.000617194444815
0.00280099440618
3.02452522993e-07
1.85992634766e-08
0.0206484437281
0.000110756836109
1.09926886267e-05
0.00362953717499
8.461451974e-05
0.0122161399299
0.00668953284872
0.0023630259526
2.81991359714e-12
3.93031448953e-08
3.47291646862e-18
1.46054270415e-13
2.82516645626e-11
7.61580551043e-05
6.06255309196e-07
2.0238246226e-06
4.0277635927e-07
6.43753225471e-05
0.0391825693842
4.28345398419e-07
2.73258400709e-14
1.03944930485e-09
0.0120808635596
0.0391825693842
0.0206484437281
0.011108196087
0.0819295249653
1.83224046865e-10
0.0261829991207
0.00101253161258
0.0391825693842
2.17785383904e-10
7.65776269394e-05
0.000482583944282
0.0120808635596
3.04821880242e-06
0.0391825693842
0.00110246352189
0.0819295249653
0.0
0.0206484437281
0.0391825693842
0.0
0.0819295249653
7.64744791798e-05
0.0
0.00668953284872
0.0391825693842
0.0819295249653
0.000135570367062
2.68680770405e-05
3.29710879879e-06
2.35436938199e-08
2.42868329584e-15
4.19350316767e-09
0.00216388834269
8.03791530374e-10
1.93927069759e-09
0.000238743559381
0.0391825693842
5.04813658666e-07
0.00567907336331
1.37150488862e-07
0.000228839557875
0.00045003136288
0.00567907336331
0.000482583944282
3.77793384345e-06
0.00180817579391
0.0391825693842
0.000411181066773
1.96884441002e-06
0.000617194444815
0.00244269068907
1.12646838185e-11
0.000617194444815
3.12318889088e-13
0.0120808635596
0.0391825693842
2.94587557374e-05
0.0391825693842
2.44087947332e-06
0.0206484437281
6.4811407923e-11
0.000689914248924
0.00204004282937
0.00216388834269
4.21158073758e-12
5.45227005629e-06
0.000482583944282
0.00015926101824
1.08095359688e-05
1.69086998004e-21
0.00244269068907
7.50184961797e-24
0.00067168561678
1.05282695816e-10
0.00871598060821
2.49522380271e-06
3.44883174926e-08
0.0206484437281
0.000103964408109
0.0391825693842
5.77482419018e-11
0.0391825693842
6.94645296486e-06
0.00163512320863
0.000411181066773
6.19674145725e-07
2.12724376526e-05
5.072507265e-11
0.0120808635596
5.74746015664e-06
0.000989940668034