500
0.0
0.0
0.0530622529801
0.0
0.0530622529801
0.0530622529801
0.0
0.00317141066291
0.00272469391239
0.0
0.0530622529801
0.0117876015813
8.95305322334e-10
0.0
0.0
0.0
0.0
0.0
2.84571460332e-12
1.250537277e-10
1.2231943012e-07
0.0530622529801
0.00272469391239
0.0
0.0
0.0
0.0530622529801
3.80280846272e-13
4.58278904005e-13
1.2231943012e-07
0.0
0.0530622529801
0.0530622529801
0.00070798785804
1.2231943012e-07
0.0
2.78349098355e-09
0.0530622529801
0.0530622529801
0.0530622529801
0.0
0.0
0.0530622529801
0.0117876015813
4.4825829575e-10
0.0530622529801
0.0117876015813
0.0530622529801
0.0530622529801
0.0
2.78349098355e-09
0.0
6.79488138395e-08
0.0530622529801
0.00272469391239
0.0
0.0117876015813
0.0
0.0117876015813
0.00272469391239
0.0117876015813
0.0
0.0530622529801
0.0530622529801
0.0
0.0530622529801
0.0004846628172
0.00272469391239
0.0
0.0530622529801
0.0530622529801
0.0530622529801
0.00272469391239
0.0
0.0530622529801
1.2231943012e-07
1.75897311247e-10
0.00272469391239
0.0117876015813
0.0530622529801
0.0530622529801
0.0
0.00411207273847
0.0
0.0
0.0
0.0530622529801
0.0
0.0530622529801
0.00272469391239
0.0
0.0530622529801
0.0530622529801
0.0530622529801
5.45845426932e-10
0.0
0.0
0.0530622529801
1.21317839465e-12
0.0
0.0117876015813
0.0117876015813
0.0
0.0
0.0
5.45845426932e-10
4.4825829575e-10
4.32113768703e-08
3.62792493011e-11
0.0
0.0530622529801
1.250537277e-10
0.0
0.0
0.00317141066291
5.45845426932e-10
1.250537277e-10
0.0
0.0
0.0
0.0
0.0530622529801
0.00317141066291
1.56132964057e-10
0.00317141066291
0.0530622529801
1.250537277e-10
0.0
0.0
0.0530622529801
0.0530622529801
1.2231943012e-07
1.23065903508e-12
0.0530622529801
0.0
0.0
0.0
1.250537277e-10
0.0
0.0
0.0530622529801
0.0
0.0
0.0117876015813
0.0
0.00411207273847
0.0
0.0
0.0
0.00070798785804
0.0
0.0530622529801
1.2231943012e-07
0.0
0.00317141066291
0.0530622529801
1.2231943012e-07
0.0
0.0
8.95305322334e-10
0.0530622529801
0.0117876015813
0.0530622529801
0.0530622529801
0.0
0.0
0.0530622529801
0.0
0.0530622529801
1.250537277e-10
1.2231943012e-07
1.2231943012e-07
4.32113768703e-08
0.0117876015813
0.0530622529801
0.00272469391239
0.0
0.0530622529801
0.0117876015813
0.00272469391239
0.0
0.0
0.0530622529801
0.00272469391239
0.0
4.4825829575e-10
0.0530622529801
0.0
0.0
0.00272469391239
0.0
0.0
0.0117876015813
0.0
1.16138633861e-09
1.250537277e-10
0.00317141066291
0.0
0.0
0.0530622529801
0.0530622529801
0.0
1.250537277e-10
1.72051374103e-07
7.37238739266e-08
0.0530622529801
8.95305322334e-10
0.0
0.0530622529801
2.09507233927e-07
0.0
0.0
0.0
3.62792493011e-11
0.0
0.0
0.00272469391239
0.0117876015813
0.0
0.0
1.250537277e-10
0.0
0.0
0.0530622529801
0.0
0.0117876015813
0.0
0.0
4.58278904005e-13
0.0
1.2231943012e-07
0.0
1.250537277e-10
0.00317141066291
0.00272469391239
0.0
0.0530622529801
0.0530622529801
0.0
0.0530622529801
0.0530622529801
4.4825829575e-10
0.0
0.0
0.0
1.2231943012e-07
0.0
0.0
0.0
0.0530622529801
0.0530622529801
0.0
0.0
0.0
0.0530622529801
0.0117876015813
0.0530622529801
0.0
0.0530622529801
0.0530622529801
0.0530622529801
0.0
7.37238739266e-08
0.0
0.0530622529801
8.95305322334e-10
0.0530622529801
0.0
0.0530622529801
0.0
1.48948612073e-07
0.0
0.0
0.0
0.0530622529801
0.0
0.0530622529801
0.0530622529801
0.00272469391239
0.0530622529801
0.0530622529801
0.0
0.0
0.0530622529801
1.250537277e-10
0.0
0.0530622529801
0.0530622529801
0.0
1.2231943012e-07
0.0530622529801
0.0530622529801
8.95305322334e-10
0.0
0.0530622529801
0.0530622529801
0.0530622529801
0.0
0.0
0.0530622529801
0.0
0.00272469391239
0.0
0.0530622529801
0.0530622529801
1.2231943012e-07
0.0
0.0530622529801
0.0
0.0530622529801
0.0
0.0530622529801
0.0530622529801
0.0530622529801
0.0
0.0
1.2231943012e-07
0.0530622529801
0.0117876015813
0.0
0.0
0.0
1.2231943012e-07
0.0
0.0
0.0530622529801
1.75897311247e-10
0.0
0.0
0.0530622529801
1.2231943012e-07
0.0
1.48948612073e-07
1.2231943012e-07
0.0117876015813
0.0
0.0
0.0530622529801
0.0
0.0
0.0117876015813
0.0117876015813
0.0
8.95305322334e-10
0.0
0.0
0.0530622529801
0.0530622529801
0.0
0.0530622529801
0.0
0.0530622529801
0.0530622529801
0.0530622529801
0.0530622529801
0.0
0.0530622529801
0.0530622529801
0.0
0.0117876015813
0.0530622529801
0.0
0.0530622529801
0.0530622529801
8.95305322334e-10
0.0530622529801
0.0
0.0
0.00317141066291
0.0530622529801
0.0530622529801
0.0
5.45845426932e-10
0.0
1.2231943012e-07
1.2231943012e-07
0.0117876015813
0.0530622529801
0.0530622529801
0.0530622529801
0.00272469391239
0.00272469391239
0.0530622529801
0.0
0.0530622529801
0.0
0.0
4.01977048221e-11
6.14225115125e-10
0.0
0.0
0.0
0.0
0.0
0.0
1.2231943012e-07
0.0
0.0
0.0530622529801
0.0
0.0
0.0
4.58278904005e-13
0.0530622529801
0.00317141066291
0.0530622529801
0.0
0.0
5.84592332871e-11
0.0117876015813
0.0
0.0
0.0530622529801
0.0
0.0530622529801
0.0
0.0
0.0117876015813
0.0
0.0530622529801
0.0530622529801
0.0
0.0
0.0530622529801
0.0530622529801
0.0
0.0530622529801
0.0530622529801
1.2231943012e-07
0.0530622529801
1.56132964057e-10
1.48948612073e-07
0.0
0.0
0.0
0.0
0.0530622529801
0.0530622529801
0.0530622529801
0.0117876015813
0.0
0.0
0.0530622529801
1.2231943012e-07
1.2231943012e-07
8.95305322334e-10
0.0
0.0
7.37238739266e-08
0.0
0.00070798785804
0.0530622529801
0.0530622529801
0.00272469391239
0.0530622529801
0.0530622529801
1.2231943012e-07
1.48948612073e-07
1.0805516441e-14
0.0530622529801
0.0530622529801
1.2231943012e-07
0.00272469391239
0.0
0.0
0.0
1.2231943012e-07
0.0530622529801
0.0530622529801
0.0530622529801
0.0
0.0530622529801
0.0
0.0
1.2231943012e-07
0.00317141066291
0.0
0.0530622529801
0.0
0.0
1.72051374103e-07
3.5485984518e-08
0.0117876015813
0.00272469391239
0.0
0.00070798785804
1.250537277e-10
0.0
0.0530622529801
1.2231943012e-07
0.0117876015813
0.0530622529801
0.0
0.0
0.0530622529801
0.0
0.0
3.5485984518e-08
0.0
1.48948612073e-07