500
0.0169531236328
1.64854173215e-12
1.49877247869e-07
2.35218110708e-09
7.9528743644e-06
6.92668421334e-07
6.73349251485e-09
3.96419859137e-06
6.74389893221e-11
0.000304058772395
1.68386747316e-16
7.68933440401e-09
0.000177900671417
0.0
1.59907371058e-05
2.52787929929e-08
0.00310886689002
1.25442470783e-08
7.97694491476e-05
5.32527489442e-09
1.49877247869e-07
0.00199923848732
0.000669262490364
0.000249364928639
1.13174127045e-06
4.37256902936e-08
1.55599452189e-06
0.000669262490364
0.0169531236328
1.54886244826e-05
0.0124047246094
0.0117446334836
0.00266122692367
0.00261564996751
0.0117446334836
3.40605842275e-08
0.0
1.7126439667e-06
2.95115603361e-11
1.4286403096e-06
0.000952146625066
4.8163546307e-24
0.0
2.85088600216e-12
0.00223306209082
3.96925413676e-05
1.16078905917e-24
2.52174599575e-06
0.0
0.00266122692367
3.25723691432e-26
1.47990475505e-06
1.8741654051e-05
6.26767848294e-18
4.83336057074e-05
1.25829775548e-06
2.09347538082e-32
3.17059833147e-14
0.0
1.55085132384e-15
2.1382393416e-12
9.66388624157e-10
2.54856645962e-07
1.27414296937e-09
1.19249586951e-05
2.59516251784e-12
1.08995623229e-16
1.78684018537e-14
0.0
0.000831168012597
5.34076713664e-20
2.70733598376e-06
1.13440430581e-11
0.000315885521959
0.00304927099097
0.00199923848732
1.66628964255e-16
2.45303502005e-06
4.09284926115e-07
4.80766162817e-10
0.0
5.13031150389e-08
7.11798075417e-05
8.61256597155e-24
1.78841633845e-07
0.0
0.0
2.90215766252e-09
2.90433420054e-05
6.18715486294e-07
5.26867124165e-05
2.20577961864e-08
1.40291462391e-08
8.32982519772e-06
1.07977766649e-06
8.3482043758e-05
0.00034624420199
0.000131624159536
1.08766353185e-06
0.00221924380984
2.90348953557e-14
6.99654888175e-09
2.16981111824e-06
0.00199923848732
3.31113536582e-06
0.0
8.69983797246e-14
1.15367859977e-06
0.0117446334836
3.85646712666e-31
0.0
0.00144239528906
4.9548249937e-07
8.26029458673e-08
0.00199923848732
1.6063663823e-19
2.08726846644e-14
2.49867965291e-05
0.000786574106805
2.45126908902e-07
0.0
0.00034624420199
1.34094193221e-06
8.26859938073e-18
1.33374285653e-14
4.33938548108e-11
0.000177900671417
7.16997786128e-08
6.6613510714e-07
2.19157038161e-13
4.52652596776e-10
6.74007481184e-05
3.09975269833e-10
1.39753054518e-05
9.94308251611e-12
1.45995022603e-08
0.000308233770438
7.36060493287e-09
3.20173416397e-10
0.0
0.00427170853916
1.683733945e-06
1.90713018696e-10
5.7254411385e-32
0.0117446334836
1.38571818395e-10
5.09095944914e-34
0.0
0.00427170853916
1.7990080756e-16
1.5397890547e-07
3.85653356144e-11
0.00199923848732
6.66026603802e-29
3.45944560943e-05
0.00310886689002
1.07370236769e-14
3.86200241651e-10
3.98526497769e-08
1.53671762675e-34
0.0
0.00199923848732
7.72515157555e-05
0.00126018022566
4.06380332906e-18
2.97471380647e-07
0.0
0.00268182150403
5.31192111154e-11
0.0117446334836
0.000222433981564
0.000899963377062
6.2095736217e-10
0.000308233770438
0.000115863130411
7.77718936333e-05
7.75084556485e-11
1.24862060814e-05
1.93326360091e-06
2.06510382388e-18
0.00115650527197
0.000123485636652
0.000242434000416
5.89762947949e-09
1.48838372625e-11
2.49867965291e-05
0.0
6.16916303244e-05
1.17197746746e-05
2.0623988974e-06
0.00034624420199
1.77406975132e-05
1.56142161485e-07
1.48070402496e-05
3.74671693416e-07
1.4886920951e-12
9.75023109769e-17
2.17076817063e-14
0.0159714536158
1.63054835675e-08
8.76521724002e-07
1.98831673546e-08
2.48786261615e-06
4.65185034873e-10
1.41511431879e-07
3.94228962158e-06
1.91710454299e-05
4.78834871718e-08
3.2944880232e-09
3.34272102701e-05
3.42224498078e-05
6.06385172786e-08
5.50676484062e-10
0.000139410054941
0.0
1.68864288441e-05
5.80005213369e-05
0.00116522272681
0.0
4.10747893022e-06
1.02490253283e-07
2.27299892857e-06
1.28537159165e-20
0.000163170244536
0.0025224252577
4.5295207189e-09
1.68045946911e-09
0.00427170853916
4.30467554701e-06
0.00221924380984
2.84546784261e-22
6.6030276074e-21
7.13027693173e-06
0.0124047246094
5.97490196189e-06
0.00199923848732
0.00221924380984
0.00310886689002
0.000308233770438
1.29907098096e-05
7.58535591141e-06
0.00219849932376
4.18269412288e-11
0.0159714536158
1.13897993563e-19
1.81717951279e-11
5.21737579837e-10
0.000308233770438
0.00199923848732
0.000123485636652
2.16182009801e-13
0.0
2.99384888003e-06
0.0117446334836
0.000230190551242
0.000486224611714
1.77795175654e-11
4.81934366075e-06
7.50707757397e-13
0.000422807144254
4.65421623308e-19
4.14604251334e-08
1.39357517107e-20
2.0778455828e-05
7.1355209482e-05
1.61420435162e-08
3.35052560078e-09
4.73667985584e-05
2.36102515325e-14
1.45419430837e-05
1.08268900649e-09
8.90094976769e-14
1.16214477217e-10
0.000308233770438
0.0169531236328
2.92617555569e-09
3.7740234435e-15
0.0
1.79996924846e-06
5.51565373288e-15
6.25584465302e-16
7.93106404739e-06
4.83336057074e-05
2.20180730704e-09
3.42986715721e-12
1.4171780817e-08
3.24059105994e-07
8.82100868473e-05
4.30080526518e-08
1.61869730226e-23
5.1134297477e-05
3.06850407621e-13
0.00199923848732
9.40540143117e-11
0.00310886689002
1.45826482812e-08
4.10920528182e-09
7.58557257502e-07
3.27074222453e-08
0.00126018022566
4.72649805134e-07
5.57561812051e-20
2.05225795808e-10
0.0
5.92396907145e-10
0.00199923848732
6.55980985997e-06
3.70432153541e-14
0.0
3.46739882012e-13
0.0169531236328
3.26657632907e-15
2.60210191809e-26
2.16993886651e-11
0.000308233770438
0.00304927099097
4.65183235999e-22
1.38072591699e-22
0.00310886689002
0.00199923848732
1.46536582086e-05
1.42721209029e-08
1.334754979e-22
2.5534217978e-07
8.23131778783e-05
2.31528073588e-09
1.06313333486e-10
9.20480471213e-14
0.0159714536158
4.4807813294e-14
5.43461573727e-14
7.43544519048e-14
0.00126018022566
0.00304927099097
8.04403495443e-07
2.59474008261e-06
2.25647021464e-06
0.000177137316664
2.2470604936e-05
2.54836964559e-12
2.52321704614e-06
0.000831168012597
3.15959780646e-05
2.51256220822e-24
4.1768530126e-11
3.52724971966e-18
2.56231874327e-07
0.0
5.12227399933e-18
1.96324741536e-06
4.55679077752e-19
1.07175704207e-08
3.06979815509e-07
2.74132242143e-20
6.31846407273e-17
4.10797172498e-05
0.00020994569717
2.06445597331e-06
2.70443490938e-06
3.29388661089e-10
3.43911533e-09
0.00199923848732
1.38664029516e-13
6.77454111398e-06
0.00199923848732
4.02440346004e-09
4.9537646175e-09
1.71825643295e-06
1.13471300239e-14
2.02713539995e-13
1.95830922996e-20
3.73140252838e-05
2.80050339883e-15
3.42224498078e-05
5.41927429181e-25
0.0117446334836
6.98400602681e-08
0.000952146625066
0.00223306209082
0.00427170853916
1.57778326449e-07
1.77824345509e-05
0.00304927099097
0.00310886689002
2.37687969732e-18
2.06979997481e-13
0.000264772774598
0.00167399108655
0.0117446334836
5.5648490688e-05
2.24464208075e-18
2.88973478947e-08
7.7216503468e-08
2.18183810026e-11
2.64642037367e-12
8.3250820815e-18
2.98956638494e-05
1.60757140119e-20
0.00221924380984
5.20443938252e-07
6.7471514086e-07
9.07393422083e-07
2.03412530144e-17
0.00199923848732
7.83697926168e-09
5.41153364169e-11
5.98794299994e-16
2.15156655887e-13
1.68171529764e-06
1.49355762398e-09
2.31157460969e-27
1.2653481944e-17
0.000220200482582
0.00144239528906
0.00266122692367
5.21009032825e-08
0.000308233770438
3.04413866909e-09
6.74484607338e-05
0.00219849932376
0.00116522272681
3.36107273862e-26
0.0
0.0169531236328
4.89386349402e-13
4.6937737814e-07
2.40564089095e-06
2.66029409198e-15
4.66324324489e-06
2.13684734277e-09
4.1927168584e-16
3.0671554204e-05
0.0159714536158
5.87515176478e-13
8.48581288881e-18
1.96986399247e-08
0.0010690792286
0.0
8.1476435662e-15
1.8741654051e-05
4.47870008072e-11
0.00268182150403
0.000230190551242
3.90610713214e-06
1.85951200375e-08
5.36726666246e-09
2.74737142806e-07
0.0159714536158
0.0124047246094
0.00199923848732
9.18189719554e-08
1.36824363198e-06
5.33390088135e-10
1.81979033513e-09
2.77594111055e-09
7.13674066417e-08
0.0169531236328
0.0159714536158
2.8516036529e-12
0.00199923848732
0.0117446334836
3.2961387482e-09
9.29157093707e-28
0.0
1.683733945e-06
7.16402767745e-12
0.000183067666037
0.000165925126126
5.44719465147e-18
6.8668583769e-10
0.0
3.1315401688e-12
1.5942916958e-07
0.000308233770438
0.00219849932376
0.0
4.76370468504e-11
4.23015423239e-06
7.63236109557e-24
9.36481894502e-14
0.00223306209082
0.00221924380984
0.0117446334836
0.000308233770438
0.000308233770438
6.91028862955e-15
8.23131778783e-05
8.04486210156e-06
5.6721271342e-09
0.0117446334836
2.71595750092e-06
8.82100868473e-05
7.27712832248e-15
0.00427170853916
2.15376992418e-06
0.0159714536158
5.33318238258e-11
2.9288607658e-10
0.0
0.0