500
0.0
0.0
0.0
0.0
0.0
0.0
0.0
0.0
0.0
2.12904697882e-06
0.0
0.0
6.13079438588e-05
0.0
0.0
0.0
0.0
0.0
0.0
0.0
0.0
0.0
0.0
0.0
0.0
0.0
0.0
0.0
0.0
0.0
0.0
0.0
0.0
0.0
0.0
0.0
0.0
0.0
0.0
5.18838826035e-10
0.0
0.0
0.0
0.0
0.0
0.0
0.0
0.0
0.0
8.33240997232e-05
0.0
0.0
0.0
0.0
0.0
0.0
0.0
0.0
0.0
0.0
0.0
0.0
0.0
0.0
0.0
0.0
0.0
0.0
0.0
0.0
0.0
0.0
0.0
0.0
0.0
0.0
0.0
0.0
0.0
0.0
0.0
0.0
0.0
0.000696143849221
0.0
3.19182025926e-05
0.0
0.0
0.0
0.0
0.0
0.0
0.0
0.0
0.0
0.0
0.0
7.53546890255e-08
0.0
0.0
0.0
0.0
0.0
0.0
0.0
7.53936327107e-08
9.73936793317e-06
0.0
0.00157817918327
0.0
0.0
0.0
0.0
0.0
0.0
2.77878741509e-07
0.0
0.0
0.0
0.0
0.0
0.0
0.0
0.0
0.0
0.0
0.0
0.0
0.0
0.0
0.0
0.0
0.0
0.0
0.0
0.0
0.0
0.0
0.0
0.0
0.0
0.0016849704142
0.0
0.0
0.0
0.0
0.0
0.0
0.0
0.000343575866886
0.0
0.0
0.0
0.0
0.0
0.0
0.0
0.0
0.0
0.0
0.0
0.0
8.33240997232e-05
0.0
0.0
0.0
0.0
0.0
0.0
0.0
0.0
0.0
0.0
0.0
2.12904697882e-06
0.0
0.0
0.0
0.0
0.0
0.0
0.0
0.0
0.0
0.0
0.0
0.0
0.0
0.0
0.000692770848504
0.0
0.0
0.0
0.0
0.0
0.0
0.0
0.0
0.0
0.0
0.0
0.0
0.0
7.02412062124e-13
8.68962531432e-06
0.0
0.0
0.0
0.0
0.0
0.0
0.0
0.0
0.0
0.0
0.0
0.0
0.0
0.0
0.0
0.0
0.0
0.0
0.0
0.0
0.0
0.0
0.0
0.0
2.12904697882e-06
0.0
0.0
0.0
0.0
0.0
0.0
0.0
0.0016849704142
0.0
0.0
0.0
0.0
0.0
0.0
0.0
0.0
0.0
0.0
0.0
0.0
0.0
0.0
0.0
3.19182025926e-05
0.0
0.0
0.0
0.0
0.0
0.0
0.0
0.0
0.0
6.58492730335e-05
0.0
0.0
0.0
0.0
0.0
0.0
0.0
0.0
8.33240997232e-05
0.0
0.0
0.0
0.0016849704142
0.0
0.0
0.0
0.0
0.0
0.0
0.0
0.0
0.0
2.12904697882e-06
0.0
0.0
0.0
0.0
0.000692770848504
4.40480622747e-07
0.0
0.0
0.0
0.0
0.0
0.0
0.0
0.0
0.0
0.0
0.0
0.0
0.0
0.0
0.0
0.0
0.0
0.0
0.0
0.0
0.0
0.0
0.0
0.0
0.0
0.0
0.0
0.0
0.0
1.19726788186e-09
0.0
0.0
0.0
0.0
0.0
0.0
0.0
0.0
0.0
0.0
0.0
0.0
0.0
0.0
0.0
0.0
0.0
0.0
0.0
0.0
0.0
0.0
0.0
0.0
0.0
9.14387257376e-05
0.0
0.0
0.0
0.0
0.0
0.0
0.0
0.0
0.0
0.0
3.39607419775e-07
0.0
0.0
0.0
0.0
0.0
6.36854890832e-09
0.0
0.00157817918327
0.0
0.0
0.0
0.0
3.19182025926e-05
0.0
0.0
0.0
6.13079438588e-05
0.0
0.0
0.0
0.0
0.0
0.0
0.0
8.33240997232e-05
8.33240997232e-05
0.0
0.0
0.0
0.0
0.0
0.0
0.0
5.46805227838e-06
0.0
0.0
0.0
0.0
0.0
0.0
0.0
0.0
0.0
0.0
0.0
0.0
0.0
0.0
0.0
0.0
0.0
0.0
8.33240997232e-05
0.0
0.0
0.0
0.0
0.0
0.0
0.0
0.0
0.0
0.0
0.0
0.0
0.0
0.000343575866886
0.0
0.0
0.0
0.0
0.0
0.0
0.0
0.0
0.0
5.20710361412e-05
0.0
0.0
0.000343575866886
0.0
0.0
3.19182025926e-05
8.33240997232e-05
0.0
8.33240997232e-05
0.0
0.0
0.0
0.0
0.0
0.0
0.0
0.0
0.0
0.0
0.0
0.0
0.0
0.0
0.0
0.0
0.0
0.0
0.0
0.0
0.0
0.0
0.0
0.0
0.0
0.0
2.6144286336e-08
0.0
0.0
0.0
0.0
0.0
0.0
0.0
0.0
0.0
0.0
0.0
0.0
0.0
0.0016849704142
0.0
0.0
0.00106454293629
0.0
0.0
0.00157817918327
0.0
0.0
3.19182025926e-05
0.0
0.0
0.0
0.0