500
0.000141006823545
1.42159546792e-08
4.09284873327e-09
7.09919603869e-18
6.82723139391e-11
0.000416246724316
2.10854909959e-09
4.17613362778e-06
0.0
3.09014217838e-13
2.10485030227e-06
0.000444908971139
8.3018374658e-05
0.000175406608667
2.66750349717e-05
2.8860152219e-05
9.19556655298e-06
6.11241136688e-09
2.44360882265e-11
1.02475138671e-05
0.000235075161882
0.00024259778411
0.0
3.07881109083e-05
3.86910906455e-07
1.62164944239e-07
9.35573070468e-06
9.49668382638e-08
0.0
0.000479403986879
0.0011143914831
0.000169780431716
7.63334232572e-07
1.26234748484e-08
0.000601441133747
2.37665572991e-13
0.000423995613949
0.000724971958716
0.000250905834738
0.00098103023739
0.000479403986879
5.05682710773e-08
0.000161195654955
1.49190125642e-05
2.2861248152e-05
3.02428842041e-07
0.0
0.000218493330641
2.69300420948e-08
0.000332804795364
2.15509473548e-07
1.05030011886e-05
0.00014049658567
5.19754877968e-05
2.46274924445e-07
3.63566443274e-06
5.31208702125e-11
3.79629060017e-06
1.9158276007e-07
6.37182385591e-05
0.000447112722501
0.00385333570463
2.21660770666e-06
0.0
0.000202700464839
0.000714954700011
6.72000004814e-05
3.74544323617e-06
3.13543359765e-05
4.85096288411e-06
7.51467015176e-06
8.51602552961e-05
0.0
5.82408734252e-05
0.0
0.00385333570463
4.59271469089e-07
1.12024791322e-05
1.22799843141e-05
1.11951498821e-08
8.88761526671e-09
0.00385333570463
5.8053537579e-09
0.0
0.000724971958716
0.000109492842039
0.000281587956417
8.31363227306e-05
1.390588261e-05
0.000192865886919
2.35901788891e-05
1.27642161769e-05
6.78568303513e-08
0.0004264286569
1.84228440388e-05
1.75799455847e-15
0.0
0.000550165746355
0.0
0.00141489670404
0.000164988933064
6.25339366856e-08
2.83958507351e-08
5.7406440404e-12
0.000682436771277
0.000114645773986
3.05849357716e-05
7.67342449695e-12
0.00019160746824
0.000120575374975
1.0262360426e-06
5.1730247579e-05
4.64165815739e-07
0.000775120703785
2.63043868799e-07
0.000266200641091
0.00132598480268
9.93721446307e-06
2.21527849589e-06
1.69722192749e-06
1.79754932413e-05
6.414049253e-07
6.77008097457e-06
2.27481160935e-07
0.00221144067654
1.38807289235e-14
1.22681898014e-05
1.52069580153e-05
9.32285157976e-07
0.000298546183106
0.000311187470913
5.92733850087e-07
5.70288596174e-06
0.0
1.18072012692e-06
7.55163887215e-05
0.000328364398581
0.00134926876069
6.67333194586e-06
2.35889357904e-06
0.000931010606134
6.10404955262e-10
1.0707109031e-05
5.02332362305e-06
0.0
1.86909257459e-11
5.12734395982e-05
5.63195234509e-09
0.000139075961037
4.16514415346e-07
2.07709101131e-10
3.84235437103e-16
0.0
0.00050198947022
0.000459438070682
0.00134926876069
4.02543469129e-05
1.05379287468e-06
2.94637045421e-05
0.00116133761879
6.35405760548e-07
0.000739411712823
7.28264023386e-07
0.000594395413945
1.22716005681e-09
3.03170428119e-06
7.10932580812e-06
0.000295961126165
1.12379690275e-09
0.0
1.47947752647e-07
0.00230553372682
0.000847489282487
1.0883451743e-06
3.65777629232e-10
9.89661151752e-05
4.37199244925e-08
3.61368846016e-07
0.000143307923121
4.82619730208e-06
0.0
0.000760197214641
0.0
0.0
5.10336799541e-06
0.0
0.0
2.1621817828e-07
0.000153830966539
0.0
0.0
0.00075260462981
0.000165080067243
0.0
5.19754877968e-05
2.73091716273e-05
0.00385333570463
3.20080115142e-07
0.000350975625489
8.98926198128e-08
1.25096791499e-06
2.51892151445e-07
0.00081306194548
1.29575515117e-09
0.000107454247335
2.433346457e-05
1.26263333346e-05
0.000192865886919
8.01392597323e-05
2.99640386148e-05
0.000470210792121
4.87731646822e-07
0.00091180668851
0.00230553372682
0.00098103023739
9.38592887851e-05
6.78791810284e-06
0.0
6.88241470338e-05
8.81182758656e-15
8.5269176539e-08
6.07693813809e-11
0.0
6.40928689004e-15
0.00022682375367
0.000102335106494
0.0
0.00132598480268
0.000428772807136
1.18191822909e-07
8.84346739234e-07
0.00050246980794
2.2822131165e-08
8.640900931e-11
3.5350037838e-06
1.00467646108e-06
0.00075260462981
0.00221144067654
2.08103757467e-05
0.00031624360154
0.000749963204023
1.77390011186e-06
0.000492618955268
4.70461433089e-06
0.000692860729754
0.0011891153151
0.00134926876069
9.85851164977e-05
0.000109648274609
7.24947014137e-09
0.000431922007137
0.00132598480268
1.10387289002e-07
0.00032026614127
7.58089676642e-06
4.25407576681e-20
0.0
0.000128873862484
2.79266310344e-06
2.1802897542e-10
2.02648686574e-10
2.21867726629e-07
2.40716976294e-06
0.000503743973643
0.00182384792096
1.56771749971e-06
0.0
2.97503291166e-05
3.28204702184e-07
0.000158801161227
0.000264846207016
0.000318439934696
8.5833733545e-07
5.72335308629e-05
5.16288734505e-11
4.25515388292e-08
1.75468056523e-06
0.0
0.000180883522637
3.99067818296e-11
0.00361119265409
4.95822012475e-06
5.10167206288e-09
6.04671487081e-06
2.42208910021e-06
2.09459412717e-06
0.0
1.72663972806e-06
0.000104138319693
0.000146909433549
0.000178886874777
2.83897447637e-05
0.000114645773986
1.58726520175e-09
2.19755694197e-07
1.02003533772e-26
1.31000055308e-05
2.10383907213e-05
3.60577154979e-08
0.0
0.000739411712823
1.1214760459e-05
6.54155829477e-08
1.19115539815e-19
0.0
4.635345595e-09
0.0
0.00230553372682
8.80106852943e-05
0.000702437777035
0.000166477611317
1.76619099147e-05
2.12735035922e-10
1.05548590208e-06
0.000343690329085
2.45498796346e-14
0.000444908971139
0.0
0.0
0.000373624066203
0.000806173527846
4.99820863331e-11
0.000124137047547
2.3204692038e-06
1.01655645096e-09
0.000328364398581
2.17192398098e-08
9.07313325148e-10
0.00221144067654
9.04859034464e-05
9.48253501226e-07
0.0
5.28273849363e-08
8.62473161993e-08
9.45456249145e-09
0.0
5.52923762213e-05
7.53588460736e-07
2.79056727629e-05
0.0
4.25894907718e-05
2.08768052839e-10
2.3322419261e-07
0.0
0.000403930452142
0.0
1.25225623398e-06
0.00022682375367
2.25354853362e-06
2.02852529647e-05
0.000334056484952
1.74034464581e-06
1.52663958727e-05
0.00194711067237
0.000423995613949
7.42593941921e-06
5.03348912208e-09
1.25572181394e-05
6.34529347384e-06
0.000594395413945
2.95075974613e-11
8.15697118301e-06
2.56189515546e-05
0.00134926876069
0.00230553372682
7.94109692426e-06
0.000428772807136
4.29745303763e-05
2.48865191087e-07
2.63601152051e-05
1.09224387112e-05
0.000408947986506
0.000350698482394
5.64848080261e-05
6.68142083181e-05
1.78192115525e-09
0.0
0.0
3.13312145213e-05
1.18192251081e-05
0.000281587956417
0.000397329023214
1.69359308517e-08
0.0
0.000705311065253
1.55882438744e-05
0.0
1.57619359843e-08
1.40786465264e-05
2.13500638294e-10
0.0011143914831
0.0
2.46296777329e-10
7.78842595278e-06
0.000193180747441
0.000775120703785
0.000166676934659
2.11189001367e-06
3.61605509619e-07
7.83241036044e-08
0.000705311065253
0.0019489738005
0.000176745950961
1.94409191632e-05
0.000444440910106
1.35663176858e-06
2.08413895877e-06
7.91338093301e-07
1.91024546416e-07
2.77435635564e-05
2.93109984369e-06
6.97261136109e-05
1.03529936547e-05
1.88872704665e-17
4.09001906524e-10
0.000364060271651
0.000152058894236
0.000149936934281
2.11466524051e-07
5.74460725163e-06
4.16648619806e-09
0.000226997341113
0.0019489738005
0.000364060271651
0.00134926876069
1.15454402371e-06
6.39337816044e-13
0.00014564608157
0.00182384792096
3.78314577957e-06
0.0
5.24151886151e-05
0.0
1.3613070869e-09
4.13361819359e-08
5.50608720956e-09
3.09986322119e-06
0.0
7.4429076933e-05
1.51319897026e-05
0.000127285152326
9.75892801439e-08
1.97620836497e-05
0.000265779197039
1.84930810797e-05
0.0
7.15738696605e-05
0.000192865886919
0.00099343811135
5.78144253035e-07
6.1749924115e-06
0.000931010606134
0.000107498722528
1.90928314132e-05
0.0019489738005
0.000861259170152
4.95703584361e-14
2.00017451606e-06
3.59974276247e-05
8.13643148632e-05
0.0
1.05159423199e-05
0.00099343811135
5.81234279331e-05
0.0011891153151
0.00361119265409
0.00385333570463
0.000287133692653
0.000760197214641
3.75443341384e-12
0.000176757753714
0.00141489670404
0.0
1.84339091324e-06
5.54285844868e-06
0.0
0.000188324821903
0.00230553372682
3.33220200764e-06
0.00385333570463
0.000846563165316
6.96358301773e-09
0.00098103023739
1.08770524281e-05
1.10265042407e-06
0.000102979665625
0.00020547804599
2.3202078866e-06
0.000760197214641
1.12398060104e-08
1.34514444837e-08
0.000705311065253
0.000226997341113
0.00361119265409
6.22993968388e-09
5.91000204659e-07
0.00385333570463
4.80648103539e-08
3.08430845874e-05
1.05577224044e-06