500
0.107889284558
0.00515830571713
7.72379603826e-06
0.000174739573039
1.63763960348e-05
6.0891234947e-08
0.107889284558
7.47378396784e-18
0.107889284558
7.08788295266e-24
2.47972395657e-10
0.00221841475861
0.00325635763138
0.0333891891892
0.107889284558
0.00515830571713
5.66246245567e-09
1.68553889315e-05
0.0333891891892
2.3222600958e-13
0.00213018435837
1.90009102002e-13
3.86826712583e-08
7.77521295165e-09
0.000947050004968
4.47733895186e-10
2.30103459241e-11
7.30066191942e-07
8.93274944255e-14
2.14548246176e-05
0.107889284558
0.00221841475861
0.00146232956396
0.0333891891892
0.00213018435837
0.015787861459
0.107889284558
0.107889284558
0.107889284558
1.11019909909e-05
0.00515830571713
1.63009406501e-10
0.00178645415802
0.000319632227868
1.3416808472e-21
0.00213018435837
3.79555845164e-05
0.107889284558
0.00773333193113
4.51002508489e-11
3.90414678469e-12
0.000187423392767
1.6473493873e-05
0.107889284558
0.0151599494195
0.00203063611351
0.000257358929063
0.107889284558
4.7569861024e-14
4.5412405152e-18
8.72342974172e-06
3.83603324245e-14
5.82825899839e-06
0.00180759935798
0.000310112257983
4.35863734128e-06
0.00123349022363
0.0151599494195
6.73756227863e-05
0.00213018435837
1.14247682609e-08
0.107889284558
0.0151599494195
0.00203063611351
6.21552972299e-13
3.59736744831e-15
0.107889284558
0.107889284558
1.22702475954e-13
0.000144220919429
0.000313992293564
1.13972735466e-25
1.54765868816e-06
0.00773333193113
0.107889284558
1.67820920302e-07
0.0333891891892
0.107889284558
1.7620944699e-05
1.5308769688e-09
4.62643308018e-07
2.31018276674e-05
3.67640702323e-06
0.107889284558
1.08959311482e-05
1.08341731826e-12
3.48375224999e-07
0.00773333193113
9.23455428694e-06
0.0151599494195
1.85186272446e-06
0.00175871005731
3.21574910307e-07
5.26755016982e-11
0.00178612658099
1.43029467223e-08
3.84776618928e-12
1.28821336105e-08
0.107889284558
6.23498323069e-11
3.94995459965e-09
3.16053433149e-05
0.107889284558
3.07289638776e-05
4.14378824315e-06
0.00124357456595
0.000310112257983
0.00113164874199
4.81084135751e-06
5.53950815022e-09
0.00773333193113
1.10774671818e-15
0.107889284558
0.00467059414887
8.15239963793e-38
4.19173028379e-13
6.13766083987e-17
4.69487156952e-08
1.8437396659e-06
0.00016743711867
0.107889284558
4.90113997784e-21
4.56372390782e-10
0.107889284558
0.00782486680163
9.68471572045e-08
3.59210941274e-05
0.107889284558
3.77946010783e-12
0.00178645415802
0.107889284558
0.107889284558
2.1081374946e-08
1.75805452956e-14
5.51723872982e-12
8.05503303521e-11
0.00515830571713
1.31823980851e-08
3.42952421901e-10
0.107889284558
0.00773333193113
0.00118698430281
0.00117309902435
0.107889284558
3.80599579744e-06
0.107889284558
3.057942454e-09
0.00773333193113
0.00208796540833
1.53963566571e-10
2.26496830835e-05
2.48641568036e-07
4.77070229751e-07
0.107889284558
0.000237594494456
0.00203531515294
0.107889284558
1.54391762756e-07
0.00146232956396
0.000440052947636
0.107889284558
0.00013705823216
3.6656735428e-10
0.0151599494195
5.03149338275e-09
6.77577803332e-05
3.13201366465e-10
0.0333891891892
0.0333891891892
0.107889284558
0.107889284558
6.87703939305e-10
0.00467059414887
2.73779849712e-12
0.000829492106423
0.107889284558
3.33642067196e-17
6.00862421054e-08
5.51288784482e-10
0.107889284558
0.107889284558
3.36237128948e-05
0.00020380213034
1.46316435387e-06
8.72179051032e-07
0.00063038578274
4.48431936886e-05
9.71252933207e-07
3.21030332897e-07
0.107889284558
4.88854520883e-05
1.60530383697e-05
0.00800511285245
3.53937255741e-05
0.0333891891892
0.107889284558
0.107889284558
0.00117309902435
2.74272996652e-06
4.23212527644e-05
0.000624313944106
1.46598808733e-07
0.00180726790361
0.107889284558
3.54326648942e-06
1.08449809849e-07
1.03989662436e-13
0.00515830571713
5.88016884004e-09
0.00773333193113
8.36169952093e-26
3.09709550289e-08
1.02335756308e-08
0.000667251034819
4.15493924267e-14
5.50403588254e-06
0.107889284558
1.1066703919e-09
0.0151599494195
0.107889284558
0.0151599494195
0.00325635763138
0.000667251034819
5.59428156467e-13
0.000313992293564
0.107889284558
4.19577251906e-11
0.00521936152723
0.107889284558
4.39347469778e-08
0.00521936152723
4.56890041213e-07
0.000319632227868
0.107889284558
4.46295099625e-18
0.107889284558
1.90273139852e-09
1.28362999762e-05
1.77895838108e-08
0.0333891891892
0.00800511285245
0.107889284558
0.000829492106423
0.00016743711867
1.64920415954e-10
0.015787861459
1.77722308945e-06
0.000339897222501
1.79773643561e-09
1.63739332743e-06
0.00117309902435
0.0333891891892
0.000947050004968
0.00467059414887
0.107889284558
0.00221841475861
2.17451208608e-07
1.81044736196e-08
1.31700218074e-11
2.58074003987e-08
0.00521936152723
1.29651870337e-18
0.107889284558
0.107889284558
1.46805875766e-12
0.000622339476817
0.00221841475861
1.02336496296e-07
1.42882026437e-05
0.015787861459
0.107889284558
0.0151599494195
5.98698096194e-25
2.27471798205e-09
1.60530383697e-05
9.03372526778e-09
0.00221841475861
1.10949731399e-08
1.38377994067e-05
4.20489870277e-06
8.73231970301e-09
2.92920399642e-06
3.55072067506e-09
5.46891751641e-05
4.27340212994e-10
1.20947718161e-07
3.46358240888e-08
3.61954620195e-14
3.15117651343e-06
5.17886628625e-06
3.75406342096e-06
0.00175871005731
2.5391801802e-18
2.47883122559e-08
0.107889284558
1.30451579158e-10
0.0151599494195
0.107889284558
2.25229856823e-20
0.107889284558
2.11988859761e-18
6.9776927436e-08
1.26273502774e-12
0.107889284558
0.00119160496133
6.53921329717e-06
6.30335544413e-09
0.00113164874199
5.62705987344e-06
9.01925096297e-05
0.107889284558
4.14542326013e-07
5.22307671873e-10
0.107889284558
0.107889284558
2.99114152139e-05
0.00782486680163
0.00117309902435
5.25841605267e-08
5.40417491656e-09
4.68464094123e-11
6.65874663789e-05
3.12510543317e-12
0.000622339476817
0.000319632227868
1.01490760377e-05
2.57713407043e-10
0.000319632227868
0.0151599494195
2.6449431274e-11
6.93836843823e-19
1.4229236249e-06
6.1389544286e-07
0.000754835073368
4.17538511079e-05
0.0333891891892
4.06233865074e-11
0.0333891891892
0.000362302102067
3.55523073424e-08
1.25847357242e-22
0.107889284558
0.00147963829303
2.06623604902e-05
6.21691679441e-10
0.000319632227868
4.11159334126e-08
5.58764909573e-07
0.00782486680163
4.91610378861e-06
0.00208796540833
0.0151599494195
0.107889284558
3.34185049383e-06
0.107889284558
0.000171664173601
2.78990001524e-05
1.24850942428e-10
7.60076359942e-14
0.107889284558
3.18126126877e-22
1.81975994552e-12
0.00208796540833
0.107889284558
0.00143916056394
1.13335520339e-06
8.4304469618e-13
0.0151599494195
0.0333891891892
3.41851843187e-07
0.107889284558
7.75931057983e-17
1.21159860708e-09
3.28429097463e-14
0.107889284558
9.17953027236e-06
0.0333891891892
6.61478368285e-13
2.93005071782e-06
6.71215748664e-05
0.107889284558
0.000236734586335
3.42517625655e-11
0.107889284558
0.107889284558
0.107889284558
4.60872108818e-10
0.000438572452303
0.107889284558
0.00773333193113
0.107889284558
8.99176075317e-12
1.29915658707e-15
0.107889284558
0.0151599494195
0.00175871005731
2.52785312512e-09
0.015787861459
0.015787861459
0.107889284558
7.53046962607e-16
0.000622339476817
3.10660321374e-12
0.107889284558
0.107889284558
0.107889284558
4.34398783959e-10
3.05924939742e-18
1.71564857398e-14
1.50232390743e-08
0.107889284558
2.51218372171e-12
0.00012954208237
1.16426502792e-07
0.107889284558
7.97600443637e-12
0.000176807861887
7.23865467993e-07
0.0333891891892
1.11231275929e-05
1.28261962854e-08
4.58943468736e-11
0.000784167707746
1.37349100852e-05
0.00177952686678
0.0151599494195
0.000149225944385
1.19014456366e-11
1.06911876775e-14
5.36373498204e-11
6.37678135889e-09
0.0333891891892
0.107889284558
1.9600985498e-06
0.107889284558
2.05876014173e-05
3.01139340826e-07
3.12433443606e-06
1.38974820823e-05
0.0151599494195
0.000935971465004
0.000270119691376
0.00146232956396
0.00123349022363
0.107889284558
0.000829492106423
1.17210855633e-17
9.95960611162e-14
3.02654834117e-15
1.14586528756e-36
1.28993195642e-11
4.38007577724e-05
0.0333891891892
0.000171664173601
4.52890486122e-14
7.01309824848e-09
0.0333891891892
6.48116124223e-05
2.00212840675e-05
0.000305724755851
5.93916547815e-14
7.1532009882e-08
8.26826497805e-08
0.00467059414887
1.95932824711e-12
2.47886034681e-10
0.107889284558
4.50097356875e-08
0.000297987223279
0.0151599494195
2.1012533508e-06
4.57883191364e-05
0.107889284558
1.17776297758e-06
1.26587965801e-06
0.107889284558
2.44975907201e-06
0.00221841475861
6.57650422801e-05
6.84835880216e-07
0.107889284558
0.00203063611351
0.000667251034819
1.51835952417e-08
3.32788701754e-08
0.00325635763138
0.000667251034819
0.107889284558
0.107889284558
0.00800511285245