500
8.94328365995e-09
1.77403580895e-06
5.91009299737e-06
3.21100855553e-10
1.58295781634e-17
1.65142206751e-11
2.68966825355e-06
0.00654073210048
0.0185267055178
3.78745157747e-10
1.57522009916e-06
4.30263392374e-05
5.60960564783e-05
1.69814320258e-11
1.0819907305e-25
1.60979557363e-05
0.0185267055178
6.62676361907e-21
5.85959588827e-08
4.75516206849e-08
2.14099716115e-13
3.50797200671e-06
1.91497709449e-06
1.18457508649e-21
0.0267157084654
3.51016189038e-09
6.89159107559e-05
5.18133974652e-09
1.35442034328e-09
1.49167795024e-14
0.0122586883815
1.18970288958e-05
0.0185267055178
0.0324494692452
7.17816168772e-12
0.000594129208947
1.41300761478e-06
7.86890051702e-11
3.93428294931e-13
5.33431841272e-13
6.5382692397e-13
1.34468611023e-06
4.89022701524e-06
2.87007008665e-11
0.00298333858728
0.0187596197375
4.47675209548e-16
1.36697640515e-10
1.15011769495e-10
1.78325073354e-20
0.00085103804801
0.00396235719887
4.34652185191e-09
9.36118281913e-06
1.31735648515e-06
3.78449932717e-12
2.9016730675e-14
3.06546768055e-10
0.0324494692452
0.000276440481095
0.000259823268478
0.00306358427335
0.0267157084654
8.30778396641e-07
1.00937921869e-31
8.95735882155e-06
0.00998445207546
5.03656112856e-09
9.95325708343e-09
1.22997390156e-17
1.96552940368e-06
0.0267157084654
1.27682842043e-05
1.40452533763e-12
6.36487791516e-18
0.0267157084654
0.0187596197375
2.48039580975e-20
6.79879156744e-06
2.8595504868e-08
2.83683252885e-05
0.000692072912261
0.00122370474987
1.4613736209e-26
9.69753585285e-59
6.99708122524e-13
4.62640850004e-12
5.83965085586e-12
0.00153176119276
0.000401183150136
8.76628361596e-06
4.25065842216e-13
0.00058639181003
5.19032467781e-14
1.27744303663e-13
3.33817605336e-06
4.76525951623e-08
0.0185267055178
6.40463148733e-23
4.47142006165e-10
0.0324494692452
0.00288597504132
0.0185267055178
2.05530018317e-10
1.10998042243e-10
0.0324494692452
2.08382800746e-05
0.0122586883815
3.4911251593e-05
1.76053466419e-10
2.19302752047e-08
0.00998445207546
8.87973267071e-12
0.0122586883815
0.0267157084654
1.45899332289e-06
6.55449707831e-12
7.83220692908e-05
5.22756560505e-06
0.0041375660945
1.94307064168e-08
4.45397801337e-12
1.1401363936e-24
3.34687818462e-13
2.67242565266e-06
2.04160664089e-27
8.90216737403e-12
5.59679669386e-07
3.29450291749e-10
0.000493375647984
1.31252286498e-10
0.0122586883815
3.27307873506e-05
1.25194812088e-06
0.00247094323796
2.0595167184e-10
4.5546565763e-28
1.2750102404e-18
1.03343769834e-08
1.26719265187e-10
2.89545722455e-06
9.0891278575e-12
0.00160778726261
2.03703737842e-16
8.55113637427e-09
0.000702619784405
1.3600192343e-07
1.31410065925e-14
3.01421860413e-06
0.0324494692452
2.03609881853e-11
4.24560217158e-16
0.000178527401905
1.75638816419e-09
3.66184366054e-07
5.8270859714e-17
2.97639071379e-08
2.50276486067e-12
8.57828814042e-17
0.0324494692452
1.27318754061e-05
0.000815360656963
2.88275415677e-05
8.33128417489e-09
0.0185267055178
1.89645309792e-08
0.0185267055178
0.0324494692452
1.55530105855e-13
5.36312099688e-11
1.3904516379e-15
0.000150320698505
3.36640110502e-06
2.89526805775e-13
1.9959426077e-06
3.26043933646e-15
0.0267157084654
1.71248617042e-07
0.0324494692452
8.61756147873e-05
0.0324494692452
0.00759927741299
6.00767182001e-05
1.28513943941e-19
2.00687112771e-07
6.44604048475e-23
5.46162486686e-06
7.64141456629e-24
1.12066976339e-05
3.41484203454e-16
0.000114157683606
7.24180014853e-13
2.87514952486e-05
0.0185267055178
0.000316132835355
2.31726660937e-11
0.000109313236591
4.58608455211e-07
2.55679392263e-06
4.80845059397e-29
5.21180242129e-10
0.0324494692452
6.8182615349e-05
0.00998445207546
1.53000234015e-06
1.89415986308e-06
1.5499275116e-05
0.00197039411603
1.52445081112e-05
1.01895519406e-08
9.87124245976e-06
1.10005911933e-05
1.8592469946e-05
3.60212521397e-07
2.56251709023e-11
1.50294800078e-17
2.02555012051e-09
5.92476404992e-39
2.33230928691e-28
8.73563266509e-06
8.45837492015e-06
4.50305112821e-18
2.1246848871e-09
0.000418841914671
6.96112420796e-11
1.50351057623e-08
1.01730085444e-06
3.66669659636e-06
3.75845960767e-10
7.4694296499e-07
1.90933160533e-19
1.04517427416e-07
6.47402265385e-05
8.11382074308e-08
0.00360315235019
8.05596771179e-19
7.92823517172e-05
8.03160085257e-09
1.66437222751e-06
3.72111340919e-09
1.40188246622e-05
2.33326923795e-05
6.77910274922e-05
1.46638714191e-08
1.05243896203e-12
0.0267157084654
2.26307937304e-30
2.44746279887e-06
1.61483979493e-06
6.66800746059e-22
0.0013430480416
0.0324494692452
1.02356636485e-05
0.0187596197375
5.3519638415e-10
4.13736084945e-10
8.76829843921e-11
6.75555284443e-13
2.74808593064e-10
1.83102423152e-16
2.51581581989e-15
8.51666976328e-05
3.97214142478e-16
1.20710123924e-08
9.83758714332e-08
4.72585289881e-22
4.97268048187e-21
1.50490899681e-22
8.69681410251e-11
0.0324494692452
7.18172653227e-12
9.11927495655e-08
2.36436168526e-10
1.56315008029e-09
5.26862783375e-05
4.05171171282e-13
3.36432845653e-05
4.04602301685e-09
0.00298333858728
3.17882929073e-09
0.00039960358042
7.54503704341e-08
0.00155272573324
4.53106141248e-15
9.3171497911e-07
0.000113461567677
2.36126552404e-21
8.60514928267e-05
7.5174075574e-10
5.79076348008e-08
1.87720261557e-08
0.000316132835355
2.7806959617e-08
9.51559320207e-12
5.36074328729e-05
0.0185267055178
7.04850913151e-21
3.98832152179e-08
4.28526034321e-06
0.0041375660945
1.5903736981e-18
6.14000127986e-07
8.28773227813e-27
1.14897251377e-24
1.99560041848e-05
0.00255541943196
3.49837987756e-14
2.89663305717e-24
2.45520806825e-05
0.0324494692452
1.87082075625e-10
8.7948010088e-06
0.00155272573324
0.00156308052459
6.90998983618e-05
0.00247094323796
1.7752611331e-20
1.68851050221e-15
0.00654073210048
0.000263444255799
6.44337660175e-08
1.85613957922e-10
1.67534547441e-06
0.00373436670352
1.9042897086e-15
7.72170768008e-06
9.9292441027e-49
5.79293132384e-09
0.0267157084654
0.00039960358042
1.63699873271e-09
9.91378238125e-05
6.28543952556e-12
4.44089152314e-05
0.0267157084654
8.10376511367e-08
9.64435665879e-05
2.43487556956e-05
0.0267157084654
3.7236047244e-07
0.00166116798166
0.0267157084654
1.08545305404e-05
0.0122586883815
0.000417397345938
6.99111246646e-18
0.0267157084654
0.000264408357104
0.00160778726261
0.0122586883815
0.0267157084654
0.0267157084654
5.23521292428e-06
1.06605436222e-19
0.0324494692452
7.59403101574e-15
0.0122586883815
2.79494837207e-10
0.0324494692452
5.22806427227e-20
2.19497583586e-05
1.24118399513e-13
1.8501344998e-10
1.77505664159e-05
3.51940051793e-16
1.88713834637e-06
9.29675527273e-06
6.06142171093e-05
0.000177264564555
1.02113894141e-40
0.000106566140342
1.28867972739e-09
1.70193424512e-07
0.0324494692452
0.0324494692452
6.89806078218e-08
0.000838036361625
0.0324494692452
5.31708646493e-17
0.0122586883815
4.70729844949e-06
2.51050164385e-10
7.84333102278e-13
2.48967055091e-16
5.68834427077e-13
1.29761152926e-05
2.66419170961e-06
4.58652669778e-09
2.99061618968e-21
0.00654073210048
0.0185267055178
4.39150962757e-05
1.526590633e-21
0.0267157084654
0.00127309725985
0.000185066415372
5.58377552975e-28
1.1224399186e-13
3.924515312e-17
1.65004248688e-07
7.35170688545e-11
3.31943074527e-11
0.0187596197375
1.39183360983e-08
0.0013430480416
2.87688783538e-10
1.26807778162e-16
1.26897655283e-18
0.00396235719887
2.03781698563e-07
0.00759927741299
6.56110230938e-09
1.96494587969e-14
4.82157006023e-06
3.99528801808e-16
6.04886153169e-07
0.0324494692452
2.14385187529e-18
2.2514711425e-05
0.0267157084654
0.0023466533706
4.88407678772e-14
0.0267157084654
2.96891242952e-14
0.0267157084654
5.68570493038e-07
0.0122586883815
0.0324494692452
4.5293799477e-05
0.000122510148757
8.86547820702e-10
0.0187596197375
2.86399809195e-05
1.21571097506e-06
5.82251997191e-11
0.00522530860347
4.71076028598e-05
1.86674535065e-05
3.66737791531e-05
3.52416605143e-13
6.06015178719e-17
0.0122586883815
1.55411429387e-11
2.81249866556e-11
0.000263444255799
0.00373436670352
0.00654073210048
0.00654073210048
1.34257000536e-15
0.000417212684509
3.86547558033e-08
0.0324494692452
0.0267157084654
3.84032213469e-11
1.27556777913e-12
7.61007119524e-10
0.0013430480416
1.14240506957e-10
0.00998445207546
9.329416325e-16
1.72826588069e-16
2.40222550424e-13
1.93679990424e-05
1.01931961521e-16
0.0011086622616
0.000159608727306
0.00998445207546
1.26621070171e-06
5.44888749623e-05
6.27165495976e-14
4.1727869674e-27
0.0187596197375
0.000264408357104
5.65962873275e-15
1.71953204523e-08
5.48341522228e-23
9.97363915177e-05
8.22274007733e-06
0.0002771379136
4.95392142922e-11
0.0053987959404
3.01267999456e-07
0.0122586883815
0.0267157084654
0.00160778726261
0.0267157084654
9.25298477901e-07
2.44303341618e-12
0.0122586883815
2.16332222908e-06
1.68528885205e-07
2.69102227488e-07
0.00411015635269
2.08011014357e-15
3.01268006401e-06
0.0011094643216
2.39522482939e-16
0.0187596197375
4.20686443634e-08
2.87239193147e-10