500
1.45437707043e-10
3.34000146439e-28
1.19753175283e-12
7.05386408299e-27
1.60655677611e-08
3.69652342017e-27
1.57868845747e-25
1.13380947734e-08
1.72326409587e-47
2.9673806312e-09
3.84671783188e-05
6.68481033617e-13
5.48563775468e-11
0.00109293747774
0.000522124914928
5.25030528835e-08
1.94356227554e-09
2.02924029226e-21
4.14826446884e-22
0.0
1.89068614586e-07
2.40648537827e-16
2.27604303803e-05
5.85861676429e-36
0.0
2.52735620931e-23
7.47275462191e-20
1.35819234485e-62
1.41824692448e-12
7.08880387488e-16
1.88177589451e-10
1.77123094553e-15
0.00201756198347
6.93158922373e-18
3.53257374996e-07
7.75129900263e-16
2.6149756204e-20
9.32580586811e-38
5.90022576923e-05
5.70692739223e-24
0.000401163733292
3.15149653254e-07
0.0
5.61694841021e-05
7.99420810646e-16
5.66478637703e-12
4.31878295969e-23
2.32111428829e-19
2.44333042736e-08
6.51202049815e-06
1.73312806409e-07
6.03906563214e-26
1.18827853506e-18
4.23380524704e-11
1.0681379676e-23
3.18949669671e-05
5.87186430895e-14
1.16367085896e-80
1.41874444829e-31
0.00480754994472
5.20229072168e-11
0.000232942745702
2.45658700332e-16
0.000112347644312
2.43346020779e-51
3.44132614484e-06
1.20050400953e-09
1.95972598817e-13
0.00031627842427
2.22900939172e-12
4.16054612984e-31
0.00105024460752
9.80553988906e-25
1.76562762623e-61
9.13730435671e-10
4.5146072552e-22
3.8149737393e-44
4.08172199474e-89
2.67541756625e-06
1.30759069835e-08
0.000285015245942
9.37949821674e-32
1.38257516077e-34
5.73155671771e-35
6.74842239153e-06
8.51323437439e-13
5.10764471759e-63
3.04385623281e-15
5.20732892852e-05
6.28903799553e-07
1.87877901273e-23
3.07769208096e-05
1.34377860141e-14
8.52633850658e-22
1.83843278564e-09
7.76379889134e-17
6.32659637921e-16
6.48214556111e-08
6.79107456169e-61
2.85946264612e-19
3.6123258303e-14
0.000401163733292
2.38634491735e-11
1.08248814753e-16
4.80852649218e-16
4.36955511906e-29
4.21207187993e-05
1.68218713941e-35
1.95747946159e-38
7.0161618651e-17
1.69585856459e-19
0.000775221181431
3.31512708961e-20
1.21706620422e-16
2.45960997766e-24
5.74459242813e-19
7.80968678509e-11
1.60310921767e-10
2.15432116621e-57
3.67645663813e-16
9.59960165179e-21
1.713288484e-52
1.30382868179e-19
8.406537131e-09
2.76635978323e-25
2.7199883663e-11
8.31070038929e-11
1.14715611276e-55
2.99912426339e-52
0.000988168023281
1.84613849937e-38
5.99980731237e-07
8.32567840862e-05
6.59446505821e-07
4.51937869398e-19
1.68772322664e-60
8.17347611683e-32
2.22613571257e-21
0.000242528501206
1.12045867724e-11
2.32925188574e-26
5.31611658442e-16
1.71176538641e-20
2.02505085663e-09
1.4737433379e-08
1.97623147527e-19
2.34222211975e-52
9.91210912065e-15
2.67962177565e-33
0.0
7.71450544544e-18
1.01476856658e-09
2.14241098994e-41
2.27659506186e-24
1.22361638175e-11
2.24208535723e-05
7.08251604481e-05
7.09130840936e-08
3.81510940222e-35
1.85599266886e-30
1.44483843125e-07
6.92488843435e-13
6.61145788771e-16
5.39236375513e-37
3.09179863402e-19
0.000540630812445
5.03709712226e-07
1.02672325892e-07
1.67903293022e-39
4.84784624775e-15
1.99354875924e-24
7.35232590953e-30
0.000273750234
1.10376148123e-08
2.41551039281e-08
9.64965739502e-21
3.20070838782e-84
1.00506358915e-11
2.18385839524e-49
3.68336106122e-11
9.46969148764e-05
1.76176732085e-15
5.66942016952e-21
1.53565339307e-29
4.52320058599e-29
1.2241638337e-05
1.04228866485e-12
2.59889724406e-66
3.63166725265e-10
2.28933569172e-48
7.74091623308e-16
5.20488122014e-32
1.22782519859e-05
2.25324421184e-39
5.65372705023e-31
1.72654686483e-09
2.79111187028e-18
3.75839042253e-23
0.00480754994472
3.09755149594e-11
0.000159566513797
2.34984884387e-15
5.2161306985e-12
5.75824063417e-34
3.1118206085e-21
2.78802225454e-17
1.41332432453e-12
2.08999749189e-09
7.54418136818e-19
1.22323312006e-18
6.10677269931e-15
1.69738195806e-30
2.93415563405e-35
5.41873993192e-08
5.32130110299e-29
1.16064177458e-07
5.53569833618e-23
2.74873559752e-18
7.66478915036e-06
5.89145248294e-16
2.02188048283e-32
9.36396188593e-15
6.80640399249e-36
0.000666861801542
2.33874444112e-19
1.63116068901e-23
1.34672873161e-25
6.96541099304e-05
7.4373345599e-14
2.70652158579e-26
6.89012674117e-05
2.12577981733e-37
3.78653563503e-15
6.37501154921e-07
1.1905526501e-10
2.6524079157e-17
1.71683711594e-08
5.39760319779e-40
0.00480754994472
8.43344285538e-08
0.00031627842427
0.0075533478802
0.010593109832
4.13539168721e-06
2.14042364285e-09
5.24726906302e-65
7.08610859724e-06
7.71853929131e-05
2.79420317562e-06
1.58679081963e-58
7.10085966393e-05
5.16031674918e-76
2.97039889204e-33
1.5181046504e-08
3.32700994897e-15
4.08097265803e-10
3.6630610575e-15
0.000169040615038
3.0025646958e-05
1.45150265449e-10
3.54606450109e-11
8.34666114212e-12
4.54271772667e-12
1.34696309111e-19
9.87177335145e-23
0.0
2.85963113484e-07
2.30512719017e-40
9.55551801645e-60
2.50363434691e-42
8.7653058406e-12
1.53786206e-13
0.000273750234
7.59456886679e-57
1.11659139556e-36
5.29838160494e-07
8.53442314653e-09
6.40994910155e-23
2.7632532224e-24
0.010593109832
9.54397364182e-39
1.10569817912e-07
2.06151190659e-22
4.00485496926e-08
1.54019260381e-09
6.06467680636e-07
1.2338598252e-22
9.33886655425e-06
5.16289433365e-11
5.05412996702e-16
3.13210425442e-07
0.000222520508311
6.43456476389e-39
0.000372297765427
5.60039686416e-20
6.69856346102e-12
0.0
3.92124045877e-12
2.45885871369e-21
3.39681318408e-13
8.06063285418e-63
1.31274661195e-15
2.07938637423e-05
3.84301317589e-08
1.08860293929e-11
2.42539598703e-18
1.09138045723e-14
3.37689975592e-15
3.82378518908e-12
0.010593109832
1.12867320874e-09
0.0
0.00480754994472
1.90919220483e-10
8.08513524347e-74
1.78800417843e-32
2.16729817535e-08
1.6328106801e-62
2.11468035573e-07
2.74552656896e-75
1.63019963298e-15
1.3116996884e-26
6.53774488992e-17
8.6922826642e-05
3.16067827482e-16
1.17326486938e-22
3.51536521028e-06
9.0997816639e-05
4.19452993176e-29
0.000108247807134
1.72131397312e-22
0.0075533478802
1.95123844376e-19
3.377981575e-71
2.68460251169e-12
7.06306725074e-23
2.78535719329e-36
0.0
0.0
2.95306867843e-06
0.000269131329969
6.12196494586e-83
4.01123404648e-21
5.49861831018e-07
1.0509004218e-08
2.92235969346e-13
2.96642050715e-06
4.84929265522e-06
9.84528108851e-16
1.01826717124e-39
2.38066399944e-18
2.3793242778e-28
1.38678115477e-20
3.69781691435e-27
4.74058937443e-07
2.63799510892e-08
5.65834968029e-30
2.65090685699e-31
2.06778601134e-24
2.92809732611e-12
8.67884599915e-40
9.66648302763e-17
0.000775221181431
1.98312401717e-14
2.1537020811e-35
0.00436006259751
1.69900768255e-08
6.1757202362e-36
6.58592169654e-48
4.35885582994e-07
0.000575236586801
2.27678189975e-43
0.0
9.57306040563e-05
2.21984486488e-29
2.05075679856e-37
9.95341324623e-11
0.00031627842427
0.000775221181431
2.68751079264e-45
5.73808877407e-10
1.82634427731e-11
8.44590125568e-52
7.2462371793e-06
2.53188990737e-14
1.67576251199e-23
6.01386873619e-11
0.010593109832
0.010593109832
2.53065369354e-33
5.18325890489e-05
2.37056254379e-12
2.40887580384e-34
3.14774350881e-05
1.73485908047e-22
0.000114295584754
1.34311981753e-17
2.50494391252e-25
0.010593109832
1.51718068115e-09
0.00147290402274
1.02740822318e-12
1.76152555911e-21
5.49401665656e-47
2.94261316126e-14
1.95369301765e-06
4.02786334419e-21
4.24676060614e-09
4.09608228029e-08
8.08719809137e-23
1.0812821142e-15
1.84363998359e-08
1.67179213852e-12
7.09796306624e-15
1.21124065287e-15
0.0
2.79517315258e-05
3.02115348091e-26
1.49218482791e-07
2.77258141512e-20
0.00016459537781
1.00194104559e-10
0.010593109832
0.00480754994472
4.44872634334e-47
4.12212092976e-20
4.18025726462e-14
1.26163563173e-10
4.17132663496e-08
5.68789883261e-31
3.25454871474e-05
6.02465025456e-07
2.52793735108e-07
7.69125266599e-29
0.00480754994472
4.44431014954e-05
5.26437551262e-05
7.25115344495e-14
4.05289432684e-30
9.50623391189e-18
1.65574384086e-32
2.27488663194e-05
2.22910541183e-19
8.30376252683e-15
8.92112570828e-69
1.79517622974e-11
2.87425217274e-18
2.97196514544e-16
1.64642075181e-14
1.38907862999e-14
2.38177325231e-12
3.69866100946e-16
3.89775029777e-30
0.000285015245942
1.00543605272e-19
2.03186369115e-18
6.13877579032e-07
2.99973729555e-32
7.31069169059e-18
2.15999721753e-26
5.46592956699e-14
1.3805312796e-08
1.21880362806e-22
4.38057524408e-05
5.52612698026e-10
6.36451591715e-40
1.94431929902e-11
1.73480493774e-24
1.78412080046e-21
7.09822046474e-14
1.60847996046e-07
7.17838414073e-19
1.26763712847e-25
8.49734774283e-08
1.64490877691e-35
3.73218969173e-74
3.65866623995e-55
4.34593441525e-08
3.01324274747e-13
1.12023172158e-20
8.80708324274e-27
1.69599106903e-59
4.02325504059e-21
2.20185770287e-09
0.00109293747774
0.0
6.44617253118e-09
2.97085292966e-28
2.16054731669e-06
1.53478440191e-39
5.19385947923e-81
4.88271364657e-17
5.12612585156e-07
3.53248833792e-05
2.13589412268e-21
2.86325035989e-28
2.68057530432e-08
9.27249485566e-16
7.50145771999e-21
7.81074654599e-14