500
0.0
0.0
0.0
0.0
0.0
0.0
0.000123081577108
0.0
0.0
0.0
0.0
0.0
8.28176030413e-05
0.0
0.0
0.0
0.0
0.0
0.0
1.71464178764e-07
0.0
0.0
0.0
0.0
0.0
0.0
0.0
0.0
0.0
0.0
0.0
0.0
0.0
0.0
0.0
0.0
0.0
0.0
0.0
0.0
2.28335267239e-05
0.0
0.0
0.0
0.0
0.0
0.0
0.0
0.0
0.000958333333334
0.0
0.0
0.0
0.0
0.0
0.0
0.0
0.0
0.0
0.0
0.0
0.0
0.0
0.0
0.0
0.0
0.0
0.0
0.0
0.0
0.0
0.0
0.0
2.28335267239e-05
0.0
0.0
0.0
0.0
0.0
0.0
0.0
0.0
0.0
0.000333234334704
0.0
0.000112948601533
0.0
0.0
0.0
0.0
0.0
0.0
0.0
0.0
0.0
0.0
0.0
0.0
0.0
0.0
0.0
1.23512971967e-05
0.0
0.0
0.0
4.90024079027e-07
6.94426557083e-05
0.0
0.00171075170949
0.0
0.0
0.0
0.0
0.0
0.0
3.06986076514e-06
0.0
0.0
0.0
0.0
0.0
0.0
0.0
0.0
0.0
0.0
0.0
0.0
0.0
0.0
0.0
0.0
0.0
0.0
0.0
0.0
0.0
0.0
0.0
0.0
0.0
0.00385851314122
0.0
0.0
0.0
0.0
0.0
0.0
0.0
0.00013036725869
0.0
0.0
0.0
0.0
0.0
0.0
0.0
0.0
0.0
0.0
0.0
0.0
0.000958333333334
0.0
0.0
0.0
0.0
2.28335267239e-05
0.0
2.28335267239e-05
0.0
0.0
0.0
0.0
0.0
0.0
0.0
0.0
0.0
0.0
0.0
0.0
0.0
0.0
0.0
0.0
0.0
0.0
0.0
0.000231900199992
0.0
0.0
0.0
0.0
0.0
0.0
0.0
0.0
0.0
0.0
0.0
0.0
0.0
1.62113886782e-11
0.0
0.0
0.0
0.0
0.0
0.0
0.0
0.0
0.0
0.0
0.0
0.0
0.0
0.0
0.0
0.0
0.0
0.0
0.0
0.0
0.0
0.0
2.28335267239e-05
0.0
0.0
0.0
2.28335267239e-05
0.0
0.0
0.0
0.0
0.0
0.0
0.00385851314122
0.0
0.0
0.0
0.0
0.0
0.0
0.0
0.0
0.0
0.0
0.0
0.0
0.0
0.0
0.0
0.000112948601533
0.0
0.0
0.0
0.0
0.0
0.0
0.0
0.0
0.0
0.000135509231998
0.0
0.0
0.0
0.0
0.0
0.0
0.0
0.0
0.000958333333334
0.0
0.0
0.0
0.00385851314122
0.0
0.0
0.0
0.0
0.0
0.0
0.0
0.0
0.0
0.0
0.0
0.0
0.0
0.0
0.000231900199992
1.19634819838e-05
0.0
0.0
0.0
0.0
0.0
0.0
0.0
0.0
0.0
0.0
0.0
0.0
0.0
0.0
0.0
0.0
0.0
0.0
0.0
0.0
0.0
0.0
0.0
0.0
0.0
0.0
0.0
0.0
0.0
4.58305496335e-08
0.0
0.0
0.0
0.0
0.0
0.0
0.0
0.0
0.0
0.0
0.0
0.0
0.0
0.0
0.0
0.0
0.0
0.0
0.0
0.0
0.0
0.0
0.0
0.0
0.0
0.0
0.0
0.0
0.0
0.0
0.0
0.0
0.0
0.0
0.0
0.0
0.0
0.0
0.0
0.0
0.0
0.0
0.0
0.0
0.00171075170949
0.0
0.0
0.0
0.0
0.000112948601533
0.0
0.0
0.0
8.28176030413e-05
0.0
0.0
0.0
0.0
0.0
0.0
0.0
0.000958333333334
0.000958333333334
0.0
0.0
0.0
0.0
0.0
0.0
0.0
1.22083367491e-05
0.0
0.0
0.0
0.0
0.0
0.0
0.0
0.0
0.0
0.0
0.0
0.0
0.0
0.0
0.0
0.0
0.0
0.0
0.000958333333334
0.0
0.0
0.0
0.0
0.0
0.0
0.0
0.0
0.0
0.0
0.0
0.0
0.0
0.00013036725869
0.0
0.0
0.0
0.0
0.0
0.0
0.0
0.0
0.0
0.0
0.0
0.0
0.00013036725869
0.0
1.71464178764e-07
0.000112948601533
0.000958333333334
0.0
0.000958333333334
0.0
0.0
0.0
0.0
0.0
0.0
0.0
0.0
0.0
0.0
0.0
0.0
0.0
0.0
2.28335267239e-05
0.0
0.0
0.0
0.0
0.0
0.0
0.0
0.0
0.0
0.0
0.0
1.25083488391e-06
0.0
0.0
0.0
0.0
0.0
0.0
0.0
0.0
0.0
0.0
0.0
0.0
0.0
0.00385851314122
0.0
0.0
0.00208089223327
0.0
0.0
0.00171075170949
2.28335267239e-05
0.0
0.000112948601533
0.0
0.0
0.0
0.0