500
0.000487891850918
6.09327252523e-06
3.82500132985e-11
1.09654693009e-06
0.00551191249869
0.0
0.0
1.10686573666e-06
0.000487891850918
1.81681301738e-07
2.81723686811e-24
7.32297855706e-07
2.77576154205e-06
9.75260926037e-16
1.31674533831e-07
0.000487891850918
3.96047169049e-10
1.31674533831e-07
2.79597165475e-25
1.44411739869e-08
0.0
3.44790735107e-16
4.48690313152e-17
2.90540617596e-12
4.70861890262e-18
0.0
8.61614780641e-07
1.13620273896e-07
1.76053172204e-07
0.00551191249869
0.000487891850918
1.01836190154e-06
0.00551191249869
6.98972727535e-12
5.85137120131e-05
4.64584266979e-09
1.23242462452e-14
0.00551191249869
5.73488143295e-10
0.000487891850918
4.48464059567e-15
0.0125634907417
0.000128053688514
1.25895656183e-07
0.0
0.0
1.18436445118e-10
0.000252023940272
0.000415874862571
0.0490264186229
2.17118577852e-10
0.00551191249869
0.0
3.1792616106e-06
3.86267429091e-12
0.0
0.0
9.34697374464e-08
0.0
0.0
4.81660399429e-08
3.22995036088e-23
5.97238905197e-16
0.000762862165153
7.27083499004e-08
2.15620011396e-08
2.51704459625e-08
6.04822450463e-18
0.0
1.01836190154e-06
6.99809503362e-12
7.27083499004e-08
0.0
0.000652557320367
0.0
1.48849565914e-07
2.27106622891e-09
7.68557097817e-06
0.0
0.0
8.68683495232e-11
2.67512482393e-10
0.00551191249869
0.00122586262477
2.13404763351e-07
9.77127729423e-05
2.98729036823e-11
1.41816080719e-09
1.00222708307e-16
0.0
5.85137120131e-05
0.0
0.0
9.40442856829e-09
0.0
0.00551191249869
1.12839014201e-14
0.0
0.00551191249869
1.38634007961e-05
1.11087318563e-18
9.77127729423e-05
0.0
0.0
3.76192426987e-07
1.77211402578e-17
5.73358733466e-07
0.0
0.0
5.79585040328e-14
0.0
0.000128053688514
0.0
0.000652557320367
2.15378970039e-05
3.81964612143e-09
0.0
0.0
8.58854244744e-13
0.0
2.51704459625e-08
3.1792616106e-06
0.00551191249869
1.08065434597e-14
6.49144061873e-06
6.69244082483e-25
1.84032260031e-06
8.35599366565e-11
6.2656052502e-11
1.48849565914e-07
2.50770698627e-08
1.33737755529e-14
1.9363639763e-09
5.85137120131e-05
4.88486143869e-05
0.000220435360185
2.72778954187e-31
2.62766440149e-15
6.09817437527e-07
0.00709066718287
1.43049771505e-29
0.0
1.70954400873e-41
1.59340401589e-05
0.00709066718287
4.99710725883e-07
0.00551191249869
0.000487891850918
0.0
1.60658519223e-23
8.45887728498e-08
0.000487891850918
4.59506707082e-07
0.0
6.13981566454e-12
0.0
0.0490264186229
0.0
4.81122057942e-12
0.000652557320367
0.00551191249869
7.87336833315e-08
1.23631198223e-07
1.39772038685e-14
0.00551191249869
5.19504138602e-12
3.01128974308e-09
7.1782672916e-14
0.0
2.68017549798e-09
5.85137120131e-05
2.34745723843e-12
0.000487891850918
0.0
4.57907706378e-05
2.47790259708e-08
2.13071634781e-07
0.0
0.0
0.00551191249869
0.000487891850918
1.31674533831e-07
0.0
0.0
8.45998879564e-18
1.04367296524e-09
1.43309861847e-09
2.70911876432e-06
3.1792616106e-06
0.00551191249869
0.000487891850918
1.76053172204e-07
8.19783115744e-27
0.0
0.0
0.0
2.84665862999e-20
1.75941065263e-25
0.0
1.84032260031e-06
0.000157339594367
0.00551191249869
0.0
1.42806460608e-05
0.00551191249869
0.00101565328033
8.37196108355e-44
0.00196133268131
0.0
0.0
0.0
1.37898615138e-06
1.1313749263e-11
1.10686573666e-06
0.0
7.29747592389e-31
0.0
0.00551191249869
1.09654693009e-06
5.83977619329e-17
0.0
0.000487891850918
0.0
3.53506932677e-07
0.0
2.42678270819e-12
5.71532306336e-08
9.42336017709e-08
1.98612032012e-07
9.77127729423e-05
0.0
5.66756992682e-22
0.0
0.0
2.14230790261e-07
0.000128053688514
0.0490264186229
4.57907706378e-05
1.27200782915e-07
1.95273079565e-06
2.13510063954e-08
4.88486143869e-05
0.000487891850918
1.38307402722e-05
2.15378970039e-05
0.0
0.0
0.0
3.67501933529e-14
3.63373130344e-13
1.65450369039e-06
0.0
0.0
0.0
8.24366590283e-06
0.0
4.23454712144e-05
0.0
0.000746684283455
0.0
0.00551191249869
0.0
2.05240553564e-16
0.0
2.06737273203e-16
0.000487891850918
0.0
2.64552812214e-05
0.00102785447511
5.73488143295e-10
0.0
5.30899175388e-09
0.000487891850918
7.66256065733e-39
0.0
0.0
0.0
0.000558186922681
0.00551191249869
1.38307402722e-05
8.81663030694e-07
0.0
1.75838610606e-12
4.71039154757e-14
5.85137120131e-05
1.66349400554e-09
0.0
2.50770698627e-08
0.0
9.77127729423e-05
0.0
3.07564713746e-06
1.12777926901e-06
1.0821519655e-14
0.00551191249869
1.6728469301e-08
0.000487891850918
4.48905491229e-21
1.89868618972e-09
0.000487891850918
0.0
0.0
3.07581610084e-11
0.0
1.72621675982e-08
0.0
0.0
4.99710725883e-07
6.51623888017e-17
0.0
8.46663684249e-10
0.0
6.60477361428e-10
0.0
0.0
6.49144061873e-06
8.45887728498e-08
0.00025817268745
0.0
0.0
0.00551191249869
9.32067555821e-05
5.78416098606e-10
2.96128537846e-11
1.31674533831e-07
5.30538956979e-18
0.000652557320367
0.0
6.45658577481e-17
0.0
0.0
0.000652557320367
8.80891944977e-08
0.000487891850918
6.41735384672e-07
1.15473576158e-12
1.31520535383e-20
1.76401151459e-09
0.0
1.24372447331e-06
0.000487891850918
0.0
2.50770698627e-08
2.2559911316e-09
1.01836190154e-06
3.36163554362e-07
0.000220435360185
4.24493572534e-05
0.00142108144761
2.93135984119e-11
4.88486143869e-05
0.0
1.19505071515e-11
0.0
0.0
2.50770698627e-08
2.57468015439e-15
0.000487891850918
0.0
0.0
0.0
0.000220435360185
2.31079167721e-12
0.000487891850918
0.000487891850918
0.0
1.05099641789e-18
3.494844752e-09
0.000487891850918
0.00551191249869
0.0
0.0490264186229
0.0
0.00551191249869
1.97750843734e-07
0.00551191249869
0.00551191249869
0.000487891850918
1.24372447331e-06
0.00551191249869
1.31674533831e-07
1.16131133538e-14
0.000575838913757
1.95273079565e-06
3.371782856e-06
6.886526541e-11
0.0
0.0
0.000104798991602
2.99889934252e-07
7.02535867418e-06
0.00551191249869
0.0
4.67585345386e-10
7.82293593978e-05
8.45887728498e-08
6.46840658632e-12
1.83882413874e-06
1.85452340432e-09
0.000575838913757
0.00551191249869
3.1792616106e-06
1.56145250354e-09
2.50770698627e-08
0.0
3.54446940995e-12
0.0
2.7347441449e-11
0.00709066718287
0.0
2.77903472405e-05
0.0
0.0
0.0
6.74370562242e-09
0.0
0.0
0.0
9.77127729423e-05
0.00551191249869
3.48517165449e-05
0.000487891850918
5.73358733466e-07
7.68557097817e-06
0.0
9.46595291934e-07
0.0
9.64661526738e-09
6.27624265994e-06
4.27338856824e-21
0.0
5.85137120131e-05
0.000652557320367
0.0
6.954992517e-31
0.00551191249869
0.00551191249869
6.56040791543e-11
5.85137120131e-05
2.08620086713e-12
7.14192412824e-08
1.09654693009e-06
1.38307402722e-05
0.0
3.05188852796e-06
5.5539289827e-07
0.00709066718287
0.00551191249869
7.68557097817e-06
0.0
0.00551191249869
0.0
7.27083499004e-08
1.95273079565e-06
2.15378970039e-05
9.34697374464e-08
0.00551191249869
2.17658985654e-16
0.0
1.36060535482e-09
0.000652557320367
5.88465889203e-14
2.75888245549e-08
7.96290815217e-07
3.22709860074e-11
0.0
0.0
0.0
1.15656599949e-12
1.38307402722e-05
0.0
6.32629875858e-21
1.65450369039e-06
0.00551191249869
0.0
6.8967368362e-05
7.44543758305e-06
3.48911967352e-21
4.13768181049e-06
2.7711508164e-28
0.000487891850918
2.02860866221e-14
2.50770698627e-08
9.12487349863e-35
2.86031810539e-14
9.14050625536e-26
0.0
0.000487891850918
7.3658460659e-09
0.00551191249869
3.41812683442e-35
4.03965206788e-17
0.0
0.000128053688514
0.0
0.000413322488202
0.000652557320367
0.0
1.92435419909e-11
4.02186328185e-11