500
8.05823840891e-09
9.0735360069e-07
3.06523051731e-06
4.30836035871e-10
1.76045995602e-17
9.25426322591e-12
2.23188849074e-06
0.0052407764897
0.0185812506981
3.24409342016e-10
1.58729030476e-06
3.71896110709e-05
4.94949297406e-05
1.36767742441e-11
6.55024384941e-26
1.63989375163e-05
0.0185812506981
5.89557828843e-21
2.51654364984e-08
4.01745042475e-08
1.66320676587e-13
2.82808959246e-06
4.19175139252e-06
8.76435168828e-22
0.0135182396087
3.08575392701e-09
6.83832803693e-05
4.9353515257e-09
1.84040873703e-09
8.74386747255e-15
0.0105816931768
5.04609792378e-06
0.0185812506981
0.0263276576648
5.64412484521e-12
0.000502165508543
1.13430043066e-06
5.84623456019e-11
3.4278655877e-13
4.19419149537e-13
1.0026492748e-12
3.65797031632e-06
4.38691324668e-06
2.58504595353e-11
0.0029502468916
0.0117968158383
3.55989235865e-16
1.45942426389e-10
1.00004467032e-10
3.60711524428e-20
0.000673351924979
0.00214636490479
4.20748783041e-09
7.88033616507e-06
4.72952992678e-06
3.51160524564e-12
2.2525518184e-14
2.21801518068e-10
0.0263276576648
0.000295984365335
0.000358444189045
0.00269093715914
0.0135182396087
6.45334093446e-07
1.17582356193e-31
8.77720317929e-06
0.00992350173521
5.05775163166e-09
7.87090988178e-09
1.49763142888e-17
1.03058945348e-06
0.0135182396087
1.03763897837e-05
1.07092630481e-12
6.39688740718e-18
0.0135182396087
0.0117968158383
4.8295878532e-20
5.646677736e-06
3.05544195674e-08
2.47751160354e-05
0.000561155053558
0.00167207453257
8.23545527188e-27
9.39731756667e-59
8.14184419163e-13
4.19311749378e-12
4.14030938406e-12
0.00209631059588
0.000343072112883
8.25171559935e-06
4.6506020819e-13
0.000496615677703
4.90358026202e-14
9.9227155077e-14
2.04381426357e-06
3.55704169838e-08
0.0185812506981
4.16419830528e-23
3.23060249102e-10
0.0263276576648
0.00247556025064
0.0185812506981
6.16091476168e-10
1.23708207201e-10
0.0263276576648
2.00799689404e-05
0.0105816931768
3.41427670726e-05
1.27914530156e-10
1.22639571118e-08
0.00992350173521
7.24770368142e-12
0.0105816931768
0.0135182396087
1.19980292088e-06
4.08668528305e-12
6.45744299397e-05
2.98687213796e-06
0.00332167107462
1.68497366334e-08
3.96036429788e-12
8.5931409139e-25
2.69714751415e-13
2.22067562754e-06
1.79272249394e-27
8.83753370577e-12
5.24439381892e-07
3.50089161148e-10
0.000268167038378
1.05858050849e-10
0.0105816931768
3.81795538088e-05
1.19399289053e-06
0.00210638901221
2.51152525852e-10
4.62701494603e-28
7.02880600338e-19
7.73834033173e-09
7.41353977641e-11
2.19957319989e-06
4.63112724896e-12
0.00157560869415
1.66046861178e-16
8.17880607349e-09
0.000307298709215
1.25854607222e-07
9.92032092735e-15
1.60795844511e-06
0.0263276576648
2.18624383275e-11
2.25601256866e-16
0.000160357395197
1.86918221871e-09
1.91998447652e-07
5.09773348457e-17
2.32620880787e-08
2.63813080381e-12
4.70258295971e-17
0.0263276576648
8.31013586809e-06
0.00043294104289
2.46579116037e-05
8.22436266622e-09
0.0185812506981
1.42190133548e-08
0.0185812506981
0.0263276576648
1.78951996724e-13
5.02219854369e-11
2.81840239423e-15
0.000159310448528
3.14920553711e-06
2.83344264843e-13
1.56747618852e-06
2.68545827557e-15
0.0135182396087
1.72150254302e-07
0.0263276576648
8.56539926044e-05
0.0263276576648
0.0105310630659
4.85179677893e-05
1.33714551684e-19
2.01413690447e-07
5.6269050266e-23
5.16157786687e-06
6.67221982325e-24
8.66064210278e-06
2.86066843367e-16
9.10013243114e-05
5.64081398596e-13
4.65437200034e-05
0.0185812506981
0.000215029862261
1.01217400697e-11
8.55600080495e-05
3.77902888208e-07
2.23510992568e-06
4.53939786072e-29
4.57519081493e-10
0.0263276576648
5.3572308649e-05
0.00992350173521
1.0674478122e-06
1.87553226406e-06
6.73716969433e-06
0.00170555034024
1.23164444411e-05
8.65216547507e-09
7.84156055533e-06
1.47450447271e-05
2.70703254675e-05
4.14973671504e-07
2.01527950241e-11
7.66646681425e-18
2.10344313248e-09
5.79088790462e-39
1.52390679665e-28
5.89957593534e-06
5.57365491449e-06
7.06546904129e-18
1.15923905219e-09
0.000422391858733
6.36414606089e-11
1.26722204661e-08
1.04963941462e-06
3.53775107908e-06
3.21163033333e-10
1.50236180769e-06
9.69383244105e-20
1.65702933983e-07
5.55071153095e-05
9.60047310277e-08
0.00297858161068
6.22731577476e-19
6.7599158681e-05
1.2262265099e-08
1.68913237772e-06
5.29208708141e-09
1.08516979222e-05
3.40201412478e-05
6.45508317165e-05
1.2991556519e-08
8.99139691599e-13
0.0135182396087
1.64123432301e-30
1.02261985307e-06
1.52417363101e-06
5.70450291743e-22
0.0010607851142
0.0263276576648
9.74655170401e-06
0.0117968158383
6.74633480962e-10
3.93683229163e-10
7.20587337764e-11
1.34164541922e-12
2.00560789334e-10
1.63819884315e-16
1.78415199121e-15
8.11959726668e-05
4.00393972998e-16
9.43507209403e-09
7.27085764288e-08
4.28619008557e-22
3.84360252805e-21
1.45775647122e-22
7.44727150139e-11
0.0263276576648
3.54662319587e-12
9.9474887765e-08
2.0825086423e-10
1.20665686374e-09
4.53496019981e-05
3.10466726614e-13
4.58554693109e-05
3.57063072331e-09
0.0029502468916
3.46020159809e-09
0.000400032450454
3.89799823808e-08
0.00132770256912
4.84434840301e-15
8.04832275065e-07
9.05828514172e-05
4.07642281647e-21
6.73810870365e-05
3.07629426255e-10
4.80105266554e-08
1.52056004518e-08
0.000215029862261
1.49458382026e-08
1.06391119652e-11
4.56086000229e-05
0.0185812506981
6.9817653663e-21
5.61487073424e-08
3.54587430156e-06
0.00332167107462
1.16860347208e-18
9.65640822547e-07
5.13984318543e-27
8.99134591494e-25
2.16482325377e-05
0.00127110497485
4.038238135e-14
2.41254009646e-24
1.96677831272e-05
0.0263276576648
1.72870029067e-10
5.93277672586e-06
0.00132770256912
0.00133505625884
5.4170249011e-05
0.00210638901221
1.66268864672e-20
2.01915590207e-15
0.0052407764897
0.000266470335634
5.58958204357e-08
1.49045810263e-10
1.56967791898e-06
0.00369877879177
2.90323513588e-15
7.80159662063e-06
8.06635478065e-49
5.10751709775e-09
0.0135182396087
0.000400032450454
1.48316417382e-09
9.56457866051e-05
3.05647428428e-12
2.44893699168e-05
0.0135182396087
6.83732715747e-08
8.03731883796e-05
1.5578182111e-05
0.0135182396087
3.17765888819e-07
0.00166764762962
0.0135182396087
5.61556056169e-06
0.0105816931768
0.000358975421575
6.65076373197e-18
0.0135182396087
0.00022781139549
0.00157560869415
0.0105816931768
0.0135182396087
0.0135182396087
2.77819924074e-06
9.41116040588e-20
0.0263276576648
9.22739272016e-15
0.0105816931768
2.36985299529e-10
0.0263276576648
4.01191688312e-20
1.12731615118e-05
1.03173940315e-13
8.67344518884e-11
2.44032075149e-05
2.78515712352e-16
1.00976343828e-06
9.29270548966e-06
5.06414987389e-05
0.000162276187678
6.94385958514e-41
5.57839110635e-05
1.65999320828e-09
1.78099510427e-07
0.0263276576648
0.0263276576648
3.87973353428e-07
0.000664436080104
0.0263276576648
4.29290361295e-17
0.0105816931768
4.12590788585e-06
1.70780913023e-10
6.76581671983e-13
2.44139984124e-16
4.98263591049e-13
5.67520741286e-06
2.49094210202e-06
3.77989258047e-09
3.15472218876e-21
0.0052407764897
0.0185812506981
4.01509761456e-05
1.66953161365e-21
0.0135182396087
0.00125201448197
0.000199766651599
4.01387580607e-28
1.50192756895e-13
3.68580036364e-17
1.61264011977e-07
6.32073398943e-11
2.4916105137e-11
0.0117968158383
1.27692733332e-08
0.0010607851142
2.71524738297e-10
1.22962519613e-16
1.14437623745e-18
0.00214636490479
1.64449153251e-07
0.0105310630659
4.42809270092e-09
1.41342241525e-14
4.16673313824e-06
3.46059908084e-16
3.09930682484e-07
0.0263276576648
2.65860674431e-18
3.08267504501e-05
0.0135182396087
0.00233142030081
1.02219693263e-13
0.0135182396087
2.82530353976e-14
0.0135182396087
5.36430877994e-07
0.0105816931768
0.0263276576648
4.77564491703e-05
0.000102021330968
8.40923760711e-10
0.0117968158383
2.45248178786e-05
1.05108327266e-06
4.81652728879e-11
0.00418018633142
4.12091320756e-05
1.47174415333e-05
5.90675597805e-05
2.12531597926e-13
4.60629510883e-17
0.0105816931768
8.24602997778e-12
2.95788232439e-11
0.000266470335634
0.00369877879177
0.0052407764897
0.0052407764897
1.14178349253e-15
0.000203468335255
4.19550776237e-08
0.0263276576648
0.0135182396087
2.86005315762e-11
2.5617030556e-12
6.16593628862e-10
0.0010607851142
9.31110999071e-11
0.00992350173521
7.36144980671e-16
1.62851804044e-16
1.94534801056e-13
1.55766989243e-05
7.87132915961e-17
0.00112269614556
0.000237591821711
0.00992350173521
9.95493865136e-07
4.62613623219e-05
8.57822844403e-14
3.46981892457e-27
0.0117968158383
0.00022781139549
4.61676331131e-15
2.4372458308e-08
4.97122808693e-23
0.000106687367066
8.87834389555e-06
0.000240544682494
4.2717831031e-11
0.00442437126225
2.54663877882e-07
0.0105816931768
0.0135182396087
0.00157560869415
0.0135182396087
9.29911496163e-07
1.07985697149e-12
0.0105816931768
1.84389445906e-06
8.19582578246e-08
2.77403548542e-07
0.00330337481313
1.15840752818e-15
2.9756533923e-06
0.000896110472613
2.9491795159e-16
0.0117968158383
5.21759157253e-08
2.79477223856e-10