500
3.22042538024e-16
3.14694256577e-48
0.0
0.0
0.0
0.000315671525117
4.92076913379e-06
6.21794585649e-10
2.25024212587e-05
2.79150499066e-12
0.0
5.53212376551e-11
2.47009415882e-17
0.0
0.0
0.0
0.0
0.0
0.0
0.0
0.0
1.71481538778e-12
1.32426258205e-06
0.0
0.0
0.0
1.42297937472e-16
6.37075973642e-06
0.0
0.0
0.0
0.0
6.21794585649e-10
8.83628737917e-45
0.0
0.0
7.74594046111e-17
0.0
0.0
0.0
9.01538914646e-12
0.0
0.0
4.7666817044e-44
7.27224925471e-20
1.35685141399e-30
2.02267241561e-15
0.0
2.07296355776e-15
4.44205898552e-07
0.0
0.0
0.0
0.0
2.26197412198e-14
4.20918104652e-21
2.25024212587e-05
1.34263807934e-30
2.25024212587e-05
0.0
0.0
0.0
0.0
2.24616371913e-47
0.0
0.0
0.0
3.14394852071e-44
0.0
0.0
4.09269516063e-18
0.0
0.0
6.37075973642e-06
3.1239412006e-15
0.0
7.78643682382e-12
1.19851924471e-55
0.0
0.0
0.0
0.0
2.50288139827e-12
1.46896437219e-09
0.0
0.0
0.000513494803222
0.0
0.0
0.0
8.74110894333e-22
2.25024212587e-05
0.0
0.0
1.28289676292e-16
1.10327561849e-05
3.76030922459e-19
0.0
0.0
1.27880528574e-20
2.82360147563e-28
0.0
8.00940808024e-14
0.0
1.31637047856e-33
6.66788476685e-08
1.21259896234e-11
0.0
1.44519333357e-17
0.0
0.0
0.0
9.34360174329e-12
0.0
0.0
0.0
1.31931739243e-32
0.0
0.0
0.0
0.0
2.25024212587e-05
0.0
2.36646337455e-18
1.60315235084e-05
0.0
3.1693993562e-19
0.0
0.0
0.0
0.0
1.81039777314e-21
0.0
0.0
0.0
0.0
0.0
2.25024212587e-05
2.25024212587e-05
1.0237746679e-07
0.0
0.0
2.80002224921e-05
0.0
0.0
2.72572356636e-09
0.0
5.73402038134e-07
0.000298758478883
9.12713285835e-09
0.0
0.0
0.0
0.0
0.0
0.0
0.0
0.0
0.0
2.12534526191e-05
1.58775765148e-10
0.0
0.0
0.0
2.25024212587e-05
0.0
0.0
1.20937393345e-32
1.19948466808e-08
4.14953478909e-14
0.0
0.0
0.0
2.76437852554e-08
0.0
0.0
0.0
6.05694025237e-35
0.0
6.21794585649e-10
2.27409891185e-15
5.24161403869e-19
6.21794585649e-10
0.0
0.0
0.0
1.52755895637e-12
0.0
1.09835206264e-14
0.0
0.0
0.0
4.52640526764e-10
2.25024212587e-05
6.76838372965e-33
0.0
2.25024212587e-05
2.25024212587e-05
0.0
3.65761525476e-11
6.21794585649e-10
0.0
1.27830213182e-12
1.53925046479e-09
0.0
1.47424875421e-11
0.0
1.21113114462e-38
3.1239412006e-15
0.0
0.0
0.0
3.65761525476e-11
0.0
0.0
3.12394660908e-15
0.0
0.0
0.0
2.80002224921e-05
0.0
2.25024212587e-05
0.0
4.9087986821e-29
4.04390478942e-15
0.0
0.0
1.70214308623e-33
0.0
0.0
2.24745768839e-07
2.80002224921e-05
0.0
0.0
0.0
0.0
0.0
0.0
0.0
0.0
2.25024212587e-05
1.20648359987e-14
0.0
6.53018555877e-16
6.21794585649e-10
0.0
0.0
0.0
3.77463183352e-13
0.0
0.0
0.0
0.0
0.0
1.92581861686e-17
6.75168115984e-15
1.3204907309e-22
0.0
7.84495466492e-37
4.95648837969e-11
0.000381653646738
0.0
0.0
0.0
0.0
0.0
1.01068685897e-15
9.12115509172e-26
0.0
0.0
0.0
1.13649621957e-32
1.60315235084e-05
7.054548979e-33
0.0
0.0
0.000513494803222
2.25024212587e-05
2.30462823788e-26
6.37075973642e-06
0.0
0.0
0.0
0.0
0.0
0.000381653646738
3.11213423872e-08
0.0
0.0
2.25024212587e-05
6.11296278018e-25
0.000513494803222
8.57260400936e-25
0.0
0.0
1.10327561849e-05
5.30292827253e-28
4.39413726405e-15
3.74232592396e-43
1.40743216411e-28
0.0
0.0
0.0
1.72783567159e-24
2.24236168118e-16
0.0
0.0
6.21794585649e-10
1.81236877967e-23
7.10923347008e-15
2.57851576841e-44
6.37075973642e-06
0.0
0.0
3.76903156926e-16
0.0
0.0
0.0
6.21794585649e-10
2.25024212587e-05
0.0
0.0
1.0172587817e-15
0.0
0.0
4.94386361374e-16
3.65925485917e-11
1.24514440051e-12
0.0
0.0
1.24290418435e-09
1.15184050228e-37
0.0
7.09448331715e-13
0.0
3.66939132728e-11
0.000513494803222
0.0
0.0
0.0
9.64169112928e-18
0.0
2.74867864329e-07
0.0
8.68430574998e-08
0.000513494803222
1.24514440051e-12
0.000513494803222
2.25024212587e-05
0.0
6.39671566601e-08
0.0
0.0
0.0
2.71428766969e-17
0.0
0.0
2.25024212587e-05
2.04503393828e-26
2.06081579106e-12
2.25024212587e-05
0.0
4.92076913379e-06
1.60315235084e-05
7.5839825662e-18
0.0
0.0
1.60315235084e-05
9.17085615589e-14
1.43897778613e-19
0.0
0.0
0.0
2.25024212587e-05
0.0
2.18303520129e-10
1.49230997352e-16
1.60315235084e-05
0.0
2.72572356636e-09
1.88128571157e-28
2.4008217733e-29
0.0
0.0
6.23694759797e-22
0.0
2.25024212587e-05
2.25024212587e-05
1.60315235084e-05
1.0633801942e-10
0.0
0.0
0.0
0.000381653646738
7.80238069391e-15
6.09218533855e-17
2.25024212587e-05
1.60315235084e-05
1.15163237671e-16
2.25024212587e-05
9.56000231033e-17
1.57056483868e-27
7.80886260491e-17
3.15359600696e-08
0.0
0.0
0.0
0.0
7.7777816781e-07
1.72666052372e-19
3.6475563842e-20
0.0
3.55934829466e-09
0.0
0.0
0.0
7.18043845327e-14
4.42804355222e-10
8.46552209384e-11
0.0
0.0
0.0
1.82596866674e-21
0.0
6.37075973642e-06
0.0
0.0
8.00690447294e-09
1.21257729806e-13
0.0
0.0
2.10611518548e-05
2.25024212587e-05
0.0
0.0
0.0
0.000298758478883
6.26553305565e-11
2.25024212587e-05
0.0
1.10327561849e-05
3.73426193686e-20
0.0
0.0
0.0
0.0
0.0
0.0
0.0
6.68749159321e-23
0.0
0.0
1.03206909511e-32
0.0
6.37075973642e-06
0.0
0.0
0.0
0.0
1.60315235084e-05
0.0
5.54539100529e-33
5.5858240976e-25
1.60315235084e-05
0.0
2.25024212587e-05
0.0
0.0
0.0
2.25024212587e-05
0.0
0.0
0.0
1.49745823926e-16
0.0
0.0
2.0813417766e-09
0.0
0.0
4.85623246954e-33
6.21794585649e-10
0.0
1.32426258205e-06
0.0
0.0
0.0
0.0
2.0813417766e-09
0.0
0.0
1.11073933126e-11
0.0
0.000513494803222
3.38204002476e-13
1.01551532529e-09
9.44848078443e-18
2.00497042867e-13
0.0
6.37075973642e-06
0.0