500
8.58321151073e-09
1.46777147307e-06
4.37848350113e-06
5.7161940993e-10
2.68797261462e-17
9.67871566835e-12
2.51744535919e-06
0.00589072051396
0.01909688676
2.6817997916e-10
1.39013303182e-06
2.9935731091e-05
3.40758619327e-05
8.93088287762e-12
2.07284404365e-25
1.87745094608e-05
0.01909688676
7.22762449653e-21
4.85058972791e-08
4.82072512256e-08
3.25929638267e-13
3.42221575258e-06
0.0
6.84526782687e-22
0.0240895052735
4.00937169626e-09
7.46511236737e-05
5.42036481713e-09
2.3313723683e-09
7.3113375091e-15
0.0117009826391
1.19938495856e-05
0.01909688676
0.0281485903111
6.57090484612e-12
0.000557164172219
1.51581976581e-06
5.88458734412e-11
5.71684907996e-13
4.05198862314e-13
7.28886774601e-13
3.39582260542e-06
5.05978021106e-06
3.22992709533e-11
0.00310536885891
0.0123081090968
9.55778534388e-16
1.51636740609e-10
1.75019333805e-10
4.01176881252e-20
0.000804991115562
0.00407520484811
4.26300184642e-09
9.7497270614e-06
0.0
3.02740786082e-12
2.2377622601e-14
2.0449875233e-10
0.0281485903111
0.000354861255837
0.000447141120512
0.00296481756385
0.0240895052735
6.44952626994e-07
8.74825331881e-32
1.01848769409e-05
0.0117416127799
5.2561156908e-09
8.53871410363e-09
1.77000348126e-17
2.10112202875e-06
0.0240895052735
9.98449150991e-06
1.46550316878e-12
7.21266612098e-18
0.0240895052735
0.0123081090968
5.16082784006e-20
5.27706278168e-06
4.0206257977e-08
2.00810075004e-05
0.000699992327878
0.00181385531943
6.68509700004e-27
1.31816515733e-58
6.55855503899e-13
4.45871697442e-12
4.29276641404e-12
0.00220483144211
0.000302016713375
8.4289689307e-06
3.34636154215e-13
0.000519148777963
7.99913290161e-14
1.44872741948e-13
2.37918341935e-06
4.79595650672e-08
0.01909688676
4.32863426904e-23
3.4346151607e-10
0.0281485903111
0.00260509897638
0.01909688676
6.58795299155e-10
9.28390427811e-11
0.0281485903111
2.89701616009e-05
0.0117009826391
5.25232208725e-05
1.55790948451e-10
3.61699267711e-08
0.0117416127799
8.51116789577e-12
0.0117009826391
0.0240895052735
1.4204262961e-06
3.63041696233e-12
6.54933742666e-05
5.59784362702e-06
0.00376753785145
1.96405425095e-08
6.76828353578e-12
1.12466400385e-24
2.76357094995e-13
1.9463925553e-06
3.74613894776e-27
8.83401925755e-12
5.51745037833e-07
3.76523293618e-10
0.000289364643984
1.37892361452e-10
0.0117009826391
4.90012722993e-05
1.40869673136e-06
0.00244869166463
2.49003253637e-10
9.34169532588e-28
8.80327165267e-19
8.63499950984e-09
6.59911846952e-11
2.33064801218e-06
8.20214005297e-12
0.00165962804796
2.36285257821e-16
8.27830556875e-09
0.000739218084231
1.28888390141e-07
1.18411805568e-14
4.63322335124e-06
0.0281485903111
2.39789181978e-11
3.11647711881e-16
0.000179068552687
2.0097662448e-09
2.16052084554e-07
3.6571484155e-17
2.57422027778e-08
3.41990913386e-12
8.69029961986e-17
0.0281485903111
8.4966748212e-06
0.000737016320794
2.92379587295e-05
1.64474583032e-08
0.01909688676
1.33104451517e-08
0.01909688676
0.0281485903111
2.27570657332e-13
5.10099274635e-11
2.05612622652e-15
0.000198960012544
3.83286068751e-06
4.46451923574e-13
1.63817302006e-06
2.59104700597e-15
0.0240895052735
1.78582770249e-07
0.0281485903111
9.5953836862e-05
0.0281485903111
0.0111564818614
5.75538898505e-05
1.09868014517e-19
2.42626646875e-07
1.42656034145e-22
5.54595433686e-06
6.19578830485e-24
8.14186202697e-06
3.40080601881e-16
9.62538351276e-05
5.41139182712e-13
3.87120543815e-05
0.01909688676
0.00022631447179
1.83440906635e-11
8.31622349476e-05
3.34935613147e-07
2.70176662502e-06
3.7138684117e-29
5.01513803109e-10
0.0281485903111
6.43409694493e-05
0.0117416127799
8.38913291943e-07
2.02636951548e-06
1.57096628683e-05
0.00143257762348
1.13298749771e-05
9.59976379331e-09
9.55717799051e-06
1.82626185769e-05
3.09750342187e-05
4.69923026769e-07
3.19444429033e-11
1.54832075455e-17
2.54211677373e-09
5.11216230548e-39
1.38032594526e-28
5.77188788776e-06
6.17017577849e-06
5.00115563748e-18
2.0021924341e-09
0.000448969357931
8.62930795312e-11
1.62452870494e-08
1.16418050533e-06
4.40779748898e-06
3.83453758787e-10
1.59023450545e-06
1.47046048305e-19
1.47051007552e-07
6.16852600231e-05
7.80820888419e-08
0.00313109967049
3.1069596469e-19
7.73088779419e-05
2.10150560639e-08
2.2615936152e-06
3.50392583236e-09
1.28227523996e-05
3.07909789555e-05
6.35954604093e-05
1.30628093621e-08
1.16049872117e-12
0.0240895052735
1.88759509448e-30
2.75869869385e-06
1.30597972195e-06
6.99767000796e-22
0.001256387622
0.0281485903111
9.34487626753e-06
0.0123081090968
7.36008568528e-10
4.60661612146e-10
7.13482543515e-11
1.26365507603e-12
3.06236451963e-10
3.09815453404e-16
2.19850662189e-15
6.75180267923e-05
4.59685320866e-16
9.15439164285e-09
1.03936303949e-07
4.39410391499e-22
2.97732327535e-21
9.63247057941e-23
6.04892856438e-11
0.0281485903111
5.34236381013e-12
9.80485187981e-08
1.71357571947e-10
1.3415724818e-09
4.81136576568e-05
4.34150804263e-13
4.74687333248e-05
3.35915425365e-09
0.00310536885891
3.2428299475e-09
0.000395433398706
5.6192130409e-08
0.0014450897759
4.31701565456e-15
8.21949451026e-07
0.000116290883906
3.94700082619e-21
6.79431408422e-05
5.71929332565e-10
4.39241751682e-08
2.15620645269e-08
0.00022631447179
3.53250619553e-08
8.51376102341e-12
5.87075797641e-05
0.01909688676
5.53075776464e-21
7.78343537518e-08
3.96757937356e-06
0.00376753785145
1.28742131029e-18
9.45192902209e-07
1.12354580827e-26
7.25559345946e-25
2.33637137683e-05
0.0025212096007
4.79207368355e-14
2.79253573759e-24
1.81700291638e-05
0.0281485903111
2.36899513924e-10
5.81139410675e-06
0.0014450897759
0.00156611377355
6.94058009925e-05
0.00244869166463
1.91891278782e-20
2.12083444571e-15
0.00589072051396
0.000265241532643
6.04090487588e-08
1.49387554038e-10
2.01697497835e-06
0.00399644960359
2.95924307372e-15
8.37350931027e-06
1.41006136856e-48
5.63463024865e-09
0.0240895052735
0.000395433398706
1.23672502187e-09
0.000115745283812
2.58189825546e-12
2.53344804979e-05
0.0240895052735
7.72543187678e-08
8.61827210735e-05
1.94804724326e-05
0.0240895052735
3.18041313851e-07
0.00208935629057
0.0240895052735
9.49834806232e-06
0.0117009826391
0.000378339375921
1.5396212157e-17
0.0240895052735
0.000242288672039
0.00165962804796
0.0117009826391
0.0240895052735
0.0240895052735
3.41814905768e-06
1.37783975489e-19
0.0281485903111
1.42475918565e-14
0.0117009826391
1.8987634907e-10
0.0281485903111
3.69625955219e-20
2.07805085999e-05
1.08227577198e-13
2.47698664895e-10
2.79455993437e-05
3.50874483088e-16
2.50122603123e-06
8.95246334126e-06
5.80419758563e-05
0.00013370797803
1.26862348975e-40
8.93150328887e-05
1.92471247373e-09
2.04535307467e-07
0.0281485903111
0.0281485903111
3.26559395559e-07
0.000694759884212
0.0281485903111
4.40158485427e-17
0.0117009826391
5.16892068556e-06
1.95747034836e-10
1.02822750976e-12
3.13938893604e-16
3.06745464213e-13
1.38142532645e-05
2.77943703031e-06
4.2776151516e-09
3.60073785557e-21
0.00589072051396
0.01909688676
3.42572406112e-05
2.06508757921e-21
0.0240895052735
0.00138997788877
0.000198840103044
5.30236021122e-28
1.64365947261e-13
8.68909715212e-17
2.08578749505e-07
6.82182525898e-11
2.30262494708e-11
0.0123081090968
1.76636870732e-08
0.001256387622
3.70882252568e-10
1.09971063621e-16
9.22582585917e-19
0.00407520484811
2.15810028896e-07
0.0111564818614
3.20147672921e-09
1.52445649738e-14
4.17738887193e-06
3.23230524493e-16
6.87538976652e-07
0.0281485903111
3.29577379541e-18
3.177364077e-05
0.0240895052735
0.00235849557764
1.45434099634e-13
0.0240895052735
3.61467398559e-14
0.0240895052735
6.37059646203e-07
0.0117009826391
0.0281485903111
5.89193116892e-05
0.000119368774156
1.02630620988e-09
0.0123081090968
2.90423511734e-05
1.26711077302e-06
3.89707409263e-11
0.00457727779782
4.28815304194e-05
1.69668523053e-05
5.11702596203e-05
1.94345086929e-13
5.77041321186e-17
0.0117009826391
1.02410534674e-11
3.50441759603e-11
0.000265241532643
0.00399644960359
0.00589072051396
0.00589072051396
1.68299142292e-15
0.000415712451424
4.36293628037e-08
0.0281485903111
0.0240895052735
2.54021601745e-11
0.0
9.04799771618e-10
0.001256387622
2.0499614553e-10
0.0117416127799
8.24006001774e-16
1.50485374516e-16
2.0277452846e-13
1.49067840122e-05
6.23993120883e-17
0.0012287117844
0.000250038908137
0.0117416127799
1.19543208579e-06
5.18620927488e-05
9.09819403036e-14
3.96730494222e-27
0.0123081090968
0.000242288672039
5.22949490664e-15
5.62557040745e-08
4.05526634633e-23
0.000115035338423
1.03921365703e-05
0.00027509105168
4.64198858908e-11
0.00429007092572
1.95737277412e-07
0.0117009826391
0.0240895052735
0.00165962804796
0.0240895052735
9.67988727252e-07
1.9215582181e-12
0.0117009826391
2.63261844584e-06
1.6352441093e-07
3.28018198835e-07
0.0034763952156
1.16105805011e-15
3.18714503748e-06
0.00091623427719
0.0
0.0123081090968
0.0
2.78032083048e-10