500
0.0193537788299
0.000264638900389
1.12422944729e-05
0.000296532282613
0.00231746948791
0.00611394787874
0.00231746948791
0.0
0.0307169298833
4.36282701423e-05
0.0307169298833
0.0193537788299
0.0307169298833
0.0193537788299
0.000795857786831
0.0307169298833
0.0307169298833
0.0193537788299
0.0193537788299
0.00231746948791
0.0307169298833
0.0193537788299
0.0307169298833
0.0307169298833
0.000264638900389
0.00670921993952
0.00269730983185
0.0
0.0307169298833
1.68801057007e-06
1.16177119433e-05
0.00192289570799
0.0307169298833
0.0307169298833
0.0
0.00200236965652
0.000156065205469
0.0193537788299
1.50311530949e-05
4.15278856313e-06
0.0
0.0307169298833
0.0307169298833
0.0307169298833
3.0651459169e-05
0.000264638900389
0.000726501228512
0.0307169298833
0.000334360204932
0.0307169298833
0.00611394787874
0.0193537788299
0.0307169298833
0.00611394787874
0.0193537788299
0.000113037396339
0.0307169298833
0.0307169298833
7.34622790145e-05
7.06207112706e-05
0.00269730983185
0.00231746948791
0.000892019370359
0.0193537788299
0.00269730983185
0.0193537788299
0.0307169298833
0.000945383390855
7.96481874954e-05
0.000305011846661
0.00269730983185
0.0193537788299
0.0193537788299
3.23139474416e-06
0.0307169298833
3.14840944312e-06
0.0307169298833
0.0307169298833
8.06673439254e-05
7.34622790145e-05
0.0193537788299
0.0307169298833
1.15250458009e-06
0.0307169298833
0.0193537788299
0.0307169298833
0.0307169298833
0.00611394787874
0.00219364114733
6.08085688458e-07
0.000726501228512
0.000135389356855
0.0307169298833
2.42412480237e-05
0.000255086070507
4.64711523266e-09
0.00200236965652
0.00269730983185
0.000113037396339
0.00200236965652
0.0307169298833
0.0307169298833
0.0193537788299
0.0
0.000795857786831
0.0193537788299
0.00200236965652
0.0193537788299
0.0193537788299
0.000795857786831
0.0193537788299
0.0307169298833
0.0193537788299
1.0743136078e-05
0.000892019370359
0.0307169298833
0.0193537788299
0.00219364114733
0.0307169298833
0.000892019370359
0.0307169298833
0.0193537788299
0.0193537788299
0.0307169298833
0.000767238608719
0.000892019370359
0.0193537788299
0.0193537788299
0.0
8.39923626372e-05
0.00269730983185
0.0307169298833
0.0307169298833
0.0307169298833
0.0193537788299
4.51057258409e-05
0.0307169298833
0.0307169298833
0.0307169298833
0.0307169298833
0.0193537788299
0.00192289570799
0.000945383390855
0.00611394787874
0.0193537788299
0.00192289570799
0.00670921993952
0.000892019370359
0.0307169298833
0.00231746948791
0.0193537788299
1.56445057057e-07
0.0307169298833
0.0307169298833
5.8807786579e-05
3.29010605451e-05
0.0307169298833
0.0193537788299
0.000945383390855
0.00219364114733
0.00163641024029
1.9566240147e-06
0.00219364114733
0.0193537788299
0.00269730983185
0.0193537788299
3.95797669211e-09
0.0307169298833
7.34622790145e-05
0.00231746948791
0.0193537788299
0.0193537788299
0.00200236965652
0.00192289570799
0.000767238608719
0.000637329808418
0.00611394787874
0.0193537788299
0.00269730983185
0.00231746948791
0.00231746948791
0.00163641024029
0.000892019370359
0.0
0.0193537788299
0.00200236965652
0.0307169298833
0.0307169298833
0.000663519334252
0.0307169298833
0.0193537788299
0.0193537788299
0.0307169298833
0.0307169298833
0.0307169298833
0.0
0.000945383390855
0.00231746948791
0.0193537788299
0.0193537788299
0.0307169298833
0.0193537788299
0.0307169298833
0.0307169298833
0.00231746948791
0.0307169298833
0.0193537788299
0.00611394787874
0.000892019370359
0.0307169298833
0.0
0.0193537788299
4.0172948704e-06
0.00219364114733
0.0193537788299
0.0193537788299
9.13878865726e-06
0.00200236965652
0.0193537788299
0.00670921993952
0.00269730983185
0.000767238608719
0.0307169298833
0.0307169298833
0.0193537788299
0.00011640444056
0.0307169298833
1.0174258974e-05
0.0193537788299
0.00670921993952
0.00269730983185
0.0193537788299
0.00269730983185
2.47129623207e-05
0.00231746948791
0.0193537788299
0.00269730983185
0.00670921993952
0.0307169298833
0.0307169298833
0.0
1.95964873849e-05
0.0307169298833
0.00192289570799
0.0193537788299
0.000255143517825
0.000892019370359
2.93660135106e-05
0.0307169298833
0.00670921993952
0.0307169298833
0.0307169298833
0.0307169298833
4.51057258409e-05
0.0
2.6879035456e-05
3.22369746305e-05
0.00611394787874
0.00231746948791
0.0193537788299
0.0193537788299
0.000767238608719
0.0307169298833
0.0307169298833
1.66878638499e-06
1.45388639684e-05
0.000892019370359
0.0
0.0193537788299
0.0307169298833
0.00231746948791
0.0307169298833
0.0
1.81266393915e-05
0.00269730983185
0.0307169298833
4.40028587916e-06
0.0307169298833
0.00670921993952
0.0307169298833
0.000795857786831
0.00670921993952
0.0307169298833
0.0307169298833
0.00611394787874
0.00611394787874
0.00192289570799
0.0193537788299
0.00269730983185
0.0307169298833
0.0307169298833
0.00670921993952
0.00010463122257
0.00670921993952
0.000795857786831
0.0193537788299
0.0307169298833
0.00200236965652
0.0193537788299
0.0307169298833
1.88980958632e-07
2.03055175475e-05
0.0193537788299
0.00611394787874
0.0307169298833
0.0307169298833
0.0307169298833
0.000892019370359
0.0307169298833
0.0
0.0307169298833
0.0307169298833
0.000767238608719
0.0193537788299
0.0
0.0307169298833
0.0193537788299
0.0307169298833
0.00611394787874
0.0193537788299
0.000107768600742
1.19052609204e-06
0.0307169298833
7.96481874954e-05
0.0307169298833
0.0307169298833
0.0307169298833
0.0307169298833
0.00231746948791
0.00231746948791
1.20099452062e-05
0.00200236965652
3.22369746305e-05
0.0307169298833
0.0307169298833
0.0307169298833
0.0193537788299
0.000663519334252
0.00200236965652
1.2550683149e-05
0.0307169298833
0.00269730983185
0.0307169298833
0.0307169298833
0.00231746948791
0.000296532282613
0.0307169298833
0.0307169298833
0.00219364114733
0.0307169298833
0.0307169298833
0.00269730983185
0.0193537788299
0.0193537788299
4.67565094504e-06
0.0
0.00670921993952
0.0307169298833
0.0193537788299
0.0307169298833
0.0
0.0307169298833
0.00200236965652
0.000255143517825
0.0307169298833
0.0307169298833
0.0307169298833
0.00200236965652
0.0307169298833
0.0307169298833
4.29239880236e-06
0.0307169298833
0.00670921993952
0.00269730983185
0.0307169298833
0.0193537788299
0.0193537788299
0.0307169298833
0.00611394787874
0.0307169298833
0.0193537788299
0.0307169298833
0.00611394787874
0.00670921993952
0.000892019370359
0.0307169298833
0.00200236965652
0.000663519334252
0.0193537788299
0.000100635470435
0.00269730983185
0.00670921993952
0.0307169298833
2.42412480237e-05
0.00200236965652
0.0307169298833
0.000296532282613
0.00269730983185
0.0307169298833
0.0307169298833
0.00163641024029
0.0307169298833
4.1619400367e-06
0.0193537788299
0.0193537788299
0.000255086070507
0.0193537788299
0.0193537788299
5.90946229223e-07
0.00269730983185
5.87080200092e-06
0.0307169298833
0.00231746948791
0.0193537788299
0.0307169298833
0.0193537788299
7.63232471487e-06
0.0193537788299
2.79866902625e-05
0.0
0.00611394787874
0.0307169298833
0.00200236965652
0.0193537788299
0.0193537788299
0.0307169298833
0.00611394787874
0.00269730983185
0.00200236965652
0.0307169298833
0.0307169298833
0.00611394787874
0.00192289570799
0.0307169298833
0.000212022143878
0.0307169298833
0.0193537788299
0.00269730983185
0.0307169298833
0.0193537788299
0.0
0.0307169298833
0.0307169298833
0.00192289570799
0.0307169298833
0.0193537788299
0.0307169298833
0.0307169298833
0.0193537788299
0.0307169298833
0.00269730983185
3.21121307202e-05
0.00611394787874
0.000767238608719
3.01808315737e-06
0.000255143517825
0.0193537788299
0.0307169298833
0.00192289570799
0.000111329893668
0.0307169298833
0.00670921993952
0.0307169298833
0.0193537788299
0.00611394787874
0.00611394787874
0.00611394787874
0.0193537788299
0.0193537788299
0.0193537788299
0.0
0.00611394787874
0.0193537788299
0.0307169298833
0.0193537788299
0.00611394787874
0.0307169298833
0.0193537788299
0.0307169298833
0.000542823257574
0.0307169298833
0.0193537788299
0.00611394787874
5.8807786579e-05
0.00219364114733
0.00231746948791
1.3526088087e-06
0.000945383390855
0.0307169298833
0.0307169298833
0.000255143517825
0.0307169298833
0.0307169298833
0.0307169298833
0.0193537788299
0.00670921993952
0.000767238608719
0.00269730983185
0.00231746948791
0.0