500
8.00319901343e-07
2.43508268901e-06
3.79858557573e-21
1.26158164484e-07
5.07164786528e-09
2.31663457658e-07
7.38794187413e-15
6.45715937356e-40
1.47432778914e-27
2.96274054442e-06
5.06390089394e-08
1.91630750576e-05
7.60169444535e-18
5.54774335866e-06
8.70762342847e-18
4.53055684806e-07
2.10088058053e-34
0.000138032096193
2.02364566295e-08
0.00069600986688
1.38736837903e-17
4.97087545337e-09
0.000257597973109
0.000273082447102
1.40239624973e-06
1.77581347814e-07
0.0144782809612
0.000257597973109
2.00969378826e-22
0.00476063990955
0.000565896134457
1.18028780198e-07
4.21971658893e-08
0.000273082447102
4.89150753279e-16
4.22117857536e-07
9.84927621513e-06
0.000257597973109
0.00361742684083
5.86971955884e-05
6.50947707148e-13
0.00458926179746
2.32500031407e-10
0.000119290543314
1.00076132332e-10
3.88002868489e-25
0.00361742684083
1.88507514815e-09
2.42920701492e-07
0.000257597973109
5.9085935547e-21
5.23723437525e-28
0.00175996748824
6.22028310643e-09
4.1763946725e-12
0.00046375363438
0.0033570578075
6.76774285205e-15
2.69946919157e-05
3.13055440446e-05
5.68483874352e-09
4.51049966554e-17
2.29519708317e-10
7.32283850276e-07
2.70364194922e-06
3.05058181779e-31
2.8509738573e-10
8.76615158058e-05
7.38333167434e-29
4.96023013046e-06
2.21370346934e-21
0.000119290543314
3.13055440446e-05
9.10539396994e-35
0.00175996748824
1.31842945238e-19
4.30535160507e-07
2.59088210334e-22
5.86971955884e-05
4.17012028363e-13
6.06007881769e-10
1.08382619548e-18
0.00144468158193
4.01734969605e-10
1.2602728832e-10
3.96718484732e-18
0.00361742684083
2.80209785438e-05
4.04976979609e-20
0.000683787892268
2.3618523419e-06
6.08364619324e-08
1.06086321775e-18
0.00476063990955
2.19309166919e-15
4.87059706106e-05
0.00308139273244
4.07781251345e-05
9.74094821447e-07
2.66775855606e-07
6.04194725699e-23
2.04589884918e-06
1.79273554924e-08
0.00175996748824
3.17818574201e-09
0.00100385426872
8.05200282031e-29
0.0033570578075
1.30917142525e-11
0.00361742684083
8.47263409501e-06
2.95365542828e-11
1.50405729979e-14
2.96659190547e-11
2.24420823473e-07
0.00175996748824
2.25490197229e-05
1.09760120044e-07
1.44957615233e-05
8.39208201821e-06
1.65505752645e-06
0.00144468158193
9.16420123792e-08
1.22964258392e-06
1.98131921549e-07
9.55072545805e-07
6.9681670197e-06
4.36024920767e-24
0.0033570578075
7.0924531742e-06
4.98353674841e-07
5.21711834688e-06
5.7822497654e-18
2.59829659168e-26
2.88651751524e-13
7.13088412648e-07
3.15030463183e-05
4.23844065332e-10
5.72091149755e-19
7.7742562596e-11
7.75075302097e-07
3.31902045787e-05
1.89871602095e-07
6.3142571352e-06
3.90945663967e-10
5.84947857701e-07
3.31233664167e-09
0.000262373750517
1.86730880045e-12
4.42324527853e-08
2.3162719823e-19
5.62674508096e-20
1.74686856007e-21
4.95806422805e-12
2.32736522397e-06
2.19266755852e-06
2.89299446592e-11
3.2222243887e-07
1.25304512813e-16
5.86971955884e-05
4.29803654462e-11
0.000123155360151
9.84927621513e-06
9.2345491698e-09
8.31491930294e-08
3.5680803255e-09
8.83412515908e-08
3.28176293488e-08
4.30293654551e-20
0.00013529939739
0.0033570578075
7.26119023207e-09
1.53829098896e-18
5.10855946878e-08
2.96274054442e-06
2.84489073713e-08
8.92431045842e-05
8.4149043446e-13
6.16838351094e-10
4.71682653615e-15
0.000257597973109
0.00458926179746
1.31410589064e-09
1.14356324668e-06
0.000260400620372
4.93991903436e-12
2.23301247717e-16
4.44903428787e-14
7.11751210448e-07
1.76284222777e-08
7.05000920005e-07
1.51903196336e-21
6.69812795192e-19
4.44653475261e-06
1.19646099971e-08
9.2825944607e-06
1.37525339557e-15
1.20864735766e-06
4.81464334188e-07
0.000683787892268
7.15348601865e-09
1.35856716116e-15
2.96274054442e-06
9.52733657474e-15
8.33477799805e-24
0.00100385426872
1.21631603885e-05
9.2412022508e-15
4.44653475261e-06
0.000118091941649
9.12851866267e-06
0.00458926179746
1.9233613533e-09
5.43063838737e-17
0.00458926179746
3.01523490303e-10
0.0033570578075
9.00154973487e-10
0.00361742684083
8.38802161282e-13
1.0247557063e-07
3.15030463183e-05
0.00458926179746
6.492127792e-22
0.00308139273244
3.84027751252e-08
0.00100385426872
1.47945330946e-07
6.94220591344e-22
0.000257597973109
1.26159725351e-08
1.30371885391e-07
0.00144468158193
1.59162495841e-12
3.48092023755e-07
4.43758506152e-05
3.28087901819e-27
0.00175996748824
0.00361742684083
0.00013529939739
8.00004264204e-09
4.83035256585e-07
6.71582993713e-21
1.79474445527e-05
0.00069600986688
0.000141536646815
0.000244748816563
5.52281867766e-11
2.31572963833e-08
8.73813399773e-08
5.13610968885e-12
0.00030161411882
5.73321455689e-05
6.83274310287e-07
5.40299280537e-05
4.07793140869e-08
0.00046375363438
6.0955368974e-11
1.46708426142e-13
1.12269900472e-06
8.27525036334e-25
4.78495289581e-09
0.000424415660751
1.55799082304e-11
3.41732307294e-19
1.62900791848e-22
2.68289229136e-17
3.99102706781e-13
1.21631603885e-05
2.50053371926e-13
1.79474445527e-05
4.98353674841e-07
0.000260400620372
0.00046375363438
7.65781111381e-05
9.61536463299e-13
0.000329399456014
2.39444871794e-07
4.30420837482e-06
1.58210295941e-23
3.32100264053e-13
0.000712624367749
3.4944741972e-13
0.00100385426872
5.32813676734e-10
2.84852284879e-15
2.88055234112e-11
0.00226025392123
1.27526922744e-39
0.00361742684083
8.98292489863e-13
6.72703633827e-18
8.99227408233e-19
0.00361742684083
3.33874682734e-09
2.43357258626e-17
2.10745080595e-07
8.20417288805e-14
2.43640734501e-06
0.00308139273244
6.51401154599e-12
4.5563186215e-16
5.77012524997e-06
2.77974498833e-09
9.35064143709e-15
1.21075199681e-06
0.000257597973109
2.28807572898e-10
0.000402419611217
3.42178830625e-17
2.93086958067e-29
6.40521252332e-06
0.000141536646815
0.000257597973109
6.17645570866e-09
5.4792372817e-06
3.42783083593e-05
4.80499965109e-17
0.000138032096193
8.88763374924e-13
0.00175996748824
5.7080717446e-38
0.00046375363438
6.6293704451e-12
4.47748913027e-08
0.000683787892268
4.87514908282e-10
4.51836103639e-06
2.43508268901e-06
4.60776742343e-06
1.13089481618e-08
4.80996083935e-14
8.04931148425e-40
0.00458926179746
8.41871754046e-22
0.000276498923895
1.2840492961e-22
1.31690329578e-12
6.9681670197e-06
9.06218176266e-11
2.00765339323e-13
3.58609318837e-10
0.000118091941649
1.706613485e-07
7.25258359311e-21
0.00046375363438
2.91219408838e-06
2.32736522397e-06
1.25523103316e-06
0.00069600986688
0.00361742684083
0.00361742684083
5.2287110495e-06
6.21478074959e-12
2.4993253582e-12
7.48530496449e-11
0.00175996748824
3.04248793373e-07
8.11592343704e-07
3.48092023755e-07
2.54673145055e-07
0.00361742684083
8.89651752664e-05
0.00476063990955
2.15527638107e-07
9.97571982436e-06
3.00670922931e-08
2.91365866042e-23
2.75547600588e-08
7.0305588559e-12
2.45115027226e-18
2.80209785438e-05
5.11072803358e-11
1.11585387678e-12
1.75334151431e-23
6.08960454163e-09
0.00100385426872
3.57925336266e-15
0.00308139273244
4.05377676371e-08
3.70611629094e-25
3.48092023755e-07
1.01293686351e-12
7.25623387943e-12
0.00458926179746
3.81394622357e-06
1.58545030628e-12
3.51192606592e-05
1.99309917909e-11
8.41076409535e-06
1.22184706434e-07
1.92356259033e-12
1.6619452506e-16
0.00458926179746
0.000205978545804
0.00047015964644
0.0033570578075
0.00361742684083
9.42822548787e-13
2.9715712706e-10
1.31103350487e-32
2.0557532568e-40
8.41647656784e-15
0.000560847106647
4.83035256585e-07
2.06662729346e-07
1.19542109111e-10
1.84819717292e-08
1.46245052909e-15
3.05601035168e-12
9.2128594671e-13
5.88520385597e-18
3.62820892095e-07
0.00100385426872
3.97097699815e-23
8.80031679878e-30
8.73813399773e-08
5.21615679685e-14
3.01139538685e-17
9.1943017066e-07
0.00144468158193
0.00458926179746
0.0033570578075
8.89651752664e-05
6.73790002047e-11
0.000121531557269
5.60035130313e-07
4.28232097473e-12
0.00175996748824
5.4315848582e-23
2.10475281579e-05
1.66203517467e-11
5.73321455689e-05
3.53886638423e-07
6.13204307392e-14
7.13990066901e-11
6.22737273469e-07
8.80938158951e-05
4.42048427409e-09
5.0113353937e-07
9.2783069658e-12
4.37723093655e-18
1.88004968492e-07
1.02771802872e-14
3.06813059615e-16
6.40904911518e-07
6.01768336878e-11
1.00754341246e-12
4.92866426447e-18
4.17110484314e-12
3.37248064874e-08
1.91112944773e-13
1.29983386058e-31
2.14049926619e-16
0.0033570578075
3.52447802759e-12
4.85361636442e-12
0.00458926179746
2.33439330795e-05
1.25625648353e-18
5.70169219996e-10
1.04040971046e-10
3.0230888704e-26
8.99526659017e-33
0.000205978545804
2.1355153681e-12
1.28325420257e-16
0.000565896134457
7.62785336474e-16
8.34024728315e-12
1.18880709197e-07
6.56635800548e-09
3.85730147719e-05
1.10463912929e-18
4.92299879362e-12
4.49397074493e-05
1.57839553538e-07
4.8287958042e-30
8.76615158058e-05
1.83052352098e-19
1.0639182409e-23
3.18902744654e-27
2.14252346718e-34
4.55370135725e-19
0.0033570578075
6.24252713986e-07
7.56494046995e-06
6.31088159649e-08
0.00175996748824
3.65113210148e-13
1.35099089575e-12
5.57820457574e-06
6.24540264818e-07
0.00308139273244
0.00216820432441
1.87830836813e-10
9.32026074295e-52
2.15987182833e-08
8.71942667068e-19
6.64025021955e-24