500
4.70824980714e-08
0.0
0.000977703319117
2.41124853871e-33
3.90837732907e-06
1.69099998277e-05
5.43741268002e-05
0.00175908949765
0.00673803677602
4.89905494083e-08
0.0
3.37971658996e-06
7.65577287116e-06
3.17934705193e-07
2.43332382148e-26
0.000419879394341
1.02244877766e-29
1.38279723373e-06
7.66611433684e-11
4.33784582862e-20
1.77467517754e-11
7.26376606778e-05
0.000854019122169
9.08308419432e-08
0.000203981763364
1.17424705668e-21
8.2260927574e-07
0.00236335587588
6.27764818049e-06
0.00160245964362
7.52020821347e-23
0.0
0.00175908949765
4.40362601008e-14
0.0
0.000101258365919
3.5266821363e-08
2.42033758403e-25
8.77954425264e-13
1.52095138776e-14
1.54315265666e-05
7.07647237472e-08
6.91472082584e-05
2.49498213356e-15
4.65321088203e-09
2.86148113746e-12
8.00340984684e-05
0.000124553681676
1.5063514396e-05
1.10081189617e-05
8.79678967834e-17
0.0
5.81057293473e-07
0.0
4.73315851508e-06
2.71608731324e-09
0.00673803677602
9.3656011189e-10
0.00673803677602
0.0
4.09949062046e-12
1.73791372391e-07
0.0
0.0
8.53316038491e-06
3.85400792167e-21
0.000170519128166
5.839501495e-19
3.67117864511e-12
2.18896515303e-09
1.70370217636e-09
6.5052825987e-07
0.000977703319117
0.00236335587588
0.000130186507743
1.31745508092e-07
1.12432868227e-06
3.62794328146e-19
2.0565613921e-10
0.0
0.0
2.62672197816e-08
1.74917290377e-05
2.24391391243e-05
4.59844933608e-14
3.29743186583e-07
0.00411341181994
0.000977703319117
1.10209362209e-11
0.000423051035781
2.84395258568e-10
0.00673803677602
5.25013313298e-07
1.06316650061e-08
1.50481059401e-09
0.000311877515434
4.47988613697e-08
8.46476731311e-06
5.492087502e-07
8.43626275173e-09
1.00204165219e-09
0.0
4.93237379169e-06
0.00010107719033
4.87900572759e-15
0.000626711314453
8.77997749654e-05
0.0
6.8469986211e-08
1.96696071943e-11
3.63990932964e-10
6.79356426329e-09
6.90046981095e-05
0.000423051035781
1.16611060971e-06
1.03905379462e-16
1.29087486005e-10
3.30882777954e-13
5.4899849173e-16
1.75033998171e-11
1.48570897996e-07
0.00673803677602
8.06304721317e-13
8.09404992677e-08
0.00117900702303
3.40668333259e-33
2.07492806889e-07
3.96567240996e-10
1.56884782318e-14
1.9943113467e-18
6.03398463511e-17
5.94227808653e-10
8.37408805758e-14
1.04918549556e-14
1.22728173945e-07
3.60252216396e-14
2.52853992384e-20
0.00673803677602
0.00673803677602
8.64602508506e-05
2.11064173355e-05
1.96492575954e-17
0.000509320216281
6.64804065375e-18
0.000170519128166
5.09826966338e-05
0.0
4.01009795656e-06
0.00126494091701
1.0549678982e-05
0.000419879394341
0.00160245964362
9.90340169487e-15
8.61181843282e-05
8.08611844815e-05
2.18429957593e-05
4.01171162363e-05
5.97384050026e-10
3.38557344496e-21
0.000316651047067
0.0
0.0
5.17156993852e-06
0.00160245964362
0.00673803677602
0.0
6.30471885611e-10
5.35066595817e-10
1.05177748227e-05
1.57545300639e-07
2.5008648717e-09
6.98935024592e-06
4.64443929478e-06
0.000602697037077
3.45583043625e-21
1.07287664805e-20
8.02823236601e-12
1.29544488772e-11
0.0
0.00175908949765
8.04118303503e-06
2.08590301348e-07
0.00175908949765
0.0
1.18896870608e-08
4.94901403078e-17
3.5893346713e-05
5.49574602537e-19
1.77414285461e-07
0.0
2.93006910209e-18
8.48615147207e-11
0.000108544077976
0.00673803677602
1.54995902654e-12
1.30935654749e-10
0.00673803677602
0.00673803677602
0.0
0.000219884512185
0.00175908949765
0.0
1.00595947734e-05
7.37745731073e-05
3.1286844359e-20
7.28399741483e-07
0.00160245964362
4.93154763535e-16
0.000130186507743
2.06707533344e-24
1.55801571804e-09
3.29941465908e-14
0.000219884512185
0.0
3.55026008235e-06
0.00013156670122
0.0
0.0
6.67647644787e-17
0.000509320216281
3.34685377874e-10
0.00673803677602
1.24612637272e-06
3.01829337479e-14
1.02994183025e-05
0.000423051035781
2.33412948803e-21
6.61830589403e-10
0.0
2.73939132874e-11
0.000368017222543
0.000509320216281
6.88637220961e-13
0.0
6.01683511748e-09
3.99113531313e-06
9.99607510915e-11
0.0
2.54855130402e-13
4.87440024013e-05
0.00673803677602
1.51236417527e-07
7.78844896254e-19
1.18092776056e-08
0.00175908949765
1.96278882913e-32
0.000977703319117
0.0
8.48463449775e-07
0.0
4.10712273212e-16
1.30728483835e-10
0.000170519128166
0.0
1.88947808948e-05
5.50774347588e-08
1.7045759676e-09
1.49838228344e-12
1.83757135797e-11
1.28582700273e-05
0.00263886931262
4.08291634768e-05
6.73495833039e-06
1.68388306177e-08
0.00160245964362
0.00160245964362
5.78272828017e-05
2.37492136528e-11
0.000423051035781
1.54910851142e-05
0.000130877594949
0.0
0.00117900702303
6.65813207611e-12
1.45063911356e-05
1.19736307626e-18
0.00411341181994
0.00673803677602
1.3705042313e-09
0.00236335587588
6.2598731305e-15
8.41422898055e-17
8.17548576237e-21
0.0
0.000338062034653
0.00263886931262
6.57212488468e-06
1.298983187e-07
8.08789836785e-10
0.00673803677602
2.02343133194e-08
0.00411341181994
5.39916804237e-12
7.85625454617e-06
1.59784001008e-08
0.000311877515434
3.57535942127e-12
5.50767108866e-07
3.05961509716e-15
9.10771733842e-10
2.00045747599e-11
1.53075953411e-35
5.74273953592e-10
3.86986767614e-13
7.08448543452e-09
1.20909956507e-22
1.8115658287e-07
0.00175908949765
3.41805572016e-08
1.00218938964e-07
9.14375116448e-15
0.00236335587588
1.23776270608e-12
2.4155477303e-05
4.2521669754e-06
4.53476438509e-34
2.11914231143e-07
2.37041133072e-08
0.00175908949765
0.00673803677602
4.97191912627e-05
2.08839603435e-09
7.14916990441e-05
1.17391050069e-15
3.06065334215e-13
3.75937949994e-07
0.000225829119381
1.94600848636e-05
0.0
0.000423051035781
8.37230051944e-06
6.1775155689e-16
5.43743411986e-07
1.06290201634e-07
2.17669445052e-11
1.6245630637e-05
0.00411341181994
2.43634836186e-10
7.9841534091e-20
8.81294887435e-06
4.54003999935e-06
2.68557424437e-19
1.21663168439e-06
0.0
7.0936576525e-05
0.00411341181994
1.94600848636e-05
0.00411341181994
0.00673803677602
0.0
1.7915431471e-05
0.000100319640253
0.00160245964362
1.12846385549e-05
6.62563094893e-07
8.81886094081e-16
2.36892705004e-10
0.00673803677602
1.45122405752e-11
2.50596103143e-06
0.00673803677602
2.70681320965e-20
5.43741268002e-05
0.00117900702303
5.77223424046e-09
4.14474615457e-13
0.0
0.00117900702303
3.22577069549e-07
8.53129916669e-09
0.0
1.35475246556e-06
5.81771166948e-09
0.00673803677602
3.38087609169e-13
3.86149363222e-05
6.63698484187e-06
0.00117900702303
1.16536008712e-11
5.09826966338e-05
1.97646532884e-10
1.95172659279e-09
1.0125386574e-25
7.44926321438e-15
5.64835982966e-08
6.45209595142e-05
0.00673803677602
0.00673803677602
0.00117900702303
2.35008757448e-05
2.80835264521e-06
0.00160245964362
0.000118605955536
0.00263886931262
6.42326456319e-07
6.50448165704e-06
0.00673803677602
0.00117900702303
1.05406633186e-06
0.00673803677602
2.35835437444e-06
5.19146318813e-12
3.26367412749e-06
8.33340741431e-05
0.00160245964362
1.70266657788e-14
7.99782019905e-22
0.0
0.000252766293648
1.86780377105e-09
8.73623046598e-09
2.60619076213e-11
6.67534285509e-05
0.00160245964362
4.99397620823e-14
2.42091205156e-05
0.0
8.29244115016e-06
4.13963830633e-05
0.0
1.59403014298e-25
2.28878931577e-14
1.4302928724e-08
6.51567500637e-08
0.00236335587588
3.10996986074e-05
0.00160245964362
0.0
1.94855575442e-05
1.97756578839e-16
0.000143980108958
0.000321610219803
0.00673803677602
2.73142411728e-18
2.67590694852e-05
9.94120759706e-09
0.00126494091701
1.84301576273e-06
0.00673803677602
0.000208063310764
0.000311877515434
6.02430443213e-08
2.01753804719e-10
3.03731167422e-13
1.59070330845e-08
4.75963633617e-12
5.23959304271e-08
8.69089325281e-09
0.0
1.08226346721e-09
7.7014593595e-08
1.19557882816e-08
3.96036907652e-12
1.13437861103e-08
0.00236335587588
5.41456187584e-12
4.61822835439e-08
9.25187692064e-09
9.81333501613e-10
0.00117900702303
1.02021670013e-05
1.82884013717e-14
7.6930631504e-11
0.00117900702303
0.000118777346831
0.00673803677602
1.91276580626e-20
0.0
3.98987790811e-08
0.00673803677602
5.58661318524e-08
4.17339346073e-11
2.05789257554e-13
2.60074386483e-08
9.75780286257e-06
2.83851028409e-05
0.000613884342565
0.0
0.000338062034653
2.00996500174e-11
0.00175908949765
2.0245067432e-09
0.000854019122169
0.00010107719033
2.22069674084e-08
1.92295123717e-05
1.42858186361e-09
0.000613884342565
0.0
7.01745923396e-18
1.39115839002e-06
0.0
0.00411341181994
4.0807154398e-07
3.00356308588e-06
3.13656300761e-06
2.41017506531e-07
0.0
0.00236335587588
0.0