500
3.54151347648e-05
1.06404223015e-10
3.16606239318e-05
2.52182589652e-05
0.000898382528999
0.00349172389818
2.35448811632e-05
1.27913997286e-07
0.000345516584213
5.99059360816e-06
1.03527772862e-10
1.04068457781e-19
3.65514415126e-05
0.000347888356339
7.45062895667e-07
4.62114804879e-08
0.00349172389818
6.75214421813e-07
0.022111777235
0.000405895260144
0.00178239345021
0.000425407922404
4.10010643348e-08
0.022111777235
1.05638852596e-19
5.17715117692e-10
0.0125721581139
8.28696568666e-13
2.19163906873e-15
2.77609700145e-06
1.39974119345e-23
3.65514415126e-05
2.69948322468e-11
1.05236834936e-11
3.9121008559e-05
2.52070930991e-18
3.65514415126e-05
1.48243434156e-09
1.32027595724e-08
1.20139333604e-09
3.33150625689e-05
3.02745238143e-06
2.40775186532e-46
0.0
0.00178239345021
2.72747289711e-19
0.00349172389818
5.56764780751e-10
1.30216520841e-08
1.15550528465e-06
2.30017503593e-06
2.52182589652e-05
0.0
1.36292780205e-09
0.000172055544859
1.43641004948e-08
0.000830224202451
4.61721632785e-08
0.000166279097075
0.0
5.50548334136e-06
2.43390838364e-06
0.022111777235
6.36360151525e-09
0.00218529564476
1.91352089389e-07
0.0
0.0
0.00394506362016
0.0
0.000830224202451
1.3564890733e-17
8.54996489668e-09
1.49621701306e-17
1.51373819418e-10
1.59460635269e-08
2.87419996941e-10
3.37636046796e-07
1.63974192508e-05
3.16606239318e-05
7.38662689195e-07
3.65514415126e-05
7.71867228343e-08
1.85704934168e-05
0.022111777235
4.53343968937e-12
0.0125721581139
5.65785206253e-10
2.32298756638e-06
2.27606668889e-13
0.00178239345021
1.88628814374e-11
0.00178239345021
1.10402291684e-18
6.19116041102e-06
0.000743865723556
0.000190932814272
1.2432136718e-09
2.08864306295e-07
0.000345516584213
6.44842166845e-10
2.00502730452e-09
0.00218529564476
0.00178239345021
0.00573691878728
0.00178239345021
1.84315771196e-14
0.00149423506699
8.03877467084e-05
1.96431158668e-05
7.48193523576e-12
1.35382716923e-07
3.25106681376e-07
6.86311742637e-14
8.29222325434e-06
5.1625734312e-17
3.79454731505e-06
2.04056757714e-12
3.99182416383e-07
0.00178239345021
0.000130617327536
0.022111777235
0.00178239345021
5.37412303521e-09
0.00178239345021
0.00410234718173
8.03877467084e-05
0.000103873173772
5.088382225e-07
0.000347888356339
2.10352988442e-19
2.34384384712e-10
4.87361291986e-09
8.39204059769e-08
0.00410234718173
3.65514415126e-05
1.47899024357e-07
5.63996039098e-05
0.00178239345021
4.70150650038e-19
0.00394506362016
1.22607750982e-06
0.00178239345021
0.0
2.69283721551e-08
0.000128007281833
0.00410234718173
9.92475907582e-06
2.41925012938e-13
3.65514415126e-05
0.00134913363589
7.37054274276e-10
2.6378587042e-07
2.2646500559e-06
1.28049151445e-07
0.00407198769589
3.02745238143e-06
0.00394506362016
0.000190932814272
0.0125721581139
2.30017503593e-06
1.60144986192e-17
0.022111777235
4.8280648463e-09
1.48918952852e-07
4.98030294705e-07
1.41055241009e-07
0.000830224202451
1.67828701538e-08
1.64575872001e-08
1.29488891519e-30
9.98128393374e-21
3.9121008559e-05
6.37115987258e-08
2.15348392184e-09
0.0
3.65514415126e-05
4.37368073837e-06
4.00073134051e-10
0.00178239345021
1.31633452413e-06
0.000830224202451
0.00218529564476
7.86180864386e-08
1.97139664751e-09
6.03248584775e-09
1.07071370237e-16
5.95855503463e-05
2.21889199014e-08
0.000405895260144
6.00793301877e-06
1.73049068308e-09
0.000743865723556
3.08502752867e-25
0.0
3.76089432445e-12
0.022111777235
3.33150625689e-05
1.52458903557e-05
5.23175715484e-05
0.0125721581139
0.000116125282659
5.40832698557e-13
1.23086428677e-10
5.63996039098e-05
1.57433582323e-05
0.000533614808722
1.2988367094e-18
0.022111777235
8.58261133909e-08
4.27670501201e-13
3.29841131682e-06
6.28243791746e-23
9.61193270319e-05
4.82613220368e-12
0.0125721581139
3.64640171808e-12
4.25247231572e-09
8.98998668306e-07
0.000405895260144
6.11707558627e-07
0.022111777235
0.022111777235
3.5463420325e-13
5.26719072932e-06
7.16229699844e-11
1.95366948414e-13
0.00349172389818
0.000112122296296
0.00178239345021
0.00178239345021
0.000190932814272
0.0
0.000341435825859
1.34015444689e-12
2.66372947888e-05
4.99372852158e-08
3.4139966827e-08
0.00218529564476
4.57385547903e-40
2.08013592288e-10
6.39777109997e-10
0.000166279097075
8.48353908079e-10
0.00349172389818
2.77471858053e-07
0.00394506362016
0.00394506362016
0.00573691878728
4.85745764105e-08
0.000217733230982
0.00410234718173
0.00410234718173
2.27813014435e-13
0.000190932814272
0.00125665942325
7.56804202673e-10
6.72418094124e-08
0.000130617327536
0.00349172389818
8.87747342209e-09
1.01822913806e-06
2.80510019096e-07
5.54703159042e-09
9.09514123274e-09
3.17320868423e-16
0.00218529564476
0.00410234718173
9.26861954879e-09
0.00394506362016
0.0
0.0
3.3801800111e-05
3.97516598795e-05
1.97067031791e-18
5.23906386223e-24
0.0125721581139
8.05751183642e-11
2.50102815297e-10
2.28535866004e-10
1.46525669018e-14
0.000830224202451
0.00573691878728
0.000128007281833
3.07184086704e-13
0.00125665942325
6.7683322589e-19
0.00178239345021
2.32054255837e-11
9.73249130123e-06
1.96431158668e-05
0.00178239345021
2.07251289836e-05
0.0
1.51442654118e-14
1.80474589191e-12
3.26583831739e-10
0.000341435825859
0.000405895260144
2.52182589652e-05
4.19556361583e-10
7.94266984192e-06
0.00159771082938
0.00394506362016
6.34953608491e-10
0.00410234718173
3.44867184593e-09
0.00410234718173
0.000101339063078
1.0058469761e-05
0.00410234718173
2.54397496923e-08
0.000130617327536
0.00218529564476
0.000190932814272
3.79454731505e-06
8.09398304502e-08
0.000208406667089
0.00573691878728
0.00178239345021
1.11677667073e-05
1.38347435966e-09
8.52765614269e-12
6.78421396228e-08
0.00178239345021
1.12776883864e-08
2.48836916518e-06
4.77936171406e-11
0.022111777235
0.0125721581139
5.47424668855e-21
5.22927222036e-06
1.11432346908e-13
0.0125721581139
1.38844761449e-11
0.00349172389818
0.0125721581139
0.022111777235
5.80098264584e-13
0.00394506362016
2.63888039953e-09
0.00125665942325
1.00050898085e-14
0.000128007281833
4.61421855237e-10
3.19562671914e-09
4.99372852158e-08
0.000103873173772
2.67452526082e-12
1.41562211008e-12
0.00178239345021
0.0
6.67000868273e-11
0.00178239345021
0.0125721581139
1.55213832999e-05
0.00159771082938
0.0125721581139
9.1811609131e-06
2.9520705686e-06
0.0
0.000190932814272
9.11321989228e-17
0.00178239345021
3.54151347648e-05
2.00723568519e-06
0.000347888356339
1.8197358767e-06
9.54756322748e-23
1.00802017636e-07
1.04739912083e-12
1.15898998533e-07
3.62907230022e-13
0.000830224202451
0.000190932814272
0.0
0.00410234718173
0.00410234718173
0.0
2.16235224908e-07
1.09821419025e-13
1.22571554e-22
4.17721347831e-07
5.58112253304e-08
3.20427164109e-07
4.00280838395e-06
1.86744396585e-06
1.41858260746e-11
1.36467796559e-05
1.06661546799e-05
0.00410234718173
0.022111777235
1.97019463016e-09
2.71422066219e-09
2.01905466495e-16
0.00410234718173
0.00178239345021
7.42139239111e-12
0.00178239345021
1.32084887666e-22
1.1676300435e-07
0.00149423506699
0.000186347136339
2.87413894655e-10
0.00178239345021
3.80700634238e-11
1.95685744533e-09
3.9121008559e-05
1.570106123e-07
0.000898382528999
1.8255119198e-08
1.0058469761e-05
1.88445774379e-06
2.89829790119e-06
0.0125721581139
5.13708020113e-08
9.85753051281e-09
0.00349172389818
0.00178239345021
0.00159771082938
0.0125721581139
1.11182834875e-09
0.00178239345021
3.9121008559e-05
0.00349172389818
0.0
5.99059360816e-06
0.022111777235
0.000121688517888
2.66372947888e-05
6.99361306976e-13
3.26049645323e-08
8.89481697511e-29
2.55729397305e-13
4.47178046018e-15
0.0
0.0125721581139
5.31028653671e-09
2.00903423265e-07
0.00573691878728
0.000190932814272
3.45405812414e-10
6.18717493192e-13
3.20427164109e-07
1.07375934535e-07
3.65514415126e-05
0.00394506362016
0.00218529564476
7.30334307274e-14
3.65514415126e-05
4.32509052781e-05
3.47752576941e-09
0.00013661297292
1.70400604577e-05
0.000116125282659
0.00349172389818
6.37757839749e-06
2.25106986851e-09
0.0
9.2709332371e-05
0.00410234718173
1.88817036539e-10
0.000469978398624
0.000172055544859
3.50608048944e-06
2.52182589652e-05
0.0
0.000166279097075
0.00178239345021
4.07383588729e-22
0.000347888356339
0.000347888356339
0.0
5.32285902312e-13
0.000347888356339
3.08845121889e-10
0.000190932814272
0.00573691878728
3.39137623105e-08
7.22761665221e-17
5.99059360816e-06
4.99785322773e-13
8.79499501582e-09
3.94793629903e-08
1.31633452413e-06
9.97943219878e-08
0.000347888356339
2.01503310268e-06
3.9121008559e-05
1.64298771322e-05
0.00218529564476
0.000425407922404
0.0
1.8023553984e-07
0.000130617327536
0.00394506362016
0.00349172389818
2.1848984724e-10
0.000101339063078
0.00178239345021