500
5.23652326211e-05
6.39913445328e-15
4.25759788472e-15
8.44692948985e-29
0.0306331298569
3.95712561424e-05
3.54993986984e-31
4.91556387134e-13
9.78687689391e-08
2.02434950696e-10
1.38829584773e-07
3.58435763972e-10
1.86230669659e-06
0.00037126116606
2.088739838e-32
0.000450076309665
2.44468826451e-19
0.00412192332412
3.8506411255e-30
0.0306331298569
1.04210187606e-22
0.0
1.62574039322e-10
0.0306331298569
3.13035216275e-23
1.73678824278e-07
1.2285721021e-13
1.84037880315e-30
8.63884911149e-13
0.0010717168283
1.96245653496e-19
6.5144252566e-47
1.01919083363e-14
3.34031632408e-10
0.00893300248139
0.00109141463415
0.0391590598782
2.94830254199e-42
2.71817620162e-68
0.0306331298569
1.41754454685e-30
7.80336439821e-42
3.28076181863e-15
2.22536243767e-53
1.33851650492e-73
5.70611061122e-17
5.4476073499e-06
6.72277799362e-06
1.61298268893e-06
1.26144670851e-41
3.38743899947e-14
2.88026704685e-05
2.8672794699e-20
1.25079062813e-17
6.23507686697e-32
4.61600040552e-10
3.27603897934e-07
0.00018918702314
0.0391590598782
1.3416577792e-27
1.01541100264e-05
2.46658275353e-18
2.37728342653e-10
2.90135926263e-24
0.0391590598782
0.0391590598782
5.97563374995e-14
1.36765472376e-36
0.000157867764871
1.06544440859e-25
1.38250336368e-17
2.8943485293e-134
3.28947334899e-12
2.28447259962e-21
2.54969516129e-67
1.77033814347e-05
6.01878082538e-05
1.51392692259e-25
3.25382054881e-13
0.0306331298569
4.15044998346e-64
0.00149972536856
0.0306331298569
0.0
2.0509533676e-12
6.91784820638e-05
-3.38118630817e-24
1.60602336549e-37
1.06771450037e-15
1.83217735158e-05
2.88529743631e-28
1.4575180214e-12
0.00893300248139
4.32466078299e-17
7.77228225961e-05
0.00825529123571
0.000429297817727
3.23397565139e-05
0.0306331298569
0.0296417790412
1.55836110004e-05
0.0
3.52075042641e-10
3.49418608258e-16
1.47747238977e-29
3.87928824188e-30
1.8680631503e-07
3.27306434002e-19
0.00893300248139
4.27852628413e-25
1.11864252355e-17
0.000395509635021
0.0391590598782
3.28758724056e-08
1.4038115896e-13
5.47416797355e-47
8.38718977968e-24
2.07962365409e-55
2.30720208429e-31
0.0391590598782
0.0306331298569
5.37268214473e-23
9.31153348296e-07
1.90954879387e-47
0.000430174059051
9.51151808285e-08
7.0782976326e-14
5.211445446e-10
0.0296417790412
7.22944868961e-09
3.27652760123e-08
1.81194085613e-05
0.0306331298569
0.00217967182655
0.00021315537974
6.9464668809e-69
1.70866194239e-05
3.18495869008e-13
8.5895611878e-08
9.38217295258e-75
2.48044243304e-20
3.10065048236e-41
1.90790535746e-07
2.35896599323e-06
6.22516573733e-50
6.06207625451e-62
3.38369802835e-05
1.26610526679e-21
1.93053477878e-23
2.42406215305e-13
4.02267170663e-86
0.00109141463415
1.81218591406e-05
3.77460679483e-08
2.72193117107e-23
1.05525383226e-13
3.27246094402e-15
1.52270006231e-07
2.673130071e-19
2.55668683067e-20
0.0296417790412
1.39358671157e-38
7.6531434507e-10
8.05916929382e-07
4.49547848161e-26
4.52538594453e-66
1.03092960884e-18
0.0296417790412
8.34775374581e-05
6.06767265028e-05
6.45293415975e-19
4.51818464928e-12
5.57054246591e-91
7.14317806125e-18
1.42718177559e-63
1.27158785844e-48
1.56087122416e-07
1.55976106579e-60
3.25439468516e-07
1.8074536644e-38
2.16176298451e-06
0.0
2.84695926338e-09
5.48176546236e-20
9.65077375524e-06
-2.94884996814e-27
1.87989297341e-19
1.6794564177e-32
5.18883624792e-22
2.72914581652e-20
8.05814081788e-56
1.32718549407e-12
-4.53111672138e-15
6.85303588418e-35
1.2885713617e-07
3.16607066454e-07
0.00398852944409
1.22154651712e-15
1.02783024969e-05
7.10950702759e-17
3.39438392404e-19
0.0391590598782
1.02117184125e-12
3.58792002565e-51
2.41052526942e-25
5.50092017523e-13
8.60648024966e-14
7.3529046532e-32
7.86589655886e-25
4.13577664801e-24
2.06606881877e-13
1.03605812972e-42
9.32224743103e-61
7.57564392519e-12
6.56422668241e-14
5.6502300589e-35
9.67706462872e-07
0.0306331298569
4.13323958716e-22
2.11373530654e-14
1.17778191225e-56
0.00700185825299
1.5443858743e-21
0.00109141463415
1.491796145e-13
0.0296417790412
4.6569769551e-06
1.81400957278e-40
6.06689917528e-10
8.19065480983e-05
1.74118733878e-16
0.00412192332412
0.00398852944409
5.69325414166e-18
7.93047083773e-06
1.59428337359e-24
1.27343715103e-15
0.000276997876738
0.0306331298569
0.00184888556679
7.59507160645e-20
1.38368174492e-16
0.000382883526799
3.556645639e-06
0.000118555444807
3.30423736719e-16
2.6944767592e-06
4.8816942777e-20
3.29777011368e-43
1.26683206893e-43
9.23073580945e-10
0.0391590598782
2.73602515364e-40
9.94613369725e-20
1.18624781798e-12
0.000157867764871
0.0306331298569
0.000186570994848
4.83361220312e-62
4.00131279382e-06
2.01070067093e-32
0.00700185825299
1.72420965449e-05
5.28109721556e-09
1.26200633708e-05
0.000827693226237
4.55321768056e-11
5.60799383037e-26
3.46208698238e-19
2.81045377223e-38
6.92805205392e-11
3.82918996187e-28
8.79754096524e-74
5.53657705319e-19
6.33144783279e-07
1.57054485644e-05
1.77987465107e-15
6.16474676105e-08
5.87131033736e-05
2.76979204894e-23
2.97302904453e-17
0.0391590598782
8.20702325163e-39
0.000108733372265
8.57242513058e-27
3.76699151018e-08
5.56813478186e-05
1.3507073138e-10
1.42363882577e-58
1.35696863565e-42
0.000656550507752
0.0
5.79812653e-05
1.21740574388e-13
3.6778335576e-31
1.78922325016e-05
2.06206609143e-53
1.40639767181e-16
1.87404508202e-08
2.31533005756e-74
3.13779407787e-14
2.51992848689e-13
3.75325764921e-17
6.87104956876e-08
6.46003347482e-19
6.75122501768e-10
0.000827693226237
0.00526915280994
4.80833204364e-10
5.24082166421e-18
4.96084431316e-58
3.01472306484e-05
0.0391590598782
1.0373537179e-09
0.0
4.73466304383e-21
2.35896599323e-06
3.55003146077e-11
2.27454850649e-76
4.18328699327e-44
1.32366783718e-36
0.00102258018706
1.51631251531e-07
1.17286590644e-18
0.00526915280994
2.04212477019e-19
4.88904179175e-91
1.77063139736e-08
8.97228603054e-21
1.41270121962e-30
2.30343392132e-22
6.33777127338e-06
0.0391590598782
1.39964566948e-19
2.04091852386e-26
0.0296417790412
6.19505677799e-09
0.0306331298569
0.0296417790412
7.39931244675e-16
1.05217942713e-07
7.90022291702e-05
4.57680479993e-41
0.0306331298569
2.91323339943e-31
3.166564094e-17
1.90010883419e-46
4.04956776513e-14
1.32954040253e-35
1.15271179054e-08
4.73168113171e-10
1.51426874671e-14
1.44047111498e-07
3.42605940901e-49
1.38563602996e-14
1.78922325016e-05
5.24916904821e-08
1.80889066711e-11
1.73735950311e-18
9.39521086086e-14
0.00825529123571
0.0296417790412
1.50313791499e-16
5.2082397189e-15
3.20563889431e-34
2.28725361019e-34
0.0391590598782
3.23908937612e-30
1.44803801063e-15
0.00105805997488
0.00412192332412
0.000485498991847
7.1074117398e-06
2.27004322696e-05
1.0701950481e-08
0.00700185825299
0.00526915280994
5.2780047152e-13
4.06889739301e-16
-1.95182332377e-21
8.82466849363e-50
2.21089383768e-33
8.49226987695e-12
0.0391590598782
1.25051923943e-89
6.33777127338e-06
0.0391590598782
8.15642361871e-14
0.000525124132168
5.26231907551e-15
0.0296417790412
0.0032649420588
0.0306331298569
5.284173609e-16
9.99665068711e-13
1.45713552456e-11
1.59145565259e-26
3.7957356185e-22
4.42083411337e-50
2.45008341008e-11
0.00256608182253
1.29343627199e-10
0.00109141463415
0.00395277927405
2.77766863543e-25
5.4495678804e-13
1.1936146219e-24
0.0391590598782
1.64974664412e-10
1.01622457789e-35
0.000851496920875
1.0155228122e-07
2.32546179158e-12
3.35562533452e-08
0.00105918836922
4.16439835226e-07
1.08709003199e-07
4.36240944813e-39
6.21875251454e-43
7.75645054044e-05
3.59076726439e-43
0.0296417790412
9.16432398523e-09
1.98121605645e-15
4.02165508621e-11
1.6054465821e-11
2.90064309392e-48
5.95420480957e-47
1.52235562187e-13
7.11702838038e-28
6.53821722268e-11
0.0391590598782
5.94438258408e-05
4.03853011934e-10
5.17877980257e-31
6.96457097897e-44
1.01563128774e-09
0.0296417790412
8.84988012046e-30
7.17685265879e-26
8.97298140561e-06
0.000119499329621
0.00700185825299
3.26851449458e-10
1.56206665971e-18
0.0010717168283
0.0391590598782
1.14354779319e-12
1.03074565214e-05
2.24779441586e-05
1.21063807215e-35
7.93047083773e-06
0.00184715549982
1.2784249443e-06
3.14934384449e-29
0.0118011803061
0.00700185825299
5.31642893011e-18
2.91051049982e-09
4.28145019107e-44
4.25874371885e-12
0.00026306594518
4.77603150027e-26
9.19749097508e-08
0.000264750979655
0.000408268701495
1.97388847161e-18
3.81704606001e-56
7.18308688443e-16
7.42285294081e-22
2.64512782826e-14
5.56813478186e-05
4.77182590293e-05
1.96872682624e-05
1.96860642982e-25
4.9106672851e-07
0.00656129848745
1.2119660305e-18
3.70778245543e-15
1.79622429113e-19
0.0391590598782
2.93813273897e-25
7.61826511485e-07
1.40923919254e-27
1.54828971166e-12
4.81939907915e-66
6.33777127338e-06
1.24002194207e-06
0.000851496920875
1.89543934445e-10
3.25891905159e-18
2.19520988525e-24
6.63687545911e-16
1.47468690053e-06
1.86230669659e-06
0.0118011803061
0.00105805997488
6.05801656402e-29
0.00412192332412
1.63121896073e-21