500
0.00107803313924
0.000695249712379
3.40321320366e-06
0.00363820026616
0.00320283227067
0.00107803313924
3.37263039958e-08
0.0147051320891
0.0225159873289
0.00169437795271
0.0135434442831
0.00597380760085
0.00320283227067
0.000113530198175
0.00320283227067
2.53811539875e-06
0.00597380760085
0.000870744045809
0.020983762761
8.80268536603e-05
0.00686533795098
0.00363820026616
0.0
0.00169437795271
0.000247866588406
0.0147051320891
0.0135434442831
0.020983762761
0.0135434442831
0.000483513930244
0.0147051320891
0.0583379327542
0.020983762761
0.020983762761
0.000366391930646
0.00597380760085
0.000603625285561
0.00097418027828
0.00225752132763
0.00111456559605
0.020983762761
6.96626426234e-05
1.92090764318e-06
0.020983762761
0.0147051320891
0.000263525220689
9.66470247822e-05
0.000756204921024
0.000167105754028
0.00169437795271
2.92460103267e-05
0.0135434442831
0.00411900249466
2.06644982753e-06
0.0225159873289
0.00561802299429
0.00504984572349
0.0260026271654
0.0583379327542
0.0135434442831
0.00221252678756
0.00411900249466
0.00411900249466
0.000531895067199
1.32524574275e-06
0.00610617435918
0.000603625285561
0.020983762761
0.0135434442831
3.99327146787e-05
0.000568354369147
0.0583379327542
0.00154119950332
0.0225159873289
0.0031958827779
0.00107327447226
8.07935445624e-06
0.00226465356466
0.0031958827779
1.30138497006e-05
0.000374070693913
0.00226465356466
0.0
0.000912019826326
0.00597380760085
0.00132354587671
0.012449801683
0.0583379327542
0.00132354587671
0.0147051320891
0.0
0.0225159873289
0.0147051320891
0.000237780674677
0.000615863211815
0.020983762761
0.00357737589008
0.0135434442831
0.000609344176799
0.00107327447226
4.43040239963e-07
0.000601191739574
0.000122700796778
0.020983762761
0.020983762761
0.00132354587671
0.0583379327542
6.76026577521e-06
0.0135434442831
0.000260545647766
0.00169437795271
0.0054661209314
0.000531895067199
0.00597380760085
0.000281693126177
0.0583379327542
0.000315333365376
0.0225159873289
0.00264762445422
0.00132354587671
0.00597380760085
0.00154119950332
0.020983762761
0.000870744045809
0.00077328395707
0.0135434442831
0.0135434442831
0.00169437795271
0.000399872900855
0.0583379327542
0.0583379327542
0.000198257721234
0.0225159873289
0.0225159873289
0.00597380760085
0.00561802299429
0.00411900249466
0.000870744045809
0.000202521413305
0.00561802299429
0.00107327447226
2.92610581129e-05
0.000153493650721
0.00152564396999
0.0135434442831
0.000725231476702
0.00264762445422
0.000522460512031
0.00221252678756
0.0583379327542
0.000206716321745
0.020983762761
0.012449801683
0.00388704322099
0.0135434442831
0.00097418027828
0.0
0.00343349574129
0.00155150763468
0.0225159873289
4.7575097515e-05
0.020983762761
0.00902295404582
0.00561802299429
0.00152564396999
0.020983762761
0.0583379327542
1.18008956308e-06
0.0225159873289
0.00902295404582
0.0
3.35017076255e-05
0.00597380760085
0.0583379327542
0.00264762445422
5.0821985899e-05
1.40861735106e-05
0.0583379327542
0.0583379327542
7.1097280052e-05
0.0225159873289
0.00152564396999
0.00152564396999
0.0225159873289
0.00221252678756
0.0225159873289
0.0225159873289
0.020983762761
0.000374350756442
0.0583379327542
0.000100766470357
0.00561802299429
0.000294563055881
0.000334516362446
0.0135434442831
0.000531895067199
9.34538593899e-07
0.000103280022438
0.000641575422455
0.00363820026616
0.00155150763468
0.00226465356466
0.0147051320891
0.0583379327542
0.00243893499533
0.000927028689099
0.0135434442831
0.0583379327542
0.0225159873289
0.000870744045809
0.0147051320891
8.8433753301e-06
0.000870744045809
0.00597380760085
0.020983762761
1.21712933339e-06
0.000912019826326
0.00264762445422
0.000531895067199
0.00320283227067
0.000267153843231
0.00902295404582
0.00597380760085
0.0583379327542
0.000942804620772
2.18645425217e-05
0.0583379327542
0.012449801683
0.00411900249466
0.0031958827779
0.00320283227067
0.000294563055881
0.00597380760085
0.0
0.020983762761
0.00334944772408
0.000269328514224
0.00409578069931
0.020983762761
0.0225159873289
0.0135434442831
0.000198558141357
0.020983762761
6.78034492349e-05
0.00013371021718
0.0135434442831
0.00902295404582
0.000756204921024
0.020983762761
0.0147051320891
0.00221252678756
0.012449801683
0.000870744045809
3.18896997568e-05
0.0135434442831
0.00221252678756
0.0583379327542
0.00597380760085
0.020983762761
0.020983762761
0.0147051320891
0.0147051320891
0.020983762761
0.00610617435918
0.020983762761
0.0583379327542
0.020983762761
0.0135434442831
0.00320283227067
0.00152564396999
0.0225159873289
0.000756204921024
0.0225159873289
0.000172518774006
0.0225159873289
0.0147051320891
0.0583379327542
0.000206716321745
0.000870744045809
0.0
0.0225159873289
0.00610617435918
0.0583379327542
0.0031958827779
0.0
0.0135434442831
6.275807514e-06
0.000115847019878
2.34636049432e-06
0.0225159873289
0.020983762761
0.0583379327542
3.24772707625e-05
0.00132354587671
0.000927028689099
0.00411900249466
0.00597380760085
0.0225159873289
0.0583379327542
0.0135434442831
0.000366391930646
0.000603625285561
0.0054661209314
0.0147051320891
6.23116131586e-07
0.020983762761
0.0225159873289
0.0225159873289
0.0225159873289
0.00264762445422
0.0225159873289
6.70736307734e-06
0.000185772481183
0.000407938738995
0.0225159873289
0.0147051320891
0.00132354587671
0.00226465356466
0.00107327447226
0.000145333970481
0.0225159873289
0.00320283227067
8.99669279871e-05
0.00154119950332
0.0135434442831
0.00597380760085
0.020983762761
0.0225159873289
0.000110568075813
0.0583379327542
0.020983762761
0.0583379327542
0.000848518119605
0.000953570757494
0.0135434442831
0.0583379327542
4.28004945675e-08
0.000145443054423
0.0225159873289
0.0583379327542
0.000294563055881
0.0583379327542
2.73920919496e-06
0.00264762445422
0.00103535265107
0.020983762761
4.07739278486e-09
0.0583379327542
0.00902295404582
0.0
6.0311583971e-09
0.000227139558507
0.020983762761
0.000756204921024
0.020983762761
0.0225159873289
0.000278279165173
0.00155150763468
0.000848518119605
0.0135434442831
1.24600476808e-05
0.00225752132763
0.00169437795271
0.00363820026616
4.10603053678e-05
8.67947201493e-05
0.00243893499533
0.00409578069931
0.020983762761
0.000272399899895
0.0225159873289
0.0583379327542
4.10107413568e-07
0.020983762761
0.0147051320891
0.020983762761
0.00226465356466
8.32232465289e-06
0.020983762761
0.0583379327542
0.0225159873289
0.0583379327542
0.020983762761
0.0225159873289
0.0031958827779
0.020983762761
0.0147051320891
0.000725231476702
0.00154119950332
0.00334944772408
0.0225159873289
0.00148470010376
0.000870744045809
0.00902295404582
0.0031958827779
0.0
0.000185911030028
0.00561802299429
0.020983762761
0.000247866588406
0.020983762761
1.13063243065e-05
0.000145443054423
0.0583379327542
0.012449801683
0.0
0.0135434442831
0.0225159873289
6.63191973862e-05
0.00117137828066
1.37960875871e-06
0.0225159873289
1.3195318795e-06
0.000870744045809
0.000756204921024
0.000322320657801
0.00117137828066
0.00902295404582
0.000315333365376
0.000449221626472
0.020983762761
0.00357737589008
0.00597380760085
0.00194477356302
0.00409578069931
0.00155150763468
0.0225159873289
0.0135434442831
0.00320283227067
0.00103535265107
0.000350700551078
0.00334944772408
0.0225159873289
0.0147051320891
0.0225159873289
0.000247866588406
0.000131082647467
0.020983762761
0.0135434442831
0.00148470010376
0.00111456559605
0.00169437795271
4.29443212104e-05
0.020983762761
1.01451787075e-05
0.00902295404582
0.00226465356466
0.00363820026616
0.00117137828066
0.0583379327542
2.60728812129e-05
0.00152564396999
0.00363820026616
0.0135434442831
0.0225159873289
0.0135434442831
0.00902295404582
0.0135434442831
0.0225159873289
5.70096343635e-05
6.91770641364e-06
0.000374350756442
0.012449801683
0.000123190120989
0.0135434442831
0.00561802299429
0.0031958827779
0.0031958827779
7.13307090266e-09
0.0135434442831
0.000912019826326
0.000366668579588
0.00226465356466
7.6444789079e-05
0.00050518245475
0.00902295404582
0.000483513930244
0.0135434442831
0.00226465356466
0.0135434442831
2.00603920003e-05
0.00320283227067
0.0225159873289
0.012449801683
0.0225159873289
0.00132354587671
0.020983762761
0.0225159873289
0.00409578069931
0.00597380760085
7.9713637704e-05
1.07285782241e-05
0.0225159873289
2.06177834612e-05
0.00155150763468
0.0583379327542
6.1716615516e-05
0.00561802299429
0.00320283227067
0.000756204921024