500
3.35394751176e-05
3.95065359736e-10
6.28435368311e-18
2.11969555065e-10
5.43323006483e-05
4.66635503562e-10
3.3848889503e-07
0.000442616427844
3.81909926441e-08
1.04118444141e-06
1.43331477821e-37
6.24287576234e-10
0.0
0.0
1.83246446708e-06
3.3978838841e-26
2.31736362124e-10
6.03018386545e-06
0.000596177229341
1.19724562197e-12
1.31291015852e-06
0.0
1.7585101793e-07
1.98034440295e-06
1.23936854456e-16
2.87208865303e-08
0.0
4.90986957493e-05
8.13830258226e-07
0.0001963046526
0.0113725218202
2.3317069966e-20
5.71537088307e-13
4.04827791014e-11
7.37637886863e-05
0.014434354618
1.40629935384e-12
4.45680725298e-10
2.88690373246e-11
6.54336390979e-07
5.92617116995e-10
3.12637508049e-13
4.028290109e-11
0.000110006806192
3.89614460723e-07
0.000192378559548
5.08285815306e-11
0.000103743736108
6.43944114581e-27
1.96954082304e-23
0.000579207085424
4.28075013036e-05
4.44634996248e-05
1.21266411229e-08
0.00192337004415
1.74299909322e-25
7.31836328758e-07
6.13960606941e-06
1.28499448415e-05
1.08412707774e-15
8.41857041153e-09
1.19522194269e-07
0.000106935957272
6.01124441025e-11
9.30538089587e-07
1.22131877076e-07
1.17638715254e-10
6.90836667007e-13
1.22450849859e-10
6.8399213587e-11
0.0107164147921
7.37100390841e-21
6.14618078725e-06
0.000293861511275
3.40951915887e-11
0.000222622357026
0.0
5.38173769378e-26
8.96375728443e-12
8.72206816299e-13
1.35831273954e-16
0.000200545894099
3.17719427076e-13
1.59795124882e-05
3.36603849904e-08
5.49131291777e-05
0.0030420843209
1.48496597049e-05
8.62845615547e-07
1.67961374536e-06
2.78854646836e-11
3.48134672927e-06
2.05878584018e-10
3.23475977821e-08
6.70183163643e-07
1.04569666942e-12
2.43211658262e-45
1.1965257292e-11
3.53859419008e-07
1.82248614421e-05
1.8913695044e-14
1.06325730391e-07
0.000222622357026
1.70515646003e-18
2.25816863766e-08
0.0
0.00218558994682
4.13381539863e-16
5.74869356641e-06
1.16172674363e-06
0.000212824214146
5.97804534185e-13
4.23661995606e-18
0.0023384119202
1.27703319388e-05
1.09755810263e-17
3.07601456512e-08
1.04954545149e-07
4.29212826082e-06
9.54208910436e-14
5.2632162678e-05
4.45006247192e-12
3.31211562057e-08
6.00936016728e-13
3.08224777245e-05
2.29944562443e-06
0.000596177229341
2.68597077562e-12
0.014434354618
9.31230644511e-27
0.014434354618
4.37874182488e-06
2.20416606555e-05
4.00167061818e-11
3.32902118517e-05
3.79529438173e-17
5.60977900011e-06
9.89513067035e-07
0.0107164147921
1.1569279581e-21
4.95124394486e-07
1.19930479463e-15
3.39278481715e-11
4.50273709272e-06
2.34038446476e-05
1.39812701679e-15
0.00286657945623
0.000204164942959
4.0490460128e-06
1.25533343449e-05
2.05940832913e-20
1.1100199862e-11
6.20683291161e-24
4.47939423477e-05
8.0862568736e-14
1.73127755314e-08
5.83068729575e-14
5.42087937358e-08
1.32195110255e-14
0.014434354618
0.000106935957272
0.0
0.014434354618
5.59255844633e-07
7.37637886863e-05
1.31605135749e-06
3.16636771192e-08
1.77505526858e-07
7.26566025355e-15
4.21032867777e-06
0.0113725218202
5.43944106869e-08
1.0748954405e-11
3.0262478671e-20
3.90707475338e-20
0.000293861511275
3.68902605027e-05
3.40506010355e-06
2.97303412448e-08
2.10072602988e-13
1.55531830004e-05
2.77369739598e-13
1.08584544288e-08
4.16881014695e-20
3.39281684407e-11
1.26335267308e-08
0.000270123041032
2.71423902822e-05
5.48015163064e-14
3.25202900605e-05
1.63899147081e-12
5.9930325326e-14
0.00485127566187
7.26752439842e-18
5.81169244195e-05
9.30385351284e-08
1.93745185671e-16
1.96015508104e-05
3.36669690291e-18
0.0113725218202
6.13766140124e-18
2.55834856289e-10
0.0109351171348
2.39933719438e-07
1.71232784534e-24
5.15859537496e-08
9.70551036574e-18
2.9950095909e-09
3.2376853608e-09
4.25708182246e-06
2.38594473767e-11
3.14367498236e-07
2.37609899645e-07
1.07105565888e-17
2.48527651821e-08
1.63973778594e-19
8.95891234242e-09
4.90535884856e-11
2.41854167486e-17
2.90843193273e-16
9.61718272116e-22
0.000156898466557
1.51932890116e-21
0.000469715392814
1.55172392187e-23
8.38165842524e-11
3.09058492968e-06
0.00386110702268
5.52662242719e-05
1.2471699711e-24
6.94544683379e-13
3.5855650877e-08
6.8357628204e-35
6.37222757451e-11
1.72958565381e-07
1.79425520302e-14
4.05128911086e-06
4.47002307648e-11
0.00010769981542
0.000442616427844
3.43462233302e-09
1.03195067165e-09
6.77906402424e-07
8.75299091605e-21
3.64187482799e-08
5.76590833885e-05
1.55927459062e-06
1.37331679805e-26
1.78374325622e-08
6.55671030588e-24
3.8568231367e-17
3.08427911544e-07
1.07435455991e-07
5.69198305007e-10
5.3668015255e-06
2.0624772306e-06
2.57216454583e-05
4.93366463743e-07
4.68222537149e-05
1.56954942342e-07
4.66618884938e-08
9.26770223172e-13
1.08387279839e-05
2.38816144289e-07
6.38963477647e-17
1.29344510432e-21
0.000253328704857
0.000242105935525
1.23231400744e-12
3.244948817e-13
9.40980293541e-29
0.014434354618
6.01142585103e-07
0.014434354618
1.16048160852e-10
4.21298486381e-06
6.24051292546e-17
0.010215
2.71333572785e-15
5.38246403069e-08
1.20208436033e-08
4.21194812789e-27
0.0
0.000131674741983
0.0107164147921
8.21738718606e-14
1.49872324655e-07
2.43504417458e-06
1.54436460931e-05
7.86340708041e-11
1.18127206498e-07
1.13026763069e-09
3.46194296524e-06
0.000137866760704
0.0107164147921
0.0
3.38803881466e-15
4.01880584936e-27
9.09289880724e-19
4.02682641761e-12
2.06490407019e-15
2.82282059722e-12
0.000148137039764
6.98277170502e-06
1.10941936428e-06
4.23224410141e-08
1.77069348915e-18
1.39451904602e-05
1.67009982292e-05
8.47922433002e-07
2.55323263321e-13
4.99457975901e-06
4.32621128968e-18
3.44003667456e-05
1.06534839199e-06
2.61243651937e-08
0.0113725218202
4.01204992411e-11
2.14472082408e-06
1.39652386061e-07
4.87410265878e-08
5.3001232e-06
4.97410042846e-10
1.67758444072e-27
0.0
0.000596177229341
2.75974190783e-17
2.0348705579e-29
8.9557728373e-18
4.41525007624e-07
1.81531339483e-06
2.39942645779e-07
2.26767808269e-05
4.51282726846e-06
5.86447419075e-09
9.36262402382e-06
6.17858040537e-20
4.54283687303e-05
7.31822825059e-05
1.31583622412e-05
2.45641887708e-05
5.58816580957e-05
4.0086522915e-06
0.014434354618
6.87075257479e-14
2.27591994957e-21
5.5447984906e-11
0.000228488349919
0.014434354618
4.98825016608e-12
4.43497315342e-05
7.87255293563e-19
7.24818803079e-09
0.0
1.57267279168e-05
2.6126180722e-08
8.32963195886e-07
3.21933354638e-06
1.09601408739e-18
1.25363200023e-13
2.63103729081e-13
3.94946238328e-10
4.64703122361e-06
4.85321183731e-25
8.30927315999e-14
0.0017219799581
2.84625804736e-26
4.59698861718e-08
1.10547730783e-11
3.59554235935e-05
1.79790680893e-09
2.43003809095e-07
6.06854686543e-11
7.05194318579e-13
0.0
5.87859448937e-27
0.0107164147921
1.67009982292e-05
1.97833368238e-10
4.78950131245e-05
5.55763385466e-06
9.15643572339e-06
7.16618005107e-24
9.64454514072e-06
1.51760743571e-14
1.92497712137e-05
0.0017219799581
2.16581565884e-07
1.77700402295e-13
1.42528077918e-10
8.4143210994e-07
3.38708266912e-43
1.34980228333e-12
3.26744238343e-17
4.53981672801e-05
0.0107164147921
6.16054664899e-08
3.42201892476e-05
3.53730924991e-15
3.90498688803e-08
6.36666053944e-14
4.48925659597e-10
8.15343673411e-11
1.00876065527e-05
0.000445336567667
1.55414164285e-20
1.53139230457e-19
1.62241321294e-11
1.66442915263e-10
8.83209759249e-13
6.41834928557e-28
6.12258981465e-05
9.02232647862e-16
0.000117335353218
0.0
6.18274540418e-18
3.11938675262e-06
0.00165574995971
3.52793442399e-05
6.79483817366e-06
0.0
3.21519294212e-05
4.84182291012e-05
1.24369584657e-15
1.13141146414e-11
9.01167005152e-05
6.69048231098e-05
1.32540044824e-13
2.355325526e-07
4.18528503884e-07
1.82248614421e-05
1.0171832821e-07
1.13470763072e-18
1.4545874609e-23
1.30986212941e-13
9.25631462358e-08
7.51799705184e-12
2.9864542672e-21
2.5821869647e-24
0.0
6.76781582479e-14
4.26489004257e-18
6.69048231098e-05
0.00139349540622
1.55108837134e-15
1.1063234701e-11
9.15643572339e-06
4.75387878739e-05
0.00162263496052
0.0
0.000171412072632
0.0
8.25039313669e-05
0.010215
2.07612983654e-08
0.0107164147921
6.51317594299e-23
0.000484427145234
3.31965991273e-07
3.69188502559e-30
2.17651372294e-16
9.69187134691e-07
0.0107164147921
7.28741235405e-08
7.88907267989e-13
3.60142332378e-05
5.00854320641e-19
4.31028449114e-06
2.70190006321e-20
5.88817698401e-15
7.16295119353e-16
1.75101228169e-19
1.11723518773e-09
0.00026379754415
1.89384120791e-12
2.96258200504e-09
1.22961801544e-18
1.87774873661e-22
1.48088985696e-05
2.14528057458e-31
0.0
1.74508121444e-18
1.02334149659e-07
6.12258981465e-05
3.99290317297e-15
1.17780295535e-15
1.63833889785e-10
6.09366660488e-26
1.75704729062e-06
1.44428637621e-05
0.0
0.00386110702268
7.59348578985e-07
1.91285172433e-05
0.00286657945623
3.55504999992e-05
1.21804092376e-05
5.10626435793e-05
1.8049247648e-06
1.08806528232e-15