500
2.42377182406e-25
8.84090523025e-14
4.17462576133e-10
1.29250386022e-07
2.05279219008e-06
0.0
6.50418665119e-10
4.66701201957e-16
1.31511931846e-06
1.92712964025e-06
5.22516575868e-05
0.000359412454085
2.95656396363e-31
1.13771877545e-22
0.000888756126947
8.02796658008e-21
1.3386332464e-14
4.87957772242e-55
6.79194633496e-14
0.000630048291427
0.0
0.000927045961165
7.38137435629e-20
1.00072623837e-21
3.59315102958e-08
4.29963889995e-08
0.0
5.52053557513e-37
0.0
8.38698120755e-10
9.58136133341e-11
2.05905214908e-56
9.38520299057e-73
2.17659374455e-75
6.02318869832e-25
4.83154211757e-29
0.0
7.46912498572e-54
5.98029652054e-32
4.67225988213e-25
1.62301904362e-07
1.37261646375e-07
0.0
3.15763579992e-21
8.20329687832e-09
9.2268076916e-36
0.0
1.4564810463e-29
1.37297893928e-29
4.12905432301e-12
0.000927045961165
0.000437615567746
0.0
5.59777029741e-13
1.05386978195e-10
5.80628403436e-09
2.37372924947e-10
1.66103871092e-37
6.45098529365e-08
0.0
2.01190543316e-21
3.34737231257e-12
7.97810011386e-11
2.29500657205e-37
6.41317110673e-22
4.36009507368e-17
0.000630048291427
5.40152510986e-41
4.53729527259e-22
6.47312964694e-29
9.05172048214e-24
9.2665567583e-05
2.5986118479e-05
0.000927045961165
1.70660970451e-10
1.10649604069e-06
1.12226263044e-29
0.0
0.0
6.52715526992e-25
4.2215207175e-21
0.0
3.92360718659e-33
5.61720225437e-25
5.60421344435e-11
1.54006185933e-09
2.68682562492e-61
7.0424743763e-05
2.86001350334e-36
9.10513856689e-10
4.0305914053e-14
3.64438635103e-21
2.8896528698e-10
2.59849809278e-07
2.44942361531e-66
0.0
0.000811877530509
4.49907500611e-30
0.0
0.0
2.87222135046e-26
1.03046260537e-13
9.99650102335e-24
7.50273770347e-15
8.14773619985e-07
9.41096069171e-12
4.10355392492e-07
2.14562976313e-05
2.79893366391e-53
0.000584049728362
4.11017524407e-07
1.60142922548e-59
0.0
3.31906393207e-12
2.54579498619e-19
0.0
0.0
0.0
0.0
6.31881809152e-08
6.21225977251e-25
7.41804548349e-16
1.52733466595e-16
0.000138719372046
2.3632975037e-23
9.31237525688e-44
1.14328079416e-27
3.55745211107e-24
3.72533649484e-18
0.000630048291427
1.00938103747e-17
0.000927045961165
2.82775106901e-23
0.0
1.53060395048e-06
3.25805800675e-42
0.000867875106119
1.32838505511e-10
1.87805613798e-17
0.0
1.59903017222e-23
1.41814865397e-06
7.30068283886e-11
7.03254882496e-06
3.61717172898e-13
1.84217787782e-29
0.0
5.29562173206e-32
1.94345209498e-20
8.55600103377e-08
2.5491290764e-05
2.24231657237e-14
2.28695976489e-08
8.29413271248e-14
1.67477341299e-13
0.0
5.70508238613e-06
2.10928889198e-24
0.000437615567746
1.3117590036e-18
8.24114302914e-16
4.48395588631e-10
1.65576339945e-39
5.13020378e-40
4.53412743253e-29
1.75671540574e-12
4.65339326214e-15
5.26603783858e-24
5.55156126633e-08
1.95936628125e-11
1.88389716227e-08
0.0
1.17706950617e-14
8.60534885526e-33
7.97445190462e-12
5.45448961118e-12
7.11207128757e-10
3.02394217346e-25
2.36277063259e-37
0.000201256357359
1.66104412458e-10
8.56531852453e-07
0.000104670679058
0.0
6.34039832306e-50
9.42099080556e-28
1.96275594964e-24
0.0
2.94305760929e-40
4.15394371659e-13
1.3812721484e-52
0.0
3.45282921095e-21
1.58458676583e-10
0.0
0.000888756126947
6.51810837132e-07
9.29597249895e-15
0.0
5.01016190022e-18
2.74872786149e-13
5.24190714574e-15
1.15399058175e-16
2.0247001771e-07
7.30301923863e-14
1.36842096772e-06
8.93111700417e-15
1.80170799448e-44
2.29642706345e-06
6.86301203661e-08
5.13267009637e-19
3.99563435141e-26
0.0
2.29997993393e-10
1.32591042298e-05
0.0
1.18100696143e-19
1.78415539925e-17
1.68411957457e-46
3.2764540301e-06
1.02714284846e-17
0.0
2.9259599417e-11
1.71775862976e-43
0.0
1.18854169937e-12
5.56678706519e-39
7.16741270723e-12
3.53325091755e-09
8.82781072836e-28
0.0
8.62956024286e-27
1.74662175538e-05
2.62199555237e-07
1.06244194147e-17
2.15975546486e-09
3.41517513901e-13
8.47585551296e-12
2.14021752321e-08
1.44617683981e-12
1.37641380667e-15
0.000688702194958
0.0
1.38369848687e-38
3.47262512839e-06
1.9207651203e-18
8.20330153776e-06
0.0
2.54659267456e-10
8.92797956293e-18
1.58586796609e-53
1.05931186082e-22
8.16097646828e-06
1.17554636787e-26
0.0
0.0
0.000196662175221
8.25516026916e-18
2.5682192183e-34
1.73445953594e-17
4.3832948764e-30
0.000888756126947
1.31984696382e-07
2.39177500727e-09
0.0
3.3449444443e-07
3.02298317191e-12
8.15497640896e-10
1.65174240059e-12
0.000927045961165
7.02038473126e-13
1.49213952786e-24
3.59803613263e-25
3.06439241673e-11
0.000888756126947
3.07797233617e-09
6.00546549252e-10
0.000688702194958
9.57798067529e-16
0.0
7.58844323338e-18
6.74156449558e-13
5.2314624447e-13
0.0
7.29536886522e-57
0.0
2.18852862282e-48
0.0
4.32212612527e-15
7.87307187706e-14
3.10899405535e-16
1.14755688657e-16
3.82997351994e-23
2.67743453801e-10
1.18772733689e-15
3.61074563802e-16
0.000927045961165
9.43091026376e-06
7.14245250241e-09
0.0
2.22627898052e-21
2.92073708657e-09
5.75269084974e-36
3.23425951216e-30
4.18390606264e-08
1.18761925482e-27
1.41899939048e-18
2.8596505891e-37
1.89686008513e-10
2.1141100154e-13
0.0
0.0
4.98191929648e-21
1.97231463719e-07
1.29904464548e-09
6.61507452316e-17
3.31625843408e-30
2.17144454613e-19
3.86171793838e-13
2.89089665741e-11
4.64406215801e-06
4.08344189517e-10
4.80015589221e-08
1.70885943925e-05
0.000630048291427
2.39300404552e-41
0.00121670971897
7.16644688727e-42
9.23546457702e-37
7.31712541824e-13
5.96674296569e-06
2.5891573727e-28
9.43091026376e-06
0.0
2.94790245832e-24
1.32992890419e-05
1.26625298417e-05
4.60850148942e-05
9.9133571359e-08
1.68420818037e-12
1.02826588287e-34
1.94802592253e-09
9.56621068169e-12
0.0
1.72588087552e-05
0.0
2.50262903074e-24
2.23166404564e-19
2.35302667625e-21
1.92657800443e-27
7.92691711782e-31
0.0
0.0
0.000630048291427
2.17986028356e-13
3.82045438962e-12
1.9403541077e-17
1.00704200023e-17
4.56176777791e-50
0.000471058157744
1.03737659679e-15
1.14601043893e-09
0.0
1.35117292757e-11
2.99205107545e-21
0.000630048291427
2.27830180633e-67
8.81524005459e-25
1.61613280226e-09
9.25408230668e-36
3.32341292042e-07
9.98431236086e-11
4.08228015519e-07
0.0
1.04483986145e-05
1.07122503009e-12
6.04538586554e-16
1.66727821747e-12
0.000426341992835
5.66748375395e-32
5.38204002875e-10
0.000888756126947
1.34303036821e-18
2.36752576765e-54
3.19196009389e-51
0.000408732764264
1.29566377992e-08
6.73218183673e-34
3.57437504381e-15
7.45402909658e-08
0.000437615567746
6.9034936182e-13
1.67721159538e-19
1.35675716635e-09
1.25230204567e-13
0.0
2.23774884944e-06
1.21202731674e-18
0.000461044248066
6.1864248394e-14
3.30447016275e-13
1.10024004499e-05
1.23981251325e-21
4.24502255616e-16
4.35238035213e-11
1.11950025547e-16
9.11397824175e-09
0.0
4.98466527914e-24
1.70715742001e-33
1.22877678824e-09
0.000927045961165
3.01865543118e-14
5.97813765185e-20
4.2239059209e-07
7.01689452904e-51
1.17755445189e-19
2.15601627871e-24
3.15195907008e-42
4.23679096886e-50
4.91352236754e-43
3.88488463046e-05
0.000196662175221
6.6854777579e-21
4.93688170233e-14
0.000927045961165
2.16991682967e-17
1.78274196863e-07
0.0
3.70426454515e-06
0.000888756126947
0.0
0.0
0.0
0.0
1.73605188619e-15
7.01023326914e-52
3.80122761887e-06
4.29233100548e-43
2.09590324151e-12
0.0
7.36537544683e-10
2.89252667483e-21
2.02272013838e-10
5.32963116606e-08
0.000584049728362
1.38640203629e-13
2.10297181533e-10
2.4855168092e-07
0.000461044248066
2.34197809787e-07
4.86822379188e-08
3.86036827128e-15
5.29163108281e-07
1.07020046451e-05
0.000155049962417
0.0
9.18386728456e-07
2.14896592955e-45
2.06092750675e-70
3.61358167369e-46
1.20965005558e-49
0.0
1.23381898238e-26
8.26332469065e-17
3.7025508856e-06
1.60784426276e-39
4.92588219905e-29
1.52915382555e-08
5.70083847791e-12
2.64162667181e-05
2.15074258484e-14
0.0
0.0
4.02971315932e-15
9.14317107152e-06
0.000688702194958
4.29318166557e-39
1.04125996e-06
0.0
1.19051025246e-07
1.01892984537e-12
0.0
3.43506254023e-21
3.79615794471e-21
0.000688702194958
0.0
2.33697316117e-15
6.49635454183e-37
2.90428883267e-53
0.000205265019046
8.79719180797e-07
0.000927045961165
0.0
4.33653130647e-09
0.000888756126947
7.4237927466e-16
5.30603071816e-37
1.0022487445e-08
3.72409664071e-06