500
0.0159826641019
0.000658469691168
0.0753028016944
0.0104142775006
0.0
0.0230361670609
0.0159826641019
0.00373536798096
2.55227157461e-07
0.000669455076104
1.70044544533e-06
1.56151908114e-05
0.000673144593962
0.000108591592372
0.00285656966136
0.000268586854279
2.94762648394e-06
8.71772365939e-06
0.00125066593893
1.32883516987e-07
0.0
0.0753028016944
0.0447244164554
0.0322372980546
0.0
0.00103462958631
5.52394192435e-05
0.00125066593893
0.0447244164554
0.00915715846317
0.00380356989731
3.97048698965e-05
2.01944241246e-07
0.0120644719811
0.0447244164554
2.2481397648e-08
0.00488463959375
0.0120644719811
3.09679986788e-12
7.71726671015e-08
6.39661470562e-06
0.00104814647032
0.000896684836265
0.00063578989836
0.0022290907219
0.0753028016944
5.66155162175e-10
0.000102254502665
0.000225499365944
0.0104142775006
5.42467839758e-08
9.30566150932e-08
2.76848427431e-05
0.00915715846317
4.38746467973e-08
2.07156652333e-11
1.61689866839e-08
0.0159826641019
4.03524571559e-06
0.0159826641019
0.0447244164554
0.00177454693327
0.00177454693327
0.00177454693327
0.00299304233434
0.0753028016944
9.7878625906e-06
4.84282349767e-06
0.00140232847374
0.000174245791293
0.0230361670609
1.92150937787e-05
0.0022290907219
1.6494407189e-05
1.12206495795e-10
2.20210557109e-06
0.0322372980546
0.0022290907219
0.0753028016944
0.00915715846317
0.0230361670609
0.00915715846317
0.00165739218657
0.0753028016944
0.000577251885993
0.0230361670609
8.70260205902e-06
0.00488463959375
0.00419338076769
0.000432756773833
0.0447244164554
0.000491899549275
0.0120644719811
0.0447244164554
1.30594350243e-09
0.0447244164554
0.0447244164554
0.0
0.00362125956818
0.0447244164554
7.13796245886e-05
9.33206547763e-05
0.0230361670609
0.000202547013584
0.0091973786763
4.28397471089e-06
1.0649958619e-15
2.94378929399e-05
2.81001710899e-06
3.95365028536e-06
1.91048146889e-06
2.59680153619e-08
0.0753028016944
0.00373536798096
0.0104142775006
6.6568416764e-11
0.000388444196246
0.00172745628192
2.40851131978e-05
0.0091973786763
3.87784115608e-10
0.00299304233434
0.0753028016944
0.000758029080394
3.7373176718e-09
0.0447244164554
0.00120015345041
0.000262081677315
0.0230361670609
5.80772407806e-06
1.88342379839e-08
8.42151055836e-05
0.00380356989731
0.000104970380554
0.00125066593893
5.52039864918e-05
0.0447244164554
3.10522682385e-07
1.85782494057e-05
1.0668082039e-07
0.0159826641019
0.0
1.45433907595e-09
2.568445949e-05
4.04895201937e-14
2.44748437646e-06
8.66265968261e-08
1.51749698354e-05
6.8927526269e-06
0.0104142775006
7.31459987751e-06
0.000346581547966
8.10932190976e-06
7.69942091399e-07
4.78983405299e-06
0.0447244164554
0.000234413973922
0.0322372980546
1.21529686287e-07
0.00362125956818
0.00333233199464
0.0447244164554
0.0447244164554
0.0
1.60365436707e-07
0.00120015345041
0.0447244164554
0.0447244164554
0.0104142775006
0.0753028016944
1.08211490526e-06
1.94944673322e-05
0.00100555565389
7.07719808951e-07
9.75743353499e-06
0.000700168825929
0.000174826495111
2.15857616581e-09
0.0230361670609
0.0120644719811
8.01766406674e-08
3.0599001263e-11
0.0159826641019
0.000181068752982
0.000382157987683
0.0
4.40901770547e-06
1.13740126527e-05
0.0230361670609
0.0447244164554
0.0022290907219
0.0753028016944
0.00219594560196
0.0114736231098
0.0447244164554
0.0230361670609
0.000103753722062
0.0753028016944
0.0230361670609
0.0230361670609
0.0447244164554
0.000865858540952
0.0447244164554
0.0447244164554
0.00419338076769
0.0230361670609
0.000726769784542
5.90251943664e-12
4.50939223194e-09
1.42673937623e-14
0.000262081677315
4.4672373467e-12
0.0091973786763
0.0104142775006
4.17230361391e-06
2.39806905004e-05
8.46206290176e-05
0.0753028016944
0.0159826641019
0.000491899549275
0.0039114125536
0.00117163293961
7.2547722223e-11
0.000276084854482
0.0230361670609
5.54481766308e-06
0.0
0.0104142775006
0.00177454693327
0.000431808998327
3.61707919557e-07
8.46945797958e-05
1.61472337484e-08
0.000457360082491
8.01383136582e-08
0.000909026510894
9.74038669644e-12
0.00360663066412
0.0447244164554
0.0230361670609
0.000352456252611
3.02940012814e-12
0.00431173967397
0.0104142775006
0.000225499365944
3.14813301607e-05
1.85782494057e-05
0.0
2.30346907705e-07
2.04650395598e-05
0.0
3.4898861672e-05
0.000102254502665
3.38319530669e-06
0.0447244164554
5.13992573333e-06
2.07859465888e-06
0.0022290907219
0.00240246729027
0.000250615005737
9.18292377005e-07
5.86058102528e-06
0.0447244164554
0.0447244164554
5.26326013731e-05
4.13285654875e-05
0.000669455076104
1.8796707115e-08
0.000262081677315
7.4888666469e-06
0.00132473363505
1.26155645519e-07
0.0104142775006
0.00299304233434
4.52024651717e-07
0.0230361670609
0.000481565568557
0.0447244164554
0.0091973786763
0.0447244164554
0.0230361670609
7.24267230032e-07
0.000192596115336
0.000479011516948
0.0753028016944
8.53451886649e-06
0.0753028016944
0.00120015345041
0.0447244164554
0.0447244164554
0.0447244164554
0.0159826641019
7.87511237834e-05
0.0159826641019
0.0447244164554
0.0753028016944
0.00100240932841
0.000392282288749
6.30646477358e-05
0.000726769784542
4.71448645808e-11
4.74870969546e-06
0.00373536798096
0.0753028016944
0.00362125956818
3.90716612275e-09
0.000281366790224
0.000378213029274
5.15564815103e-07
0.00132473363505
1.0281286869e-11
0.0447244164554
0.00104264737957
0.0447244164554
0.000196856078237
0.0753028016944
0.0447244164554
1.40603901018e-10
0.00247718480191
2.53588782359e-05
0.0447244164554
3.03605044486e-07
0.0230361670609
0.0
0.00125066593893
0.00247718480191
0.00043122598059
4.51367911755e-07
0.00132473363505
3.35469772353e-05
0.000759380874218
0.0022290907219
5.43235631301e-12
0.0230361670609
0.000268586854279
0.0447244164554
0.0753028016944
1.48117888379e-09
0.00915715846317
0.00104814647032
0.00373536798096
0.0159826641019
0.0753028016944
1.34357864404e-05
0.0322372980546
7.7474882869e-05
0.0230361670609
0.0230361670609
5.75342742479e-05
1.9741962856e-08
1.59745785856e-11
0.0
0.0447244164554
1.13695515376e-07
0.0753028016944
0.00360663066412
0.00102927375524
5.0917746801e-09
0.00219594560196
3.24454925866e-05
0.0159826641019
0.0230361670609
3.14041796847e-05
0.0230361670609
1.18177924352e-05
0.0230361670609
6.79118520986e-07
0.0447244164554
1.47055843898e-07
2.24827086413e-10
4.6182994402e-07
1.59458794154e-15
6.52366326501e-06
0.0447244164554
3.99696598687e-06
1.54523698885e-10
2.32600044635e-06
1.13070654012e-08
0.0104142775006
0.0104142775006
0.000225499365944
0.0322372980546
0.00120015345041
0.00360663066412
3.90881746033e-07
1.25068174321e-08
0.0230361670609
0.000371155781051
9.72812942638e-06
0.00240246729027
0.000278927657649
0.0114736231098
0.00915715846317
0.00229372718615
1.93347176412e-12
0.0
6.09580006682e-17
9.83919195779e-14
9.6885887595e-11
6.46296975891e-05
5.40757179824e-07
5.64837760177e-06
1.01720574007e-06
0.000265415681506
0.0447244164554
2.6807719707e-07
7.77191612996e-14
3.19657372438e-09
0.0159826641019
0.0447244164554
0.0230361670609
0.0120644719811
0.0753028016944
4.05582459056e-10
0.0322372980546
0.00299304233434
0.0447244164554
0.0
0.000103031189429
0.000481565568557
0.0159826641019
3.9731445622e-06
0.0447244164554
0.00165739218657
0.0753028016944
7.14798685071e-09
0.0230361670609
0.0447244164554
2.28150267237e-09
0.0753028016944
0.000186714663573
1.89805891621e-06
0.00915715846317
0.0447244164554
0.0753028016944
0.000164992977251
1.03063759858e-05
1.83349297851e-05
0.0
9.23444760492e-16
0.0
0.0022290907219
5.22877185097e-10
1.12913425311e-08
0.000491899549275
0.0447244164554
7.27669129699e-08
0.00346221465187
2.39991232329e-07
0.000865858540952
0.00067024254344
0.00346221465187
0.000481565568557
0.0
0.00247718480191
0.0447244164554
0.00104264737957
1.87994616519e-06
0.00120015345041
0.00285656966136
5.16019596139e-11
0.00120015345041
0.0
0.0159826641019
0.0447244164554
4.07620748198e-05
0.0447244164554
8.76295188452e-06
0.0230361670609
0.0
0.000762120425044
0.00172745628192
0.0022290907219
2.15480305026e-11
5.38097565105e-06
0.000481565568557
0.000300480161581
1.87756012447e-05
8.29382484536e-20
0.00285656966136
2.94322433267e-22
0.000658469691168
0.0
0.0104142775006
2.94737812608e-06
1.3920600205e-07
0.0230361670609
0.000192259825714
0.0447244164554
3.25704483928e-10
0.0447244164554
3.62324103535e-05
0.00177454693327
0.00104264737957
0.0
1.33405295076e-05
0.0
0.0159826641019
2.69517455205e-05
0.00109520696697