500
4.15731756844e-05
2.24018067188e-11
0.0
3.25592526735e-10
4.78130185378e-05
2.05291928455e-10
1.54461712606e-07
0.000372973613416
2.06660317733e-08
2.08299088462e-06
7.9299585506e-36
1.11157977713e-10
1.22359050294e-19
8.90201524021e-23
3.6254956333e-06
3.24229209942e-26
4.07398577501e-10
1.26967181508e-06
0.000617887617075
1.73978178629e-13
1.77844315429e-06
0.0
1.81282368111e-07
1.45095464073e-06
4.68102355344e-16
2.05289291805e-08
1.68756756523e-22
4.19694063381e-05
1.60061000682e-07
0.000165920644599
0.0125088161039
2.31256844965e-21
9.92554086085e-14
1.75781415911e-11
7.2833659999e-05
0.0174310578199
1.06616034761e-12
3.216883881e-09
5.41959045898e-12
2.15731081379e-06
1.40302167109e-10
1.65374693016e-14
0.0
8.58114421048e-05
4.51870763342e-07
0.000153410754728
4.99639828043e-11
0.000101088889833
2.18657414929e-28
0.0
0.000671366244388
4.46425343851e-05
5.19198332569e-05
1.16130845522e-08
0.00148795815143
3.11022445843e-27
1.90473628483e-07
4.71418501706e-06
1.49286216655e-05
5.12494628483e-15
1.01520327205e-08
9.05850166748e-08
0.000103850418567
1.46128712444e-10
4.62205506508e-07
5.43958789143e-08
5.84636080895e-11
2.98418555229e-13
0.0
5.80053604529e-10
0.0105218561452
2.74681497733e-21
1.03473099647e-05
0.000282361743698
1.21283161275e-10
0.000184339791223
0.0
1.48626258167e-25
2.81420711889e-11
8.51512899281e-13
2.48963161121e-16
0.000164318315209
1.27703491301e-13
2.39846893221e-05
2.0568236203e-08
5.65882960807e-05
0.00231885634696
2.222080261e-05
1.02136208201e-06
8.23686626372e-07
2.65483599524e-11
5.14200330113e-06
5.80308638491e-10
1.88443569302e-08
3.96516554007e-07
7.908859301e-12
0.0
7.89478606255e-12
1.65696093177e-07
1.17638519481e-05
4.84972170286e-16
1.92657723429e-07
0.000184339791223
7.03842879112e-19
5.87930574774e-09
1.64579510389e-17
0.0016841080188
7.16280350189e-17
7.97447951281e-06
8.72089295686e-07
0.000195348383317
1.37358878116e-12
8.19163055398e-19
0.00144423520653
1.21107735294e-05
2.84436684394e-18
1.43596224246e-07
3.22089076585e-08
7.48121781231e-06
0.0
3.49010227925e-05
0.0
7.45406131007e-08
5.45205965716e-12
2.32978383372e-05
2.38615744286e-06
0.000617887617075
8.84184937474e-12
0.0174310578199
5.13490876273e-27
0.0174310578199
5.5564054978e-06
2.55817962212e-05
1.17454718673e-11
4.3500596106e-05
2.88069514182e-17
7.02801365434e-06
7.96705741194e-07
0.0105218561452
1.01019385259e-22
8.00840617843e-07
4.09800984542e-15
5.96660203287e-11
4.64594365457e-06
2.61670642808e-05
9.6578221105e-16
0.00195051815466
0.000358566907318
2.30768853169e-06
1.52967882783e-05
1.84904716282e-20
4.92111363189e-12
2.79462126504e-23
5.60694583073e-05
9.59057649355e-15
1.17192274257e-08
1.24651588362e-13
3.67520663148e-08
0.0
0.0174310578199
0.000103850418567
1.48728625116e-45
0.0174310578199
5.75312852697e-07
7.2833659999e-05
9.4982039549e-08
1.64385456299e-08
1.72825494398e-07
0.0
5.05492485721e-06
0.0125088161039
3.68221154177e-07
3.42181003744e-12
3.98159798655e-22
1.29995278057e-19
0.000282361743698
3.91228342317e-05
4.41255519715e-06
4.18573470299e-08
2.09743861445e-13
9.4117217936e-06
1.51349415466e-13
2.78292153682e-08
2.7552946058e-21
3.42793248153e-12
7.66807333946e-09
0.000272218324767
3.53769639558e-05
4.25056845425e-14
2.73821763511e-05
1.46979796292e-12
6.20520761304e-15
0.00427108713618
6.84135035612e-18
5.226664202e-05
2.52159680446e-07
7.54765749646e-18
3.40366262201e-05
1.04164066369e-17
0.0125088161039
2.1795870705e-18
1.68792154913e-10
0.0113798615819
6.69055755663e-08
0.0
9.08169381724e-09
0.0
2.88609243883e-09
0.0
6.66909407039e-06
1.32905840528e-11
3.60957505098e-07
2.20086348482e-07
4.04956787322e-18
9.74554806778e-08
0.0
4.3180529922e-09
0.0
8.32497970538e-19
1.7536208214e-16
0.0
0.000151143935468
4.62067508891e-21
0.000443406398782
0.0
1.23470827784e-10
5.09643170953e-06
0.00323133050515
6.24652112665e-05
0.0
3.888459017e-12
8.66971859942e-08
0.0
4.68078282939e-12
4.33050748957e-07
0.0
2.69006277098e-06
2.6534805461e-11
7.50386842898e-05
0.000372973613416
5.06395478282e-10
8.65918570071e-09
2.6635836914e-07
7.90721654137e-22
3.96362116883e-08
7.39571599684e-05
4.96752109372e-06
1.80365346016e-28
7.10418732509e-09
5.83524894669e-24
2.04800110614e-16
5.34467670661e-07
1.1662308903e-07
3.19031759535e-11
4.13863514787e-06
6.83112422229e-07
2.13492223433e-05
1.56893337903e-06
5.45177401207e-05
6.94847640002e-08
4.13980624589e-08
2.37084189809e-14
8.29033282918e-06
2.8451842345e-07
0.0
3.86335232438e-23
0.00020881713092
0.000252481772836
2.16352516656e-11
4.22864498514e-13
5.37985345991e-29
0.0174310578199
1.15919662601e-06
0.0174310578199
2.94521813878e-11
3.51334294114e-06
8.31309153257e-16
0.0101154325172
1.9739555548e-15
1.6371562839e-09
1.89132266086e-09
8.15114875421e-28
1.01555078095e-21
0.000140867550453
0.0105218561452
6.31044753572e-13
1.59508677411e-07
4.37255529652e-06
2.44252473134e-05
2.72979370149e-12
4.487505702e-08
3.03881062469e-11
5.0450907911e-06
0.000133418078895
0.0105218561452
3.2154911199e-12
5.15602978113e-17
8.82221880314e-28
8.36858500385e-19
1.25709290899e-12
2.61003728936e-15
8.36867059098e-12
0.000151917640571
3.97638608179e-06
5.25363341692e-07
1.19160933373e-07
8.47946884854e-17
7.29372248392e-06
2.24015701075e-05
6.57988330124e-07
4.33649325415e-13
6.23523821427e-06
0.0
4.29181446449e-05
7.98363825019e-07
2.88069449482e-08
0.0125088161039
1.54154129206e-11
4.91703669484e-06
4.2358472187e-07
3.12140702611e-08
5.89573592174e-06
1.61122136158e-11
0.0
1.98978046598e-36
0.000617887617075
4.74823406083e-18
1.16876053421e-28
5.6517168359e-16
1.676476303e-07
2.25171655195e-06
1.51597753992e-07
2.3625604197e-05
5.70715781628e-06
3.85411855315e-09
4.6544752846e-06
0.0
5.3072884226e-05
7.9209550024e-05
1.60757381341e-05
2.23505066711e-05
4.75494360615e-05
4.89096407678e-06
0.0174310578199
0.0
0.0
1.79643491459e-12
0.000112048148032
0.0174310578199
1.70813681535e-11
4.90306575457e-05
7.55777680636e-19
2.57173021984e-09
2.92604696141e-22
1.64304072395e-05
4.34079830167e-08
8.44806887978e-07
4.12176714435e-06
4.22974386241e-18
3.97255730721e-15
8.8353891474e-13
3.26822683048e-10
4.8148035714e-06
1.1074873982e-24
6.34467170403e-15
0.00120854383733
0.0
1.13237360138e-07
2.92273766792e-13
5.84831506256e-05
2.54426281725e-09
3.83542862107e-07
2.14742846648e-11
8.8613471912e-13
1.46992282502e-19
1.97630985251e-28
0.0105218561452
2.24015701075e-05
2.2203466637e-10
6.00074648171e-05
7.7428610908e-06
6.65677674834e-06
4.2635889091e-23
1.55283101369e-05
6.59829958239e-14
1.48114961591e-05
0.00120854383733
4.75693688867e-08
0.0
2.01976549355e-10
1.4289255356e-06
0.0
4.0830536444e-13
4.82533026372e-18
4.86956812152e-05
0.0105218561452
7.24183203813e-08
2.91037143005e-05
2.06268920838e-16
3.16767297932e-08
1.02665350236e-13
1.08956780337e-10
2.38816097165e-11
6.27807096088e-06
0.000439457359389
1.240615138e-21
0.0
3.72039718057e-11
4.04739623142e-11
3.24047472058e-13
3.9543606582e-29
0.000100779000632
3.87334601332e-16
6.07369938132e-05
0.0
3.12874535038e-18
8.19898691039e-06
0.00109946948378
5.0492320165e-05
9.241841176e-06
5.13044366628e-21
4.59661637445e-05
4.04878582481e-05
8.78751246059e-16
1.05308651655e-12
0.000107448430737
6.48587677764e-05
1.99348586173e-14
2.77121199005e-08
7.35835319695e-07
1.17638519481e-05
7.20288637476e-08
5.01868478758e-18
1.27641646942e-23
3.6217350808e-13
5.47059645241e-08
1.7245960699e-12
7.91283234694e-21
1.86703850601e-26
0.0
1.76826929711e-14
0.0
6.48587677764e-05
0.00138844929726
3.4560634608e-16
2.20603630218e-12
6.65677674834e-06
4.07647123615e-05
0.00101657297508
0.0
0.000104379273242
2.86580481738e-28
0.000185615227484
0.0101154325172
4.92463887212e-08
0.0105218561452
0.0
0.000455817601326
3.41452522654e-07
7.0676542145e-31
2.14492770868e-15
8.16621051193e-07
0.0105218561452
4.49571380509e-08
2.40940553709e-12
2.66132319044e-05
5.17163345842e-21
2.35064967298e-06
3.05603134166e-19
7.2757049209e-15
6.73814262371e-17
0.0
1.88207074154e-09
8.42002517178e-05
7.92773799514e-13
1.0715239067e-09
1.58454196734e-18
3.4352429497e-23
9.94450219615e-06
4.97568798073e-33
5.94252252656e-29
2.00009745095e-18
3.48871260739e-08
0.000100779000632
4.99428388994e-15
4.80640213156e-14
2.64766546098e-10
3.76165524145e-26
8.84318151742e-07
3.22363266008e-05
1.41620598266e-32
0.00323133050515
1.88991137126e-07
1.65612522955e-05
0.00195051815466
4.93136046747e-05
1.16985641225e-05
4.61330379192e-05
2.92177516451e-06
2.73826867082e-16