500
0.00322367698928
0.0074020083068
2.56660775262e-17
0.0074020083068
4.17812012888e-07
0.0
8.74021981999e-12
0.0105130081879
1.46737455165e-08
1.62571577542e-06
0.0074020083068
0.00210562623974
5.55514839063e-08
0.00308720871909
1.55720972762e-05
8.61804481944e-06
0.000267348123399
3.97955193252e-05
0.0
0.000329394102891
0.0
0.000878208645148
0.0074020083068
5.37088976061e-15
2.65351581338e-05
2.07678461833e-20
2.307050804e-18
0.00210562623974
0.0087904763945
0.000271421381823
0.0074020083068
0.0335386321844
0.0
0.0074020083068
0.000143898800148
0.0
0.00210562623974
0.0
5.47187363964e-11
1.28998203401e-07
1.46980046945e-08
3.70542745116e-05
0.0105130081879
0.00190620927403
3.93796321546e-18
1.26014134726e-06
6.11772031871e-08
7.51955896055e-16
0.0016663521471
2.27625959428e-05
1.06635413035e-08
0.00435139905328
0.0
0.0
1.24897919445e-08
0.0074020083068
0.000385832863222
0.0
1.58332951959e-09
0.00119725430002
0.00182751699145
2.44711551738e-07
1.62972998918e-13
2.60559558053e-07
4.083630977e-05
0.0
0.0
0.0335386321844
1.26930482465e-15
0.0
3.58071062428e-07
2.50539214703e-09
2.60717756461e-06
4.20671393818e-18
1.04750754949e-13
8.39407110259e-20
3.5268793402e-24
0.0
0.0
0.0
4.09443602195e-19
1.2968753102e-06
0.0105130081879
1.61999756518e-08
3.58186885524e-05
0.0
2.1075916655e-06
0.0
0.000681301535509
1.004122814e-06
0.0
3.06703586481e-05
3.97955193252e-05
9.14971807157e-10
0.000200205871858
1.27019864799e-06
4.60271394611e-15
2.07951965886e-11
1.42307735594e-10
8.16877554389e-05
4.68009507948e-06
4.1240556856e-09
1.06758458245e-05
2.40054064085e-09
0.000296682034526
8.89654175481e-06
9.9033636962e-10
0.00210562623974
0.0
0.000736815242984
0.000502794647645
0.00027999767782
2.18700922836e-05
0.0105130081879
7.71545024148e-09
0.00210562623974
0.00308720871909
0.0
5.89014407838e-05
3.49682749942e-10
2.3835700327e-11
0.0
3.63309669095e-06
8.09270390687e-09
3.01893293794e-10
0.0
0.00210562623974
9.10962479289e-09
0.0074020083068
1.30999042705e-10
3.07291206464e-10
0.0100678759468
0.000429109564999
9.79106797241e-05
0.000110365716591
0.00020083158065
0.0
2.20728145791e-08
3.90625410161e-08
0.000736815242984
5.97968023578e-13
0.00257483836463
4.64810023419e-05
0.000878208645148
2.67472086468e-07
5.88778181679e-08
0.00012783900035
1.70955342724e-05
4.15679558051e-29
0.0
5.95273497084e-13
0.0
8.71869151593e-05
3.19929557634e-10
0.0105130081879
0.00182751699145
0.00210562623974
0.00210562623974
0.000751009740961
0.0105130081879
0.00190620927403
8.96438396911e-12
0.00190620927403
5.54589588424e-11
3.87762173643e-10
0.0
4.57324917733e-49
3.53620626147e-13
0.00213284475483
0.000299868639405
1.6566914637e-31
0.0
1.05636465255e-05
2.40373291813e-11
0.0
0.0
3.14147609996e-05
0.00213284475483
5.61898187339e-29
2.13125089069e-16
0.000874888181282
0.0
6.59190469727e-18
5.61400646948e-18
4.04900765106e-18
0.0
1.09118874525e-05
1.28175756516e-10
3.61674153429e-07
7.42421843434e-06
3.46574213139e-05
7.16295432757e-08
2.18909515558e-06
0.0335386321844
0.000450789574165
3.11621090737e-06
0.0
0.000485865532487
0.00176816196761
0.000502794647645
4.82885887693e-09
0.000348653124745
0.0
5.24365598454e-05
1.21655888907e-06
0.000858414519168
0.000777417447731
2.85987373499e-06
0.0
7.31106611778e-22
0.0
7.45537946787e-17
0.00182751699145
2.22278257513e-07
1.10454438966e-05
0.00945898497641
0.000716113772718
5.8487183699e-07
2.97457595776e-10
1.13534769058e-06
2.55812816533e-09
0.0
1.39592717135e-07
0.0105130081879
0.0074020083068
0.000502794647645
0.000502794647645
0.00190620927403
4.50943169194e-11
2.86223752085e-17
0.000225260914328
0.0
1.00849662211e-26
9.72586601032e-05
9.08957561324e-10
0.000874888181282
0.000574880325385
0.0
1.67201756065e-10
0.0
2.59265935061e-05
5.24701337114e-09
0.000629446550268
0.000275910020006
0.0074020083068
0.0
0.000115453069066
2.85956724446e-10
0.0087904763945
6.3724465968e-21
6.74860872008e-12
0.0
0.000168653015623
0.000939318118684
1.57781092361e-05
0.000751009740961
4.50024232348e-07
0.0074020083068
8.38031228032e-06
3.56314992144e-07
0.0
0.00210562623974
0.0
1.28149110535e-07
3.1180717135e-09
9.2170771451e-06
8.9276922826e-07
0.000751009740961
0.0105130081879
0.00035444711432
2.66492888895e-10
0.000194147197449
0.0074020083068
5.31217493888e-15
4.90802753702e-05
0.000117349579226
0.0
0.0
0.0
1.45715440576e-06
0.0
0.000143514831108
6.07415439352e-09
9.33894322341e-12
1.479525835e-05
2.61375637431e-36
2.13381518709e-07
0.00176816196761
9.16136360844e-06
7.23753847147e-07
4.7521172835e-08
0.00210562623974
0.00308720871909
0.00210562623974
0.0277054569362
0.00210562623974
0.000976384630347
7.97795225797e-07
0.0105130081879
1.16888744477e-07
1.12551734835e-19
3.35570421643e-09
5.25703070626e-14
0.00182751699145
4.50702799575e-10
3.24896769963e-05
0.0
7.45600330982e-09
0.0335386321844
0.0
0.0277054569362
0.000375151446299
0.0100678759468
0.00308720871909
0.0
9.08405785419e-17
2.26640071702e-07
0.0
0.0074020083068
3.16640300686e-08
7.40035879361e-08
0.0
3.0130570368e-15
2.16665946859e-05
1.22557661996e-10
7.84737757199e-12
1.38105345168e-06
2.01329374981e-12
0.000340992319164
1.31604480614e-08
5.25250537628e-06
0.0
0.00014462223671
0.0
0.000858414519168
0.0
0.0277054569362
1.49050671366e-07
5.63929838083e-09
0.000878208645148
1.17320608576e-13
1.486552962e-23
2.1753683527e-12
3.0917353626e-10
2.71232781413e-06
6.04220771636e-09
3.54275056695e-17
5.87505331503e-07
0.00182751699145
3.28169281478e-08
0.0105130081879
2.23820155105e-12
0.00176816196761
0.0074020083068
0.0
1.12878127356e-06
2.17799285166e-19
2.70741946461e-26
3.62303157196e-15
3.86990218734e-11
0.0087904763945
6.15830647047e-07
8.7926035702e-17
1.8636686198e-14
3.1706082226e-09
2.18001563058e-09
2.57282459099e-19
0.0
0.0074020083068
0.0
9.99715781402e-10
0.00308720871909
0.0100678759468
0.000170538397267
0.0
0.0
0.0
0.00137987219575
4.59923605134e-10
0.000143748374843
0.000858414519168
0.0
0.001184901887
0.0105130081879
8.6678928929e-08
7.1047275122e-05
1.08890581858e-09
4.72403664867e-17
5.29102514632e-06
2.85897982162e-12
0.00220342680064
0.00182751699145
5.09356353102e-08
8.02578723091e-17
2.83349573723e-05
1.70024829126e-17
0.000467399733001
5.26566740484e-18
4.65386681265e-12
2.20192359718e-06
2.80058736398e-22
1.01895549823e-06
8.32592237856e-05
0.0
1.83056033509e-05
0.0
0.00182751699145
4.79284981737e-06
3.33941709809e-23
0.0277054569362
6.09130154692e-09
4.3573753538e-07
1.30206002957e-06
4.81949677845e-06
3.68192835262e-07
3.16327272386e-14
0.00018897497747
1.51137303619e-05
1.64288179011e-15
4.77454528516e-11
0.0105130081879
5.03462127792e-07
0.000643658856668
0.00182751699145
0.0087904763945
6.61991181504e-13
3.02158439265e-11
2.21017023079e-06
0.0139881979882
0.00176816196761
0.0074020083068
0.000736815242984
0.00182751699145
0.00092508745552
0.0
3.97699840067e-09
0.0335386321844
0.0
0.00190620927403
0.000939318118684
3.04142321613e-15
0.00020083158065
0.0074020083068
3.43316879917e-09
1.58295481096e-05
0.000858414519168
5.73213680578e-12
2.77300593239e-05
7.18084040984e-06
7.93136496698e-16
0.0
0.0
3.93223597624e-10
0.000878208645148
1.28767711075e-06
1.72334514458e-13
8.32592237856e-05
0.000149610577585
0.00092508745552
9.03673228766e-11
1.5126772809e-05
0.000939318118684
0.00435139905328
1.69805953771e-05
2.740041377e-09
0.0
9.027858114e-10
7.97772066692e-07
0.00308720871909
1.13087496901e-14
3.26531834388e-20
3.88674114886e-07
5.31028372228e-05
0.0
0.000694997447232
9.57579382022e-05
1.4741081111e-07
4.16867213032e-15
0.00190620927403
0.0087904763945
0.000109530255552
1.83056033509e-05
2.97821197889e-05
0.000143514831108
1.6717842773e-06
0.00190620927403
0.000694997447232
0.00308720871909
0.00020523662781
0.0
0.0074020083068
0.00176816196761
0.0277054569362
0.00210562623974
0.00154326080201
0.0016663521471
0.0
0.0
1.1181869064e-09
0.00092508745552