500
0.0
0.000562555477583
1.25973942068e-11
5.80251862353e-06
1.07332604039e-06
0.0
0.0
0.0
0.0
0.000972821272452
0.0
0.0
0.0
0.0
1.78285503466e-11
3.3922123817e-05
0.0
0.0
6.60957767479e-06
0.00303600586738
0.0
1.72412258251e-05
0.00103519330897
0.00213903578202
0.0
3.83292275675e-05
0.00327026422449
0.00103519330897
0.0
0.0055611807877
0.00139185454765
0.000179388394298
0.0
0.00213903578202
0.0
1.65561768556e-06
0.000483005091095
0.00103519330897
0.00965796390902
0.0021966814806
0.0
0.0131021108224
8.02494446574e-07
0.00131831328533
4.08025694744e-06
0.0
0.00965796390902
0.0
6.30174294216e-05
0.00103519330897
0.0
0.0
0.00937796594382
0.0
0.0
0.00487402948259
0.0087549720068
0.0
0.0
0.00110636697876
1.10468132914e-06
0.0
0.0
1.76755105413e-05
0.0
0.0
0.0
0.00208899280083
0.0
0.000124328367621
0.0
0.00131831328533
0.00110636697876
0.0
0.00937796594382
6.87819982905e-12
7.91054875197e-08
0.0
0.0021966814806
0.0
0.0
0.0
0.00499352743169
0.0
0.0
0.0
0.00965796390902
0.0017973533302
0.0
0.00404835144123
0.000311247910216
0.0
0.0
0.0055611807877
0.0
0.000410428394013
0.0133356380025
0.000455431712064
4.81319993254e-05
0.00018584071535
0.0
0.0
0.0
0.00937796594382
1.26065946828e-05
0.00541816222322
0.0
0.0087549720068
0.0
0.00965796390902
0.000120018494178
0.0
0.0
1.01475919622e-07
0.0
0.00937796594382
0.000574232149104
2.13972786884e-05
7.35457517077e-05
9.4366131693e-05
0.0
0.00499352743169
0.0
0.000363418930117
0.0
0.0
0.000431009258264
0.0
0.0087549720068
0.000149834196456
0.000486720818807
0.000151940769988
0.0
0.0
0.0
2.42807764148e-05
0.0
2.57440680741e-06
0.0
0.0
0.000254368349213
4.38299267943e-05
1.36746690916e-05
0.0
1.2537887956e-06
4.32720230291e-05
0.0
0.000393209303469
1.42643288822e-07
0.0
0.0
2.70369869585e-11
0.0
1.21368143104e-06
5.21656644294e-05
5.85347956831e-05
0.0
0.0
0.0
0.0021966814806
0.0
0.00054140235087
0.000483005091095
9.66155704522e-06
0.0
3.18121385309e-05
0.000103150686954
0.0
0.0
0.00144824231544
0.0087549720068
4.11109916956e-06
0.0
0.0
0.000972821272452
0.0
1.99974341378e-05
0.0
5.58468496281e-07
0.0
0.00103519330897
0.0131021108224
6.61905275956e-05
0.0
0.00153738365093
1.15923852901e-06
0.0
2.17144809353e-08
5.86183834251e-05
0.0
0.0
0.0
0.0
0.000577250587052
2.73407102871e-05
1.16505708887e-05
0.0
6.49316097166e-06
0.000162302392316
0.00404835144123
6.87115729945e-06
0.0
0.000972821272452
0.0
0.0
0.00541816222322
9.99784099984e-05
0.0
0.000577250587052
0.00186672501552
3.4667150863e-05
0.0131021108224
1.4717600246e-07
0.0
0.0131021108224
1.27672108207e-06
0.0087549720068
0.0
0.00965796390902
0.0
9.50818283259e-05
0.0
0.0131021108224
0.0
0.0133356380025
2.34699590849e-06
0.00541816222322
1.11514555566e-05
0.0
0.00103519330897
0.0
1.96292645804e-05
0.00499352743169
0.0
0.0
0.000504756844813
0.0
0.00937796594382
0.00965796390902
0.00144824231544
0.0
0.0
0.0
0.000470650894796
0.00303600586738
0.00201064316302
0.000257010240477
0.0
0.0
3.44885671158e-05
2.41557580631e-09
0.00268934443964
0.000976457212662
2.38801408316e-06
0.000376267045341
7.10276953212e-06
0.00487402948259
6.79547720386e-06
0.0
2.31361179962e-05
0.0
0.0
0.000837283900948
0.0
0.0
0.0
4.91021602911e-10
3.97896904718e-08
9.99784099984e-05
2.71405242927e-08
0.000470650894796
0.000486720818807
0.00153738365093
0.00487402948259
0.000692306601117
0.0
0.00254275957045
0.0
0.000102225067642
4.74584964601e-15
2.00286261296e-07
0.00229631129221
0.0
0.00541816222322
0.0
0.0
0.0
0.00200405322086
0.0
0.00965796390902
0.0
0.0
0.0
0.00965796390902
7.28207491081e-06
0.0
0.0
0.0
9.73576465446e-05
0.0133356380025
0.0
0.0
0.0
0.0
6.11519346385e-09
9.93429579951e-06
0.00103519330897
1.53261738076e-06
0.00019312540685
0.0
0.0
2.26746996812e-05
0.00201064316302
0.00103519330897
7.18821848569e-06
0.00011839087342
0.000182892043952
0.0
0.0
0.0
0.00937796594382
0.0
0.00487402948259
8.08593839431e-07
0.0
0.00404835144123
0.0
1.36529990158e-05
0.000562555477583
0.0
4.21276882228e-05
0.0
0.0
0.0131021108224
0.0
0.000129543273846
0.0
5.9515023492e-07
0.000431009258264
0.0
0.0
0.0
0.00186672501552
0.0
0.0
0.00487402948259
3.52867575562e-05
5.21656644294e-05
0.0
0.00303600586738
0.00965796390902
0.00965796390902
6.87034279095e-05
0.0
1.7451930408e-07
0.0
0.00937796594382
0.0
5.0819870052e-05
0.0
1.95096078622e-05
0.00965796390902
8.10630110683e-05
0.0055611807877
0.000230467694498
7.80786074538e-05
0.0
5.01731953473e-14
0.0
3.93386296793e-08
0.0
0.0017973533302
5.59556552872e-08
0.0
0.0
3.19503569177e-07
0.00541816222322
0.0
0.0133356380025
0.0
0.0
0.0
0.0
0.0
0.0131021108224
3.89760525304e-05
4.0100617032e-08
0.0
0.0
0.000345331177952
0.0
2.73593865035e-09
0.0
0.0131021108224
0.000952302664913
0.000123279474423
0.0087549720068
0.00965796390902
0.0
2.02322205092e-05
0.0
0.0
3.05311005857e-08
0.00512369940323
0.0
1.48426449118e-05
0.0
9.83343680926e-06
0.0
0.0
1.43301951293e-08
0.0
0.00018725644815
0.00541816222322
0.0
0.0
3.44885671158e-05
0.0
0.0
0.0
0.00499352743169
0.0131021108224
0.0087549720068
8.10630110683e-05
0.0
0.00138684033041
0.000424401867851
0.0
0.00937796594382
0.0
3.43897994954e-05
0.0
0.000976457212662
0.0
0.0
0.0
0.0
0.00132273174975
0.0
1.76681764549e-06
0.0
0.0
0.0
0.0
0.0
0.000129875307843
0.0
0.0
0.0
0.0
2.64619655087e-06
4.56317301879e-09
0.0
0.0
0.0087549720068
1.2236919285e-06
0.0
0.0131021108224
0.000214476496968
0.0
1.20636891304e-06
6.20066732782e-08
0.0
0.0
0.000952302664913
0.0
8.71749827311e-09
0.00139185454765
0.0
0.0
1.00424944805e-05
2.06014748162e-06
0.00137073216257
0.0
0.0
0.000880115672846
0.0
0.0
0.00208899280083
0.0
0.0
0.0
0.0
0.0
0.0087549720068
3.66279361777e-05
0.000633010918754
0.0
0.00937796594382
0.0
2.80136870333e-08
0.000197720918486
2.22815454513e-05
0.0133356380025
0.00311533859296
1.53405997021e-06
0.0
2.96816455346e-05
0.0
0.0