500
0.0
0.0
0.0
0.0
0.00067866389715
0.0
0.0
0.0
0.0
0.0
0.0
0.0
0.0
0.0
0.0
7.75391915134e-05
0.0
7.0405065279e-05
0.0
0.00067866389715
0.0
0.0
0.0
0.00067866389715
0.0
0.0
0.0
0.0
0.0
0.0
0.0
0.0
0.0
0.0
0.00749810786159
0.0
0.000984724082871
0.0
0.0
0.00067866389715
0.0
0.0
0.0
0.0
0.0
0.0
0.0
0.0
0.0
0.0
0.0
0.0
0.0
0.0
0.0
0.0
0.0
1.64277109628e-05
0.000984724082871
0.0
0.0
0.0
0.0
0.0
0.000984724082871
0.000984724082871
0.0
0.0
0.0
0.0
0.0
0.0
0.0
0.0
0.0
0.0
0.0
0.0
0.0
0.00067866389715
0.0
2.64828620239e-05
0.00067866389715
0.0
0.0
0.0
0.0
0.0
0.0
0.0
0.0
0.0
0.00749810786159
0.0
8.26547804076e-06
0.0
8.5896472416e-05
0.0
0.00067866389715
0.00147233181328
0.0
0.0
0.0
0.0
0.0
0.0
0.0
0.0
0.00749810786159
0.0
0.0
0.0
0.000984724082871
0.0
0.0
0.0
0.0
0.0
0.0
0.000984724082871
0.00067866389715
0.0
0.0
0.0
8.01373947461e-05
0.0
0.0
0.0
0.00147233181328
0.0
0.0
0.0
0.00067866389715
0.0
0.0
0.0
0.0
0.0
0.0
0.0
0.0
0.0
0.0
0.0
0.0
0.0
0.0
0.0
0.0
0.0
0.0
0.0
0.0
0.0
0.0
0.0
0.0
0.0
0.0
0.0
0.00147233181328
0.0
0.0
0.0
0.0
0.0
0.0
0.00147233181328
0.0
6.15536867194e-06
0.0
0.0
0.0
0.0
0.0
0.0
0.0
0.0
0.0
0.0
0.0
0.0
0.0
0.0
0.0
0.0
0.0
0.0
0.0
0.0
0.0
0.0
0.0
0.0
0.0
0.0
0.000150562060269
0.0
0.0
0.0
0.0
0.000984724082871
0.0
0.0
0.0
0.0
0.0
0.0
0.0
0.0
0.0
0.0
0.0
0.0
0.0
0.0
0.0
0.00067866389715
0.0
0.0
0.0
0.000202864721946
0.0
0.0
0.0
0.00147233181328
0.0
0.0
0.0
0.0
0.0
7.0405065279e-05
0.000150562060269
0.0
0.0
0.0
0.0
0.0
0.00067866389715
0.0
0.0
0.0
0.0
0.0
0.0
0.0
0.0
0.0
0.0
0.0
0.0
0.000984724082871
0.0
0.0
0.0
0.0
0.00067866389715
0.0
0.0
0.0
0.0
0.000202864721946
2.61870051052e-06
0.0
0.0
5.54042065668e-05
0.0
0.0
0.0
0.0
0.0
0.0
0.0
0.0
0.0
0.0
0.0
0.0
1.31437663803e-05
0.0
0.0
0.000984724082871
0.0
0.0
0.0
0.0
0.0
0.0
0.0
0.0
0.0
0.0
0.0
0.0
0.0
0.0
0.0
0.0
0.0
0.0
0.0
0.0
0.0
0.0
0.0
0.0
5.54042065668e-05
0.000101399002416
0.0
0.0
0.0
0.0
0.000984724082871
0.0
0.0
0.0
0.0
0.0
0.0
0.0
0.0
0.0
0.0
0.0
0.000101399002416
0.0
0.0
0.0
0.0
0.0
0.0
0.0
0.000984724082871
0.0
0.0
0.00147233181328
0.0
0.00067866389715
0.00147233181328
0.0
0.0
0.0
0.0
0.00067866389715
0.0
0.0
0.0
0.0
0.0
0.0
0.0
0.0
0.0
0.0
0.0
0.0
0.0
0.0
0.0
0.0
0.0
0.00147233181328
0.0
0.0
0.0
0.0
0.000984724082871
0.0
0.0
7.97799737656e-05
7.0405065279e-05
0.0
0.0
0.0
0.0
0.000202864721946
0.000101399002416
0.0
0.0
0.0
0.0
0.0
0.0
0.000984724082871
0.0
0.0
0.000984724082871
0.0
0.0
0.0
0.00147233181328
0.0
0.00067866389715
0.0
0.0
0.0
0.0
0.0
0.0
0.0
0.0
0.0
0.0
0.0
0.0
0.0
0.0
0.000984724082871
0.0
0.0
0.0
0.0
0.0
0.0
0.0
0.0
0.0
0.0
0.0
8.85823956032e-06
0.0
0.00147233181328
0.0
0.0
0.0
0.0
0.0
0.0
0.0
0.0
0.0
0.000984724082871
0.0
0.0
0.0
0.0
0.0
0.00147233181328
0.0
0.0
0.0
0.0
0.000202864721946
0.0
0.0
0.0
0.000984724082871
0.0
0.0
0.0
0.0
0.0
0.00157314025637
0.0
0.0
0.00517608309426
0.000202864721946
0.0
0.0
0.0
0.0
0.0
0.0
0.0
3.90415459138e-05
0.0
0.0
0.0
0.0
0.0
0.0
0.0
0.0
0.0
0.0
0.0
8.92774713148e-05
0.0
0.0
0.0
0.000984724082871
0.0
0.0
0.0
0.0
0.0
0.0
0.0
0.0
0.0
0.0
0.0
0.0
0.0
0.0
0.00517608309426
7.97799737656e-05
0.0
7.0405065279e-05
0.0