500
0.0125373098524
0.00074165477998
0.0863825526134
0.00879335288693
2.71624299592e-07
0.0299082168097
0.0125373098524
0.00247944760501
5.71187737618e-08
0.000353879346846
1.1148308906e-07
2.56199821569e-06
0.00138569875814
0.000148357558649
0.00238079347526
0.000424075962308
6.48252055533e-07
4.63477874606e-07
0.000721897641155
3.06030546006e-08
6.08522618426e-05
0.0863825526134
0.0482120330601
0.0212340864654
1.05064323481e-05
0.000603506280297
3.81418092383e-05
0.000721897641155
0.0482120330601
0.00900584751084
0.00228666958822
2.4611733349e-05
3.27500417001e-08
0.0199284977106
0.0482120330601
1.77362411047e-09
0.00437290802217
0.0199284977106
2.57181020417e-13
1.03528576923e-08
2.33838018573e-06
0.000598829382072
0.000452224400667
0.000407187099891
0.0016307776194
0.0863825526134
1.18590622402e-11
8.80746004159e-05
6.74769229207e-05
0.00879335288693
5.95656215279e-09
7.10275586015e-08
3.12294684608e-05
0.00900584751084
2.33196389447e-09
1.45505101758e-12
1.55333748753e-09
0.0125373098524
8.81126507843e-07
0.0125373098524
0.0482120330601
0.00168082252298
0.00168082252298
0.00168082252298
0.00120397912905
0.0863825526134
8.8892462167e-06
3.86034452604e-06
0.000988284246436
0.000181896362028
0.0299082168097
2.45165007787e-05
0.0016307776194
2.69430666113e-06
2.28881699347e-13
2.97379505215e-07
0.0212340864654
0.0016307776194
0.0863825526134
0.00900584751084
0.0299082168097
0.00900584751084
0.00314042833083
0.0863825526134
0.000674147883639
0.0299082168097
3.46434052269e-06
0.00437290802217
0.00568641340486
0.000174613135254
0.0482120330601
0.000259515039114
0.0199284977106
0.0482120330601
1.42673082206e-10
0.0482120330601
0.0482120330601
4.58247186291e-09
0.00250910231449
0.0482120330601
1.52850565214e-05
4.58987971033e-05
0.0299082168097
0.000101546803312
0.00941600846659
4.22897105634e-06
6.24313828162e-20
7.40363459664e-06
9.04737514102e-07
7.70722186514e-07
3.22857067609e-07
1.79354170504e-08
0.0863825526134
0.00247944760501
0.00879335288693
4.52630005848e-12
0.000187491216048
0.0022858064581
1.45899479371e-05
0.00941600846659
1.33654115561e-11
0.00120397912905
0.0863825526134
0.000518556225476
1.01646421493e-10
0.0482120330601
0.000824301728565
0.000125024583335
0.0299082168097
2.75016955492e-06
1.24033105642e-09
0.000107265276287
0.00228666958822
0.000125685079661
0.000721897641155
2.33541765646e-05
0.0482120330601
4.49148149259e-08
8.07439890339e-06
1.03215365141e-08
0.0125373098524
7.05299815138e-15
7.88762834619e-10
2.25696585224e-05
1.07239730617e-15
2.09101763033e-06
6.21620784026e-08
1.50536892265e-05
7.67865687235e-06
0.00879335288693
1.19174462719e-05
0.000116873520351
2.0553142142e-06
2.38620561773e-07
7.76408085853e-07
0.0482120330601
0.000246646138062
0.0212340864654
5.14687092203e-09
0.00250910231449
0.00234192780433
0.0482120330601
0.0482120330601
5.70407384938e-11
2.13187837804e-08
0.000824301728565
0.0482120330601
0.0482120330601
0.00879335288693
0.0863825526134
8.8558956799e-07
6.82378490802e-06
0.000427267348823
1.05254603261e-07
2.83178774055e-06
0.000582465818796
0.000225865499911
2.48312964812e-10
0.0299082168097
0.0199284977106
1.69836618897e-08
3.59517304902e-11
0.0125373098524
9.7410943062e-05
0.000155722732173
9.58305204149e-10
1.95625226614e-06
1.13924338653e-06
0.0299082168097
0.0482120330601
0.0016307776194
0.0863825526134
0.00215663532864
0.0126304577816
0.0482120330601
0.0299082168097
3.46700657371e-05
0.0863825526134
0.0299082168097
0.0299082168097
0.0482120330601
0.000506320796221
0.0482120330601
0.0482120330601
0.00568641340486
0.0299082168097
0.00123837119798
5.23216669767e-13
8.95857419876e-11
2.14268231953e-16
0.000125024583335
2.29094445045e-12
0.00941600846659
0.00879335288693
3.88875830937e-07
4.12781221235e-06
5.12708999143e-05
0.0863825526134
0.0125373098524
0.000259515039114
0.00337378975325
0.000797571082165
4.59529560738e-11
0.000175416912902
0.0299082168097
1.18495063498e-06
2.83813794316e-06
0.00879335288693
0.00168082252298
0.000289408771182
4.65638326344e-08
1.97038484654e-05
2.50011265554e-09
0.000196982056282
4.49097566957e-09
0.000407187099891
4.89646875883e-13
0.00277604632502
0.0482120330601
0.0299082168097
0.000111098271492
1.19379013861e-13
0.00330889310503
0.00879335288693
6.74769229207e-05
4.09649773684e-06
8.07439890339e-06
3.93615388372e-11
4.79354915697e-08
3.66792263415e-06
1.07361911167e-10
9.92893706696e-06
8.80746004159e-05
2.11026801462e-06
0.0482120330601
1.13983284789e-06
3.31099526376e-07
0.0016307776194
0.00369620558521
0.000211749320493
2.05275078062e-07
6.41401495156e-06
0.0482120330601
0.0482120330601
7.30226221526e-06
6.97265470828e-06
0.000353879346846
6.24638371267e-10
0.000125024583335
5.92760731853e-06
0.00065248012107
1.63799447052e-08
0.00879335288693
0.00120397912905
1.86021077366e-07
0.0299082168097
0.000296042978084
0.0482120330601
0.00941600846659
0.0482120330601
0.0299082168097
4.66480424725e-07
6.56171576359e-05
0.00025259752167
0.0863825526134
1.42212198454e-06
0.0863825526134
0.000824301728565
0.0482120330601
0.0482120330601
0.0482120330601
0.0125373098524
4.424700033e-05
0.0125373098524
0.0482120330601
0.0863825526134
0.000452562769067
0.00018440413952
2.28031304848e-05
0.00123837119798
1.82552214863e-12
4.9877476609e-06
0.00247944760501
0.0863825526134
0.00250910231449
3.4329648174e-10
8.25769925135e-05
0.000251791813664
5.88114125493e-08
0.00065248012107
9.22687089418e-13
0.0482120330601
0.000343544363357
0.0482120330601
0.000904672524967
0.0863825526134
0.0482120330601
7.42227758526e-12
0.00163093277403
6.39425342428e-06
0.0482120330601
7.3181015642e-09
0.0299082168097
1.13695844593e-06
0.000721897641155
0.00163093277403
0.000190088397111
3.59919168814e-08
0.00065248012107
1.74809077653e-05
0.000392379945498
0.0016307776194
1.20985464323e-12
0.0299082168097
0.000424075962308
0.0482120330601
0.0863825526134
2.65996707181e-10
0.00900584751084
0.000598829382072
0.00247944760501
0.0125373098524
0.0863825526134
3.28427799014e-06
0.0212340864654
0.000549250234979
0.0299082168097
0.0299082168097
6.40932166654e-05
4.04281395682e-09
9.90230132112e-12
9.99986737588e-12
0.0482120330601
8.04181371629e-09
0.0863825526134
0.00277604632502
0.000644768554937
6.23310650221e-10
0.00215663532864
2.32569886809e-05
0.0125373098524
0.0299082168097
1.06333374194e-05
0.0299082168097
1.92483023967e-06
0.0299082168097
7.74709518674e-07
0.0482120330601
3.47238963642e-09
2.01555593563e-11
6.05185291687e-08
6.1416530916e-18
3.1731997133e-07
0.0482120330601
5.11883006716e-07
1.38106742138e-10
2.96581457365e-06
4.4799024434e-10
0.00879335288693
0.00879335288693
6.74769229207e-05
0.0212340864654
0.000824301728565
0.00277604632502
4.62928691248e-08
2.3306236285e-09
0.0299082168097
0.000130597839101
2.87726879203e-06
0.00369620558521
0.000159844601224
0.0126304577816
0.00900584751084
0.00218427264557
1.3351698309e-13
9.27316308161e-08
1.24901359298e-20
3.95221612654e-15
2.54516886868e-12
7.73468644808e-05
6.13041724047e-07
1.10544201888e-06
1.34808265517e-07
0.000144124230916
0.0482120330601
1.50365212544e-08
6.6979384335e-16
9.31232474817e-11
0.0125373098524
0.0482120330601
0.0299082168097
0.0199284977106
0.0863825526134
2.34502401654e-11
0.0212340864654
0.00120397912905
0.0482120330601
5.0666203029e-11
4.8309696794e-05
0.000296042978084
0.0125373098524
2.01235449526e-06
0.0482120330601
0.00314042833083
0.0863825526134
9.83885796591e-10
0.0299082168097
0.0482120330601
3.85331480342e-11
0.0863825526134
8.48706772886e-05
3.14032260565e-06
0.00900584751084
0.0482120330601
0.0863825526134
0.000134940757768
1.56661895057e-05
6.22735080408e-06
8.13736168998e-09
1.05223636897e-17
1.17529005189e-08
0.0016307776194
2.30666844549e-09
1.06264681035e-09
0.000259515039114
0.0482120330601
1.50821841308e-07
0.002710486566
8.8769243508e-08
0.000506320796221
0.000669588240614
0.002710486566
0.000296042978084
3.50151756624e-06
0.00163093277403
0.0482120330601
0.000343544363357
6.51595081377e-07
0.000824301728565
0.00238079347526
1.85961763948e-12
0.000824301728565
1.10756859406e-13
0.0125373098524
0.0482120330601
9.58981072916e-06
0.0482120330601
2.15358048908e-06
0.0299082168097
1.20253086803e-11
0.000594413095834
0.0022858064581
0.0016307776194
1.37533602196e-13
1.10696972588e-06
0.000296042978084
9.49766119534e-05
1.44851020273e-05
3.26171676796e-23
0.00238079347526
9.40795726916e-26
0.00074165477998
3.49846918664e-11
0.00879335288693
6.07816442028e-07
1.16039929121e-08
0.0299082168097
0.000189728810547
0.0482120330601
2.03550239648e-11
0.0482120330601
4.50479460605e-06
0.00168082252298
0.000343544363357
1.51323288567e-07
1.14357021772e-05
1.67939829958e-11
0.0125373098524
3.87326383187e-06
0.00058523542696