500
0.00211850889038
0.0211223616062
1.31700795634e-10
0.0
0.00077933047935
0.00399650975193
0.0296840846827
1.36441482338e-11
0.0296840846827
0.00393130056985
4.40713480347e-05
0.000863234382498
0.0
0.0018734623187
9.44096740198e-08
0.00160520148915
5.69784207574e-06
1.38069175824e-11
0.000631988183553
3.06981624295e-06
0.0029174107616
0.0029174107616
8.13457848021e-13
0.000942175660364
0.00972033620628
0.000347960432825
0.000983261374439
0.0
0.0
0.00211850889038
1.7218021492e-05
1.70345294774e-14
0.0
0.00393130056985
0.00211850889038
0.000317725130287
0.00419615043143
0.0
0.0102319374421
0.00393130056985
0.0211223616062
0.0
0.00336498997507
5.22932576927e-10
1.35999258994e-06
3.92434453322e-32
0.0
0.000418602860006
0.0
0.00393130056985
0.00490794855495
9.64642270874e-05
0.0
0.0296840846827
5.26699976876e-09
1.03548150437e-05
2.39875023335e-09
0.0119631104707
1.29293642986e-08
0.0
0.0
0.0
3.72933053621e-17
1.2264137264e-16
0.0
0.0296840846827
0.0296840846827
0.0119631104707
0.0119631104707
7.4419172574e-06
5.90664477832e-12
0.0102319374421
0.0018734623187
1.74359096998e-06
0.0
7.92377092174e-05
0.000631988183553
2.01595025521e-08
0.0296840846827
4.33814829445e-10
0.0
0.00972033620628
0.0102319374421
0.0
4.52489417989e-06
0.0
4.80815899285e-06
0.000289583794639
0.0007101784138
0.0
0.0018734623187
0.000893472414534
0.00336498997507
0.00419615043143
0.0296840846827
0.00399650975193
0.000422405801141
0.00393130056985
4.58928407905e-06
0.000101986424269
1.04754205139e-10
0.00972033620628
0.0296840846827
0.0296840846827
2.66325184413e-15
0.00336498997507
0.0296840846827
0.0102319374421
0.00393130056985
5.26196133883e-05
0.0
7.19759777761e-06
0.00387229335624
0.00393130056985
6.67608656017e-05
1.11425944602e-08
0.0
0.000893472414534
4.26236253387e-07
0.00419615043143
0.0
0.0
0.00972033620628
3.76678774304e-09
2.38124400623e-06
0.000289583794639
2.19444584167e-12
0.0296840846827
1.4885232993e-21
0.0296840846827
0.000893472414534
0.0
1.63227873415e-17
0.0
0.000744784313595
2.25770320342e-05
1.46451688304e-07
0.0
9.30411034973e-06
0.000744784313595
1.76474175499e-09
1.33960506666e-05
0.0211223616062
2.11491624851e-07
3.29089629687e-07
7.35168401981e-07
4.44539203573e-15
3.71129806598e-09
0.0102319374421
0.0119631104707
1.46377320229e-07
2.63329269358e-07
0.00130112988321
0.000917748904948
6.12450976053e-06
2.89314178712e-07
0.0
8.34238248748e-05
0.000893472414534
0.00419615043143
0.000488954877915
0.00942170801975
0.000893472414534
4.69956405358e-11
8.52164630941e-05
0.0
6.32500422299e-07
9.94440092469e-06
0.0
2.88703974865e-06
0.0119631104707
0.00942170801975
0.0
2.07632475297e-08
0.0296840846827
0.0
0.00490794855495
0.0102319374421
0.0016269443912
0.00291643631609
0.00336498997507
0.000380089055485
8.96295747354e-05
0.00387229335624
0.000917748904948
0.0
3.49272090383e-06
1.70592241627e-13
0.00387229335624
0.00399650975193
0.0
0.0
7.7178691042e-08
2.63889212989e-10
1.14371558874e-05
0.0296840846827
1.49876870087e-05
0.00160520148915
0.00419615043143
0.00972033620628
0.00121713280437
0.00393130056985
0.000245784357967
0.0
2.0627905727e-05
9.82074541972e-11
0.0296840846827
0.000863234382498
1.64574318722e-11
0.000693373380455
0.0
0.000762300786569
4.70652744188e-05
5.34017505446e-06
0.0
0.00972033620628
0.0
0.000370130924616
2.09008742493e-07
2.10560960782e-06
2.62543070852e-05
0.0296840846827
0.0
0.000893472414534
3.49480774359e-05
0.0119631104707
7.11558750823e-10
0.0102319374421
5.02206738082e-09
0.000744784313595
0.0211223616062
0.0
1.28535905673e-13
0.0
0.00972033620628
0.000387503902556
5.5428185173e-05
0.00160520148915
3.64395050612e-05
0.0119631104707
2.97753747075e-09
0.000289583794639
1.69929044378e-06
6.47773772097e-11
6.48204057319e-12
7.0246363501e-09
0.00108140006006
3.64044976725e-10
0.00972033620628
7.63017925133e-09
0.0018734623187
0.000198875051308
0.00393130056985
1.26588479344e-09
0.0296840846827
0.0102319374421
0.0
0.0296840846827
0.0296840846827
5.26196133883e-05
0.00972033620628
0.000293993936703
0.0102319374421
0.00490794855495
5.64428004025e-09
0.0102319374421
0.000141473996908
0.000579529872947
0.00121713280437
1.25189764569e-14
0.0
0.00393130056985
1.16637810909e-05
0.0
3.22530370627e-07
0.000893472414534
3.14843249189e-06
3.14843249189e-06
0.0102319374421
6.25893609273e-08
0.000158897119584
0.000953315787795
0.0102319374421
3.02116529132e-05
0.000293099117773
6.47924055628e-10
0.0
0.00972033620628
5.71228905602e-11
0.0
4.06587187226e-09
1.45875879651e-06
0.0
2.95742621515e-08
0.00942170801975
0.0296840846827
1.10761744377e-09
2.19942572563e-12
0.00972033620628
6.81305821022e-07
0.0
0.00291643631609
0.0029174107616
0.00399650975193
4.94536654433e-09
0.00972033620628
0.0102319374421
0.00121713280437
6.36426163327e-08
5.80321478735e-10
0.0
0.0
1.16637810909e-05
0.00490794855495
8.87921314548e-07
6.70150281107e-10
0.000153071951751
0.00121713280437
6.59345871656e-08
0.00399650975193
0.0119631104707
0.00031604992305
2.75570250211e-06
0.00393130056985
3.95073791629e-15
6.99349990448e-05
0.0119631104707
2.6562999498e-19
2.30575572843e-05
2.92496333528e-05
2.90630042746e-11
0.00972033620628
8.34238248748e-05
0.00490794855495
4.05387534776e-11
0.000942175660364
0.000450290082232
0.0029174107616
1.41540082053e-15
0.0
0.00211850889038
0.0296840846827
5.1789936667e-05
2.56539444815e-08
2.43638313001e-11
0.0296840846827
2.47333526074e-05
5.31687138809e-06
0.0
0.00942170801975
0.0296840846827
0.0
1.67915445795e-08
0.0296840846827
0.0
6.93682134265e-08
0.00108140006006
0.00972033620628
1.17689961902e-11
0.0
5.6904662028e-26
3.76997749414e-06
0.000317725130287
3.4632333081e-05
0.00490794855495
0.0296840846827
0.00972033620628
7.44766186457e-08
0.0102319374421
0.00077933047935
0.00972033620628
0.000317725130287
0.000693373380455
3.27633536989e-06
0.00211850889038
0.0296840846827
5.23297942976e-05
0.0
0.0119631104707
1.06774689412e-05
0.0
1.0974169215e-09
0.000191974739404
0.00942170801975
0.0172234923361
9.85600419078e-06
0.00291643631609
1.98063839725e-06
0.0
2.30800454729e-06
0.0
0.0
6.46244273654e-06
9.46437401053e-11
1.64072386875e-05
0.000223522010769
0.000893472414534
1.29638187604e-11
0.00972033620628
0.0
0.000128784409334
0.00419615043143
0.0
0.0
0.00014395428372
0.0029174107616
0.00972033620628
9.32295341827e-13
0.00972033620628
0.00393130056985
1.3565071032e-14
0.000942175660364
5.65632017776e-05
0.00399650975193
0.00211850889038
0.00118598272122
0.00942170801975
1.85472863288e-07
0.00972033620628
0.0
0.00160520148915
0.00393130056985
0.0
0.00393130056985
0.0
4.67894336284e-06
9.34114989742e-06
0.0
5.99854189388e-19
0.000370130924616
0.0102319374421
0.0
0.0
0.0
0.000151249782104
4.22415923012e-12
0.0
0.0029174107616
0.0
0.00972033620628
0.000245784357967
1.39490153848e-05
8.4913601585e-11
0.0
0.00972033620628
3.87884559984e-12
0.00336498997507
0.00942170801975
0.0
7.81271985129e-11
0.0
0.00160520148915
0.0
0.00972033620628
0.0296840846827
0.000327046417618
0.0296840846827
2.83258454567e-06
4.81147985951e-08
1.66886491639e-06
0.00419615043143
1.91951268631e-15
3.27633536989e-06
0.000422405801141
0.0
0.00336498997507
6.50380499146e-06
0.00399650975193
4.3483759172e-05
3.70876280818e-06
0.0
0.0
0.000367869358006
0.00118598272122
0.00972033620628
2.14020357898e-07
0.0
0.000893472414534
0.00419615043143
2.85717191206e-07
0.0
3.68023023739e-05
0.000141473996908
0.0029174107616
3.91282052103e-06
7.22951376624e-06
0.00336498997507
0.000317725130287
3.33768440677e-15
0.0
0.0119631104707
0.000101986424269
0.0119631104707
0.000370130924616
0.00399650975193
0.00972033620628
8.07377895349e-12
6.70069258666e-10
0.000631988183553
0.000893472414534