500
3.6301756279e-12
0.0184371156961
2.7291802517e-24
1.83613938233e-06
1.60194057227e-05
1.95351892535e-17
7.65912513611e-39
4.52276110193e-47
7.23042344583e-05
0.000701182004334
3.0397623889e-06
2.2292522206e-22
9.27498907644e-07
6.20733600332e-09
3.28613606062e-10
2.63748530098e-05
0.000572870313538
6.13692021864e-13
3.42925509593e-08
1.42212063112e-10
7.44792796734e-09
0.00353085091262
2.05435875421e-05
2.73581341447e-19
2.04056617866e-53
0.000351759197818
8.2438639668e-05
1.39614541449e-05
1.4788762088e-06
0.000182183617599
1.74449402969e-08
4.88163908645e-06
0.00337823406834
0.00358479799848
3.68791376965e-19
0.0
5.55818285122e-07
3.72315800527e-09
2.1563704385e-08
6.00008013846e-12
0.00353085091262
0.0184371156961
4.61453569493e-11
0.000460959333504
0.00255362034381
3.47951543482e-29
0.0184371156961
5.53768620914e-69
1.82902372539e-05
1.91392553164e-07
1.32383131228e-07
8.73351417109e-09
6.42377046603e-57
1.54384380724e-31
3.73532307191e-09
3.56820945937e-07
5.69853125408e-11
2.27619627676e-21
0.00353085091262
1.26079250858e-12
3.71653024444e-05
7.08178884545e-10
1.69294066049e-12
8.967839265e-16
2.26308850525e-16
1.32386887599e-09
6.01265458549e-26
1.65327547008e-51
0.000446965558339
6.27962752956e-07
0.0184371156961
5.98072698807e-08
6.84571661102e-75
4.01622954087e-05
0.0184371156961
4.18458917647e-09
9.12297186415e-05
3.89150326591e-16
2.02029172955e-28
0.00348400116185
0.000660600690775
5.10239068131e-07
0.000557488446992
3.19839141877e-05
2.1342951459e-07
1.06444028991e-11
2.3607389245e-16
4.8450866107e-07
1.93204892381e-05
3.18927269627e-14
8.94973203309e-11
0.00081302616437
6.75270350679e-21
0.00081302616437
6.90486988202e-05
6.55203301977e-10
0.000244373166901
5.54826816731e-10
0.00272956073148
7.75584352779e-08
1.10248479258e-17
8.23533993573e-06
5.9500135049e-09
1.60468417243e-14
0.0184371156961
7.92476722077e-08
3.25557090322e-07
0.000121554134806
0.000660600690775
2.24835382565e-11
1.60987561086e-05
3.24867284142e-10
9.4360024588e-08
1.80814423332e-06
9.84686620249e-33
1.89808000737e-42
1.6014763933e-08
1.16752936581e-08
5.47939858665e-07
0.00348400116185
2.63650966822e-06
2.78353002839e-07
1.48098337277e-05
2.65045368528e-10
0.00353085091262
1.03154198302e-09
4.93800946166e-09
0.000121554134806
6.52420625027e-48
0.000643256859756
0.0184371156961
3.47708115099e-10
2.88736382524e-15
1.97294654405e-09
0.00037677211635
3.85378014516e-26
3.11346156449e-07
2.40833101897e-17
3.8829318338e-05
0.000441135865155
4.48577598513e-22
3.00338548739e-08
4.62555575795e-28
1.35562365393e-33
1.86884547514e-32
2.90195090469e-09
3.63547815057e-20
4.1963085104e-12
2.21135406049e-13
3.5061161412e-13
7.86694642887e-17
5.48118649242e-10
4.52764547121e-24
1.92995959665e-25
0.000247956487624
0.000643256859756
2.29411180546e-05
2.38891892293e-22
3.70850944442e-07
4.53048960189e-26
8.75462175899e-15
7.2850359732e-12
1.92831867912e-14
3.28855904775e-39
6.38573651454e-13
1.14122632298e-08
4.0721214667e-12
2.37277716599e-29
3.64666637254e-09
5.52015924088e-53
0.000116731879692
2.3295733482e-08
2.24090584854e-09
0.00348400116185
5.40877782403e-15
2.0180359092e-05
1.89877719296e-10
0.00348400116185
1.33788241922e-43
6.58306037098e-11
1.29435229256e-11
2.43147704348e-05
1.05291827885e-11
6.63405519607e-06
9.04043167566e-21
0.0
4.76372224456e-45
2.31497167798e-08
0.00114003370796
2.63264601286e-09
1.36189777331e-17
4.68861020573e-13
0.0184371156961
2.51689517378e-05
0.00184735675632
2.07052037858e-07
0.00255362034381
4.93329041156e-10
1.86230222016e-07
7.92097960579e-11
3.99448598007e-06
8.08564735358e-25
3.33332567112e-11
4.80923645158e-06
0.0
3.62987088966e-05
3.79063765575e-16
0.00272956073148
1.53602305173e-05
7.45891181189e-09
1.85552579683e-29
2.70212596261e-06
3.6535360857e-10
1.10158150776e-10
0.0
0.00336912126868
1.27982252731e-11
4.19669946072e-26
6.47659477861e-06
0.0184371156961
0.000689378196563
0.000398820453982
0.000186290219962
0.000244419074385
2.18469478469e-14
7.44468065312e-25
2.91773001414e-13
2.46867410292e-05
0.000162040367292
4.78338622019e-21
1.14181842991e-06
0.00295019390608
1.10757690458e-07
1.0151884516e-11
0.000572870313538
2.27995237471e-21
0.000114609447636
7.96908175549e-18
1.778346925e-08
6.66482246572e-09
1.89104653922e-09
1.84112408983e-11
0.000336019579552
7.4103480493e-06
2.388338899e-07
3.15130684554e-05
0.0184371156961
0.00272956073148
2.61492504203e-05
4.57711965052e-08
2.05435875421e-05
2.12419579907e-15
2.12393128488e-12
1.29375212063e-32
2.77878747635e-16
7.073778475e-06
0.00336912126868
7.40949608741e-09
2.66666549858e-05
5.31260287421e-07
1.60987561086e-05
0.000439028485875
7.55379096105e-08
3.91964120364e-46
0.00272956073148
2.53657155863e-28
0.0184371156961
2.21577970839e-06
6.11361530029e-06
1.575159579e-07
3.45827818273e-11
2.58542410928e-10
3.65366911473e-08
8.92440785448e-15
4.64287645996e-26
0.000643256859756
3.62576487888e-05
1.047814333e-09
1.31032251817e-09
2.38862204085e-29
2.77618730065e-07
0.000689378196563
9.42706395391e-09
5.95341452023e-07
6.90359826575e-05
2.12434574492e-12
2.80007037837e-25
1.36199510226e-72
1.23642611272e-07
3.91885047164e-15
0.00101266462284
3.31716424245e-07
2.29352169203e-13
8.15846416454e-26
3.30859364218e-06
1.09787747399e-47
7.2733887609e-06
1.45872946362e-08
2.41973063332e-19
0.0184371156961
4.3724361261e-09
0.0184371156961
0.000446965558339
4.12452211854e-08
1.55126986915e-57
8.43784182292e-07
2.07652789708e-21
5.66977745266e-29
0.000361141238791
3.20082629687e-25
3.63137249817e-05
5.49057599025e-13
1.78309523104e-26
0.00348400116185
2.08781145995e-24
2.29656160299e-10
0.000699678392568
4.65002613765e-05
1.59521147747e-13
1.9344389644e-13
3.55959923578e-53
0.00348400116185
3.07871791557e-08
1.30673049179e-30
2.63645042918e-18
2.14032729519e-12
1.50585286869e-05
3.63037385414e-14
2.99611981694e-07
2.33282184479e-08
9.2771607806e-05
5.79923340641e-05
0.00272956073148
5.84500383059e-08
0.000295602670975
2.30804294485e-12
5.24964908782e-08
5.16092422045e-19
7.5793412367e-05
1.08344073381e-05
5.73223922711e-12
1.82515266974e-09
0.00243936789002
1.66307064385e-29
4.51826745011e-15
2.61988887032e-08
0.00348400116185
3.15130684554e-05
2.59516017557e-25
0.00272956073148
1.58243451585e-10
2.92678998485e-15
2.34876911089e-12
6.01775357229e-09
0.00114003370796
2.16202398771e-15
0.000782102549089
0.00255362034381
7.538867205e-41
2.0791176815e-20
4.33835795822e-18
1.72298988774e-65
1.21890222668e-08
1.58671434136e-08
1.28538171882e-55
1.33833760526e-07
1.01680896334e-06
1.9474771955e-53
0.0184371156961
0.00358479799848
1.31306191876e-05
2.04460734333e-06
0.0184371156961
3.25928861521e-11
0.000503279058385
9.09810740311e-37
9.81613615955e-27
9.00460621087e-10
1.72261153373e-05
0.000643256859756
1.34955309532e-29
0.000336019579552
1.67979345997e-06
0.0184371156961
1.29347966358e-15
8.70707654417e-09
2.46209795488e-21
5.79874953804e-20
1.91515955866e-11
2.93060566924e-08
4.4996658714e-17
0.000410922762923
1.91650143063e-20
0.0184371156961
5.1151563456e-24
5.65988082843e-14
1.75307458449e-05
2.76727015671e-05
2.4721950668e-07
2.31602231455e-21
1.35437131049e-05
1.05070358024e-06
4.89081624524e-09
3.73074127289e-45
0.0184371156961
7.41314671887e-12
3.01941173862e-25
2.25648893798e-11
2.54841831512e-13
0.000275109489662
3.42415176195e-23
2.33832088728e-33
0.00184735675632
0.00255362034381
1.48267637518e-22
6.36395562477e-05
1.69018235744e-21
4.05320707761e-11
2.72384088125e-20
1.55606240751e-06
1.02847088704e-23
6.18096020925e-18
2.64232767672e-12
2.84542000841e-08
9.68392438814e-22
1.03611128753e-49
6.04931273923e-05
0.00336912126868
1.10302003638e-16
1.23627842238e-16
0.000155024398427
9.03809060446e-26
0.0184371156961
6.59245920696e-21
2.32598065621e-08
0.00184735675632
2.69251358207e-52
0.000897169827666
1.39493079726e-30
1.40004078019e-07
0.00255362034381
0.000336019579552
5.76644607238e-14
6.92320854841e-60
1.59715876205e-17
0.00190519453512
9.77031611195e-20
8.01385398466e-11
9.92236907587e-22
1.63522180712e-11
2.76727015671e-05
7.7966407388e-15
6.0342569855e-22
1.77979441926e-21
3.53392852823e-05
0.000865072621114
6.02450506317e-06
1.13235333289e-29
2.13797497673e-11
1.00836465559e-34
0.00348400116185
1.69124465183e-22
1.75904985947e-28
8.0298022795e-10
0.00348400116185
5.45926991579e-05
3.30691182584e-05
0.000336019579552
8.25763084027e-08
0.00272956073148
0.000410922762923
3.82480476094e-08
3.19553161962e-05
2.2875581058e-16
1.84484677114e-05
9.24477843732e-08
0.0184371156961
2.53938992194e-17
0.00184735675632
3.17975570277e-14
1.81145903946e-07
3.85842491046e-32
1.55358914237e-11
3.02567568458e-14
1.27382786797e-13
2.27537318893e-05
6.53323969927e-20
1.69633354563e-20
1.20879275806e-16
0.00243936789002
4.51660933188e-14
7.23387370482e-32
5.33153513938e-05
4.52101524254e-52
0.00358479799848
0.00358479799848
0.0184371156961
1.04588597143e-05
1.00913857221e-33
8.81362471882e-12