500
1.0071208543e-09
0.0
0.0
0.0
0.0
1.35761177969e-06
0.00152624285344
9.47431081655e-29
0.0
2.31877693376e-10
0.0
0.0
1.20957764173e-09
4.45710663239e-05
2.47955129537e-07
4.06593072706e-06
0.0
3.31396615188e-05
0.0
3.31396615188e-05
3.31396615188e-05
0.0
4.98343058554e-05
9.45222921879e-05
0.00101615963744
0.000423647968418
1.29249583325e-05
5.18693519054e-16
5.37494170546e-13
0.0
4.38963960767e-10
0.00152624285344
4.98343058554e-05
4.90235764959e-11
0.00036884459409
0.0
0.0
0.00048806544485
3.03182082859e-06
8.8631981718e-09
0.00152624285344
1.55923634151e-15
0.0
0.00986333911793
0.0
0.0
1.19728865015e-11
1.5253814292e-06
3.48055854842e-07
1.13661507801e-09
1.35983034555e-22
0.000423647968418
1.90439935602e-05
0.0104677683426
9.57367860231e-11
0.0
2.13006991122e-08
3.14427062512e-06
0.0
0.0
0.0
0.0
1.38794922848e-06
3.31396615188e-05
0.000126054150631
0.0
0.0
1.73584803835e-16
0.0
2.63701370984e-07
0.00948340362461
0.000915624561719
3.31129907839e-09
0.0
5.04908690491e-06
5.69320290768e-06
1.18363386158e-07
1.74206093484e-10
8.27760101513e-10
0.000107907615142
1.66782954037e-09
5.97743382878e-26
3.31396615188e-05
8.25997615234e-05
0.00152624285344
1.77049975184e-18
0.00152624285344
6.33292224316e-08
8.37187516751e-09
5.69320290768e-06
8.39889833076e-05
1.9582051831e-05
9.66126487183e-13
0.00948340362461
0.0
0.000423647968418
3.31396615188e-05
2.16406292768e-09
8.65612437977e-08
0.000423647968418
0.000275782632081
5.86755854355e-05
0.000423647968418
0.0
4.03197261152e-13
0.00152624285344
1.55007235115e-06
6.4620157881e-05
3.08043711029e-11
6.25575045762e-05
1.01520191885e-05
1.34553189551e-26
1.41498088374e-07
3.82824457961e-06
5.42654467322e-09
0.00036884459409
2.12615131741e-19
9.94889779246e-11
7.17139149516e-07
0.0
2.21705876626e-14
0.000107907615142
0.0
0.00105438079735
3.31396615188e-05
1.11023407221e-10
3.93017885658e-06
1.86608101362e-11
9.32899304371e-08
0.00152624285344
0.00127562067912
3.03852550825e-09
0.0
1.05056331823e-12
0.00395038000114
3.82638100112e-12
1.11077206525e-14
0.0
7.91295552015e-09
0.0
0.000423647968418
3.84063559317e-06
2.52501407466e-08
0.0
2.23679461515e-18
9.46252806158e-11
7.86566003958e-06
0.00127562067912
2.14548477613e-13
0.0
1.90439935602e-05
1.50026442873e-20
0.000132409095376
1.81180607563e-08
0.0
6.67831369895e-05
8.76410492727e-12
1.61143980554e-20
0.00702656330736
6.91503102207e-08
0.0
6.44129011855e-06
3.31396615188e-05
5.69320290768e-06
2.68183782077e-15
5.37144336288e-06
0.0
3.6892409262e-07
0.0
1.23174757763e-16
3.96201459294e-08
0.00101615963744
1.53651937045e-22
1.03046021048e-11
1.1955665394e-14
0.0
0.0
0.000266106201603
0.0
1.66393045077e-05
0.0
0.0
6.48137682157e-06
0.000142841196159
1.41244188651e-10
1.29249583325e-05
8.39889833076e-05
1.58311342676e-12
3.01362507484e-14
2.01202997954e-05
4.78018130634e-13
8.88424796912e-09
0.0
0.0
0.00078033187139
6.30288013472e-07
2.5605244133e-06
9.68439180601e-06
1.34321921055e-05
0.000643769118273
2.99202932068e-06
2.52501407466e-08
4.44267601945e-09
1.74200496995e-07
3.31396615188e-05
3.31396615188e-05
3.11042248766e-05
1.95973339843e-07
2.5512500056e-18
5.76369551746e-10
1.6578201964e-08
1.0637641717e-11
0.0
0.00152624285344
0.0
0.0
1.97195370244e-07
4.89722162987e-14
6.45708415074e-06
2.27985436871e-07
3.50756228694e-07
7.6964921294e-17
9.09706101257e-09
1.66393045077e-05
0.0
0.0
1.86079225589e-10
6.67831369895e-05
1.0406708249e-05
1.58389823259e-13
3.53988646357e-06
0.000423647968418
8.0862715352e-06
3.55470531968e-12
0.00152624285344
5.69320290768e-06
0.0293377026682
9.20568055525e-13
2.31840993103e-08
1.57103693788e-07
2.51094672144e-16
6.68587479552e-09
0.0
0.0
1.53214998999e-14
0.0
4.97528264306e-09
0.0
8.65612437977e-08
8.97142527269e-12
3.14427062512e-06
0.0
0.0
6.4620157881e-05
1.35383971653e-05
2.52501407466e-08
5.98193044398e-18
1.25240184311e-13
1.13122758128e-05
6.74034004502e-11
0.0
0.0
1.10682713281e-09
6.69303558561e-08
1.05898758078e-19
0.0
0.0
1.34020290717e-13
0.000423647968418
1.02680949159e-09
0.00152624285344
9.68439180601e-06
6.8072242001e-08
4.06593072706e-06
2.03820938342e-08
2.01852996651e-17
0.0
3.56111555305e-11
9.68439180601e-06
5.3844185416e-05
7.83377734793e-05
3.86664704565e-11
1.38794922848e-06
1.38794922848e-06
5.69320290768e-06
0.0
6.32821336351e-05
0.0
0.000120410860197
0.0
3.31396615188e-05
0.0
7.08604541651e-09
0.0
6.4620157881e-05
1.5820164829e-09
0.00152624285344
3.66481378729e-13
1.89803381731e-08
3.837536617e-06
3.83033232424e-08
8.35000328014e-08
0.0
0.0
3.59586960615e-05
2.45711008292e-13
0.0
5.55651053676e-07
3.31396615188e-05
1.90439935602e-05
3.31396615188e-05
1.355975373e-06
0.00152624285344
4.28957866318e-08
0.0
2.61409856608e-20
2.06374325069e-07
4.92617174885e-07
0.00152624285344
4.51905774383e-12
0.00152624285344
7.87674364311e-14
2.52289222538e-05
0.0
0.00702656330736
1.08123400697e-07
0.0
8.02782108453e-08
5.92180905775e-11
0.000100099505303
3.39179185838e-07
2.0592764931e-10
0.000423647968418
5.69320290768e-06
0.000423647968418
3.31396615188e-05
3.31396615188e-05
9.71652736428e-08
7.01287691717e-12
8.49680369096e-17
3.31396615188e-05
0.0
0.000643769118273
1.45261083134e-15
0.0
9.50893347086e-12
0.0
0.0
6.4620157881e-05
0.000417858215508
0.00152624285344
3.31396615188e-05
3.04363121169e-05
0.00126297253423
3.24586056246e-10
2.61859535163e-23
3.48055854842e-07
3.88404034001e-14
1.18651466422e-22
4.06593072706e-06
0.00126297253423
0.0
0.000123671266601
3.31396615188e-05
2.40132172237e-09
0.0
2.18813950496e-08
0.000107907615142
2.5605244133e-06
9.15432326887e-05
0.000107907615142
0.0
2.81346611171e-14
0.00152624285344
3.01693289495e-09
1.77911558246e-10
1.32186040103e-18
0.0
3.31396615188e-05
0.0
0.0
0.0
5.14437256623e-09
3.06698125377e-13
0.0
0.0
4.06220923874e-07
6.4620157881e-05
1.19250953839e-10
8.27464446653e-21
3.31396615188e-05
3.31396615188e-05
0.0
0.000588000613334
0.000423647968418
3.31396615188e-05
3.28272247471e-16
8.0862715352e-06
2.52069189981e-22
0.0
3.31935562084e-11
3.31396615188e-05
4.33747799188e-09
0.0151620768261
4.39805384162e-08
6.4620157881e-05
3.28110348442e-08
0.00152624285344
1.09423597785e-07
0.00152624285344
8.35552061538e-09
6.67831369895e-05
7.91603685147e-24
5.30257768254e-07
3.31396615188e-05
1.30184222996e-15
0.0
1.07398754496e-05
3.31396615188e-05
3.31396615188e-05
0.0
3.31396615188e-05
3.31396615188e-05
5.32569079695e-08
4.4515379987e-15
1.17127495731e-05
1.41115631159e-10
3.89521099681e-09
0.0
0.0
2.16035749646e-06
1.60565938239e-08
1.21224212052e-05
2.36307242773e-06
0.0
8.39889833076e-05
7.99957886775e-08
6.45708415074e-06
5.69320290768e-06
8.0862715352e-06
8.0862715352e-06
1.31777710912e-08
1.48274868248e-17
0.0
0.000423647968418
5.6305923722e-13
0.0
0.0
5.29957954266e-20
1.05289107777e-09
5.69320290768e-06
8.0862715352e-06
6.76398854326e-10
5.14566652569e-12
0.00986333911793
0.0
3.63991510232e-13
2.07166756109e-07
0.000126054150631
1.13779975041e-16
0.000423647968418
0.0
2.41643067257e-06
1.08104362262e-29
0.0
0.0
6.25911256147e-06
1.90439935602e-05
0.0293377026682
8.39889833076e-05
2.42042418008e-07
4.69860051617e-12
3.83690478944e-12
0.000330852606306
6.34529715424e-07
0.000423647968418
1.35383971653e-05
1.23477389822e-10
5.10545918035e-12
0.0
2.85863639986e-09
4.34772153912e-13
2.52289222538e-05
0.000423647968418
0.0
6.9601587733e-06
0.0
9.45796922386e-10
0.0
3.22717572529e-15
0.00702656330736
2.49666264593e-13
4.59097268342e-09
6.25575045762e-05
8.0862715352e-06
3.42918738637e-05
0.000423647968418
6.9421880098e-12
2.02685312497e-11
0.0