500
0.000369734504211
0.00704407266341
0.000210742674709
0.0066636775171
0.00621436644204
0.0066636775171
0.0
0.0066636775171
0.00704407266341
0.0066636775171
0.0066636775171
0.000213623467039
0.00414191689545
0.00386077467603
0.00621436644204
0.00621436644204
0.00414191689545
0.00386077467603
0.00621436644204
0.0112759015963
0.00386077467603
0.000571802958106
0.0112759015963
0.00386077467603
0.00414191689545
0.000248334313952
0.00386077467603
0.0066636775171
0.00621436644204
0.00386077467603
0.0112759015963
0.0066636775171
0.00621436644204
0.00621436644204
0.00386077467603
0.0112759015963
0.00621436644204
0.0066636775171
0.0046931964527
0.000225432304131
0.000598674590312
0.0112759015963
0.0066636775171
0.00386077467603
4.8974429013e-05
3.58119520129e-06
0.00621436644204
0.000198765599732
0.0112759015963
0.00621436644204
0.00038879808374
0.0066636775171
0.00704407266341
0.0066636775171
0.000534639526742
5.2960256706e-09
0.0066636775171
3.20580522174e-07
0.00621436644204
0.000534639526742
0.0066636775171
0.0066636775171
0.00386077467603
0.00621436644204
0.00657491201468
2.40317957349e-05
0.00621436644204
3.77757282216e-06
0.00386077467603
0.00621436644204
0.00621436644204
0.00414191689545
0.00704407266341
0.00621436644204
0.000210742674709
0.0046931964527
0.0066636775171
0.0112759015963
0.00386077467603
0.00621436644204
0.0066636775171
4.47645196507e-05
9.20571370549e-06
0.000571802958106
6.78138125199e-06
0.00621436644204
0.000598674590312
1.79241967495e-07
0.000198765599732
0.000640864853969
0.00414191689545
0.0112759015963
6.46350065337e-05
0.000588632232795
0.0066636775171
0.00414191689545
3.59047122612e-05
0.00414191689545
0.0066636775171
0.00621436644204
0.000395808108125
0.00386077467603
0.00621436644204
0.00386077467603
0.00092554882807
4.54784207024e-05
0.000185415624545
0.00414191689545
0.00386077467603
0.00704407266341
0.00414191689545
2.12980813317e-07
0.0066636775171
0.00291098471231
0.0066636775171
0.000196088987502
0.00386077467603
0.00621436644204
4.45786726714e-10
0.0066636775171
0.00704407266341
0.00621436644204
4.3578063869e-06
0.00386077467603
0.00092554882807
0.000148421839526
6.43988407546e-06
0.00704407266341
0.0066636775171
0.00657491201468
0.0105335085754
0.00243728948542
0.00657491201468
0.000231720518522
0.00059637976273
6.77082937444e-05
0.0066636775171
0.0105335085754
0.0105335085754
0.00386077467603
0.000402185454242
0.00414191689545
2.33927565506e-06
2.76393090064e-05
0.0105335085754
0.0066636775171
0.00092554882807
0.0066636775171
0.0066636775171
0.00704407266341
0.0105335085754
6.64769149515e-05
0.00621436644204
0.0112759015963
0.00621436644204
5.19356012872e-05
0.000369734504211
0.000349206878532
7.27730740576e-05
0.00621436644204
0.00704407266341
0.00657491201468
0.000318702037344
0.0112759015963
9.20424565293e-05
2.65822057278e-05
0.0105335085754
0.00704407266341
0.000215610169666
0.0066636775171
0.00621436644204
0.00150814004216
2.21613685048e-05
0.00621436644204
0.000317600385309
0.0066636775171
0.0066636775171
0.00414191689545
0.00060559093594
0.0066636775171
0.0112759015963
0.0066636775171
2.02784962717e-06
0.0066636775171
0.0
0.0066636775171
0.00386077467603
0.00621436644204
4.17927866248e-05
0.00621436644204
0.000936311923649
0.00414191689545
0.000330165184286
0.00621436644204
0.00621436644204
0.000341326174988
0.0066636775171
0.000264249468003
0.00621436644204
0.00704407266341
0.00067647104537
0.0066636775171
0.0066636775171
0.00657491201468
0.00414191689545
0.00657491201468
2.05254452408e-06
0.0066636775171
1.76411865218e-07
0.0066636775171
0.00704407266341
0.0105335085754
0.00414191689545
0.000349206878532
5.26382265608e-05
0.00386077467603
0.0046931964527
0.000616813456508
0.0066636775171
0.000369734504211
0.00437364901313
0.00386077467603
1.86601249364e-05
1.81445653099e-05
0.00414191689545
0.00271186139901
0.000222546368763
0.000936311923649
1.6550392263e-05
0.00140408554403
0.0066636775171
0.0066636775171
0.000341326174988
0.0105335085754
0.00414191689545
0.00386077467603
0.000395808108125
0.000349206878532
0.00621436644204
0.000936311923649
0.00414191689545
0.000390663932024
0.00621436644204
0.00414191689545
0.00386077467603
9.098818342e-05
4.90565715854e-06
0.0112759015963
0.000196088987502
0.0105335085754
0.00621436644204
0.00414191689545
0.0066636775171
0.00657491201468
0.0112759015963
0.000210742674709
0.00386077467603
0.00386077467603
0.0066636775171
0.00386077467603
0.00414191689545
0.000629522146343
0.00150814004216
0.00621436644204
0.00243728948542
0.0112759015963
0.00657491201468
0.00621436644204
0.000640864853969
0.000318702037344
0.0066636775171
0.0066636775171
0.00621436644204
0.0066636775171
0.000317600385309
0.00437364901313
0.0066636775171
0.00067647104537
0.00226952821516
0.00386077467603
0.00621436644204
0.00162705012552
0.0066636775171
0.00621436644204
0.00621436644204
0.00414191689545
0.00386077467603
0.000181371670835
0.00386077467603
0.0010059266371
0.00414191689545
0.00092554882807
0.0066636775171
0.0105335085754
0.0066636775171
0.00657491201468
0.00386077467603
4.8974429013e-05
0.0105335085754
0.00704407266341
1.86819321857e-05
0.00414191689545
0.0105335085754
0.00621436644204
0.000330165184286
0.00243728948542
0.000114738818175
0.00386077467603
0.0066636775171
0.00059637976273
0.0112759015963
3.11787907286e-05
0.00704407266341
0.00414191689545
0.0066636775171
0.000213623467039
0.00621436644204
0.000131878567567
0.000534639526742
3.67922639775e-05
0.000336860985751
0.0066636775171
0.00621436644204
9.20571370549e-06
0.00386077467603
0.0066636775171
0.00704407266341
0.00414191689545
0.00621436644204
0.0066636775171
0.0105335085754
0.00621436644204
0.0066636775171
0.00657491201468
0.00291098471231
0.0066636775171
0.0066636775171
0.0010059266371
0.00621436644204
0.00271186139901
0.0112759015963
0.0066636775171
0.00621436644204
0.000196769381481
0.0066636775171
0.00621436644204
0.0105335085754
0.0105335085754
0.00092554882807
0.00386077467603
0.0066636775171
0.000114738818175
0.000640864853969
0.00386077467603
0.00414191689545
0.00621436644204
0.0066636775171
0.000534639526742
0.0066636775171
0.00414191689545
0.000341326174988
0.0066636775171
0.00386077467603
0.00621436644204
0.0066636775171
0.0112759015963
0.00386077467603
0.0066636775171
0.0066636775171
0.00621436644204
0.00059637976273
0.0105335085754
0.00437364901313
0.0066636775171
0.0066636775171
0.0066636775171
0.00386077467603
0.00704407266341
0.00621436644204
2.10584854758e-05
0.0066636775171
0.00386077467603
0.000198765599732
0.00226952821516
0.00621436644204
0.0
0.0066636775171
0.00386077467603
0.00386077467603
0.00414191689545
0.000318702037344
0.00621436644204
5.67530135545e-06
0.0066636775171
0.00621436644204
0.0066636775171
0.00704407266341
0.00657491201468
0.00621436644204
0.00657491201468
0.000196769381481
0.000395808108125
1.11409443104e-05
0.0066636775171
0.00414191689545
0.00414191689545
0.0066636775171
0.00414191689545
4.11547025245e-05
0.00621436644204
0.000349206878532
0.00414191689545
0.00386077467603
2.12362649832e-05
0.00621436644204
0.00621436644204
0.00621436644204
0.0066636775171
0.00092554882807
0.0105335085754
0.00386077467603
0.00386077467603
1.53179759108e-05
8.53258437494e-05
0.00704407266341
1.77431277655e-06
0.00414191689545
0.00386077467603
0.0066636775171
0.00621436644204
0.0066636775171
0.000318702037344
0.0066636775171
2.22488118702e-09
0.0046931964527
0.0066636775171
0.000369734504211
0.0066636775171
0.00621436644204
0.00621436644204
0.0066636775171
0.0066636775171
0.00386077467603
0.0105335085754
0.0066636775171
0.00657491201468
0.0105335085754
0.000230307367944
0.00414191689545
4.83603090756e-05
0.00704407266341
0.0112759015963
7.13177743588e-05
0.0112759015963
0.0066636775171
0.000107002336088
0.00386077467603
0.00621436644204
0.00386077467603
1.83818531057e-05
0.00621436644204
0.0066636775171
0.000375289370308
0.00414191689545
0.00621436644204
0.0066636775171
0.00414191689545
0.000318702037344
2.27562885087e-05
0.000349206878532
0.00059637976273
0.0112759015963
0.00704407266341
0.00386077467603
0.0066636775171
0.0112759015963
0.00386077467603
0.000998329280869
0.00386077467603
0.0010059266371
0.0066636775171
0.00621436644204
0.00657491201468
0.00151462901688
0.00621436644204
0.00621436644204
3.25322489345e-05
0.0105335085754
0.0046931964527
0.0066636775171
0.000341326174988
0.000402185454242
0.00414191689545
0.00621436644204
0.00621436644204
5.48458114211e-05
0.0105335085754
0.0066636775171
0.0066636775171
0.0105335085754