500
0.000259871213205
0.00197786488488
0.000157945565427
0.00993484409271
0.00919821535728
0.00993484409271
2.48363843187e-05
0.00993484409271
0.00197786488488
0.00993484409271
0.00993484409271
0.000166998458861
0.00631476209092
0.00583397472846
0.00919821535728
0.00919821535728
0.00631476209092
0.00583397472846
0.00919821535728
0.0031709441018
0.00583397472846
0.000153704757858
0.0031709441018
0.00583397472846
0.00631476209092
0.000182891009931
0.00583397472846
0.00993484409271
0.00919821535728
0.00583397472846
0.0031709441018
0.00993484409271
0.00919821535728
0.00919821535728
0.00583397472846
0.0031709441018
0.00919821535728
0.00993484409271
0.0021086816202
5.29662939351e-05
0.000419614098382
0.0031709441018
0.00993484409271
0.00583397472846
3.85261410811e-05
0.0
0.00919821535728
0.000152698122662
0.0031709441018
0.00919821535728
5.43950105178e-05
0.00993484409271
0.00197786488488
0.00993484409271
0.000858238154906
0.0
0.00993484409271
2.37744975574e-08
0.00919821535728
0.000858238154906
0.00993484409271
0.00993484409271
0.00583397472846
0.00919821535728
0.00181364331443
1.83977417223e-05
0.00919821535728
5.32944014446e-07
0.00583397472846
0.00919821535728
0.00919821535728
0.00631476209092
0.00197786488488
0.00919821535728
0.000157945565427
0.0021086816202
0.00993484409271
0.0031709441018
0.00583397472846
0.00919821535728
0.00993484409271
3.11165334777e-05
0.0
0.000153704757858
2.71752806414e-06
0.00919821535728
0.000419614098382
1.25581381722e-08
0.000152698122662
0.000450337893757
0.00631476209092
0.0031709441018
4.66233792195e-06
8.07244968218e-05
0.00993484409271
0.00631476209092
2.62674096178e-05
0.00631476209092
0.00993484409271
0.00919821535728
0.000278920573619
0.00583397472846
0.00919821535728
0.00583397472846
0.000248295174069
3.31948409471e-05
0.000141622712554
0.00631476209092
0.00583397472846
0.00197786488488
0.00631476209092
3.89878532103e-08
0.00993484409271
0.00131161911362
0.00993484409271
0.000144426949283
0.00583397472846
0.00919821535728
0.0
0.00993484409271
0.00197786488488
0.00919821535728
2.96644311366e-07
0.00583397472846
0.000248295174069
2.03257132125e-05
0.0
0.00197786488488
0.00993484409271
0.00181364331443
0.00290966850047
0.00075792986874
0.00181364331443
0.000169671673661
0.000411908008493
4.67901762734e-05
0.00993484409271
0.00290966850047
0.00290966850047
0.00583397472846
0.000295407404386
0.00631476209092
8.6942574586e-07
2.18869820416e-06
0.00290966850047
0.00993484409271
0.000248295174069
0.00993484409271
0.00993484409271
0.00197786488488
0.00290966850047
0.0
0.00919821535728
0.0031709441018
0.00919821535728
3.90165438864e-06
0.000259871213205
0.000250631774859
5.11788646345e-05
0.00919821535728
0.00197786488488
0.00181364331443
0.000237633914496
0.0031709441018
1.26160346521e-05
1.92498021651e-05
0.00290966850047
0.00197786488488
0.00015515212844
0.00993484409271
0.00919821535728
0.000469798712785
1.62514424202e-05
0.00919821535728
0.000233316640488
0.00993484409271
0.00993484409271
0.00631476209092
0.000281056782944
0.00993484409271
0.0031709441018
0.00993484409271
7.36638505511e-07
0.00993484409271
1.12323630045e-06
0.00993484409271
0.00583397472846
0.00919821535728
2.89502223898e-05
0.00919821535728
0.000255553543046
0.00631476209092
0.000532110776719
0.00919821535728
0.00919821535728
0.0002551413549
0.00993484409271
5.86408764135e-05
0.00919821535728
0.00197786488488
9.61458200322e-05
0.00993484409271
0.00993484409271
0.00181364331443
0.00631476209092
0.00181364331443
3.51550109235e-07
0.00993484409271
6.73290116044e-08
0.00993484409271
0.00197786488488
0.00290966850047
0.00631476209092
0.000250631774859
4.21401361852e-05
0.00583397472846
0.0021086816202
8.68099935206e-05
0.00993484409271
0.000259871213205
0.00193246721781
0.00583397472846
1.36953342788e-06
6.86220666924e-06
0.00631476209092
0.00120146108026
3.35295583964e-05
0.000255553543046
6.48174400921e-06
0.00042978924078
0.00993484409271
0.00993484409271
0.0002551413549
0.00290966850047
0.00631476209092
0.00583397472846
0.000278920573619
0.000250631774859
0.00919821535728
0.000255553543046
0.00631476209092
5.46343592826e-05
0.00919821535728
0.00631476209092
0.00583397472846
1.22585081506e-05
1.66963904236e-06
0.0031709441018
0.000144426949283
0.00290966850047
0.00919821535728
0.00631476209092
0.00993484409271
0.00181364331443
0.0031709441018
0.000157945565427
0.00583397472846
0.00583397472846
0.00993484409271
0.00583397472846
0.00631476209092
8.79056184991e-05
0.000469798712785
0.00919821535728
0.00075792986874
0.0031709441018
0.00181364331443
0.00919821535728
0.000450337893757
0.000237633914496
0.00993484409271
0.00993484409271
0.00919821535728
0.00993484409271
0.000233316640488
0.00193246721781
0.00993484409271
9.61458200322e-05
0.000693496443207
0.00583397472846
0.00919821535728
0.000451148328027
0.00993484409271
0.00919821535728
0.00919821535728
0.00631476209092
0.00583397472846
0.0
0.00583397472846
0.000279423099312
0.00631476209092
0.000248295174069
0.00993484409271
0.00290966850047
0.00993484409271
0.00181364331443
0.00583397472846
3.85261410811e-05
0.00290966850047
0.00197786488488
1.48213040172e-05
0.00631476209092
0.00290966850047
0.00919821535728
0.000532110776719
0.00075792986874
0.0
0.00583397472846
0.00993484409271
0.000411908008493
0.0031709441018
1.16447817596e-05
0.00197786488488
0.00631476209092
0.00993484409271
0.000166998458861
0.00919821535728
0.000103357484922
0.000858238154906
8.58215575962e-06
4.97579365279e-05
0.00993484409271
0.00919821535728
0.0
0.00583397472846
0.00993484409271
0.00197786488488
0.00631476209092
0.00919821535728
0.00993484409271
0.00290966850047
0.00919821535728
0.00993484409271
0.00181364331443
0.00131161911362
0.00993484409271
0.00993484409271
0.000279423099312
0.00919821535728
0.00120146108026
0.0031709441018
0.00993484409271
0.00919821535728
0.000147101026581
0.00993484409271
0.00919821535728
0.00290966850047
0.00290966850047
0.000248295174069
0.00583397472846
0.00993484409271
0.0
0.000450337893757
0.00583397472846
0.00631476209092
0.00919821535728
0.00993484409271
0.000858238154906
0.00993484409271
0.00631476209092
0.0002551413549
0.00993484409271
0.00583397472846
0.00919821535728
0.00993484409271
0.0031709441018
0.00583397472846
0.00993484409271
0.00993484409271
0.00919821535728
0.000411908008493
0.00290966850047
0.00193246721781
0.00993484409271
0.00993484409271
0.00993484409271
0.00583397472846
0.00197786488488
0.00919821535728
8.25086873898e-06
0.00993484409271
0.00583397472846
0.000152698122662
0.000693496443207
0.00919821535728
1.53660225365e-05
0.00993484409271
0.00583397472846
0.00583397472846
0.00631476209092
0.000237633914496
0.00919821535728
8.97119277829e-07
0.00993484409271
0.00919821535728
0.00993484409271
0.00197786488488
0.00181364331443
0.00919821535728
0.00181364331443
0.000147101026581
0.000278920573619
4.11260385542e-06
0.00993484409271
0.00631476209092
0.00631476209092
0.00993484409271
0.00631476209092
2.94231819131e-06
0.00919821535728
0.000250631774859
0.00631476209092
0.00583397472846
7.65518581547e-06
0.00919821535728
0.00919821535728
0.00919821535728
0.00993484409271
0.000248295174069
0.00290966850047
0.00583397472846
0.00583397472846
1.10898538152e-05
1.15059803388e-05
0.00197786488488
3.2283533263e-07
0.00631476209092
0.00583397472846
0.00993484409271
0.00919821535728
0.00993484409271
0.000237633914496
0.00993484409271
8.41151122357e-11
0.0021086816202
0.00993484409271
0.000259871213205
0.00993484409271
0.00919821535728
0.00919821535728
0.00993484409271
0.00993484409271
0.00583397472846
0.00290966850047
0.00993484409271
0.00181364331443
0.00290966850047
0.000100786942934
0.00631476209092
8.06257982306e-06
0.00197786488488
0.0031709441018
0.0
0.0031709441018
0.00993484409271
0.0
0.00583397472846
0.00919821535728
0.00583397472846
2.64465444935e-06
0.00919821535728
0.00993484409271
0.000274070248945
0.00631476209092
0.00919821535728
0.00993484409271
0.00631476209092
0.000237633914496
8.24993543005e-06
0.000250631774859
0.000411908008493
0.0031709441018
0.00197786488488
0.00583397472846
0.00993484409271
0.0031709441018
0.00583397472846
0.000140271576114
0.00583397472846
0.000279423099312
0.00993484409271
0.00919821535728
0.00181364331443
0.0004126496668
0.00919821535728
0.00919821535728
2.62036971541e-05
0.00290966850047
0.0021086816202
0.00993484409271
0.0002551413549
0.000295407404386
0.00631476209092
0.00919821535728
0.00919821535728
1.89250195835e-05
0.00290966850047
0.00993484409271
0.00993484409271
0.00290966850047