500
2.75117197484e-05
0.0
0.0
0.0
0.0
0.0
0.0
0.0
2.14159721283e-06
0.0122162415932
0.0
0.0
0.00160589474093
0.0
0.0
0.0
4.52546781641e-05
0.0
0.0
0.000882427971111
0.0
0.0
0.0
1.52939119029e-09
0.0
0.0
0.0
0.0
0.0
1.26794604894e-05
0.0
0.0
0.0
0.0
0.0
0.0
0.0
0.0
0.0
0.0
0.000307934969719
0.0
0.0
0.0
0.0
0.0
0.0
0.0
0.0
0.0
0.0
0.0
0.0
0.0
0.0
0.0
0.000307934969719
0.0
5.18619561732e-07
0.0
0.0
0.0
0.00160589474093
2.75117197484e-05
0.0
0.0
0.0
0.000307934969719
0.0
0.0
0.0
0.0
0.0
0.0
0.0
0.0
0.0
0.0
0.0
0.0
0.0
0.0
0.0
0.0
0.0
0.0
0.0
2.75117197484e-05
0.0
0.0
0.0
0.0
0.000882427971111
0.000307934969719
0.0
0.0
0.0
5.81702147867e-05
0.0
0.000882427971111
0.0
0.0
1.70711396038e-06
0.0
0.0
0.000882427971111
3.14669648003e-07
0.0
0.0
0.000307934969719
0.0
0.0
0.0
0.0
0.0
0.0
0.0
0.0
0.0
0.0
0.0
0.0
0.0
2.75117197484e-05
0.0
0.0
0.0
0.0
0.0
0.0
0.0
0.0
0.0
0.0
0.0
0.0
0.0
0.0
0.0
0.0
0.0
5.52787128278e-05
0.0
0.0
0.0
0.0
0.0
0.0
0.0
0.000307934969719
0.0
0.0
0.000194048312735
0.0
0.0
0.0
0.0
0.0
0.0
0.0
1.70711396038e-06
0.0
0.0
0.0
0.000882427971111
1.70711396038e-06
0.0
0.0
2.71911337824e-07
0.0
0.0
0.0
0.0
0.00236923922137
0.0
0.0
0.0
0.0
0.0
0.0
0.0
5.55453319794e-12
0.0
0.0
0.0
0.0
5.8056137662e-05
0.0
5.54729090527e-07
0.0
0.0
1.77961182799e-05
0.0
6.9569781854e-08
0.0
2.22600864151e-10
0.0
0.00160589474093
0.0
0.0
0.0
0.0
0.0
0.0
0.0
0.0
0.0
0.0
0.000852497777549
0.0
0.0
0.0
0.000307934969719
0.0
0.0
0.0
0.0
0.0
0.0
0.000307934969719
0.0
0.0
0.0
0.0
0.0
2.49165036557e-08
0.0
1.47182614606e-06
0.0
4.45782961186e-05
0.0
0.0
1.26794604894e-05
0.0
0.0
0.0
0.0
0.0
0.0
0.0
0.0
0.0
0.0
0.0
0.0
1.77961182799e-05
0.0
0.0
0.0
0.0
0.0
0.0
0.0
0.0
0.0
0.0
0.0
0.0
0.0
0.0
0.00160589474093
0.0
0.0
0.0
0.0
0.0
2.75117197484e-05
0.0
0.0
0.0
0.0
0.0
0.0
0.0
0.000307934969719
3.09553372629e-08
0.0
0.0
9.01228679795e-05
0.0
0.0
7.80805702941e-05
0.0
0.0
0.0
0.0
0.0
0.0
0.0
0.0
1.63016357413e-09
0.0
0.0
0.0
0.0
0.0
0.0
0.0
0.0
0.0
0.0
0.0
0.0
0.000882427971111
0.0
0.00160589474093
0.0
4.52546781641e-05
0.0
0.0
3.50618139275e-06
0.0
0.0
0.0
0.0
0.0
0.0
0.0
0.0
0.0
0.0
3.87570629377e-08
0.0
0.0
0.0
0.0
0.0
0.0
0.0
0.0
0.0
0.0
0.0
0.0
0.000307934969719
0.0
0.0
0.0
0.0
0.0
0.0
0.0
0.0
0.0
0.0
0.0
0.0
0.0
0.0
0.0
0.0
0.0
0.0
0.0
0.0
0.0
0.0
0.0
1.77961182799e-05
0.0
0.0
0.0
0.0
0.0
3.09553372629e-08
0.0
0.0
0.0
0.0
0.0
0.0
0.0
0.0
0.0
0.0
0.0
0.0
0.0
0.00236923922137
0.0
0.0
0.0
0.0
0.0
0.0
0.0
0.0
9.01228679795e-05
0.0
0.0
0.0
0.0
0.0
0.0
0.000307934969719
0.00160589474093
0.0
0.0
0.0
0.0
0.0
0.0
0.0
0.0
4.45782961186e-05
0.0
0.0
0.0
0.0
4.45782961186e-05
0.0
0.0
2.98607452947e-05
0.0
0.0
1.1036119563e-06
0.0
0.000852497777549
0.00160589474093
0.0
0.0
0.0
0.0
0.0
0.0
0.0
0.0
1.77961182799e-05
0.0
0.0
0.0
0.000882427971111
1.77961182799e-05
0.0
0.0
0.0
0.0
2.75117197484e-05
0.0
0.0
0.0
0.0
0.0
0.0
0.0
0.0
0.0
0.0
0.0
0.0
0.0
0.0
0.00160589474093
0.0
1.77961182799e-05
4.52546781641e-05
0.0122162415932
0.0
0.0
0.0
0.0
0.0
0.0
0.0
6.9569781854e-08
0.0
0.0
0.0
0.000882427971111
0.0
0.0
2.32262120175e-08
0.0
0.0
0.0
0.0
0.0
7.80805702941e-05
0.0
0.0
0.0
0.0
0.0
1.77961182799e-05
0.0
0.0
0.0
0.0
0.0
0.0
0.0
2.01681256213e-10
4.52546781641e-05
0.0
0.0
0.0
0.0
0.0
0.000852497777549
0.0