500
0.0
0.0
0.0
0.0
0.00340645296826
0.0
0.0
0.0278215348007
0.0
0.0
0.00340645296826
0.0
0.0
0.0
0.0
0.0
0.0
0.0
0.0
0.000288200368639
0.0
6.08691192305e-06
0.0
0.0
0.0
0.0
0.0
0.0
0.0
0.00340645296826
0.0
0.0
0.0
0.0
0.0
0.00340645296826
0.0
0.0
0.00340645296826
0.0
0.0
0.0
3.25850254077e-06
0.0
0.0
0.0
0.0
1.96778910317e-05
0.0
0.0
0.0
0.0
0.0
0.0
0.0
1.43661207013e-08
0.0
0.0
0.0
0.0
0.0
0.0
3.23764743825e-07
0.0
0.0
0.0
0.0
0.0
0.0
0.0
0.00340645296826
0.0
0.0
7.36228382963e-08
2.11716235811e-06
0.0
0.0
0.0
0.0
0.0
0.0
0.0
0.0
0.0
0.0
0.0
1.05508051769e-08
0.0
0.0
0.0
0.0
0.0
0.0
0.0
0.000240059000778
0.0
0.0
0.0
0.0
0.0
0.0
0.0
0.0
0.00340645296826
0.0
0.0
0.0
0.0
2.31609904008e-05
0.0
3.23764743825e-07
0.0
9.81745304574e-07
0.0
0.0
0.0
0.0
0.00130017882976
0.0
0.0
0.0
7.01441357327e-10
0.0
0.0
0.0
0.0
0.0
0.0
0.0
0.0
0.0
0.0
0.0
0.0
0.0
0.0
0.0
0.0
0.00280284023668
9.51877860515e-05
0.0
6.36005030731e-05
0.0
0.00340645296826
0.0
0.0
0.0
0.0
0.0
0.0
0.0
0.0
0.0
0.000240059000778
0.00340645296826
0.0
0.0
0.0
0.0
0.0
4.52520892105e-07
0.0
0.0
0.0
0.0
0.0
0.0
0.0
0.0278215348007
0.0
0.00280284023668
0.0
0.00340645296826
0.0
0.0
0.0
0.0
0.0
0.0
6.36005030731e-05
0.0
0.0
0.0
1.19394631484e-05
0.0
0.0
0.000240059000778
0.0
0.0
0.0
0.0
0.0
0.0
0.0
0.0
0.0
0.0
6.91129790277e-07
0.0
0.0
0.00340645296826
0.0
0.0
0.0
0.0
4.29171891378e-06
0.0
0.0
0.0
0.0
0.0
0.0
0.0
0.0
8.21170975363e-10
0.0
0.0
0.0
0.0
0.0
3.97860614281e-08
0.0
0.0
0.0
0.0
0.0
0.0
0.0
0.0
0.0
0.0
0.0
0.00340645296826
0.0
0.0
0.0
0.00340645296826
0.0
0.0
0.0
0.0
0.0
0.0
0.0
0.0
0.0
0.0
0.0
0.0010099827881
0.0
0.0
0.0
1.73292671745e-08
0.0
0.0
0.0
0.0
0.0
0.0
0.0
0.0
0.0
0.0
0.0
0.0
0.0
2.4669159416e-08
0.0
0.0
0.0
0.0
0.00340645296826
0.0
0.0
0.0
0.0
0.0
0.0
0.0
0.0
0.0
6.36005030731e-05
5.19522073221e-07
0.0
9.51877860515e-05
4.4077703439e-05
3.59448497376e-11
0.0
0.0
0.0
0.0
0.0
0.00340645296826
0.0
0.0
0.0
0.0
0.0
0.0
0.0
0.0
0.0
0.0
0.0
0.0
0.0
0.0
0.0
0.0
0.0
0.0
0.0
0.0010099827881
0.00130017882976
0.0
0.0
0.00340645296826
0.0
0.0
0.0
0.0
0.0
0.0
0.0
0.0
0.0
0.0
0.0
0.0
0.0
0.0
0.0
0.000198850879845
0.0
0.0
0.0
0.0
0.0
0.00130017882976
1.96778910317e-05
0.0
0.0
0.0
0.0
0.0
3.277527604e-07
0.00280284023668
0.0
0.0
0.0
0.0
0.0
0.0
0.0
0.0
0.0
0.0
0.0
0.0
0.0
0.0
0.000240059000778
0.0
0.0
0.0
2.17028946069e-06
0.0
0.0
0.0
0.000198850879845
0.0
0.0
4.52520892105e-07
8.05469707172e-07
0.0
0.0
0.0
0.0
0.0
0.0
0.0
0.0
0.000240059000778
0.0
0.0
0.0
0.0
0.0
0.0
0.0
0.0
0.0
0.0
0.0
0.0
0.0
0.0
0.0
0.0
0.0
0.0
0.0
0.0
9.51877860515e-05
0.0
0.0
0.0
0.0
0.0
0.0
0.0
0.0
0.0
0.0
0.0
0.0
0.0
9.51877860515e-05
0.0
0.0
0.0
0.0
0.0
0.0
0.0
0.0
0.0
0.0
0.0
0.0
0.0
0.0
0.0
2.43149615899e-08
9.72713576412e-06
0.000240059000778
0.0
0.00340645296826
0.0
0.0
0.0
4.4077703439e-05
0.0
0.0
0.0
0.0
0.0
8.05469707172e-07
0.0
0.0
1.38399216429e-06
0.0
1.19394631484e-05
0.0
0.0
0.0
1.29113970791e-05
0.0
0.0
0.0
0.0
1.19394631484e-05
0.0
0.0
9.51877860515e-05
0.0
0.0
0.0
0.0
0.0
0.0
0.0
1.4041763606e-05
0.0
0.0
0.0
0.0
0.0
0.0
0.0
0.0
0.0
0.0
0.0
0.0
0.0
6.36005030731e-05
0.00340645296826
0.0
0.0
0.0
0.0
0.0
0.0
0.0
0.0
0.0
3.23764743825e-07
0.0
0.0