500
0.000918531037853
0.00951174266393
0.000468075753447
0.103010118813
0.0953299608404
0.103010118813
0.000158681360457
0.103010118813
0.00951174266393
0.103010118813
0.103010118813
0.000468075753447
0.0628017081241
0.0581193813302
0.0953299608404
0.0953299608404
0.0628017081241
0.0581193813302
0.0953299608404
0.0156015779061
0.0581193813302
0.000709170002902
0.0156015779061
0.0581193813302
0.0628017081241
0.00060511215607
0.0581193813302
0.103010118813
0.0953299608404
0.0581193813302
0.0156015779061
0.103010118813
0.0953299608404
0.0953299608404
0.0581193813302
0.0156015779061
0.0953299608404
0.103010118813
0.0020655604813
1.42472856396e-05
0.00150661493404
0.0156015779061
0.103010118813
0.0581193813302
0.000112329165632
6.06876826291e-07
0.0953299608404
0.000433177281615
0.0156015779061
0.0953299608404
8.48152682624e-05
0.103010118813
0.00951174266393
0.103010118813
0.00768015797304
6.44187355069e-11
0.103010118813
1.15616187159e-08
0.0953299608404
0.00768015797304
0.103010118813
0.103010118813
0.0581193813302
0.0953299608404
0.00880257266104
5.63560300228e-05
0.0953299608404
6.36384059743e-07
0.0581193813302
0.0953299608404
0.0953299608404
0.0628017081241
0.00951174266393
0.0953299608404
0.000468075753447
0.0020655604813
0.103010118813
0.0156015779061
0.0581193813302
0.0953299608404
0.103010118813
0.000119500179126
0.000116526534763
0.000709170002902
2.12692610676e-06
0.0953299608404
0.00150661493404
5.67457369822e-09
0.000433177281615
0.00162799378069
0.0628017081241
0.0156015779061
2.37577768514e-06
0.000128745482307
0.103010118813
0.0628017081241
8.55457326825e-05
0.0628017081241
0.103010118813
0.0953299608404
0.000992531524286
0.0581193813302
0.0953299608404
0.0581193813302
0.00116321177305
0.000119500179126
0.000400880746174
0.0628017081241
0.0581193813302
0.00951174266393
0.0628017081241
1.30267363974e-08
0.103010118813
0.00125930081388
0.103010118813
0.000433177281615
0.0581193813302
0.0953299608404
2.57137267139e-11
0.103010118813
0.00951174266393
0.0953299608404
1.61387963045e-07
0.0581193813302
0.00116321177305
2.96869529525e-05
2.48575821224e-06
0.00951174266393
0.103010118813
0.00880257266104
0.014438366133
0.00142755055558
0.00880257266104
0.000559996617873
0.00150661493404
0.000181395502395
0.103010118813
0.014438366133
0.014438366133
0.0581193813302
0.000992531524286
0.0628017081241
8.90662659536e-07
8.02061053584e-07
0.014438366133
0.103010118813
0.00116321177305
0.103010118813
0.103010118813
0.00951174266393
0.014438366133
0.000881811302941
0.0953299608404
0.0156015779061
0.0953299608404
1.70073086295e-06
0.000918531037853
0.000850047829067
0.000196009440151
0.0953299608404
0.00951174266393
0.00880257266104
0.000710516394845
0.0156015779061
1.80991088632e-05
5.72420056269e-05
0.014438366133
0.00951174266393
0.000518244773112
0.103010118813
0.0953299608404
0.000870328219761
5.21542756875e-05
0.0953299608404
0.000710516394845
0.103010118813
0.103010118813
0.0628017081241
0.00026872782447
0.103010118813
0.0156015779061
0.103010118813
7.62802834614e-07
0.103010118813
2.32085653499e-06
0.103010118813
0.0581193813302
0.0953299608404
0.000110590566516
0.0953299608404
0.0011452079096
0.0628017081241
0.00468232679397
0.0953299608404
0.0953299608404
0.000767758400471
0.103010118813
1.84183984495e-05
0.0953299608404
0.00951174266393
0.000150325599842
0.103010118813
0.103010118813
0.00880257266104
0.0628017081241
0.00880257266104
1.29443616265e-07
0.103010118813
7.06446915865e-08
0.103010118813
0.00951174266393
0.014438366133
0.0628017081241
0.000850047829067
0.00012137884665
0.0581193813302
0.0020655604813
0.000139117726601
0.103010118813
0.000918531037853
0.00191155783591
0.0581193813302
5.85016688921e-07
6.33560439583e-06
0.0628017081241
0.00116541072524
4.32211530799e-05
0.0011452079096
5.29564412796e-06
0.000805438883713
0.103010118813
0.103010118813
0.000767758400471
0.014438366133
0.0628017081241
0.0581193813302
0.000992531524286
0.000850047829067
0.0953299608404
0.0011452079096
0.0628017081241
8.48152682624e-05
0.0953299608404
0.0628017081241
0.0581193813302
1.83836457425e-05
1.91829705401e-06
0.0156015779061
0.000433177281615
0.014438366133
0.0953299608404
0.0628017081241
0.103010118813
0.00880257266104
0.0156015779061
0.000468075753447
0.0581193813302
0.0581193813302
0.103010118813
0.0581193813302
0.0628017081241
0.000139117726601
0.000870328219761
0.0953299608404
0.00142755055558
0.0156015779061
0.00880257266104
0.0953299608404
0.00162799378069
0.000710516394845
0.103010118813
0.103010118813
0.0953299608404
0.103010118813
0.000710516394845
0.00191155783591
0.103010118813
0.000150325599842
0.0013211162178
0.0581193813302
0.0953299608404
0.00202975324468
0.103010118813
0.0953299608404
0.0953299608404
0.0628017081241
0.0581193813302
0.000219064865467
0.0581193813302
0.00123747037965
0.0628017081241
0.00116321177305
0.103010118813
0.014438366133
0.103010118813
0.00880257266104
0.0581193813302
0.000112329165632
0.014438366133
0.00951174266393
4.17518447622e-05
0.0628017081241
0.014438366133
0.0953299608404
0.00468232679397
0.00142755055558
0.00156291214751
0.0581193813302
0.103010118813
0.00150661493404
0.0156015779061
1.12291519048e-05
0.00951174266393
0.0628017081241
0.103010118813
0.000468075753447
0.0953299608404
0.000285369604332
0.00768015797304
2.58926831957e-06
6.56076236405e-05
0.103010118813
0.0953299608404
0.000116526534763
0.0581193813302
0.103010118813
0.00951174266393
0.0628017081241
0.0953299608404
0.103010118813
0.014438366133
0.0953299608404
0.103010118813
0.00880257266104
0.00125930081388
0.103010118813
0.103010118813
0.00123747037965
0.0953299608404
0.00116541072524
0.0156015779061
0.103010118813
0.0953299608404
0.000433177281615
0.103010118813
0.0953299608404
0.014438366133
0.014438366133
0.00116321177305
0.0581193813302
0.103010118813
0.00156291214751
0.00162799378069
0.0581193813302
0.0628017081241
0.0953299608404
0.103010118813
0.00768015797304
0.103010118813
0.0628017081241
0.000767758400471
0.103010118813
0.0581193813302
0.0953299608404
0.103010118813
0.0156015779061
0.0581193813302
0.103010118813
0.103010118813
0.0953299608404
0.00150661493404
0.014438366133
0.00191155783591
0.103010118813
0.103010118813
0.103010118813
0.0581193813302
0.00951174266393
0.0953299608404
7.3975685523e-06
0.103010118813
0.0581193813302
0.000433177281615
0.0013211162178
0.0953299608404
9.67425394605e-05
0.103010118813
0.0581193813302
0.0581193813302
0.0628017081241
0.000710516394845
0.0953299608404
4.47576778327e-07
0.103010118813
0.0953299608404
0.103010118813
0.00951174266393
0.00880257266104
0.0953299608404
0.00880257266104
0.000433177281615
0.000992531524286
3.86259896251e-06
0.103010118813
0.0628017081241
0.0628017081241
0.103010118813
0.0628017081241
1.44842951808e-06
0.0953299608404
0.000850047829067
0.0628017081241
0.0581193813302
8.190450387e-06
0.0953299608404
0.0953299608404
0.0953299608404
0.103010118813
0.00116321177305
0.014438366133
0.0581193813302
0.0581193813302
3.2296535442e-05
1.67496878856e-05
0.00951174266393
1.00129236546e-07
0.0628017081241
0.0581193813302
0.103010118813
0.0953299608404
0.103010118813
0.000710516394845
0.103010118813
1.05380930449e-11
0.0020655604813
0.103010118813
0.000918531037853
0.103010118813
0.0953299608404
0.0953299608404
0.103010118813
0.103010118813
0.0581193813302
0.014438366133
0.103010118813
0.00880257266104
0.014438366133
9.38900886396e-05
0.0628017081241
3.95475261949e-06
0.00951174266393
0.0156015779061
0.000952853502573
0.0156015779061
0.103010118813
0.00144638561275
0.0581193813302
0.0953299608404
0.0581193813302
3.22245316532e-06
0.0953299608404
0.103010118813
0.000918531037853
0.0628017081241
0.0953299608404
0.103010118813
0.0628017081241
0.000710516394845
8.85030540307e-06
0.000850047829067
0.00150661493404
0.0156015779061
0.00951174266393
0.0581193813302
0.103010118813
0.0156015779061
0.0581193813302
0.000228187002779
0.0581193813302
0.00123747037965
0.103010118813
0.0953299608404
0.00880257266104
0.00187842029074
0.0953299608404
0.0953299608404
7.40004864332e-05
0.014438366133
0.0020655604813
0.103010118813
0.000767758400471
0.000992531524286
0.0628017081241
0.0953299608404
0.0953299608404
2.20355882084e-05
0.014438366133
0.103010118813
0.103010118813
0.014438366133