500
3.84537580483e-06
0.0
0.0
1.14445416659e-19
0.0
0.0
1.21646290763e-10
8.27165231174e-08
0.0
1.26155834949e-14
2.89519402003e-07
0.000131291816481
1.52780593529e-05
3.23231468118e-05
4.19417134128e-06
0.0
1.45342058354e-06
6.16289728056e-11
9.18850223765e-13
2.96143133086e-07
4.57080755118e-05
0.0
0.0
0.0
4.30883738626e-08
2.43256292122e-09
1.20529251339e-06
4.92576987407e-08
0.0
0.000101958984396
0.000382817409517
2.89580922456e-05
9.23754610995e-08
0.0
0.000174989064506
0.0
0.0
0.00018283463115
7.03258477657e-05
0.000243724439798
0.000101958984396
5.69524345426e-10
4.12336224906e-05
2.52172581734e-06
4.5188276567e-06
0.0
0.0
4.51073350603e-05
2.34035672892e-09
7.89330688218e-05
0.0
0.0
4.5088667973e-05
8.63123186728e-06
1.67457897937e-07
0.0
3.20910088994e-12
5.26922506776e-07
1.74462641153e-08
0.0
0.0
0.00103732814857
3.41216441874e-07
2.55166213726e-08
4.19391129873e-05
0.000221552498741
1.04049503953e-05
7.1667451855e-07
5.84509778931e-06
9.27995790309e-07
1.36063238367e-06
1.55673586007e-05
0.0
1.60990410351e-05
0.0
0.00103732814857
9.89565578622e-09
1.84615601884e-06
3.89374437969e-06
9.34127539447e-10
4.8230404883e-10
0.00103732814857
1.45582367783e-09
0.0
0.00018283463115
2.18920517633e-05
9.45362100307e-05
2.12371675443e-05
2.58804637525e-06
3.82192016246e-05
0.0
0.0
6.21570985305e-09
0.000125375497866
3.26621389791e-06
0.0
0.0
0.000111328669249
0.0
0.000394429387762
4.50994854199e-05
8.16342185151e-10
0.0
4.44070462016e-13
0.000220839191656
2.39217679297e-05
0.0
0.0
4.86055160653e-05
1.38337593853e-05
1.50674991209e-07
1.26036681234e-05
0.0
0.000192322238004
2.80155313325e-08
7.21446859658e-05
0.000375384061759
1.99520970362e-06
3.42343848747e-07
0.0
3.83552024701e-06
0.0
0.0
0.0
0.000570599767005
0.0
2.29705854345e-06
0.0
3.91799712938e-07
6.89602973236e-05
7.50239352895e-05
8.91741733355e-08
9.5853805451e-07
0.0
3.05820640448e-07
1.22095007659e-05
8.98036265203e-05
5.16944184111e-05
0.0
1.42228918099e-06
0.000224753574238
3.85888076289e-11
1.63088096583e-06
7.96526523673e-07
0.0
0.0
0.0
5.01927425207e-10
3.22619828881e-05
6.2574186084e-08
0.0
0.0
0.0
9.15578179529e-05
9.87227680811e-05
5.16944184111e-05
6.90620862805e-06
1.39504307609e-07
0.0
0.000317579663023
0.0
0.0
7.11988344906e-08
0.000134128848742
0.0
3.58252052101e-07
0.0
9.77390033307e-06
0.0
0.0
0.0
0.00058898713057
0.00019797829481
1.26770232428e-07
0.0
0.0
6.13960025848e-09
0.0
3.06536052154e-05
1.22600057889e-06
0.0
0.000172975040293
0.0
0.0
6.03793220626e-07
0.0
0.0
2.28527204831e-08
2.89408106715e-05
0.0
0.0
0.000288558107857
3.47317178984e-05
0.0
8.63123186728e-06
5.8865604839e-06
0.00103732814857
0.0
9.01131319984e-05
1.04179355742e-08
1.54231998629e-07
0.0
0.000181988680486
1.12723758101e-11
3.10051256832e-05
7.00690742167e-07
0.0
3.82192016246e-05
0.0
0.0
8.71250295188e-05
6.93959252806e-08
0.000200615632117
0.00058898713057
0.000243724439798
0.0
1.12880105623e-06
0.0
2.16748387395e-06
5.40293933373e-17
1.22970354471e-08
0.0
6.25090053599e-15
2.11435165114e-16
6.33455453453e-05
2.08031399271e-05
0.0
0.000375384061759
0.0
1.11964134492e-08
1.24000059867e-07
0.000103030061157
1.95715219239e-09
0.0
5.5076201469e-07
1.1937206694e-07
0.000288558107857
0.000570599767005
0.0
8.49583692571e-05
0.0
4.01389911947e-07
0.000152354832694
0.0
0.0
0.000402239870688
5.16944184111e-05
1.99837890823e-05
1.61932628664e-05
5.51658656176e-10
0.000158821126646
0.000375384061759
1.40935735662e-08
6.43543933651e-05
0.0
0.0
5.1214439982e-06
3.55457231177e-05
0.0
8.60281435203e-12
1.30225858729e-11
0.0
4.44631838284e-07
1.67889924037e-05
0.00053358463575
2.0471608612e-07
0.0
0.0
5.89480945685e-08
5.06795531002e-05
1.04109338025e-06
9.90438968091e-06
1.46783016925e-08
1.09176628453e-05
4.27804231644e-12
0.0
4.51337950781e-07
0.0
5.77244818934e-05
0.0
0.000987442097789
6.93866551875e-07
5.30036730804e-10
1.08640703386e-07
0.0
3.35275282578e-07
0.0
2.44524206795e-07
1.77727925611e-05
0.0
5.5751465913e-06
0.0
2.39217679297e-05
1.35174911681e-11
3.24701741212e-08
8.22947209697e-30
1.81853397911e-06
4.10376230667e-06
2.91723926752e-09
0.0
0.0
2.24087521839e-06
8.62193412396e-09
1.55773981351e-21
0.0
4.99010103082e-10
0.0
0.00058898713057
0.0
0.0
6.53275242553e-07
4.21606289495e-06
1.34994674952e-11
1.47412956508e-07
0.000123849780123
0.0
0.000131291816481
0.0
0.0
0.0
2.92038616568e-05
4.56137918015e-12
2.13168490218e-05
0.0
1.25042852906e-10
8.98036265203e-05
1.58760576235e-09
1.18552815067e-10
0.000570599767005
1.46982353847e-05
1.08306147562e-07
0.0
6.47970251212e-09
0.0
9.36288007343e-10
0.0
7.96123787678e-06
0.0
6.24709679269e-06
3.2440154348e-10
7.60981683676e-06
2.31939474302e-11
8.64938839414e-08
0.0
7.79940458956e-05
0.0
2.77765914972e-08
6.33455453453e-05
4.86420800261e-08
0.0
6.64643396615e-05
3.0491339855e-08
0.0
0.0005606957219
0.0
0.0
3.7304768476e-10
1.6683107429e-06
1.27858721743e-06
0.000134128848742
1.87079283947e-12
1.03686108168e-06
6.1442007417e-06
5.16944184111e-05
0.00058898713057
1.18894170426e-06
0.0
7.71429864062e-06
3.39254853765e-08
5.49732987856e-06
1.81119794505e-06
0.000121444930024
9.43913286726e-05
1.09598102346e-05
0.0
0.0
0.0
0.0
4.08363154426e-06
0.0
9.45362100307e-05
8.13520576608e-05
3.61934662813e-09
0.0
0.000274698812957
0.0
0.0
1.12276713573e-09
0.0
1.6234203247e-11
0.000382817409517
0.0
0.0
1.29093590341e-06
3.66706589427e-05
0.000192322238004
3.41327346093e-05
3.1524138634e-07
5.49264625362e-09
0.0
0.000274698812957
0.000452347933223
3.83986853592e-05
9.67360290148e-06
0.0
2.93582216918e-07
0.0
3.45540751043e-07
2.15029779535e-08
0.0
8.9123862165e-07
1.42217359232e-05
1.81700993781e-06
1.62039985582e-19
2.68281579834e-11
9.03399587159e-05
2.52597031328e-05
3.86236876145e-05
2.05668375765e-08
9.04815291623e-07
5.01728115718e-10
5.19519772542e-05
0.000452347933223
9.03399587159e-05
5.16944184111e-05
0.0
1.95599118785e-14
0.0
0.00053358463575
5.97031371302e-07
0.0
1.25158177524e-05
0.0
1.34585025692e-10
6.46154901395e-10
8.54346836758e-11
3.98668301544e-07
0.0
1.65402686935e-05
2.78315443274e-06
2.48328747456e-05
1.2021985034e-08
5.33403972444e-06
8.66407132028e-05
3.41239323337e-06
0.0
1.21957951551e-06
3.82192016246e-05
0.000236092997338
0.0
9.93448282504e-07
0.000224753574238
1.81012288896e-05
0.0
0.000452347933223
0.000224170674542
1.92439252358e-15
2.52060431449e-07
6.01705522905e-06
1.61699045125e-05
0.0
1.77805661537e-06
0.000236092997338
1.55215069724e-05
0.000402239870688
0.000987442097789
0.00103732814857
5.02039737594e-05
0.000172975040293
2.28735623188e-13
0.0
0.000394429387762
1.17272229588e-11
2.01681780517e-07
0.0
0.0
3.59894596654e-05
0.00058898713057
5.00607513034e-07
0.00103732814857
0.000223545884607
1.6062859465e-09
0.000243724439798
1.80628574509e-06
1.16028667317e-07
0.0
5.77803258206e-06
2.5269759895e-07
0.000172975040293
1.45963103909e-09
0.0
0.000274698812957
5.19519772542e-05
0.000987442097789
6.8497193337e-11
1.15914907459e-07
0.00103732814857
3.40937683559e-09
0.0
1.09169139309e-07