500
0.0
0.0
0.100171790621
0.0
0.100171790621
0.100171790621
9.44447605938e-06
0.00466773151234
0.0255720097027
0.00803264926191
0.100171790621
0.0297821190489
0.000777685682322
0.0
0.000357425359421
0.0
0.00110969731074
3.1345830667e-05
0.00041599435772
0.00584613115878
0.018848996962
0.100171790621
0.0255720097027
2.57529263954e-07
8.8215109036e-07
0.0
0.100171790621
0.0
0.00162973067761
0.018848996962
0.0
0.100171790621
0.100171790621
0.00396431233878
0.018848996962
0.0
0.00121573792326
0.100171790621
0.100171790621
0.100171790621
0.0
0.00944036574035
0.100171790621
0.0297821190489
0.00485854706537
0.100171790621
0.0297821190489
0.100171790621
0.100171790621
0.0
0.00121573792326
1.11231676672e-05
1.84977103635e-05
0.100171790621
0.0255720097027
0.0
0.0297821190489
0.00041703067939
0.0297821190489
0.0255720097027
0.0297821190489
0.0
0.100171790621
0.100171790621
0.0
0.100171790621
0.00110212064468
0.0255720097027
0.00944036574035
0.100171790621
0.100171790621
0.100171790621
0.0255720097027
0.000707315080947
0.100171790621
0.018848996962
0.00104835604708
0.0255720097027
0.0297821190489
0.100171790621
0.100171790621
0.0
0.0014573026596
0.000624121879398
3.69197377195e-05
0.0
0.100171790621
0.0
0.100171790621
0.0255720097027
0.0
0.100171790621
0.100171790621
0.100171790621
0.000684567848699
2.18292117983e-05
0.000221968779246
0.100171790621
0.000170369638432
0.0
0.0297821190489
0.0297821190489
0.000200928544448
0.0
0.0
0.000684567848699
0.00485854706537
7.61885679026e-05
0.000183250777223
0.0
0.100171790621
0.00584613115878
4.04518150027e-05
0.000322360641856
0.00466773151234
0.000684567848699
0.00584613115878
0.0
0.00207682963896
2.33745495136e-05
0.000634037233443
0.100171790621
0.00466773151234
0.00012735432611
0.00466773151234
0.100171790621
0.00584613115878
8.75694188134e-05
0.0
0.100171790621
0.100171790621
0.018848996962
0.000159805582835
0.100171790621
0.0
0.00803264926191
0.0
0.00584613115878
0.00207682963896
0.000132467256322
0.100171790621
0.0
0.000287207183962
0.0297821190489
0.0
0.0014573026596
0.0
0.0
0.000254587736581
0.00396431233878
0.0
0.100171790621
0.018848996962
0.000707315080947
0.00466773151234
0.100171790621
0.018848996962
0.0
0.00207682963896
0.000777685682322
0.100171790621
0.0297821190489
0.100171790621
0.100171790621
0.0
0.0
0.100171790621
0.0
0.100171790621
0.00584613115878
0.018848996962
0.018848996962
7.61885679026e-05
0.0297821190489
0.100171790621
0.0255720097027
0.000941212904479
0.100171790621
0.0297821190489
0.0255720097027
0.0
0.0
0.100171790621
0.0255720097027
0.000188323930979
0.00485854706537
0.100171790621
0.0
0.0
0.0255720097027
0.00041703067939
3.25481193629e-05
0.0297821190489
0.0
0.00116556792848
0.00584613115878
0.00466773151234
0.0
0.0
0.100171790621
0.100171790621
0.00803264926191
0.00584613115878
0.00309534698014
0.00223735801558
0.100171790621
0.000777685682322
0.0
0.100171790621
0.000438531228734
0.000100125223389
0.000322360641856
0.0
0.000183250777223
0.0
5.09189617592e-09
0.0255720097027
0.0297821190489
0.0
0.0
0.00584613115878
0.00032398282459
5.83550317392e-10
0.100171790621
9.24062597697e-07
0.0297821190489
0.0
0.00803264926191
0.00162973067761
0.0
0.018848996962
0.00041703067939
0.00584613115878
0.00466773151234
0.0255720097027
0.00032398282459
0.100171790621
0.100171790621
0.0
0.100171790621
0.100171790621
0.00485854706537
0.0
0.00110969731074
0.0
0.018848996962
0.0
0.0
0.0
0.100171790621
0.100171790621
0.0
0.0
6.32133193579e-05
0.100171790621
0.0297821190489
0.100171790621
1.11916446599e-06
0.100171790621
0.100171790621
0.100171790621
0.000256994925879
0.00223735801558
0.0
0.100171790621
0.000777685682322
0.100171790621
0.0
0.100171790621
0.0
0.00253562885886
0.0
0.0
0.00944036574035
0.100171790621
0.0
0.100171790621
0.100171790621
0.0255720097027
0.100171790621
0.100171790621
0.00207682963896
0.0
0.100171790621
0.00584613115878
0.0
0.100171790621
0.100171790621
0.000892928406578
0.018848996962
0.100171790621
0.100171790621
0.000777685682322
0.0
0.100171790621
0.100171790621
0.100171790621
0.0
0.000624121879398
0.100171790621
0.0
0.0255720097027
0.0
0.100171790621
0.100171790621
0.018848996962
0.0
0.100171790621
0.0
0.100171790621
0.0
0.100171790621
0.100171790621
0.100171790621
0.0
0.0
0.018848996962
0.100171790621
0.0297821190489
0.0
0.000279865638578
0.0
0.018848996962
0.000153314571964
0.0
0.100171790621
0.00104835604708
1.27263631619e-08
0.0
0.100171790621
0.018848996962
8.8152986354e-05
0.00253562885886
0.018848996962
0.0297821190489
0.0
0.0
0.100171790621
0.00803264926191
0.0
0.0297821190489
0.0297821190489
1.22625198461e-05
0.000777685682322
0.0
0.0
0.100171790621
0.100171790621
0.0
0.100171790621
0.0
0.100171790621
0.100171790621
0.100171790621
0.100171790621
0.0
0.100171790621
0.100171790621
0.0
0.0297821190489
0.100171790621
0.0
0.100171790621
0.100171790621
0.000777685682322
0.100171790621
0.000150217009131
0.00944036574035
0.00466773151234
0.100171790621
0.100171790621
2.51601053297e-06
0.000684567848699
0.00803264926191
0.018848996962
0.018848996962
0.0297821190489
0.100171790621
0.100171790621
0.100171790621
0.0255720097027
0.0255720097027
0.100171790621
0.000707315080947
0.100171790621
0.0
0.0
4.48202933127e-05
0.000226657486737
4.72099828003e-06
0.0
0.0
0.00116364465163
0.0
0.0
0.018848996962
0.0
1.38144590993e-06
0.100171790621
0.0
0.00041703067939
0.0
0.00162973067761
0.100171790621
0.00466773151234
0.100171790621
0.000892928406578
0.0
0.000445823349
0.0297821190489
0.0
1.57379344339e-06
0.100171790621
0.0
0.100171790621
0.0
0.0
0.0297821190489
3.12222217295e-05
0.100171790621
0.100171790621
0.000892928406578
0.000707315080947
0.100171790621
0.100171790621
0.0
0.100171790621
0.100171790621
0.018848996962
0.100171790621
0.00012735432611
0.00253562885886
0.0
0.00207682963896
1.10329750269e-06
0.0
0.100171790621
0.100171790621
0.100171790621
0.0297821190489
7.01241583135e-07
6.66704617433e-06
0.100171790621
0.018848996962
0.018848996962
0.000777685682322
0.0
1.80161423926e-05
0.00223735801558
0.00803264926191
0.00396431233878
0.100171790621
0.100171790621
0.0255720097027
0.100171790621
0.100171790621
0.018848996962
0.00253562885886
5.54721924164e-05
0.100171790621
0.100171790621
0.018848996962
0.0255720097027
0.0
0.000100125223389
5.52173215911e-05
0.018848996962
0.100171790621
0.100171790621
0.100171790621
0.0
0.100171790621
3.21141308387e-05
0.0
0.018848996962
0.00466773151234
0.0
0.100171790621
0.00944036574035
0.000542777839171
0.00309534698014
0.000533566459925
0.0297821190489
0.0255720097027
5.00957059515e-05
0.00396431233878
0.00584613115878
0.0
0.100171790621
0.018848996962
0.0297821190489
0.100171790621
3.56076316894e-05
0.000634037233443
0.100171790621
1.24252488164e-05
0.0
0.000533566459925
4.04518150027e-05
0.00253562885886