500
0.00846782852901
0.000267331096061
1.97893416563e-06
0.00182740713603
0.0601713709677
6.41459916977e-07
1.43147909026e-18
0.000389100331211
0.00846782852901
1.28621351365e-05
7.54277412006e-12
1.75971396874e-05
6.01347636918e-05
2.72388043374e-09
0.000514597065109
0.00846782852901
1.54243842851e-09
0.000514597065109
1.05080067666e-15
2.22906027381e-06
2.18370808213e-12
5.23291438884e-10
6.66487347509e-13
4.73828941902e-09
1.56025028491e-13
2.79722306784e-08
9.08513175977e-07
0.000102654984411
0.000227482936135
0.0601713709677
0.00846782852901
0.000835438910874
0.0601713709677
6.87311673778e-06
0.00238453687904
1.59111562979e-06
4.71279007591e-06
0.0601713709677
8.39562612139e-05
0.00846782852901
9.791131546e-12
0.00872911051215
0.000179606780449
6.96208839957e-05
1.02741562927e-19
7.86612675167e-08
1.46161522678e-09
0.000172586621357
0.000171308173555
0.0107018072289
4.93556750954e-06
0.0601713709677
2.67703672102e-23
0.000825829486134
3.14037923788e-06
3.27327745879e-14
6.7801223958e-08
0.000105597888391
2.61297659313e-09
1.99445824e-18
4.7467930289e-05
1.54274284554e-14
2.52979251563e-13
0.00192560169865
0.00017701059913
1.01126680874e-06
1.73229031666e-05
6.60809286484e-09
3.95219167453e-14
0.000835438910874
3.03950849377e-06
0.00017701059913
2.40336277532e-12
0.0169442322365
1.20231794497e-06
5.95043096983e-05
6.0954455051e-05
0.000484496093909
2.91722724323e-09
8.87811285332e-07
1.80237416196e-07
1.94238638647e-06
0.0601713709677
0.000421402377697
3.11234451002e-06
0.00123166885124
5.60442641185e-08
4.0855396333e-06
9.6331356793e-13
4.05459204717e-20
0.00238453687904
4.87112515239e-06
2.39207562554e-18
1.54037613243e-06
1.92461594179e-06
0.0601713709677
9.29322641142e-07
5.85292485633e-10
0.0601713709677
0.00111141652208
1.28057742812e-10
0.00123166885124
1.41898869239e-14
1.47393398319e-14
5.89720123213e-05
1.40958734466e-10
0.000101697530222
2.48121997536e-08
7.0421268891e-13
2.02674319354e-08
4.69833696346e-14
0.000179606780449
7.44622426228e-14
0.0169442322365
0.00169975231625
8.10126555192e-05
3.8192709683e-07
2.14088777335e-11
8.74872771462e-11
1.73371929185e-07
1.73229031666e-05
0.000825829486134
0.0601713709677
6.12302367719e-08
0.00014256690842
1.36162691358e-14
0.00046535413018
1.32314278848e-06
3.97537431869e-05
5.95043096983e-05
0.000391691550658
5.2663314512e-09
1.68583223385e-06
0.00238453687904
0.000753643568394
0.00539643932832
4.81121612373e-26
2.1870774836e-09
8.929392861e-07
0.0156711590297
2.803185606e-17
1.99937106709e-16
1.69124442866e-31
7.04232203488e-05
0.0156711590297
0.000661337722688
0.0601713709677
0.00846782852901
5.21380071978e-21
2.43271584934e-16
1.47921843e-05
0.00846782852901
4.79085146586e-05
8.34629640896e-12
6.55168034047e-07
4.77783006285e-07
0.0107018072289
1.35824099616e-09
4.76078548905e-06
0.0169442322365
0.0601713709677
6.42238650972e-06
1.48959769508e-06
3.96536413675e-08
0.0601713709677
2.23585493513e-07
0.000110300172535
7.94909232127e-09
2.15942773811e-10
1.74897694123e-08
0.00238453687904
8.33743613379e-05
0.00846782852901
2.58215898325e-15
0.000195337932608
4.3427709875e-05
3.233101609e-06
4.44698390069e-25
2.62608562716e-06
0.0601713709677
0.00846782852901
0.000514597065109
1.83289279438e-19
3.94527622755e-13
2.12225143377e-10
1.59993606773e-06
0.000198045254873
8.44010013591e-06
0.000825829486134
0.0601713709677
0.00846782852901
0.000227482936135
9.16710487306e-19
1.05365687396e-14
6.59443125865e-24
3.75920874462e-10
2.90965660252e-10
5.82271176176e-12
9.40358576066e-18
0.00046535413018
4.66734280259e-05
0.0601713709677
1.22500559655e-09
8.77258693793e-05
0.0601713709677
0.000250357712369
2.27310846953e-28
0.00175991311318
4.63147583503e-08
1.29855279204e-13
1.20944890728e-05
6.49500879215e-05
2.52922285531e-07
0.000389100331211
2.36547113498e-10
5.65178411069e-19
4.14176024217e-12
0.0601713709677
0.00182740713603
1.00248300588e-08
5.03143468419e-10
0.00846782852901
1.62519870284e-14
6.24013838983e-07
7.57481201167e-08
3.17335307177e-08
1.09852315104e-05
1.02217049253e-05
0.000216892518642
0.00123166885124
4.85580016627e-11
9.94402040437e-11
1.22480284894e-14
2.58253747642e-09
1.20011614369e-05
0.000179606780449
0.0107018072289
0.000195337932608
2.16359305063e-06
0.000460001512013
6.93473446507e-06
0.000753643568394
0.00846782852901
0.000340032697502
0.00169975231625
2.21058957421e-08
2.23207238329e-13
9.29558569883e-11
4.94121273733e-06
2.13621045811e-07
0.000203557087043
6.72623638843e-10
1.96967549266e-09
1.28327066407e-07
0.00027832754331
1.3798287133e-13
1.86704126946e-05
1.34096102421e-10
0.000554355228688
1.99182590453e-16
0.0601713709677
3.77820504537e-17
3.64226704132e-08
1.60391411642e-08
7.79836402907e-08
0.00846782852901
7.72293091234e-13
0.00151963499848
0.00111618155211
8.39562612139e-05
2.95048078315e-12
2.90253386986e-06
0.00846782852901
6.98572014577e-25
3.05390960215e-11
5.35170557131e-09
8.00888831716e-23
0.000346589101505
0.0601713709677
0.000340032697502
1.93519239855e-05
0.000152629498785
1.59634462192e-06
2.69609001875e-12
0.00238453687904
3.27364034073e-06
1.36953384299e-06
0.000391691550658
8.50173085339e-05
0.00123166885124
2.75004051259e-10
0.000331038076964
0.000378371015564
1.96263381067e-08
0.0601713709677
2.37150734728e-05
0.00846782852901
2.25629737788e-14
4.08066818406e-05
0.00846782852901
2.47735709801e-07
2.41108840168e-11
1.66584210457e-09
2.04524313464e-24
3.5689978157e-05
9.58924823383e-19
7.58486272165e-26
0.000661337722688
1.03620134065e-11
1.1240445433e-07
5.39576851979e-06
2.72291880714e-14
2.69091035279e-06
3.88056772456e-08
4.03358093567e-08
0.00014256690842
1.47921843e-05
0.000319241551084
3.48684598535e-21
5.673641004e-16
0.0601713709677
7.77577496455e-05
1.91004163305e-07
2.38305062461e-06
0.000514597065109
8.62877362482e-10
0.0169442322365
1.35691131757e-25
6.46095940887e-10
3.20936791605e-13
4.50467961386e-14
0.0169442322365
0.000106826634734
0.00846782852901
1.94270514855e-05
5.16072783088e-10
6.28552946981e-12
2.26212338153e-06
5.28373977331e-09
0.00254210035581
0.00846782852901
1.19098460192e-15
0.000391691550658
1.51728042242e-07
0.000835438910874
0.000203614576567
0.00539643932832
0.00174720615919
0.00898364430716
1.89475335417e-08
0.000753643568394
2.48760614303e-09
4.29279623791e-07
4.57854823197e-08
2.68147164862e-18
0.000391691550658
3.0878563446e-10
0.00846782852901
3.0257754642e-06
2.48402066663e-09
2.94538485139e-05
0.00539643932832
1.05643935809e-05
0.00846782852901
0.00846782852901
3.62737437238e-08
7.28067826623e-16
2.28496513151e-06
0.00846782852901
0.0601713709677
5.26645207815e-13
0.0107018072289
1.51902827226e-18
0.0601713709677
2.24978927248e-06
0.0601713709677
0.0601713709677
0.00846782852901
0.00254210035581
0.0601713709677
0.000514597065109
6.71172358954e-08
0.000422289659407
0.000460001512013
0.000479932991354
2.36420471204e-05
5.06219522149e-09
1.6659805872e-11
0.00057312656415
2.5863808577e-06
0.000671484561597
0.0601713709677
4.52692853547e-17
6.75114914888e-06
0.00477148852465
1.47921843e-05
5.10950702746e-08
6.89824909004e-05
6.36589178526e-06
0.000422289659407
0.0601713709677
0.000825829486134
2.85292420234e-08
0.000391691550658
8.02269497264e-14
9.28717076421e-06
1.68004614871e-07
2.23367985766e-07
0.0156711590297
2.56974276069e-10
3.25003480239e-05
8.66191155082e-10
7.91094652745e-10
3.08593836937e-27
1.40466920891e-06
1.13045619747e-10
1.34152900809e-10
2.95353117495e-07
0.00123166885124
0.0601713709677
0.00218122763977
0.00846782852901
0.000101697530222
0.000484496093909
1.58463533579e-09
3.54758461119e-06
3.61073610513e-07
3.74597291398e-05
7.71296450664e-06
9.31034243842e-11
1.45672276946e-13
0.00238453687904
0.0169442322365
2.19612953147e-06
6.18846637844e-18
0.0601713709677
0.0601713709677
6.13058536362e-09
0.00238453687904
4.4737679862e-08
0.00040839456251
0.00182740713603
0.000340032697502
3.37704936927e-16
0.000424131119829
0.000120080632308
0.0156711590297
0.0601713709677
0.000484496093909
0.000168844905987
0.0601713709677
2.61655234779e-13
0.00017701059913
0.000460001512013
0.00169975231625
0.000105597888391
0.0601713709677
1.7324863319e-11
7.7327918469e-07
7.55643563949e-05
0.0169442322365
1.94093966513e-09
1.57257673471e-06
8.1327878475e-05
4.84581395457e-09
5.73395475677e-15
3.79221602711e-05
1.41615844786e-07
4.0220054993e-07
0.000340032697502
7.74413232099e-07
8.0886085259e-12
0.000203557087043
0.0601713709677
8.01821408442e-08
2.92822263849e-05
1.99258950772e-05
1.19989714901e-14
8.82071359442e-06
4.058126386e-19
0.00846782852901
2.42905029426e-09
0.000391691550658
2.10081620171e-15
6.96284936935e-12
4.88658427528e-18
3.97105702832e-23
0.00846782852901
9.59711125906e-06
0.0601713709677
1.12988623155e-21
2.16057435167e-10
2.29730586824e-10
0.000179606780449
8.09721126033e-13
0.000995220410559
0.0169442322365
1.62297798478e-14
3.75156593897e-05
7.95267192896e-06