500
0.0
0.0
0.000633432551365
0.0
0.0
1.27143557689e-05
0.0
0.0
0.0
0.0
0.0
0.00465742904091
2.36742085211e-07
0.0
7.37016213718e-06
0.0
0.00119238488496
0.0
0.000345549978897
0.0
0.0
0.000607032229102
0.0
0.0
0.000217082458894
0.0323810043323
0.0
0.0
0.0
0.0
0.0229090909091
0.0
0.00366603107631
0.0
0.0
2.46416558631e-05
1.35158602054e-05
0.0100339410312
0.0
5.671987113e-06
0.0
0.0
8.80163815532e-06
0.0
0.0
0.0
0.0
0.0
0.000339928308706
5.81983392165e-05
0.00066909153189
0.00037951094092
0.000216382270636
0.0
0.0
0.0
0.0
1.14907235006e-05
2.45582427926e-05
0.0
0.0
0.00161448380336
0.0
0.0
0.0
0.0
0.0
0.0
0.0
2.88313432383e-05
0.0
0.0
2.3460794286e-05
0.000464390535301
0.0
0.0
0.0
0.000313447977777
0.0
0.0
0.0323810043323
0.000749420325946
0.0
0.0
0.0
0.0
0.0
0.000205123586731
7.9910873368e-05
0.0229090909091
0.0
0.0
0.000279934337197
0.0
0.0
0.0229090909091
2.65926291327e-05
0.0
0.0
0.0
0.0
0.0
0.0
0.0
4.94660457178e-05
0.0323810043323
0.0
0.0
0.0
0.0
4.32873131164e-07
0.0100339410312
0.0
0.00211688617215
0.0
3.38838404772e-06
0.0
0.000560276946499
0.0
0.0
0.0
0.0
0.0
0.0
0.0
0.0
0.0
0.0
0.0
0.0
0.0
0.0
0.0
0.0
0.0
0.0
0.0229090909091
1.08455822751e-06
0.0
0.0
0.0
0.0
0.0100339410312
0.0
0.0
0.000779620945314
1.5252296573e-05
0.0
0.0
0.0
0.0
0.000230222888063
0.0
0.0229090909091
0.0
0.0
0.0
0.0
0.0
0.0
0.0229090909091
0.0
0.0
0.0
0.0
0.0323810043323
0.0
0.0
0.0
0.0323810043323
0.00202835782481
0.0323810043323
0.0
0.0
0.000169239523794
0.0
0.0
0.00599227009741
0.0
0.0
0.0
0.0
0.0
0.00163911855545
2.27193958007e-05
0.0
0.0
0.0323810043323
1.19640718441e-07
0.0
1.42696648562e-05
4.2051683398e-05
0.00599227009741
0.0
0.0
0.0229090909091
0.0
2.00569973866e-06
0.0
0.00101973731598
0.0
0.0
0.0
0.0
0.0
0.0
3.33635152752e-05
0.000370040064508
0.0
0.0
0.0
0.0
0.0
2.55434133903e-06
0.0
0.0229090909091
0.0
0.0
0.0
0.0
0.00055644104365
0.0
0.000286816733462
0.0
0.0
0.00066909153189
0.0
0.0
0.00672953985352
0.0
0.0323810043323
0.0
0.00358455313531
0.0
3.57128795884e-05
0.0
0.0
0.0
5.32745521303e-05
0.0229090909091
0.0
0.0
0.0
0.0
0.0
0.00157791948136
0.0
0.0
0.0
0.0
1.28066360748e-07
0.0
0.0
7.69253676975e-05
0.00476569613359
0.00672953985352
0.0
0.0
0.00465742904091
0.0
0.0
0.0
0.0
0.00101973731598
0.0
0.00119238488496
0.0
0.0
0.0
0.0
0.0
0.0
0.00048795514273
0.0
5.02764015413e-05
0.0
0.0
0.0
9.14252699749e-06
0.0
0.0
0.0
0.0
0.0
0.0
0.0
0.00476569613359
0.0
0.0
0.0
0.0
0.0
0.0
2.03747610511e-05
0.0
0.0
0.00061837242681
0.0
0.0229090909091
0.0
0.0
0.0
0.0323810043323
0.00257283130779
0.0
5.49848417492e-07
0.0
0.0
0.0
0.0
0.0
0.0
0.0
0.0
0.0229090909091
0.00366603107631
0.0
0.00358455313531
0.0
2.01973316255e-07
0.0
0.0
0.0
0.0
0.000597044410918
0.0
0.0
0.0
0.0
8.6005878791e-06
8.23085072471e-05
0.0
0.0
0.0
1.5159990192e-05
0.0
0.0
0.0
0.0
0.0
4.42332311418e-06
0.00358455313531
0.0
0.0
0.00132146968327
0.0
0.00049125685586
0.0
0.0
0.0
0.0
0.0
0.0
0.0
0.0
0.0
3.26757355471e-06
0.0
0.0
0.0
0.0
0.0
0.0
0.00014751432875
0.0
0.0
0.0
0.0
0.0
0.0
0.0
0.0
0.0
0.0323810043323
0.00366603107631
0.0
1.46610627899e-05
0.0
0.0
0.0
0.0
0.0
0.0
0.00599227009741
0.00358455313531
0.0
0.000107382438528
0.0
0.0
0.0
0.0
0.0
0.00672953985352
0.0
0.0
0.0
0.0
0.0
7.25131734021e-05
0.0229090909091
0.0
0.0
5.34174638541e-07
0.0
0.0
0.0
0.0
0.0
0.0
5.74541577621e-05
1.52706317681e-06
1.72014016605e-06
0.0
0.000188704901469
0.0
0.0
0.0
0.0
0.0
4.67000839288e-05
0.0229090909091
0.00124272717768
0.0
0.0
0.0
0.00161448380336
0.0
0.0
0.0
5.12873320786e-05
7.24466458194e-07
4.05865563854e-05
5.95462959994e-07
0.0
0.000560276946499
0.0323810043323
0.0
0.0
0.0
0.0
0.0
0.0
0.0
0.0
0.000223107193349
0.0
0.0
0.0
0.0
0.0
0.000379723455977
0.0
0.0
0.0
0.0
0.0
0.0
0.000480205780811
0.00211893042893
0.0
0.0
0.0
0.0
0.0
0.00211688617215
0.0
0.0
0.0
0.0
0.0
0.0
7.42538184992e-06
0.000352457596207
0.0
0.0
0.0
0.00115738655581
4.36094449011e-06
0.000116483329526
2.314548765e-05
0.00061837242681
0.0
0.00358455313531
5.43888819837e-05
0.000243331500129
0.0
0.0
0.0
4.0646532815e-07
0.000597044410918
0.0
3.03610884636e-05
0.0
0.0229090909091
0.0
0.0
0.0
0.00599227009741
0.0
0.0