500
8.35764504003e-07
1.47918868683e-05
6.73028415546e-18
6.8088678535e-07
2.93581337558e-09
6.19398921244e-07
2.73209492456e-16
2.23166253683e-40
1.43071603395e-29
8.8349023646e-06
2.96447858033e-07
2.18581408311e-05
3.53105859432e-18
7.3439798993e-06
9.80988344469e-19
1.39059602691e-06
1.17912192889e-38
1.56349121433e-05
4.58774332311e-09
0.00178611116739
3.40168269327e-15
1.55002759631e-08
0.00177916985982
0.000327454862263
2.3822900346e-06
1.41566852277e-06
0.0130236686391
0.00177916985982
1.59291198067e-25
0.00458339135325
0.000984467559893
1.01087034097e-06
2.48227605944e-08
0.000327454862263
3.20612723756e-15
5.63744323422e-06
3.99727003565e-05
0.00177916985982
0.00796796596372
0.000208692417005
1.73063856136e-13
0.0122001469297
1.02174108005e-09
0.000294683105836
7.06700712584e-10
2.45474467554e-25
0.00796796596372
1.79806862029e-08
5.99247367215e-07
0.00177916985982
1.43094245555e-19
3.95841492722e-25
0.00510792090364
9.50955080385e-09
4.84908883782e-11
0.00109034636833
0.00374639386189
3.40247142798e-13
7.00079476718e-05
0.000123876340683
7.88700931647e-09
8.59273700208e-19
7.91812607136e-10
6.606427268e-07
4.55620013175e-06
3.64156550096e-30
2.50653071756e-10
0.000260240662082
1.53828860776e-25
1.80973975203e-05
5.3855557856e-20
0.000294683105836
0.000123876340683
1.98768139276e-33
0.00510792090364
6.73111925882e-19
7.7024149835e-08
1.77051257399e-19
0.000208692417005
4.02467170183e-14
3.53166963426e-09
1.569794404e-17
0.00137195785241
1.18533358685e-09
1.02948664521e-09
1.04833095003e-16
0.00796796596372
4.13886667398e-05
1.03387568266e-18
0.00190177066488
2.62763087066e-05
1.43306966459e-07
7.41960208406e-19
0.00458339135325
9.36298575093e-13
0.000117916719479
0.00552056078841
7.11174959039e-05
1.06693240695e-05
1.05185780935e-06
1.28252294015e-22
1.72803840971e-05
4.08433182602e-07
0.00510792090364
2.64694006181e-07
0.00364259303438
2.19241628146e-30
0.00374639386189
2.6206196895e-11
0.00796796596372
1.96131521773e-05
3.81481601324e-10
5.94898889507e-15
2.66933692616e-11
2.21692197883e-07
0.00510792090364
7.03340963887e-05
9.1726186196e-08
3.15766523182e-05
4.62334636568e-06
1.73185836034e-05
0.00137195785241
1.79104518542e-07
4.99174051052e-05
3.69667706509e-07
8.36345310352e-06
2.21913083518e-05
1.18097361459e-23
0.00374639386189
9.83376991011e-05
1.2193284851e-05
8.06964931929e-06
8.70490132608e-16
1.35765002405e-27
2.7362662147e-13
3.12523565295e-06
0.000210727860944
1.14308326022e-10
6.78187230853e-21
1.30051575547e-10
3.3710938756e-06
0.000131353327163
1.69757456713e-06
4.92208369998e-06
1.777214595e-08
1.42425825849e-07
3.71906276542e-08
0.000353385641007
1.33325464896e-11
1.21170329312e-08
4.77297222203e-20
4.92545249837e-17
1.80501394521e-20
4.42698072896e-10
1.6986279389e-05
2.12982174064e-05
5.80721091452e-12
1.50552520458e-07
6.70513431873e-17
0.000208692417005
4.12859913994e-10
0.00035443095962
3.99727003565e-05
2.08526624762e-08
4.50615570013e-08
1.27037029139e-07
1.05864441479e-07
5.04130141096e-07
9.64490564925e-24
0.000534503024503
0.00374639386189
1.84513519785e-07
1.69561155267e-19
4.67232257573e-07
8.8349023646e-06
7.13126229893e-08
9.22366293279e-05
1.59340676128e-11
2.35379382317e-09
4.44541913224e-14
0.00177916985982
0.0122001469297
2.46442545919e-07
1.11300714995e-06
0.000712014139899
2.14178575581e-10
5.18607405154e-16
2.53756549708e-11
6.90826946775e-07
4.85099783649e-08
2.70155473149e-07
5.69329201497e-21
7.09255293287e-17
1.4472573335e-05
8.52755301027e-08
1.21805804176e-05
4.39237456778e-16
9.86984141362e-07
2.5245147839e-06
0.00190177066488
1.52903066145e-08
2.24002512818e-18
8.8349023646e-06
3.79524687709e-15
3.73792448471e-23
0.00364259303438
1.38667433451e-05
4.04626219734e-14
1.4472573335e-05
0.000604752075228
9.69280047123e-06
0.0122001469297
3.0705534649e-09
1.55282667124e-16
0.0122001469297
1.82164876448e-08
0.00374639386189
2.15326409855e-08
0.00796796596372
2.99622155167e-13
1.21403655338e-06
0.000210727860944
0.0122001469297
4.63481659095e-22
0.00552056078841
3.08016662095e-07
0.00364259303438
1.69783032502e-06
4.97609398273e-21
0.00177916985982
1.39546653014e-08
1.07152527713e-06
0.00137195785241
2.93147747861e-12
3.38147723832e-06
7.5334893625e-05
4.42259753512e-27
0.00510792090364
0.00796796596372
0.000534503024503
9.35502006694e-12
4.9514007792e-07
2.78548358132e-20
2.54718892416e-05
0.00178611116739
0.00142583187572
0.000323267652043
1.06617707461e-10
1.3905688747e-08
8.46730872402e-07
5.7274680635e-12
0.000949018711091
0.000289905144817
6.6025815929e-07
6.88151623756e-05
1.89723371505e-07
0.00109034636833
5.28261550893e-08
2.049191888e-13
7.77530597444e-06
1.11997730348e-21
3.02930133417e-08
0.000933116693221
7.79959912377e-11
1.00955494363e-18
1.69212684504e-23
3.72255328807e-14
3.02218017648e-12
1.38667433451e-05
1.13086982361e-12
2.54718892416e-05
1.2193284851e-05
0.000712014139899
0.00109034636833
0.000185849916626
6.86342884807e-11
0.000749520779879
1.20204466131e-06
1.0380565036e-05
2.09519977818e-23
1.39740627288e-10
0.000968470653339
1.09882787567e-12
0.00364259303438
6.29757026487e-09
7.64739579791e-17
1.22637783907e-11
0.00169759033379
2.11593511972e-46
0.00796796596372
1.06224551882e-13
4.74814764217e-18
1.50227944199e-18
0.00796796596372
3.9885511088e-08
1.26806725224e-15
9.63410481029e-07
2.9170037701e-13
5.61491256669e-07
0.00552056078841
5.60392710615e-11
4.26780026043e-14
3.36626944919e-06
1.27949124597e-07
1.85250054456e-14
3.60054684831e-06
0.00177916985982
6.75208838247e-11
0.000102204827349
5.10025581893e-18
5.53065116028e-28
1.50854334163e-05
0.00142583187572
0.00177916985982
4.50010960391e-08
1.4303817968e-05
0.000188290463203
6.48898786745e-19
1.56349121433e-05
1.62638831874e-11
0.00510792090364
1.30251752423e-35
0.00109034636833
1.31749274144e-10
5.77797050109e-08
0.00190177066488
1.21682485972e-09
3.21148297293e-06
1.47918868683e-05
8.39482970166e-06
1.82296882287e-08
1.84577569473e-14
1.9643442669e-38
0.0122001469297
1.59012573178e-23
0.000226607181258
1.72800379545e-21
5.9230723823e-13
2.21913083518e-05
9.03180852172e-10
1.64325178198e-12
7.30288844543e-09
0.000604752075228
1.10605584797e-07
7.75490179679e-22
0.00109034636833
6.94406096976e-05
1.6986279389e-05
7.79236439428e-06
0.00178611116739
0.00796796596372
0.00796796596372
4.87724089388e-06
1.25501856625e-11
5.70499328816e-11
1.10212444185e-09
0.00510792090364
1.06747008483e-06
8.7075557815e-06
3.38147723832e-06
1.14776389862e-07
0.00796796596372
0.000187130515638
0.00458339135325
2.25680756926e-05
5.60142393629e-05
4.11671044515e-08
3.15428397411e-22
8.08049026095e-08
1.04844775974e-10
1.10509542502e-18
4.13886667398e-05
1.3830119103e-09
8.19373054301e-11
5.58011955979e-26
9.85423888871e-09
0.00364259303438
3.15950114279e-16
0.00552056078841
4.70892782494e-08
4.47248059795e-27
3.38147723832e-06
2.57069205703e-12
7.63354276155e-11
0.0122001469297
3.67255920156e-07
6.23446228085e-13
1.36397765127e-05
2.65071622365e-12
1.66434618527e-05
5.56845136255e-07
1.06699697738e-12
5.77212047993e-15
0.0122001469297
0.000581437732688
0.000279651890891
0.00374639386189
0.00796796596372
3.90510699705e-11
2.55664803183e-09
1.26641218376e-34
2.46374285224e-33
2.63298629125e-11
0.00159249711284
4.9514007792e-07
7.60856407449e-07
8.18301302154e-09
1.7557990073e-08
3.49507035187e-14
3.64985444966e-12
2.4241914364e-12
1.00950281972e-18
2.30577358505e-06
0.00364259303438
2.37976907153e-24
4.48527982054e-30
8.46730872402e-07
1.32205491006e-12
4.32075200699e-19
1.19465043075e-06
0.00137195785241
0.0122001469297
0.00374639386189
0.000187130515638
5.39271093254e-11
0.000223024244517
2.10868849347e-06
1.75948249624e-11
0.00510792090364
1.19139433113e-22
1.48889743836e-05
1.13458420232e-10
0.000289905144817
1.04464339098e-06
4.56561596044e-12
1.55561439283e-09
2.99557353873e-07
0.000341861877463
8.9484067649e-08
7.18033210848e-06
1.25706193292e-12
8.81799394933e-18
6.23639483286e-08
8.21394971166e-16
1.04386696988e-14
5.29787553161e-06
7.53279304501e-10
1.73240731788e-13
2.23570068943e-19
1.60545924783e-09
1.13383214196e-07
1.22803044505e-14
2.9473654735e-32
2.63059882302e-14
0.00374639386189
3.68194249897e-10
3.04748509697e-12
0.0122001469297
5.65267405228e-05
1.19182481505e-19
1.92409872147e-08
7.97752256775e-11
6.47262714902e-26
3.36513485744e-32
0.000581437732688
2.53896620952e-12
9.37659482227e-17
0.000984467559893
3.81011113278e-18
7.84525727215e-11
9.19288914045e-08
5.17082401743e-08
0.000159994110274
1.06748222435e-19
3.02374569779e-12
0.00014793395158
1.99445027272e-08
6.50183197291e-28
0.000260240662082
9.63914855286e-19
2.16311813201e-22
1.69890689366e-23
3.60491420883e-35
1.76613896951e-17
0.00374639386189
2.634142577e-06
5.25759091184e-06
6.59743198248e-09
0.00510792090364
1.41952341101e-12
3.24840839882e-12
1.96553155322e-05
1.07865904994e-06
0.00552056078841
0.00224742275716
2.85767330232e-09
1.77864818549e-50
8.11144808212e-07
5.49128078451e-19
7.47599879853e-19