500
0.0278553862383
0.00171632089093
0.0615431819325
0.014574091384
1.07931449575e-06
0.037713750957
0.0278553862383
0.0057266358481
4.82061435885e-08
0.00128036392962
4.73601281325e-06
3.94536797504e-05
0.000579316471728
8.4268685028e-05
0.00318975253646
0.00178535077888
3.99547179276e-06
2.57098031784e-05
0.00158420557714
1.3201753411e-07
0.00015486267444
0.0615431819325
0.0619356713488
0.0235990823461
4.8251271034e-05
0.000345811798917
0.000160376359413
0.00158420557714
0.0619356713488
0.0133208035658
0.00674160219507
4.18738079181e-05
2.04570467308e-07
0.0088192416921
0.0619356713488
2.43742716195e-09
0.00672352881755
0.0088192416921
2.30583455803e-11
2.17605349485e-08
1.41286360973e-05
0.00119401223759
0.00140918729936
0.000507321715458
0.00448647478458
0.0615431819325
3.69378012896e-09
0.000479976207955
0.000122588343016
0.014574091384
8.16630568587e-08
0.0
6.9715338994e-05
0.0133208035658
1.32545833648e-07
1.35571590491e-11
6.52211671526e-08
0.0278553862383
1.42379471711e-05
0.0278553862383
0.0619356713488
0.00378166454854
0.00378166454854
0.00378166454854
0.00412524587902
0.0615431819325
4.96659158083e-05
0.0
0.00229097887185
0.000464267230777
0.037713750957
5.9885522476e-05
0.00448647478458
3.26708523797e-06
1.22457447846e-11
4.521143087e-06
0.0235990823461
0.00448647478458
0.0615431819325
0.0133208035658
0.037713750957
0.0133208035658
0.00130966113016
0.0615431819325
0.000758197190416
0.037713750957
2.75254880543e-05
0.00672352881755
0.0027253360936
0.000645837563556
0.0619356713488
0.000646483528859
0.0088192416921
0.0619356713488
1.92325319795e-10
0.0619356713488
0.0619356713488
0.0
0.00450240329866
0.0619356713488
0.000246909494423
0.000151130462822
0.037713750957
0.000244561838706
0.0126577835313
2.61647993614e-05
1.59925912997e-16
3.01908694274e-05
5.17987240196e-06
3.49943724763e-06
2.88699122593e-06
5.98868017648e-08
0.0615431819325
0.0057266358481
0.014574091384
2.80164505925e-10
0.000692606511756
0.00359231786052
3.00267149962e-05
0.0126577835313
4.81157040457e-09
0.00412524587902
0.0615431819325
0.00115221832561
6.17894292002e-11
0.0619356713488
0.00136413231486
0.000975988225802
0.037713750957
1.51596092014e-05
8.68698585646e-09
3.08633616179e-05
0.00674160219507
9.30790221579e-05
0.00158420557714
0.00021554516493
0.0619356713488
4.33831523562e-06
4.34378298899e-06
1.37079153142e-07
0.0278553862383
9.84605242594e-12
3.86431759348e-09
4.03269478735e-05
2.16952303248e-13
1.38063454667e-05
2.68271720198e-07
3.95116742301e-05
7.62695889919e-06
0.014574091384
1.47587045417e-05
0.000386217908289
1.22086345125e-06
4.05102974281e-07
7.57027793665e-06
0.0619356713488
0.000534955348278
0.0235990823461
0.0
0.00450240329866
0.00607775561144
0.0619356713488
0.0619356713488
0.0
4.17568733921e-08
0.00136413231486
0.0619356713488
0.0619356713488
0.014574091384
0.0615431819325
7.02889162435e-06
1.26052048793e-05
0.0014367760536
4.95454637783e-06
1.1506326382e-05
0.000578840504405
0.00039622472449
5.90280791113e-08
0.037713750957
0.0088192416921
1.13737793064e-08
5.93413505763e-11
0.0278553862383
0.000236399499521
0.000536593402115
0.0
4.92871164436e-06
5.2077458449e-05
0.037713750957
0.0619356713488
0.00448647478458
0.0615431819325
0.00201258770078
0.00754477621299
0.0619356713488
0.037713750957
0.000310803976887
0.0615431819325
0.037713750957
0.037713750957
0.0619356713488
0.00128681355586
0.0619356713488
0.0619356713488
0.0027253360936
0.037713750957
0.00160538727659
2.36110641603e-11
6.12930383252e-10
4.5919260141e-16
0.000975988225802
1.4550806762e-11
0.0126577835313
0.014574091384
2.37417831094e-05
1.74756585226e-05
5.93688630586e-05
0.0615431819325
0.0278553862383
0.000646483528859
0.00596756208925
0.0016532993332
7.41021315438e-11
0.000568684093894
0.037713750957
8.47083827782e-07
8.52067278859e-06
0.014574091384
0.00378166454854
0.000536577851641
1.01220689718e-06
0.000122889014938
3.17533167764e-09
0.000677667108534
6.35873306647e-07
0.000454566373666
3.59825713435e-11
0.00522744059792
0.0619356713488
0.037713750957
0.000208175984366
4.7571594607e-11
0.00140092314141
0.014574091384
0.000122588343016
6.74257241258e-05
4.34378298899e-06
1.86400508123e-09
2.84368410995e-07
4.35134617044e-06
1.04110025876e-09
5.45413548144e-05
0.000479976207955
2.17834586238e-06
0.0619356713488
3.59693417743e-06
7.73710438692e-07
0.00448647478458
0.00307524496041
0.00104786525607
1.51324371175e-06
2.23655685579e-05
0.0619356713488
0.0619356713488
3.49506625348e-05
2.90232213492e-05
0.00128036392962
4.17460491261e-09
0.000975988225802
1.17049248031e-05
0.00208353350323
6.72212980376e-08
0.014574091384
0.00412524587902
1.32714169836e-06
0.037713750957
0.00079304369512
0.0619356713488
0.0126577835313
0.0619356713488
0.037713750957
1.7590463378e-07
0.000207635270504
0.000299195757204
0.0615431819325
1.55717759253e-05
0.0615431819325
0.00136413231486
0.0619356713488
0.0619356713488
0.0619356713488
0.0278553862383
9.13514755424e-05
0.0278553862383
0.0619356713488
0.0615431819325
0.000719770070733
0.000883852752946
0.000240991894456
0.00160538727659
6.52418882643e-11
5.79287207496e-06
0.0057266358481
0.0615431819325
0.00450240329866
3.07354344093e-09
0.000267328886885
0.000806636982365
1.3295243792e-06
0.00208353350323
3.73772412972e-13
0.0619356713488
0.00127511862487
0.0619356713488
0.00164472943665
0.0615431819325
0.0619356713488
3.57300057585e-09
0.00402395316256
3.80739160504e-05
0.0619356713488
1.46500285848e-07
0.037713750957
6.50895301294e-06
0.00158420557714
0.00402395316256
0.00125897422125
2.99129615746e-07
0.00208353350323
7.21879987188e-05
0.000550999963542
0.00448647478458
9.48069806063e-11
0.037713750957
0.00178535077888
0.0619356713488
0.0615431819325
4.82309997534e-09
0.0133208035658
0.00119401223759
0.0057266358481
0.0278553862383
0.0615431819325
2.26515904234e-05
0.0235990823461
0.00031012757965
0.037713750957
0.037713750957
0.000125652892403
0.0
1.60273537492e-10
0.0
0.0619356713488
8.69366237433e-08
0.0615431819325
0.00522744059792
0.0022975623924
2.23700460077e-09
0.00201258770078
7.077892516e-05
0.0278553862383
0.037713750957
1.94658194293e-05
0.037713750957
1.19818720603e-05
0.037713750957
5.60596149937e-06
0.0619356713488
2.13642199502e-07
2.60591525124e-10
3.00124051345e-06
1.56782094357e-15
8.32878733287e-06
0.0619356713488
7.14872410453e-06
2.34974792628e-10
3.37353590249e-06
5.44116899326e-09
0.014574091384
0.014574091384
0.000122588343016
0.0235990823461
0.00136413231486
0.00522744059792
5.79013713007e-07
1.48193272213e-08
0.037713750957
0.000299760981742
9.11329628296e-06
0.00307524496041
0.000125861390948
0.00754477621299
0.0133208035658
0.0036338396101
5.64254086392e-13
4.82240201244e-07
2.89920783314e-16
1.92108345536e-13
1.76982691931e-09
0.000440584463791
1.39542877887e-06
9.99657703804e-06
1.2311527939e-06
0.0005738118476
0.0619356713488
4.70245524005e-06
5.06076114904e-14
5.33143539075e-10
0.0278553862383
0.0619356713488
0.037713750957
0.0088192416921
0.0615431819325
1.56054948746e-10
0.0235990823461
0.00412524587902
0.0619356713488
2.5681639129e-10
0.000112639884688
0.00079304369512
0.0278553862383
6.35371048734e-06
0.0619356713488
0.00130966113016
0.0615431819325
4.088170043e-07
0.037713750957
0.0619356713488
3.96779372644e-10
0.0615431819325
0.000341618908534
2.55368804528e-06
0.0133208035658
0.0619356713488
0.0615431819325
0.000169485994027
4.89619911978e-05
6.92280529886e-05
4.15007632845e-08
0.0
0.0
0.00448647478458
1.42449995905e-08
1.83878560497e-10
0.000646483528859
0.0619356713488
9.70603846211e-07
0.00186630278881
5.04587704012e-07
0.00128681355586
0.00126026189122
0.00186630278881
0.00079304369512
9.62063905302e-06
0.00402395316256
0.0619356713488
0.00127511862487
1.02737285693e-06
0.00136413231486
0.00318975253646
3.46501096211e-10
0.00136413231486
3.62648932534e-12
0.0278553862383
0.0619356713488
5.35937864493e-05
0.0619356713488
5.29562511193e-06
0.037713750957
9.24823727748e-11
0.00113296016934
0.00359231786052
0.00448647478458
6.05220064799e-12
8.90885937824e-06
0.00079304369512
9.93284520026e-05
2.34526716739e-05
1.31486743435e-19
0.00318975253646
0.0
0.00171632089093
4.1498532449e-10
0.014574091384
2.39637048538e-06
3.94876813817e-07
0.037713750957
8.11127993594e-05
0.0619356713488
4.31983329836e-10
0.0619356713488
1.7750022329e-05
0.00378166454854
0.00127511862487
1.7372290384e-06
3.20624426577e-05
0.0
0.0278553862383
3.29621147946e-05
0.00154338672654