500
9.45783587258e-08
7.74078970435e-31
0.0107634408602
9.8417467227e-24
8.34176096571e-45
4.74829490231e-09
2.48016530549e-13
1.28432233257e-09
0.0
2.24515303073e-16
6.52708658626e-19
3.92429603588e-07
5.40577709528e-07
7.81469191725e-11
1.76594474791e-13
3.61013950406e-12
0.00459884795875
2.5496646412e-14
1.19827336316e-18
1.56808833245e-29
1.58979573501e-10
9.39464200257e-08
6.23278224481e-21
1.10979728713e-14
1.87724396948e-06
1.25199145325e-27
9.40780095238e-40
1.03152715314e-21
0.0097746835443
5.90661930419e-33
1.45301097774e-22
0.0114432632612
2.51801340619e-36
1.54723834932e-05
7.41540597655e-12
8.03230108033e-21
5.50573910923e-09
0.0146470444553
2.48423344716e-08
0.000517991834505
2.53245126603e-35
0.0146470444553
3.030139313e-23
0.00811412228327
0.000164612499108
6.40325883899e-07
2.07326391422e-13
6.859859251e-07
0.000825840288149
1.93288527752e-29
4.9490703063e-14
2.88235332998e-20
1.2651366492e-15
0.000254354776252
0.000369358692999
0.000630666666667
1.71094013024e-12
1.23421329072e-16
6.76377968627e-23
5.59194937292e-17
2.26219276523e-11
2.91926691613e-28
4.23555258411e-05
7.78876491364e-08
1.02868749543e-07
5.24553465973e-07
4.86185064213e-09
1.59032505576e-14
0.000825840288149
2.385178943e-20
2.92237925477e-17
2.02825176745e-15
2.13001078175e-08
1.39676440026e-12
1.69437786358e-26
3.08162015929e-38
4.23555258411e-05
7.77571287923e-25
1.86422021233e-09
6.67439464801e-14
2.4326725324e-16
8.61684809829e-15
0.00724137931035
4.5370259308e-37
0.0114432632612
1.08026044777e-21
0.00175636363636
4.87084825547e-21
0.00811412228327
6.54731161057e-19
0.0077540106952
4.59340731989e-12
2.69744455832e-15
0.0114432632612
0.000194413648865
0.00811412228327
9.17094993113e-69
1.69660140678e-11
8.19538727726e-12
0.0077540106952
2.74700508924e-15
5.96509405486e-21
6.03202444528e-40
5.20900392156e-16
1.78622767737e-06
3.06815164124e-12
1.72434427917e-15
4.75983190542e-30
4.04801973695e-28
0.0097746835443
1.51756596955e-10
2.59514593895e-12
0.00415448600151
1.04170207651e-12
8.63627122406e-05
6.82861229922e-06
0.000731378188528
1.77637496288e-11
1.65504937183e-31
0.00406093442226
2.357593641e-06
1.28169038334e-09
4.14032111652e-13
7.84511175837e-34
0.00811412228327
7.0643422026e-58
9.6156387858e-33
0.000480594034357
2.27707462111e-07
8.17894932442e-18
1.2686192502e-10
7.92867288048e-10
1.48759457858e-13
0.0146470444553
9.35618440649e-08
3.7118610161e-10
0.00231472987306
1.69489873632e-13
2.96457744728e-05
1.3842034709e-21
1.27729815671e-08
1.34564168977e-19
1.01558759461e-08
6.23498238972e-27
2.87859871677e-05
1.44750749322e-27
1.8135604262e-19
1.76637551216e-07
0.0097746835443
3.6023155366e-05
2.40341499037e-13
5.62255391977e-11
0.00724137931035
6.18039156943e-07
0.0129
8.68481981084e-07
8.10571524964e-19
2.9491986976e-06
4.38087664088e-06
3.06624570187e-15
4.41861326e-36
0.00484055529852
4.82476328697e-05
6.75258594825e-23
0.000731378188528
4.06548076599e-17
0.0146470444553
2.88073599846e-24
0.0114432632612
2.54265418274e-33
8.09406885567e-21
0.0077540106952
2.2790028288e-06
3.68619594924e-06
1.29672904682e-32
0.0114432632612
4.41704258496e-24
4.65338818239e-08
2.13968785765e-33
0.0146470444553
2.02631378599e-11
9.89730703028e-17
3.63420585599e-17
0.0
3.60144955385e-38
2.38228783452e-10
1.34802444228e-08
1.25677930765e-28
9.92933820284e-25
5.03810398178e-08
2.10572343006e-19
1.44830182681e-53
1.71120952415e-06
7.33380370929e-26
1.25525536562e-09
2.36755196277e-19
0.00484055529852
1.9659437235e-17
5.66822282618e-08
1.45923637436e-17
0.000509841810487
5.6620577619e-18
6.45875988397e-16
0.00585767790263
0.0114432632612
7.7761854189e-40
2.70573228394e-24
5.45601857454e-10
4.72015622432e-08
8.18617957034e-13
3.62865927097e-28
7.41168186792e-10
0.00378710044679
1.95799024354e-11
6.84426678013e-16
2.76896076997e-17
1.14642776497e-68
0.0114432632612
0.0
1.97625963026e-24
0.000941007893456
0.000855350742446
6.08022572568e-22
2.72197801255e-10
2.64133846213e-15
1.3853019252e-47
1.54906411884e-17
1.45636996111e-09
0.0034557385621
1.80649063108e-13
0.00811412228327
0.0146470444553
0.00811412228327
8.38869906534e-06
0.00138016748328
1.21402402692e-17
1.40483725967e-08
9.81888879893e-07
1.73581341075e-26
9.83012247623e-22
0.000977639430927
7.02076689409e-25
1.05834126922e-37
2.65677908475e-15
7.10455262208e-12
0.00484055529852
2.33202643841e-20
1.80438101413e-13
0.000369358692999
0.000240089511582
5.29778442307e-55
1.61167528385e-24
0.0114432632612
0.00116918112633
0.0
0.00175636363636
0.00484055529852
5.67721814823e-16
0.0097746835443
0.00585767790263
5.84268469281e-40
0.0107634408602
7.26245243476e-18
1.03797124523e-36
3.40744413009e-13
1.24005438245e-20
9.628278653e-07
2.68276596468e-12
5.81985025641e-15
7.64412538708e-07
1.02137446612e-08
4.58508725501e-14
3.88988406512e-05
5.44996396572e-08
3.44455179378e-09
3.65894406143e-13
9.97612053166e-09
5.57086886134e-05
7.18227484706e-10
1.06541654342e-26
0.0129
0.000341819212153
3.86259062994e-07
4.32615156529e-19
9.98975099403e-22
2.49953201505e-33
0.0077540106952
0.000446470461641
4.54831193048e-18
5.87157165489e-45
0.000110363642182
1.83177010333e-20
6.33987877731e-30
0.0129
6.04167068656e-26
3.28423940747e-37
1.01617351788e-58
5.76867810008e-27
4.7299120499e-26
0.000274974139278
1.33254462698e-14
1.89432178622e-44
2.8334088005e-06
3.45678453054e-32
1.04065804434e-15
0.0114432632612
8.68251222425e-08
0.0077540106952
7.39988651761e-10
4.19693718923e-27
2.31464592594e-22
0.00415448600151
1.82431210882e-10
0.00012111568433
4.69363493181e-38
4.28970940453e-35
5.93817019935e-05
1.45161995255e-23
4.85306389347e-47
3.07562235743e-05
4.55106591279e-11
0.0097746835443
8.87674083703e-19
0.00026892137533
1.25209139442e-08
0.0129
5.89038730648e-16
3.71293811833e-18
8.16359264678e-36
0.0114432632612
8.48431833596e-12
4.0897609623e-39
1.14647846652e-12
9.19145491801e-10
1.67945056585e-10
0.0114432632612
6.9064470487e-13
4.16133497958e-09
0.000117270532329
7.04769537941e-42
5.95536926462e-13
0.00116918112633
6.97932628856e-06
0.000509841810487
6.48732266484e-64
3.7069900726e-05
0.000208869384158
0.0129
4.31937816481e-28
3.91350358788e-11
2.88537274962e-08
1.07435009773e-06
1.28355318896e-17
2.44655359657e-05
4.95042448796e-13
4.41311465098e-43
0.000579371796027
0.000509841810487
0.00459884795875
3.11744159971e-15
0.00175636363636
1.57880838641e-16
6.76403361825e-09
0.000912620932872
9.52679816303e-33
9.38618701411e-11
1.08876204885e-17
7.49841341626e-29
1.0379326492e-07
7.59819637441e-40
8.48310028478e-06
3.14609297488e-08
0.0114432632612
6.52724668643e-07
6.112443431e-10
1.52423949141e-07
0.0002532730934
8.8893288124e-17
0.00231472987306
0.0146470444553
6.29015192106e-10
1.38865260862e-12
5.8173822942e-09
0.0107634408602
9.31437832626e-12
5.61242628205e-18
1.3786985193e-20
2.49447889643e-70
0.000194413648865
2.63126935178e-13
4.78288474658e-15
0.0146470444553
9.13549909702e-09
8.55740603817e-13
0.000303677272749
1.18373301703e-16
4.66638212596e-12
2.07472628058e-46
2.58162176788e-14
4.5006743986e-14
1.25749531147e-18
2.96457744728e-05
8.44731998747e-06
0.0107634408602
1.16014089032e-14
1.60460461642e-26
3.73343768084e-31
1.54485166871e-21
9.12298512859e-83
0.00129999854507
0.00378710044679
0.00231472987306
4.20621911865e-37
1.19354125219e-14
1.99931476656e-09
2.45537835018e-15
5.75613721622e-17
0.00484055529852
8.41281022897e-10
0.0034557385621
2.04865429431e-09
0.00146443514644
0.0114432632612
0.0107634408602
6.87744610543e-06
6.82209820629e-08
9.06871252309e-39
1.95234244932e-46
3.34825907789e-13
0.0097746835443
8.70293236799e-08
3.09582974162e-24
1.3109290483e-20
6.38216095125e-67
2.22664974092e-52
1.62993259726e-09
7.8526084645e-09
7.8352578781e-24
0.00116918112633
2.52936979567e-06
2.01919186967e-12
1.69531554834e-07
1.29795956759e-06
4.19025820175e-13
0.00459884795875
3.91168353219e-32
9.23464972803e-09
0.000219924511553
8.50580169086e-10
0.000115921413435
1.48350460976e-06
1.94772408018e-07
5.79864495354e-20
1.20641843702e-26
3.9824820102e-06
2.03162227038e-11
0.000509841810487
1.68282369677e-28
1.26724670993e-11
8.14132781402e-21
1.03520001771e-13
1.54185330656e-18
4.92586095595e-12
9.46237764953e-05
0.0146470444553
5.81460409059e-05
2.87993173921e-14
0.000392186008067
0.00811412228327
0.00406093442226
1.82165285157e-05
3.60583411244e-13
7.50292626441e-08
2.49626178938e-20
5.93476300244e-09
2.44039840457e-18
8.84342907713e-17
5.3128414197e-26
1.13714970623e-05
4.20797620157e-06
0.000117270532329
0.00459884795875
1.04731093268e-07
5.39114533583e-11
5.47300954721e-20
1.07592770864e-07
3.45553445513e-12
2.81158531585e-10
1.49386763079e-08
0.000606099842223
2.09796215661e-09
1.0105220486e-07
1.46628075445e-41
0.00231472987306
1.54142849673e-11
6.81265575269e-06
2.37493378868e-05
1.56615986948e-06
6.11410509702e-23
2.41162178086e-16