500
0.0
0.0
0.120609326425
0.0
0.120609326425
0.120609326425
2.29889557394e-05
0.00747950819054
0.0344256743161
0.0135785515327
0.120609326425
0.0402269517217
0.00119616955154
0.0
0.000133486897913
0.0
0.00138902205849
6.40628562352e-05
0.000892636638343
0.0072117065849
0.0208938759435
0.120609326425
0.0344256743161
0.0
1.61171272714e-05
0.0
0.120609326425
0.0
0.00249626708372
0.0208938759435
3.40117971919e-08
0.120609326425
0.120609326425
0.00631636489394
0.0208938759435
0.0
0.00238555222333
0.120609326425
0.120609326425
0.120609326425
4.08002383164e-07
0.0160295325491
0.120609326425
0.0402269517217
0.00680086377195
0.120609326425
0.0402269517217
0.120609326425
0.120609326425
0.0
0.00238555222333
5.28079671242e-05
0.000265098569804
0.120609326425
0.0344256743161
0.0
0.0402269517217
0.000308625733992
0.0402269517217
0.0344256743161
0.0402269517217
0.000111312426506
0.120609326425
0.120609326425
0.0
0.120609326425
0.00219491378245
0.0344256743161
0.0160295325491
0.120609326425
0.120609326425
0.120609326425
0.0344256743161
0.00115676726142
0.120609326425
0.0208938759435
0.00135129810551
0.0344256743161
0.0402269517217
0.120609326425
0.120609326425
0.0
0.00153687024037
0.000547626820052
0.0
0.0
0.120609326425
0.0
0.120609326425
0.0344256743161
0.0
0.120609326425
0.120609326425
0.120609326425
0.00113034211906
2.50259034561e-05
0.000311701358935
0.120609326425
0.000332570732142
0.0
0.0402269517217
0.0402269517217
0.000410350690066
0.0
0.0
0.00113034211906
0.00680086377195
0.000138411215278
0.000308960510161
0.0
0.120609326425
0.0072117065849
0.000315529391639
0.000245614064739
0.00747950819054
0.00113034211906
0.0072117065849
1.27363143276e-06
0.00310109113631
4.88921446353e-05
0.00260334627095
0.120609326425
0.00747950819054
0.000180743750368
0.00747950819054
0.120609326425
0.0072117065849
0.000191504806921
0.000704227373367
0.120609326425
0.120609326425
0.0208938759435
0.000685287841237
0.120609326425
0.0
0.0135785515327
0.0
0.0072117065849
0.00310109113631
0.000177342334999
0.120609326425
1.82401089166e-07
0.000282802957932
0.0402269517217
0.0
0.00153687024037
0.0
3.27473423293e-10
0.000507621535873
0.00631636489394
0.0
0.120609326425
0.0208938759435
0.00115676726142
0.00747950819054
0.120609326425
0.0208938759435
0.0
0.00310109113631
0.00119616955154
0.120609326425
0.0402269517217
0.120609326425
0.120609326425
0.0
0.0
0.120609326425
0.0
0.120609326425
0.0072117065849
0.0208938759435
0.0208938759435
0.000138411215278
0.0402269517217
0.120609326425
0.0344256743161
0.0011705969717
0.120609326425
0.0402269517217
0.0344256743161
0.0
0.0
0.120609326425
0.0344256743161
0.000225852035731
0.00680086377195
0.120609326425
0.0
0.0
0.0344256743161
0.000308625733992
4.89781538669e-05
0.0402269517217
0.0
0.00106998481572
0.0072117065849
0.00747950819054
0.0
1.37220291763e-05
0.120609326425
0.120609326425
0.0135785515327
0.0072117065849
0.00363097033261
0.00175919737936
0.120609326425
0.00119616955154
0.0
0.120609326425
0.000608438853369
0.000127380905775
0.000245614064739
5.06712405556e-06
0.000308960510161
0.0
3.38520479731e-08
0.0344256743161
0.0402269517217
0.0
0.0
0.0072117065849
0.000544177995312
4.5788425998e-09
0.120609326425
3.66345322498e-06
0.0402269517217
0.0
0.0135785515327
0.00249626708372
0.0
0.0208938759435
0.000308625733992
0.0072117065849
0.00747950819054
0.0344256743161
0.000544177995312
0.120609326425
0.120609326425
0.0
0.120609326425
0.120609326425
0.00680086377195
0.0
0.00138902205849
0.0
0.0208938759435
0.0
0.0
0.0
0.120609326425
0.120609326425
5.64817403808e-07
0.0
0.000109433669548
0.120609326425
0.0402269517217
0.120609326425
1.9333402897e-06
0.120609326425
0.120609326425
0.120609326425
0.000395696788814
0.00175919737936
0.0
0.120609326425
0.00119616955154
0.120609326425
0.0
0.120609326425
0.0
0.00334601812677
0.0
0.0
0.0160295325491
0.120609326425
0.0
0.120609326425
0.120609326425
0.0344256743161
0.120609326425
0.120609326425
0.00310109113631
0.0
0.120609326425
0.0072117065849
0.0
0.120609326425
0.120609326425
0.000156143213888
0.0208938759435
0.120609326425
0.120609326425
0.00119616955154
0.0
0.120609326425
0.120609326425
0.120609326425
0.0
0.000547626820052
0.120609326425
0.0
0.0344256743161
0.0
0.120609326425
0.120609326425
0.0208938759435
0.000704227373367
0.120609326425
0.0
0.120609326425
0.0
0.120609326425
0.120609326425
0.120609326425
0.0
0.0
0.0208938759435
0.120609326425
0.0402269517217
0.0
0.000524842293992
0.0
0.0208938759435
0.000243460363747
0.0
0.120609326425
0.00135129810551
1.00328362203e-07
0.0
0.120609326425
0.0208938759435
0.000208245280778
0.00334601812677
0.0208938759435
0.0402269517217
0.0
0.0
0.120609326425
0.0135785515327
0.0
0.0402269517217
0.0402269517217
2.18361821538e-05
0.00119616955154
0.0
0.0
0.120609326425
0.120609326425
0.000113258011921
0.120609326425
0.0
0.120609326425
0.120609326425
0.120609326425
0.120609326425
0.0
0.120609326425
0.120609326425
0.0
0.0402269517217
0.120609326425
3.1014912731e-05
0.120609326425
0.120609326425
0.00119616955154
0.120609326425
0.000135823727806
0.0160295325491
0.00747950819054
0.120609326425
0.120609326425
1.15295399989e-05
0.00113034211906
0.0135785515327
0.0208938759435
0.0208938759435
0.0402269517217
0.120609326425
0.120609326425
0.120609326425
0.0344256743161
0.0344256743161
0.120609326425
0.00115676726142
0.120609326425
0.0
0.0
0.000368175127107
0.000433996641541
4.2782302176e-06
0.0
0.0
0.00196470069455
9.31855027386e-08
0.0
0.0208938759435
5.05885018298e-05
8.79364962859e-06
0.120609326425
9.68538479103e-07
0.000308625733992
0.0
0.00249626708372
0.120609326425
0.00747950819054
0.120609326425
0.000156143213888
0.0
0.000715254733119
0.0402269517217
0.0
5.23030844418e-06
0.120609326425
0.0
0.120609326425
0.0
0.0
0.0402269517217
2.2006324385e-05
0.120609326425
0.120609326425
0.000156143213888
0.00115676726142
0.120609326425
0.120609326425
0.0
0.120609326425
0.120609326425
0.0208938759435
0.120609326425
0.000180743750368
0.00334601812677
0.0
0.00310109113631
0.0
0.0
0.120609326425
0.120609326425
0.120609326425
0.0402269517217
1.66878803883e-06
7.53931458199e-06
0.120609326425
0.0208938759435
0.0208938759435
0.00119616955154
0.0
1.88446879488e-05
0.00175919737936
0.0135785515327
0.00631636489394
0.120609326425
0.120609326425
0.0344256743161
0.120609326425
0.120609326425
0.0208938759435
0.00334601812677
0.000183315268056
0.120609326425
0.120609326425
0.0208938759435
0.0344256743161
5.98637340202e-07
0.000127380905775
0.000118661156898
0.0208938759435
0.120609326425
0.120609326425
0.120609326425
0.0
0.120609326425
4.07036358706e-05
0.0
0.0208938759435
0.00747950819054
0.0
0.120609326425
0.0160295325491
0.000384613734261
0.00363097033261
0.000820076898693
0.0402269517217
0.0344256743161
0.00021722249702
0.00631636489394
0.0072117065849
0.0
0.120609326425
0.0208938759435
0.0402269517217
0.120609326425
4.70316589684e-05
0.00260334627095
0.120609326425
2.91761470579e-05
0.0
0.000820076898693
0.000315529391639
0.00334601812677