500
2.86786342352e-41
2.11845724386e-16
0.0007205315705
4.40472205374e-23
8.05131050852e-13
1.90718314068e-05
4.82919419405e-11
2.039733759e-10
6.99399108269e-10
5.16381819046e-28
3.74485655857e-08
0.00407307025791
1.12352518526e-10
1.17693943395e-33
5.59639694613e-05
8.08996212609e-06
0.00212803798793
3.10778482358e-07
0.000204534343991
1.06603914387e-08
9.17018547114e-18
0.00023630046086
0.0
2.33871603299e-36
0.000241386425956
0.0274420664207
1.71076700869e-06
1.04151765549e-08
9.21465573473e-15
5.54096954437e-16
0.0230461538462
3.37457234112e-06
0.00280348258708
2.08560192722e-12
4.14049590669e-33
0.00015871177769
1.08641600309e-05
0.00806104208739
1.21115293456e-10
1.45534287263e-06
2.78902394428e-11
2.95073186465e-32
9.44312478792e-06
7.6087254326e-34
1.43682118931e-38
1.43917711118e-20
5.2862081145e-27
5.71070921482e-12
0.000188066367531
6.87292334931e-05
0.000455697934588
5.64604669895e-05
6.15684617146e-05
2.12747858918e-17
5.75449048857e-10
6.05229428959e-16
2.41928292132e-19
4.42265847254e-06
8.79821458848e-05
7.49129732661e-26
8.0430450311e-17
0.00185842523215
1.82135266462e-09
2.37523879973e-20
9.74368108772e-27
3.41570813957e-11
1.20294788938e-05
4.59928330656e-29
4.98398115632e-09
4.0416714944e-05
3.0055867423e-18
1.22334768237e-12
1.32445818035e-08
0.000286308603981
7.61704691939e-29
2.11770906931e-17
1.15424661015e-14
0.000367494480814
1.46829517408e-05
5.13454122233e-19
0.0274420664207
0.000613945925482
9.64710141865e-29
8.59384744985e-17
6.75522526878e-10
7.5989519194e-12
1.60797678266e-45
4.38568943543e-05
2.1637504928e-05
0.0230461538462
1.30551234158e-15
3.66973670913e-24
6.24884675159e-05
1.6630348381e-30
2.71881714017e-13
0.0230461538462
2.80056494654e-05
2.51425349931e-10
1.2244380396e-17
8.71488568102e-18
8.49411087319e-14
1.60411772092e-07
4.57708866908e-45
3.05914484248e-08
1.03218751538e-05
0.0274420664207
1.2052273947e-25
1.62400435171e-30
1.86153104827e-30
5.63919520728e-15
5.68151969885e-09
0.00806104208739
5.6227912211e-68
0.000862478760441
2.75020768602e-55
1.03891895682e-05
6.02140882675e-13
0.00103703685919
1.97104605114e-21
2.69292763561e-07
2.04701829263e-05
6.15688040398e-40
1.48071631849e-16
3.88461601421e-11
1.34077762241e-19
1.97794611537e-18
6.98346993374e-08
5.90835955636e-07
4.57648912904e-09
8.43943562121e-11
1.5507945992e-10
1.4138652488e-10
5.60059726756e-19
1.62659461307e-06
1.73253583137e-10
2.26699422911e-12
0.0230461538462
1.47552723745e-06
1.78558724671e-08
3.79087938726e-10
4.07249446074e-37
2.28237960818e-10
0.00806104208739
1.61046779576e-08
7.46722575675e-17
0.000303107920998
2.07743183783e-05
1.59842036408e-17
1.72895894315e-13
5.76325046212e-23
2.89067315221e-09
2.66570225252e-05
7.78057884852e-24
0.0230461538462
6.61118252175e-07
2.89767980971e-10
1.61289274886e-17
6.47624813297e-25
1.99993128997e-10
3.37728010489e-35
0.0230461538462
5.91838867836e-27
1.80060925484e-14
6.0635256491e-25
5.92315758948e-06
0.0274420664207
9.36964763042e-08
1.24556799054e-08
1.11816740134e-12
0.0274420664207
0.00220926551874
0.0274420664207
2.73423579233e-17
1.13696587824e-10
7.13908024836e-05
3.40546281101e-16
7.39716765599e-19
0.00652488435156
5.61922775394e-13
2.75353827118e-46
6.6890133102e-09
1.87387562758e-25
1.38053880438e-12
0.000916881616502
5.79192474947e-07
9.06527166851e-11
3.60374675067e-11
0.0274420664207
2.10837036434e-09
3.28407045282e-08
1.70095775427e-05
2.47414643743e-06
0.00652488435156
0.0
7.04220723591e-16
0.0230461538462
9.61360923607e-27
3.25723120192e-09
1.57353876118e-12
0.0020606330827
5.70667010924e-10
3.23570850233e-18
1.00204765623e-19
3.37148065668e-15
3.59266651999e-39
1.27644596649e-14
1.20810855334e-05
0.000301021751234
2.49567258026e-41
6.18650504073e-09
8.14386784788e-17
8.57756248158e-20
1.03872166977e-23
3.25270550666e-06
1.18032862293e-13
0.0230461538462
1.78139223764e-07
1.59590457595e-16
1.7314331247e-07
4.51842634281e-21
0.000310447638757
1.21143184218e-12
0.000272045435362
4.55026071147e-06
1.6670735642e-12
0.000455697934588
1.43192272608e-33
1.3218395819e-45
0.00528114759625
7.1269026425e-15
0.0274420664207
5.42092351318e-21
0.00177504959437
1.21833200182e-08
3.80056961485e-06
2.20673302944e-08
4.46033949314e-31
3.06403473801e-15
1.18224148328e-05
0.0230461538462
2.47824035369e-25
3.65370747042e-97
5.92303357307e-09
7.7652396374e-33
1.88792445555e-16
0.00137910393371
1.42559107993e-10
4.9371113493e-11
2.10941834981e-12
5.77096077998e-29
1.21837039388e-07
4.43533914811e-09
1.64651086467e-08
4.23688201086e-05
0.00548870636551
0.00528114759625
6.27940960404e-10
5.20146695407e-13
0.00407307025791
8.69541309959e-12
2.18207473249e-15
9.66623919578e-13
6.0612548807e-13
0.0020606330827
8.94351484667e-34
0.00212803798793
4.45922087806e-09
1.34989818905e-06
2.87079537986e-08
4.14551404183e-20
2.62363132596e-17
1.1372354944e-09
0.00033314107364
2.94917079484e-43
3.903331762e-05
9.54914784868e-31
3.59745396196e-06
1.16071599481e-20
1.48143459073e-05
8.71011196412e-32
5.4639176883e-37
9.16152182204e-28
3.15417693291e-20
1.21942497842e-23
3.25271332854e-70
1.66147156795e-11
0.00548870636551
1.46238810149e-60
9.09536605459e-84
8.21682264415e-09
1.06029881533e-23
3.1364916371e-17
7.20782108099e-10
3.92368425821e-05
3.55661716132e-22
6.29681599389e-11
0.000165505124456
1.23362497142e-73
0.0230461538462
7.63561788429e-08
1.36015841645e-26
6.52413808068e-23
0.0274420664207
0.00216989075479
8.39661929693e-15
1.50849739753e-07
3.8438850219e-13
5.33116034214e-18
2.35372673701e-11
2.11253730706e-15
6.08957367522e-24
5.70612151718e-08
4.07390187354e-18
3.46164892285e-29
0.0230461538462
0.00280348258708
2.7329586342e-23
0.00177504959437
1.5004640992e-30
2.98756346997e-11
1.33200471036e-33
1.38619266356e-32
1.0888194929e-31
6.2270288464e-19
0.000516743956911
5.6991454698e-13
6.87822388524e-17
1.9596819678e-08
0.0
3.35857253929e-06
4.73780192414e-05
2.0228884031e-13
3.40302415794e-12
1.23456984419e-11
4.18027955191e-06
1.63446178297e-12
3.99422497028e-42
7.19608789057e-08
1.53569153134e-06
7.22086213595e-56
8.73622710224e-07
0.00177504959437
2.9943830337e-06
6.32900145843e-11
0.000872394892557
5.14764694141e-14
0.000176727957062
1.61523404487e-09
3.67459045705e-16
3.44771317367e-21
2.75983483771e-19
1.23787127051e-16
4.00405555468e-17
1.1209053238e-30
5.71074614061e-20
8.28082695616e-48
2.05371538353e-05
4.13628243096e-08
1.84384236714e-24
4.33778312323e-21
1.80614794703e-23
8.15495046941e-13
4.23823822066e-18
0.000107856003943
9.75219698754e-23
4.84517919774e-11
6.59601076835e-16
3.84122961699e-13
6.40243121022e-19
2.32366716749e-20
7.01360486374e-16
2.96488522574e-34
7.08049160893e-15
0.0274420664207
0.00280348258708
3.38881046442e-14
9.81771600197e-06
3.07696785816e-13
1.87332941538e-07
5.1012394441e-20
4.09771863766e-47
8.43729291818e-13
2.16408328006e-17
0.00652488435156
0.00177504959437
5.31209345947e-50
3.13190201639e-05
4.40846576844e-11
1.07051872251e-21
1.5666953725e-08
9.61133178741e-24
6.93126548952e-17
0.00528114759625
8.93260470138e-09
1.88899061189e-17
9.51913039694e-13
7.96484958572e-52
8.07379604338e-15
0.000100209997595
0.0230461538462
3.72993209132e-25
1.34127398234e-26
1.59512353708e-09
3.49963156178e-18
6.21299262223e-37
4.56420530985e-33
3.56829443248e-25
2.01521975152e-24
1.97523377026e-20
7.40293756668e-05
1.79541231613e-06
2.56125669273e-08
1.83769679341e-14
0.000151792314806
7.57561437258e-13
5.35877404623e-19
8.52240592961e-10
6.42659612441e-28
4.3296727779e-10
3.22745872618e-05
0.0230461538462
0.00108370886158
1.59417049198e-11
5.88094740164e-06
7.90301669894e-28
0.00185842523215
8.58862573951e-09
3.23047337534e-21
5.43990800197e-08
8.30540359175e-05
5.50547363972e-07
2.60904750571e-05
6.01986814247e-09
1.04997734824e-17
0.00103703685919
0.0274420664207
1.24078849104e-26
2.96724335012e-10
3.75301610962e-19
2.32229115102e-13
1.73887011083e-06
5.83393435157e-18
4.18334860045e-24
2.15474911558e-15
3.73016308459e-05
3.52048958329e-07
2.85015044205e-19
4.48086871746e-52
1.51529265846e-10
2.80952234569e-18
0.000239928929504
5.25050878426e-35
5.52745068292e-09
7.54210840493e-07
5.05487345808e-28
2.37160227661e-22
5.04379464699e-19
0.000393453136762
0.00155132461202
7.82360083919e-32
2.71430540358e-87
0.0
5.92761001295e-10
4.93907903093e-12
0.000862478760441
8.38563550645e-15
2.15662988373e-26
2.96140483546e-07
7.37466377787e-10
1.43772566015e-21
7.42786964353e-09
3.4183981177e-07
0.000492479673064
9.7919832353e-10
4.27422605052e-13
3.3121604904e-15
0.000545093346884
6.9307524804e-07
5.12859472292e-05
8.03218618192e-08
0.000165505124456
3.99617091511e-33
0.00177504959437
3.00158773145e-05
0.000144235442884
2.36300133249e-69
1.25027179677e-33
1.40439933027e-17
1.82430482167e-07
0.000516743956911
4.63862221744e-12
2.42414423259e-05
3.93261612597e-25
0.0230461538462
1.30005096464e-08
1.44013561368e-17
4.15040820447e-19
0.00652488435156
8.21550139071e-16
1.55542605316e-13