500
1.05692496921e-05
9.01336395261e-20
4.06202651458e-12
3.9353679525e-06
0.00683317070093
0.0
2.38507656307e-18
0.00868053219755
6.1181935281e-11
1.4324206511e-10
0.00683317070093
1.9051127214e-16
9.26635469295e-19
1.04561843888e-10
2.06220573591e-07
7.41966432095e-25
3.11384370821e-14
2.92076178059e-09
2.19546900649e-05
0.000368342040328
5.56855281113e-18
4.61445703435e-05
3.34219916026e-24
1.19937560926e-23
7.71668920329e-37
4.11125439829e-18
1.69105643747e-25
1.97821354244e-07
8.36052350206e-12
0.00683317070093
6.68609835298e-15
2.06014183606e-18
1.6880907238e-21
3.30403334109e-09
9.28692284845e-13
0.00683317070093
1.71480787039e-14
0.0
0.00683317070093
3.29879335948e-10
2.00191421531e-27
4.58496025276e-07
1.00902673233e-05
1.54121219189e-12
2.31503642123e-08
3.12604154642e-15
2.43505582404e-17
0.000317052327938
0.0
2.56575442762e-19
1.78280862287e-11
4.12865028273e-23
4.05710222553e-09
1.81261384086e-10
0.0
2.37040408432e-07
1.30587066823e-10
0.0
5.32949473609e-24
6.41741198358e-26
2.60010714761e-16
3.52938549149e-07
4.62022763595e-06
0.0
0.0
1.04323081033e-08
4.73719580972e-11
3.41450301017e-40
0.0
3.32468849134e-07
0.00683317070093
6.97563088874e-12
4.18891163185e-19
7.09145406708e-08
4.23382748758e-05
1.53981782875e-05
2.92089690563e-22
3.49884589951e-20
0.0
2.58076938349e-08
5.12634287662e-32
2.01682372648e-12
8.00916758333e-45
7.20731958894e-11
4.37569021574e-39
1.01108886087e-15
4.82138070833e-06
4.43734943816e-15
3.06145580183e-16
4.2794048265e-13
0.0
1.51960268011e-26
2.99607754736e-07
1.04609645696e-52
0.000534267287914
1.83667655765e-08
1.6927983474e-09
1.13561991693e-29
1.30468213094e-37
9.52584258748e-08
0.0
2.49546657743e-20
4.00376677227e-14
0.00683317070093
0.0
3.35056053562e-05
3.45677320641e-09
0.0
0.000360540720904
0.0
4.62022763595e-06
6.33658572922e-08
2.64046705294e-05
1.27576718836e-24
2.30950400571e-07
2.34975879623e-05
1.0004324817e-07
0.000315636097693
1.22448680042e-23
5.74082611313e-15
2.38559453799e-09
2.08658419375e-07
2.14993711184e-08
0.0
0.000135618199098
1.87188458959e-11
8.77434878981e-09
7.92497219889e-15
2.1628033455e-32
3.56964506172e-07
2.40814310913e-07
1.19469440077e-06
3.71821840528e-10
6.14343757223e-09
8.79422472208e-18
2.73701129857e-16
3.93523511964e-15
0.0
0.00643367346939
0.00588795788594
5.87442034749e-17
0.00021014373447
1.3281725383e-08
0.00683317070093
6.49321404521e-06
4.93564613028e-34
3.54018555344e-12
0.0
1.7876172739e-09
0.0
2.15467954133e-11
7.39501455422e-23
1.45215813127e-12
0.000534267287914
0.00683317070093
1.15206138851e-10
3.81203255797e-14
2.31613238617e-18
0.0
1.49759627611e-17
2.00829789458e-05
6.84678338869e-12
3.36236444206e-13
2.54828910204e-17
1.06211841245e-17
2.2235695239e-37
7.05659118902e-41
7.63563570779e-10
0.00868053219755
6.47779482679e-10
0.00643367346939
1.86734015425e-25
0.00683317070093
0.0
0.0
6.48815760252e-19
3.03358676274e-06
2.73882515227e-24
1.40360381629e-11
0.00021014373447
1.6262993698e-19
2.809867373e-08
3.44225897673e-16
3.30622406617e-05
2.07757963324e-14
8.53014688575e-10
0.000534267287914
4.39461771071e-09
9.62730645391e-12
5.30658580099e-12
9.69571950325e-19
1.03334043307e-10
0.0
1.15553123326e-14
7.93197393196e-22
5.64343467719e-35
5.23892741962e-14
9.84445231642e-06
2.05745376487e-07
5.44846526742e-12
0.00683317070093
8.44548038649e-58
4.69197895148e-07
2.2928849294e-45
2.69379383087e-27
2.50991487846e-05
0.0
3.31774813393e-55
1.81605986857e-08
0.0
0.0
3.29880609907e-13
4.87785041634e-26
0.0
3.32662047278e-08
2.53997107307e-40
5.05414028738e-05
1.331745404e-11
1.15995573358e-06
5.05414028738e-05
5.6807133685e-06
3.28147672755e-27
5.69586989232e-33
1.06229750498e-39
1.61074720482e-26
6.34077183228e-60
0.0
0.0
0.000276325720882
4.72218965622e-12
5.00777512471e-15
0.0
0.00683317070093
4.07525248558e-09
5.99751239211e-29
3.23100739362e-18
0.00683317070093
7.45062882892e-86
6.14266043042e-12
3.89931359365e-07
3.97816098121e-11
1.14995439954e-14
4.5628129404e-10
3.71765650218e-72
1.9098515449e-10
5.05414028738e-05
1.45446425289e-23
2.91825059808e-10
0.000739891272061
7.44179583527e-07
9.17088327355e-16
0.0
2.42560339785e-07
1.53981782875e-05
5.31376862663e-34
3.50046756588e-44
2.99006623282e-13
0.0
7.11211910395e-08
1.75807931631e-15
0.0
5.63605214332e-11
8.47891469696e-08
8.89754128719e-05
3.43270111268e-11
4.37900128903e-22
2.80422017175e-06
1.15847706849e-22
2.41740204617e-12
0.000562797529735
3.35131890475e-18
0.00683317070093
3.54144928623e-10
3.4618165317e-05
0.0
0.0
3.35056053562e-05
2.03080950859e-17
1.40173954277e-13
1.32157243689e-12
8.5450935326e-12
0.00021014373447
7.36250235663e-05
2.44161848159e-08
0.00588795788594
0.000935299886716
9.31111371489e-09
1.16582605096e-14
1.00683089728e-09
5.17509051097e-28
2.46313455026e-18
1.50265580691e-20
0.00683317070093
5.85508673249e-15
0.0
4.30398141165e-24
2.89285557234e-15
4.89006823766e-09
0.0
2.30006288079e-05
8.74466787075e-12
3.84965241541e-10
5.76983368735e-56
1.86532509398e-18
0.0
9.07222005708e-08
3.09985150334e-13
2.26422903677e-12
2.08670370148e-12
6.86625014231e-19
4.34287148886e-21
1.2685222613e-28
0.000739891272061
0.000315636097693
0.0
8.34674456968e-11
0.00683317070093
1.05316639025e-35
0.0
1.10817528613e-07
1.57111905899e-12
2.40010887442e-17
2.46446633868e-19
2.62296304445e-12
0.0
4.19673734508e-14
0.0
1.7100154289e-09
2.01700137735e-39
2.30006288079e-05
6.73214701573e-16
4.6986139549e-16
0.000801468130418
5.17071692208e-26
0.0
1.784329569e-10
1.10084316897e-09
1.37475072386e-07
0.000315636097693
0.000317052327938
1.90954578201e-18
1.91874973167e-11
3.77986297241e-16
1.08837678231e-09
4.49057644547e-15
7.72409148341e-05
0.00643367346939
2.00416454962e-19
2.62891404824e-09
6.07953280564e-09
9.27834650924e-36
7.03357082091e-15
1.32918433646e-09
1.19033166894e-14
1.58300497056e-07
1.4075083806e-31
1.65696082078e-08
9.00620889349e-08
9.87003341811e-09
1.66008252248e-06
0.0
0.000534267287914
0.0
1.53981782875e-05
8.3213703511e-48
1.92960422905e-06
0.0
0.0
1.45171789626e-23
0.000801468130418
0.0
7.33215009706e-07
2.00829789458e-05
3.33686401165e-05
9.08226745961e-06
7.68956347411e-10
4.38476670346e-51
2.60946930793e-47
4.48207804723e-16
5.61448811759e-30
2.77670963848e-24
1.56005178169e-58
0.000534267287914
0.0
3.27451795158e-10
0.0
0.000276325720882
1.25024939316e-09
1.31982667871e-07
5.57574856727e-36
1.53981782875e-05
0.0
2.66453642689e-32
3.62675178788e-17
3.44245898257e-13
1.55400324924e-36
5.50912769876e-10
3.43807170065e-24
2.36228435489e-20
1.74573910335e-48
1.42690586526e-32
5.61558425238e-08
1.14121955066e-11
0.00588795788594
3.40570446009e-21
0.0
1.71217083817e-07
1.01723158985e-11
4.00494415023e-16
3.12360289829e-07
2.11775854247e-29
3.89343412147e-09
5.4080102832e-10
1.18308019086e-27
8.38093283587e-10
9.08698458218e-25
6.0619802563e-18
0.00588795788594
5.76143281682e-15
0.0
0.0
2.80439620481e-14
2.62377747095e-20
8.87309342677e-16
1.04737236796e-06
9.1385539881e-15
1.20266488538e-10
6.3218586223e-18
5.23475360971e-43
6.18261958407e-13
7.66413082431e-23
1.55930986342e-08
2.7294753998e-41
1.80950602091e-06
0.000533600266937
0.000534267287914
1.04732974866e-25
0.00683317070093
0.000487442498695
9.58426850496e-12
0.0
0.000935299886716
6.00035678885e-09
1.31950123345e-71
9.8727294445e-10
4.05067403139e-09
1.59134969648e-07
3.33686401165e-05
1.0249159479e-08
2.23062913365e-12
6.64338062892e-06
3.62359354197e-52
3.30622406617e-05
0.0
3.49496519491e-15
0.0
7.41798226452e-05
8.73608512554e-09
0.0
3.77500213102e-09
4.35794618869e-10
3.30622406617e-05
1.01268055511e-10
7.31618737796e-22
0.00588795788594
1.41327550895e-16
1.60242903614e-09
9.77254749941e-07
1.90452276559e-09
1.16908816911e-20
0.0
9.22245090013e-39
8.47059467343e-05
2.11646270017e-16
7.59220979001e-17
2.29426444624e-20
0.0
2.47242030109e-10
5.46346956171e-14
9.63887167989e-11
0.0
1.97416165535e-12
9.35671245825e-10
1.56375079441e-10
1.90625146671e-15
1.65375132755e-09
0.00021014373447
0.00683317070093
5.55769014848e-15
7.01047355878e-29
9.07463511075e-10
8.69817722725e-26
2.51923481734e-21
1.23086602417e-18
6.88065008562e-09
3.04844113396e-12
6.69371734426e-17
4.62022763595e-06
5.80474375337e-20
2.32858960272e-37