500
0.0
0.0
0.0
0.0
0.0
1.18860965634e-10
0.0
0.0
0.0
0.0
0.0
0.0
0.00735525817448
0.0
0.0
0.0
0.0
0.0
0.0
1.79324614539e-08
0.0
0.0
0.00735525817448
0.0
0.0
8.14848246453e-05
0.0
0.0
2.03076172408e-07
0.0
0.0
0.0
0.0
0.0
0.0
0.0
0.0
0.0
0.0
8.14848246453e-05
0.0
0.0
0.0
0.0
0.0
0.0
0.0
0.0
0.0
0.0
0.0
0.0
0.0
0.0
0.0
0.0
0.0
0.0
0.0
0.0
0.0
0.0
0.0
0.0
0.0
0.0
0.0
0.0
0.0
0.0
8.11047438447e-10
0.0
2.03076172408e-07
0.0
0.0
4.33374380369e-06
0.0
0.0
0.0
0.0
0.0
0.0
0.0
0.0
0.0
0.0
0.0
0.0
0.0
0.0
0.0
0.0
0.0
0.0
0.0
1.37772594695e-05
0.0
0.0
2.72086560312e-09
0.0
0.0
0.0
2.33257947002e-06
0.0
0.0
0.0
0.0
0.0
7.42842961416e-07
0.0
0.0
0.0
0.0
0.0
0.0
0.0
0.0
0.0
0.0
0.0
0.0
0.0
0.0
0.0
0.0
0.0
8.14848246453e-05
0.0
0.0
0.0
0.0
0.0
0.0
0.0
0.0
0.0
4.33374380369e-06
0.0
0.0
0.0
0.0
0.0
0.0
0.0
0.0
0.0
0.0
0.0
0.0
0.0
0.0
0.0
2.66517370147e-05
2.03076172408e-07
0.0
0.0
0.0
0.0
0.0
0.0
0.0
0.0
0.0
0.0
0.0
8.14848246453e-05
0.0
0.0
0.0
0.0
0.0
0.0
0.0
0.0
0.0
0.0
0.0
0.0
2.33257947002e-06
0.0
0.0
4.33374380369e-06
0.0
0.0
0.0
0.0
2.03076172408e-07
0.0
0.0
0.0
0.0
0.0
0.0
2.66517370147e-05
6.29977846811e-06
0.0
0.0
1.18587447793e-07
0.0
0.0
0.0
0.0
8.14848246453e-05
0.0
0.00735525817448
2.33257947002e-06
0.0
0.0
0.0
0.0
0.0
0.0
1.94977344193e-05
0.0
0.0
0.00015173553719
0.0
0.0
0.0
0.0
8.14848246453e-05
0.0
0.0
0.0
0.0
0.0
0.0
0.0
8.14848246453e-05
0.0
0.0
0.0
0.0
0.0
8.14848246453e-05
0.0
0.0
0.0
0.0
0.0
0.0
0.0
4.33374380369e-06
0.00015173553719
0.0
0.0
0.0
0.0
0.0
0.00015173553719
0.0
0.0
0.0
0.0
0.0
0.0
0.0
0.0
0.0
0.0
0.0
0.0
0.0
0.0
0.0
0.0
0.0
0.0
0.0
0.0
0.00015173553719
0.0
0.0
0.0
0.0
0.0
0.0
0.0
0.0
0.0
0.0
0.0
0.0
0.0
0.0
0.0
8.14848246453e-05
0.0
0.0
0.0
0.0
0.0
0.0
0.0
0.0
0.0
0.0
0.00015173553719
0.0
0.0
0.0
0.0
0.0
0.0
2.03076172408e-07
0.0
0.0
0.0
0.0
0.0
0.0
0.0
0.0
0.0
0.0
0.0
0.0
0.0
0.0
0.0
0.0
0.0
0.0
0.0
0.0
0.0
0.0
0.0
0.0
4.74575784884e-05
0.0
0.0
0.0
0.0
0.0
8.14848246453e-05
0.0
0.0
0.0
0.0
0.0
0.0
0.0
0.0
0.0
0.0
0.0
0.0
0.0
0.0
0.0
0.0
0.0
0.0
0.0
0.0
0.0
0.0
0.0
0.0
0.0
0.0
2.33257947002e-06
0.0
0.0
0.0
0.0
0.0
0.0
0.0
0.0
0.0
0.0
0.0
1.49250525584e-07
0.0
0.0
0.0
0.0
0.0
0.0
0.0
0.0
0.0
0.0
0.0
0.0
0.0
0.0
0.0
0.0
0.0
0.0
0.0
0.0
0.0
0.0
0.000234609375
0.0
0.0
0.0
0.0
0.0
0.0
0.0
0.0
8.14848246453e-05
0.0
0.0
0.0
0.0
0.0
2.56608649596e-05
0.0
0.0
0.0
0.0
0.0
2.33257947002e-06
0.0
0.0
0.0
0.0
0.0
0.0
0.0
0.0
0.0
0.0
0.0
0.0
0.0
0.0
0.0
0.0
0.0
0.0
0.0
0.0
0.0
2.66517370147e-05
2.03076172408e-07
0.0
0.0
8.14848246453e-05
0.0
0.0
0.0
0.0
0.0
0.0
0.0
0.0
0.0
0.0
0.0
0.0
0.0
0.0
0.0
0.0
0.0
0.0
0.0
0.0
0.0
0.0
8.14848246453e-05
0.0
0.0
0.0
0.0
0.0
0.0
0.0
5.14293644736e-09
0.0
0.0
0.0
0.0
2.66517370147e-05
0.0
0.0
0.0
0.0
0.00735525817448
0.0
0.0
1.49250525584e-07
0.0
0.0
0.0
0.0
0.0
0.0
8.14848246453e-05
0.00735525817448
0.0
0.0
0.0