500
0.00539111449605
0.0237470725996
1.36030385575e-09
9.63649321653e-13
0.00172851703989
0.00913461615851
0.0538875878221
9.44932281134e-10
0.0538875878221
0.0149810246842
0.000176404027262
0.00237574537114
3.07025046967e-15
0.00431240855627
6.57906690389e-08
0.00660180748793
1.34282043299e-05
5.59515898438e-14
0.000490029754723
1.47387430799e-05
0.00672738831919
0.00672738831919
4.39024789557e-15
0.00111199059725
0.020728552052
0.000384571252634
0.000397188365651
2.41234507156e-27
1.93933651039e-08
0.00539111449605
1.11067597026e-05
1.08385279207e-15
1.37227889565e-33
0.0149810246842
0.00539111449605
0.000432129259972
0.00929107414655
5.61301506993e-18
0.0210835913325
0.0149810246842
0.0237470725996
4.70428780827e-18
0.00595407203462
1.09988222601e-10
5.74253303777e-06
3.76475000952e-35
3.01459523233e-08
0.000848216117686
1.82571737619e-19
0.0149810246842
0.00751707352592
2.76330250025e-05
2.73623771638e-15
0.0538875878221
6.87315670091e-10
7.35591873942e-06
7.06890076888e-10
0.0203789473685
7.96099712719e-09
9.39776249145e-40
2.5634018014e-12
9.63493327474e-16
1.46814600836e-17
2.22217248841e-17
2.0705949302e-32
0.0538875878221
0.0538875878221
0.0203789473685
0.0203789473685
6.75067427655e-06
4.88004765677e-13
0.0210835913325
0.00431240855627
1.40312783663e-05
4.39627977024e-20
0.000295623891273
0.000490029754723
4.71591681401e-08
0.0538875878221
4.8735025643e-09
8.28579912728e-11
0.020728552052
0.0210835913325
1.5427412575e-24
5.09859475846e-06
7.97566897924e-29
5.05764322033e-06
0.00036567143537
0.00119345282737
1.10243662349e-11
0.00431240855627
0.00198859162452
0.00595407203462
0.00929107414655
0.0538875878221
0.00913461615851
0.00142098206561
0.0149810246842
1.55733613267e-05
0.000245147412388
3.94713295696e-11
0.020728552052
0.0538875878221
0.0538875878221
1.73924666623e-17
0.00595407203462
0.0538875878221
0.0210835913325
0.0149810246842
0.000107651375881
9.21169836816e-17
2.26540544849e-05
0.0049486814253
0.0149810246842
7.49425609579e-05
8.53340583578e-07
1.20141196245e-32
0.00198859162452
1.35987456818e-06
0.00929107414655
4.76935478846e-27
2.22230003931e-13
0.020728552052
3.97929221261e-11
4.76862942635e-07
0.00036567143537
7.19097378213e-14
0.0538875878221
5.67535563977e-21
0.0538875878221
0.00198859162452
3.25871480902e-23
3.30117367599e-19
2.26274887794e-10
0.00311668170877
1.21665076279e-05
3.75957652155e-07
2.08596818711e-35
9.6722024642e-05
0.00311668170877
3.25390124739e-08
1.09830218255e-05
0.0237470725996
4.22253251525e-07
5.80779763491e-07
7.53382183927e-07
1.17780426955e-14
3.78398114984e-08
0.0210835913325
0.0203789473685
4.57012243311e-08
3.00640550432e-07
0.00287315542798
0.000603757418913
2.08130614498e-05
3.5286182153e-07
1.12921688211e-13
0.000283294434062
0.00198859162452
0.00929107414655
0.000866727719072
0.0112297001574
0.00198859162452
5.60953586888e-11
4.35538054731e-05
9.22022904278e-16
2.43929477494e-06
5.60159930272e-06
4.81825427572e-18
7.53392199763e-05
0.0203789473685
0.0112297001574
8.33285986365e-15
1.17681368375e-08
0.0538875878221
1.67016668914e-11
0.00751707352592
0.0210835913325
0.00216791000045
0.00451953996136
0.00595407203462
0.000214507555664
0.000371392078461
0.0049486814253
0.000603757418913
1.18909998664e-08
1.35387547202e-06
6.00746538056e-15
0.0049486814253
0.00913461615851
6.47021236708e-17
2.40653739678e-16
1.47010306754e-07
3.08546768406e-10
9.53157659734e-06
0.0538875878221
1.57550345697e-06
0.00660180748793
0.00929107414655
0.020728552052
0.0016818470798
0.0149810246842
0.000320960214426
1.66803442151e-16
2.19002296592e-06
4.28309089565e-10
0.0538875878221
0.00237574537114
1.12338165942e-11
0.00190038343158
3.25512323345e-10
0.00102404790081
0.000149594306129
3.9133964564e-05
1.96320674841e-15
0.020728552052
2.27767343169e-13
0.000393142097471
7.79942693474e-08
6.76206980959e-06
4.69297924751e-06
0.0538875878221
1.60468658479e-11
0.00198859162452
2.99354713253e-05
0.0203789473685
2.15810849554e-10
0.0210835913325
1.72564600619e-11
0.00311668170877
0.0237470725996
2.518009853e-13
3.17032780466e-13
5.11024997409e-19
0.020728552052
0.000430854277397
3.5649833914e-05
0.00660180748793
0.000163664305763
0.0203789473685
1.72238814512e-09
0.00036567143537
4.45627463553e-07
3.15891896601e-12
1.48760393209e-12
2.72627632053e-08
0.000562683518006
2.70366441122e-10
0.020728552052
1.23202776133e-08
0.00431240855627
0.000381947808405
0.0149810246842
7.98591197779e-09
0.0538875878221
0.0210835913325
6.57613566898e-17
0.0538875878221
0.0538875878221
0.000107651375881
0.020728552052
0.000440222573366
0.0210835913325
0.00751707352592
1.85046056474e-10
0.0210835913325
0.000154141715772
0.000674285341136
0.0016818470798
4.03064815222e-14
8.69172520702e-09
0.0149810246842
5.66470499874e-07
1.19890787092e-06
3.91818628051e-06
0.00198859162452
4.22759914121e-07
4.22759914121e-07
0.0210835913325
4.01210584796e-08
0.000237164138025
0.00107160398265
0.0210835913325
7.73259253646e-06
0.000506751828723
9.45348634778e-09
6.46028699895e-25
0.020728552052
7.22409266131e-11
5.16383605708e-37
2.56708473012e-08
1.01351227016e-07
3.36438399998e-09
3.50120267208e-08
0.0112297001574
0.0538875878221
2.44493528831e-09
1.07827308382e-11
0.020728552052
4.190825309e-06
3.33746158358e-16
0.00451953996136
0.00672738831919
0.00913461615851
2.43724347747e-09
0.020728552052
0.0210835913325
0.0016818470798
5.08391326444e-07
1.11324848915e-11
6.24500182366e-08
0.0
5.66470499874e-07
0.00751707352592
1.35506284602e-07
4.74884927318e-09
0.000377311245426
0.0016818470798
2.5741685393e-06
0.00913461615851
0.0203789473685
0.000761719373509
3.0281439655e-06
0.0149810246842
2.90339947939e-14
7.55443670758e-05
0.0203789473685
1.94041805511e-21
2.645069707e-05
6.42908594665e-06
2.8199366215e-12
0.020728552052
0.000283294434062
0.00751707352592
8.54683253817e-10
0.00111199059725
0.00107088105173
0.00672738831919
4.01414657611e-16
4.30676724553e-22
0.00539111449605
0.0538875878221
7.27413127252e-05
1.69253391668e-08
8.14488652359e-09
0.0538875878221
7.32924101339e-05
1.78504917139e-06
2.28576053172e-26
0.0112297001574
0.0538875878221
7.63550099032e-09
7.56202690954e-08
0.0538875878221
7.21756918389e-13
1.86937525737e-07
0.000562683518006
0.020728552052
5.1773394403e-13
1.96357443555e-21
1.28533635813e-27
4.26232650965e-05
0.000432129259972
1.79001491536e-05
0.00751707352592
0.0538875878221
0.020728552052
2.10347088316e-08
0.0210835913325
0.00172851703989
0.020728552052
0.000432129259972
0.00190038343158
1.74139942089e-06
0.00539111449605
0.0538875878221
0.00022124633197
1.28488749108e-17
0.0203789473685
9.68948051574e-06
2.69488304089e-21
6.45290514357e-09
0.000136040692954
0.0112297001574
0.010814479638
1.9819543435e-05
0.00451953996136
5.47100079437e-07
3.85167070636e-13
6.71167471811e-07
4.19200417386e-27
2.12366343026e-10
8.51693863856e-07
8.54879508168e-12
1.17143977544e-05
0.000123766956611
0.00198859162452
4.9474207552e-12
0.020728552052
2.80086501579e-13
0.000190429843378
0.00929107414655
1.15256954294e-09
0.0
0.000200695116755
0.00672738831919
0.020728552052
4.43606197098e-12
0.020728552052
0.0149810246842
1.92142901895e-16
0.00111199059725
9.13946883247e-05
0.00913461615851
0.00539111449605
0.00296461180168
0.0112297001574
3.29683484688e-07
0.020728552052
7.13320212662e-30
0.00660180748793
0.0149810246842
2.40010086571e-10
0.0149810246842
1.34811447591e-08
5.3551612056e-06
1.85948295721e-06
1.87462438842e-15
3.99852706705e-22
0.000393142097471
0.0210835913325
3.16592574352e-31
7.54464128054e-44
2.98280460976e-14
0.000108031063086
6.65696999175e-12
5.72593215574e-13
0.00672738831919
1.3041898733e-52
0.020728552052
0.000320960214426
2.24799684578e-06
1.29966896836e-11
7.8412938176e-18
0.020728552052
3.6206027699e-13
0.00595407203462
0.0112297001574
1.80415697444e-06
1.69697291075e-12
1.96723806274e-16
0.00660180748793
6.19940094781e-16
0.020728552052
0.0538875878221
0.000273058785422
0.0538875878221
1.56599917178e-06
9.04027181755e-07
2.27314402313e-07
0.00929107414655
4.84784005263e-16
1.74139942089e-06
0.00142098206561
1.01849988849e-12
0.00595407203462
1.07351166202e-05
0.00913461615851
2.45717578744e-05
3.383219993e-06
1.39871465646e-31
8.74002727675e-12
0.000477690187482
0.00296461180168
0.020728552052
3.81145520195e-07
9.66215112822e-12
0.00198859162452
0.00929107414655
2.02955157605e-06
4.97865971138e-20
0.000138589624081
0.000154141715772
0.00672738831919
4.21359203029e-07
5.40230671245e-05
0.00595407203462
0.000432129259972
1.09975402243e-19
1.32789492936e-10
0.0203789473685
0.000245147412388
0.0203789473685
0.000393142097471
0.00913461615851
0.020728552052
8.68276313168e-12
1.2855175606e-10
0.000490029754723
0.00198859162452