500
0.00474789809099
0.0165699793388
9.43390574938e-10
0.0
0.00230393535963
0.00582308657723
0.0408328163265
3.77472067351e-09
0.0408328163265
0.0112342085659
0.00025734325835
0.00140575435639
0.0
0.0042087210822
1.45516946073e-07
0.00338230303509
2.83315471722e-05
0.0
0.00113598130803
0.0
0.00734003848099
0.00734003848099
0.0
0.00184005855309
0.0188946232549
0.00046302368769
0.000588323459301
0.0
0.0
0.00474789809099
8.67362988769e-06
0.0
0.0
0.0112342085659
0.00474789809099
0.00121070231293
0.00654344194653
6.04000539343e-15
0.0241006587262
0.0112342085659
0.0165699793388
0.0
0.00624009384486
0.0
4.25645931271e-05
4.22703292159e-32
0.0
0.0009431460297
0.0
0.0112342085659
0.00859141334846
0.000129387836956
0.0
0.0408328163265
5.01021604882e-10
8.48934738856e-06
0.0
0.0158231540256
8.47134142136e-08
0.0
3.42625125398e-12
0.0
0.0
2.32220765841e-17
0.0
0.0408328163265
0.0408328163265
0.0158231540256
0.0158231540256
0.0
0.0
0.0241006587262
0.0042087210822
2.94988183404e-06
0.0
0.000315722758183
0.00113598130803
1.24464829656e-08
0.0408328163265
0.0
1.88008547534e-09
0.0188946232549
0.0241006587262
0.0
3.07472133878e-05
0.0
5.22819333741e-05
0.000615426794089
0.00108934274817
2.03505256134e-10
0.0042087210822
0.00265939360997
0.00624009384486
0.00654344194653
0.0408328163265
0.00582308657723
0.00146563814693
0.0112342085659
2.25646839175e-05
0.00030025902504
2.59089902396e-10
0.0188946232549
0.0408328163265
0.0408328163265
0.0
0.00624009384486
0.0408328163265
0.0241006587262
0.0112342085659
0.000165150270287
0.0
3.04513823754e-05
0.0057639968622
0.0112342085659
9.92053001936e-05
1.65312674728e-06
0.0
0.00265939360997
2.06087636176e-06
0.00654344194653
0.0
0.0
0.0188946232549
1.18671977246e-10
2.60102662217e-06
0.000615426794089
0.0
0.0408328163265
1.08571282251e-19
0.0408328163265
0.00265939360997
0.0
0.0
0.0
0.00246443926361
0.0
1.24219534374e-06
0.0
0.000115689959322
0.00246443926361
0.0
0.0
0.0165699793388
2.27102164952e-06
1.02589085213e-06
1.68416317888e-06
0.0
4.17482503452e-07
0.0241006587262
0.0158231540256
1.57976370458e-07
2.99820228711e-06
0.00378601745849
0.000996291254901
4.10861620761e-05
4.90016653228e-07
0.0
0.000261062653862
0.00265939360997
0.00654344194653
0.000525290970227
0.0105211536989
0.00265939360997
3.93950442234e-09
4.15370162145e-05
0.0
0.0
3.24001668507e-05
9.9823188999e-17
0.000128247143956
0.0158231540256
0.0105211536989
0.0
1.61517838639e-08
0.0408328163265
0.0
0.00859141334846
0.0241006587262
0.00284286827994
0.00541303364319
0.00624009384486
0.000240775729176
0.000293972716523
0.0057639968622
0.000996291254901
1.01233640496e-07
0.0
0.0
0.0057639968622
0.00582308657723
9.17206370569e-17
0.0
1.24094190468e-07
5.30775297129e-10
0.0
0.0408328163265
1.31107415456e-05
0.00338230303509
0.00654344194653
0.0188946232549
0.00267188382907
0.0112342085659
0.000487002562638
0.0
0.0
0.0
0.0408328163265
0.00140575435639
0.0
0.000780485887995
0.0
0.00109109733685
0.000278998689363
5.29144761293e-05
0.0
0.0188946232549
0.0
0.000409635978076
8.00384607372e-07
4.41122156231e-06
4.002522071e-06
0.0408328163265
0.0
0.00265939360997
7.63299245951e-05
0.0158231540256
3.51183632417e-08
0.0241006587262
9.20174277393e-10
0.00246443926361
0.0165699793388
0.0
4.68109187326e-13
0.0
0.0188946232549
0.00087113769382
0.0
0.00338230303509
8.61471074649e-05
0.0158231540256
0.0
0.000615426794089
8.14158793452e-07
3.47946587668e-11
1.08711782754e-11
7.69147320135e-08
0.000824679835233
0.0
0.0188946232549
9.8699584339e-08
0.0042087210822
0.000154012955558
0.0112342085659
0.0
0.0408328163265
0.0241006587262
0.0
0.0408328163265
0.0408328163265
0.000165150270287
0.0188946232549
0.000352292002413
0.0241006587262
0.00859141334846
1.95095033181e-09
0.0241006587262
0.000422166504163
0.00138442859194
0.00267188382907
5.53289051824e-13
2.15947954759e-08
0.0112342085659
7.63298342475e-06
3.30572214731e-06
2.97387804396e-06
0.00265939360997
0.0
0.0
0.0241006587262
5.79336766896e-07
0.000430637262868
0.00117084676159
0.0241006587262
6.88958995897e-05
0.000486538825924
1.81479548698e-09
0.0
0.0188946232549
1.58826591187e-09
0.0
0.0
0.0
0.0
6.82227361424e-09
0.0105211536989
0.0408328163265
1.54908707245e-08
1.55640201879e-11
0.0188946232549
1.21835585981e-05
0.0
0.00541303364319
0.00734003848099
0.00582308657723
1.24519400465e-07
0.0188946232549
0.0241006587262
0.00267188382907
8.702212329e-07
0.0
0.0
0.0
7.63298342475e-06
0.00859141334846
4.67102722594e-07
6.52565799483e-09
0.000327401352646
0.00267188382907
3.7085043631e-06
0.00582308657723
0.0158231540256
0.000614015134255
3.41201451261e-06
0.0112342085659
0.0
5.11713927969e-05
0.0158231540256
0.0
0.0
2.11992964208e-05
2.53665276271e-11
0.0188946232549
0.000261062653862
0.00859141334846
3.57263166984e-09
0.00184005855309
0.000815424549082
0.00734003848099
1.24204550708e-12
0.0
0.00474789809099
0.0408328163265
5.9514531785e-05
4.15062059015e-08
1.68174548533e-09
0.0408328163265
6.56332150286e-05
2.12163561917e-05
0.0
0.0105211536989
0.0408328163265
6.67883402811e-07
1.6980167163e-08
0.0408328163265
4.34689247796e-11
3.81254922762e-07
0.000824679835233
0.0188946232549
0.0
0.0
0.0
3.07806575174e-05
0.00121070231293
0.0
0.00859141334846
0.0408328163265
0.0188946232549
5.47235413515e-07
0.0241006587262
0.00230393535963
0.0188946232549
0.00121070231293
0.000780485887995
2.70829182182e-06
0.00474789809099
0.0408328163265
0.000311273944895
0.0
0.0158231540256
2.15991485014e-06
0.0
0.0
0.000207238891051
0.0105211536989
0.0105941169044
1.35055172227e-05
0.00541303364319
3.76601205406e-07
0.0
3.29245695142e-06
0.0
0.0
2.59017600953e-06
4.19120719496e-10
2.43966309594e-05
5.74184808962e-05
0.00265939360997
0.0
0.0188946232549
3.76520995975e-13
0.000322389961602
0.00654344194653
3.54542568017e-08
0.0
0.000201507228574
0.00734003848099
0.0188946232549
0.0
0.0188946232549
0.0112342085659
0.0
0.00184005855309
0.000145875754109
0.00582308657723
0.00474789809099
0.0019639549308
0.0105211536989
2.85749832514e-06
0.0188946232549
0.0
0.00338230303509
0.0112342085659
0.0
0.0112342085659
0.0
1.19211009614e-05
2.63381579474e-05
0.0
0.0
0.000409635978076
0.0241006587262
0.0
0.0
0.0
9.60522419722e-06
1.91620582117e-11
0.0
0.00734003848099
0.0
0.0188946232549
0.000487002562638
3.41068956649e-05
7.26727394683e-11
6.3537022161e-14
0.0188946232549
0.0
0.00624009384486
0.0105211536989
6.89877223283e-07
8.99075715264e-10
0.0
0.00338230303509
0.0
0.0188946232549
0.0408328163265
0.000470799045362
0.0408328163265
3.25173963234e-06
8.19928832686e-07
2.05731295225e-06
0.00654344194653
2.55322859447e-15
2.70829182182e-06
0.00146563814693
0.0
0.00624009384486
6.34486890098e-06
0.00582308657723
0.000137777992726
5.45170965459e-06
0.0
1.28853577937e-10
0.000385233909599
0.0019639549308
0.0188946232549
0.0
0.0
0.00265939360997
0.00654344194653
1.69181666751e-07
0.0
0.000141707407187
0.000422166504163
0.00734003848099
4.74091635777e-06
5.20951815064e-06
0.00624009384486
0.00121070231293
3.42546791142e-16
0.0
0.0158231540256
0.00030025902504
0.0158231540256
0.000409635978076
0.00582308657723
0.0188946232549
7.89667190069e-12
7.83232180689e-11
0.00113598130803
0.00265939360997