500
0.000950929461452
3.74699090364e-12
1.36090048423e-16
0.000165463973265
1.07297587673e-10
3.20641994206e-09
1.36956282367e-07
1.19766224349e-10
0.00383110462958
4.80068837779e-47
5.92978885933e-05
5.07836242979e-06
1.57242888446e-05
1.25254152208e-14
0.000288429178826
1.51843693978e-23
0.000207505417118
4.59922151042e-08
0.0094980620155
1.72551057022e-05
2.71115273579e-11
2.41620418299e-11
9.95089906618e-26
0.000467174022042
0.0235700832818
2.50137708277e-19
4.89151380135e-10
1.27938857808e-14
6.92372995292e-33
0.0104958372197
7.33287552597e-08
0.000288429178826
7.31838288016e-08
2.39678574313e-15
5.11193067691e-21
3.26393844231e-18
1.22172670939e-18
1.58066309494e-05
1.97109632884e-14
8.93137779706e-12
0.0159737318526
1.77609579501e-09
8.36718960364e-06
0.00147221482337
3.58378682248e-05
0.00171683220603
0.0159737318526
6.42037199018e-11
0.00383110462958
2.01600059323e-15
0.0004100194425
1.88285856797e-07
3.38381637199e-06
2.87904932986e-20
5.52294871074e-13
0.00228788805431
2.45150540167e-11
2.45059040515e-19
0.00216194968553
1.03747085966e-05
7.49922542954e-09
0.0159737318526
9.24173905968e-05
6.66236086766e-06
3.35574921614e-12
1.06473788043e-13
0.000255080023059
4.82068377111e-18
5.57180478256e-17
5.71604986436e-07
0.00733333333335
0.00165791240547
1.3136220247e-13
2.97393810936e-05
9.14090429107e-20
1.36502535441e-05
0.0159737318526
4.99661397332e-16
5.15502604903e-05
9.01274736902e-06
2.17762863989e-08
1.32612944547e-11
4.34112508707e-11
0.0104958372197
2.46873708394e-08
9.84461278785e-06
2.47651885769e-17
5.63885474443e-10
5.30883352254e-05
0.000288429178826
0.00159533950617
2.15350617406e-11
0.000288429178826
4.98929743023e-05
8.03048704771e-05
1.12309307112e-12
3.28247500549e-18
0.00228788805431
5.07330821589e-07
0.00357415724266
5.12654406838e-10
1.26449616265e-12
7.31319300399e-05
0.00405090723247
0.0235700832818
2.81264931815e-06
5.22964079701e-11
5.48557586053e-22
0.000299433861714
0.0235700832818
2.66413678707e-06
9.58829749267e-21
0.00259638616125
5.41409311892e-07
2.53064766079e-06
0.00357415724266
0.000467174022042
0.0002491231167
3.44449255545e-08
0.0104958372197
1.69284324501e-10
2.35616804596e-18
0.00116767267982
0.00222958629815
1.65675378922e-09
0.00125210294557
7.75110476074e-07
3.36048505773e-05
0.00357415724266
2.64383965403e-14
9.18010623889e-14
0.000172940297312
9.47405320438e-05
2.38363782737e-09
3.50922678816e-13
7.69026037562e-46
0.000737869810073
2.57299001303e-05
2.19005010829e-36
0.0104958372197
4.57875275435e-05
8.25912918789e-10
0.000164725486674
3.46904363243e-27
0.0273039073806
7.71662652014e-18
8.39134778307e-08
0.000499184831365
9.9284973503e-19
0.000231200645137
0.0235700832818
9.77231089775e-06
3.11061333774e-06
0.0104958372197
0.0273039073806
0.00403287248726
2.36249928731e-13
0.000306367925762
0.000292486827035
3.05955824965e-12
1.68470518493e-11
7.00473606157e-07
6.15393260456e-05
0.000811995649809
0.0197070422535
4.75244197037e-05
0.0273039073806
9.05416921515e-46
7.5292830462e-07
1.26071792237e-06
4.18117260664e-09
0.00350210987517
1.56239271169e-07
1.14875315067e-11
0.0078143509794
1.46533653968e-11
0.0235700832818
6.13542790094e-05
2.73620233547e-13
0.0004100194425
1.98573243133e-30
6.81533784176e-21
1.93697239391e-05
0.000207505417118
2.42697553101e-08
8.84804600675e-05
4.65989392198e-06
1.91478328343e-06
6.28757087766e-07
1.48811076186e-10
9.08199483027e-05
0.00672443227523
4.88161349923e-24
0.0235700832818
0.000109600896493
5.01748479136e-08
0.000499736455859
2.58814035626e-14
5.92978885933e-05
4.93697901338e-10
0.000737869810073
8.85316035105e-14
2.24908441129e-09
0.00733333333335
3.32991608614e-15
1.87422430078e-14
0.0235700832818
3.8618730744e-05
6.1580097203e-08
0.00171683220603
1.80009993961e-05
1.78206003408e-14
4.56505121594e-06
5.05195997486e-28
3.50355269892e-10
0.000175088981104
1.98965014845e-27
1.41995985928e-11
1.59512118872e-07
2.96249911392e-23
7.51884781293e-12
0.000210266267714
9.24173905968e-05
4.54327514271e-06
0.000102547373452
1.33004679973e-06
2.97899294024e-11
0.000996483028675
8.85329911587e-05
0.00203780357203
4.04298392039e-06
0.00259638616125
1.0773592052e-05
0.000324385099724
4.6292106889e-45
0.00222541534718
0.00222541534718
1.90119356597e-05
9.15332733469e-07
0.0078143509794
1.04256575084e-09
1.86187230985e-12
2.1729631702e-07
0.000150351339782
7.17647965009e-28
6.04816694231e-16
4.11917390657e-05
0.000155603839508
1.11305490051e-18
7.5920627279e-11
0.00259638616125
4.7628750962e-20
7.1528326104e-07
0.00576583250707
0.00150720515087
1.13861655969e-17
3.08027698191e-09
0.0273039073806
1.5761532406e-11
1.87693090225e-10
0.00116767267982
6.8881339352e-16
4.1653320134e-26
2.06034700383e-11
2.09476910603e-08
2.93199058501e-13
0.0197070422535
0.0235700832818
1.33057154708e-07
0.0104958372197
1.07748556894e-15
5.7878136168e-11
1.83152281447e-05
0.0159737318526
8.63021680281e-14
3.84202826623e-05
0.0159737318526
0.0235700832818
0.0197070422535
4.67500206014e-13
0.00403287248726
0.0159737318526
2.49077975948e-07
4.76289621528e-22
0.0235700832818
6.75109032932e-07
2.0023738147e-06
0.000811995649809
2.91713016211e-11
7.11638964261e-09
8.936741506e-08
1.59266921293e-06
5.88996574939e-05
5.84746919419e-20
0.000515154924244
0.00357415724266
1.07486981614e-06
0.0104958372197
1.03815667679e-21
0.0013314459669
0.00125210294557
1.65364026765e-07
1.50209030143e-09
0.00350210987517
0.0235700832818
6.47342044013e-09
7.39340411105e-08
0.000680820043081
0.0235700832818
0.0104958372197
8.58264085563e-17
4.28424590219e-24
7.53247401612e-08
1.56245852649e-06
2.27271810237e-20
1.18790849574e-11
2.19190936014e-24
1.13484535172e-05
0.0104958372197
0.000292486827035
0.0159737318526
0.00288714065515
5.12783685855e-06
0.00171944048286
1.19845840028e-05
8.41474711777e-12
0.0104958372197
1.56166581085e-09
6.24261423523e-11
3.49993850023e-20
7.55354074813e-15
1.59945363822e-07
3.40537057917e-13
0.0104958372197
2.00675183551e-05
0.0273039073806
1.25637962918e-07
3.31109316407e-17
1.67466230477e-23
0.00116528570907
1.1571256956e-07
1.2549999183e-25
1.25847862116e-05
7.16321847403e-10
0.0104958372197
4.37211585933e-09
1.82407300546e-14
0.0159737318526
3.97291904516e-12
1.6111905971e-08
3.50681780671e-08
2.37396349132e-08
1.93098704961e-06
2.10743104403e-12
0.0235700832818
4.94628084574e-19
6.90435304049e-21
3.7722973594e-06
2.4483892349e-06
0.000790776871457
9.12926804524e-08
0.0003871593766
4.37414711439e-09
0.000747338054411
0.0273039073806
7.11943529647e-08
0.0159737318526
4.11801290961e-05
4.02280620517e-07
1.21649640941e-15
2.62298424376e-10
0.000156687486651
7.30036204759e-08
0.0235700832818
0.0235700832818
7.1240989201e-10
1.41755807791e-35
1.4540006079e-19
7.75897412056e-11
0.00259638616125
1.33093663869e-07
0.0235700832818
0.0004100194425
0.00357415724266
6.27995536335e-13
1.55996080694e-11
2.63678151479e-05
0.0235700832818
3.78040492305e-06
6.81146432149e-21
0.00171683220603
1.15451546001e-12
3.9277846805e-11
0.0197070422535
7.98637116789e-10
2.00675183551e-05
2.88594354682e-19
2.98606832032e-13
0.0235700832818
2.6609097646e-28
3.95376208525e-11
0.0235700832818
2.55387606108e-11
6.43025907222e-15
0.0273039073806
2.245762584e-16
2.47283863259e-09
3.34406648191e-08
6.01229747702e-17
2.35870337124e-06
5.96495973113e-17
0.0104958372197
1.8667390767e-06
0.000109600896493
0.0159737318526
0.000408165510066
0.0159737318526
1.28809374155e-13
9.3007472276e-09
6.64867748991e-11
1.13308369832e-05
6.68694947506e-05
0.000335220371335
1.6810832031e-09
0.0273039073806
0.00357415724266
4.39398215953e-11
0.0159737318526
0.00227275736291
0.00101033321065
0.00150720515087
6.13177391443e-09
1.74326006142e-07
0.000127783631886
1.24502808764e-09
3.8041663099e-10
4.31544955171e-05
1.58717539277e-13
9.0300276753e-08
0.0104958372197
0.00405090723247
3.35147906136e-14
4.94686042277e-07
2.48737992963e-06
0.0235700832818
3.64172983416e-08
0.00383110462958
0.0235700832818
9.47405320438e-05
0.000131285796838
6.51867825499e-07
0.000747338054411
1.37931522626e-07
2.87933916536e-05
3.756488794e-05
4.98137116383e-10
0.0159737318526
7.54936996003e-09
2.13331572306e-25
2.9699688926e-07
3.56000095798e-06
0.0159737318526
9.229607174e-08
2.14848561918e-19
2.68178888103e-15
5.20188433806e-09
0.00405090723247
0.0273039073806
0.0235700832818
7.71542876512e-07
1.49059564849e-07
3.82103349909e-05
3.34070505485e-08
3.39947560761e-06
1.78629177785e-11
3.09475235935e-15
0.0013314459669
5.35159824505e-10
0.00403287248726
1.02737909586e-26
1.36502535441e-05
0.00259638616125
5.13491284765e-12
6.54692343276e-09
0.0013314459669
0.0104958372197
9.50438390431e-05
0.0273039073806
0.0013314459669
0.000820015889343
3.57462274219e-06
2.36922131737e-08
0.0104958372197
0.0159737318526
0.00203780357203
3.00946197529e-10
9.70592233925e-07
1.18038807327e-12
1.377692771e-09
0.00100959916521