500
0.0126178841253
0.000713723932819
0.0869408242589
0.0068073089038
2.34828567891e-06
0.021436527861
0.0126178841253
0.00272390642361
3.62159142677e-08
0.000472514538419
4.81169178583e-07
5.53702912295e-06
0.000398825981405
0.000100920599927
0.00472997509553
0.000351621267542
7.03993376749e-07
1.18558796332e-06
0.00116405842137
1.1276835785e-07
5.74882747125e-05
0.0869408242589
0.0381353259395
0.0289534193253
1.13721463728e-05
0.000743333022965
5.63545176218e-05
0.00116405842137
0.0381353259395
0.00586954104126
0.00272347662898
2.35871373835e-05
7.63617003123e-08
0.0136961814125
0.0381353259395
2.18775518064e-09
0.00569953343552
0.0136961814125
0.0
9.2402822507e-08
5.2560043089e-06
0.000881609820298
0.000591139536581
0.000563285950729
0.00168186731511
0.0869408242589
3.39968335486e-10
0.000231483767858
9.3980436616e-05
0.0068073089038
7.22403352425e-08
3.33983346721e-08
1.86821699639e-05
0.00586954104126
4.73270952211e-08
2.60253198062e-11
1.83870004109e-08
0.0126178841253
1.74756574449e-06
0.0126178841253
0.0381353259395
0.00176750283328
0.00176750283328
0.00176750283328
0.00163441034754
0.0869408242589
1.84908448258e-05
5.36352391781e-06
0.00156858885211
8.96651356665e-05
0.021436527861
5.21725381393e-05
0.00168186731511
3.02571351316e-06
2.30517953224e-13
2.07651698852e-06
0.0289534193253
0.00168186731511
0.0869408242589
0.00586954104126
0.021436527861
0.00586954104126
0.00199511553768
0.0869408242589
0.000582015789663
0.021436527861
1.17750390072e-05
0.00569953343552
0.00478440194222
0.000312248883003
0.0381353259395
0.000433488334107
0.0136961814125
0.0381353259395
0.0
0.0381353259395
0.0381353259395
8.69380799735e-09
0.00285052126208
0.0381353259395
3.82614519336e-05
8.72946157971e-05
0.021436527861
0.000147650335768
0.00792119147432
4.31684267596e-06
1.12695190906e-16
1.82898154936e-05
2.8369498769e-06
9.66006461547e-07
8.09122235719e-07
2.23505737311e-08
0.0869408242589
0.00272390642361
0.0068073089038
4.64095215687e-11
0.0002683596496
0.00213691324527
7.2091362872e-05
0.00792119147432
1.14766982171e-10
0.00163441034754
0.0869408242589
0.000339053475222
1.70103983361e-09
0.0381353259395
0.0011719415525
0.000153273851145
0.021436527861
4.22754424008e-06
1.90219716081e-08
6.90875697098e-05
0.00272347662898
6.46761690652e-05
0.00116405842137
3.10796274853e-05
0.0381353259395
3.008229379e-07
6.96241747426e-06
2.12101355915e-08
0.0126178841253
2.30244283656e-13
1.34425745374e-09
4.51140805506e-05
0.0
9.27020209377e-06
1.14038143941e-07
6.10345805838e-05
1.10442086119e-05
0.0068073089038
1.10253944098e-05
0.000258461629444
5.53372645452e-07
7.34309931626e-07
5.36712521106e-06
0.0381353259395
0.000256147606063
0.0289534193253
4.32591248755e-08
0.00285052126208
0.0020389800923
0.0381353259395
0.0381353259395
1.46707158222e-09
1.63364577538e-07
0.0011719415525
0.0381353259395
0.0381353259395
0.0068073089038
0.0869408242589
1.89694645412e-06
1.42125010856e-05
0.000846014822506
1.6013466233e-06
3.70661558246e-06
0.000714173197356
0.000214534922724
5.21795682309e-09
0.021436527861
0.0136961814125
1.486281405e-07
5.58507578214e-10
0.0126178841253
3.56117415622e-05
0.000318684327394
3.02391834662e-09
4.78289768362e-06
2.16003717895e-05
0.021436527861
0.0381353259395
0.00168186731511
0.0869408242589
0.00289537541799
0.00786010413171
0.0381353259395
0.021436527861
4.81665063953e-05
0.0869408242589
0.021436527861
0.021436527861
0.0381353259395
0.000353715517583
0.0381353259395
0.0381353259395
0.00478440194222
0.021436527861
0.00121573213474
4.04681980407e-12
9.35243000434e-10
4.85575169362e-15
0.000153273851145
4.88632359845e-12
0.00792119147432
0.0068073089038
2.70189248104e-06
6.69289809387e-06
0.000124697811547
0.0869408242589
0.0126178841253
0.000433488334107
0.00407534987346
0.00100824842057
1.08636778001e-10
0.000214553813183
0.021436527861
4.74066508007e-06
2.24027969069e-06
0.0068073089038
0.00176750283328
0.000458135011863
3.10254870381e-07
3.8917620189e-05
2.64906056837e-08
0.000239062654689
3.99578368837e-08
0.000551622573033
0.0
0.00345417025764
0.0381353259395
0.021436527861
0.00040712350962
2.88751398385e-12
0.00352925720731
0.0068073089038
9.3980436616e-05
2.92385676505e-05
6.96241747426e-06
3.50153871806e-10
1.16139696105e-07
4.82452785166e-06
8.51890139462e-10
1.09038259338e-05
0.000231483767858
1.37646596507e-06
0.0381353259395
4.25518708171e-06
1.35413584868e-06
0.00168186731511
0.00329451581584
0.000374350372918
7.10754200281e-07
1.44600421885e-05
0.0381353259395
0.0381353259395
2.01002997856e-05
2.69440551698e-05
0.000472514538419
1.18336380917e-09
0.000153273851145
1.05621230083e-05
0.00115622984446
1.03216505433e-07
0.0068073089038
0.00163441034754
6.38570036492e-07
0.021436527861
0.000258999143902
0.0381353259395
0.00792119147432
0.0381353259395
0.021436527861
1.24966611681e-06
0.000258909804976
0.000336395582447
0.0869408242589
3.6206964771e-06
0.0869408242589
0.0011719415525
0.0381353259395
0.0381353259395
0.0381353259395
0.0126178841253
4.77906931564e-05
0.0126178841253
0.0381353259395
0.0869408242589
0.000602363817822
0.000229042605021
3.33099015368e-05
0.00121573213474
1.26161847171e-11
1.07897649025e-05
0.00272390642361
0.0869408242589
0.00285052126208
1.08048946537e-09
0.000204461828997
0.000552368014966
4.50706820929e-07
0.00115622984446
5.23734429379e-11
0.0381353259395
0.000435154665074
0.0381353259395
0.000696600333216
0.0869408242589
0.0381353259395
9.62296644899e-10
0.00200178104408
5.86113339046e-06
0.0381353259395
1.18104845463e-07
0.021436527861
2.12706117429e-06
0.00116405842137
0.00200178104408
0.000221644006063
4.22229447829e-07
0.00115622984446
4.05334105953e-05
0.000833341325286
0.00168186731511
6.57880938683e-11
0.021436527861
0.000351621267542
0.0381353259395
0.0869408242589
2.09047813956e-09
0.00586954104126
0.000881609820298
0.00272390642361
0.0126178841253
0.0869408242589
3.64422667881e-06
0.0289534193253
0.000749204567771
0.021436527861
0.021436527861
6.09361834348e-05
4.70854108046e-08
1.52404239716e-11
4.65993368525e-11
0.0381353259395
4.20070322037e-08
0.0869408242589
0.00345417025764
0.000932744561765
0.0
0.00289537541799
3.38871166216e-05
0.0126178841253
0.021436527861
1.38638439093e-05
0.021436527861
4.8202925361e-06
0.021436527861
2.65066796448e-06
0.0381353259395
0.0
1.50664489457e-10
0.0
5.12827112373e-15
6.21559770068e-06
0.0381353259395
2.59837058173e-06
8.97001591989e-11
9.7289342101e-06
2.36006317246e-09
0.0068073089038
0.0068073089038
9.3980436616e-05
0.0289534193253
0.0011719415525
0.00345417025764
1.55103906553e-06
3.48346503006e-08
0.021436527861
8.41100922296e-05
4.3989921253e-06
0.00329451581584
0.00019110991388
0.00786010413171
0.00586954104126
0.00172918151074
0.0
3.36711439785e-08
3.08950023835e-17
2.16643632399e-14
3.22529531077e-11
7.64070856183e-05
7.82114577103e-07
1.6916146834e-06
3.51594375562e-07
0.000259627917345
0.0381353259395
6.25235340751e-07
8.77318129433e-14
3.18999427351e-10
0.0126178841253
0.0381353259395
0.021436527861
0.0136961814125
0.0869408242589
2.93273308347e-10
0.0289534193253
0.00163441034754
0.0381353259395
9.01309411757e-10
9.4145245272e-05
0.000258999143902
0.0126178841253
7.93784588026e-06
0.0381353259395
0.00199511553768
0.0869408242589
8.42999266891e-09
0.021436527861
0.0381353259395
1.73733357517e-09
0.0869408242589
0.000156172307857
3.97201928895e-06
0.00586954104126
0.0381353259395
0.0869408242589
0.000133739204407
7.62500043377e-06
4.38082913383e-06
9.50906553045e-08
8.41709008714e-16
1.91509520424e-08
0.00168186731511
5.12598496827e-09
6.41692188037e-10
0.000433488334107
0.0381353259395
2.44980336834e-07
0.0040028258354
1.48191004035e-07
0.000353715517583
0.000479565057971
0.0040028258354
0.000258999143902
1.83440789022e-06
0.00200178104408
0.0381353259395
0.000435154665074
6.49080735619e-07
0.0011719415525
0.00472997509553
0.0
0.0011719415525
1.63953147279e-12
0.0126178841253
0.0381353259395
1.47299418916e-05
0.0381353259395
6.11740597596e-06
0.021436527861
8.98462119828e-11
0.000860088033919
0.00213691324527
0.00168186731511
2.11638949893e-12
5.15830975446e-06
0.000258999143902
0.000419084667581
2.3497789678e-05
1.86756055525e-21
0.00472997509553
9.25397548523e-23
0.000713723932819
2.21244023972e-10
0.0068073089038
4.7229227088e-06
1.4564907898e-08
0.021436527861
0.000166461185946
0.0381353259395
3.69447804601e-11
0.0381353259395
8.53061752187e-06
0.00176750283328
0.000435154665074
3.98375033412e-07
2.13074422525e-05
1.3603201853e-09
0.0126178841253
1.6840543954e-05
0.00125994572065