500
1.83308608326e-11
0.00260128349288
2.92339988797e-12
1.87402141251e-06
3.88216390939e-06
2.72933579908e-17
0.0
5.3724746831e-21
4.69586223658e-05
0.00010714175343
3.17986530912e-06
1.41986149128e-12
2.39750879249e-07
2.25998933607e-07
1.68456958524e-10
4.10020164683e-06
0.000140251412923
4.73642923891e-12
2.58196590927e-08
2.03461334197e-10
8.65875613561e-09
0.000767152590395
7.52479347083e-06
0.0
1.79457790678e-26
6.31359185692e-05
2.17635256738e-05
1.99296628387e-05
3.00226523631e-06
4.06061067074e-05
1.82046716806e-08
1.93934118897e-06
0.0029905182849
0.000760507803759
0.0
0.0
1.88985977426e-07
0.0
1.42242917148e-05
0.0
0.000767152590395
0.00260128349288
0.0
0.000131948859209
0.00058401092824
4.10845971354e-20
0.00260128349288
0.0
2.00656066355e-05
8.26143655927e-08
4.38854603459e-08
9.47678772435e-09
0.0
0.0
0.0
4.1936448012e-07
1.42971645922e-10
0.0
0.000767152590395
2.94587580296e-09
7.84469027243e-06
0.0
3.27166073224e-12
0.0
0.0
6.45164846819e-10
1.29829233835e-14
0.0
0.000431187433248
1.58930820978e-07
0.00260128349288
0.0
0.0
0.0
0.00260128349288
0.0
2.39200186023e-05
5.34913180015e-15
0.0
0.000916813404376
0.000456007580405
2.59687455511e-07
0.000151100257912
6.03293725541e-06
7.42013040141e-08
1.64305671549e-11
0.0
3.06653556753e-06
7.3667678186e-06
5.6264087507e-11
3.20020932118e-10
0.000170446788835
0.0
0.000170446788835
1.61023257497e-05
9.07549007821e-08
7.96792281176e-05
0.0
0.000692915819299
2.90820903794e-06
0.0
0.000104596466548
3.38996327222e-09
4.89611053355e-14
0.00260128349288
8.0580960427e-08
1.57738599891e-07
3.96817705962e-05
0.000456007580405
1.47902495431e-11
0.0
1.48157552073e-09
5.24010502397e-08
6.63117730533e-07
0.0
0.0
6.52632905467e-07
4.79486868052e-09
1.72081778778e-05
0.000916813404376
6.98387515936e-06
1.73785882286e-07
1.86432046379e-06
1.84635995778e-08
0.000767152590395
5.46509032655e-10
0.0
3.96817705962e-05
1.35277310521e-28
0.000113436657794
0.00260128349288
1.35846964835e-10
1.19722561765e-09
1.29323882584e-09
9.42238876956e-05
0.0
1.65302011572e-07
0.0
1.13207880165e-05
0.000103792822955
0.0
1.60368541971e-07
1.7751993278e-18
0.0
2.0915545808e-20
7.75193329541e-07
8.66222675658e-13
9.68980810897e-12
0.0
0.0
0.0
2.57157422512e-08
0.0
2.49823033275e-17
4.05127478222e-05
0.000113436657794
3.73600962852e-05
0.0
1.38277063914e-07
3.24507108011e-14
3.00122341706e-14
5.28231744475e-12
0.0
0.0
1.27767193433e-09
9.58786763853e-09
5.92540181184e-10
0.0
1.13515343525e-09
0.0
2.68847340592e-05
1.70005438586e-08
7.03889521351e-09
0.000916813404376
1.76840169919e-14
5.57144878364e-06
0.0
0.000916813404376
0.0
0.0
1.36938455703e-07
7.39311502401e-06
5.7602442731e-12
1.14943979873e-06
0.0
0.0
0.0
1.2803400343e-08
0.000218594686796
0.0
7.81480952212e-17
5.14978818738e-13
0.00260128349288
2.59059802972e-05
0.00168659522815
0.0
0.00058401092824
0.0
6.33629210579e-07
2.31411503335e-08
1.1832615007e-06
5.00233181962e-24
2.8016688163e-07
1.77028624379e-06
2.69663484378e-09
6.55049249511e-06
1.23588650813e-15
0.000692915819299
4.17165173188e-06
5.0439558808e-08
0.0
9.70933226539e-07
0.0
1.15908238414e-08
0.0
0.000663483149938
1.25107276643e-11
2.47987357126e-15
5.094215292e-06
0.00260128349288
0.000534371574175
7.19491071124e-05
3.22797372686e-05
0.000242900982469
0.0
0.0
4.56142387504e-12
2.83519218341e-05
5.05227212792e-05
0.0
2.36039241527e-06
0.000429542338624
6.73986286585e-06
7.9490279412e-12
0.000140251412923
1.7448238747e-20
2.49174216566e-05
0.0
3.73741912982e-08
4.81262638541e-09
8.61872389395e-08
2.32922121196e-07
9.06441741059e-05
9.53294131816e-06
6.89228132284e-07
2.45989382315e-05
0.00260128349288
0.000692915819299
4.9793038132e-06
4.38299023975e-08
7.52479347083e-06
1.03650713457e-14
0.0
3.77557444548e-15
1.20008909269e-15
2.93797411148e-06
0.000663483149938
7.07123175826e-09
4.40177820253e-06
3.50883683633e-07
0.0
0.000494986973145
1.28913435309e-06
0.0
0.000692915819299
0.0
0.00260128349288
5.17686504182e-07
1.72712713704e-06
1.36325374394e-07
0.0
1.76062903644e-10
4.48593329093e-08
0.0
0.0
0.000113436657794
1.4348701063e-05
7.55156153793e-10
1.77548979618e-09
0.0
2.69321586459e-07
0.000534371574175
1.07597152219e-05
2.84645770609e-07
0.000109506401211
1.65438151876e-12
0.0
1.26949178226e-35
7.91964256938e-08
0.0
0.000306762620715
2.353875984e-07
2.54944789799e-13
4.7464854682e-16
1.22452870937e-06
0.0
3.22400862016e-06
1.22264247046e-08
0.0
0.00260128349288
0.0
0.00260128349288
0.000431187433248
1.48863675355e-08
0.0
5.04668258838e-07
0.0
3.72107783837e-16
9.97057105901e-05
0.0
5.57141870628e-05
0.0
0.0
0.000916813404376
0.0
2.56669032098e-06
0.000131111261888
2.0876986506e-05
2.86573151767e-09
0.0
4.85044958346e-26
0.000916813404376
7.86025632454e-09
6.2062690382e-28
1.51961655167e-17
0.0
1.80526218671e-05
1.99829718731e-14
1.81490971089e-07
0.0
1.54090628258e-05
1.43164894784e-05
0.000692915819299
3.55672917167e-08
0.000278211579287
9.06609996616e-11
1.52496289489e-08
3.91619363414e-14
7.67859562543e-05
2.10483639021e-05
3.82600600668e-12
6.47987340092e-09
0.000374936054417
0.0
0.0
7.62012801436e-08
0.000916813404376
2.45989382315e-05
0.0
0.000692915819299
4.97718722988e-07
5.20872157658e-13
0.0
5.21088471089e-09
0.000218594686796
0.0
0.000179807754271
0.00058401092824
0.0
0.0
0.0
0.0
1.22114368618e-08
6.54825231605e-07
0.0
3.48702415877e-08
0.0
0.0
0.00260128349288
0.000760507803759
8.6065922402e-06
6.06684753037e-07
0.00260128349288
9.20747575261e-11
0.000114496974573
1.28586701112e-25
0.0
1.9333998688e-07
8.54573206551e-06
0.000113436657794
0.0
9.06441741059e-05
9.00104366335e-07
0.00260128349288
0.0
0.0
0.0
0.0
9.38265585436e-07
1.22567592507e-08
4.44685920516e-11
6.4667473608e-05
0.0
0.00260128349288
1.16468050773e-13
4.87768799464e-13
5.42122178992e-06
0.000669318369983
1.82733265226e-07
0.0
5.60541989518e-06
6.28384161778e-07
2.92574023665e-09
7.61245372492e-24
0.00260128349288
1.00304629283e-08
0.0
0.0
2.47850570632e-13
5.64787458842e-05
7.4316565195e-12
0.0
0.00168659522815
0.00058401092824
1.26159060997e-13
6.03025306641e-05
1.63326300951e-20
0.0
0.0
5.06652068364e-07
0.0
0.0
0.0
0.0
1.39451598037e-11
0.0
1.51785437897e-05
0.000663483149938
0.0
1.59786569069e-16
1.97589033932e-05
2.61148998919e-15
0.00260128349288
0.0
1.38189534548e-08
0.00168659522815
2.98175639635e-26
0.000279557267706
1.28842982471e-17
1.36371541815e-07
0.00058401092824
9.06441741059e-05
0.0
0.0
6.4217837396e-10
0.000512128849387
5.70237775875e-19
0.0
0.0
1.80469027375e-11
0.000669318369983
0.0
0.0
0.0
1.29751437098e-05
0.000195199342364
0.0
0.0
1.2406460032e-11
0.0
0.000916813404376
1.00793945851e-15
0.0
0.0
0.000916813404376
1.56221298608e-05
1.15258238117e-05
9.06441741059e-05
2.72516454847e-08
0.000692915819299
6.4667473608e-05
4.34867656846e-08
8.15440536036e-06
3.16240797715e-10
0.000522497260344
2.20815556372e-07
0.00260128349288
0.0
0.00168659522815
0.0
5.1482502725e-08
0.0
1.00441825771e-11
3.87608332359e-14
1.70770239925e-11
1.90170585846e-05
0.0
0.0
0.0
0.000374936054417
0.0
0.0
0.0
0.0
0.000760507803759
0.000760507803759
0.00260128349288
4.46262800426e-06
0.0
2.51933538253e-11