500
1.26883545563e-08
3.08857046082e-31
0.00665631092824
3.5994687621e-25
8.94535093942e-46
1.24410814351e-09
2.26017397413e-13
3.69428526935e-10
6.95293594913e-13
0.0
1.517904371e-18
6.46121250178e-09
5.78212357216e-08
3.83511663002e-11
3.09773539282e-14
5.60994524264e-11
0.000529352869777
1.01298736604e-15
2.03282974989e-20
3.98365509936e-31
1.34313785609e-10
1.81078224748e-08
1.49267546473e-21
4.6207640486e-14
1.93361893562e-06
1.41221415835e-27
7.16531507517e-37
4.02311058658e-24
0.00379254667141
1.66580483336e-31
1.30524238444e-23
0.000500912621201
8.624973859e-35
1.88135510881e-06
9.4320921994e-12
2.64609793266e-21
7.1976143651e-10
0.000810898735639
1.68583721144e-08
4.11393442283e-05
0.0
0.000810898735639
1.27808896516e-24
0.000329599075527
1.86069653496e-05
1.83824634548e-07
1.19490330616e-13
1.33087374848e-05
1.6013441767e-05
1.79166279192e-30
9.22547350981e-15
1.9578656203e-20
1.61551753284e-15
3.96526375228e-05
0.000714957913241
0.000362026399871
3.28084710906e-14
1.33706797268e-17
7.53330075861e-24
2.85917581746e-16
3.95103735151e-11
4.81921130809e-28
1.51683508398e-05
1.6822843464e-08
3.62612008111e-09
1.71252911913e-07
3.20546969753e-09
2.97900159567e-15
1.6013441767e-05
6.2247398063e-20
3.09835545666e-18
1.22254152816e-15
1.05717825943e-08
2.01172570864e-13
0.0
0.0
1.51683508398e-05
1.43527876805e-26
3.97364062211e-10
3.75178975373e-14
5.19980165919e-17
6.62378914441e-16
0.00377822574245
1.03640327225e-37
0.000500912621201
2.4956782729e-23
0.00261959409262
1.22304431753e-21
0.000329599075527
2.5758576125e-17
0.00961656574615
3.72105949255e-14
9.41798123782e-16
0.000500912621201
1.9843421071e-05
0.000329599075527
7.39117886697e-67
3.26246765413e-12
1.8048868555e-12
0.00961656574615
1.4111124329e-15
7.93915372641e-22
2.5155038802e-39
1.42482849239e-16
1.43982402836e-07
6.56164344616e-12
1.39949072736e-14
8.2965730602e-31
8.53984212832e-28
0.00379254667141
3.18391401648e-10
2.21067560758e-13
0.000563811896147
1.91412252832e-12
2.10452159614e-05
2.62610646016e-06
4.5233990163e-05
3.94851439914e-13
0.0
0.000389389473002
1.01609779258e-06
8.34889226378e-10
1.14026689895e-13
1.34605705159e-32
0.000329599075527
1.61535076871e-56
9.04662213006e-33
0.000389936047522
6.87639950394e-08
1.36262051447e-18
2.29980130417e-09
5.91383885032e-11
1.29869540451e-13
0.000810898735639
1.43429705807e-08
3.04483505576e-11
3.50613281348e-05
7.67322421411e-14
1.15073520499e-06
5.05148542031e-22
2.31414320313e-08
1.07947879998e-18
1.94642096391e-08
6.18353190196e-28
1.30441191649e-06
1.68840069564e-29
6.81139323956e-21
2.30368390318e-09
0.00379254667141
1.01967776493e-06
2.44455834767e-15
2.00656821068e-12
0.00377822574245
2.11292519644e-07
0.00335187703654
5.1682304159e-07
8.01508739661e-20
1.86245516176e-06
1.4172396363e-06
7.18242664666e-16
1.51874843898e-33
0.000357686271293
2.88751150778e-05
3.20940353255e-23
4.5233990163e-05
6.19918688182e-18
0.000810898735639
1.98326642509e-23
0.000500912621201
3.50828043615e-32
7.00569103786e-21
0.00961656574615
3.13597932227e-07
8.73967327775e-06
8.04194258631e-33
0.000500912621201
1.45661611153e-22
6.55863655843e-10
1.01326072024e-32
0.000810898735639
2.17942532066e-13
1.79070991325e-17
1.105860728e-16
6.27963122769e-16
1.08857780722e-39
1.22969250473e-09
2.5270912997e-09
3.64106977238e-28
6.06737029218e-24
5.31923068131e-10
3.21641511737e-20
5.52930912577e-53
2.19165394418e-06
1.40280556916e-25
6.03100713517e-11
5.37902508318e-20
0.000357686271293
1.19678425674e-18
1.88227732278e-08
3.24042097576e-18
0.000216282471777
4.81694849172e-18
1.23309874415e-15
0.0038316450907
0.000500912621201
2.65635244918e-41
2.93702911341e-23
1.72753835636e-11
1.93804121295e-07
1.94613767616e-13
1.03986021094e-28
7.41790597937e-10
0.000312829733608
2.95559083103e-12
4.277417841e-15
5.97955256086e-18
2.68464319963e-71
0.000500912621201
1.52060231584e-20
4.77007150885e-24
0.00032897258014
0.000850373737614
7.02314975552e-24
4.31738584235e-10
3.81322234757e-15
0.0
2.70951495194e-17
6.36696464188e-09
0.000274604492461
7.36233117164e-16
0.000329599075527
0.000810898735639
0.000329599075527
2.33969638498e-07
0.00020733760627
1.03206524983e-17
6.7012032133e-10
1.31506297219e-06
1.38766545007e-26
1.27111692228e-20
0.0007487067382
2.77408905998e-25
1.11655786434e-38
1.88706634442e-16
3.86143468275e-12
0.000357686271293
1.00883796545e-20
1.67749964116e-14
0.000714957913241
7.42994510583e-05
1.6444252543e-55
3.20170732539e-24
0.000500912621201
0.000103551937927
2.60819552182e-16
0.00261959409262
0.000357686271293
2.35804004104e-16
0.00379254667141
0.0038316450907
7.21939119007e-39
0.00665631092824
2.01133462522e-18
1.42770789437e-36
4.07266453472e-14
3.19115743683e-20
2.90627834544e-06
9.2319776633e-12
6.99114737294e-15
1.53301012399e-07
4.16695532703e-10
3.3861512133e-15
6.26464381045e-05
1.85959311439e-07
1.42183337284e-09
3.29946906735e-14
1.3975993032e-08
1.43077926058e-05
3.63583441724e-10
2.73396587737e-27
0.00335187703654
4.01857214393e-05
7.8503883078e-09
8.93878572742e-20
3.2351214839e-22
7.23327983951e-34
0.00961656574615
1.40876752646e-05
3.1748769606e-18
3.5549316551e-46
2.7307918548e-06
1.84166150169e-22
9.22105135778e-28
0.00335187703654
4.25274431407e-25
1.09756348157e-37
1.49435579739e-57
0.0
1.1915883021e-27
5.56353138226e-05
2.91771058675e-15
3.61319078853e-45
7.4009713056e-08
3.34714427308e-32
0.0
0.000500912621201
2.65882771956e-08
0.00961656574615
6.48566523484e-10
2.8401245431e-27
2.24452079827e-20
0.000563811896147
1.55043255416e-10
7.85677891351e-06
4.00953725074e-38
2.92115390898e-34
1.88832311083e-05
4.30048060776e-24
3.99441799108e-47
1.1169255859e-05
6.15063105643e-11
0.00379254667141
2.22504037402e-18
8.50196999538e-06
1.65770084934e-09
0.00335187703654
6.63630942848e-17
0.0
1.97697330437e-37
0.000500912621201
5.75017781747e-13
5.40739793691e-39
7.8913694193e-15
1.16193641372e-09
1.65399377609e-11
0.000500912621201
9.32474730554e-14
7.50363554594e-10
3.10703233705e-06
0.0
1.81789518776e-12
0.000103551937927
1.32824394495e-07
0.000216282471777
1.96952942811e-63
9.65463415131e-07
2.23599947863e-05
0.00335187703654
2.74884586281e-28
2.61649497309e-12
7.38379122974e-09
1.35807300314e-07
7.67086509332e-18
1.35927676498e-06
1.13046315921e-13
2.4475938171e-44
2.0992663833e-05
0.00024528535199
0.000529352869777
2.66294155052e-15
0.00261959409262
8.51314701043e-16
3.83948805892e-09
0.000406856119508
5.85881665696e-34
3.60700847604e-11
1.22743270571e-17
3.18375031157e-29
7.03335397627e-09
3.70610114732e-40
2.15004243024e-05
1.31315386386e-08
0.000500912621201
1.32274576576e-07
1.73476881863e-09
1.19797716239e-08
5.97927804181e-05
5.85949606356e-16
3.50613281348e-05
0.000810898735639
2.42847745278e-10
2.10112822639e-13
6.61494235204e-10
0.00665631092824
2.27113216562e-12
9.04194936283e-18
1.03827373032e-19
0.0
1.9843421071e-05
4.62143262269e-13
3.67204152898e-16
0.000810898735639
1.09381717027e-10
7.34236949231e-15
7.73612709424e-05
5.15958373857e-17
8.80535290962e-12
1.58610186327e-47
2.48599390536e-14
2.2416632824e-15
4.65675772046e-20
1.15073520499e-06
1.26241376835e-06
0.00665631092824
2.25507973312e-15
0.0
3.76469780653e-30
1.12378118666e-21
3.42132870731e-82
0.000800180194624
0.000312829733608
3.50613281348e-05
5.26371385322e-39
1.29599149151e-14
6.2366825589e-10
1.26320873731e-14
2.52210672464e-15
0.000357686271293
6.94933216103e-10
0.000274604492461
1.95819087299e-09
0.00801517595504
0.000500912621201
0.00665631092824
4.40206925694e-07
1.3339789534e-08
1.02910497825e-38
1.41174240038e-45
1.04218143892e-13
0.00379254667141
1.93240262742e-08
5.28782957839e-26
7.30445509763e-22
4.79088203066e-66
1.88593970741e-51
2.17075647504e-11
9.07518236777e-10
1.47916802406e-24
0.000103551937927
1.07572578675e-07
4.93217268473e-13
1.51597564417e-07
2.26525719466e-07
1.07511000799e-13
0.000529352869777
5.14043315896e-32
1.21075929844e-08
1.79227500862e-05
1.81691993587e-10
0.000213178684085
1.0782065704e-06
1.41496573072e-07
4.42130981006e-21
2.52066541076e-26
1.36290908246e-06
4.95197180735e-12
0.000216282471777
2.68905997952e-28
2.58471576645e-12
2.35807116807e-21
2.2596966141e-15
4.73667883154e-19
4.85749276565e-12
3.1529823048e-06
0.000810898735639
3.57639256757e-05
1.84475736074e-14
0.000391508193944
0.000329599075527
0.000389389473002
1.64122583938e-05
1.58079744737e-14
1.35487926185e-08
3.32980860931e-20
6.25381288772e-09
1.74389475766e-19
1.93377037374e-16
8.52996377179e-27
0.000210705920946
1.92216719705e-06
3.10703233705e-06
0.000529352869777
8.31698142851e-08
2.5707743689e-11
9.20792127251e-19
2.18203741149e-07
3.08702159533e-12
1.51161983052e-10
1.09755653793e-08
0.000159910021058
2.55342726555e-10
5.07047535392e-09
2.99471265444e-41
3.50613281348e-05
4.75000616155e-13
9.9295477312e-07
4.2542985865e-08
3.54031714922e-05
2.15527491598e-22
2.15236517337e-17