500
0.0671184161775
0.00111315476135
5.2132163378e-15
0.00018774373218
0.00609068995867
1.92288730272e-06
8.61324188507e-06
1.58696782353e-06
0.00233993666315
0.0671184161775
4.73135280294e-14
3.6342015046e-07
0.00122150420439
0.0142019879605
6.01269892368e-08
0.0671184161775
6.61765256601e-07
0.0671184161775
4.0675171379e-12
0.0671184161775
6.11044779614e-20
0.0671184161775
9.28497963385e-09
0.0243321167884
0.154578745198
0.154578745198
0.0142019879605
0.0165239000942
5.42581557695e-11
3.74289080111e-05
0.000105955906916
2.37900672836e-07
0.000496245754737
5.5621354513e-06
2.32520478361e-05
0.00408109766907
0.000484341366192
3.63901690917e-09
0.0243321167884
0.154578745198
0.000966931001141
3.20116239884e-05
0.0671184161775
2.19174206458e-15
4.89072639484e-06
8.54852415845e-14
0.0671184161775
0.0197948516874
5.55290202904e-09
0.0671184161775
2.35164536778e-11
0.154578745198
4.0276360673e-05
0.00126240690577
0.0671184161775
0.0197948516874
0.154578745198
0.0165239000942
1.11008730597e-05
0.0197948516874
0.00030840160333
0.00336742027694
0.154578745198
0.00408109766907
0.154578745198
5.08027122006e-06
0.0165239000942
0.00043824867795
0.0671184161775
3.64411932638e-10
8.88911159988e-09
0.00788667444276
0.000491305456084
0.00111315476135
0.00907137742697
0.0197948516874
2.74943338195e-05
0.00187664675394
1.42691757291e-06
0.00907137742697
0.0671184161775
0.00727241142579
0.00323596838691
3.34438465174e-06
3.17701872242e-16
0.0671184161775
0.000484341366192
0.0197948516874
0.154578745198
8.53500086388e-05
0.0671184161775
0.00056352732932
0.0118405025698
0.0050779391102
0.000443735265822
0.00609068995867
0.00304147447043
3.35476115594e-05
0.000638198462232
6.4732481465e-10
0.0197948516874
0.154578745198
0.0671184161775
0.154578745198
0.000889526448134
0.154578745198
0.0197948516874
0.0671184161775
0.0118405025698
7.05196518713e-05
0.00259359487966
0.154578745198
0.0130320177306
0.0197948516874
0.0671184161775
0.0671184161775
4.37474964967e-08
0.0142019879605
0.0175413236718
0.154578745198
2.75312674768e-05
0.000121262458571
0.154578745198
0.0142019879605
0.000109329264772
5.11517317065e-06
0.0671184161775
0.154578745198
5.38979544698e-07
5.05269262757e-05
0.154578745198
3.61395464716e-06
0.154578745198
0.00100350942261
0.00560098064526
0.0197948516874
0.0671184161775
0.000777162498053
6.11718207568e-09
0.0175413236718
0.154578745198
0.0671184161775
0.000823186102301
1.29331937659e-08
0.00026021443846
0.154578745198
1.85066930048e-10
0.00176134000476
0.0243321167884
0.0130320177306
0.000347116411256
6.74083304127e-06
0.00243394144478
0.0050779391102
4.51520668039e-08
7.23915751551e-05
0.00907137742697
0.000194845965282
0.000210320719148
4.37063142213e-06
0.154578745198
1.79209299312e-12
0.0130320177306
0.0050779391102
0.154578745198
0.154578745198
0.0671184161775
4.57249964976e-14
0.00306387063742
0.154578745198
3.10934326506e-06
1.07709277711e-06
0.154578745198
0.0197948516874
3.26221925574e-10
0.0671184161775
0.154578745198
3.8031659971e-07
0.012650610576
6.47039628301e-10
0.000173593432972
1.42280463757e-07
0.0142019879605
4.78909476905e-05
0.0671184161775
1.03201149234e-11
1.60432621397e-07
0.154578745198
0.000245458159816
0.154578745198
6.78196833991e-05
0.000339864556759
2.06362055936e-18
1.02755519e-17
0.00104911888869
2.8444583672e-05
0.00871142569854
0.154578745198
0.0050779391102
5.73146227904e-06
0.000883071437712
0.0671184161775
0.00122150420439
4.74709966363e-05
0.0197948516874
0.0130320177306
0.0175413236718
2.03151594673e-08
0.154578745198
0.0142019879605
3.6284082298e-06
7.24585878954e-07
1.32476658001e-05
0.00754548078847
0.154578745198
0.0142019879605
0.0165239000942
0.0671184161775
0.0142019879605
0.0671184161775
0.000119237419911
0.154578745198
0.000233995881225
1.82427707029e-12
0.00274662909235
0.00126240690577
0.154578745198
9.39530604242e-07
0.000335601042046
0.000108483582317
0.00100350942261
5.14951660799e-06
0.0165239000942
5.15268067449e-06
1.55852626598e-07
0.0197948516874
0.0197948516874
1.26361570454e-05
0.154578745198
4.66822307407e-13
0.0165239000942
0.0671184161775
0.0197948516874
1.62673403333e-09
0.00122150420439
2.24125797634e-07
0.154578745198
0.154578745198
0.0671184161775
0.000721460800832
0.0142019879605
1.04608528952e-05
0.00114289118316
0.0013089023697
5.14927625437e-05
0.000480037665588
1.89635118499e-05
2.59410262576e-05
0.00111315476135
0.0175413236718
0.154578745198
0.154578745198
0.00118259613462
0.154578745198
0.000496245754737
0.00230521454768
0.000132261663217
0.000278032277708
0.0671184161775
0.154578745198
0.000583099289147
0.0243321167884
0.0118405025698
1.02766890369e-06
7.61522875696e-08
0.0118405025698
4.58089333661e-05
0.154578745198
0.00118259613462
1.96723814738e-11
0.00907137742697
3.16642332355e-06
0.00304147447043
0.0671184161775
0.0130320177306
0.154578745198
0.000798642534358
0.0671184161775
0.0671184161775
0.0142019879605
0.0671184161775
0.0142019879605
1.11664895566e-11
0.0118405025698
0.00187160901487
1.29495248237e-05
0.00754548078847
3.61864433979e-07
1.52169424897e-10
1.43069149397e-05
4.68603635019e-05
7.84258030605e-06
5.99510402111e-11
1.61459255754e-06
0.154578745198
4.49523597823e-06
2.5061855504e-13
0.0197948516874
0.0130320177306
0.154578745198
7.34040095275e-13
0.0671184161775
0.0671184161775
0.154578745198
9.5394107601e-05
0.154578745198
0.0118405025698
5.27790350881e-05
0.0197948516874
4.82428492277e-05
1.56765427689e-05
4.23831833951e-08
6.4316772348e-10
0.154578745198
0.0175413236718
0.154578745198
2.05277466022e-06
0.0671184161775
2.72539907692e-07
0.0197948516874
0.0671184161775
3.56634665368e-13
0.00803292594931
4.85545380943e-05
9.69713142454e-15
0.0118405025698
2.02559525264e-05
0.00230521454768
1.22320732404e-09
0.154578745198
6.09930783713e-05
3.90467854015e-14
0.00243394144478
4.14950362243e-08
0.0142019879605
5.37972461474e-07
0.00803292594931
4.13152135966e-07
0.0118405025698
0.00126240690577
0.0671184161775
0.000802661589708
3.91308109704e-12
0.0197948516874
0.0165239000942
4.08429176302e-08
4.20013534396e-11
0.000127327084484
1.52063545445e-13
2.0560486947e-07
0.00126240690577
0.154578745198
0.154578745198
1.31194949503e-07
7.60337232831e-09
9.0284411976e-16
1.25434838074e-06
0.000303168633238
8.53640814511e-07
0.154578745198
0.154578745198
0.0165239000942
2.97656228097e-16
9.96010341307e-06
0.0671184161775
6.21735163206e-05
3.37337032415e-05
3.43906177873e-12
0.00622682926829
0.00144578121273
8.50900661084e-07
0.154578745198
0.0130320177306
0.0130320177306
6.49413027164e-12
0.00871142569854
0.00871142569854
0.000133256679849
4.13265128048e-09
0.000628310377327
0.000233995881225
6.87909457023e-08
3.75537002243e-10
0.0165239000942
4.18415876184e-06
4.31698237083e-07
0.00907137742697
0.00871142569854
2.24562346193e-05
0.00560098064526
0.0197948516874
0.154578745198
0.000242490814358
0.154578745198
0.00609068995867
5.81158673309e-15
0.0671184161775
0.0165239000942
0.0671184161775
0.000245458159816
0.0197948516874
0.000404777104371
0.0165239000942
0.00622682926829
9.01972017221e-12
0.0197948516874
3.19483030688e-07
0.00754548078847
0.0197948516874
7.7718632667e-06
0.0671184161775
0.000966931001141
4.09461100932e-05
0.0165239000942
5.01524792826e-05
4.8674872421e-06
0.000565308547249
0.000443735265822
0.00754548078847
8.47645657763e-05
8.61576625499e-05
0.00118259613462
3.82357211735e-06
0.00304147447043
1.62305045057e-10
0.0175413236718
0.0130320177306
1.47888432088e-07
1.10447039474e-05
0.0050779391102
0.00111932953303
0.154578745198
0.154578745198
1.3952235153e-05
2.05788607678e-08
2.46765358224e-15
0.0671184161775
0.0671184161775
2.15421256888e-05
2.20164844161e-05
0.154578745198
0.00056352732932
0.0118405025698
1.22043287285e-05
1.19851044938e-06
0.154578745198
0.154578745198
0.000383261616198
0.154578745198
6.07708974751e-09
1.98452255868e-07
2.47645266586e-06
8.21140020531e-11
5.78133860042e-08
0.154578745198
0.000496245754737
3.32314051464e-09
0.0671184161775
2.65891245982e-06
2.19910138635e-05
0.000104238943172
0.000239713778674
0.0197948516874
0.000628310377327
0.000709292866646
0.000787931864292
0.0671184161775
1.42613657156e-05
0.00907137742697
0.00015410787245
0.154578745198
0.012650610576
1.37121804429e-13
5.94578289871e-09
3.27592982066e-06
1.13692900591e-08
2.69807803541e-08
0.000977613255001
6.78892977936e-05
1.18336678375e-09
0.0197948516874
0.0118405025698
1.54131287571e-05
0.154578745198
0.000889526448134
9.5916590813e-07
0.0130320177306
0.000566820999628
0.00803292594931
4.14113297939e-05