500
5.83521292223e-07
3.44224244706e-06
0.00733389735254
4.66813236031e-31
6.54887909825e-06
6.37882664131e-11
1.39514632439e-09
8.24641761003e-12
0.0054602739413
0.00868935908628
1.66455250382e-07
3.95778209709e-18
0.00069722067522
1.55609602964e-23
2.02954928611e-06
0.000124405027606
1.81136102455e-05
4.69064968061e-10
0.000610760360546
0.0054602739413
4.40878204875e-37
1.07552757152e-08
2.86897673021e-06
3.63779218934e-06
0.000583517391559
1.54763730738e-20
0.000766078298613
0.00733389735254
0.000482372090138
0.00497848506413
0.015577840362
0.0011842386525
0.0054602739413
3.47057589098e-31
5.71426026981e-09
0.00497848506413
1.0761901104e-18
7.76627184319e-13
1.3368415127e-08
9.37675228336e-55
0.0179150983631
0.0118305935395
5.93137170457e-09
1.23774399365e-08
2.70278749264e-12
6.33195739351e-08
0.0054602739413
0.015577840362
1.03823200437e-13
3.17118778953e-08
1.65682197886e-21
8.30699310744e-07
3.06673013925e-38
0.0054602739413
4.1657215488e-13
2.38102302062e-05
0.00497848506413
0.00497848506413
8.08751996481e-17
3.88581894071e-05
2.42442468283e-06
3.21951962431e-13
0.00319743785463
4.88293977953e-15
0.00868935908628
2.32439880365e-15
3.41910016505e-07
0.000766078298613
1.23238404367e-09
1.34411239604e-06
0.0054602739413
0.0054602739413
1.50350843211e-19
0.000510325717124
2.44204124418e-08
3.23074507542e-06
7.3972842169e-06
9.56907023585e-10
3.28818406243e-18
3.35833813992e-11
3.88806753281e-12
0.00497848506413
0.0054602739413
0.0054602739413
4.54077404043e-37
1.13406484387e-05
0.0054602739413
5.80072908734e-06
0.000610760360546
1.16746345561e-06
1.9278038035e-05
0.00497848506413
1.73452463326e-09
1.41662832837e-06
8.95027683714e-09
0.0054602739413
0.00733389735254
0.0054602739413
1.04454380021e-10
8.97697461407e-07
5.8869155329e-12
8.0058077165e-06
0.015577840362
0.0248388932232
0.015577840362
5.38701933668e-07
4.28080357987e-22
8.36299052637e-11
0.0009210745075
1.27107897492e-26
0.00497848506413
0.0054602739413
5.29180501986e-21
0.015577840362
4.34123029113e-43
0.0118305935395
0.00497848506413
8.87506778264e-18
0.000669866201889
6.96364079912e-07
5.06235978871e-12
1.363952131e-25
1.43669261732e-08
0.015577840362
0.00497848506413
3.9565740172e-08
1.3717808187e-12
2.50681627249e-06
0.00497848506413
9.30738476122e-15
0.0054602739413
7.28365711304e-12
0.000244798383668
0.015577840362
3.64807488199e-09
0.015577840362
0.015577840362
7.15542386686e-07
5.23687476015e-05
0.0248388932232
2.62040281073e-10
2.39881805826e-17
0.00191108887009
0.0054602739413
0.0054602739413
2.90220000591e-09
1.12154853854e-13
0.0248388932232
1.52011444787e-20
2.47102468373e-06
0.0179150983631
2.93781056329e-09
0.00497848506413
7.03363966301e-06
0.0179150983631
0.015577840362
4.09170311697e-06
2.22384579931e-06
1.47168712127e-08
0.0054602739413
8.0583728222e-06
3.38738328674e-17
4.0308051474e-27
0.00497848506413
0.002005289689
7.93618493419e-08
5.43542140862e-06
0.0054602739413
0.0054602739413
0.0248388932232
1.43362989321e-08
2.32639463181e-18
5.08021644078e-05
7.8488070022e-13
1.41194125641e-12
8.39870828981e-10
9.54597457869e-08
6.59249772446e-12
6.5779646546e-14
1.78861334085e-05
8.22798826361e-09
0.00497848506413
3.91947741825e-13
1.01995309881e-05
7.22333695171e-23
2.85437510892e-06
0.000530396497947
0.0118305935395
0.015577840362
1.30590481296e-06
0.0179150983631
4.03622162541e-11
5.80611278775e-18
0.015577840362
6.04929192625e-08
0.000134780229793
1.30799269908e-06
5.2310337675e-22
0.00304723448702
2.38432718882e-06
2.5018062314e-06
4.29537579658e-10
7.64976257936e-10
5.18178085312e-09
0.0054602739413
7.41114794822e-12
0.0054602739413
2.38271362674e-08
0.0054602739413
1.7126800979e-12
0.00497848506413
9.14492817782e-10
8.57966619397e-06
5.71561238839e-31
3.02318198659e-18
6.9973083252e-16
0.015577840362
4.86389614537e-12
1.66874589584e-18
0.00497848506413
4.5787209053e-15
2.07853878668e-06
5.84399559873e-07
1.71816559684e-08
0.015577840362
1.24396038583e-06
1.95644551704e-07
6.35900566312e-07
9.10317291242e-05
0.0179150983631
6.76066186634e-13
0.0179150983631
4.13291207942e-10
3.26352357823e-06
0.000206407151773
1.52980053651e-12
0.015577840362
4.07396910076e-25
8.03296951527e-05
2.68552603272e-22
3.2020219028e-20
1.11094574347e-08
0.00497848506413
1.11148196617e-23
1.09809810421e-08
0.00868935908628
1.27980164933e-09
5.66219331361e-05
2.25436523115e-05
0.000234999288254
3.00730567624e-06
7.40103391527e-06
6.34669385766e-06
2.6780943213e-10
0.0118305935395
2.17804315614e-18
3.51879130086e-14
0.015577840362
1.36652587962e-15
0.0054602739413
0.00497848506413
0.0054602739413
4.28618248286e-09
9.13195703924e-14
3.49812647682e-10
0.0054602739413
3.471249947e-18
2.870475165e-06
1.8591617978e-19
1.60564581593e-05
0.00733389735254
1.49377090124e-11
7.13673101629e-12
1.62599894693e-06
0.015577840362
8.35616981227e-25
0.00128943854534
5.70611049391e-05
0.00374724682246
2.20017088397e-05
0.000163495154008
0.000610760360546
1.89507873003e-09
7.77158861277e-08
0.00286821739029
8.39313879315e-06
0.00374724682246
5.50326466129e-08
0.0054602739413
1.46349495625e-17
2.13107916007e-39
2.6855285445e-18
1.9305729527e-14
0.000265916721797
5.53422362955e-21
4.15540544192e-08
4.12706327505e-13
3.16939347869e-10
4.64807304232e-07
0.015577840362
1.31667575951e-21
8.08606841041e-08
2.38893826998e-18
8.20350432604e-06
0.00374724682246
1.52682179726e-20
7.18567607625e-19
6.35894548554e-11
0.015577840362
6.76588109324e-33
1.0031222984e-05
6.82776642198e-18
0.00497848506413
5.24858775685e-17
0.00497848506413
0.015577840362
0.0054602739413
2.61826439307e-10
0.0019118789035
0.000107908247027
1.01832141938e-17
1.50395004346e-13
4.52575743535e-13
0.00070288504563
1.15488060247e-11
0.0054602739413
1.2645281596e-08
0.0118305935395
2.62334263431e-07
4.01355075037e-09
1.28124959999e-07
3.07822749659e-16
0.0054602739413
5.46320323143e-07
0.00497848506413
0.000451968149913
4.72425547727e-05
0.000640865776898
0.0054602739413
2.28066387701e-05
0.015577840362
0.00675839040044
0.015577840362
0.00374724682246
1.30852609553e-07
6.93904472807e-13
7.7498708919e-15
7.73123598658e-21
8.28570989883e-11
6.11645707279e-06
0.000414105120722
5.40140475716e-23
4.35977341765e-05
7.63909658823e-14
1.31659705328e-32
6.79444653111e-19
4.07118724532e-13
0.0248388932232
0.0054602739413
0.0118305935395
0.000840214908156
7.30363817336e-20
9.81125780672e-12
1.77565837174e-06
9.4589095001e-15
2.8874312553e-07
0.000766078298613
1.925518639e-07
1.52466923307e-08
0.0179150983631
0.00868935908628
0.00497848506413
7.52355359336e-14
4.2019877526e-06
0.00497848506413
1.57263935352e-07
7.17997084392e-05
1.08909410985e-22
0.00139117130906
9.49733465826e-06
0.00675839040044
0.000135596819264
5.57464580711e-12
9.95417666552e-14
0.00497848506413
3.2954530653e-11
7.555874969e-06
6.67848182293e-34
6.7827269539e-11
0.015577840362
4.86205366179e-06
4.45359686385e-08
1.69817412317e-07
1.75282310649e-08
6.5955130662e-11
5.03889182569e-07
2.57176794051e-06
2.60196650564e-09
4.83732171425e-06
1.60948213942e-32
2.86057641031e-13
1.20660390732e-16
1.54387692449e-20
6.33166164565e-09
0.0054602739413
3.02550060569e-09
0.000328797829044
7.13518180581e-14
0.00382215409201
0.015577840362
5.00545743539e-11
0.000216712093046
1.40487776427e-10
0.00497848506413
1.09579647245e-12
1.53263315138e-41
3.8570061706e-08
0.015577840362
2.65329507947e-16
0.00497848506413
8.57378725272e-22
7.28993660648e-15
0.00497848506413
5.93577039191e-14
6.82823161905e-11
5.79318544873e-09
1.53590068256e-12
8.69906020343e-25
0.000640865776898
0.00374724682246
4.46006151371e-06
0.0118305935395
4.60847032844e-13
0.00374724682246
0.015577840362
0.00497848506413
5.65996140923e-05
1.44336578125e-16
0.015577840362
0.00497848506413
3.13107958402e-12
0.000635701203877
5.57753480053e-08
5.25903890424e-18
1.09021431232e-09
2.00989893736e-18
1.73805054451e-41
1.3655755409e-17
3.18136701473e-17
2.33923043854e-09
1.7538360741e-12
1.16572043689e-05
3.41904789427e-06
0.0054602739413
1.99861440098e-05
0.000583517391559
5.03369316801e-09
0.000640865776898
1.14116156749e-06
0.0054602739413
1.52764786336e-26
9.35200498926e-09
0.00868935908628
2.82716911129e-13
0.0054602739413
0.0054602739413
0.0054602739413
4.84962594307e-16
2.11783454737e-08
0.0054602739413
0.0248388932232
2.56213559009e-15
0.0118305935395
4.70804346184e-09
4.33982210061e-09
2.64670176026e-08
0.015577840362
4.14434953501e-14
0.0054602739413
2.59714860581e-06
0.00497848506413
8.06106188489e-32
8.40212404736e-23
8.29600210679e-23
1.6750373063e-05
5.87337833362e-10
3.21243875375e-14
1.12577177433e-08
1.79427289475e-20
0.00374724682246
3.96498734675e-05
4.32893398813e-06
6.57427418771e-05
1.480145813e-22
3.58683836042e-06
0.0054602739413
1.05053406986e-27
3.45123440404e-06
4.05600349389e-06
1.70436134188e-11