500
9.19365487127e-07
4.3685299764e-06
6.35123966703e-08
6.74216132432e-05
7.85340545019e-14
2.21493505424e-21
4.34032383835e-06
1.51908801238e-37
1.08956361601e-08
2.40486521861e-07
9.04171875239e-11
8.57469631151e-06
1.08681522454e-09
2.56758391767e-16
1.3091119543e-05
2.98568596745e-41
4.45965195964e-06
1.37342688392e-08
4.63799597119e-12
0.00656183935442
5.68130175105e-07
3.08405996958e-05
0.0147005548328
1.38904746009e-25
6.71810609466e-09
0.000309449801468
0.0
1.1757651932e-05
1.61949021758e-06
3.49172227158e-16
7.14120810211e-05
0.00026640242499
3.08979194357e-10
2.06250913843e-24
0.0147005548328
0.019736385035
0.005162033032
3.7737401985e-11
0.0
1.11480061456e-10
0.000264816334052
7.76815254958e-07
0.0145988208893
1.59784290932e-18
1.38881071914e-07
1.02427700611e-28
2.21302063152e-10
3.57604025544e-05
0.000234296247438
7.2935668449e-12
6.3897496027e-05
0.0145988208893
0.000522836838667
1.30405091037e-15
3.85298600054e-14
9.51643017788e-18
7.66590174686e-06
0.00412022471091
0.00029627057772
5.22946934798e-05
2.76819754388e-06
1.78092645141e-07
0.00671444026963
4.0054796665e-07
7.80937694422e-17
0.00266921003304
0.000617694088167
2.01503896008e-11
2.99338935603e-10
2.67650360775e-13
0.0015384079177
5.91582121618e-05
1.15717025922e-06
0.00656183935442
3.16802329633e-06
1.61133025877e-10
3.28041897609e-12
2.67915815218e-08
2.63510495343e-07
9.40202552733e-09
7.12278359936e-17
3.17219115403e-10
0.00202469871075
0.00202469871075
5.1395577609e-05
4.39097293861e-05
2.84583981809e-07
0.000148543515327
2.18934468934e-08
4.66968572028e-05
1.52485897591e-07
5.93055663048e-33
0.00157951949007
0.000264816334052
1.72130874051e-06
8.56377722559e-11
4.91427011141e-05
0.000135676155384
1.07481233427e-16
2.54912772179e-14
8.73377324097e-09
1.0471919043e-10
0.00815886682869
4.84989047008e-15
1.50658680078e-07
0.019736385035
0.019736385035
3.09068298236e-17
8.21012777362e-09
1.59584784641e-08
2.75288287727e-06
5.01782412244e-21
0.000163696335888
0.00384491635631
5.26730261984e-06
0.00671444026963
1.11682940629e-06
0.000359673973158
2.94446291902e-08
1.67499786814e-05
4.68105056517e-17
4.93851504311e-14
1.25879211139e-05
5.12254135346e-26
1.37606101253e-10
0.000104427041844
0.0147005548328
9.51540070721e-19
1.51662879093e-07
7.72383516965e-40
4.25400404642e-07
6.74371177401e-08
0.00166302610567
0.000119874737218
0.019736385035
2.71182753072e-05
1.10160211871e-08
3.71872692864e-06
5.01739685932e-05
0.0
4.40418503093e-11
4.82413850742e-06
6.9257501884e-09
0.00122114453235
0.0026959495022
0.0145988208893
6.46374038205e-14
1.55983200394e-19
4.27514999468e-09
8.30159410661e-08
5.74588605719e-11
1.19663850371e-05
0.000389418916894
2.09993025808e-11
7.71882154208e-19
9.02242805511e-07
3.94553937076e-39
0.000184219449102
2.71725754062e-05
0.00171624294105
0.000608018302984
0.000220321789084
1.51134775585e-06
6.89776338165e-16
0.00656183935442
0.019736385035
1.50328922074e-15
0.0
4.45163501911e-08
0.000683878833315
4.23401069571e-09
7.31126619951e-09
0.00671444026963
3.48935074942e-19
0.00384491635631
9.27428868563e-10
4.43457997595e-24
1.6747629619e-17
0.00153085257711
0.019736385035
0.0147005548328
0.0147005548328
1.28456569652e-25
2.83111732517e-13
7.06819143362e-08
4.37389494347e-12
4.06283888664e-11
5.0114791463e-14
1.02218696562e-06
7.58771812882e-22
0.00671444026963
7.13822641078e-07
0.019736385035
1.9562338778e-12
0.0147005548328
3.40026494394e-09
1.00891810124e-31
0.000683878833315
1.66739733425e-12
0.000119599524953
3.77659221862e-12
2.61640362831e-05
0.000159159844876
2.06459100104e-09
6.47251400301e-15
9.42405599938e-24
5.57340237585e-15
8.83632440502e-20
2.75903832954e-26
0.0147005548328
0.0145988208893
0.019736385035
0.00166302610567
6.69136653824e-07
1.08737171942e-15
4.46327056908e-19
0.000821989900898
0.00612881771901
0.000210849468024
4.97343693381e-21
0.00116835591147
9.54599780808e-07
0.00656183935442
6.11108541814e-05
2.89436016085e-06
0.000155159221449
3.68394523466e-08
6.84589079957e-18
2.56261408003e-07
1.34016555214e-14
0.0145988208893
1.50562284556e-05
2.60552622784e-05
0.019736385035
0.0
1.34964122573e-06
0.0145988208893
6.51687847813e-10
6.02330841794e-06
6.43983202923e-05
1.07260531182e-20
0.00111642801268
0.0045219869096
0.000119599524953
8.45509365184e-09
0.00082581144237
0.00656183935442
2.85582645226e-12
0.0147005548328
2.00822954516e-06
2.0376816285e-06
5.11275901454e-06
3.89634206699e-05
0.00656183935442
9.30598372526e-22
1.03929345139e-31
0.00165088529112
4.296921619e-11
7.09244852466e-07
4.12994612223e-21
5.21244599261e-07
2.55940904434e-27
3.49752136157e-08
0.0
1.49142232828e-24
0.0145988208893
2.90573721747e-12
1.46326310728e-05
9.35204421907e-05
2.01017924389e-09
3.60740351043e-06
7.53630738076e-38
3.48019258127e-09
2.49228416666e-08
0.019736385035
9.60517191738e-07
0.00030853568756
1.66318517524e-16
0.000634182896071
0.000182242939823
0.000282836232956
4.32889125356e-07
0.0026959495022
0.00412022471091
7.50933680495e-09
1.44246128203e-23
6.16745148972e-05
9.28732418987e-05
1.46291922292e-06
3.52941352796e-18
3.43996281552e-11
4.05517566609e-05
0.000112892411979
0.00197438989557
0.0145988208893
1.34415113049e-21
0.005162033032
1.59623943621e-35
3.7465147775e-09
2.60666840431e-14
2.46730406817e-15
4.38748254671e-10
1.88993082445e-29
0.019736385035
2.24987506265e-07
3.01742484379e-09
1.07934681056e-09
2.46823081849e-10
2.19875792631e-14
0.0
2.04734282995e-12
0.00656183935442
7.19325556931e-05
1.9722480758e-18
1.36653935109e-13
4.27620438513e-13
0.00635837146746
1.54765527307e-07
4.57341840691e-24
9.98745032038e-10
2.52880431762e-05
0.00197438989557
7.00775013878e-23
0.019736385035
4.41191104951e-24
1.38877424028e-22
0.000941103804319
2.18426938098e-16
9.63767664097e-05
0.00150344410139
0.000908081763818
0.019736385035
0.00306440885951
9.49269123881e-08
1.21370207742e-07
0.00116835591147
0.000412497066231
0.000128908568127
2.60805646037e-06
0.000108345755674
2.45711571264e-11
1.58197415659e-07
6.00682307242e-17
2.5123971442e-05
3.05546682811e-15
0.000199428664176
0.019736385035
0.0015384079177
0.00020960996161
0.00656183935442
0.0
3.06997117039e-11
1.01125858749e-16
6.86699475758e-06
0.0026959495022
0.019736385035
1.47140286629e-07
2.19237869031e-07
0.0
5.11496639521e-05
1.15941539281e-07
4.78339259428e-13
9.25473945212e-08
6.00041362654e-26
4.38197313041e-22
2.7180788719e-07
4.46404222778e-05
0.0
2.10672404731e-17
1.65759633647e-50
3.49081825125e-10
4.67801640044e-10
0.0147005548328
2.8264194767e-08
1.49103775156e-05
0.00671444026963
5.74244273765e-06
1.57705777391e-07
3.33278404451e-05
4.10454587029e-13
2.64526148175e-16
1.1511051685e-16
6.17997353325e-07
1.5601082021e-05
3.32100813565e-09
2.04110255817e-13
1.03910988747e-18
7.59397964675e-12
0.0
0.005162033032
0.000118631004725
0.00656183935442
1.78135063538e-06
0.000126587722502
6.78650748225e-07
0.019736385035
2.75420125179e-11
1.25604379124e-11
0.019736385035
5.58252338118e-05
1.30698160832e-07
0.0
0.00815886682869
0.019736385035
2.33295069452e-08
5.26809885647e-05
8.92285996451e-12
0.0026959495022
0.00671444026963
0.0
3.61628029645e-10
0.00336818097133
6.88678055065e-27
4.42375934681e-06
0.000135549562553
5.07059659327e-06
3.73448403877e-23
3.19529921426e-18
0.000296025603634
0.00381830793862
9.72468740745e-09
2.45398206384e-13
0.000168118272808
0.000887443541913
2.73320480614e-18
6.63112505697e-07
0.00671444026963
1.75321880462e-11
4.33552981972e-06
0.000944023040406
2.05716815932e-05
3.27369349476e-08
2.33184175256e-09
0.000107718484365
1.71596939617e-05
8.53426667983e-35
0.0147005548328
0.00671444026963
0.00815886682869
4.45369523533e-06
0.0147005548328
0.00671444026963
0.000821989900898
0.000579223454333
0.019736385035
5.73885836139e-11
0.0145988208893
5.10432498127e-17
1.3582675436e-05
1.09405100507e-08
1.37815961893e-23
0.000148543515327
1.94256863576e-13
1.4494073504e-08
1.91058074196e-06
8.90494245644e-11
0.000940828051875
0.000509383976361
4.68885660253e-07
5.62541336952e-31
0.019736385035
1.48511335011e-18
2.28101067217e-07
0.0026959495022
1.09617117485e-05
4.62889820458e-12
3.85495113394e-10
3.20239645447e-16
2.94633037856e-06
4.08767249179e-15
0.0
0.00336818097133
0.00656183935442
0.0
0.000321452358524
0.00020960996161
1.46702599424e-11
0.0147005548328
1.11873816792e-06
1.11129850047e-06
4.99772148591e-13
0.000412497066231
1.07253787158e-07
1.25176835621e-05
5.87175299437e-21
1.25723891325e-10
0.0
1.14937121627e-09
5.64832959369e-12
4.67275154509e-05
7.10124605822e-07
0.00166302610567
0.0147005548328
0.019736385035
0.019736385035
2.57203692727e-07
0.00306440885951
0.00336818097133
4.15098969573e-06
7.63919531794e-07