500
0.000420636012212
0.00630989484715
0.00278210518057
0.0262362469294
0.0262362469294
0.01288715812
3.4604440462e-08
0.00136219257804
0.0535841992373
0.0535841992373
0.0275248888953
0.0262362469294
3.93445106989e-12
0.0159758220103
0.0275248888953
0.0535841992373
2.84719728354e-06
3.04312182064e-05
0.00278210518057
1.62836158163e-07
0.00108983010984
4.58485203629e-05
1.1647623986e-06
0.0262362469294
2.13500791979e-09
1.10275233058e-06
0.00278210518057
3.06627512863e-06
0.0535841992373
0.0535841992373
1.76364094662e-08
0.00424460883798
2.38739130635e-05
7.0084102059e-06
1.68028295693e-06
0.0535841992373
0.00424460883798
0.000879956223635
8.54861295695e-05
0.000889825385468
0.0262362469294
0.00207827320698
3.21393942462e-12
4.27898083554e-05
0.0535841992373
0.00278210518057
0.00354342003507
0.00424460883798
7.20732664969e-05
0.0535841992373
0.000523336771204
8.54861295695e-05
1.40781880646e-06
0.00108983010984
0.000132110789018
0.000254069202209
4.41930441196e-08
0.0
0.0535841992373
0.0535841992373
0.0535841992373
0.0535841992373
0.0262362469294
0.0535841992373
0.01288715812
0.0535841992373
0.0262362469294
2.70322902931e-08
0.00782218671044
0.000145741650905
0.00630989484715
4.11579370951e-06
0.0262362469294
0.00278210518057
0.00782218671044
0.0262362469294
3.47431292479e-05
1.60486339203e-05
0.0159758220103
0.000115451313102
1.17515770007e-12
0.00424460883798
0.000685937193279
0.0535841992373
0.0535841992373
0.0262362469294
0.0
2.26106388861e-07
0.0262362469294
0.00207827320698
1.38727479547e-06
0.000377505546852
0.0159758220103
0.000879956223635
0.0535841992373
0.00630989484715
0.00782218671044
0.01288715812
0.0535841992373
0.0535841992373
0.000346391452141
0.000956321395863
0.01288715812
0.0275248888953
0.0535841992373
3.81694235227e-07
0.00117902149441
0.0535841992373
0.0535841992373
0.0535841992373
0.000244232548269
0.000166280289642
7.99494614811e-11
0.0262362469294
0.0262362469294
1.15396936103e-12
2.85898096018e-05
0.0535841992373
1.9741975725e-09
0.00140093952187
0.00233223193023
0.00383833539714
0.0262362469294
2.60789032968e-05
0.00169439913952
6.42501961762e-05
0.000489606625636
0.0535841992373
1.57180468066e-05
0.0262362469294
4.38801775811e-05
0.00782218671044
0.0262362469294
0.000351552772252
0.00169439913952
0.0535841992373
1.60805321565e-05
0.0275248888953
0.0369166249905
0.00782218671044
0.00354342003507
0.000805847971269
0.00593974026542
6.14723654876e-06
0.00157071525151
0.00424460883798
0.0535841992373
0.00782218671044
2.83620331534e-11
9.61551322182e-08
5.54580607615e-08
0.0275248888953
0.0369166249905
0.0275248888953
0.0535841992373
0.0535841992373
1.1452676624e-06
0.0262362469294
0.000261958694079
9.08727668363e-06
0.0535841992373
0.01288715812
0.00233223193023
8.93961533233e-05
2.18858036296e-05
9.14285529701e-06
0.0262362469294
0.0262362469294
0.000441217644796
4.67250314898e-05
2.34803459409e-05
0.0369166249905
0.0159758220103
0.0535841992373
0.0262362469294
0.0159758220103
0.000116967321344
0.000112043156857
2.61800327034e-06
0.00342065021228
0.01288715812
0.000108282839588
2.15262728931e-06
0.0159758220103
3.32838851288e-05
0.00424460883798
2.69310528086e-07
0.0535841992373
0.00782218671044
0.00278210518057
0.0275248888953
0.0275248888953
0.000112043156857
0.0535841992373
8.45386401931e-07
3.33206736876e-06
0.000633855869763
0.0262362469294
0.00424460883798
0.0159758220103
0.0010504895289
1.69997132772e-05
6.79106422078e-05
0.000420636012212
4.15567250681e-05
0.0535841992373
1.95905775626e-05
0.000115249793396
0.0159758220103
0.00101969466206
0.000713263018679
2.01464978655e-11
8.76898299745e-08
0.000289291268055
0.0535841992373
0.0275248888953
0.000956321395863
3.9102300225e-11
0.00117902149441
0.000697624302899
0.00354342003507
0.0535841992373
9.69670874596e-07
0.0535841992373
8.22783120699e-05
0.00101969466206
0.0262362469294
0.00278210518057
0.0262362469294
7.07970598e-08
1.33935291017e-05
2.65025308763e-06
0.000963460169334
0.00165338024988
0.0275248888953
0.0535841992373
0.00169439913952
7.44753376532e-10
0.00593974026542
2.34642399274e-06
0.000956321395863
0.00207827320698
0.0262362469294
0.0535841992373
0.0010504895289
0.01288715812
0.0159758220103
0.0262362469294
0.00782218671044
0.00034923251537
0.00383833539714
0.000105834116246
0.0535841992373
4.25950076154e-06
0.0180753599538
0.00354342003507
0.000610573324878
1.19644105275e-08
8.54326598282e-11
0.0275248888953
0.0159758220103
1.37192765577e-05
0.0535841992373
1.3386439189e-08
0.0275248888953
2.24924586758e-06
0.0
2.34692649976e-06
0.0535841992373
0.000580414701403
4.59270840184e-06
5.54598696385e-05
0.0535841992373
0.0262362469294
0.00169439913952
8.84902070724e-05
0.01288715812
0.0369166249905
4.79718304952e-07
0.000324961576284
2.26707759771e-06
8.54453259709e-06
0.0262362469294
0.000468240351501
0.0159758220103
5.09488990598e-07
0.00354342003507
0.0262362469294
0.0262362469294
0.000174809324282
0.000480159733622
0.0535841992373
0.0262362469294
0.00593974026542
0.0002967442932
0.00129457003909
0.0535841992373
3.9743070261e-06
0.00160012648786
0.00106884882932
0.0262362469294
0.00233223193023
0.01288715812
1.59205051131e-05
0.0535841992373
0.0535841992373
9.84415026624e-05
0.0535841992373
1.01970330602e-05
3.01922444585e-07
1.89010624992e-06
0.0369166249905
0.00424460883798
0.00173495254829
0.00140093952187
4.81935612835e-06
0.0535841992373
0.00169439913952
0.0535841992373
0.0275248888953
0.000286670042195
0.0535841992373
0.0275248888953
0.000145293886297
2.38283036689e-06
4.81367007317e-07
0.00782218671044
0.0159758220103
0.0535841992373
6.17948579405e-06
0.0275248888953
0.0535841992373
8.47999415783e-12
0.0262362469294
8.54861295695e-05
0.0262362469294
9.70177074699e-08
0.0262362469294
0.00114192268783
0.0275248888953
9.38480960752e-07
0.0009290290236
0.01288715812
0.0159758220103
0.0535841992373
0.00630989484715
0.0535841992373
0.000695319650425
0.0535841992373
0.000956321395863
3.09364199726e-08
0.0369166249905
0.0262362469294
2.98939507898e-07
0.0535841992373
2.93559341841e-05
2.0809139444e-06
0.0535841992373
4.05013662954e-07
0.00342065021228
0.0262362469294
0.00782218671044
4.09516097494e-05
3.02716045238e-06
9.08857305871e-06
0.0262362469294
6.34540905062e-08
0.000157616382739
2.80467934856e-11
0.00106884882932
0.0535841992373
8.68962021457e-07
0.000261958694079
1.34090468947e-13
0.000395790771656
1.39796542489e-06
0.00278210518057
1.78103270604e-07
0.00354342003507
2.42322558516e-06
0.000138487771043
0.00782218671044
0.00173495254829
0.0535841992373
0.000480159733622
7.71936940643e-07
0.0262362469294
0.0535841992373
0.000216031875875
0.000713263018679
0.0159758220103
1.98738709949e-06
0.00630989484715
0.0180753599538
6.35920719973e-11
0.0535841992373
0.01288715812
0.0535841992373
0.0180753599538
2.35184193883e-10
0.0535841992373
0.000879956223635
0.00342065021228
0.0159758220103
2.07299093776e-08
0.000741658817181
0.0159758220103
3.08220925222e-06
5.20189793588e-09
6.18859934355e-09
3.38399636351e-05
0.0535841992373
0.00278210518057
0.000859095584264
0.000695319650425
0.0275248888953
5.00619725588e-06
4.06639724785e-06
0.0535841992373
0.00278210518057
5.56702261563e-05
0.00593974026542
0.00295392075956
0.01288715812
7.64984248627e-06
1.11488407667e-06
0.000358521582642
0.0535841992373
0.000424828215015
3.49930132968e-08
0.01288715812
0.0275248888953
0.00012274708389
0.0535841992373
1.15019818075e-05
0.01288715812
0.00167484118277
0.000140361265473
8.93961533233e-05
0.00782218671044
3.3985104201e-08
0.0262362469294
3.34473896513e-06
1.28288664903e-07
7.94443163495e-05
0.00105627847504
6.53046158435e-08
0.0535841992373
0.0535841992373
0.0262362469294
2.30819862648e-05
0.000640544531914
6.78072903864e-05
0.01288715812
6.37808514055e-05
0.000430849935224
0.0535841992373
0.000221174244409
7.35099896266e-07
0.0535841992373
1.87965368647e-05
6.5197948259e-09
1.15152179788e-14
3.81247932748e-05
0.0535841992373
1.31207247448e-06
0.00233223193023
0.00233223193023
0.000610573324878
0.0159758220103
0.00187935094134
2.55239001568e-05
5.18445478797e-05
0.00278210518057
6.38019643432e-06
0.00117902149441
0.00187935094134
0.00424460883798
0.01288715812
0.0535841992373
0.00630989484715
0.0535841992373
0.0262362469294
4.92871685944e-12
0.00782218671044
0.000435682138943
2.61646501556e-07
0.00114192268783
0.00593974026542
0.0
0.0262362469294
0.0
0.0275248888953
0.000697624302899
0.00342065021228
0.0535841992373
1.99674944721e-05
0.0262362469294
0.0262362469294
0.0262362469294