500
0.0
0.0
2.03709825015e-05
0.0
0.0
0.0
0.000690959624518
0.000310153453661
0.0
0.0
0.0
0.0
0.0
0.0
0.0
0.0
0.0
0.0
0.0
0.0
0.0
0.0
0.0
0.0
0.0
0.0
0.0
0.0
0.0
0.0
0.0
0.0
0.0
0.00293462586124
0.0
0.0
0.0
0.0
3.24330180004e-05
0.0
0.0
0.0
0.000310153453661
1.13274901467e-06
0.0
0.0
0.0
0.0
0.0
0.0
0.0
3.70427981689e-05
0.0
0.0
0.0
0.0
0.0
0.0
0.0
0.0
0.0
0.0
0.0
2.17426363564e-06
0.0
0.0
0.0
0.0
0.0
0.0
0.0
0.00115325484765
0.0
0.0
0.0
0.0
0.0
0.0
0.0
3.40858149664e-05
0.0
3.70427981689e-05
0.0
0.0
0.0
0.0
0.0
0.0
0.00293462586124
0.0
9.04209383612e-05
0.0
0.0
0.0
0.0
0.0
0.0
0.0
0.0
0.0
0.0
0.0
0.0
0.0
0.0
0.0
1.70049810265e-05
0.0
0.0
0.0
0.0
0.0
0.0
0.0
0.0
0.0
0.0
0.0
0.0
0.0
0.0
0.0
0.0
0.0
0.000263215170326
0.0
0.0
0.000310153453661
0.0
0.0
0.0
0.0
0.0
0.0
0.0
0.0
4.25218227119e-06
0.0
0.0
0.0
0.0
0.0
0.0
0.0
0.0
0.0
0.0
0.0
0.0
0.0
0.0
0.0
0.0
0.0
0.0
0.000115925594687
2.64652646155e-06
0.0
0.0
0.000154885706323
0.0
0.0
0.0
0.0
0.0
0.000690959624518
0.0
0.0
0.0
0.0
0.0
0.0
0.0
0.0
0.0
0.0
0.0
0.0
0.0
0.0
0.0
0.0
0.0
0.0
0.0
0.0
0.0
0.0
0.0
0.0
0.0
0.0
0.0
0.0
0.0
0.0
0.0
0.0
0.0
0.0
0.0
0.0
0.0
0.0
0.0
0.0
0.0
0.0
0.0
0.000263215170326
0.000450191084241
0.0
0.0
0.0
0.0
0.0
0.00293462586124
0.0
0.00293462586124
0.0
0.0
0.0
0.0
0.0
0.0
0.0
3.70427981689e-05
0.0
5.01170930751e-06
0.0
0.0
0.0
8.20773534752e-06
0.0
0.0
0.0
0.0
0.0
0.0
0.0
0.000270866448159
0.0
0.0
0.0
0.0
0.0
0.0
0.0
0.0
0.0
0.0
8.919723796e-06
0.0
0.0
0.0
0.0
0.0
0.0
0.0
0.0
0.0
0.0
0.0
0.0
0.0
0.0
0.0
0.0
0.0
0.0
0.0
0.0
0.0
3.37550336152e-05
0.0
0.0
0.0
0.0
0.0
0.0
0.0
0.0
0.0
0.0
0.0
0.0
0.0
0.0
0.0
0.0
0.0
0.0
0.0
0.0
0.0
0.0
0.0
0.0
0.0
0.0
0.0
0.0
0.0
0.0
0.000450191084241
0.0
0.0
0.0
0.0
0.0
0.0
0.0
0.0
0.0
0.0
0.0
0.000310153453661
0.0
0.0
0.0
0.0
0.0
0.0
0.0
0.0
0.000310153453661
0.0
0.0
0.0
0.0
0.0
0.0
0.0
0.0
0.0
0.0
0.0
0.0
0.0
0.0
0.0
0.0
0.0
0.0
0.0
0.0
0.0
0.0
0.0
0.0
0.0
0.000450191084241
0.0
0.0
0.0
0.0
0.0
0.0
0.0
0.0
0.0
0.000450191084241
0.0
0.0
0.0
0.0
0.0
0.0
0.0
0.0
0.000450191084241
0.0
0.0
0.0
0.0
0.0
0.0
7.67625248881e-06
0.0
0.0
0.0
0.000310153453661
0.0
0.0
0.0
0.0
0.0
0.0
0.0
0.0
0.0
0.0
0.0
0.0
0.0
0.0
0.0
0.0
0.000450191084241
0.000690959624518
0.0
0.0
0.0
0.0
0.0
0.000310153453661
0.0
0.0
0.0
0.0
0.0
0.0
0.0
0.000135261552656
0.0
0.0
0.0
0.000270866448159
0.0
0.0
0.0
0.0
0.0
0.0
0.0
1.13280926883e-05
0.0
0.000310153453661
0.0
0.0
0.0
0.0
0.0
0.0
0.0
0.000450191084241
0.0
0.0
0.0
0.0
0.0
0.0
0.0
0.0
0.0
0.0
0.0
0.000270866448159
0.000310153453661
0.0
0.0
0.0
0.0
0.0
0.0
3.72330979082e-06
0.0
0.0
0.0
0.0
0.0
0.0
0.0
0.0
0.0
0.0
0.0
0.0
0.0
0.0
0.0
0.0
0.0
0.0
0.0
0.0
0.0
0.0
0.0
5.78153610502e-06
0.0
0.0
0.0
0.0
0.0
0.0
0.0
2.17426363564e-06
0.0
0.0
0.0
0.0
9.04209383612e-05
0.0
0.000270866448159
0.0
0.0
0.0
0.0
1.06753920727e-05