500
0.0
0.0
0.00776309570313
0.0
0.0
0.0
0.0
0.0
0.0
0.0
0.0
4.23536674446e-06
0.0
0.0
0.0
0.0
0.00220479467193
0.0
0.0
0.0
0.0
0.0
0.0
0.0
0.0
0.0
0.0
0.0
0.00649269411906
0.0
0.0
0.00766435288912
0.0
1.78354485444e-05
0.0
0.0
0.0
0.0111864201105
0.0
0.000953677958981
0.0
0.0111864201105
0.0
0.00550220932389
0.000179285774654
0.0
0.0
8.79778417844e-06
0.00151656584572
0.0
0.0
0.0
0.0
0.000169288266826
0.000328784554029
0.000337127996739
0.0
0.0
0.0
0.0
0.0
0.0
0.0
0.0
0.0
0.0
0.0
0.0
0.00151656584572
0.0
0.0
0.0
0.0
0.0
0.0
0.0
0.0
0.0
0.0
0.0
0.0
0.0
0.00511912929256
0.0
0.00766435288912
0.0
0.00374545184525
0.0
0.00550220932389
0.0
0.00582543660427
0.0
0.0
0.00766435288912
0.000429114179489
0.00550220932389
0.0
0.0
0.0
0.00582543660427
0.0
0.0
0.0
0.0
0.0
0.0
0.0
0.0
0.0
0.00649269411906
0.0
0.0
0.00319231979838
0.0
0.000309964418772
9.80141279712e-06
0.000769472246083
0.0
0.0
0.00299736263007
0.0
0.0
0.0
0.0
0.00550220932389
0.0
0.0
0.00114966916245
0.0
0.0
0.0
0.0
0.0
0.0111864201105
0.0
0.0
0.00177128446518
0.0
8.86851618925e-05
0.0
0.0
0.0
0.0
0.0
0.000315601318138
0.0
0.0
0.0
0.00649269411906
7.34938542353e-05
0.0
0.0
0.00511912929256
1.38451444938e-05
0.0079488
0.0
0.0
0.0
0.0
0.0
0.0
0.00351940941269
4.22630895137e-05
0.0
0.000769472246083
0.0
0.0111864201105
0.0
0.00766435288912
0.0
0.0
0.00582543660427
0.0
0.0
0.0
0.00766435288912
0.0
0.0
0.0
0.0111864201105
0.0
0.0
0.0
0.0
0.0
0.0
0.0
0.0
0.0
0.0
0.0
0.0
0.0
0.0
0.0
0.0
0.00351940941269
0.0
0.0
0.0
0.000320579650886
0.0
0.0
0.002408
0.00766435288912
0.0
0.0
0.0
0.0
0.0
0.0
0.0
0.00335260737281
0.0
0.0
0.0
0.0
0.00766435288912
0.0
0.0
0.00113314168109
0.00102874697426
0.0
0.0
0.0
0.0
0.0
0.0
0.00308814876727
0.0
0.00550220932389
0.0111864201105
0.00550220932389
4.1098019467e-05
0.00063368031793
0.0
0.0
0.0
0.0
0.0
0.000719822922081
0.0
0.0
0.0
0.0
0.00351940941269
0.0
0.0
0.000328784554029
0.000133725180472
0.0
0.0
0.00766435288912
0.00373178787858
0.0
0.00374545184525
0.00351940941269
0.0
0.00649269411906
0.002408
0.0
0.00776309570313
0.0
0.0
0.0
0.0
0.0
0.0
0.0
0.0
0.0
0.0
4.4783325173e-05
0.0
0.0
0.0
0.0
0.0
0.0
0.0
0.0079488
0.000153976669903
0.0
0.0
0.0
0.0
0.00582543660427
0.00031743350535
0.0
0.0
0.000117527872646
0.0
0.0
0.0079488
0.0
0.0
0.0
0.0
0.0
0.000397908163208
0.0
0.0
0.0
0.0
0.0
0.00766435288912
0.0
0.00582543660427
0.0
0.0
0.0
0.00319231979838
0.0
0.000345478148928
0.0
0.0
6.20566357268e-05
0.0
0.0
0.0
0.0
0.00649269411906
0.0
0.00062602855911
0.0
0.0079488
0.0
0.0
0.0
0.00766435288912
0.0
0.0
0.0
0.0
0.0
0.00766435288912
0.0
0.0
0.0001129864046
0.0
0.0
0.00373178787858
0.000149744193671
0.000320579650886
0.0
0.0
9.54067990218e-05
0.0079488
0.0
0.0
0.0
0.0
0.0
0.000459646847609
0.0
0.0
0.000326611184298
0.000523917514458
0.00220479467193
0.0
0.00374545184525
0.0
0.0
0.00142128825498
0.0
0.0
0.0
0.0
0.0
0.0
2.49156446957e-05
0.0
0.00766435288912
0.0
0.0
0.0
0.000193921251555
0.0
0.00177128446518
0.0111864201105
0.0
0.0
0.0
0.00776309570313
0.0
0.0
0.0
0.0
0.000429114179489
0.0
0.0
0.0111864201105
0.0
0.0
0.000231458668749
0.0
0.0
0.0
0.0
0.0
0.0
8.86851618925e-05
1.34287907117e-05
0.00776309570313
0.0
0.0
0.0
0.0
0.0
0.000599781760906
0.00335260737281
0.00177128446518
0.0
0.0
0.0
0.0
0.0
0.00351940941269
0.0
0.00308814876727
0.0
0.00157831836735
0.00766435288912
0.00776309570313
0.0
0.0
0.0
0.0
0.0
0.00649269411906
0.0
0.0
0.0
0.0
0.0
0.0
0.0
0.0
0.00373178787858
0.0
0.0
0.0
0.0
0.0
0.00220479467193
0.0
0.0
0.000162253528009
0.0
0.0
0.0
0.0
0.0
0.0
0.0
0.0
0.000320579650886
0.0
0.0
0.0
0.0
0.0
0.0
0.000235322744277
0.0111864201105
2.77813769179e-05
0.0
0.000262387780036
0.00550220932389
0.00299736263007
0.000108157415807
0.0
0.0
0.0
0.0
0.0
0.0
0.0
0.000218770534593
0.0
0.0001129864046
0.00220479467193
0.0
0.0
0.0
0.0
0.0
0.0
0.0
0.000909365849866
0.0
0.0
0.0
0.00177128446518
0.0
0.0
3.50230091007e-05
6.54730913107e-06
0.0
0.0