500
3.25433545541e-05
3.86166362799e-07
0.00156095349885
0.00020012861334
0.0
3.73782845783e-05
3.25433545541e-05
9.29763803925e-06
0.0
5.20709564979e-06
9.63977155734e-11
2.75818686572e-08
8.06007242767e-05
7.49280840779e-06
2.9415752785e-05
1.52214720619e-06
7.60710573472e-11
1.46524504733e-08
9.85582674022e-06
4.23611654216e-11
3.57243421012e-07
0.00156095349885
0.000354051800341
0.000633671845391
6.26445007388e-09
1.14757465849e-05
1.02012571916e-08
9.85582674022e-06
0.000354051800341
1.77446517411e-05
1.885167878e-05
6.32429322276e-07
2.08630500363e-10
0.00089109554387
0.000354051800341
0.0
9.74635950988e-05
0.00089109554387
8.64282218591e-19
1.71407527938e-10
1.75050266303e-10
4.31426661214e-07
5.39526247232e-06
4.50098747756e-07
4.124622879e-06
0.00156095349885
4.51544154921e-16
1.55763742234e-07
3.39474383936e-07
0.00020012861334
1.78813234547e-12
4.89837525268e-09
9.16394613206e-09
1.77446517411e-05
1.20441242672e-12
1.06846628005e-15
6.62402628586e-12
3.25433545541e-05
1.95803860252e-09
3.25433545541e-05
0.000354051800341
1.66739066142e-06
1.66739066142e-06
1.66739066142e-06
1.45238540264e-05
0.00156095349885
4.85924688396e-09
1.11160837545e-06
2.32172431297e-05
3.22634668038e-08
3.73782845783e-05
1.1763358303e-07
4.124622879e-06
3.6834216509e-09
7.79116939094e-16
5.99829032052e-11
0.000633671845391
4.124622879e-06
0.00156095349885
1.77446517411e-05
3.73782845783e-05
1.77446517411e-05
0.000338753759071
0.00156095349885
1.02682925719e-05
3.73782845783e-05
1.88160892062e-06
9.74635950988e-05
9.96449110308e-05
7.51522574235e-08
0.000354051800341
1.86602750446e-07
0.00089109554387
0.000354051800341
8.10637567742e-13
0.000354051800341
0.000354051800341
4.77708190961e-12
2.1537509706e-05
0.000354051800341
1.88952508555e-08
5.16083650595e-07
3.73782845783e-05
2.18860090055e-07
8.38291868733e-06
1.16056166226e-08
0.0
4.09817320219e-08
2.7419217363e-09
2.05751963285e-08
2.65695847699e-13
3.81688703705e-12
0.00156095349885
9.29763803925e-06
0.00020012861334
5.02155511715e-14
4.92825588661e-07
1.93538943784e-06
1.13445765228e-07
8.38291868733e-06
1.3129572479e-14
1.45238540264e-05
0.00156095349885
1.68278852962e-06
2.05825830949e-13
0.000354051800341
1.99757169649e-06
3.15687665923e-07
3.73782845783e-05
1.04328361607e-11
8.08100695733e-12
1.51778456352e-07
1.885167878e-05
2.47553625338e-05
9.85582674022e-06
1.61890724706e-08
0.000354051800341
5.23495704408e-12
8.22541968836e-09
1.06329964348e-10
3.25433545541e-05
0.0
1.98482769631e-13
6.90699350659e-10
4.37392096068e-16
3.12546145451e-09
1.13069112884e-11
7.42361617823e-09
4.76774889145e-08
0.00020012861334
1.83206437575e-09
4.09912401519e-08
4.09708972874e-10
3.47793345945e-09
4.07060708651e-10
0.000354051800341
9.62964518207e-07
0.000633671845391
1.62542232614e-10
2.1537509706e-05
1.66554760158e-06
0.000354051800341
0.000354051800341
2.9569647264e-14
5.41005930934e-11
1.99757169649e-06
0.000354051800341
0.000354051800341
0.00020012861334
0.00156095349885
1.13643225128e-08
8.38304059288e-09
4.82183319346e-07
2.59516884252e-09
1.18890504167e-06
9.43505759018e-06
1.36722006862e-05
4.08890881482e-13
3.73782845783e-05
0.00089109554387
8.57722416347e-11
5.95252623169e-15
3.25433545541e-05
2.15953624942e-07
1.60560371774e-07
0.0
8.62305574032e-08
4.22959181831e-09
3.73782845783e-05
0.000354051800341
4.124622879e-06
0.00156095349885
8.33032811874e-05
7.43642987105e-05
0.000354051800341
3.73782845783e-05
5.25589293335e-07
0.00156095349885
3.73782845783e-05
3.73782845783e-05
0.000354051800341
1.90467434084e-05
0.000354051800341
0.000354051800341
9.96449110308e-05
3.73782845783e-05
2.35863424893e-05
1.77134203407e-16
1.50697498972e-13
1.24079233735e-22
3.15687665923e-07
4.2508990367e-17
8.38291868733e-06
0.00020012861334
1.6371591076e-08
3.94653400806e-10
8.01879641157e-08
0.00156095349885
3.25433545541e-05
1.86602750446e-07
2.76734708684e-06
5.61846176155e-05
0.0
5.18898905813e-08
3.73782845783e-05
1.53380562334e-08
1.67594378541e-08
0.00020012861334
1.66739066142e-06
1.74032590828e-06
0.0
1.93571778201e-08
1.06975375261e-12
5.12156080822e-07
8.37994649052e-09
5.58880230937e-07
0.0
3.28809197981e-05
0.000354051800341
3.73782845783e-05
3.43130813916e-07
2.26079506636e-17
1.97915731164e-05
0.00020012861334
3.39474383936e-07
7.16816122316e-07
8.22541968836e-09
6.06065446118e-14
1.03707686746e-11
6.90050215693e-08
4.04608306077e-13
2.38174063017e-07
1.55763742234e-07
2.06131148876e-10
0.000354051800341
8.442334934e-09
7.16150645508e-08
4.124622879e-06
1.77063947696e-05
2.63706328247e-06
1.41809373549e-09
1.48950344702e-09
0.000354051800341
0.000354051800341
2.02629277317e-08
4.16535531246e-08
5.20709564979e-06
3.4850912391e-12
3.15687665923e-07
5.42932733301e-09
2.01104992688e-06
0.0
0.00020012861334
1.45238540264e-05
5.77790867098e-11
3.73782845783e-05
2.54561743918e-09
0.000354051800341
8.38291868733e-06
0.000354051800341
3.73782845783e-05
4.3002746628e-07
0.0
6.03818295779e-08
0.00156095349885
1.65795364537e-08
0.00156095349885
1.99757169649e-06
0.000354051800341
0.000354051800341
0.000354051800341
3.25433545541e-05
1.02900337416e-07
3.25433545541e-05
0.000354051800341
0.00156095349885
5.40452168832e-06
0.0
1.83310617282e-07
2.35863424893e-05
8.40830074007e-14
2.67982107007e-08
9.29763803925e-06
0.00156095349885
2.1537509706e-05
0.0
8.76321782088e-07
1.16581062314e-05
1.71439416381e-11
2.01104992688e-06
4.10862488966e-14
0.000354051800341
1.5490520521e-06
0.000354051800341
7.18480335248e-06
0.00156095349885
0.000354051800341
5.0948894639e-14
1.01651779612e-06
1.15303180951e-07
0.000354051800341
2.44411277202e-10
3.73782845783e-05
1.74350744238e-10
9.85582674022e-06
1.01651779612e-06
9.05181211796e-07
1.84029789986e-10
2.01104992688e-06
2.71753369286e-08
1.14344554333e-05
4.124622879e-06
0.0
3.73782845783e-05
1.52214720619e-06
0.000354051800341
0.00156095349885
2.42198302925e-15
1.77446517411e-05
4.31426661214e-07
9.29763803925e-06
3.25433545541e-05
0.00156095349885
3.73493198383e-09
0.000633671845391
0.0
3.73782845783e-05
3.73782845783e-05
2.72071204807e-06
0.0
0.0
3.37354961598e-13
0.000354051800341
1.71880884987e-11
0.00156095349885
3.28809197981e-05
2.51939267109e-06
3.64273793115e-11
8.33032811874e-05
2.28467490046e-07
3.25433545541e-05
3.73782845783e-05
1.25642732588e-07
3.73782845783e-05
9.87653646273e-08
3.73782845783e-05
5.54055241078e-09
0.000354051800341
2.48216770177e-10
1.08373153608e-12
2.48704727721e-09
1.78518035233e-20
1.7335692014e-07
0.000354051800341
9.17967472643e-10
7.86486133209e-13
1.48206246788e-08
3.48762576899e-11
0.00020012861334
0.00020012861334
3.39474383936e-07
0.000633671845391
1.99757169649e-06
3.28809197981e-05
1.84479401601e-10
7.79668316901e-11
3.73782845783e-05
2.9215376647e-07
5.07743254929e-08
1.77063947696e-05
0.0
7.43642987105e-05
1.77446517411e-05
7.00265843569e-07
1.66419613255e-17
2.59945159971e-10
3.26371955774e-26
1.29332658537e-21
0.0
8.83787222301e-07
1.514665466e-09
4.61701966981e-10
5.39401233071e-11
9.53232668708e-07
0.000354051800341
2.6966744862e-10
8.80371393519e-18
9.00233256898e-13
3.25433545541e-05
0.000354051800341
3.73782845783e-05
0.00089109554387
0.00156095349885
1.95855489744e-14
0.000633671845391
1.45238540264e-05
0.000354051800341
8.05321682124e-11
0.0
2.54561743918e-09
3.25433545541e-05
0.0
0.000354051800341
0.000338753759071
0.00156095349885
5.95206438931e-12
3.73782845783e-05
0.000354051800341
7.49448798879e-13
0.00156095349885
2.55227479253e-07
0.0
1.77446517411e-05
0.000354051800341
0.00156095349885
1.08919830968e-06
1.12427327996e-08
4.17067455984e-08
0.0
0.0
0.0
4.124622879e-06
6.08498282491e-16
5.40000846727e-15
1.86602750446e-07
0.000354051800341
3.27497992487e-07
2.0026224444e-05
1.59227619646e-10
1.90467434084e-05
1.96179158992e-07
2.0026224444e-05
2.54561743918e-09
4.70093397868e-08
1.01651779612e-06
0.000354051800341
1.5490520521e-06
5.94561947548e-10
1.99757169649e-06
2.9415752785e-05
0.0
1.99757169649e-06
1.03472386709e-15
3.25433545541e-05
0.000354051800341
2.11059931413e-08
0.000354051800341
2.26225783591e-07
3.73782845783e-05
1.11366167649e-14
7.128531593e-07
1.93538943784e-06
4.124622879e-06
7.60009123167e-18
2.65797983529e-10
2.54561743918e-09
7.47389859395e-07
5.63643191864e-08
2.66955384815e-25
2.9415752785e-05
0.0
3.86166362799e-07
0.0
0.00020012861334
4.12732297837e-09
2.30006353996e-10
3.73782845783e-05
2.79304541159e-05
0.000354051800341
8.67784012251e-13
0.000354051800341
3.00500774905e-07
1.66739066142e-06
1.5490520521e-06
5.3933897045e-09
1.40124579508e-06
0.0
3.25433545541e-05
6.18737773595e-08
4.10547111064e-06