500
0.0
0.0
4.20508609478e-05
0.0
0.0
0.0
0.00112210015607
0.000196905962273
0.0
0.0
0.0
0.0
0.0
0.0
0.0
0.0
0.0
0.0
0.0
0.0
0.0
0.0
0.0
0.0
0.0
0.0
0.0
0.0
0.0
0.0
0.0
0.0
0.0
0.00232691926205
0.0
0.0
0.0
0.0
0.00016591817656
0.0
0.0
0.0
0.000196905962273
0.0
0.0
0.0
0.0
0.0
0.0
0.0
0.0
2.69873326111e-05
0.0
9.36453566662e-06
0.0
0.0
0.0
0.0
0.0
0.0
0.0
0.0
0.0
0.0
0.0
0.0
0.0
0.0
0.0
0.0
0.0
0.00125546077718
0.0
0.0
0.0
0.0
0.0
0.0
0.0
4.04485365852e-05
0.0
2.69873326111e-05
0.0
0.0
0.0
0.0
0.0
0.0
0.00232691926205
0.0
0.000116467417086
0.0
0.0
0.0
0.0
0.0
0.0
0.0
0.0
0.0
0.0
0.0
0.0
0.0
0.0
0.0
0.0
0.0
0.0
0.0
0.0
0.0
0.0
0.0
0.0
0.0
0.0
0.0
0.0
0.0
0.0
0.0
0.0
0.0
0.000672184738109
0.0
0.0
0.000196905962273
0.0
0.0
0.0
0.0
0.0
0.0
0.0
0.0
0.0
0.0
0.0
0.0
0.0
0.0
0.0
0.0
0.0
0.0
0.0
0.0
0.0
0.0
0.0
0.0
0.0
0.0
0.0
0.000164406070886
9.92159245377e-05
0.0
0.0
0.000279435458341
0.0
0.0
0.0
0.0
0.0
0.00112210015607
0.0
0.0
0.0
0.0
0.0
0.0
0.0
0.0
0.0
0.0
0.0
0.0
0.0
0.0
0.0
0.0
0.0
0.0
0.0
0.0
0.0
0.0
0.0
0.0
0.0
0.0
0.0
0.0
0.0
0.0
0.0
0.0
0.0
0.0
0.0
0.0
0.0
0.0
0.0
0.0
0.0
0.0
0.0
0.000672184738109
0.000998254965245
0.0
0.0
0.0
0.0
0.0
0.00232691926205
0.0
0.00232691926205
0.0
0.0
0.0
0.0
0.0
0.0
0.0
2.69873326111e-05
0.0
0.0
0.0
0.0
0.0
0.0
0.0
0.0
0.0
0.0
0.0
0.0
0.0
0.00056257347058
0.0
0.0
0.0
0.0
0.0
0.0
0.0
0.0
0.0
0.0
0.0
0.0
0.0
0.0
0.0
0.0
0.0
0.0
0.0
9.36453566662e-06
0.0
0.0
0.0
0.0
0.0
0.0
0.0
0.0
0.0
0.0
0.0
0.0
4.41943412534e-05
0.0
0.0
0.0
0.0
0.0
0.0
0.0
0.0
0.0
0.0
0.0
0.0
0.0
0.0
0.0
0.0
0.0
0.0
0.0
0.0
0.0
0.0
0.0
0.0
0.0
0.0
0.0
0.0
0.0
0.0
0.000998254965245
0.0
0.0
0.0
0.0
0.0
0.0
0.0
0.0
0.0
0.0
0.0
0.000196905962273
0.0
0.000131022614529
0.0
0.0
0.0
0.0
0.0
0.0
0.000196905962273
0.0
0.0
0.0
0.0
0.0
0.0
0.0
0.0
0.0
0.0
0.0
0.0
0.0
0.0
0.0
0.0
0.0
0.0
0.0
0.0
0.0
0.0
0.0
0.0
0.0
0.000998254965245
0.0
0.0
0.0
0.0
0.0
0.0
0.0
0.0
0.0
0.000998254965245
0.0
0.0
0.0
0.0
0.0
0.0
0.0
0.0
0.000998254965245
0.0
0.0
0.0
0.0
0.0
0.0
0.0
0.0
0.0
0.0
0.000196905962273
0.0
0.0
0.0
0.0
0.0
0.0
0.0
0.0
0.0
0.0
0.0
0.000131022614529
0.0
0.0
0.0
0.0
0.000998254965245
0.00112210015607
0.0
0.0
0.0
0.0
0.0
0.000196905962273
0.0
0.0
0.0
0.0
0.0
0.0
0.0
0.000167530418633
0.0
0.0
0.0
0.00056257347058
0.0
0.0
0.0
0.0
0.0
0.0
0.0
9.16574107175e-05
0.0
0.000196905962273
0.0
0.0
0.0
0.0
0.0
0.0
0.0
0.000998254965245
0.0
0.0
0.0
0.0
0.0
0.0
0.0
0.0
0.0
0.0
0.0
0.00056257347058
0.000196905962273
0.0
0.0
0.0
0.0
0.0
0.0
0.0
0.0
0.0
0.0
0.0
0.0
0.0
0.0
0.0
0.0
4.90953214048e-07
0.0
0.0
0.0
0.0
0.0
0.0
0.0
0.0
0.0
0.0
0.0
0.0
0.0
0.0
0.0
0.0
0.0
0.0
0.0
0.0
0.0
0.0
0.0
0.0
0.0
0.0
0.000116467417086
0.0
0.00056257347058
0.0
0.0
0.0
0.0
0.0