500
0.0
0.0
0.0
0.0
0.0
2.26809866017e-07
0.0
0.0
0.000205747132151
0.00851053051506
0.0
0.0
0.0
0.0
4.57228645266e-07
0.000225822356266
3.81653196288e-06
0.0
5.54952243291e-05
0.0
0.0
0.0
0.0
0.0
0.0
0.0
0.0
0.0
0.00150272751035
0.0
0.000298133352702
0.0
0.0
0.0
0.0
9.85848937104e-07
3.5973598014e-06
0.0
0.0
0.0051179761153
0.00150272751035
0.0
0.0
8.27737151874e-06
0.0
0.0
0.0
0.000225822356266
0.0
1.75171844515e-06
0.0
5.18521208403e-10
0.0
0.0
0.0
0.0
0.0
2.19386086505e-08
0.0
0.0
0.0
5.46252079094e-07
0.0
0.0
0.0
0.00111047794944
0.0
0.0
0.000231206245292
0.0
2.92117835627e-10
0.0051179761153
0.0
1.39146309169e-05
0.0
0.000133712126858
1.39108920663e-05
0.0
6.02836746802e-06
0.0
0.0
0.0
2.27107259801e-11
2.87309554605e-06
0.0
0.0
0.0
0.0
0.0126029708759
1.17815094407e-10
0.0
6.50839670905e-05
0.0
0.0
1.32797086055e-08
0.000221809084858
0.0
0.00193651312956
0.000108981180062
0.0
0.000205747132151
0.0
0.0
0.0
0.0
0.0
0.000219620266514
0.0
4.84114950836e-05
0.0
0.00687698512396
1.211792944e-05
0.0
0.0
3.82725688933e-05
0.0
0.00687698512396
0.0
0.000225822356266
5.15725275136e-05
0.0
0.0
0.0
0.0
0.0
0.0
0.0
6.8429724648e-05
1.49503159173e-06
2.37020326427e-10
0.0
0.0
0.0
0.0
0.0
3.99492079098e-07
0.0
0.0
0.0051179761153
0.0
3.13726882617e-05
8.06825648277e-14
0.00150272751035
7.71859791507e-09
0.000225822356266
2.28249015177e-10
0.0
1.48241962957e-06
0.000355902349046
0.0
4.27613230169e-09
0.0
0.0
0.000393474184054
0.0
0.000218591020671
0.0
0.00033954050962
0.0
0.0
0.000653908105049
1.04222423235e-08
0.0
5.96521470662e-08
0.0
0.0
0.0
0.0
1.06124548702e-07
0.000706203053855
2.22173166152e-06
0.000355902349046
5.45880026643e-07
0.0051179761153
0.0
0.0
0.0
3.57368646644e-09
0.0
0.0
0.0126029708759
0.0
0.0
0.0
0.00111047794944
0.0
0.0
4.75922084009e-05
0.0051179761153
0.0
0.0
1.06476542431e-05
4.85372813687e-06
0.0
0.0
0.0
0.0
0.00851053051506
0.0
0.0
0.000208910575407
0.0
4.44557647522e-11
4.02144061345e-08
0.0
9.34527449039e-07
5.60878306397e-08
0.0
0.0
0.0
0.0
0.0
1.68701270761e-05
0.000830746948768
6.80867463294e-09
0.0
0.0
0.0
0.0
6.99906587065e-07
2.10177477688e-06
0.0
0.0051179761153
8.90580508337e-06
0.0
0.0
0.0
0.0
0.0
0.0
1.84291114739e-15
0.0
0.0
0.000154170505911
0.0
0.0
0.000609689794648
1.05582639103e-08
0.0
0.0
0.0
0.00128844515023
0.0
2.9596951516e-07
0.0
0.0
0.00193651312956
0.0
0.000355902349046
0.0
0.0
0.0
0.0
0.0
0.0051179761153
0.0
5.30663565377e-06
0.0
1.99235575363e-05
0.00150272751035
0.0
0.0
0.0
8.23272560314e-08
0.0
0.0
0.0
0.0
0.0
0.000165911729141
0.0
0.0126029708759
0.0
0.0
0.0
2.19337095418e-05
0.0
0.0
4.23019230186e-05
0.0051179761153
6.94187231981e-06
0.0
1.51800936185e-08
0.0
5.15725275136e-05
0.0
0.0
0.0
1.67392812289e-13
5.12353117209e-07
0.0126029708759
0.0
0.0
0.0
2.81684693057e-05
0.0126029708759
0.0
1.26833343951e-05
0.0
0.0
0.0
0.0
0.0
0.00687698512396
0.0126029708759
0.000474839479478
0.00111047794944
0.0
0.0
0.0
0.0
0.0
0.0
0.0
0.0051179761153
1.33714742487e-05
0.0
0.0
0.0126029708759
0.0
2.41652947056e-08
0.0
1.07384952324e-05
1.1451681861e-06
0.000298133352702
0.0
0.0
0.0
0.0
0.000302960384454
1.92619093932e-06
0.0051179761153
0.0
0.0
0.0
0.000625495676949
9.81127289175e-05
0.0
0.00851053051506
7.46181180703e-06
0.0
0.0
0.0
0.0
5.6300939563e-06
0.0
1.52781741846e-05
2.01932998328e-07
1.86093197703e-09
0.0
0.0
0.0
2.57882998562e-11
0.0
0.0
0.0
0.0
3.5469507757e-05
0.0
0.0
0.0
0.0
0.0
0.0
5.68778017304e-07
0.0
0.0
0.0
0.0
0.0
0.0
0.0
0.00150272751035
0.0
0.0
0.0
0.0
0.0
0.000136122977539
0.0
9.61629902686e-08
0.0126029708759
0.0
0.000830746948768
0.0
0.000653908105049
0.0
2.39040298316e-06
2.43406490599e-05
0.0
0.0
0.0
0.0
0.0
0.0
0.0
0.0
0.0
0.0
0.0
0.0
0.0
0.0
0.0
0.0
0.0
0.0
0.00851053051506
0.000653908105049
0.0
0.0
0.0
0.00111047794944
0.0
1.5265197283e-08
0.00644007342085
0.0
7.06671311896e-07
2.17030272513e-05
0.0
0.0
0.0
0.0
0.0
0.0
1.68055824876e-10
0.0
0.0
0.000207367057377
0.0
0.0126029708759
0.0
0.0
0.0
0.0
1.86773600073e-06
0.0
1.55689382854e-08
0.0051179761153
0.0
0.0
0.0
0.0
0.0
0.0
0.00687698512396
0.0
0.0
0.00150272751035
2.90127608382e-06
0.0
0.0126029708759
8.54261546698e-06
0.0051179761153
0.0
0.0
0.0
0.0
1.94663446291e-08
0.000177915533719
4.08844571755e-07
0.00687698512396
5.9227279782e-06
0.000253646024161
0.0
0.0
0.0
0.0
0.000183127907004
0.0
0.0
0.0
0.0
0.0126029708759
0.0
0.0
0.0
0.00150272751035
0.0
0.0
0.0
0.000133712126858
0.0
4.76610511415e-10
2.43807705777e-07
0.0
1.36808215088e-08
0.0
0.0
0.0
0.0
0.0
0.000355902349046
0.000444189383188
0.0
0.0
0.0
0.0
0.0051179761153
0.000653908105049