500
6.21528072187e-07
1.60461332017e-15
4.8636260022e-07
8.56166523546e-07
0.0
0.0
9.27540784125e-06
1.02565907843e-12
6.59739706647e-08
0.0
2.9830749449e-08
0.0
0.000208048658908
0.0
0.0
7.76340317732e-11
4.72273998273e-13
3.13417926404e-27
1.18812253672e-06
2.48828875385e-05
0.0
1.47792586418e-06
0.000113263480806
1.70831870046e-14
5.95644530884e-05
8.4309213069e-13
0.000966313887579
1.18088009756e-10
2.55718443408e-19
2.76830936324e-05
1.6077105456e-24
2.97503320032e-07
3.27412275061e-08
4.00895543337e-06
0.0
0.0
0.000139406511437
1.47816762489e-07
0.0
0.0
1.28457762517e-12
0.0
3.85917613285e-13
1.79570421477e-08
1.05120282097e-05
7.470269183e-12
1.77746126574e-07
0.0
1.26718079155e-07
9.07419852736e-07
0.0
8.41365098728e-12
2.40988467836e-09
0.000384575183947
5.98029303926e-07
0.0
4.88440312247e-06
0.0
0.0
0.000156275646128
0.0
0.0
7.81612559096e-44
2.28749615169e-05
0.0
8.54370932559e-05
3.31144323379e-12
0.0
0.0
3.95653138322e-12
7.30992843435e-08
0.0
6.84666998692e-11
7.77284877008e-09
3.55146556659e-07
6.05836580367e-10
0.0
2.66521139954e-20
7.84345286184e-07
0.0
7.30791617878e-28
1.25935939582e-12
0.0
1.54969483855e-08
0.0
5.37068276602e-14
5.44770670589e-10
0.0
1.66884637604e-12
6.51932415829e-09
7.5850770346e-12
4.28733266101e-05
5.76758209478e-07
0.0
0.0
0.0
9.14614742919e-16
2.00875801259e-08
1.98294074728e-08
0.0
1.13553863831e-05
0.0
0.0
6.81125803498e-07
3.13465790495e-16
0.0
0.0
1.70128629598e-12
0.0
9.25483358131e-05
1.13196711257e-10
0.0
1.20716302019e-31
1.41179562711e-06
0.0
1.49300044494e-13
1.86297609045e-13
0.0
0.000168834915308
1.00991253017e-11
1.85503331299e-10
9.73475661979e-13
1.602206905e-20
0.0
0.0
0.0
0.000522779244785
0.0
2.16280497875e-07
0.0
3.16386093725e-06
3.76608968361e-08
1.06939730311e-35
1.20479609498e-18
1.08195463232e-09
4.72710991592e-09
2.34502278614e-36
5.75092566454e-09
0.0
7.81010868533e-16
2.22300905436e-25
0.0
3.4429307822e-09
4.06519540445e-08
0.000143478289402
1.00724755424e-44
7.66930455116e-09
6.04579092814e-14
2.03370874972e-19
0.0
0.0
1.05382283074e-06
5.04590118384e-05
1.24433437883e-24
5.29018113844e-11
8.6698171273e-06
2.85521194844e-07
1.38443719395e-07
4.13650520167e-18
0.0
0.0
0.0
8.66166853327e-07
1.50789374928e-17
0.0
3.70476997277e-11
0.0
0.0
4.63786464022e-11
2.15376224072e-18
0.0
0.0
0.0
3.65681674981e-09
5.48475306751e-14
1.77467183294e-07
0.0
0.0
2.1845061582e-13
1.26888821389e-09
0.0
0.0
0.0
1.84452997469e-21
0.0
8.75517063302e-09
0.0
3.88742183713e-05
5.66568558352e-06
5.56841343944e-13
7.87030322247e-06
8.78443848616e-09
2.28726102207e-17
3.74984813351e-07
4.17249803072e-05
3.59270086828e-05
3.62922113962e-11
5.76435419588e-10
1.68391456295e-30
4.44575454498e-10
6.87253983754e-25
5.37713649033e-05
2.66296968873e-15
2.81465457296e-08
1.70535133878e-05
2.5369735092e-18
1.98533769899e-14
0.0
0.000272462300634
3.6675438529e-11
3.3920462979e-11
0.0
3.76486023734e-10
4.12366677406e-23
1.28891767018e-07
0.0
1.74880071454e-05
5.07282172346e-26
0.0
2.03009747516e-23
0.000165559056446
1.7168464233e-24
0.0
0.000422400083998
7.56817226684e-18
6.14251547381e-24
0.0
0.0
3.55836756062e-07
5.7214441118e-20
0.0
1.24395255808e-07
4.63374562926e-32
3.65578220993e-06
3.34523906874e-05
2.70803225472e-09
3.42626304335e-06
9.3206174586e-09
2.2131577122e-05
0.0
0.0
4.10433316635e-23
0.0
0.0
1.18082683078e-32
1.91071833698e-18
1.1137300784e-06
7.04383346241e-08
0.0
0.000684636163989
0.0
1.40537359854e-36
1.28785013263e-05
2.23469233777e-36
1.64998129301e-20
1.25715865372e-11
4.06092799383e-07
7.6468565267e-15
3.48363515668e-13
5.08049309497e-07
2.58886832189e-06
9.63792382195e-05
5.53219068339e-37
8.16273578962e-07
0.0
7.59092164394e-15
4.54417566561e-13
9.06120412936e-06
4.16937164091e-07
9.84690428744e-06
5.96825075824e-23
4.54792114797e-07
0.0
0.0
7.86777768401e-09
5.07816110941e-10
4.49780667546e-06
0.0
5.02663794408e-06
0.0
5.81545987979e-14
1.12079395239e-11
0.0
4.17255016182e-22
5.62360925427e-05
0.0
2.23195879266e-05
3.87041435833e-23
5.24575396123e-26
1.73223663641e-06
0.0
1.57451133962e-06
9.90332437652e-18
0.000121278314961
0.0
0.0
0.0
0.0
0.0
7.84846435557e-11
0.0
0.0
1.93331474685e-09
0.0
5.14633073072e-07
0.0
5.13946665457e-06
3.57487029031e-12
0.0
0.0
4.5677029091e-08
2.6916244104e-18
3.87148742494e-08
4.03012093102e-10
2.78349816034e-06
1.83585921469e-18
1.60740023199e-05
8.62140140583e-07
2.0554944826e-10
2.15798880842e-06
5.63123555043e-10
0.0
2.77170085647e-20
2.5027678437e-40
9.60845432387e-38
5.55069580397e-08
4.65396613902e-31
7.6898898326e-09
4.44157661706e-19
0.0
6.49890280544e-12
0.0
0.000684636163989
2.98258584863e-05
0.000272462300634
2.1803722933e-06
1.98209168757e-06
2.34608324796e-26
2.48054838447e-08
0.0
0.0
0.0
1.08702314073e-08
5.39555932708e-16
1.82911910197e-21
4.46589741229e-22
1.36986207663e-06
0.000133900890543
0.0
0.0
2.21006258532e-10
0.0
0.0
0.0
1.21477341965e-24
7.8508294953e-06
2.36072195476e-15
5.51643541651e-20
1.15390435408e-05
6.02729028549e-07
0.0
1.24180637984e-05
0.0
0.000422400083998
5.92783947641e-05
6.01597257625e-18
1.12508528671e-33
8.24848581898e-06
0.0
5.65755081964e-11
1.67201361963e-21
2.96838460933e-05
0.0
0.0
9.92486595126e-12
1.07709766969e-14
7.04194387346e-05
0.0
7.99881206801e-09
5.25016227573e-06
2.23195879266e-05
0.0
3.3277992084e-14
6.93841523017e-19
0.0
7.44620701964e-15
0.0
0.0
2.18120736263e-16
1.06816098728e-09
0.0
0.0
0.0
1.35163210813e-08
9.20427732626e-12
3.48211549824e-09
2.62837357451e-12
9.40939227077e-12
0.0
1.86637478305e-07
0.0
1.08091018915e-11
1.39829335718e-19
4.49959544683e-07
0.0
2.26196783733e-05
0.0
0.0
2.8005470389e-09
0.0
0.0
6.99176060456e-07
0.0
7.66568287351e-13
1.20469266151e-09
4.62247214126e-06
0.0
0.0
1.27241190277e-05
0.000322539194575
0.0
4.89193787618e-06
0.0
2.32535422498e-09
0.0
7.38827333857e-06
3.78875514518e-29
0.0
3.23802137361e-08
0.0
1.28491347545e-38
0.0
1.65237411299e-32
0.0
4.88701361851e-15
1.14028617145e-15
0.0
1.84281154548e-05
0.000118302839351
1.16507460818e-12
2.42970710496e-08
4.60900066102e-23
1.80797944413e-05
0.0
0.0
0.0
5.86794124303e-11
2.17974124346e-14
0.0
1.71457226594e-15
0.0
1.95283848828e-06
1.06043769753e-11
0.0
0.0
5.12243024301e-13
1.34513063363e-08
5.56735024243e-15
3.25216605265e-06
8.57328574253e-14
2.9440363991e-08
0.000293656594264
7.23051952163e-11
0.0
1.86198125412e-14
6.14547181128e-23
1.3807971655e-53
4.33067267468e-14
7.48428541238e-25
1.5046326653e-17
4.43471930516e-06
0.0
0.0
2.21570092621e-29
0.000165559056446
2.66300912345e-06
6.0325777929e-07
0.0
3.86071354721e-37
0.0
2.83651470539e-07
0.0
0.0
2.34318330056e-05
1.18795789888e-12
0.0
9.299773923e-08
7.01573857394e-09
0.0
0.0
0.0
0.0
0.0
2.26132200163e-06
3.09331464657e-10
0.0
0.0
2.73210598264e-13
0.0
3.17978896721e-16