500
9.15528888787e-05
9.97118311424e-09
0.000363473938324
0.00104911510613
0.00620738441876
0.0102248205059
3.09163995695e-05
2.60096938205e-05
0.000263893884866
0.000124626449572
2.02156218795e-10
4.41150688571e-17
0.000513601143167
0.00205542825726
5.41176667788e-07
4.92624338684e-05
0.0102248205059
3.31749565964e-06
0.0290498915402
0.00269192141537
0.00439270244718
0.00171782760949
2.12157993499e-08
0.0290498915402
2.68680513732e-19
3.82704697712e-06
0.0110481665837
1.14113104162e-11
2.63644086867e-13
1.56516443038e-05
6.91408408037e-24
0.000513601143167
1.66911179306e-10
7.64749062759e-12
0.000679024150174
4.16597091211e-20
0.000513601143167
2.70325658813e-06
1.21919019426e-07
1.00452357563e-10
0.000124893924683
2.4670425938e-05
2.12917051474e-44
4.85194070378e-15
0.00439270244718
2.10039707964e-18
0.0102248205059
6.17875034764e-08
2.19465029941e-09
1.98373052816e-05
4.35927007292e-05
0.00104911510613
9.80715697741e-14
4.27817875172e-08
0.000514976103943
3.63562946771e-06
0.00494167240295
3.92334257555e-07
0.000838671043595
4.04569079387e-12
4.67363012948e-05
3.70626143567e-06
0.0290498915402
4.49448121625e-08
0.00303838581211
1.97279984606e-07
3.75419340557e-15
7.06770193622e-06
0.0144608058806
2.13818311986e-10
0.00494167240295
1.68995543885e-17
2.88156870983e-07
1.25773498508e-12
5.25557084689e-10
2.7851752293e-05
1.2002886629e-09
6.45408924027e-06
2.69527466929e-05
0.000363473938324
1.21599898298e-05
0.000513601143167
2.18494131163e-08
0.000101234368287
0.0290498915402
1.9437271894e-10
0.0110481665837
6.46913271256e-09
4.52805522255e-05
5.08378923632e-12
0.00439270244718
1.96118207089e-07
0.00439270244718
1.51671766491e-18
0.000107990028659
0.00109028324259
0.00246906495403
5.63789455883e-09
2.2537652246e-05
0.000263893884866
8.05944673821e-09
6.65028399974e-07
0.00303838581211
0.00439270244718
0.0215127178833
0.00439270244718
2.58853642178e-14
0.00570201396229
0.0008015319861
0.000383903330521
2.59284856885e-07
7.15477778946e-07
7.13159431036e-07
1.48522756757e-11
3.37057119521e-05
7.00076653232e-17
3.92360381713e-05
1.47276416433e-09
3.37113572297e-05
0.00439270244718
0.00212046164266
0.0290498915402
0.00439270244718
5.37707525055e-07
0.00439270244718
0.0103041134359
0.0008015319861
0.00048216639701
1.65905836561e-07
0.00205542825726
2.67583183803e-17
1.77883981823e-10
7.62561947208e-08
5.44678704318e-08
0.0103041134359
0.000513601143167
9.39548132892e-07
0.000198952783419
0.00439270244718
1.10443296405e-18
0.0144608058806
1.41514883753e-05
0.00439270244718
8.78110687069e-09
1.00970580296e-05
0.000195061461913
0.0103041134359
7.8206679503e-05
3.56625039251e-10
0.000513601143167
0.00738095243401
6.87117906623e-10
1.27302724988e-06
1.60931534877e-05
4.49779406972e-07
0.0101767982488
2.4670425938e-05
0.0144608058806
0.00246906495403
0.0110481665837
4.35927007292e-05
1.25950236613e-16
0.0290498915402
5.63113694519e-09
1.08370782457e-06
8.1698073195e-07
2.71012023565e-06
0.00494167240295
2.42790978935e-07
6.59997073783e-07
3.57198556433e-25
1.25777095952e-18
0.000679024150174
5.81594932476e-08
6.60895251273e-09
1.5501453122e-12
0.000513601143167
9.85865112022e-06
1.23680063544e-10
0.00439270244718
5.69307767579e-06
0.00494167240295
0.00303838581211
2.0273827723e-06
3.05842138842e-10
9.19017443268e-10
8.88357063574e-14
0.000150071618569
1.53102879145e-08
0.00269192141537
7.74742171885e-06
7.3104614372e-07
0.00109028324259
2.6749360785e-23
2.31582575589e-08
8.67041006071e-07
0.0290498915402
0.000124893924683
1.26193043618e-06
4.27289650619e-05
0.0110481665837
0.000153091457964
2.47636639266e-10
3.71140399722e-11
0.000198952783419
1.33506236377e-05
0.00116429968644
3.98526772626e-20
0.0290498915402
2.64581461918e-05
1.29916831741e-11
2.68147546089e-05
2.05563828536e-22
0.00012934727538
1.01703745515e-09
0.0110481665837
1.62153382343e-12
1.46238412163e-07
1.42222465184e-06
0.00269192141537
1.75654879727e-05
0.0290498915402
0.0290498915402
2.40813869008e-11
1.72923965069e-05
9.94211187642e-08
3.80817959999e-11
0.0102248205059
0.000304170104427
0.00439270244718
0.00439270244718
0.00246906495403
2.47628840788e-12
0.00147253970111
1.91252550761e-08
0.000362195129103
2.26240461696e-05
1.97233244224e-06
0.00303838581211
1.86886866088e-36
2.34854594619e-08
2.3764723268e-08
0.000838671043595
6.53570957862e-08
0.0102248205059
1.33341819604e-06
0.0144608058806
0.0144608058806
0.0215127178833
2.81399566927e-08
0.000115782356878
0.0103041134359
0.0103041134359
2.94515142648e-11
0.00246906495403
0.00180923994388
1.70304721165e-09
8.51835183572e-10
0.00212046164266
0.0102248205059
2.63130751962e-07
5.81502387633e-05
1.35298720911e-06
1.92621273393e-08
5.57046449254e-07
1.84426644748e-15
0.00303838581211
0.0103041134359
2.17959496498e-07
0.0144608058806
5.33555365373e-07
1.24507055991e-11
3.48852739468e-05
4.88002420721e-05
1.3642198213e-16
8.82625194634e-23
0.0110481665837
1.99687162833e-10
2.11801073415e-08
2.05180764375e-09
1.0635170495e-08
0.00494167240295
0.0215127178833
0.000195061461913
5.09588289859e-08
0.00180923994388
2.74468811961e-20
0.00439270244718
8.63221050553e-10
6.43913615097e-05
0.000383903330521
0.00439270244718
1.43101169735e-06
2.04738837077e-11
1.75997937815e-13
3.32447744001e-10
4.90009449798e-07
0.00147253970111
0.00269192141537
0.00104911510613
7.85238871217e-10
1.16017306704e-05
0.00428200712011
0.0144608058806
1.82081972075e-09
0.0103041134359
3.46654048938e-07
0.0103041134359
0.000656948752242
0.00035851274198
0.0103041134359
2.00683110839e-07
0.00212046164266
0.00303838581211
0.00246906495403
3.92360381713e-05
1.65400933176e-06
0.000736094280836
0.0215127178833
0.00439270244718
4.88019256101e-05
4.55164880172e-08
2.59249655305e-11
5.55916846321e-06
0.00439270244718
4.35323881868e-08
3.27388665294e-05
1.29586827855e-08
0.0290498915402
0.0110481665837
1.05273534873e-18
4.3700125003e-05
1.16053795593e-12
0.0110481665837
1.79385542741e-10
0.0102248205059
0.0110481665837
0.0290498915402
2.93628066851e-11
0.0144608058806
8.45823768263e-09
0.00180923994388
1.34422443989e-10
0.000195061461913
3.09803287825e-10
1.42857956049e-08
2.26240461696e-05
0.00048216639701
7.46478173228e-10
4.26493186192e-12
0.00439270244718
6.93091179716e-34
8.41638692494e-09
0.00439270244718
0.0110481665837
6.63009677465e-05
0.00428200712011
0.0110481665837
9.79258953789e-05
2.14820488973e-06
5.7164760105e-09
0.00246906495403
6.34707090053e-16
0.00439270244718
9.15528888787e-05
9.74880278781e-07
0.00205542825726
1.03858724296e-05
3.25919673764e-24
4.11695205672e-08
1.36455065916e-12
6.28922586295e-08
2.76205841904e-10
0.00494167240295
0.00246906495403
9.75853406071e-10
0.0103041134359
0.0103041134359
1.2806396948e-09
0.000179127868992
2.60526728898e-11
3.90310651525e-21
0.000153837093151
7.83455440269e-06
7.61121140137e-05
2.78407341135e-05
6.75993454077e-06
2.41540852857e-11
0.000278629108394
0.000108711607377
0.0103041134359
0.0290498915402
6.88041552279e-11
8.21545987607e-08
1.41645614697e-14
0.0103041134359
0.00439270244718
2.08241329842e-10
0.00439270244718
8.88391881809e-18
7.10441291944e-06
0.00570201396229
0.000493547297786
4.21219747791e-08
0.00439270244718
3.86562667709e-08
6.65936417753e-09
0.000679024150174
2.73278105628e-08
0.00620738441876
1.01268465094e-06
0.00035851274198
8.96351066691e-06
2.74963855295e-05
0.0110481665837
2.63642053455e-06
2.05774771195e-09
0.0102248205059
0.00439270244718
0.00428200712011
0.0110481665837
2.05545200373e-06
0.00439270244718
0.000679024150174
0.0102248205059
2.66915461149e-12
0.000124626449572
0.0290498915402
0.000947206777935
0.000362195129103
5.45678350485e-08
3.13085386717e-08
1.1067843026e-25
3.54415315215e-13
8.70680855691e-15
1.03983061173e-17
0.0110481665837
3.27093344067e-10
1.30763576976e-06
0.0215127178833
0.00246906495403
5.74259110685e-08
6.65191253864e-09
7.61121140137e-05
1.11354829536e-07
0.000513601143167
0.0144608058806
0.00303838581211
3.59243184028e-12
0.000513601143167
9.36777887262e-05
8.34779477825e-09
0.000317006348134
2.902775488e-05
0.000153091457964
0.0102248205059
0.000139541831755
2.72345326916e-06
1.75007575107e-11
4.64470200461e-05
0.0103041134359
4.61086452757e-09
0.00179038095208
0.000514976103943
4.53769458116e-06
0.00104911510613
3.3012003597e-16
0.000838671043595
0.00439270244718
8.61356507347e-19
0.00205542825726
0.00205542825726
1.28715827611e-10
1.16330068574e-08
0.00205542825726
1.68038319084e-10
0.00246906495403
0.0215127178833
3.35649161075e-08
9.2461662788e-13
0.000124626449572
1.72816337835e-12
3.01997985126e-08
3.61377342762e-09
5.69307767579e-06
1.4347889658e-06
0.00205542825726
9.58062448264e-05
0.000679024150174
0.000310654772035
0.00303838581211
0.00171782760949
8.03575377514e-06
9.99613775371e-09
0.00212046164266
0.0144608058806
0.0102248205059
1.97583453448e-07
0.000656948752242
0.00439270244718