500
0.0
0.0170122581528
0.0
2.65056666989e-06
1.49381778397e-05
0.0
0.0
0.0
9.05266602543e-06
0.000658269116237
5.90063992799e-06
0.0
2.51531363237e-07
1.286162907e-08
5.21930791492e-10
3.09952339997e-05
0.000299084742205
0.0
2.4414477073e-08
0.0
0.0
0.00170323960028
4.59881968719e-06
0.0
0.0
0.000432811672526
1.78194637868e-05
1.86494511716e-05
1.6591533732e-06
7.99524543905e-05
1.33162189931e-08
3.27246577354e-06
0.00411499953109
0.00240592514725
0.0
0.0
7.32811471309e-07
0.0
1.89354432321e-05
0.0
0.00170323960028
0.0170122581528
1.83648099683e-09
0.00035180696008
0.00105724317589
0.0
0.0170122581528
0.0
2.61832915314e-05
2.74555788352e-07
0.0
0.0
0.0
0.0
2.40575971151e-10
0.0
2.3134523902e-10
0.0
0.00170323960028
0.0
7.9452067621e-06
0.0
1.25379234197e-12
0.0
0.0
1.73170882441e-09
0.0
0.0
0.000509216624918
0.0
0.0170122581528
4.32923826529e-08
0.0
5.24293136408e-05
0.0170122581528
0.0
2.44862056699e-05
0.0
0.0
0.00284723054378
0.0006448180787
6.52484440996e-07
0.00046083162063
2.69531517467e-05
2.47850406448e-07
0.0
0.0
8.06135762552e-07
1.56408970082e-05
0.0
3.57255692003e-10
0.00014555078734
0.0
0.00014555078734
4.66193043843e-05
0.0
5.67047861232e-05
0.0
0.00057649863744
0.0
0.0
5.88455471459e-06
5.87471164953e-09
0.0
0.0170122581528
0.0
5.45244111481e-07
0.000112833144791
0.0006448180787
0.0
0.0
0.0
2.06427087714e-07
2.24864146304e-07
0.0
0.0
0.0
9.03330593556e-09
0.0
0.00284723054378
5.13529184991e-06
1.96928424059e-07
1.49665259759e-05
0.0
0.00170323960028
1.39164114291e-10
0.0
0.000112833144791
0.0
0.000735619548926
0.0170122581528
2.26593025314e-10
0.0
0.0
0.000528312722199
0.0
1.06629926924e-08
0.0
1.73305424846e-06
0.000196245816026
0.0
0.0
0.0
0.0
0.0
5.18044260205e-07
6.23639217713e-13
0.0
0.0
3.04111392574e-10
0.0
0.0
0.0
0.0
0.000274287362133
0.000735619548926
4.98419825791e-05
0.0
3.39816079605e-07
0.0
1.68306643925e-15
8.42075572267e-12
0.0
0.0
0.0
1.26190187322e-08
0.0
0.0
5.39025965214e-09
0.0
5.77254677526e-05
4.70260245347e-08
0.0
0.00284723054378
0.0
9.95497718601e-06
0.0
0.00284723054378
0.0
2.86488597451e-10
0.0
1.87394694132e-05
0.0
7.88737891575e-06
0.0
0.0
0.0
6.28075837898e-10
0.000625125848631
0.0
0.0
8.29177820676e-14
0.0170122581528
4.06263311286e-05
0.00246597308085
3.14511212515e-05
0.00105724317589
0.0
0.0
0.0
5.69763646042e-06
0.0
1.78768668878e-07
4.81797493534e-06
5.34380011424e-09
1.21338980718e-06
1.45895182366e-15
0.00057649863744
8.18163264706e-06
3.5516089209e-10
0.0
3.17420951579e-06
0.0
0.0
0.0
0.00183093241068
1.83387259954e-11
0.0
1.13966994792e-06
0.0170122581528
0.000754948431422
0.000352774668279
7.08762913266e-05
0.000304561963797
0.0
0.0
1.08850256932e-13
0.0
0.000109917659437
0.0
2.13420059808e-06
0.00281337096284
7.71167006281e-08
0.0
0.000299084742205
0.0
2.33251518665e-05
0.0
4.30937966849e-10
1.69680091608e-09
0.0
0.0
0.000149881783142
9.73252367613e-06
6.33218477362e-08
4.12169518321e-05
0.0170122581528
0.00057649863744
3.51788160113e-05
0.0
4.59881968719e-06
0.0
0.0
1.34782775525e-15
0.0
4.88226097375e-06
0.00183093241068
2.47657744435e-09
2.49162622654e-05
1.14807250061e-06
0.0
0.000735785740898
3.18627665498e-08
0.0
0.00057649863744
0.0
0.0170122581528
1.17794265224e-07
1.2433331837e-06
0.0
0.0
8.20891567832e-11
7.30616461557e-08
0.0
0.0
0.000735619548926
8.34155286321e-07
2.53789251664e-10
0.0
0.0
2.5155870208e-07
0.000754948431422
1.9133259716e-05
9.68959279867e-07
0.000123152141129
0.0
0.0
0.0
4.30254633004e-08
0.0
0.000681226802669
4.06478015541e-07
0.0
0.0
8.68505448669e-07
0.0
1.47434420942e-05
3.45652662945e-08
0.0
0.0170122581528
4.73418810875e-07
0.0170122581528
0.000509216624918
1.68018526501e-08
0.0
2.88628945183e-07
0.0
0.0
7.10445372898e-05
0.0
5.78063159436e-05
0.0
0.0
0.00284723054378
0.0
3.98573413089e-06
0.000494108192386
1.31639366197e-05
0.0
0.0
0.0
0.00284723054378
4.01446765385e-08
0.0
0.0
0.0
2.34689805524e-05
4.98159786136e-14
1.21459847478e-07
0.0
8.11291472652e-05
7.07680163033e-05
0.00057649863744
8.96990868661e-08
0.000398905385907
2.73505205011e-12
3.07819927205e-08
0.0
5.91447130174e-05
6.79724071827e-07
4.0372115072e-12
0.0
0.00213958361541
1.21194691885e-20
0.0
9.01867536563e-08
0.00284723054378
4.12169518321e-05
0.0
0.00057649863744
0.0
0.0
0.0
5.12445239685e-09
0.000625125848631
0.0
0.000311358794918
0.00105724317589
0.0
0.0
0.0
0.0
0.0
0.0
0.0
0.0
8.91271615043e-05
0.0
0.0170122581528
0.00240592514725
6.99329130953e-06
3.29218317419e-06
0.0170122581528
1.92591272961e-10
0.000377190525815
0.0
0.0
7.91108180535e-08
1.75363596067e-05
0.000735619548926
0.0
0.000149881783142
2.78084475248e-06
0.0170122581528
0.0
0.0
0.0
0.0
1.80597770292e-07
4.90291119738e-09
0.0
6.67853925638e-05
0.0
0.0170122581528
1.1028663044e-13
0.0
1.33108918163e-05
0.00138696478402
1.01553812636e-08
0.0
2.11471818536e-05
3.27938701207e-07
4.5965998341e-10
0.0
0.0170122581528
1.02040725346e-08
0.0
0.0
0.0
5.10177203692e-05
1.02043164146e-14
0.0
0.00246597308085
0.00105724317589
0.0
0.000108971288718
0.0
0.0
0.0
7.44467833078e-07
0.0
0.0
0.0
5.35988422246e-06
0.0
0.0
4.75143582704e-05
0.00183093241068
0.0
1.16730552208e-16
0.000152991109119
0.0
0.0170122581528
0.0
6.65747477582e-10
0.00246597308085
4.24069984149e-28
0.00100098251022
0.0
0.0
0.00105724317589
0.000149881783142
0.0
0.0
0.0
0.00169426146658
2.60031574266e-20
0.0
0.0
1.88352374896e-12
0.00138696478402
0.0
0.0
0.0
4.47306914706e-05
0.000190573329301
0.0
0.0
2.29953724446e-11
0.0
0.00284723054378
0.0
0.0
0.0
0.00284723054378
2.8023313042e-05
2.04534275813e-05
0.000149881783142
6.10909233471e-08
0.00057649863744
6.67853925638e-05
0.0
6.16016959359e-06
0.0
0.000845173356949
0.0
0.0170122581528
0.0
0.00246597308085
0.0
1.43247132326e-07
0.0
0.0
8.59901592989e-14
0.0
2.66209865911e-05
0.0
0.0
0.0
0.00213958361541
0.0
0.0
1.81635106296e-06
0.0
0.00240592514725
0.00240592514725
0.0170122581528
2.04505641e-06
0.0
7.90223234135e-12