500
0.00572412048547
7.0193087219e-16
0.00209859698535
8.38287973036e-10
4.89043707552e-06
3.37919123657e-05
0.00251584807387
5.7288145113e-29
5.04426482904e-08
1.21156204513e-08
2.49938082849e-16
1.35681499009e-15
0.00239676057004
1.39123686982e-07
1.40533693172e-07
0.000278412388228
7.04969894316e-16
0.00209859698535
3.58064184749e-12
4.63547957924e-13
0.00122719426675
0.0158999797345
9.46278164481e-13
5.5115893394e-08
2.72354187501e-07
3.39877828393e-14
1.29990276558e-18
0.00966620346132
0.00157359342274
0.0171999780775
5.08607458823e-08
0.0163999790972
6.66655374855e-07
0.000345007612709
3.86013880083e-14
6.37198643024e-12
1.81678755638e-18
5.31208750982e-05
4.367309489e-11
6.61888094516e-12
7.16079747481e-12
9.39262799846e-08
4.49176790504e-11
6.94568373009e-06
4.33318522737e-07
3.25426209621e-06
0.00209478462669
4.1907808444e-06
3.78526699475e-09
4.19907283376e-15
0.0144723046236
7.3394024422e-07
4.75228860969e-07
1.68598612378e-06
4.10538356269e-05
4.50334953603e-08
3.07666164462e-09
0.012690267114
8.24627493079e-10
0.0163999790972
4.77760265886e-32
6.83492186154e-05
6.32326972438e-05
1.20518418585e-07
5.7615517222e-05
0.0171999780775
1.91253176621e-11
6.04338100293e-08
5.02394280293e-06
2.82640698746e-08
0.00162219770289
1.01720307038e-06
9.03796262668e-29
0.000206374172389
3.1183360311e-05
1.42693982101e-07
3.91443549001e-05
1.84497289624e-11
1.27955683852e-09
0.0158999797345
3.46986822623e-05
3.38030849794e-05
1.49290013386e-05
2.42446410686e-12
1.7427250519e-06
0.0163999790972
0.00263857237016
6.46987852542e-12
9.93087455097e-14
3.70629365386e-08
1.48619075403e-11
1.2937252227e-07
3.42065157512e-05
0.0158999797345
0.0144723046236
1.97676904509e-08
1.34294891536e-10
2.54158835522e-05
6.71302035612e-11
3.89011843536e-06
4.57237337439e-07
0.00165376986787
0.000425738346878
4.86378737665e-06
0.0144723046236
4.48297203509e-07
4.92143256182e-09
2.60356160032e-06
3.01449068547e-13
2.09893786477e-09
0.0110999858524
3.20353228922e-25
7.98037629569e-14
3.49083816588e-06
2.28262246812e-32
4.9738656488e-06
0.012690267114
0.0158999797345
5.90618091903e-08
0.000310664714106
3.77652419943e-06
2.34688615524e-05
3.51179694509e-10
4.18808003081e-11
0.012690267114
8.26495926303e-08
8.61659417186e-23
6.76866498871e-10
1.08738908542e-10
3.56188339972e-13
8.09747072924e-05
0.0158999797345
2.12267312078e-11
2.39250969566e-08
6.06591432665e-07
0.00209859698535
0.0144723046236
6.53778824914e-13
0.0171999780775
2.84116841117e-12
0.0144723046236
0.00263857237016
2.85763249888e-06
3.52835970241e-06
0.012690267114
1.30534397202e-07
6.78274929348e-07
7.90373281648e-06
2.58667346701e-06
2.49132035986e-05
2.34103350094e-27
2.11895458992e-06
6.0068772433e-07
5.13554160285e-36
0.00966620346132
1.12726406676e-09
3.43004560702e-16
0.000263248267977
8.47318212201e-10
1.32456772973e-13
2.497529371e-32
2.22525903122e-29
4.30244705493e-17
0.0144723046236
5.78673728342e-09
0.001140817261
4.12310113705e-34
2.46869411049e-05
3.98364815024e-06
8.38985393616e-18
0.000183122915773
4.69523782929e-07
2.84356382025e-14
1.57740631831e-10
1.151329648e-11
0.00966620346132
0.00966620346132
4.38704722214e-05
7.43407571094e-09
0.000942323013507
6.13196027551e-08
0.00966620346132
3.04165521682e-07
8.0275079936e-17
0.0163999790972
0.00175787286858
5.48012148396e-05
0.000307002607764
2.11500099339e-26
2.71424547473e-06
0.00966620346132
5.07287520623e-05
3.26375720886e-08
2.30627836389e-11
5.30036717241e-08
0.00120630390873
0.000369482688894
5.30558050414e-07
2.00601246615e-11
2.53578445951e-05
0.0158999797345
2.40288807433e-13
0.0171999780775
6.91596427783e-20
4.99818457821e-07
1.04725150494e-09
1.64584618895e-12
0.0110999858524
0.00025921796439
9.76170793091e-13
0.0171999780775
2.15088615525e-21
0.0163999790972
2.07265513183e-05
1.00056797362e-07
3.28158272229e-14
5.53064058829e-08
9.59042775732e-07
5.69691144075e-05
3.65874405772e-06
0.00140167485215
1.30692272359e-09
2.23366042732e-05
0.0163999790972
0.00157359342274
1.48100980359e-10
1.05568639591e-08
0.00137569977677
1.65933355771e-10
3.72749574014e-24
6.32194967568e-15
2.5299168723e-06
1.43030263383e-13
4.26756232558e-07
0.0171999780775
0.0158999797345
4.68782144407e-13
2.03414019038e-19
1.99327958213e-16
6.79725814688e-22
5.46285496855e-07
0.00251584807387
1.30221100026e-13
3.82662106717e-14
2.8431811913e-05
0.012690267114
1.18542119674e-05
0.00243914538869
2.00370669268e-18
4.6266386022e-38
0.002376367917
0.00162219770289
3.73789279125e-16
3.11437546533e-05
5.74880714668e-05
1.24594774443e-10
6.4521292537e-08
0.00123712797863
0.000188703309331
0.000183122915773
1.29410809041e-30
0.000257369591443
6.82291021932e-09
4.15089916973e-13
3.89930298195e-24
0.000241981328521
1.04321033538e-08
6.2247026139e-06
1.58441616093e-13
1.88112210662e-12
9.93557883896e-12
0.00251584807387
5.72943760582e-06
0.012690267114
3.73313318229e-15
0.0171999780775
9.18653125044e-05
3.24708277265e-05
2.06018346588e-19
0.000236826768751
0.0171999780775
6.03168153569e-23
9.84623854168e-06
2.10242582866e-07
1.98528392793e-06
1.80531767939e-27
3.57818927219e-06
1.9198832951e-17
5.22400187011e-08
0.012690267114
0.00184018765506
0.00966620346132
0.000264820185739
0.0158999797345
2.89619332079e-05
9.50237417927e-08
3.81518671954e-11
0.00135186682304
2.21479735952e-05
6.50815822117e-21
4.09196636853e-07
1.48938717431e-05
6.35511507715e-15
1.20007111392e-08
0.002376367917
5.28521011838e-17
6.82058451622e-08
5.57323556374e-08
4.61404025836e-11
0.0144723046236
0.0158999797345
1.70493707193e-08
2.19152851076e-08
4.30306805192e-11
3.01200918844e-11
0.00029582310194
5.5429362933e-10
5.2547837926e-06
6.10413498287e-09
0.000262010532098
1.66555356238e-13
6.49176641953e-08
6.07861976068e-05
0.000245556288315
2.26664449809e-24
1.44290938563e-11
0.00152877563367
3.30666833439e-05
5.53474788829e-09
1.74315735384e-14
2.49608203428e-06
0.00966620346132
0.00169355756558
5.89329598749e-05
1.13393243704e-13
6.19516379164e-11
3.06360546631e-10
0.0144723046236
0.0171999780775
4.31724275127e-21
7.33115284381e-16
3.88327010225e-05
2.31504515222e-10
3.29748973862e-06
1.15822715204e-10
2.63481164211e-11
1.45762412738e-09
1.74464997874e-11
2.37037082216e-11
9.52898863691e-19
2.24791739159e-11
0.00966620346132
0.00235599462175
6.11623018145e-12
6.38317683589e-27
2.0823266401e-05
1.83086616932e-09
0.0171999780775
1.80695777909e-14
2.21422382961e-05
5.4212403616e-07
3.02772241459e-05
1.34203316031e-15
1.38556723238e-10
0.0158999797345
3.81378372978e-11
0.012690267114
2.10293061881e-12
5.27171930786e-05
2.28614351096e-13
4.51282506327e-16
4.23011903222e-16
0.00239676057004
7.7831264557e-10
1.81065485694e-11
2.08587355587e-05
3.3600371563e-09
5.24059421208e-06
2.08359434224e-05
3.91685948943e-06
1.89004152685e-09
4.38554778816e-45
8.10181991724e-13
8.96543850881e-10
9.91624457646e-20
2.94873678743e-05
7.60408880632e-06
7.21943505683e-09
6.66571463224e-08
1.78164821516e-09
0.000163995799796
0.000225432593989
1.7756045749e-10
3.88327010225e-05
1.89330680276e-21
0.00243914538869
0.0163999790972
4.80718888388e-11
2.68345041956e-34
1.66271386694e-05
3.24681369379e-06
0.00184018765506
1.70291666539e-05
5.15050394002e-09
3.9369572805e-21
3.54792449473e-11
2.23660181354e-47
0.00230391767563
4.06236921525e-09
5.64315625447e-06
1.29760820045e-13
1.98297044327e-05
7.55913823145e-12
4.66297488596e-06
4.03126356519e-20
4.35913154874e-07
0.0158999797345
6.28579440249e-07
3.24289966212e-06
3.84940788788e-06
0.000189769624929
2.48252278009e-06
1.21964559507e-09
2.01037586407e-11
0.00170279961097
1.2724521766e-10
0.000282527859781
2.73294227269e-16
5.06592625552e-05
0.00019839981232
0.00243914538869
6.88458261889e-16
0.00966620346132
3.79939323261e-05
6.56266722678e-26
8.76386938588e-09
4.83978296213e-05
2.80365484434e-09
3.62535557914e-14
0.00170279961097
0.00141085233307
2.01843331958e-14
0.00165376986787
3.86686530805e-07
3.78611114598e-05
0.012690267114
1.02536185605e-05
9.98980521413e-07
3.7390826365e-24
6.15551531913e-07
7.6143352273e-07
0.0158999797345
0.00966620346132
2.13834473723e-13
0.0171999780775
4.04344499963e-07
0.00572412048547
5.57690816069e-06
0.00023174567944
5.76284592537e-11
3.90300806891e-09
0.00175787286858
0.002376367917
2.77847011802e-08
0.00173427675433
0.000148523393787
3.39053626571e-05
1.34340680066e-12
3.95023808329e-19
1.12852415495e-18
0.0144723046236
4.01261019203e-05
0.000323475961577
8.57130340437e-09
0.0158999797345
1.07153210281e-08
0.012690267114
4.36734994268e-11
2.13559789776e-14
0.0014611940223
0.00106725846124
4.66230716847e-07
8.16372270621e-27
0.0144723046236
5.08634335382e-08
2.35463307632e-12
2.01652740155e-06
0.00181315188961
1.91969630687e-05
2.31786514548e-07
1.80667103995e-45
1.34171930144e-11
0.00251584807387
0.00111299459571
7.4773323053e-06
3.8403352928e-05
0.000229902665301
0.00137569977677
6.01976227876e-06
1.11721128637e-09