500
1.79455742606e-10
2.23936673289e-28
3.26667714604e-12
0.0
2.52192327152e-08
2.00992914922e-26
0.0
5.5642701529e-09
1.79638021661e-47
4.55431754939e-09
3.27405979921e-05
6.06038344818e-13
5.58783400846e-11
0.00106283688381
0.00072689704357
5.49489472616e-08
2.18671016137e-09
3.87797479338e-21
2.36180146951e-22
0.000219441380309
4.06244795371e-07
2.01201478137e-16
2.03625691184e-05
5.31965152537e-35
1.33194242869e-06
5.36258944753e-23
3.76889467816e-20
2.7527411704e-62
1.28395499269e-12
7.16704866278e-16
3.14244311692e-10
4.27413846883e-15
0.00271151578103
1.36875539459e-17
3.64611570678e-07
4.66637603278e-16
7.31810683037e-21
0.0
5.91351804219e-05
2.43414685743e-24
0.000448100546222
6.80817590644e-07
1.55423284656e-17
6.40945257409e-05
3.0289280177e-15
1.29132687011e-11
4.74319017603e-23
1.18325657805e-19
1.90882927043e-08
1.13577033776e-05
2.5864225722e-07
5.29227179864e-26
1.78629266938e-18
5.48343108561e-11
1.59169879485e-23
3.84024461546e-05
0.0
4.40898535519e-80
1.57780672844e-31
0.00476852775285
0.0
0.000221706885484
3.64141608218e-16
0.000151162697695
5.30389970842e-52
4.30020119454e-06
6.92508019719e-10
1.41199587598e-13
0.000311192628578
1.03456249706e-12
4.41023882368e-31
0.00116038293753
7.73803905995e-25
1.65091812167e-61
1.10914627215e-09
1.80917968974e-22
0.0
5.55408788997e-90
2.87300373129e-06
1.26257120082e-08
0.000259344817955
4.8853210425e-32
2.0380102415e-35
2.05737216828e-35
7.68868032276e-06
9.11058868525e-13
0.0
0.0
6.28136339434e-05
1.19208033166e-06
7.80286988338e-23
2.9391145294e-05
1.98968325137e-14
6.65464273041e-22
1.37468423465e-09
0.0
1.27295170962e-15
1.44093142621e-07
1.1961640867e-60
4.07092530592e-19
2.90261196278e-14
0.000448100546222
3.63640400604e-11
1.38419506847e-16
1.82933430245e-15
8.38077799755e-29
4.85275872618e-05
0.0
8.74964995051e-39
4.94606410572e-17
2.52231878404e-19
0.000854083514844
3.07742668988e-20
0.0
6.25179490805e-24
1.80019585419e-18
5.43167670296e-11
1.73845881363e-10
2.12265221638e-57
1.01248542766e-15
2.81404769671e-21
2.86592043661e-52
9.57242523382e-20
6.18198810177e-09
0.0
2.5767126309e-11
1.2437120604e-10
2.58892142336e-55
0.0
0.00113662515169
1.74123800947e-38
5.91629078439e-07
0.000102077179059
7.97879065076e-07
1.90405520905e-18
6.9234488612e-61
0.0
2.30191502469e-21
0.000206026941315
3.53772883929e-11
0.0
9.72991033101e-16
4.49054935941e-21
2.47455901696e-09
1.44969287419e-08
2.42709155062e-19
8.91442328623e-52
1.80453101154e-14
9.58133570584e-33
3.80237876246e-26
3.90093262776e-18
1.88715953847e-09
2.71395040202e-41
7.3971721375e-24
1.28528710014e-11
1.7349618667e-05
0.000100131032787
3.50664356037e-08
4.64061805983e-35
2.19009804632e-30
8.38108518914e-08
9.36291388237e-13
9.85109961363e-16
0.0
1.5096231279e-19
0.000696644188001
3.87764643045e-07
1.064281396e-07
4.05346986362e-40
4.96831386916e-15
2.50395487947e-24
2.51447213583e-30
0.000242259305908
1.13556751111e-08
2.1665982299e-08
0.0
0.0
0.0
0.0
3.74989682843e-11
6.06858453201e-05
7.97559120203e-15
3.91462995982e-21
1.10826555714e-29
1.55366408968e-29
1.7553788838e-05
7.9478140698e-13
5.26472099229e-67
1.43550123568e-09
0.0
7.51329161843e-16
4.53559777158e-32
1.05002905859e-05
0.0
0.0
1.79822466146e-09
1.26404708843e-18
3.35722584956e-23
0.00476852775285
5.25492218705e-11
0.00018613538886
3.45562329852e-15
5.6832849704e-12
0.0
3.97168351595e-21
1.32790776389e-16
8.97332402689e-13
3.08366669837e-09
2.29625010468e-19
2.86206368067e-18
9.58628971496e-15
0.0
7.55113692435e-35
6.68144947779e-08
5.24790459952e-29
1.7542506094e-07
2.49423167032e-22
4.19407542713e-18
1.44363589636e-05
6.86469192179e-16
1.23359924165e-31
4.51030260552e-15
9.59700826372e-36
0.000713656852082
4.4740430684e-19
0.0
1.73145125727e-25
8.18316325984e-05
1.89157434791e-13
7.13281233834e-26
4.89397893196e-05
8.65758622221e-38
0.0
8.32963177963e-07
8.45968294876e-11
2.87745044107e-17
2.04476262142e-08
0.0
0.00476852775285
1.45818354261e-07
0.000311192628578
0.00776213878839
0.0124819740956
3.66456027537e-06
3.47157822102e-09
1.76719360626e-65
7.88697598526e-06
8.23717272413e-05
4.21912267199e-06
8.66494651601e-58
0.000124120560208
0.0
0.0
1.56940968304e-08
3.21234834811e-14
4.47170204042e-10
2.80484479268e-15
0.000112049740013
3.32999993634e-05
2.01738342955e-10
7.64490497943e-11
9.03042249044e-12
3.82221385796e-12
6.7564910793e-20
9.42765386342e-23
2.14748095223e-05
3.71318531746e-07
1.92299183923e-40
1.5358326861e-59
2.15390061721e-42
3.84264509393e-12
1.98461415703e-13
0.000242259305908
3.09909446395e-57
0.0
1.26572041698e-06
6.5345870449e-09
2.23102980117e-23
2.6711704529e-24
0.0124819740956
0.0
1.12557725589e-07
2.13457066931e-22
1.05992442964e-07
6.77868669383e-10
4.90293609254e-07
7.88902407276e-22
1.05987940131e-05
8.44232835876e-11
8.33826473576e-16
3.23894948942e-07
0.000266597320237
2.49576203807e-38
0.000452033924589
6.11365416362e-20
1.05705272219e-11
1.17249269868e-05
2.65572772844e-12
2.34411249271e-21
3.42058026957e-13
0.0
7.30358496568e-16
1.75551128891e-05
3.99906946086e-08
2.63558644235e-11
0.0
1.82455431272e-14
2.84186480859e-15
4.39961397454e-12
0.0124819740956
6.08683931419e-10
1.09476019177e-07
0.00476852775285
8.85854220653e-11
0.0
3.40945068775e-32
3.74841755667e-08
4.70054065493e-62
1.6391302279e-07
0.0
5.72673592883e-15
2.19637946398e-26
5.97367166147e-17
6.33209159953e-05
7.42780262385e-16
0.0
2.77242068888e-06
0.00010453343593
1.22933661355e-28
0.000132458565051
1.32015572931e-22
0.00776213878839
0.0
1.18110938742e-70
4.44814980958e-12
1.40987258914e-22
4.75387131862e-36
5.07751539374e-13
1.61660832851e-14
5.96340252736e-06
0.000226288475835
0.0
3.26750473003e-20
7.51282374047e-07
1.4955165801e-08
7.02831423316e-13
2.67739200846e-06
5.31558930732e-06
1.14158596031e-15
1.23856099379e-39
3.26758291722e-18
1.16283922916e-28
1.18785227735e-20
0.0
5.65727413552e-07
3.46250363416e-08
7.96772993876e-30
2.00977275829e-31
1.38556281676e-24
2.66277282365e-12
1.47692713017e-39
7.3214542749e-17
0.000854083514844
4.42152395446e-14
2.94023608437e-35
0.00477670079286
1.77569161342e-08
0.0
1.3700644585e-48
7.36119681112e-07
0.000739729100192
0.0
0.0
0.00010453343593
5.81857610307e-30
0.0
2.08944327541e-10
0.000311192628578
0.000854083514844
0.0
5.76466680412e-10
2.45619996581e-11
0.0
8.89371739933e-06
0.0
3.58472640361e-23
8.48482530601e-11
0.0124819740956
0.0124819740956
0.0
4.48220799026e-05
4.03110429656e-12
1.1031612187e-34
5.10881327631e-05
9.95925840374e-23
0.000141614884617
2.49113352171e-17
5.05624838159e-25
0.0124819740956
1.05037317024e-09
0.00186596377134
9.840480537e-13
2.57650939419e-21
4.06296665477e-47
3.00089770424e-14
1.5182627678e-06
1.25294119672e-20
3.24860432002e-09
6.77178253162e-08
1.04572924019e-22
9.36078168623e-16
1.54346508233e-08
1.21570702193e-12
3.71100434265e-15
1.00150753551e-15
3.4587229901e-42
3.96501518397e-05
1.56662383208e-26
1.62619139356e-07
3.34479470176e-20
0.000123069171068
7.82257139186e-11
0.0124819740956
0.00476852775285
6.12812302334e-47
1.5141781598e-20
4.62886523387e-14
1.94617008963e-10
5.78884611702e-08
2.65671837811e-31
3.15371552378e-05
6.46159561698e-07
3.04818343489e-07
7.11451931044e-29
0.00476852775285
6.05148520249e-05
4.93633336505e-05
2.0327146657e-13
0.0
5.40349690384e-18
4.0170266565e-32
3.14520444585e-05
2.43678341312e-19
1.56367387285e-14
2.16961871937e-69
1.99830133107e-11
5.84597832411e-18
8.228239112e-16
2.49989293504e-14
2.10471680544e-14
2.81549623299e-12
6.61212871556e-16
3.76316190055e-30
0.000259344817955
3.28362301702e-20
1.2441268623e-18
7.83188924854e-07
3.79623057574e-32
3.68899450468e-18
7.33507955636e-26
1.12225527607e-13
1.81827780519e-08
1.63806046201e-22
2.96131110762e-05
9.94261375057e-10
7.59536121825e-40
3.03815792591e-11
1.2009131303e-24
0.0
0.0
2.7071464179e-07
6.3339427582e-19
2.61352801045e-25
9.62938950677e-08
0.0
0.0
1.10609581231e-54
4.31838675894e-08
1.85867289863e-13
3.24214437659e-21
1.00563076599e-26
0.0
3.15716943953e-21
3.67684895648e-09
0.00106283688381
0.000147470582759
8.31899930549e-09
9.3679968179e-28
1.43840640425e-06
9.63433132399e-40
3.25321290127e-81
0.0
7.13337620521e-07
3.45324647543e-05
1.05337266605e-21
0.0
2.82282314145e-08
4.430720986e-16
1.04167033896e-20
1.1413309179e-13