500
0.000344148586456
1.48976849244e-09
0.0
8.49559627881e-11
8.07829210252e-08
3.89093112182e-12
0.000344148586456
0.0
0.000344148586456
0.0
0.0
6.27310080131e-06
6.72793355689e-06
0.033887109375
0.000344148586456
1.48976849244e-09
1.43028120028e-07
1.58319098147e-13
0.033887109375
0.0
1.20771254847e-05
0.0
0.0
0.0
0.0
0.0
0.0
0.0
0.0
9.85476779396e-09
0.000344148586456
6.27310080131e-06
1.19138708661e-07
0.033887109375
1.20771254847e-05
3.36611122739e-05
0.000344148586456
0.000344148586456
0.000344148586456
0.0
1.48976849244e-09
0.0
1.14557167741e-07
5.93026680234e-06
0.0
1.20771254847e-05
0.0
0.000344148586456
1.46470344273e-06
0.0
0.0
0.0
0.0
0.000344148586456
6.41270170193e-05
0.0
4.17102795878e-08
0.000344148586456
0.0
0.0
0.0
0.0
0.0
0.000378129655199
0.0
9.70220762854e-16
0.0
6.41270170193e-05
1.75610444964e-12
1.20771254847e-05
0.0
0.000344148586456
6.41270170193e-05
0.0
0.0
0.0
0.000344148586456
0.000344148586456
0.0
0.0
0.0
0.0
0.0
1.46470344273e-06
0.000344148586456
0.0
0.033887109375
0.000344148586456
0.0
0.0
0.0
0.0
0.0
0.000344148586456
0.0
0.0
0.0
1.46470344273e-06
0.0
6.41270170193e-05
0.0
4.2637183472e-07
0.0
0.0
0.0
0.0
0.0
0.0
0.000344148586456
0.0
0.0
0.0
0.000344148586456
0.0
0.0
4.50006209005e-10
0.0
1.43286104967e-07
0.0
0.0
1.46470344273e-06
0.0
0.000344148586456
0.00654677125934
0.0
0.0
0.0
0.0
0.0
2.08213527671e-11
0.000344148586456
0.0
0.0
0.000344148586456
0.00483599119044
0.0
1.06859874166e-09
0.000344148586456
0.0
1.14557167741e-07
0.000344148586456
0.000344148586456
0.0
0.0
0.0
0.0
1.48976849244e-09
0.0
0.0
0.000344148586456
1.46470344273e-06
1.3751785741e-06
4.1663000203e-10
0.000344148586456
9.45182403456e-11
0.000344148586456
0.0
1.46470344273e-06
1.25543053305e-07
0.0
1.28486848704e-11
0.0
0.0
0.000344148586456
0.0
0.00130010758572
0.000344148586456
0.0
1.19138708661e-07
0.0
0.000344148586456
2.17380616332e-11
0.0
6.41270170193e-05
0.0
0.0
0.0
0.033887109375
0.033887109375
0.000344148586456
0.000344148586456
1.48049772929e-25
0.00654677125934
0.0
4.33121503414e-13
0.000344148586456
0.0
0.0
1.08490707824e-12
0.000344148586456
0.000344148586456
0.0
1.18723793807e-11
0.0
6.48617871087e-09
1.4371206927e-05
0.0
2.85804000203e-19
0.0
0.000344148586456
0.0
1.60709503948e-16
8.02465859564e-05
5.52390891346e-12
0.033887109375
0.000344148586456
0.000344148586456
4.1663000203e-10
0.0
0.0
0.0
0.0
0.0
0.000344148586456
3.9426609537e-12
0.0
0.0
1.48976849244e-09
0.0
1.46470344273e-06
0.0
0.0
0.0
0.00561037752306
0.0
3.40324845881e-12
0.000344148586456
0.0
6.41270170193e-05
0.000344148586456
6.41270170193e-05
6.72793355689e-06
0.00561037752306
0.0
0.0
0.000344148586456
0.0
4.91730826128e-06
0.000344148586456
0.0
4.91730826128e-06
1.97144067369e-18
5.93026680234e-06
0.000344148586456
0.0
0.000344148586456
0.0
0.0
0.0
0.033887109375
8.02465859564e-05
0.000344148586456
4.33121503414e-13
2.08213527671e-11
0.0
3.36611122739e-05
0.0
0.0
0.0
1.03566661043e-12
4.1663000203e-10
0.033887109375
0.0
0.00654677125934
0.000344148586456
6.27310080131e-06
0.0
0.0
0.0
0.0
4.91730826128e-06
0.0
0.000344148586456
0.000344148586456
0.0
0.0
6.27310080131e-06
0.0
0.0
3.36611122739e-05
0.000344148586456
6.41270170193e-05
0.0
0.0
1.60712018274e-16
0.0
6.27310080131e-06
0.0
0.0
0.0
0.0
0.0
0.0
0.0
0.0
0.0
2.59495665431e-17
0.0
0.0
0.0
0.0
4.2637183472e-07
0.0
0.0
0.000344148586456
0.0
6.41270170193e-05
0.000344148586456
0.0
0.000344148586456
0.0
0.0
0.0
0.000344148586456
1.10699301508e-10
1.6964675117e-09
8.88298770982e-22
1.43286104967e-07
0.0
6.32307787417e-09
0.000344148586456
0.0
0.0
0.000344148586456
0.000344148586456
0.0
0.00483599119044
4.1663000203e-10
0.0
0.0
0.0
5.3203698426e-16
0.0
0.0
5.93026680234e-06
0.0
0.0
5.93026680234e-06
6.41270170193e-05
0.0
0.0
0.0
0.0
1.45738221982e-10
0.0
0.033887109375
0.0
0.033887109375
0.000797138446871
0.0
0.0
0.000344148586456
0.000393252740075
0.0
0.0
5.93026680234e-06
0.0
1.57557767673e-12
0.00483599119044
0.0
1.25543053305e-07
6.41270170193e-05
0.000344148586456
0.0
0.000344148586456
4.07572827991e-11
0.0
0.0
0.0
0.000344148586456
0.0
0.0
1.25543053305e-07
0.000344148586456
1.34476522856e-06
0.0
0.0
6.41270170193e-05
0.033887109375
0.0
0.000344148586456
0.0
0.0
0.0
0.000344148586456
0.0
0.033887109375
0.0
0.0
1.97391967932e-05
0.000344148586456
0.0
0.0
0.000344148586456
0.000344148586456
0.000344148586456
0.0
0.0
0.000344148586456
1.46470344273e-06
0.000344148586456
0.0
0.0
0.000344148586456
6.41270170193e-05
4.2637183472e-07
0.0
3.36611122739e-05
3.36611122739e-05
0.000344148586456
0.0
0.0
0.0
0.000344148586456
0.000344148586456
0.000344148586456
0.0
0.0
0.0
0.0
0.000344148586456
0.0
0.0
0.0
0.000344148586456
0.0
2.76822885998e-07
0.0
0.033887109375
0.0
0.0
0.0
0.000999837027926
1.44204035983e-16
0.00140745353928
6.41270170193e-05
1.3449336369e-06
0.0
0.0
0.0
0.0
0.033887109375
0.000344148586456
0.0
0.000344148586456
0.0
0.0
0.0
4.75976965394e-13
6.41270170193e-05
0.0
0.0
1.19138708661e-07
0.0
0.000344148586456
4.33121503414e-13
0.0
0.0
0.0
0.0
0.0
2.22943628288e-07
0.033887109375
4.07572827991e-11
0.0
0.0
0.033887109375
0.0
0.0
0.0
0.0
4.35771586457e-11
0.0
0.00654677125934
0.0
0.0
0.000344148586456
3.61842042546e-10
7.50941727136e-06
6.41270170193e-05
0.0
0.0
0.000344148586456
1.79541150379e-10
0.0
0.000344148586456
0.0
6.27310080131e-06
0.0
0.0
0.000344148586456
0.0
0.00561037752306
0.0
0.0
6.72793355689e-06
0.00561037752306
0.000344148586456
0.000344148586456
8.02465859564e-05