500
3.70278593114e-05
1.56912808909e-09
2.05051030665e-17
1.54093096484e-10
0.000120927871272
5.02285244824e-10
2.45509522763e-07
0.000770570002098
7.2551490839e-08
5.08687235495e-06
1.27972117815e-33
1.25960870845e-10
1.97711764184e-18
4.01609944767e-22
6.81241742857e-06
1.52424558757e-26
1.19144211022e-08
5.78543066276e-06
0.00138702600378
2.73385204474e-11
8.63032633611e-06
3.09284927021e-34
9.7047496723e-07
3.67486815119e-06
2.34226580574e-15
1.15846825431e-07
1.23997136312e-23
0.000109013162739
3.75058099881e-06
0.00014499564092
0.0113592885174
7.72286857531e-21
8.11129496988e-13
9.4037892514e-10
0.000206843286235
0.0180798965148
4.88657940804e-12
1.06084709338e-09
8.7373655545e-11
5.85632223888e-07
1.60011003586e-10
1.64064889231e-14
6.68422429214e-11
6.49446695803e-05
3.43851330281e-07
0.000149340079599
1.64016893938e-11
0.0002900148529
1.72495676021e-25
1.02079171293e-24
0.000488663785802
8.88534213973e-05
4.56433866122e-05
1.09408125219e-07
0.00247075226331
3.49925055365e-25
2.0800550392e-06
4.44217108596e-06
4.32500496224e-05
1.29198143259e-15
1.36654743263e-07
1.42262857921e-08
0.000303504247871
8.16054906909e-11
2.34697800853e-06
1.83072085883e-07
2.25159857342e-09
2.27440493271e-11
1.37978263515e-10
2.22628516018e-10
0.0100443869527
2.03205752031e-20
5.76251494041e-06
0.000608580399846
1.01253270053e-09
0.000328264579311
1.61229835767e-28
1.71238307876e-22
2.67470755305e-11
8.53950656992e-13
2.3789678875e-15
0.000250895567863
6.41084605625e-12
4.20876775491e-05
2.50671305066e-08
0.000165792418776
0.00350271505034
2.85076453008e-05
2.7842283979e-06
1.73524920826e-06
1.67226541804e-10
1.36635106699e-05
4.35426876381e-10
3.2452074602e-08
9.82419889059e-07
3.32200436146e-11
1.12830378258e-41
7.53221043535e-11
2.56895524318e-07
4.86133192467e-05
1.35977441033e-15
7.04099312729e-07
0.000328264579311
8.41521647294e-18
8.98417916453e-08
1.72371208572e-18
0.00252814642283
3.42336309703e-16
2.08904673233e-05
4.04758817197e-06
0.000283740078566
1.97659399807e-12
1.30087870229e-16
0.00205162906135
3.61781018958e-05
3.10920509674e-18
2.07726724976e-07
1.43040901122e-08
3.30134284513e-06
1.07250294063e-12
9.32403425799e-05
2.90072836682e-11
3.9037401368e-08
4.51638464067e-13
3.66457338772e-05
7.84755129799e-06
0.00138702600378
4.21743675439e-12
0.0180798965148
5.73033836697e-28
0.0180798965148
9.87462947014e-06
5.59226089849e-05
3.68814002275e-11
3.67557686055e-05
1.16324590855e-18
1.81255944852e-05
1.51220874272e-06
0.0100443869527
7.16117075517e-22
1.73054257097e-06
7.11741896297e-16
8.40471851695e-10
1.03845382643e-05
4.73622526567e-05
3.21622547965e-15
0.00309725607345
0.000694914038255
1.51015452089e-06
7.6140877885e-06
1.49974334476e-19
2.49184886714e-11
3.1614627953e-25
0.000127823432441
6.31445181051e-13
1.93571936101e-08
2.05672850624e-13
9.26049072234e-08
5.87132846101e-13
0.0180798965148
0.000303504247871
0.0
0.0180798965148
3.07633230615e-06
0.000206843286235
1.64301544426e-06
2.15521790937e-07
7.79949797396e-07
5.40106795619e-15
8.47757578304e-06
0.0113592885174
5.31443587976e-07
9.22613556296e-12
2.21526109619e-18
2.09761938996e-20
0.000608580399846
6.60418482434e-05
7.11371781926e-06
4.13639201926e-08
1.20870526289e-12
3.27367073227e-05
2.30816369625e-13
0.0
3.50480309587e-20
2.81807579663e-10
8.90830602493e-09
0.000451612022154
8.57932132591e-05
1.42543080096e-14
8.46202602098e-05
6.33423922611e-12
3.42614807085e-15
0.00168691572424
7.51127840898e-18
0.000129956084887
8.49829715897e-08
1.66504280288e-17
5.28512525239e-05
5.60995940192e-17
0.0113592885174
1.89053701938e-18
1.72215867041e-09
0.00975218660497
1.22444055009e-07
0.0
2.65030663861e-08
6.2980671867e-17
4.25629917878e-09
5.3241520233e-09
1.94909487599e-05
1.89833464024e-10
6.73517099093e-07
1.10091445616e-06
0.0
5.21054008684e-07
6.04829907837e-19
3.28265726353e-08
5.10902500183e-10
1.4577555066e-17
1.16163336952e-15
1.23841876973e-20
0.000122073223623
9.12653423349e-20
0.000871444620554
2.52049530756e-22
1.91952386236e-09
1.00389010955e-05
0.00557506093222
9.47986757328e-05
1.03270403589e-24
8.95675654919e-12
5.55349541084e-08
9.21367131553e-32
4.90546425835e-10
1.49339409652e-06
1.01850213251e-14
2.09368602898e-06
1.00169974044e-10
0.000106022899791
0.000770570002098
9.0598831206e-09
8.19523568319e-10
1.97283623774e-07
3.81959971364e-19
1.26182877771e-08
0.000159936158515
1.59333866793e-05
1.37864950983e-25
3.18760307184e-09
4.02509983764e-22
1.07013357421e-15
4.81555291973e-06
1.87026621921e-07
1.04409345496e-10
1.29961593616e-05
8.18600506939e-07
6.01596387842e-05
3.93298454337e-06
0.000105114838844
1.16648302226e-08
2.28407947802e-07
7.2303462445e-14
2.6066838521e-05
2.78479433694e-07
2.58303459404e-17
6.56318749088e-22
0.00033595083214
0.00030666640177
3.34700758455e-12
9.14864821092e-13
1.91628617059e-26
0.0180798965148
4.86736955817e-06
0.0180798965148
7.63138920559e-12
1.2097891277e-05
0.0
0.00905821077914
7.24559167352e-14
8.73976504672e-09
6.00967213104e-10
6.28023449562e-26
1.98637996358e-21
0.000461599203169
0.0100443869527
7.45000044079e-14
1.21690357643e-07
7.19109100806e-06
3.3205534414e-05
4.28709237664e-12
3.51240190591e-08
3.87264810334e-11
4.15946574368e-06
0.000119275529991
0.0100443869527
1.04950160704e-10
2.03700378797e-14
1.69344138981e-27
1.92276517502e-16
1.81513070992e-11
3.44737232264e-15
3.51544726623e-11
0.000276182546599
1.63000146727e-05
3.87366434518e-07
8.59037441611e-08
9.54025529074e-16
2.82484863551e-05
6.59385416839e-05
9.47196609245e-07
2.37150831462e-13
1.57789718845e-06
3.38747626018e-18
8.01296309329e-05
2.86588067659e-06
3.78893525791e-08
0.0113592885174
3.40236762302e-10
1.73559797503e-05
7.39339838603e-07
8.56418245605e-09
1.33202190022e-05
2.57451156799e-09
8.52927479271e-25
4.62063293107e-34
0.00138702600378
6.87815798887e-18
2.06655566447e-29
0.0
1.96456453395e-07
4.8368551356e-06
5.73264177484e-08
2.46011838318e-05
1.03275211652e-05
1.15251026405e-08
1.26067094964e-05
1.17267128988e-18
0.000100485142017
0.00021767016829
4.1428053462e-05
9.26650077119e-05
0.000111570015
1.62719231367e-05
0.0180798965148
0.0
1.50457305567e-20
5.3363765334e-10
9.82456353735e-05
0.0180798965148
1.34804341669e-12
0.000144929388377
0.0
4.64366503361e-09
1.29269729076e-21
5.50543474731e-05
2.51487963876e-08
3.63673013903e-07
9.35218816383e-06
4.1065794908e-20
6.21857760515e-15
6.15016578844e-13
3.63998016316e-09
1.080204508e-05
3.12960617021e-23
4.15586398038e-12
0.00158839098485
3.97941839098e-24
9.12571777403e-09
6.09706221796e-13
9.59378657321e-05
5.68809567898e-09
3.02552920815e-06
1.12209349419e-10
8.20843668459e-13
0.0
1.15172408892e-26
0.0100443869527
6.59385416839e-05
1.49834708934e-10
0.000193304416569
1.57168539798e-05
2.18657316604e-05
7.4534952075e-25
2.31184186105e-05
1.24494549204e-14
2.55138784682e-05
0.00158839098485
3.97039156877e-07
7.51532400694e-14
9.34307367464e-09
2.97956993209e-06
1.54222838365e-43
6.34891400868e-12
0.0
7.74621186446e-05
0.0100443869527
5.08024414955e-08
2.44710190027e-05
6.4875555059e-15
2.12208005123e-07
2.15780640588e-15
1.22383441121e-10
2.59694618949e-09
2.65526961992e-05
0.000677853961334
7.52440931689e-19
2.62769759361e-17
7.40900984455e-12
1.34177716944e-11
1.89762555414e-12
3.04269201881e-27
0.000191488885231
0.0
4.25727500128e-05
1.95865565532e-14
1.92194948078e-20
1.59702265761e-05
0.00136366685837
0.000101386324613
2.09394690903e-05
3.95400724723e-22
0.000109054953002
8.08647995329e-05
1.98781255943e-14
5.69504191776e-11
0.000331114475756
0.000183952486531
1.90341598318e-14
2.52165618535e-07
8.59824387996e-07
4.86133192467e-05
2.24877482012e-07
6.0156879199e-18
2.69060975486e-22
9.75161134852e-13
8.18232274114e-07
5.97034797076e-11
4.25769451964e-21
0.0
2.46545814155e-31
3.44618661095e-14
2.13069571246e-17
0.000183952486531
0.00185019638987
4.91802794775e-14
3.08108916999e-11
2.18657316604e-05
0.000123921342205
0.00140452579046
6.52998312918e-29
0.000107605706196
0.0
0.000312044218617
0.00905821077914
1.37294673356e-07
0.0100443869527
8.90496868617e-25
0.000913164236397
1.04230796747e-06
4.52632423012e-30
1.48245281846e-15
9.7925585728e-07
0.0100443869527
1.06121816789e-07
5.9013814619e-13
6.68424209469e-05
9.74267636848e-17
6.81254939509e-06
0.0
7.72211350554e-14
1.56203292416e-15
6.14624785678e-18
1.27997405988e-09
7.33667987383e-05
5.63477354766e-11
1.6120824788e-09
1.6602619496e-17
2.36331761508e-22
3.38314081875e-05
5.37564074325e-32
1.97140998385e-28
3.25196226151e-17
1.87895200765e-07
0.000191488885231
3.48763259273e-14
4.13979135056e-13
1.12086438207e-09
8.36382725067e-25
1.62375322134e-06
7.43145504038e-05
2.16902546747e-30
0.00557506093222
5.1334634806e-07
7.1033824601e-05
0.00309725607345
4.08269711956e-05
3.44051313569e-06
0.000126977878696
3.2631773142e-06
2.43989789479e-17