500
4.45918853904e-05
0.077043782837
2.69173342683e-05
4.4841442622e-08
0.077043782837
0.077043782837
2.30327180228e-15
3.09320916568e-09
4.11614099958e-05
2.14074164999e-08
0.143847694175
0.000634488053775
9.86434762394e-06
0.000126630907279
0.000110892091523
0.0269422954978
3.51240295779e-05
0.077043782837
9.82558401207e-06
0.000706018405759
0.000157619959607
0.000528715090384
0.143847694175
0.143847694175
1.72839208276e-06
0.00020442140863
9.38530163575e-08
0.143847694175
0.0269422954978
0.143847694175
1.1572906727e-05
0.0269422954978
0.00198207263255
3.26972790495e-11
5.35792594728e-11
3.05704177329e-09
0.077043782837
0.143847694175
4.71001633174e-06
0.143847694175
7.89600521626e-05
0.143847694175
0.077043782837
2.9188573633e-06
0.00044363066017
0.0269422954978
4.5854473903e-06
0.00934710534952
0.000408720124017
0.0102960060835
0.077043782837
0.143847694175
0.000286574657227
3.69325906478e-13
0.143847694175
0.077043782837
0.143847694175
2.15041891278e-05
0.0269422954978
0.00153529510792
0.000260667859172
0.00116368336105
1.61671295808e-08
9.50331368237e-07
0.0269422954978
0.0269422954978
0.00239542507431
0.00447582047222
7.52964164855e-06
8.58900090009e-05
6.79516756943e-05
0.000634488053775
1.65236204797e-05
0.143847694175
1.43741466299e-12
1.1733491481e-05
0.077043782837
1.03260071581e-08
1.00071601925e-09
0.077043782837
1.028035853e-06
0.00114558719014
0.000387776673892
1.44360294635e-07
0.077043782837
1.02592828487e-07
7.69196469137e-06
1.48132547058e-06
0.143847694175
0.000201022864644
2.47579294843e-05
5.0964189164e-13
0.143847694175
0.000198170491133
0.077043782837
0.143847694175
0.00160208975804
0.00359395746504
0.000553636609158
0.0269422954978
8.37340472993e-06
8.49243830768e-07
0.143847694175
3.7099104836e-07
1.43151354703e-12
3.44899753003e-10
0.143847694175
9.77420257167e-14
7.89600521626e-05
5.55705486891e-05
0.000103659742715
0.143847694175
5.78988591172e-12
0.143847694175
0.000410055210133
0.000397068481059
0.00934710534952
7.48843171045e-09
7.22866315235e-07
1.12979809076e-07
0.0102960060835
0.00204136784451
0.077043782837
4.93900395554e-05
0.0269422954978
1.24641503973e-06
0.143847694175
0.077043782837
4.38020331571e-06
0.077043782837
0.00890361047739
2.0834524232e-11
0.00198207263255
0.000234183488888
8.22564910466e-06
0.077043782837
4.47809899027e-05
0.143847694175
0.000286574657227
0.000197567142596
8.35388450164e-06
4.22035673598e-17
0.143847694175
2.51662538552e-13
7.09467267454e-13
0.143847694175
1.89435574481e-05
0.00171772361403
0.077043782837
8.53471793764e-06
9.9864388219e-06
2.57379084967e-07
5.4423932183e-13
0.000917681045452
3.03627776678e-05
0.143847694175
0.0269422954978
0.143847694175
7.32219750392e-16
0.000237320303424
4.16610339537e-05
2.96992519745e-10
0.143847694175
1.09185681973e-14
0.143847694175
0.0269422954978
4.53682201225e-14
6.84111403769e-05
0.000153897468102
0.00359395746504
0.0269422954978
0.0269422954978
5.172874348e-06
3.40954471898e-07
1.8118006276e-11
0.0269422954978
9.54017047227e-05
4.47809899027e-05
0.143847694175
0.077043782837
0.143847694175
3.00571933791e-14
0.143847694175
1.06501571794e-06
0.000410055210133
0.000126630907279
6.89822731518e-06
0.00198207263255
8.7821085165e-09
0.143847694175
0.00664137476155
2.34543459806e-08
0.0102960060835
0.0269422954978
0.143847694175
7.48843171045e-09
6.3071563122e-05
1.86880241032e-08
9.53463874829e-12
0.00020442140863
0.143847694175
0.143847694175
1.71731268961e-06
0.000634488053775
7.48459722544e-12
1.16948564644e-05
3.46781650722e-17
0.000397068481059
5.9904460512e-06
0.143847694175
0.143847694175
8.16496197879e-08
0.143847694175
8.08793897334e-10
0.00447582047222
0.0269422954978
0.00934710534952
0.143847694175
0.00114558719014
4.83470341957e-07
6.64855770806e-05
9.54017047227e-05
0.0269422954978
0.077043782837
5.88943832036e-05
0.00114558719014
0.0269422954978
0.077043782837
0.000292069609623
2.07158456185e-09
3.03050034854e-09
0.143847694175
0.143847694175
0.077043782837
0.0053999899828
2.18988178482e-07
2.19774053157e-06
6.50832152602e-13
2.8451116661e-05
0.000191671206303
0.077043782837
0.077043782837
0.143847694175
0.000391091004438
0.143847694175
0.000128895743339
0.0269422954978
0.000113547360668
0.143847694175
3.41370094814e-07
0.000292069609623
0.143847694175
6.05734932413e-10
0.077043782837
4.51227723105e-05
1.04185550392e-05
2.40880974718e-09
0.000372735403083
0.00359395746504
0.143847694175
0.143847694175
0.143847694175
0.00447582047222
6.57424841928e-12
0.000293213281978
4.59929330684e-05
1.4442455496e-17
0.077043782837
0.0269422954978
8.70066006306e-13
1.40578919668e-06
1.53088470588e-26
0.0102960060835
0.00934710534952
1.14133024335e-05
0.000706018405759
0.077043782837
0.143847694175
1.24695567121e-22
0.143847694175
0.0269422954978
2.61800044919e-08
0.143847694175
0.000113547360668
5.94620204256e-05
8.43724401399e-05
0.000706018405759
0.143847694175
9.86434762394e-06
0.000292069609623
1.17262972155e-10
6.5735709983e-06
1.54534213361e-07
9.26739925342e-11
0.143847694175
0.143847694175
1.23478272392e-05
0.143847694175
0.143847694175
9.82558401207e-06
0.143847694175
0.000292069609623
0.00238002171197
1.23478272392e-05
0.077043782837
0.000686779823388
8.38933688635e-19
0.143847694175
5.52880326519e-10
0.0102960060835
0.143847694175
0.143847694175
0.077043782837
0.000286574657227
0.00239542507431
6.86712161617e-06
0.000634488053775
5.13683053571e-07
0.000391091004438
2.40506314235e-06
0.000506212962339
0.143847694175
0.077043782837
6.86202183604e-06
1.90336914485e-12
0.00447582047222
0.143847694175
2.70821867798e-11
0.00224474770881
0.143847694175
0.077043782837
0.077043782837
1.97790841885e-05
1.44660621608e-23
0.143847694175
0.00094423483949
0.0053999899828
2.76496787604e-13
3.63070920008e-09
0.0269422954978
7.47335334332e-16
0.143847694175
9.54017047227e-05
0.143847694175
0.0053999899828
0.00934710534952
0.000110892091523
0.000131600232831
2.0119953779e-08
2.86112373667e-06
2.25721410481e-12
0.077043782837
0.077043782837
0.143847694175
0.143847694175
0.000964039839029
0.143847694175
0.000110892091523
3.63750089908e-05
0.0269422954978
9.90335413823e-08
0.077043782837
2.80099869099e-06
0.00359395746504
0.00044363066017
0.143847694175
0.000399638285214
2.66788396142e-09
1.89435574481e-05
1.8579267947e-06
0.000201022864644
0.077043782837
4.85056111376e-09
6.52125750725e-12
1.30457736182e-16
0.143847694175
3.26750695998e-08
0.0269422954978
2.00373974812e-11
0.000772598890019
3.91733396282e-05
1.15314193008e-10
4.88515485724e-08
7.91363939362e-10
6.09735948101e-10
0.077043782837
0.143847694175
1.18315292509e-08
7.89600521626e-05
3.93900892911e-05
0.143847694175
0.143847694175
4.91221797786e-09
0.00171772361403
2.41997614006e-07
0.00239542507431
4.87104007271e-05
2.4565362086e-09
0.143847694175
0.0269422954978
2.43455569238e-13
2.80572751068e-11
0.143847694175
6.84111403769e-05
6.02485459546e-06
0.000286574657227
0.00100852318321
0.143847694175
6.29450263508e-10
0.000292069609623
0.000410055210133
0.077043782837
0.077043782837
1.23858917215e-05
0.077043782837
4.38829807317e-06
0.143847694175
0.00934710534952
0.000873107785019
0.0102960060835
0.00160208975804
2.03648140903e-09
2.71552530767e-08
7.84901738111e-09
0.0017484565563
0.00114558719014
3.65197413826e-11
1.06501571794e-06
0.143847694175
5.1294037774e-08
0.000197567142596
1.77478685112e-08
9.06210724138e-05
0.077043782837
0.00114558719014
0.077043782837
9.50370507844e-06
0.000706018405759
0.0102960060835
1.25947890267e-06
0.00934710534952
0.00447582047222
2.686292596e-05
2.71327986552e-06
0.143847694175
1.16717775744e-13
2.91926109753e-10
0.143847694175
1.01061786608e-05
5.47227702602e-09
0.143847694175
0.0053999899828
0.143847694175
0.0053999899828
7.49226211066e-06
0.00171772361403
0.000706018405759
0.00044363066017
0.143847694175
0.00171772361403
0.000255579408685
0.00108113545151
2.35309399676e-05
1.53295994602e-06
0.0269422954978
3.19425841699e-08
0.000410055210133
0.143847694175
8.22276848999e-06
3.09135694064e-09
0.077043782837
4.94682992424e-08
0.143847694175
0.000408720124017
0.000634488053775
0.143847694175
9.45320889868e-11
0.00114558719014
0.077043782837
1.2408923776e-07
0.077043782837
0.000964039839029
0.0165032366695
1.18113921076e-10
0.000917681045452
4.75804923595e-10
4.24506380213e-06
0.077043782837
2.29484576488e-07
6.05891651506e-08
0.143847694175
0.00204136784451
0.143847694175
0.000113547360668
0.143847694175
4.47809899027e-05
0.077043782837
0.000686779823388
0.000126692448599
0.143847694175