500
0.0
0.0
0.000296203638445
0.0
0.0
0.0
0.00261720828567
0.00504455083978
0.0
0.0
0.0
0.0
0.0
0.0
0.0
0.0
0.0
0.0
0.0
0.0
0.0
2.38463864938e-05
0.0
0.0
0.0
0.0
0.0
0.0
0.0
0.0
0.0
0.0
3.26559717565e-06
0.00539460002153
0.0
0.0
0.0
0.0
0.000250389887809
0.0
0.0
0.0
0.00504455083978
6.75548275605e-07
0.0
0.0
0.0
0.0
0.0
0.0
0.0
9.25596440275e-05
0.0
0.000325882687427
0.0
0.0
0.0
0.0
0.0
0.0
0.0
0.0
0.0
0.0
0.0
0.0
3.34685938887e-05
2.04472534469e-05
0.0
0.0
0.0
0.0013132521823
0.0
0.0
0.0
0.0
0.0
0.0
0.0
0.000101784677342
0.0
9.25596440275e-05
0.0
0.0
0.0
0.0
0.0
0.0
0.00539460002153
0.0
0.000613327767708
0.0
0.0
0.0
0.0
0.0
0.0
0.0
0.0
0.0
0.0
0.0
0.0
0.0
0.0
0.0
3.57885093528e-05
0.0
0.0
0.0
0.0
0.0
0.0
0.0
0.0
0.0
0.0
0.0
0.0
0.0
0.0
0.0
0.0
0.0
0.00231780918142
0.0
0.0
0.00504455083978
0.0
0.0
0.0
0.0
0.0
0.0
0.0
0.0
6.86915716039e-05
0.0
0.0
0.0
0.0
0.0
0.0
0.0
0.0
0.0
0.0
0.0
0.0
0.0
0.0
0.0
0.0
0.0
0.0
0.000640433848695
8.81210531201e-06
0.0
0.0
0.00127177190667
0.0
0.0
0.0
0.0
0.0
0.00261720828567
0.0
0.0
0.0
0.0
0.0
0.0
0.0
0.0
0.0
0.0
0.0
0.0
0.0
0.0
0.0
0.0
0.0
0.0
0.0
0.0
0.0
0.0
0.0
0.0
0.0
0.0
0.0
0.0
0.0
0.0
0.0
0.0
0.0
0.0
0.0
0.0
0.0
0.0
0.0
0.0
0.0
0.0
0.0
0.00231780918142
0.0047245076174
0.0
0.0
0.0
0.0
0.0
0.00539460002153
0.0
0.00539460002153
0.0
0.0
0.0
0.0
0.0
0.0
0.0
9.25596440275e-05
0.0
3.73362433627e-06
0.0
0.0
0.0
2.01562782391e-05
0.0
0.0
0.0
0.0
0.0
0.0
0.0
0.00137202195021
0.0
1.30208640029e-05
0.0
0.0
0.0
0.0
0.0
0.0
0.0
0.0
1.83292646431e-05
0.0
0.0
0.0
0.0
0.0
0.0
0.0
0.0
0.000325882687427
0.0
0.0
0.0
0.0
0.0
0.0
0.0
0.0
0.0
0.0
0.0
0.0
0.000249816242594
0.0
0.0
0.0
0.0
0.0
0.0
0.0
0.0
0.0
0.0
0.0
0.0
0.0
0.0
0.0
0.0
0.0
0.0
0.0
0.0
0.0
0.0
0.0
0.0
0.0
0.0
0.0
0.0
0.0
0.0
0.0047245076174
0.0
0.0
0.0
0.0
0.0
0.0
0.0
0.0
0.0
0.0
0.0
0.00504455083978
0.0
0.000529831319422
0.0
0.0
0.0
0.0
0.0
0.0
0.00504455083978
0.0
0.0
0.0
0.0
0.0
0.0
0.0
0.0
0.0
0.0
0.0
0.0
0.0
0.0
0.0
0.0
0.0
0.00043787416502
0.0
0.0
0.0
0.0
0.0
0.0
0.0
0.0047245076174
0.0
1.55802503542e-07
0.0
0.0
0.0
0.0
0.0
0.0
0.0
0.0047245076174
0.0
0.0
0.0
0.0
0.0
0.0
0.0
0.0
0.0047245076174
0.0
0.0
0.0
0.0
0.0
0.0
6.53776992107e-06
0.0
0.0
0.0
0.00504455083978
0.0
0.0
0.0
0.0
0.0
0.0
0.0
0.0
0.0
0.0
0.0
0.000529831319422
0.0
0.0
0.0
0.0
0.0047245076174
0.00261720828567
0.0
0.0
0.0
1.48033267861e-06
0.0
0.00504455083978
0.0
0.0
0.0
0.0
0.0
0.0
0.0
0.000321555871758
0.0
0.0
0.0
0.00137202195021
0.0
0.0
0.0
0.0
0.0
0.0
0.0
0.000241485901028
0.0
0.00504455083978
0.0
0.0
0.0
0.0
0.0
0.0
0.0
0.0047245076174
0.0
0.0
0.0
0.0
0.0
0.0
0.0
0.0
0.0
0.0
0.0
0.00137202195021
0.00504455083978
0.0
0.0
0.0
0.0
0.0
3.90826322897e-06
6.93569640377e-07
0.0
0.0
0.0
0.0
0.0
0.0
0.0
1.36776102561e-05
0.0
0.0
0.0
0.0
0.0
0.0
0.0
0.0
0.0
0.0
0.0
0.0
0.0
0.0
0.0
0.0
0.0
0.0
0.0
0.0
0.0
0.0
0.0
0.0
0.0
0.0
0.0
0.0
0.000613327767708
0.0
0.00137202195021
0.0
0.0
0.0
0.0
0.000340692521253