500
2.57152213215e-05
1.56193150516e-05
4.75268500201e-06
1.33351250813e-07
1.32832464932e-21
0.0
0.0
1.29559609805e-05
1.46292076919e-17
8.32232993094e-24
0.0
6.13553960384e-14
8.64982624312e-17
0.000206935495815
1.39531461102e-07
4.73546221724e-12
1.3806297572e-16
4.91053711459e-24
1.77042851723e-14
1.45128106953e-09
0.0
1.10405868467e-14
1.93223381292e-08
8.32756442087e-09
1.68872879802e-08
1.76288855875e-23
0.0
2.31380749007e-09
0.000176721949014
1.11667659317e-47
5.21135609172e-09
1.54839541635e-07
0.0
6.58046912124e-30
3.56100760808e-17
7.72804185572e-05
1.13645885078e-21
1.72902667448e-06
5.91981305032e-18
2.46766459855e-17
4.18735713232e-07
3.88430160735e-06
3.28010931047e-25
2.96121064196e-13
1.68561598714e-08
2.70302310486e-08
0.0
0.000157037489815
3.70340264899e-10
1.51504156777e-43
1.43329095992e-06
2.84607433565e-05
2.10849736167e-22
1.50039800359e-19
0.0
0.0
1.48813689891e-07
8.73279294127e-16
3.60101903785e-15
3.57334617496e-06
0.0
0.0
1.53394727379e-10
2.27401575772e-06
5.52477478963e-06
4.21390141185e-13
0.0
2.18991990907e-05
0.0
9.88930098386e-06
8.98661197494e-12
0.0
1.08681336097e-17
1.56193150516e-05
3.41243892569e-07
9.45315491182e-12
2.58648412255e-06
1.32322683632e-13
4.72818068875e-34
2.22883220168e-05
1.56068858756e-10
3.69563842803e-34
1.01782808863e-07
3.71816862293e-35
8.7365425461e-08
2.14411286432e-08
3.90063514724e-12
2.1159647297e-39
1.24252957254e-14
0.0
3.05449612733e-05
1.1436235745e-28
5.18306509694e-43
4.00637643129e-09
1.72219102062e-05
4.18672674825e-08
6.95828099246e-06
2.41580698864e-22
4.6918834684e-09
1.75916910352e-24
2.82751024331e-06
0.000546260420155
0.0
2.12282143658e-27
8.04904756706e-10
0.000111669304238
1.04413786429e-16
1.85561906983e-08
1.951331668e-19
1.47242992597e-05
0.000251058250237
1.33840200813e-11
9.93307553736e-07
7.97559154916e-08
1.94828461181e-11
1.9261612479e-09
0.0
4.64040497355e-09
2.92956353305e-16
5.47798982396e-21
8.60309069339e-14
4.60746832091e-06
4.38000798963e-05
2.37852479588e-07
2.72048059074e-07
1.81746112417e-06
4.41432775226e-15
6.51272835045e-27
2.71730287713e-07
1.22505911421e-11
2.08214355754e-06
5.78560325306e-13
9.51576602611e-28
1.45785276443e-05
3.17624771548e-12
6.90866238196e-25
6.86900260584e-06
0.0
1.3186936942e-32
9.79386989491e-07
3.97336703973e-10
0.0
6.99102798594e-08
0.0
2.47180187468e-08
1.7306549143e-07
0.0
2.28859562627e-06
1.6311682125e-06
4.54542851329e-11
5.00908556121e-06
8.41304205596e-09
0.0
1.15775263259e-17
2.23119107028e-06
9.63637056217e-06
6.75667611497e-08
2.806554122e-21
4.34259468562e-16
0.0
0.0
5.26010010212e-15
5.82828126627e-05
3.78804938125e-05
1.63966386021e-05
1.41854571673e-05
2.60181968688e-05
9.0141546815e-10
1.63041081764e-06
1.26776822153e-28
7.1686317295e-05
2.83763760313e-12
9.70946498637e-08
2.45205477476e-18
2.99316348714e-05
9.32818504938e-27
6.11522301295e-06
1.05904981802e-10
1.17457833229e-18
4.52082906474e-14
2.5505574497e-07
5.90191871661e-30
2.62127458488e-24
1.74587873532e-18
0.00010377520658
4.17029958037e-06
1.28209540002e-34
0.000260811773704
0.0
8.31865739657e-07
1.34204092352e-06
1.06197514539e-06
3.23691812439e-09
1.80541955447e-38
8.9291234749e-37
9.47032909543e-05
0.0
3.42305806239e-07
1.09138235912e-08
5.64059228866e-06
5.58316809362e-22
6.03433105282e-15
1.5512290794e-13
0.000260811773704
4.59579144554e-36
1.40864586356e-05
7.66193093278e-08
1.0946485564e-06
1.04036315477e-05
4.26789856961e-27
4.70557359811e-32
0.0
7.68817918794e-09
3.10956796488e-08
0.000175579122683
4.54845797682e-07
3.10200775177e-07
2.24078467927e-08
7.58110351477e-07
4.63427471948e-07
7.98880662202e-08
9.17540667597e-15
1.62958944457e-05
7.60712430449e-11
1.22569921324e-28
7.35840080849e-19
5.30350743019e-35
4.15954716275e-06
2.31035058148e-36
3.16375880957e-15
3.36817826731e-14
8.09080831928e-18
9.62751123535e-07
6.23441432306e-12
1.88468031077e-06
1.04871023894e-14
5.82828126627e-05
4.30981892654e-24
0.0
0.0
1.62337813632e-08
2.54093769476e-21
1.21305134622e-12
0.000111669304238
8.87552197049e-15
4.80798983845e-11
8.508496139e-15
0.0
9.87961826572e-16
7.22063473859e-10
8.5240781825e-08
2.12654877499e-06
3.45836915566e-05
0.0
3.69672965324e-06
4.19416319434e-17
1.35883402124e-11
7.80573960356e-05
0.0
3.25647087922e-10
0.0
5.74007898405e-06
1.34204092352e-06
6.95149640955e-11
0.0
1.00980722263e-20
1.38731145605e-07
0.000176721949014
2.89899168223e-16
0.0
9.38715846354e-05
1.15538743312e-12
1.44013168056e-13
5.71828926898e-19
0.0
2.80697301707e-07
1.38188115372e-12
1.62141872632e-12
7.40336490186e-27
0.0
7.85766375607e-20
2.5947400932e-21
1.03517013581e-05
9.63637056217e-06
0.0
5.18638916811e-08
0.0
1.16019828545e-18
4.67504206647e-09
2.83611181551e-10
0.000133356430457
1.11700463855e-06
5.47994582989e-05
2.21947308032e-06
0.0
1.03765420412e-09
0.000147507866248
0.0
0.000546260420155
1.91586562287e-05
0.0
1.69017455963e-08
0.0
5.59584518158e-05
1.00386343346e-22
5.27146720816e-13
0.0
1.33328907671e-09
0.0
0.0
6.29077075788e-09
1.23984024839e-13
1.3009032006e-38
6.25968396876e-05
0.0
3.06589790011e-11
2.21966082765e-11
3.43782908107e-15
4.59310164553e-15
4.61280625859e-10
1.50619196712e-27
9.7573688492e-57
9.84251912197e-07
5.66874666432e-32
1.18859724027e-28
1.49619035452e-06
1.41854571673e-05
3.68963230519e-06
6.25968396876e-05
1.59983623503e-08
0.0
0.0
1.11362058878e-10
5.42744491338e-05
2.88272010275e-09
9.80854501926e-29
6.88106772122e-09
2.01791852069e-09
4.52350155535e-07
0.0
4.36477854209e-13
7.52132340953e-05
2.25568937424e-10
3.58777559916e-12
3.35420068793e-16
4.7151118579e-08
8.75356809852e-32
7.31770016726e-11
7.10239743411e-09
4.92878762039e-06
4.80069734381e-14
2.81163172317e-07
9.08550903534e-12
0.000157037489815
4.48428595881e-06
2.19087902148e-05
0.0
0.0
5.14877015879e-26
1.22917596038e-12
7.70932124145e-12
4.75268500201e-06
4.21790929442e-11
1.31491759004e-18
7.72600254053e-11
1.77834223315e-26
4.90200779604e-07
0.0
2.77488543979e-11
0.000175916140149
0.0
3.29881844138e-07
1.59706751792e-05
0.0
1.73942281175e-06
2.04447037399e-06
0.0
0.0
2.3319225603e-06
6.81575495972e-08
8.09444294557e-08
2.61579405351e-07
0.000260811773704
3.50809364731e-14
5.03933799802e-20
1.84334568498e-08
0.0
2.13153777421e-10
1.05910223511e-05
1.30094543879e-09
9.60675683058e-07
5.33814849959e-06
5.26263235858e-17
1.27633803639e-11
8.40663898697e-11
4.32064584091e-13
3.01595822236e-29
2.94111161632e-05
1.53231852629e-14
2.34420215293e-11
2.40808135177e-06
6.32569756019e-06
3.26954862014e-05
0.0
8.16586226362e-09
3.32828106886e-07
2.84943107971e-20
7.60236316542e-11
1.47575935761e-08
0.000376231296741
5.85275275885e-06
6.2737978117e-18
3.06558998687e-16
3.27717201291e-25
6.03741880142e-53
1.61575645593e-37
3.18306986204e-13
2.99316348714e-05
1.08402495912e-23
2.3279683499e-05
1.6927342466e-12
5.22252779797e-05
7.35019144e-06
0.0
4.62816889801e-07
2.88987101799e-17
2.11301795417e-19
1.74040289987e-11
2.03315140368e-17
0.0
0.0
0.0
1.64837547958e-07
0.000135501509948
0.0
2.45163631581e-12
2.76926518702e-24
6.65894535632e-12
4.97166288525e-11
1.29683902111e-18
3.57334617496e-06
7.56073919118e-06
4.13676183124e-06
4.75268500201e-06
0.0
8.44555021637e-19
6.31397250065e-09
3.99679044793e-07
0.0
6.07758125211e-09
1.46427261543e-24
6.03119525182e-05
8.91804274176e-05
1.32978999739e-15
0.0
4.49587191598e-09
0.000176721949014
0.0
5.85148727685e-07
4.86886916593e-10
1.57131481357e-26
2.48649136267e-05
4.92461119507e-08
0.0
1.29445386152e-07
7.32237755916e-20
2.64656697205e-14
2.22092132462e-15
3.18638215643e-06
6.54234233333e-08
1.54013521226e-14
1.20620600491e-61
4.23794500412e-06
2.83800481214e-20
0.0
2.48420110846e-05
0.0
2.76104637946e-22
0.00015665837645
2.47721893235e-08
3.504268431e-34
9.62675098486e-05
3.78461021199e-05
1.02284407478e-05
4.53923624804e-23
0.0
7.96282750129e-08
7.41317731289e-13
2.47677817284e-05
3.61395384309e-12
3.95326328225e-06
1.33624012014e-15
2.33509659587e-20
3.03702851433e-12
1.04780084397e-11
9.58239640809e-06
1.15077108452e-22
0.0
0.0
6.17031474648e-08