500
3.0794066411e-06
1.87722233613e-07
1.61058854875e-24
4.73915085204e-10
6.59377299115e-09
1.54862066226e-07
7.78881823675e-14
8.84817026209e-39
3.79906902805e-32
1.9364872576e-08
2.95944461192e-07
6.58996332249e-05
0.0
3.674674418e-05
2.53711617917e-22
9.02448407493e-08
7.08524062091e-40
8.1256753011e-05
1.25814675954e-12
0.000847347148122
1.66755296948e-16
1.16469566677e-08
0.000335874052781
1.41202699527e-06
1.95203458979e-07
8.86889520853e-07
0.0161389246216
0.000335874052781
0.0
0.000837075282761
0.000177789065681
3.16307951431e-08
3.12610775255e-11
1.41202699527e-06
8.20835684766e-18
2.16280723534e-06
7.14285115237e-06
0.000335874052781
4.8180040687e-05
8.87461792983e-07
1.57861512676e-13
0.00120551992372
0.0
1.13281367421e-06
5.88448438544e-10
0.0
4.8180040687e-05
2.19608293261e-10
1.54642327052e-08
0.000335874052781
9.73512548173e-20
8.61627667788e-32
0.000443171990794
1.47164772721e-11
5.59963488078e-11
2.67396839173e-06
0.00139271016082
5.60927996183e-15
3.18777912224e-05
4.00027716673e-06
7.10352343348e-10
4.6839454475e-16
4.93682441253e-10
1.63354187241e-07
2.31854699783e-06
8.19178579938e-31
3.43324928808e-10
3.67242407178e-07
3.80704065412e-29
2.42453989068e-06
1.04479891434e-22
1.13281367421e-06
4.00027716673e-06
2.19356031721e-33
0.000443171990794
2.82760375887e-21
0.0
3.3612546146e-19
8.87461792983e-07
2.41562050701e-12
6.90592567743e-11
1.38007028423e-17
1.02813229205e-05
6.75480331767e-12
5.68266495744e-12
3.84539891657e-16
4.8180040687e-05
1.77622181764e-06
9.14685534817e-25
6.61680638137e-06
8.11638807412e-07
9.20521188348e-08
1.29698826007e-17
0.000837075282761
1.01289994904e-15
3.01587739119e-05
0.00215388344104
3.45591570102e-05
3.84517168e-07
1.35912084201e-07
1.10765552131e-22
6.5837898207e-06
4.14219898548e-10
0.000443171990794
3.09285203589e-10
0.000166311526231
8.73683855218e-31
0.00139271016082
1.25147239853e-12
4.8180040687e-05
1.79864807948e-05
5.90833207549e-11
4.5094474416e-18
7.10189204113e-11
3.21240748696e-08
0.000443171990794
1.55580641108e-07
9.49173956456e-08
2.69482623955e-06
1.17292832585e-06
5.36521108082e-07
1.02813229205e-05
5.59893939808e-07
4.80523549573e-06
5.19103697542e-09
3.69366603068e-06
4.56973669027e-06
7.35416428879e-24
0.00139271016082
3.19769486937e-07
1.98881271308e-07
2.46092570841e-08
1.80154919788e-17
0.0
5.63020427346e-13
1.18491861247e-06
2.39199145802e-05
2.37227299771e-11
0.0
3.83957120349e-11
2.43298242961e-07
0.000252062172937
5.76226159584e-08
3.23738063759e-05
4.84821118896e-12
8.12396610167e-07
1.48615839513e-09
0.000354418929553
5.13648531786e-15
2.40396751442e-09
0.0
3.98683783003e-20
1.09313684118e-19
6.43476692822e-16
2.01001270785e-06
9.09885320075e-06
9.84724318662e-11
3.52255337358e-07
1.44722845327e-19
8.87461792983e-07
4.75611363718e-13
6.95386698182e-06
7.14285115237e-06
8.68496107561e-08
0.0
3.35893368272e-11
7.04382014754e-08
2.9569809857e-07
2.97422129321e-22
1.76827661541e-05
0.00139271016082
2.13072346017e-08
1.68648763304e-17
5.52098157582e-10
1.9364872576e-08
1.96955054338e-08
2.00064492962e-05
6.3923032638e-12
1.81336014756e-08
2.07036306928e-15
0.000335874052781
0.00120551992372
1.29491113512e-09
0.0
0.000179237612548
1.91736610219e-14
8.80459364275e-19
0.0
3.99357416354e-08
5.75958762899e-09
2.66277151862e-08
7.56457566603e-21
2.67294494379e-21
6.13493124623e-06
2.42376968771e-11
1.34718015497e-08
3.31068868667e-16
3.05808864303e-06
3.44198385902e-07
6.61680638137e-06
1.28852712416e-08
3.34942865996e-17
1.9364872576e-08
2.431432466e-15
0.0
0.000166311526231
2.61036164433e-06
7.37213582405e-19
6.13493124623e-06
0.000398363100709
1.18372748362e-05
0.00120551992372
2.75572952754e-11
2.78897503599e-14
0.00120551992372
4.84571339255e-14
0.00139271016082
3.48228412079e-10
4.8180040687e-05
4.02005832601e-14
5.32446712605e-11
2.39199145802e-05
0.00120551992372
4.15770576299e-23
0.00215388344104
3.00709991693e-09
0.000166311526231
7.97241961497e-08
3.05726639044e-22
0.000335874052781
3.75893384333e-09
8.19088259103e-09
1.02813229205e-05
4.39953639722e-12
7.41217919543e-07
6.07086849554e-06
1.86282089575e-27
0.000443171990794
4.8180040687e-05
1.76827661541e-05
4.90323393286e-10
0.0
0.0
2.47589519157e-08
0.000847347148122
9.5840001903e-05
0.000212974379314
9.20367030753e-13
6.32053847018e-10
5.8619274928e-08
7.22812182371e-13
2.11188741707e-05
2.90635564235e-05
2.35017007599e-06
1.30743799363e-06
1.33439214324e-08
2.67396839173e-06
1.17812776212e-12
6.18805480921e-15
2.67971084478e-06
1.07372884491e-27
6.6061383816e-10
0.000818925802166
4.68518123856e-13
0.0
5.45893602204e-23
7.10563949995e-15
2.00249244239e-14
2.61036164433e-06
5.04527271008e-15
2.47589519157e-08
1.98881271308e-07
0.000179237612548
2.67396839173e-06
9.32701291736e-05
0.0
9.97561249311e-05
1.18317319125e-07
1.33378107289e-07
0.0
4.68159296204e-12
0.000346317221237
1.6935498658e-14
0.000166311526231
2.43934492557e-10
2.03012738413e-14
7.09815511189e-11
0.00133847795612
2.84957135704e-48
4.8180040687e-05
3.07146509613e-12
3.79184592611e-21
1.4758434577e-23
4.8180040687e-05
1.35498171417e-11
4.37676678254e-17
7.04171570297e-07
2.35203244095e-14
1.13338318519e-05
0.00215388344104
7.40405548863e-13
2.92709806858e-18
2.09919959532e-06
1.4764543285e-09
3.79555525378e-16
1.01284907066e-08
0.000335874052781
1.14771546548e-10
0.000393298790052
5.64455219084e-19
0.0
7.3747500253e-08
9.5840001903e-05
0.000335874052781
2.33199088332e-09
1.43987850455e-06
3.78885477602e-06
6.92578067592e-22
8.1256753011e-05
1.10103826945e-15
0.000443171990794
8.12813328853e-42
2.67396839173e-06
0.0
1.32759406859e-10
6.61680638137e-06
7.63540855828e-09
1.78234240359e-08
1.87722233613e-07
3.41126874212e-06
1.62983417514e-11
1.84937325499e-14
0.0
0.00120551992372
5.0861728348e-23
0.000413389474469
0.0
9.73877323732e-16
4.56973669027e-06
5.12578552848e-13
2.41105885708e-14
6.71525076904e-10
0.000398363100709
5.30520211218e-07
1.39699553174e-20
2.67396839173e-06
3.24887403732e-06
2.01001270785e-06
4.8041330748e-07
0.000847347148122
4.8180040687e-05
4.8180040687e-05
2.59526166626e-05
2.23330097716e-13
1.21194747816e-13
4.15564695607e-10
0.000443171990794
4.73099716891e-08
1.05570811645e-06
7.41217919543e-07
0.0
4.8180040687e-05
1.73072786182e-05
0.000837075282761
2.39147251762e-06
8.03469575641e-08
1.07339029505e-08
0.0
6.28613332383e-08
1.37444222842e-14
3.95562587837e-20
1.77622181764e-06
2.76993984928e-12
2.93683235253e-16
1.46511931067e-25
5.38307821985e-11
0.000166311526231
5.57066932798e-19
0.00215388344104
1.02605012378e-11
5.78342767602e-27
7.41217919543e-07
0.0
8.58508692261e-12
0.00120551992372
2.55304678783e-06
9.0578211855e-15
6.86461364034e-06
1.75322622552e-14
2.69799706346e-07
3.49425168662e-07
0.0
3.76901335165e-18
0.00120551992372
0.00015955746881
0.000636782975646
0.00139271016082
4.8180040687e-05
1.11456164814e-13
4.14331459934e-13
0.0
0.0
8.92601432263e-17
0.000228178543433
0.0
3.03186825632e-09
0.0
7.83363580491e-08
6.78964060427e-16
1.36603779975e-11
1.45414522917e-15
8.28364562923e-20
1.03082072878e-09
0.000166311526231
5.32006501153e-23
4.22355431082e-30
5.8619274928e-08
1.22205921752e-12
0.0
1.68808404142e-07
1.02813229205e-05
0.00120551992372
0.00139271016082
1.73072786182e-05
2.45627448981e-11
3.21434916914e-05
2.6595740805e-09
1.34097422714e-12
0.000443171990794
7.41931456723e-23
2.44016024415e-06
1.93178322305e-11
2.90635564235e-05
6.54404949493e-08
3.35439296592e-13
1.38276584341e-12
6.24230087883e-07
0.000281177575585
0.0
0.0
1.48048723634e-14
7.66207599217e-20
4.0537193838e-09
1.28876748084e-15
5.21735054323e-17
1.91930720218e-07
4.02287911234e-13
3.74822967529e-14
5.7463158949e-19
9.57294765893e-12
4.25615403964e-11
7.89115849156e-15
2.47979076458e-32
1.32413606328e-14
0.00139271016082
1.61062600137e-14
7.1031328948e-12
0.00120551992372
2.19518598472e-06
3.45573103526e-23
8.35344472775e-10
1.5166326667e-12
5.17123852737e-30
0.0
0.00015955746881
9.12512773378e-13
3.17308510769e-16
0.000177789065681
6.54684191708e-18
3.67974114967e-15
6.13895424158e-11
0.0
2.29044129564e-07
8.36719940694e-18
1.67548853227e-11
1.16020834668e-07
1.08478080632e-11
0.0
3.67242407178e-07
1.90877388279e-21
2.56488509907e-23
1.30571942215e-27
0.0
0.0
0.00139271016082
4.31971535051e-08
5.41562533283e-07
1.58919284447e-07
0.000443171990794
3.82328240887e-11
1.51855886293e-12
2.87118123843e-06
4.5770909818e-08
0.00215388344104
0.00326039959228
1.81120430132e-11
0.0
8.75009253206e-09
5.78660360424e-16
1.60983798214e-23