500
0.00276951538522
0.0193903250674
2.32926253771e-09
0.0
0.00110432307493
0.00679484025781
0.0368318737461
1.15351620068e-07
0.0368318737461
0.00552374501344
6.94350651347e-05
0.00145802529539
0.0
0.00292301376934
2.37346530606e-07
0.00290800332718
2.29642227433e-05
0.0
0.00054416095359
2.11691931354e-05
0.00312077690328
0.00312077690328
0.0
0.00103363236411
0.0129067819973
0.000257478263249
0.000392849970204
0.0
0.0
0.00276951538522
6.83743220751e-06
3.25892620295e-14
0.0
0.00552374501344
0.00276951538522
0.000728198821936
0.00561544632037
7.5228861489e-15
0.0106665261764
0.00552374501344
0.0193903250674
0.0
0.00358360300416
3.97339670846e-10
1.08010788967e-05
0.0
0.0
0.00058756994459
0.0
0.00552374501344
0.00390099256723
7.92978231929e-05
0.0
0.0368318737461
0.0
1.18826728429e-05
8.13620497795e-10
0.00854939058953
7.25411967784e-09
0.0
9.48751973234e-11
0.0
4.11094820448e-14
0.0
0.0
0.0368318737461
0.0368318737461
0.00854939058953
0.00854939058953
6.08509348418e-06
0.0
0.0106665261764
0.00292301376934
9.83391665806e-07
0.0
0.000211862244856
0.00054416095359
2.30651271208e-08
0.0368318737461
0.0
5.24548733125e-09
0.0129067819973
0.0106665261764
1.53637642473e-20
7.5405064062e-06
0.0
5.10894403825e-05
0.000149469251795
0.000805291557974
0.0
0.00292301376934
0.00129753684782
0.00358360300416
0.00561544632037
0.0368318737461
0.00679484025781
0.000960352223603
0.00552374501344
4.82635908173e-06
0.000240147425808
4.9310858067e-11
0.0129067819973
0.0368318737461
0.0368318737461
3.71570670329e-16
0.00358360300416
0.0368318737461
0.0106665261764
0.00552374501344
5.50745605114e-05
0.0
3.67023801851e-05
0.0065440104567
0.00552374501344
0.000142281135839
3.42094608084e-07
0.0
0.00129753684782
8.92298262206e-07
0.00561544632037
0.0
1.34056426711e-11
0.0129067819973
0.0
0.0
0.000149469251795
9.63125681097e-12
0.0368318737461
1.49755004607e-22
0.0368318737461
0.00129753684782
0.0
0.0
1.02941412985e-09
0.00123044500129
1.60642428836e-05
1.3347124109e-07
0.0
3.79566829356e-05
0.00123044500129
9.21024125376e-09
2.79541334021e-05
0.0193903250674
8.19306827188e-07
4.99015220764e-07
6.52923329983e-07
1.82232210209e-12
1.45933908784e-07
0.0106665261764
0.00854939058953
2.27311875106e-07
3.73082903742e-07
0.00177833434451
0.000676548842518
2.79900725858e-05
2.07531028824e-06
0.0
0.000138724291561
0.00129753684782
0.00561544632037
0.000422370307313
0.0124303314203
0.00129753684782
7.10461946835e-11
9.83534752226e-05
2.55442449191e-15
1.37133694223e-06
1.06106879208e-05
0.0
3.88463641423e-05
0.00854939058953
0.0124303314203
9.6008081451e-13
4.37588320019e-08
0.0368318737461
0.0
0.00390099256723
0.0106665261764
0.00225535086193
0.00437573548499
0.00358360300416
0.000382255839039
0.00019463942468
0.0065440104567
0.000676548842518
4.92788167799e-09
0.0
5.74782214782e-13
0.0065440104567
0.00679484025781
1.24451739777e-15
0.0
5.82242886312e-07
0.0
2.41465984256e-05
0.0368318737461
7.95346494376e-06
0.00290800332718
0.00561544632037
0.0129067819973
0.00219593352987
0.00552374501344
0.000155544859885
0.0
6.20946981814e-06
3.01828226413e-08
0.0368318737461
0.00145802529539
1.1762074142e-11
0.00153883529126
8.12105864167e-10
0.000728147960072
0.000172384468581
3.09783520847e-05
3.28267493067e-14
0.0129067819973
0.0
0.000509644065099
1.7377583805e-07
1.38403897323e-05
2.01852249092e-05
0.0368318737461
0.0
0.00129753684782
4.9539077829e-05
0.00854939058953
0.0
0.0106665261764
2.53407748672e-10
0.00123044500129
0.0193903250674
8.76390842939e-11
5.39537882547e-12
0.0
0.0129067819973
0.000734459795911
5.61827767456e-05
0.00290800332718
0.000102468903469
0.00854939058953
1.67240613846e-08
0.000149469251795
4.94169572306e-06
1.83153774571e-10
4.86267443835e-12
3.56741880534e-07
0.00058826646649
1.5429585153e-09
0.0129067819973
2.10156090434e-09
0.00292301376934
0.00022235897131
0.00552374501344
2.11618660456e-09
0.0368318737461
0.0106665261764
0.0
0.0368318737461
0.0368318737461
5.50745605114e-05
0.0129067819973
0.000157670707456
0.0106665261764
0.00390099256723
1.02930856796e-09
0.0106665261764
0.000171004787385
0.000773010671113
0.00219593352987
0.0
7.5633008736e-09
0.00552374501344
3.38450172353e-06
3.66633268376e-06
1.26922000635e-06
0.00129753684782
0.0
0.0
0.0106665261764
0.0
0.000127593186658
0.00178434058394
0.0106665261764
8.05798057275e-06
0.000423184016819
1.26000573813e-08
7.6530196247e-22
0.0129067819973
5.94495295917e-10
0.0
6.81793760147e-08
2.05992637824e-07
1.65955269948e-07
8.18191616337e-09
0.0124303314203
0.0368318737461
8.94309547866e-09
7.51748931481e-10
0.0129067819973
8.85992000087e-06
0.0
0.00437573548499
0.00312077690328
0.00679484025781
2.33346262359e-09
0.0129067819973
0.0106665261764
0.00219593352987
4.17254501251e-07
0.0
0.0
0.0
3.38450172353e-06
0.00390099256723
3.79811007317e-07
0.0
0.000140491630621
0.00219593352987
1.58961428884e-06
0.00679484025781
0.00854939058953
0.000581376433627
9.07269220545e-06
0.00552374501344
2.25709747649e-13
4.58346583558e-05
0.00854939058953
0.0
0.0
6.9750555717e-05
3.27016535178e-11
0.0129067819973
0.000138724291561
0.00390099256723
1.14273604452e-08
0.00103363236411
0.000408828675675
0.00312077690328
0.0
6.27306900416e-20
0.00276951538522
0.0368318737461
1.88483853348e-05
2.64429106615e-08
1.14307917364e-08
0.0368318737461
0.000105085138202
6.86211455499e-06
0.0
0.0124303314203
0.0368318737461
2.91376441174e-08
4.71095388845e-08
0.0368318737461
1.6306714212e-11
8.54885622666e-08
0.00058826646649
0.0129067819973
4.7734056168e-12
0.0
0.0
1.9982486519e-05
0.000728198821936
7.61171030734e-05
0.00390099256723
0.0368318737461
0.0129067819973
1.14628965853e-06
0.0106665261764
0.00110432307493
0.0129067819973
0.000728198821936
0.00153883529126
5.53170914421e-06
0.00276951538522
0.0368318737461
0.000140386383858
0.0
0.00854939058953
3.52997787036e-05
0.0
1.3176530763e-09
0.000541668312253
0.0124303314203
0.0147959390327
0.0
0.00437573548499
3.61387363603e-06
1.10074034003e-13
3.7381156368e-06
0.0
0.0
2.05424617088e-06
6.85777743807e-11
2.59087635265e-05
0.00018152785214
0.00129753684782
9.96258360542e-12
0.0129067819973
2.16944619645e-12
0.000383363930067
0.00561544632037
8.32023560508e-09
0.0
0.000109592902207
0.00312077690328
0.0129067819973
1.25721327131e-12
0.0129067819973
0.00552374501344
0.0
0.00103363236411
0.000137451068046
0.00679484025781
0.00276951538522
0.00164294868718
0.0124303314203
9.42561406767e-07
0.0129067819973
0.0
0.00290800332718
0.00552374501344
0.0
0.00552374501344
1.64078877993e-07
2.76527397994e-06
2.59248101518e-05
7.92495214989e-15
0.0
0.000509644065099
0.0106665261764
0.0
0.0
4.65681537437e-11
0.000126426819407
2.65147929173e-11
0.0
0.00312077690328
0.0
0.0129067819973
0.000155544859885
9.41406591099e-06
3.99365781423e-11
1.97796037608e-15
0.0129067819973
1.50690844296e-11
0.00358360300416
0.0124303314203
2.1388316864e-06
1.97766864104e-10
2.78985779492e-17
0.00290800332718
9.10829300824e-15
0.0129067819973
0.0368318737461
0.000239082378658
0.0368318737461
3.78603706862e-06
5.83242169234e-08
1.63212502421e-06
0.00561544632037
0.0
5.53170914421e-06
0.000960352223603
3.70114977006e-11
0.00358360300416
2.88259601673e-06
0.00679484025781
2.85818374833e-05
4.22303714905e-06
0.0
1.53069640896e-11
0.000509406996943
0.00164294868718
0.0129067819973
0.0
1.50143506822e-11
0.00129753684782
0.00561544632037
7.13166180711e-07
0.0
0.000101023295398
0.000171004787385
0.00312077690328
3.61605087326e-06
2.4670908574e-06
0.00358360300416
0.000728198821936
2.30986431947e-18
1.88007638855e-11
0.00854939058953
0.000240147425808
0.00854939058953
0.000509644065099
0.00679484025781
0.0129067819973
7.20698977627e-11
1.66429435375e-10
0.00054416095359
0.00129753684782