500
1.75425327244e-06
3.61240427371e-07
1.42625426267e-24
9.39156937177e-09
2.92890773725e-08
6.5505705914e-07
9.03756283332e-14
0.0
0.0
2.54782494737e-08
2.51045020827e-07
9.17069988942e-05
0.0
5.57941038054e-06
9.26309982383e-22
1.36181117811e-08
1.21625420331e-37
3.27558814596e-05
6.93556087954e-12
0.000290929646728
0.0
1.91704073488e-08
0.000316783858132
2.33159085311e-06
5.77299139426e-07
5.06167044462e-07
0.0172672593591
0.000316783858132
1.86929810372e-22
0.00199228319532
0.000375009472648
0.0
9.80626700824e-11
2.33159085311e-06
1.53284016901e-17
1.20932952869e-06
8.93768981997e-06
0.000316783858132
0.000103998044594
1.30349684911e-06
3.46339362495e-13
0.0017879571021
6.49910438258e-13
3.15083529165e-06
8.7494134575e-10
1.86311176808e-27
0.000103998044594
1.86404381709e-10
1.354826806e-08
0.000316783858132
3.39702562019e-19
0.0
0.000339223133521
2.51675501704e-12
3.32443127712e-12
6.95137229289e-06
0.00106305114723
7.38400790848e-16
5.17058976109e-05
4.59062687786e-06
1.53847924345e-10
3.72804235387e-17
7.57132398375e-10
1.02953707648e-07
2.79686277333e-06
2.74949634033e-29
2.40573043946e-10
5.939666689e-07
9.74618619415e-29
2.28601848967e-06
0.0
3.15083529165e-06
4.59062687786e-06
0.0
0.000339223133521
1.48861445635e-21
1.6861190172e-07
0.0
1.30349684911e-06
2.91936396307e-13
0.0
1.54448425629e-19
2.72860521518e-05
1.79700339772e-11
7.69659492771e-11
8.32128823996e-17
0.000103998044594
8.7820585323e-07
9.99986573518e-26
8.88817872594e-06
1.21147339651e-06
4.75395162216e-09
8.27196085821e-17
0.00199228319532
3.24019982499e-15
9.07367980931e-05
0.00208164452767
2.74351494238e-05
2.98689949171e-07
4.47876361156e-08
1.29393391368e-20
8.0330901544e-07
5.31897648017e-10
0.000339223133521
3.81746524604e-09
0.000315995756189
4.02484340379e-31
0.00106305114723
2.63986356218e-12
0.000103998044594
8.88170356745e-06
5.88221513656e-11
3.65777161583e-16
1.65804776619e-10
2.53741648081e-08
0.000339223133521
2.69223812321e-07
6.90244809629e-08
1.60824476215e-06
2.55027379301e-06
4.78970565925e-07
2.72860521518e-05
1.12334552634e-07
3.29050409209e-07
1.33073422165e-08
3.43655098698e-06
1.33559527367e-05
3.76984796365e-24
0.00106305114723
2.33459154865e-07
0.0
1.06324103313e-07
1.64494626543e-17
0.0
3.23038058275e-13
1.56600537382e-06
2.8697669932e-05
1.37895858297e-11
1.2768878013e-22
9.48053553497e-12
0.0
0.000140217227883
5.51539960932e-08
7.23876494154e-06
6.97935058288e-12
2.05096238628e-07
1.31475750594e-08
0.000263489470789
0.0
1.51119978662e-09
7.54032241212e-19
1.96009688177e-20
1.16633368045e-20
1.39709404768e-14
1.07254810994e-06
6.46972630487e-06
1.20777945836e-11
3.43394523372e-07
0.0
1.30349684911e-06
2.91288151152e-13
1.55589113852e-05
8.93768981997e-06
2.8319285746e-08
1.31606320689e-07
8.51063898987e-11
1.24132815012e-08
3.01287469603e-08
3.34391493886e-25
2.20338638396e-05
0.00106305114723
3.41086526624e-07
5.53622418829e-18
1.68497038629e-09
2.54782494737e-08
1.45756977759e-08
5.58005232226e-05
1.86998273093e-11
1.47196185376e-08
3.33735204146e-15
0.000316783858132
0.0017879571021
4.1712777186e-11
7.94861837649e-06
0.000223987628648
1.36822959533e-13
6.95000725829e-19
1.27056508332e-15
4.44229199571e-07
8.86562685012e-08
2.04473631949e-07
7.67525521701e-21
1.27592279613e-20
7.2906625029e-07
5.45562579009e-11
1.30636456567e-07
0.0
6.55765651559e-07
3.14900891485e-08
8.88817872594e-06
3.85228355733e-08
7.86848736399e-18
2.54782494737e-08
1.58345182548e-15
0.0
0.000315995756189
5.21388770301e-06
1.03349188119e-16
7.2906625029e-07
0.000276527693173
1.41586850257e-05
0.0017879571021
3.7120442935e-11
0.0
0.0017879571021
7.75231824128e-14
0.00106305114723
1.07953150243e-09
0.000103998044594
4.41985155904e-14
1.45694550019e-10
2.8697669932e-05
0.0017879571021
3.77421795092e-20
0.00208164452767
6.45668028058e-09
0.000315995756189
8.60865979218e-08
5.15302964328e-22
0.000316783858132
1.73110176778e-08
7.98853033544e-08
2.72860521518e-05
6.97654124603e-13
1.00892128898e-07
6.54658151747e-06
9.798982319e-28
0.000339223133521
0.000103998044594
2.20338638396e-05
2.13643838172e-11
6.80433959293e-07
2.34335015117e-18
2.94767515712e-08
0.000290929646728
0.000147368259554
0.000152144644706
1.29327458069e-12
1.63813285876e-08
2.81248029025e-07
1.15007900911e-12
2.25753510441e-05
9.1274890448e-06
6.64304522622e-06
3.92673444389e-06
2.44810855975e-08
6.95137229289e-06
8.05303241098e-13
4.98903452697e-14
6.42571713371e-07
9.00150179387e-26
1.71034243031e-09
0.000307615869508
0.0
4.06980829284e-22
2.50559260776e-22
1.10018090361e-17
2.50820296249e-15
5.21388770301e-06
1.28203035605e-14
2.94767515712e-08
0.0
0.000223987628648
6.95137229289e-06
0.000146483834205
1.34228116447e-15
0.000101740585057
5.12104416359e-07
1.77595343435e-07
9.03058817706e-24
4.52046833892e-13
0.000518019437288
1.52281317511e-15
0.000315995756189
3.98953131725e-09
6.12768439326e-15
3.34710219877e-11
0.00245541403877
0.0
0.000103998044594
6.56434328627e-13
7.20425398726e-21
1.8799798854e-21
0.000103998044594
2.85358671889e-11
8.44150636565e-17
8.89876115628e-07
1.35245548223e-13
2.23574852407e-06
0.00208164452767
1.6328160175e-12
6.1693385197e-18
1.68478720572e-06
1.2152276142e-10
1.54669191437e-15
1.69975677294e-08
0.000316783858132
1.94279119445e-10
0.000170107360995
6.78922649572e-19
2.40402609511e-32
1.9893075469e-07
0.000147368259554
0.000316783858132
1.14017936843e-09
1.75036794614e-06
3.78088108996e-06
1.43694731587e-21
3.27558814596e-05
1.29225482723e-16
0.000339223133521
2.86119207588e-39
6.95137229289e-06
1.54617142836e-13
9.43037668062e-10
8.88817872594e-06
3.87296138618e-09
4.28768397278e-08
3.61240427371e-07
1.44548916431e-06
8.44741353829e-11
3.59314749766e-14
7.70415803764e-44
0.0017879571021
3.34785372643e-24
0.000242037370024
5.37946616183e-21
1.46546536926e-14
1.33559527367e-05
1.19312964531e-12
1.24062658908e-13
1.09982462003e-09
0.000276527693173
1.11225211217e-07
7.40345703698e-21
6.95137229289e-06
7.56022855709e-06
1.07254810994e-06
1.28705373317e-07
0.000290929646728
0.000103998044594
0.000103998044594
1.04883933335e-05
2.91129882207e-12
1.52259671323e-13
2.30963202726e-10
0.000339223133521
6.46851951596e-09
3.87645317353e-07
1.00892128898e-07
1.63055125891e-07
0.000103998044594
3.50489438435e-05
0.00199228319532
3.43662471302e-07
2.24206983052e-07
6.85816528955e-09
0.0
1.39995724686e-07
1.68676199366e-14
4.82519177679e-20
8.7820585323e-07
2.20500296842e-12
2.33875337382e-15
4.99451968015e-25
1.22343680653e-10
0.000315995756189
5.11573894448e-20
0.00208164452767
5.26472220452e-11
1.24515851955e-26
1.00892128898e-07
2.5487397421e-11
6.1591524031e-12
0.0017879571021
6.01477288585e-07
4.77143478393e-15
1.82284100092e-05
9.64567263652e-15
8.85261057012e-07
4.97554331789e-07
6.87316742088e-13
4.64284364324e-16
0.0017879571021
0.000380562478368
0.000334499951437
0.00106305114723
0.000103998044594
1.58220791199e-13
4.41149266332e-13
1.7932440694e-36
0.0
1.05947795728e-16
0.000363208336885
6.80433959293e-07
9.67835084025e-09
7.79170906531e-12
4.24932423534e-08
5.52152557185e-16
2.07956088002e-11
1.05418363161e-14
4.97306394606e-19
1.80109929741e-09
0.000315995756189
1.07083276016e-21
9.07075850987e-31
2.81248029025e-07
1.29301344317e-12
2.03907246359e-17
0.0
2.72860521518e-05
0.0017879571021
0.00106305114723
3.50489438435e-05
2.983772944e-10
6.33913713514e-05
2.17697912392e-09
4.55726714398e-12
0.000339223133521
5.96247298799e-23
1.23069608828e-06
9.02484172326e-13
9.1274890448e-06
4.83203049328e-08
8.10848632142e-14
7.19474051258e-12
1.18795874204e-06
0.000106746647769
2.46611740175e-10
1.92716027636e-07
1.20402768828e-15
6.20114008363e-19
6.12821715441e-08
2.01954028705e-16
4.43665527062e-15
8.99049943e-08
0.0
2.31178335751e-14
0.0
1.75739697112e-11
3.69254860922e-10
5.69218820074e-14
2.32777419311e-32
2.4250375837e-16
0.00106305114723
2.96053831097e-14
3.07063953226e-12
0.0017879571021
2.30993483655e-06
6.32935562876e-22
2.6453307254e-09
1.26750281859e-12
2.6412608853e-30
4.97232646263e-33
0.000380562478368
4.86209073003e-12
3.90797204158e-16
0.000375009472648
6.7612825608e-17
0.0
1.12137054435e-10
2.98284518359e-09
9.32715960868e-07
0.0
1.32530485187e-11
1.12366806708e-07
2.42415975095e-10
4.75991265416e-30
5.939666689e-07
2.60928357249e-19
1.10436731966e-23
0.0
3.09386156691e-35
2.63391596966e-18
0.00106305114723
1.57985724702e-07
1.36051898989e-06
8.39709931846e-09
0.000339223133521
1.29242756404e-12
4.03751164668e-12
3.09908313929e-05
6.59155779285e-08
0.00208164452767
0.00183792288769
1.611229099e-11
2.18327911269e-53
1.76328172981e-09
5.92764914324e-18
9.04569852546e-23