500
0.0042079432793
1.54266213589e-06
5.30154059711e-05
0.000685352174623
0.00756449241842
0.00756449241842
0.000941427298994
0.000694417191791
0.00756449241842
9.16380637302e-08
0.000568761682301
0.00905823931989
0.00906036435297
0.031658523337
0.00905823931989
0.000161866755926
0.00756449241842
0.000258193072729
0.0042079432793
0.031658523337
0.00157273659846
0.00906036435297
1.19432535518e-07
0.000466617517968
0.031658523337
0.00905823931989
3.05393173558e-09
4.85488758362e-11
0.00906036435297
0.0002077729304
0.000780310409898
0.00756449241842
7.71251041182e-07
0.000745753700156
6.68073225535e-05
0.00905823931989
0.00756449241842
0.00346431154078
1.35108345872e-05
0.00141714089753
0.031658523337
0.00268315273895
0.000685352174623
0.000710371942181
0.000536480377424
0.000471151707983
0.000941427298994
0.000514119116934
0.031658523337
1.36281400507e-08
0.00141714089753
5.45428921472e-05
0.00905823931989
0.00756449241842
0.00157273659846
0.031658523337
0.00906036435297
1.5755597766e-08
6.88522918427e-05
1.52288856784e-05
0.00346431154078
3.04687946488e-10
0.00268315273895
0.000333246534038
7.99497083202e-06
2.5230938599e-05
0.000745753700156
6.01318071775e-05
0.000514119116934
7.92462574799e-08
0.000255322627535
0.000924233441442
0.000471151707983
0.031658523337
0.031658523337
0.00905823931989
0.00177991728874
2.01469438343e-06
0.031658523337
0.031658523337
7.69986139886e-05
0.000129707894207
0.0
4.16495593398e-05
0.000189210928595
0.00905823931989
0.00346431154078
6.11231853695e-05
0.000420187775248
0.00163446148273
0.000318036209194
7.48776700804e-05
0.00906036435297
0.000318036209194
0.00905823931989
0.000129208853837
0.00164127780221
0.031658523337
0.00157273659846
0.00177991728874
0.00106984541029
0.00756449241842
2.84601302685e-05
0.00906036435297
0.000783224316629
0.031658523337
0.00025599162421
3.20489472709e-06
0.031658523337
1.26690757274e-06
0.0025219469335
1.09874367203e-15
1.18996993489e-06
0.000240589379639
0.031658523337
0.000568761682301
4.52752329314e-06
0.000189210928595
0.000694417191791
0.031658523337
0.0
0.000790337946724
0.0014672377115
0.00268315273895
0.000400601642772
0.0025219469335
0.0025219469335
2.66588039894e-05
0.00163446148273
0.031658523337
0.00906036435297
0.031658523337
0.031658523337
0.000141251644391
0.031658523337
0.00906036435297
0.00906036435297
0.00141714089753
7.48776700804e-05
0.000471151707983
0.0002077729304
0.031658523337
0.000435934661846
0.0014672377115
5.33679017546e-12
8.14381202099e-05
0.0042079432793
0.00157273659846
0.00756449241842
0.00013537601311
0.00268315273895
0.031658523337
0.000790154689715
0.031658523337
0.00180269946189
5.58255600834e-05
0.031658523337
0.000175864615332
0.00015191355284
0.000232869067627
0.0025219469335
0.0014672377115
1.26761301782e-06
0.000186670832916
0.000783224316629
0.0
0.00905823931989
0.000466617517968
0.031658523337
0.031658523337
0.00905823931989
0.000759096161462
0.000941427298994
0.000759096161462
0.00906036435297
0.000790337946724
0.0
0.00157273659846
0.00906036435297
0.000128119949518
0.000258254590448
0.031658523337
2.04895786328e-05
0.031658523337
0.000745753700156
1.26249712694e-05
3.4006407338e-05
0.00905823931989
0.000265721111096
0.031658523337
0.000568761682301
1.33538432968e-06
0.031658523337
0.000466617517968
3.77524300984e-06
0.00346431154078
0.0025219469335
0.0025219469335
0.00013537601311
1.11329982211e-08
0.000265721111096
0.031658523337
0.031658523337
1.47890424456e-06
3.00796491159e-09
0.0
0.000570355338824
0.00346431154078
0.031658523337
0.00163446148273
0.0
1.0345426651e-06
0.031658523337
0.000536480377424
0.0
0.000759680181378
0.00756449241842
4.23075630629e-06
4.36124010905e-09
0.00033010775274
5.01150900601e-06
0.0042079432793
0.031658523337
0.00905823931989
0.0
0.000250768090958
0.0
1.79387402544e-05
4.62022823986e-05
0.000694417191791
0.000694417191791
0.00905823931989
0.031658523337
0.031658523337
0.031658523337
0.00905823931989
1.59666494736e-08
1.09575738074e-05
0.000471151707983
0.0042079432793
5.43889480128e-05
0.000356779238478
0.000790337946724
0.0014672377115
0.031658523337
0.0
0.00906036435297
0.031658523337
0.00906036435297
0.00141714089753
0.0
0.031658523337
0.031658523337
0.00346431154078
7.66259565799e-05
0.00346431154078
8.8089939935e-06
0.031658523337
0.000602310715899
0.00906036435297
0.031658523337
0.000745753700156
0.000602310715899
0.0042079432793
5.46009041159e-05
0.00346431154078
0.0014672377115
3.22650141947e-05
0.000302287029863
0.000258193072729
0.031658523337
2.95821024317e-07
2.53734912063e-05
0.000420090612826
0.031658523337
0.00905823931989
0.00905823931989
0.031658523337
4.52134328101e-05
1.62072795178e-05
0.0014672377115
0.0002077729304
0.031658523337
7.3398548764e-06
0.000710371942181
0.00346431154078
0.000849632948661
0.0
3.71481283759e-05
0.000924233441442
0.0
0.031658523337
1.13205063261e-08
0.00756449241842
0.00905823931989
0.031658523337
0.0
5.01150900601e-06
0.000356779238478
0.00905823931989
0.0
4.7298627851e-05
1.32753070022e-05
8.48883103372e-06
0.0014672377115
0.00906036435297
0.000400601642772
0.00906036435297
4.29640627587e-07
0.031658523337
0.0
0.00268315273895
0.0025219469335
0.000265199058132
9.91602402704e-05
0.00756449241842
0.031658523337
0.031658523337
0.000694417191791
7.75903459348e-11
0.031658523337
0.00905823931989
0.00906036435297
0.000694417191791
0.00180269946189
0.031658523337
0.00756449241842
0.00905823931989
0.000420187775248
0.000568761682301
0.0
0.031658523337
8.45779927612e-07
0.0
0.00346431154078
0.00756449241842
0.00106984541029
0.00906036435297
0.00756449241842
0.00756449241842
0.00015191355284
2.19530502963e-08
0.0014672377115
1.24460688184e-07
0.000189210928595
0.031658523337
0.000464748642429
7.41037534036e-08
0.00346431154078
0.00906036435297
0.031658523337
0.00346431154078
0.00905823931989
6.79273119395e-05
0.00906036435297
0.00756449241842
0.00180269946189
0.00905823931989
0.00906036435297
0.000685352174623
0.000941427298994
0.031658523337
4.42138613045e-05
0.000420187775248
8.45503701383e-05
0.0
0.00905823931989
0.00164127780221
0.031658523337
0.0025219469335
0.00015191355284
1.60153236799e-06
0.000536480377424
0.000710204400919
0.00106984541029
0.000248387496989
0.00906036435297
0.031658523337
0.00346431154078
2.38619759107e-05
0.00905823931989
0.00346431154078
0.031658523337
0.031658523337
0.000125369578373
0.031658523337
0.00905823931989
8.87001682752e-07
0.0042079432793
0.000409996213427
0.00906036435297
0.00033010775274
0.00906036435297
0.000302215822245
0.0
0.000138481177092
4.62022823986e-05
2.49269464922e-06
0.00906036435297
0.000471151707983
0.031658523337
0.000710371942181
0.00906036435297
2.7295717567e-05
0.0
0.00756449241842
0.031658523337
5.78357671412e-07
0.031658523337
0.000302287029863
0.000849632948661
1.77496647982e-05
0.0014672377115
0.031658523337
3.23046789682e-05
0.00905823931989
0.031658523337
0.031658523337
0.031658523337
5.4460948067e-06
0.00141714089753
0.0
0.00906036435297
0.000265199058132
7.66259565799e-05
0.00157273659846
2.73757519291e-05
2.59868082612e-05
0.000685352174623
0.00268315273895
6.21300109677e-08
0.031658523337
3.55925082831e-05
0.00906036435297
0.031658523337
0.00906036435297
0.031658523337
3.86796653275e-07
5.84331138984e-05
0.00346431154078
2.98703025316e-06
0.0
0.031658523337
0.0
0.000783224316629
0.031658523337
0.031658523337
0.000849632948661
0.00756449241842
0.00346431154078
0.031658523337
0.0025219469335
0.000602310715899
0.00905823931989
0.000710371942181
7.12610627483e-07
0.031658523337
1.29720832186e-05
0.0042079432793
0.031658523337
2.97625536664e-05
0.031658523337
0.000710371942181
0.00268315273895
0.00906036435297
0.0
1.13818127971e-05
0.031658523337
0.0014672377115
0.031658523337
8.34862993764e-05
3.82981436624e-06
0.000128119949518
0.000420090612826
6.62194846642e-07
3.65595078532e-07
0.0
0.031658523337
0.00346431154078
0.031658523337
0.031658523337
0.031658523337
0.00906036435297
0.0014672377115
4.90048382093e-06
0.031658523337
0.0
0.0
0.000178453583956
0.000125369578373
0.031658523337
3.93126112984e-06
1.46082250955e-05
0.000248387496989
0.031658523337
0.000420187775248
1.22474777038e-05
4.2474211152e-05
0.00346431154078
0.0