500
0.0
0.0
0.0
0.0
0.0
0.0
0.0
0.0
0.0
0.0
0.0
0.0
9.3431257348e-05
0.0
0.0
0.0
0.0
0.0
0.0
6.18022346197e-07
0.0
0.0
0.0
0.0
0.0
0.0
0.0
0.0
0.0
0.0
0.0
0.0
0.0
0.0
0.0
0.0
0.0
0.0
0.0
0.0
3.70649311497e-05
0.0
0.0
0.0
0.0
0.0
0.0
0.0
0.0
0.00128072809158
0.0
0.0
0.0
0.0
0.0
0.0
0.0
0.0
0.0
0.0
0.0
0.0
0.0
0.0
0.0
0.0
0.0
0.0
0.0
0.0
0.0
0.0
0.0
3.70649311497e-05
0.0
0.0
0.0
0.0
0.0
0.0
0.0
0.0
0.0
0.000189211602634
0.0
0.000230607448214
0.0
0.0
0.0
0.0
0.0
0.0
0.0
0.0
0.0
0.0
0.0
0.0
0.0
0.0
0.0
0.0
0.0
0.0
0.0
0.0
0.000128538831
0.0
0.00118843344649
0.0
0.0
0.0
0.0
0.0
0.0
0.0
0.0
0.0
0.0
0.0
0.0
0.0
0.0
0.0
0.0
0.0
0.0
0.0
0.0
0.0
0.0
0.0
0.0
0.0
0.0
0.0
0.0
0.0
0.0
0.0
0.0
0.00240382811034
0.0
0.0
0.0
0.0
0.0
0.0
0.0
0.000201168417764
0.0
0.0
0.0
0.0
0.0
0.0
0.0
0.0
0.0
0.0
0.0
0.0
0.00128072809158
0.0
0.0
0.0
0.0
3.70649311497e-05
0.0
3.70649311497e-05
0.0
0.0
0.0
0.0
0.0
0.0
0.0
0.0
0.0
0.0
0.0
0.0
0.0
0.0
0.0
0.0
0.0
0.0
0.0
0.0
0.0
0.0
0.0
0.0
0.0
0.0
0.0
0.0
0.0
0.0
0.0
0.0
0.0
0.0
0.0
0.0
0.0
0.0
0.0
2.49193268501e-06
0.0
0.0
0.0
0.0
0.0
0.0
0.0
0.0
0.0
0.0
0.0
0.0
0.0
0.0
0.0
0.0
3.70649311497e-05
0.0
0.0
0.0
3.70649311497e-05
0.0
0.0
0.0
0.0
0.0
0.0
0.00240382811034
0.0
0.0
0.0
0.0
0.0
0.0
0.0
0.0
0.0
0.0
0.0
0.0
0.0
0.0
0.0
0.000230607448214
0.0
0.0
0.0
0.0
0.0
0.0
0.0
0.0
0.0
8.61741535261e-05
0.0
0.0
0.0
0.0
0.0
0.0
0.0
0.0
0.00128072809158
0.0
0.0
0.0
0.00240382811034
0.0
0.0
0.0
0.0
0.0
0.0
0.0
0.0
0.0
0.0
0.0
0.0
0.0
0.0
0.0
4.80057146645e-06
0.0
0.0
0.0
0.0
0.0
0.0
0.0
0.0
0.0
0.0
0.0
0.0
0.0
0.0
0.0
0.0
0.0
0.0
0.0
0.0
0.0
0.0
0.0
0.0
0.0
0.0
0.0
0.0
0.0
2.52767294434e-08
0.0
0.0
0.0
0.0
0.0
0.0
0.0
0.0
0.0
0.0
0.0
0.0
0.0
0.0
0.0
0.0
0.0
0.0
0.0
0.0
0.0
0.0
0.0
0.0
0.0
0.0
0.0
0.0
0.0
0.0
0.0
0.0
0.0
0.0
0.0
0.0
8.25736721376e-06
0.0
0.0
0.0
0.0
0.0
0.0
0.0
0.00118843344649
0.0
0.0
0.0
0.0
0.000230607448214
0.0
0.0
0.0
9.3431257348e-05
0.0
0.0
0.0
0.0
0.0
0.0
0.0
0.00128072809158
0.00128072809158
0.0
0.0
0.0
0.0
0.0
0.0
0.0
2.74863534369e-05
0.0
0.0
0.0
0.0
0.0
0.0
0.0
0.0
0.0
0.0
0.0
0.0
0.0
0.0
0.0
0.0
0.0
0.0
0.00128072809158
0.0
0.0
0.0
0.0
0.0
0.0
0.0
0.0
0.0
0.0
0.0
0.0
0.0
0.000201168417764
0.0
0.0
1.99422234894e-06
0.0
3.3252352382e-08
0.0
0.0
0.0
0.0
0.0
0.0
0.0
0.000201168417764
0.0
6.18022346197e-07
0.000230607448214
0.00128072809158
0.0
0.00128072809158
0.0
0.0
0.0
0.0
0.0
0.0
0.0
0.0
0.0
0.0
0.0
0.0
0.0
0.0
3.70649311497e-05
0.0
0.0
0.0
0.0
0.0
0.0
0.0
0.0
0.0
0.0
0.0
0.0
0.0
0.0
0.0
0.0
0.0
0.0
0.0
0.0
0.0
0.0
0.0
0.0
0.0
0.00240382811034
0.0
0.0
0.0015675
0.0
0.0
0.00118843344649
3.70649311497e-05
0.0
0.000230607448214
0.0
0.0
0.0
0.0