500
0.0815842404016
0.00621152382015
1.93210279249e-05
0.000355028198278
6.46323822399e-05
2.76496911689e-07
0.0815842404016
2.3980324131e-16
0.0815842404016
4.45547295362e-21
3.60958304768e-07
0.00403541422154
0.00390237686254
0.0305540456403
0.0815842404016
0.00621152382015
1.58710326723e-07
5.30069133335e-05
0.0305540456403
1.05632159372e-08
0.00298281460479
1.01867222759e-11
1.1025702133e-07
2.92105606993e-08
0.000776900529011
1.92775826587e-07
9.30540817141e-11
1.43203021096e-06
3.89069434348e-12
6.97191180936e-05
0.0815842404016
0.00403541422154
0.00227554151065
0.0305540456403
0.00298281460479
0.0195679720684
0.0815842404016
0.0815842404016
0.0815842404016
1.70285420679e-05
0.00621152382015
9.73567875364e-10
0.00250223946584
0.00276219521288
2.91368360625e-12
0.00298281460479
7.15851048344e-05
0.0815842404016
0.0094006763913
5.49664010106e-10
5.31556619686e-11
0.000135112618463
1.18214228185e-05
0.0815842404016
0.01537235475
0.00253805765648
0.000742838838038
0.0815842404016
2.60724455926e-13
6.67583833142e-12
9.71501734233e-06
4.28409329158e-12
1.57505294326e-05
0.00149240369622
0.000383607016217
9.81614586853e-06
0.00163936183403
0.01537235475
8.57075117244e-05
0.00298281460479
0.0
0.0815842404016
0.01537235475
0.00253805765648
6.15771967934e-12
1.23621958772e-13
0.0815842404016
0.0815842404016
2.88949788994e-12
0.000226002883191
0.000464228498998
4.62251238489e-16
3.2594481013e-06
0.0094006763913
0.0815842404016
6.3157249594e-07
0.0305540456403
0.0815842404016
3.04069191004e-05
6.5285201449e-09
1.12996196451e-06
4.15612888489e-05
8.55223420418e-06
0.0815842404016
1.75494124852e-05
0.0
1.57385204995e-06
0.0094006763913
2.09563835864e-05
0.01537235475
3.22617594902e-06
0.00278404984917
1.84669327365e-06
5.32131029068e-10
0.00226111111125
9.08813151114e-08
6.71505792671e-11
3.43993612319e-08
0.0815842404016
1.08879987201e-09
2.00421800371e-08
4.72984843923e-05
0.0815842404016
5.32700373024e-05
1.39943408405e-05
0.00181891442456
0.000383607016217
0.00248699553139
1.96225274239e-05
2.22251609972e-08
0.0094006763913
3.6924627788e-14
0.0815842404016
0.0060270804264
1.69648414454e-34
2.39121181874e-12
1.34772190482e-15
2.39120933664e-07
3.37204601285e-05
0.000317073194606
0.0815842404016
1.10340143443e-19
2.25143052145e-09
0.0815842404016
0.00569707701788
2.51187844129e-07
7.83524092573e-05
0.0815842404016
5.07985439185e-11
0.00250223946584
0.0815842404016
0.0815842404016
4.73960147854e-08
1.11811203824e-12
6.70625051889e-11
1.42806109631e-09
0.00621152382015
6.64802636898e-08
1.4727684031e-09
0.0815842404016
0.0094006763913
0.00107692131332
0.00180844740388
0.0815842404016
5.08492501112e-06
0.0815842404016
5.48962727503e-09
0.0094006763913
0.00279183923458
4.55502498388e-10
4.27783559617e-05
1.20333408716e-06
1.52163874675e-06
0.0815842404016
0.000328350231546
0.0012180595934
0.0815842404016
3.78909089261e-07
0.00227554151065
0.000564372127343
0.0815842404016
0.000288197940043
1.46277890896e-09
0.01537235475
2.32536037325e-08
9.32745539792e-05
1.55702309446e-09
0.0305540456403
0.0305540456403
0.0815842404016
0.0815842404016
6.38285988183e-09
0.0060270804264
0.0
0.0011787550299
0.0815842404016
1.697061332e-15
1.89776448937e-07
1.21268153979e-08
0.0815842404016
0.0815842404016
8.1430559544e-05
0.000484490716396
7.04301922871e-06
3.53799254419e-06
0.000504210167242
6.87957768772e-05
1.95205128958e-06
1.43698309836e-06
0.0815842404016
0.000124518555703
4.24141473337e-05
0.00310639961757
7.37544279936e-05
0.0305540456403
0.0815842404016
0.0815842404016
0.00180844740388
4.25187347447e-06
6.58229042989e-05
0.000863499350155
8.68680001551e-07
0.00134785407625
0.0815842404016
1.95169181762e-05
7.07151960244e-07
2.20969170611e-12
0.00621152382015
2.42677017367e-08
0.0094006763913
1.3124607063e-23
7.31143111322e-08
5.4533535052e-08
0.00424921936934
1.75976604489e-12
1.50940702119e-05
0.0815842404016
1.17932253934e-08
0.01537235475
0.0815842404016
0.01537235475
0.00390237686254
0.00424921936934
9.71194206954e-12
0.000464228498998
0.0815842404016
8.99730974598e-08
0.00373631174466
0.0815842404016
2.28198093913e-07
0.00373631174466
1.70074744067e-06
0.00276219521288
0.0815842404016
2.70047778147e-16
0.0815842404016
1.52017021702e-08
2.25219439722e-05
7.15624640027e-08
0.0305540456403
0.00310639961757
0.0815842404016
0.0011787550299
0.000317073194606
9.93565882315e-10
0.0195679720684
3.43741201674e-06
0.000451651561315
8.60992588193e-09
4.53371274818e-06
0.00180844740388
0.0305540456403
0.000776900529011
0.0060270804264
0.0815842404016
0.00403541422154
8.4594550469e-07
8.1746510006e-08
2.21704709318e-10
8.3876138425e-06
0.00373631174466
1.10977677265e-16
0.0815842404016
0.0815842404016
4.57986234668e-11
0.000870457945202
0.00403541422154
3.38156363599e-07
2.85909249834e-05
0.0195679720684
0.0815842404016
0.01537235475
2.20700520687e-22
5.71688800794e-09
4.26100384223e-05
3.66020145617e-08
0.00403541422154
2.14569757011e-06
2.23324916807e-05
9.20682335018e-06
4.73033134743e-08
7.1764898577e-06
3.30997845555e-08
7.79882683847e-05
1.7212876687e-09
4.46182773633e-07
1.24203321031e-07
4.87485387268e-13
1.36378843112e-05
1.64266256327e-05
9.39012759156e-06
0.00278404984917
9.63438021954e-17
1.12558219256e-07
0.0815842404016
1.20976545566e-09
0.01537235475
0.0815842404016
2.67441978699e-18
0.0815842404016
9.1271926613e-13
1.64576377527e-07
2.46410406595e-12
0.0815842404016
0.00162427323965
3.13400181085e-05
4.96175857624e-08
0.00248699553139
1.45503240167e-05
0.000141500181725
0.0815842404016
1.22407267282e-06
4.62909465354e-09
0.0815842404016
0.0815842404016
4.43981219441e-05
0.00569707701788
0.00180844740388
2.00078407976e-07
1.60837839758e-08
6.57551442402e-10
0.000144463208157
2.98367660763e-11
0.000870457945202
0.00276219521288
9.96068555241e-06
1.92868658068e-09
0.00276219521288
0.01537235475
0.0
3.74835351592e-17
3.62602186316e-06
1.99699845235e-06
0.00165006927583
0.000132892834212
0.0305540456403
1.95579962708e-10
0.0305540456403
0.000607888922755
1.41807076445e-07
1.41056517761e-20
0.0815842404016
0.00135650024197
3.12583811667e-05
6.53669759045e-09
0.00276219521288
1.35817321786e-07
3.13740690113e-06
0.00569707701788
9.37940299024e-06
0.00279183923458
0.01537235475
0.0815842404016
1.73585708273e-05
0.0815842404016
0.000483132910191
7.16132890406e-05
1.21934948641e-09
8.93769291617e-13
0.0815842404016
2.93537464455e-20
1.51320983993e-11
0.00279183923458
0.0815842404016
0.000790297253783
2.18076369628e-06
1.37481659837e-11
0.01537235475
0.0305540456403
1.15996211767e-06
0.0815842404016
3.57621305096e-15
5.92312533385e-09
2.0992354344e-13
0.0815842404016
1.42185933132e-05
0.0305540456403
6.01208227023e-12
1.01692955044e-05
6.82811837782e-05
0.0815842404016
0.000579197824243
0.0
0.0815842404016
0.0815842404016
0.0815842404016
3.31425473574e-09
0.000588315577829
0.0815842404016
0.0094006763913
0.0815842404016
1.0879665683e-10
2.40262220444e-14
0.0815842404016
0.01537235475
0.00278404984917
1.94158536416e-08
0.0195679720684
0.0195679720684
0.0815842404016
1.27258604096e-14
0.000870457945202
1.05339046329e-10
0.0815842404016
0.0815842404016
0.0815842404016
2.75043227941e-09
1.54766922376e-16
5.82695086275e-13
9.0090326371e-08
0.0815842404016
2.74437824914e-11
0.000176796503461
2.74192733919e-07
0.0815842404016
6.24556403833e-11
0.000229029786776
3.23571857395e-06
0.0305540456403
1.64294852276e-05
6.76188853501e-08
4.92710321758e-10
0.000689091449835
4.14634364704e-05
0.00166154197345
0.01537235475
0.000137993895364
1.18800478903e-10
4.19613518246e-13
7.39760524344e-10
3.12073749202e-08
0.0305540456403
0.0815842404016
1.80803383336e-06
0.0815842404016
5.80824596023e-05
1.2196934599e-06
2.48499353683e-06
2.45939031426e-05
0.01537235475
0.00130610241528
0.000369001017605
0.00227554151065
0.00163936183403
0.0815842404016
0.0011787550299
6.91227184335e-16
6.5701505736e-12
3.586507631e-14
5.05665297175e-23
1.46865577038e-10
0.000155704015855
0.0305540456403
0.000483132910191
6.01919151414e-13
3.40542525544e-08
0.0305540456403
0.000113078049062
3.64439198797e-05
0.000479857671777
8.86420367713e-13
1.46313795946e-07
5.63964422052e-07
0.0060270804264
3.31918793508e-11
2.18731763655e-09
0.0815842404016
2.1076422261e-07
0.000848677954276
0.01537235475
5.41834156928e-06
7.75797244359e-05
0.0815842404016
4.10803387318e-06
3.44063296473e-06
0.0815842404016
7.39735197143e-06
0.00403541422154
9.62556576599e-05
2.00161824593e-06
0.0815842404016
0.00253805765648
0.00424921936934
1.19266405201e-07
1.43393132616e-07
0.00390237686254
0.00424921936934
0.0815842404016
0.0815842404016
0.00310639961757