500
0.000116078034256
1.77467515161e-08
0.000260063117804
0.000552124761759
0.00251211263546
0.00798141527287
0.000192060683402
1.35732814667e-05
0.00010504192421
4.29365908433e-05
1.48510397569e-09
8.93283555798e-17
0.000326240610806
0.00151039962017
3.03034019141e-06
2.48850421117e-05
0.00798141527287
2.76446228961e-06
0.0214901367217
0.00109720654476
0.00154533900765
0.000571801393043
9.18975705494e-08
0.0214901367217
3.96180881641e-14
1.03277591966e-06
0.00441177500263
7.49819527154e-10
3.13574903035e-12
6.22035274363e-06
4.57076751938e-20
0.000326240610806
1.60133130713e-11
4.40644023908e-11
0.000299513112778
0.0
0.000326240610806
2.26112243747e-06
2.55492585809e-08
8.45007596878e-09
9.34012766532e-05
1.89512732622e-05
5.5142069046e-40
0.0
0.00154533900765
2.3927297447e-16
0.00798141527287
7.96978147681e-09
2.09835277809e-08
1.17036165903e-05
3.11300965658e-06
0.000552124761759
4.5751310289e-13
4.56933114295e-08
0.000213238477563
6.18119855911e-07
0.002017428652
1.58023489654e-07
0.000681705246621
3.84103454174e-11
2.6901705442e-05
7.42244798955e-06
0.0214901367217
1.38423941911e-07
0.00202990109057
1.48584385663e-06
1.04882154569e-15
1.59352887133e-06
0.00745697994738
1.58772753008e-10
0.002017428652
4.93583639346e-15
1.95753012785e-07
1.26653624162e-12
1.61748095928e-08
1.71660326396e-05
1.57447804471e-08
4.4019500722e-06
5.29007383854e-05
0.000260063117804
1.08220461945e-06
0.000326240610806
1.79279611427e-07
2.26869424152e-05
0.0214901367217
1.35108596863e-08
0.00441177500263
1.59489239875e-08
1.74686957956e-05
1.32297957713e-10
0.00154533900765
1.88778670903e-07
0.00154533900765
3.78838266224e-16
9.07632218006e-05
0.00112331552717
0.00101081014264
5.52168029084e-09
2.68486183858e-05
0.00010504192421
4.39009917539e-09
2.54339480614e-07
0.00202990109057
0.00154533900765
0.00928322919659
0.00154533900765
7.04492641378e-11
0.00328818799876
0.000211240184955
0.000206294249347
1.73395162094e-07
1.53839398338e-07
1.54197572614e-06
1.80942831801e-11
0.000112949882303
1.20680738291e-16
3.48946420923e-05
1.54375218192e-09
1.54217310523e-05
0.00154533900765
0.000963640286272
0.0214901367217
0.00154533900765
3.9542592363e-07
0.00154533900765
0.00402208284074
0.000211240184955
0.00022640120837
3.42979370369e-07
0.00151039962017
4.42958933114e-18
1.6563846279e-09
7.42349025102e-07
1.77871927121e-07
0.00402208284074
0.000326240610806
8.72146593402e-07
0.000174656237013
0.00154533900765
1.32991305254e-17
0.00745697994738
6.47407094123e-07
0.00154533900765
1.23556404013e-08
1.77851314866e-05
7.06492180406e-05
0.00402208284074
8.20940778356e-06
1.85814203652e-10
0.000326240610806
0.00477807549271
1.80032773648e-08
4.93407516248e-06
2.75492217015e-05
0.0
0.0107894192439
1.89512732622e-05
0.00745697994738
0.00101081014264
0.00441177500263
3.11300965658e-06
2.99566370786e-14
0.0214901367217
1.31310086739e-08
3.67790960692e-06
6.57452842429e-06
2.00359542761e-06
0.002017428652
4.8539450087e-07
8.75859652179e-07
6.35214570974e-22
3.1589962948e-18
0.000299513112778
4.42754808483e-07
4.29027924762e-09
1.01119294627e-09
0.000326240610806
7.86483449912e-06
2.14832629299e-10
0.00154533900765
1.59318345242e-05
0.002017428652
0.00202990109057
1.11253406063e-06
1.30437419759e-08
0.0
4.09608053022e-14
8.45866086618e-05
1.19024222249e-07
0.00109720654476
9.12800837765e-05
1.19304020736e-07
0.00112331552717
1.54085320757e-21
1.33299627275e-08
2.76389308174e-07
0.0214901367217
9.34012766532e-05
5.0307943853e-06
6.45554541636e-05
0.00441177500263
0.00017367431696
1.0577516945e-09
9.73632811128e-11
0.000174656237013
4.54358108523e-05
0.000283843907275
2.6248920504e-17
0.0214901367217
5.13987917844e-06
2.52137465372e-10
5.92757091789e-06
2.4153420286e-21
0.000307990632692
8.92274369363e-11
0.00441177500263
0.0
2.59332036936e-07
1.03215184719e-05
0.00109720654476
1.56329307436e-05
0.0214901367217
0.0214901367217
2.49179130545e-11
1.13253001529e-05
3.71103350487e-08
3.7091776706e-11
0.00798141527287
7.17560076612e-05
0.00154533900765
0.00154533900765
0.00101081014264
5.56081439836e-12
0.000655742047577
2.80672252083e-09
0.000224077706308
8.86523066556e-06
1.12431506118e-07
0.00202990109057
0.0
7.93963896431e-09
1.91386522108e-08
0.000681705246621
2.88030519715e-08
0.00798141527287
1.42501122699e-06
0.00745697994738
0.00745697994738
0.00928322919659
1.83086824992e-08
0.000106454952737
0.00402208284074
0.00402208284074
5.54056070229e-11
0.00101081014264
0.00204662945272
3.26603282895e-08
1.98562322799e-08
0.000963640286272
0.00798141527287
1.25638902069e-06
1.75761727662e-05
2.17201142042e-06
6.36952667318e-09
5.04382160922e-07
5.23787697759e-13
0.00202990109057
0.00402208284074
2.14750444354e-07
0.00745697994738
4.01277619203e-07
5.29494504696e-11
3.48945451116e-05
5.81414743745e-05
4.86545128355e-17
2.43992379502e-22
0.00441177500263
4.24109506552e-09
1.57486571748e-08
2.27830333828e-09
3.91391398419e-09
0.002017428652
0.00928322919659
7.06492180406e-05
1.31822396293e-08
0.00204662945272
2.21098786562e-16
0.00154533900765
2.60801479639e-09
4.73542453406e-05
0.000206294249347
0.00154533900765
2.0666587573e-06
2.43487961205e-11
1.39126596558e-13
3.86304538959e-09
7.32586012936e-08
0.000655742047577
0.00109720654476
0.000552124761759
4.30851359481e-09
2.32354455522e-06
0.00414047937148
0.00745697994738
1.9866399771e-08
0.00402208284074
1.321031461e-07
0.00402208284074
0.000548604852213
0.000163002897789
0.00402208284074
2.16735625844e-06
0.000963640286272
0.00202990109057
0.00101081014264
3.48946420923e-05
6.6544370887e-07
0.000564431286753
0.00928322919659
0.00154533900765
6.00978076258e-05
9.83881329689e-09
2.03715346998e-11
1.45775442061e-06
0.00154533900765
6.60956667903e-08
1.51345709323e-05
1.70406009411e-08
0.0214901367217
0.00441177500263
1.03082871935e-17
2.69115663396e-05
2.18841037129e-11
0.00441177500263
6.35243051935e-10
0.00798141527287
0.00441177500263
0.0214901367217
7.42346843202e-11
0.00745697994738
1.0913850598e-09
0.00204662945272
7.17270795163e-10
7.06492180406e-05
4.31508005834e-07
1.05510661811e-08
8.86523066556e-06
0.00022640120837
6.87647879115e-10
1.11456644428e-11
0.00154533900765
4.84819923882e-29
3.07583699929e-09
0.00154533900765
0.00441177500263
2.34940739619e-05
0.00414047937148
0.00441177500263
5.5838818392e-05
2.44252463121e-06
1.32801461265e-07
0.00101081014264
1.60890615576e-14
0.00154533900765
0.000116078034256
1.0575706851e-06
0.00151039962017
3.35450561753e-06
2.02106489065e-20
2.80488693658e-07
6.70949072489e-11
1.0383420326e-06
3.61298964153e-11
0.002017428652
0.00101081014264
3.40405349767e-09
0.00402208284074
0.00402208284074
1.33230238736e-09
8.30160290828e-05
1.51451493144e-10
4.31659031393e-21
7.92027860928e-05
2.90662625036e-06
4.56848003405e-05
6.65365273268e-06
3.10421392842e-06
1.36126343855e-10
5.9270952442e-05
5.4829038915e-05
0.00402208284074
0.0214901367217
1.30208256924e-09
1.27737160493e-08
8.0043891099e-15
0.00402208284074
0.00154533900765
1.57078925805e-10
0.00154533900765
1.01866343209e-17
4.65784713666e-06
0.00328818799876
0.000676618075597
1.10458240949e-07
0.00154533900765
1.30325625436e-08
1.27803470262e-07
0.000299513112778
6.04240457634e-08
0.00251211263546
1.19608069276e-05
0.000163002897789
7.21376748839e-06
2.58208305738e-05
0.00441177500263
1.24643005114e-06
6.10990784551e-08
0.00798141527287
0.00154533900765
0.00414047937148
0.00441177500263
5.78013694416e-07
0.00154533900765
0.000299513112778
0.00798141527287
1.45463763007e-10
4.29365908433e-05
0.0214901367217
0.000753517347254
0.000224077706308
1.66527131727e-08
1.49030238312e-08
1.45264596658e-26
9.45900549866e-13
1.58607580553e-15
5.71727580335e-16
0.00441177500263
3.95014464044e-09
6.15306784805e-06
0.00928322919659
0.00101081014264
1.98886325759e-07
4.43830015106e-10
4.56848003405e-05
7.64189832666e-07
0.000326240610806
0.00745697994738
0.00202990109057
2.61234297215e-12
0.000326240610806
0.000188947456767
1.3530969592e-07
0.00043406600555
1.94151500868e-05
0.00017367431696
0.00798141527287
2.86204419077e-05
8.14589099521e-07
2.66821100349e-11
0.000140290059303
0.00402208284074
4.87542321364e-10
0.00102189517365
0.000213238477563
0.0
0.000552124761759
2.60153861566e-12
0.000681705246621
0.00154533900765
2.91156202264e-19
0.00151039962017
0.00151039962017
5.09123431479e-11
1.75362396772e-09
0.00151039962017
1.28013576962e-09
0.00101081014264
0.00928322919659
1.33232823843e-07
2.84894706229e-12
4.29365908433e-05
3.02227629422e-09
2.99108252901e-08
3.53433243126e-08
1.59318345242e-05
2.78874313607e-06
0.00151039962017
6.70458072566e-05
0.000299513112778
0.000323271669746
0.00202990109057
0.000571801393043
3.33139365605e-06
1.0508181839e-07
0.000963640286272
0.00745697994738
0.00798141527287
6.80074132667e-08
0.000548604852213
0.00154533900765