500
3.10459479518e-06
2.54265761624e-17
1.89859953993e-06
1.35203197037e-06
1.61457072468e-18
1.5153905645e-19
2.27665021417e-05
5.89854205991e-14
3.2295705663e-09
9.91605558159e-13
4.44456902849e-08
3.72340570175e-30
0.000214997966635
2.5595580932e-05
2.62905315754e-13
7.14003338653e-12
6.26329567879e-13
1.50278153576e-31
3.42431647864e-07
2.79914250189e-05
2.30991111798e-42
2.18273376318e-06
0.000238851801392
4.02907487555e-15
6.33977234476e-05
1.29752633977e-12
0.00115153033464
1.95958004502e-10
2.02770884941e-18
1.00095251946e-05
1.89906060136e-25
5.01925876386e-07
5.23077716156e-08
5.58420209781e-05
2.71827356225e-36
6.09194296196e-10
0.000187210245669
1.35315817345e-06
3.59581587055e-10
2.93011536595e-18
1.74988344224e-13
1.58258565249e-11
1.22911353162e-12
7.61227543448e-08
2.86583279919e-05
8.6102365781e-11
6.28562373764e-07
7.90109895468e-21
4.07967193501e-08
1.04088905385e-06
1.65899692762e-33
8.94212420086e-11
9.2223752023e-09
0.000522542883516
7.06424542602e-07
4.01145909572e-08
7.06080259005e-06
8.46768887781e-27
5.21437442648e-37
4.87286954762e-05
1.82515033797e-19
1.9673498959e-08
1.43485226415e-48
2.88623519255e-05
2.83364784942e-08
9.8708811805e-05
3.70702281989e-13
2.67671856071e-13
1.02272775153e-38
4.54664743152e-12
4.37195303735e-08
1.81751166862e-36
1.25804612344e-11
0.0
1.03367911391e-07
4.04297367069e-10
3.80130768116e-22
7.579550682e-22
3.11790536921e-07
1.90320861756e-15
2.25786513184e-26
1.44123999505e-13
9.6959450809e-35
4.9443013403e-09
2.76048893068e-23
7.8774913344e-14
1.19172888083e-10
3.42686905738e-39
3.87968338056e-14
6.27685752059e-09
6.85542621102e-11
4.9863271641e-05
1.04032954226e-06
7.10285752552e-37
2.03600694719e-29
8.36007418519e-16
5.52180369341e-16
1.01789418647e-07
6.47482464349e-09
1.99822712294e-06
1.14539835142e-05
3.53090849259e-30
1.51005441078e-10
2.62786953563e-06
1.08623987402e-19
3.29679331138e-20
4.39750710059e-34
7.96980661804e-13
5.78450276217e-17
6.40905859026e-05
1.33470333987e-10
9.96011966758e-29
5.00712786915e-31
3.38704556907e-06
5.475434491e-32
2.68110598715e-15
6.28759568881e-16
7.38314771381e-38
0.000205153142177
3.25902711396e-11
2.16408075086e-12
7.00971543523e-14
1.56810937742e-23
2.26689601985e-23
8.27630850466e-34
1.01976592996e-40
0.000740440584315
3.57843905718e-26
2.27926221378e-06
1.3662025058e-37
7.27029081985e-06
8.29283973535e-08
3.39820640523e-38
2.57718475642e-22
4.64972683132e-10
4.18876172365e-09
2.68250714254e-41
2.38733761333e-10
4.60728001804e-05
9.89475487058e-17
9.67910876262e-27
1.5962281857e-31
1.49721135352e-09
5.20672997068e-08
0.000249184686889
9.38381621288e-49
1.2079530905e-09
3.69529667447e-16
1.15073117027e-20
3.82395327025e-45
1.50346518898e-22
3.39630396348e-06
5.25863365992e-05
9.6615029852e-28
3.80205373172e-10
7.08882158749e-06
1.92380123718e-07
9.35956551211e-08
3.24866354747e-19
2.82558822158e-39
1.12273154898e-07
1.38337144163e-12
1.05928310514e-06
2.29181083663e-17
1.52938110632e-33
2.72855884858e-11
1.70049845898e-25
2.94736940972e-11
2.74169838988e-12
1.53349875857e-17
9.98890114658e-24
1.16284294821e-28
6.88521798268e-23
9.3714344353e-10
1.02240977112e-14
2.49148995772e-07
1.05510122263e-12
8.56884339526e-56
4.70168990823e-14
5.75669741749e-09
1.79049820695e-24
8.12837325228e-13
1.73067830901e-34
5.71760533015e-21
1.0708086474e-34
1.41176534642e-10
7.84267458556e-13
0.000104757916351
1.09819276501e-05
6.20308458233e-13
5.35933896654e-05
1.2851863363e-08
4.83327783932e-18
1.26140767395e-07
3.08588317037e-05
0.000135048780699
3.75670652136e-11
1.31136200033e-08
2.75816455476e-33
3.51032834602e-09
1.04001152009e-28
0.000196474193855
3.19261600409e-14
2.63596076949e-07
5.57106414159e-05
1.05571056973e-21
1.86729626105e-13
2.83269140693e-51
0.000247556405446
1.47374836059e-10
2.57567966023e-10
2.05120586594e-54
8.65193063509e-10
1.56025770887e-24
2.66985648641e-07
1.17750508339e-28
0.000119067087385
8.21266040222e-28
1.14284237195e-11
6.66337122179e-23
0.000249859137169
1.15744481755e-25
1.2522043939e-41
0.00051479598089
3.14511610584e-16
2.21270858104e-24
2.38094633283e-19
1.20901864085e-45
4.3047874735e-07
3.5741020584e-21
1.33403248967e-55
1.32278098992e-08
5.2522846537e-32
4.29729660332e-06
1.60433454305e-05
3.72017992093e-09
3.70284980947e-06
1.13580888057e-10
2.49979086306e-05
3.2203071336e-14
9.00560999604e-34
1.16484258317e-22
3.00087761028e-23
7.00843599487e-24
1.2867659233e-34
3.15019630893e-17
1.54852230623e-06
1.53816071775e-08
8.13843032052e-14
0.000852569967841
1.41933680946e-19
5.63778267925e-43
4.86695322858e-05
2.09115946878e-33
1.58434419323e-19
5.41594928105e-12
6.99371854539e-07
6.29467829612e-15
4.78498552734e-13
3.50939928266e-08
8.25006133538e-06
0.000320563158395
1.31750290231e-40
2.21229220846e-07
1.47322693271e-13
1.29434761476e-17
1.4455042578e-15
8.1007780646e-06
5.93767487611e-07
1.95425008461e-05
3.29867885268e-24
5.53939434158e-07
7.11841404868e-15
5.09887177519e-08
1.28955593352e-09
1.76323244161e-09
2.68762358239e-05
1.46213296196e-16
3.06241718987e-06
1.11519161494e-13
6.33696526867e-15
1.94100103076e-11
3.78523933676e-25
6.07329682134e-23
3.80975157901e-05
1.26731181948e-10
2.70590215712e-05
6.22422413249e-24
1.5475810574e-28
4.09386600669e-07
4.83953210354e-33
3.43525795946e-07
2.56577991877e-17
0.000163398416176
2.18115782155e-12
3.17077638755e-40
1.55761144086e-45
7.11741206627e-38
1.26275809801e-25
5.37437720689e-12
2.06367361728e-36
6.98237083218e-20
6.05739698963e-09
1.83933828895e-29
3.97281804437e-08
0.0
4.72375756219e-06
1.1389626234e-11
3.17242568292e-24
1.22700113774e-30
2.20991608844e-08
1.12656908778e-19
1.6652555682e-07
5.14336564637e-10
6.11618317919e-06
4.24889383292e-18
2.3764850483e-06
1.0186970749e-07
1.64995112222e-09
6.96214458196e-08
2.2332032104e-10
7.49932713853e-08
1.79835932689e-23
9.72539566383e-39
4.64020264112e-41
9.39248629796e-08
6.93720399373e-37
1.73558751852e-08
1.22051891589e-20
4.34287021967e-15
5.86440531919e-13
4.37205468376e-10
0.000852569967841
1.6819437282e-05
0.000247556405446
5.61164155742e-06
3.86894510445e-06
1.27005373148e-26
1.89214799392e-07
2.45011564217e-22
4.45604653113e-22
1.84418909414e-11
1.71792415009e-08
8.2507108524e-17
1.74745172464e-24
1.05480557705e-21
1.12097599074e-06
0.000350786156087
1.81342830192e-29
3.58445529212e-54
2.36640011251e-09
6.15362188599e-68
1.799320986e-51
1.99922646884e-19
1.71945571913e-25
1.10828132362e-05
2.91402048112e-15
8.8507294978e-19
5.48363508032e-06
2.46399516272e-07
2.54863113346e-10
4.52365366678e-06
1.46597776956e-19
0.00051479598089
0.000134517115302
2.36019326582e-17
1.67196078094e-36
2.51596445104e-05
3.0929693055e-11
2.92260185689e-10
9.96889172876e-21
9.09802312073e-05
2.77475151653e-18
2.78187829226e-41
2.21726274648e-11
9.95907854196e-17
0.000226227466032
1.10724221604e-17
1.30587707558e-09
6.42985150165e-05
2.70590215712e-05
1.00697678723e-12
1.86110934607e-14
1.41768169829e-19
4.73889978399e-12
6.87449939854e-17
3.05941621301e-20
6.47878733562e-46
6.9410613541e-17
4.27569875826e-09
1.73008606791e-38
7.65308117829e-27
7.58361333692e-17
8.46316679062e-08
2.43528447455e-13
8.49312596871e-09
2.61977338642e-12
1.78980708176e-11
1.20472822488e-23
4.42115676417e-07
6.64165549171e-18
3.02551111201e-12
1.05906527234e-21
7.38744965153e-08
2.9626014656e-09
3.50074628881e-05
9.22484757831e-16
1.84365598908e-48
5.38134322204e-09
5.99521268402e-27
7.40520509804e-41
1.51440198628e-06
1.02937727949e-10
1.36597831396e-11
2.95087388805e-08
1.85323893745e-06
6.41727116825e-10
1.04809351758e-35
7.87091369747e-05
0.000447090387031
5.8235871939e-27
3.13629182473e-06
6.5047540999e-13
3.05357860506e-09
1.40852472023e-43
4.75095739186e-06
2.27495595214e-34
1.58165674042e-07
5.21464788923e-07
1.32619535428e-09
2.49426250293e-41
9.8600393848e-13
7.17553520587e-41
5.33000826466e-11
2.13411976182e-16
7.612543368e-17
3.07397598583e-20
2.3168676141e-05
0.000127955014025
8.63957410159e-12
3.0351561217e-08
3.20492270354e-24
3.53816552926e-05
3.17462639661e-41
1.06307174347e-18
3.43053880512e-26
2.17734609643e-11
1.86219576416e-14
5.40219059011e-17
3.54199937743e-17
6.02580284357e-34
2.02236088103e-06
2.72267014141e-11
8.13759030727e-13
6.08479910328e-13
7.21949760148e-14
1.07694871709e-07
1.23753117185e-17
8.31375500408e-07
3.23320287134e-13
1.2783402766e-07
0.000453818422646
8.21534616106e-11
2.42294341899e-10
1.18326929644e-14
1.40858194311e-25
2.96313798169e-60
8.76195098383e-18
1.83337559257e-28
2.8197884381e-18
4.425575167e-06
3.06799610083e-17
6.73079793831e-30
5.54146466214e-36
0.000249859137169
2.20411225034e-06
2.85363870257e-07
4.29762855248e-71
2.11634105266e-44
2.26720971299e-19
9.31118709275e-08
8.71608587321e-21
3.7213969391e-36
9.30802939396e-05
4.92979348715e-13
1.98454293756e-24
4.45895103347e-07
5.18540665635e-10
3.50707871421e-14
1.88457021643e-40
3.27307013711e-45
8.7513628018e-32
1.40772562002e-13
1.20583385472e-05
3.42689487668e-09
2.42825437253e-10
6.0997608211e-29
6.8666770399e-14
1.21173003456e-20
3.47481566941e-18