500
2.68475678958e-51
1.02153700856e-11
1.45115450825e-05
1.40042703802e-62
2.17847139899e-13
6.09436834401e-26
5.82324931533e-30
2.37464279992e-29
1.21962477152e-17
0.00299243164062
7.51670997035e-10
9.21239729372e-36
5.51562387534e-22
4.05210303431e-10
4.81327588797e-30
1.52517081781e-05
1.2485217821e-66
1.04563411609e-15
2.00465094672e-08
5.08365753486e-28
6.04833857711e-78
6.07781703059e-76
3.61497910849e-09
0.00299243164062
1.06999046106e-06
4.95187768224e-17
1.15613936711e-13
7.56029592562e-38
0.00299243164062
8.31323806109e-73
3.2417133829e-15
1.05165784332e-05
1.09864829242e-55
2.95324102378e-14
9.90228619181e-08
4.08745652411e-17
6.68004880727e-05
7.95742504716e-17
5.86111516704e-11
5.74164702474e-39
1.88829175388e-11
4.26751629392e-17
1.25831179261e-27
1.09381388372e-62
4.83246993508e-06
1.81603922469e-39
5.45434942925e-79
1.11207030203e-17
2.00488671058e-17
3.90233714426e-26
1.37073173029e-58
4.24724587805e-10
1.16680452614e-35
1.43562956574e-66
1.81775783797e-58
0.000189308902422
7.29738087189e-42
1.36770346746e-20
1.73653038271e-05
2.01688495587e-28
3.36446753047e-18
9.96294690852e-32
1.67617685971e-33
3.17810922839e-11
0.000146168084264
5.00416789065e-16
1.99171260902e-12
6.37239731309e-16
1.20321938584e-05
4.61114221307e-54
1.54891282614e-09
3.50787876441e-07
1.38799294047e-11
6.53869783271e-105
2.89801093958e-33
3.81982014867e-25
5.49368383115e-13
4.9434782531e-31
2.47366377385e-26
2.99527345018e-17
2.85205483207e-08
7.65337826097e-135
6.56248341745e-11
0.000640386852888
0.000640386852888
4.12669010958e-06
3.46085738121e-84
2.75864829266e-38
7.15430614484e-15
6.16617493978e-14
8.90282511432e-17
3.23983904172e-16
3.24983670358e-10
8.20721581047e-16
2.48123694619e-19
5.4507656832e-117
3.94724826217e-07
8.63034626795e-22
5.80646215133e-08
3.00038427198e-10
3.354369197e-15
2.14114896697e-11
1.66937900065e-65
1.80121240735e-20
2.52003261862e-15
7.32363420451e-25
6.26295939971e-06
9.0639749708e-15
7.17965602466e-56
3.60727695087e-25
1.65700645385e-06
7.87570947468e-70
1.69584900951e-38
1.06347407097e-27
5.80657261969e-88
4.02548761866e-19
2.12396136766e-27
5.8375790911e-61
1.54573091219e-10
5.93607438814e-23
2.24259689474e-10
1.18831088536e-34
5.11494357641e-51
5.94899044231e-12
2.86512160876e-27
2.46878930772e-16
1.79648688472e-38
4.03717974106e-08
6.1817506278e-07
1.26905500802e-29
9.90423864645e-18
4.61522381557e-21
8.93616575408e-33
5.17314693937e-07
4.19707448516e-34
5.32950640125e-06
2.09801666518e-16
5.22705358888e-27
4.18890256146e-05
2.47114789831e-79
5.30963138801e-56
1.16884145619e-44
2.61189556448e-29
9.18053005592e-93
0.00299243164062
8.51620226567e-09
6.71696809471e-05
1.28062946544e-17
6.9606023944e-21
5.97070643918e-22
1.07723623623e-06
1.09909837748e-27
5.09068511153e-15
1.06976923943e-57
4.04747451103e-22
2.54660616244e-23
1.9314060963e-11
1.20149223355e-28
1.6250100829e-05
1.08455035273e-86
4.79222806422e-06
1.42296246622e-47
9.05324129096e-14
2.04344640052e-78
7.79837840281e-13
1.32452307995e-28
6.67781066466e-49
0.000640386852888
8.91187247807e-07
4.60883927368e-24
3.37262617993e-30
3.08754329907e-09
6.1579452115e-33
4.37465467178e-09
4.25148064709e-74
0.00299243164062
0.00299243164062
6.78551470861e-37
2.23328810584e-27
1.46996794868e-17
2.43430100836e-80
2.60707067442e-24
9.06655313853e-30
4.51491285471e-09
1.55678897767e-08
1.36178574654e-71
8.22385286813e-10
1.25138611491e-28
1.07804386548e-18
6.29396174326e-23
1.0933006914e-07
3.01809918841e-16
7.44476133814e-36
2.4383627613e-08
0.00018444943821
2.73093999317e-10
1.14043711462e-29
2.86538522914e-16
5.00492065186e-09
2.35099652772e-07
1.74352011297e-29
1.00117112267e-13
1.02473137024e-21
1.07472811984e-14
1.28565265372e-07
1.04300280276e-07
3.42761321215e-18
4.73377934642e-19
3.85737373847e-07
1.73201849734e-25
1.58822068019e-28
1.82304766624e-20
5.76757558909e-44
3.48990289651e-16
1.91107102166e-38
7.14078442809e-27
1.16616936151e-33
7.36956876628e-64
2.52613188012e-08
1.11946718902e-08
4.07462884117e-32
1.28823105929e-32
1.18905209529e-10
6.58792863354e-31
4.14434053458e-07
3.55416686719e-20
7.42593191391e-175
2.35103596954e-32
6.06745065466e-37
2.66861796877e-43
3.40520385129e-17
1.03487763087e-12
1.84353145776e-16
6.3243293525e-15
5.00143717331e-12
7.98486072214e-37
3.10415039389e-24
4.12844120261e-21
1.92373193866e-63
4.12591442583e-28
3.15393381209e-27
2.09309405774e-07
8.29498747217e-12
7.34031743061e-43
1.76320710011e-58
4.55659898746e-34
1.17176506088e-111
2.86185214601e-14
0.000483409416281
7.84101620389e-15
0.000184713111565
8.5820666006e-23
2.09867771601e-16
1.35968169076e-49
1.80182224705e-39
4.22566228973e-50
3.07530459953e-07
2.29768980055e-15
1.10590207113e-31
1.16504599455e-21
1.52443194222e-12
1.2123976817e-44
8.86613285061e-53
9.29942879632e-26
1.28094272649e-78
8.05436926184e-18
1.49263077216e-25
1.76694001764e-102
3.13761383956e-15
1.15003080642e-36
2.26718411834e-17
1.37195903354e-56
2.3475812586e-20
9.54334962547e-57
7.77109584934e-16
1.76939676919e-11
1.56074415902e-116
2.74871876181e-28
1.90310406097e-50
1.97289766345e-20
7.29092422355e-15
6.76539046511e-17
3.6740441671e-97
2.06278950752e-58
5.17182586512e-19
2.06888344038e-07
4.26525598848e-12
7.50623730514e-18
2.06352939085e-40
3.71797687195e-18
1.01662517352e-29
2.57348061597e-14
6.08052241597e-51
4.39341946252e-22
1.92806223019e-25
1.36153144748e-52
4.82240579352e-21
3.6695726491e-21
1.49237033973e-08
8.12647742738e-17
1.46131838271e-22
1.2050769285e-09
1.06245422966e-33
0.000163735378896
3.82466297661e-46
2.53994525808e-25
5.27570526229e-66
2.69424972003e-39
2.81530985582e-24
9.81974517292e-06
6.61147083136e-21
3.44413417329e-29
5.37726706143e-24
1.88973336386e-18
1.1226199214e-11
4.27920084036e-52
1.06063379165e-17
1.53320554072e-69
3.16652512196e-35
0.00299243164062
5.4703959948e-30
4.62251595479e-22
8.91953379304e-18
1.45963082228e-35
3.67512309789e-11
1.10821063359e-20
1.58323608194e-169
1.77677707128e-28
1.88441038136e-07
2.29721429205e-40
2.02957707246e-27
2.19011608227e-46
0.00299243164062
5.1484850512e-10
9.97514254149e-12
4.39938589508e-34
1.41078208646e-56
1.24780881756e-17
2.36584734864e-35
7.14290435615e-07
3.5607441096e-13
7.37539707964e-63
1.20995636508e-09
9.60904600661e-20
1.16861372662e-27
1.67446404938e-32
1.4380537612e-11
2.37209559427e-65
4.02572068996e-30
6.28155473765e-27
2.52803648773e-08
5.40589380484e-05
7.42354599739e-13
2.37488218435e-32
1.60194917067e-33
2.35565066914e-09
6.73165108739e-10
1.6910348931e-12
2.46754388323e-35
3.44198064138e-10
1.27545327847e-38
2.36850547195e-70
1.71177915613e-08
0.00299243164062
2.41857481696e-19
0.000168673984891
2.24946494711e-18
1.32455694553e-16
5.88086824004e-30
5.44567495006e-30
3.39330250537e-40
6.75221801934e-30
3.32724450659e-18
9.65974700089e-49
4.23432022891e-25
3.81599474373e-09
0.00266870540265
8.70725754268e-169
1.12675637765e-08
1.47756657536e-15
1.0186221249e-44
6.62245580648e-09
6.38557668276e-42
1.11576335122e-05
1.21058374897e-39
3.16074986741e-18
1.22468311563e-05
1.16833793648e-28
0.00299243164062
4.65767067199e-35
1.71044794104e-05
4.54411496622e-39
4.09793800184e-12
1.07839619032e-25
2.7957272471e-07
0.00299243164062
0.000640386852888
2.80248981925e-15
8.44013599535e-45
9.19006161778e-11
5.4700429107e-10
4.26580169049e-24
0.00299243164062
2.92717628975e-05
8.62286728333e-09
6.30160134154e-05
1.0760783433e-38
0.000188792384703
4.79332516838e-28
1.12768316656e-05
8.37338182584e-21
7.14181485374e-05
4.12785628831e-25
2.19849463576e-19
5.03236562454e-54
2.98434103206e-33
6.24773308333e-40
2.02049380118e-39
4.05528311032e-30
1.78727117216e-43
9.13799718495e-75
5.7207506335e-17
3.95131522716e-65
0.00299243164062
2.35354638348e-34
1.26046924585e-14
1.30460300806e-43
1.62050189273e-152
1.80412603043e-15
2.787710422e-24
1.05440948208e-05
2.23821331859e-36
1.6225756801e-11
7.10629845002e-84
1.95910301338e-08
4.86724618042e-06
8.45785869118e-29
9.9688912255e-64
1.53839982276e-15
3.70464914223e-08
1.99251482895e-34
4.8914760119e-55
5.06139582399e-22
4.13627346563e-11
9.93563839298e-20
6.8939003864e-39
1.99123859622e-10
3.73893527216e-05
4.43450504761e-11
3.74385401586e-05
9.13603437137e-23
1.05768814002e-20
9.35900840105e-29
1.32206790261e-05
7.85637063996e-20
1.73653038271e-05
1.01694002254e-21
1.50018139388e-37
3.48900444886e-19
9.82757605044e-15
3.13591499628e-23
0.000640386852888
1.41249015001e-14
7.61847832946e-11
6.33181239582e-05
5.07477566984e-38
6.18993957812e-12
8.87631031017e-74
3.26323063391e-35
4.46386896698e-19
3.28986819342e-11
0.00299243164062
7.9078484469e-14
1.23736988987e-48
6.30160134154e-05
6.48492377633e-35
3.49789672652e-40
7.58518800102e-05
5.64451888142e-17
2.38841078329e-36
9.58033056367e-13
1.36328394018e-19
5.81050217987e-24
5.08355129325e-09
7.27941177935e-06
8.02526409628e-32
2.6133344131e-25
1.51198349205e-37
5.16397447193e-36
2.01033367549e-12
4.15333896711e-11
6.03583640743e-13
2.10807536274e-26
6.08810553675e-19
1.54806779103e-07
1.66591307408e-85
2.11745762355e-40
2.6661601926e-24
1.13727743577e-17
3.13572729349e-28