500
2.0133137133e-09
1.61972781242e-06
7.57420797415e-11
4.11383521503e-08
5.14483654613e-16
9.23343467351e-13
2.36721204841e-17
3.35044733521e-11
3.05498844626e-08
6.44898340793e-17
1.07237893768e-05
2.77630667255e-12
0.000110827319652
3.3601762231e-10
0.000716993559985
4.34903878003e-10
8.88363118219e-19
1.38710928243e-16
3.39274176614e-19
5.64615671615e-10
1.28238640887e-07
1.4311112996e-06
1.01382900841e-11
5.55069036711e-10
1.70730937699e-05
2.13392783416e-09
1.48206237224e-18
6.41646110241e-07
0.000655077148282
6.53821541125e-07
1.05400660964e-09
8.60128236903e-12
3.41734663246e-17
5.96439777992e-18
7.42303323118e-13
3.07945066652e-07
2.25414386529e-13
8.43953245406e-16
1.41548818541e-11
2.50412287712e-05
1.56390581967e-19
1.28318809007e-09
4.43347895271e-08
0.000570779364678
8.54344281634e-08
1.93226641973e-15
0.000382865797946
0.000262663139686
0.000232958148537
6.02824113259e-20
2.09794992894e-16
1.37338322521e-05
4.60024570357e-06
1.30376470105e-17
1.8964110077e-10
1.43258270876e-10
9.52606688846e-12
1.46620120191e-05
0.0286191205031
9.11621487805e-17
3.27654837512e-16
1.86886850502e-15
6.45327564774e-17
1.13407462172e-08
0.00319428940229
4.89974129588e-16
4.35395190497e-08
1.73459484728e-09
4.108882628e-17
5.19729794387e-08
1.25231244535e-17
0.07391398265
0.0126314351781
4.64751623612e-06
6.50019631909e-06
7.33809402181e-13
7.06324208419e-13
2.53884137916e-10
2.68475947238e-09
9.34034348199e-18
2.05048490462e-14
2.14643988986e-08
0.00967979204808
0.00709841478318
1.91659850856e-13
1.01250408059e-07
0.0464604998529
1.09808319011e-08
1.15052748167e-17
1.87532852745e-13
1.64749834644e-13
4.15444237028e-10
7.28110973829e-14
4.50442570783e-13
1.70750271834e-17
7.87768471194e-15
2.0547541474e-12
5.64770537551e-06
8.18306302385e-08
2.31931175863e-16
4.36584010617e-07
2.3891792737e-05
0.000211426857736
2.24574809188e-13
1.57986597493e-18
7.6538208041e-17
1.75613526163e-10
0.5855
1.29682178197e-21
2.27910266337e-14
1.32026739727e-12
6.6985735452e-16
0.239718210436
2.58763444553e-17
1.84341683526e-10
1.19853103539e-21
2.23675561176e-21
0.00122198459692
3.58240174339e-18
2.97154756085e-16
1.69871723306e-13
3.73399705124e-11
0.00101218564057
2.77560840429e-13
0.0
5.22744142422e-18
1.7690112363e-14
0.345781789564
3.97955206901e-14
0.0199228924382
0.123236859678
3.17185185451e-08
2.68734697422e-16
3.14617625677e-14
0.00171340656389
0.000303285978506
4.71158966717e-13
1.57912179108e-14
1.70542419961e-06
2.4933659541e-14
1.67853531924e-12
8.85485628457e-07
1.97838010745e-13
0.000545403825545
7.37019962935e-19
1.40571641418e-16
7.23153681768e-14
4.43388630762e-05
5.13136867266e-19
0.0312505334552
2.4772821775e-10
1.84893348377e-15
2.45564477746e-14
2.59071909024e-05
0.271867806914
5.5305612685e-18
3.57352170563e-14
1.83422961787e-17
9.17397374643e-12
5.08962063015e-11
1.37561302747e-13
2.33471807319e-18
1.47246768576e-08
5.39872600034e-11
0.00345326916691
1.85246671048e-19
2.42403504275e-19
0.00110423850452
7.83376677406e-08
0.0111377108989
1.43638057081e-19
7.85638898094e-14
1.93763095649e-19
1.82957919351e-09
1.84458044114e-18
3.40933820241e-11
0.059091935031
5.21201432561e-09
4.72390809046e-17
2.50520186975e-11
3.25371577906e-12
0.00278628687582
3.04000689286e-08
1.15567490655e-13
0.0382437516747
5.64183509831e-13
1.80889061818e-18
0.026489515964
3.29256732344e-12
0.000859801302696
0.0860933853533
6.68667860669e-08
2.06409278978e-10
3.21369298857e-09
0.01505288439
0.000466988817392
6.66434661369e-13
7.44903402163e-05
1.06780107396e-18
0.301
0.00364922775361
5.47439425943e-14
1.06323929789e-16
5.47002925525e-07
0.00433482303306
2.38899268275e-11
0.177763140322
1.64127389223e-14
4.05784106862e-07
0.177763140322
4.49237878967e-12
2.99322107441e-08
1.00776536069e-06
0.000140355785873
2.91756652771e-13
4.35236722106e-12
1.62275738555e-20
7.37921838908e-09
2.75130651192e-16
2.77568578289e-05
6.30413199045e-18
9.55643171124e-14
1.24890561368e-14
0.0127016929873
0.000648037751417
4.27393830842e-18
2.64045534066e-20
3.77320074711e-14
5.71181676951e-15
3.10422538522e-10
3.9671027674e-16
0.0289068830164
0.00110423850452
1.88093950194e-11
0.00915982499325
7.38581001357e-09
4.91190827183e-08
5.83282015995e-07
0.5855
1.01708056561e-08
2.47541297068e-11
1.09986928964e-13
6.80625539557e-06
2.14924484233e-11
6.60418211499e-16
9.63439590895e-08
1.96045499236e-17
0.0220805382708
9.95652619029e-18
2.4403208722e-06
8.00992942443e-16
0.000196109771733
1.58898756526e-10
0.1095
1.46382897094e-08
1.01055681974e-11
1.63928249225e-08
3.61352707703e-17
1.48881909109e-18
7.10982101016e-16
0.00104462441182
3.33350020549e-14
0.00112995819908
1.4274060553e-13
4.38494635662e-05
2.44352072641e-17
2.69782882758e-13
2.51982155201e-10
0.5855
1.41002012e-11
3.74761201853e-16
0.177763140322
1.4093489972e-11
2.75443898269e-11
4.71929825784e-12
1.02755326332e-18
4.66451424868e-07
1.97924951156e-05
6.20982929006e-18
2.64367920127e-11
0.000681704470894
5.59176613816e-08
8.41683016763e-19
5.91700441331e-06
3.03652595727e-10
9.88155875111e-19
5.59514830476e-16
2.85910648448e-18
5.56545690069e-15
2.17568998363e-11
0.010491559107
0.00179294152508
1.99461172331e-09
2.49846600526e-07
2.78268810983e-17
4.05373597676e-07
1.23078477479e-16
2.86756491639e-13
3.60968102671e-07
4.70139943774e-17
1.26342456883e-18
3.73388173585e-06
5.05418925827e-20
0.059091935031
2.75729650573e-17
2.35654742461e-05
0.000668405785531
6.71070178778e-16
1.92213322774e-14
4.17283273871e-16
2.4897991668e-10
3.53718053996e-19
0.037871569436
2.72025958642e-10
5.53947287135e-19
5.50111489103e-19
0.0337212552522
0.00182161258599
9.65138564125e-20
1.38044975555e-13
0.00647201324122
1.25432902179e-06
8.78886697013e-09
0.00364922775361
0.271867806914
0.0025439512928
2.38354985186e-08
2.36659585218e-09
6.50191015129e-07
2.12736008882e-17
0.0117659665253
1.40709681971e-16
6.88308722329e-19
0.00659014541599
0.00281655024853
0.00036684007285
0.00154287876138
3.91458425721e-14
5.10038239499e-13
0.301
0.0220805382708
5.5894863578e-18
0.5855
1.86158627284e-12
1.08616403455e-15
9.21774339881e-09
0.239718210436
6.12835433894e-10
3.65984103864e-08
9.42483431666e-20
0.0126314351781
8.6660084347e-11
1.29623436503e-16
5.56140473718e-05
7.58381948388e-13
1.97819834752e-16
0.0118351943057
9.86844360661e-11
5.71366171887e-12
7.70897036044e-09
1.87787250337e-09
0.271867806914
0.00904031958966
2.13374023673e-12
0.5855
1.16748469986e-11
5.07365312822e-05
1.26555840954e-10
3.08482567088e-12
7.96303162847e-12
0.000198360836744
2.42692271139e-16
1.5286683186e-07
2.33181820357e-18
3.36106138611e-15
6.49990050163e-18
0.0010696229436
4.16191353762e-18
0.00277610593263
0.5855
0.0429506815866
4.75922401231e-10
3.2504533119e-16
9.09164984987e-10
0.000122529693995
1.48231106429e-11
4.47867255128e-09
0.345781789564
1.09723743863e-13
5.15389138545e-19
1.99603246696e-15
4.91887025281e-15
1.65599866161e-17
0.000671939755208
0.00013556756084
3.18764833226e-12
0.00258649474823
0.000256906537907
5.63189743465e-15
2.91203438731e-09
7.12642390204e-13
1.44264824754e-14
7.29276075525e-17
4.6931121872e-18
0.00102462542264
1.57896736691e-15
0.0202992054558
1.5928403874e-06
1.04342246891e-14
8.13806006185e-18
1.11704251969e-11
2.85113261119e-14
2.85849836401e-15
5.80608214036e-19
1.66511613849e-18
1.74695376047e-15
0.00446188782103
9.75508523702e-06
8.99851145535e-10
2.58872713584e-14
1.04683031272e-05
5.77453386768e-10
2.54402165952e-13
6.39585987818e-07
0.0245704494909
6.55898498893e-16
2.92815912351e-15
3.91859520718e-08
1.50653823672e-19
3.14028579959e-06
3.86038839303e-10
7.31535746315e-07
0.345781789564
1.2950994488e-18
8.82178972725e-16
3.94352211481e-13
6.5794114199e-06
1.48759040391e-15
1.97272210209e-09
2.71407078549e-12
8.08104734834e-05
7.86013824221e-12
1.66555033213e-10
0.000902552752672
0.00393424942719
2.30580162769e-10
0.000110097793824
5.58164482304e-12
1.64692621712e-16
6.68420589439e-11
2.08181793556e-13
1.33327167023e-06
0.000479009766202
1.19411489504e-06
8.53706917743e-13
1.19331134521e-18
1.97686434989e-12
7.7060403099e-14
5.59826146397e-14
1.4610746932e-05
2.61717589736e-20
5.27726243066e-15
0.000619982283373
2.64786188024e-11
9.19846011206e-07
4.27822463764e-07
2.43959318567e-15
8.35855200716e-09
3.12154755718e-15
1.04633718796e-16
7.19910927691e-16
5.43089579192e-06
1.70580721523e-07
0.0230216155015
1.78332990328e-10
1.69346230177e-14
0.000867301302842
1.34045480562e-08
1.7630221484e-14
6.97033319297e-10
3.89219167113e-07
2.23276523581e-15
6.35411949941e-13
1.6984039117e-10
9.31101497624e-12
0.000403368233888
1.53496223196e-13
6.15941838265e-08
0.000496672263454
1.86030676847e-10
7.86933467697e-07
0.00104736900737
1.6650863646e-12
2.07605991193e-10
0.239718210436
0.5855
1.78135209422e-14
9.40692057462e-07
2.25611609092e-07
0.301