500
4.79143351054e-25
3.93441403085e-13
1.65866529945e-09
4.35196386168e-07
3.76538006406e-06
5.83374358835e-13
3.07777025047e-10
1.45188809772e-15
4.1017095226e-06
9.0376518453e-07
0.000149492432184
0.0010589504755
1.39156137334e-30
5.29663162063e-22
0.00240667309519
3.48014304954e-20
0.0
2.23568932179e-54
2.2038577117e-13
0.00229668479752
2.53866228255e-29
0.00278813947472
3.76393186626e-19
5.64290217602e-21
7.41550420705e-08
1.66862363016e-07
8.17101918883e-17
4.21392766316e-36
0.0
3.77942381853e-09
3.29266683263e-10
1.57388652566e-55
1.09410742685e-71
2.15572527962e-74
2.59973505742e-24
1.30137877296e-28
0.0
4.97948886662e-53
3.84167251362e-31
0.0
6.74992695875e-07
4.07859590995e-07
1.58275193355e-51
6.93146020364e-21
3.08495821367e-08
5.84140872664e-35
0.0
7.2662073594e-29
2.76399280749e-29
1.8653290499e-11
0.00278813947472
0.00155535507388
0.0
2.15774698988e-12
4.72957307579e-10
1.84521669471e-08
1.01945664912e-09
1.42258911328e-36
2.43719217942e-07
3.15776240925e-55
4.89753742729e-21
1.49108728118e-11
1.54986010815e-09
1.75574914849e-36
2.64493179364e-21
1.70401493555e-16
0.00229668479752
1.55009324697e-40
1.50339968362e-21
1.64030414248e-28
2.90427878944e-23
0.000505855416217
4.84113136575e-05
0.00278813947472
4.61562323902e-10
3.25310443635e-06
6.09901860255e-29
1.43982515759e-23
5.14633076401e-13
2.79190368438e-24
1.21756175939e-20
0.0
2.34597104623e-32
3.072056236e-24
2.23856502032e-10
5.86572350821e-09
1.41660177615e-60
0.000207370622649
8.71723402323e-36
2.579391039e-09
1.55180571326e-13
1.75033308567e-20
8.59974722959e-10
1.0604441677e-06
2.71456437417e-65
8.78451523332e-30
0.000354925864069
2.12709402686e-29
5.60996013425e-15
1.27630208668e-68
1.56712198859e-25
3.80332873009e-13
3.60439379584e-23
3.33997092275e-14
1.17588227356e-06
2.2875604401e-11
1.1753507041e-06
6.96101030349e-05
2.34830057144e-52
0.000310540122745
1.26874551933e-06
1.4208455269e-58
3.22933319736e-21
1.2441603818e-11
1.31113940014e-18
1.77286597749e-89
0.0
1.12946850015e-31
7.07925550198e-21
2.59252442561e-07
2.96627193297e-24
2.98538006404e-15
6.29046588564e-16
0.000555533680226
1.39317467511e-22
3.6938188896e-43
1.77311549561e-26
2.26513242712e-23
1.67887146072e-17
0.00229668479752
4.68598452994e-17
0.00278813947472
4.58115991693e-23
2.20052223269e-29
2.7126406512e-06
1.24568038167e-41
0.000233238724842
5.23596209078e-10
6.100103883e-17
4.11711255813e-06
3.38538014381e-21
4.47684070966e-06
1.01735695636e-10
1.92792347334e-05
3.85127087929e-13
7.90331695599e-29
6.19226418753e-49
2.00480311062e-31
4.6763606608e-20
3.30643693262e-07
1.23541552194e-05
9.63357004485e-14
8.69712295343e-08
4.24954350295e-13
6.08657539384e-13
1.13783907279e-21
2.1789247495e-05
5.71404383408e-24
0.00155535507388
6.38456347351e-18
2.92200512413e-15
1.16769908927e-09
1.15167486731e-38
3.41687304369e-39
1.27299189841e-28
7.64142065722e-12
2.33658303148e-14
0.0
2.8389578125e-08
8.6070295698e-11
5.16122219168e-08
3.78122821274e-13
5.42501982806e-14
2.79951610184e-32
1.14026602427e-11
1.24926505456e-11
2.02245805734e-09
1.34588737342e-24
1.12924632682e-36
0.000263139702577
5.48899345228e-10
3.23758546401e-06
0.000363206913416
0.0
4.17448397189e-49
4.14873424058e-27
3.5158311677e-19
2.86337353528e-28
7.08218448242e-36
1.4380657641e-12
5.43394760318e-52
0.0
1.44702694326e-20
6.69452125003e-10
5.82338099347e-08
0.00240667309519
2.51365537484e-06
3.02743981233e-14
0.0
2.21425528849e-17
1.20508406284e-12
2.39932334441e-14
3.59127661856e-16
4.8265805367e-07
3.91406880112e-13
5.25151797262e-06
3.03325104342e-14
1.10916826849e-43
5.87627825826e-06
1.15923126575e-07
2.24347264926e-18
1.91484704962e-25
2.07909316788e-41
8.95689358412e-10
4.94721842364e-05
8.39486344336e-17
6.05184337892e-19
8.84294262398e-17
1.37375914533e-45
1.17423899869e-05
4.3300845447e-17
1.12813189571e-34
6.94877549918e-11
7.03855975445e-43
1.49386611067e-16
4.95886846008e-12
3.76780557188e-38
3.31274167093e-11
1.20868805903e-07
4.1266444777e-27
2.81915260683e-19
2.84640853344e-27
6.67833829544e-05
1.04677885574e-06
4.94566096691e-17
4.23787323236e-09
1.72188285328e-12
1.226462039e-11
4.11377546919e-07
5.74641882251e-12
4.31802235871e-15
0.00253554015217
2.81167288957e-20
5.13574888568e-38
1.39876641115e-05
8.23855018108e-18
0.000142262329572
1.24186280863e-72
8.89461343363e-10
1.74724873372e-17
9.87044082884e-53
5.51520335189e-22
3.22996325753e-05
5.36349807128e-26
2.53297857342e-12
0.0
0.000734267736989
2.10269699917e-17
8.40098656091e-34
6.18422246968e-17
8.7359714607e-31
0.00240667309519
5.72528897796e-07
6.17825521543e-09
0.0
1.23761480879e-06
9.32764376467e-13
1.6032633211e-09
5.57578770843e-12
0.00278813947472
1.63372344902e-12
6.86650628511e-24
1.49248213172e-24
1.45418734101e-10
0.00240667309519
8.86102141319e-09
1.67661956665e-09
0.00253554015217
4.07030142438e-15
7.38764772048e-08
3.37549564721e-17
2.90214452288e-12
1.07161528895e-12
0.0
4.453024384e-56
5.6305508106e-96
1.4228462702e-47
8.99563594112e-17
2.06313055798e-14
3.33226860327e-13
1.35798417786e-15
2.61210051437e-16
1.85926284836e-22
9.07630245909e-10
3.77381124713e-15
1.52627261746e-15
0.00278813947472
3.48507137619e-05
2.9313757052e-08
3.5633782645e-20
5.4437627563e-21
9.65829981926e-09
3.8709727681e-35
1.20502131768e-29
1.41882293418e-07
2.60427635769e-26
3.61136373658e-18
1.75044290619e-36
2.03958255836e-10
9.49052482269e-13
6.34702392753e-07
0.0
2.0180676449e-20
4.92708197874e-07
5.67441956955e-09
2.23837662642e-16
7.76908483993e-28
3.37458277226e-19
1.77964806488e-12
1.07179822161e-10
1.77095122479e-05
7.95097487212e-10
8.54692202424e-08
6.06222859638e-05
0.00229668479752
5.42142706752e-41
0.000401656685706
5.48749637265e-41
3.8617714732e-36
3.32437773967e-12
1.05497393956e-05
1.36259098243e-27
3.48507137619e-05
0.0
9.76616298525e-24
4.88812315803e-05
4.71975074397e-05
6.20905967793e-05
2.07158688229e-07
6.03771047804e-12
5.41773376836e-34
3.53418640673e-09
2.72108361471e-11
8.47400071917e-43
6.37636574029e-05
0.0
7.16698341291e-24
8.87954115706e-19
5.27927743994e-21
7.83521083952e-27
4.54072672414e-31
2.55315008327e-08
3.17424564024e-10
0.00229668479752
3.41447386613e-12
6.15576326166e-12
1.02410006899e-16
4.95394795631e-15
3.87482735609e-49
0.00110966364269
2.85586720991e-15
4.67511090364e-09
0.0
4.6652088368e-11
8.67841960398e-21
0.00229668479752
1.73502529209e-66
1.53223695155e-24
3.12443647509e-09
1.67806552932e-35
1.14625792427e-06
3.838468455e-10
1.21716664244e-06
1.76972785175e-08
1.95214418277e-05
5.49899059682e-12
1.64812906479e-15
7.22595975688e-12
0.000539592141551
1.46984954496e-31
1.56287143873e-09
0.00240667309519
0.0
1.33011265144e-53
6.03591263418e-51
0.000531969482921
4.86498972166e-08
2.57196154149e-33
1.82151292417e-14
2.99434224358e-07
0.00155535507388
2.96914672718e-12
5.34517128905e-19
4.78358077677e-09
5.1491693432e-13
1.92651585772e-30
6.96327658907e-06
3.44311068822e-18
0.000820788046302
5.69248370769e-09
1.29593804136e-12
3.3879203875e-05
5.58632396494e-21
2.50349911166e-15
1.48798948932e-10
4.49064782124e-17
3.78846725027e-08
3.94128483227e-35
2.89650150521e-23
1.23227549823e-32
2.28177458193e-09
0.00278813947472
9.81692888854e-14
2.99040712911e-19
5.73342482539e-07
4.40016531072e-50
2.99295665387e-19
4.58890459783e-24
1.69376724788e-41
4.18547730443e-49
3.53527581201e-42
0.000111622822814
0.000734267736989
1.51234722073e-20
1.68099863937e-13
0.00278813947472
9.68025917884e-17
2.76128154424e-06
0.0
1.4266725305e-05
0.00240667309519
0.0
1.41001823311e-40
4.86377063929e-27
0.0
5.11023675652e-15
2.78169304926e-51
1.5238561494e-05
2.64724974475e-41
6.32547954769e-12
2.28539118527e-36
2.94846158502e-09
1.05708395634e-20
4.1659909877e-10
2.11103630038e-07
0.000310540122745
5.76032352584e-13
6.06471542839e-10
9.68510545235e-07
0.000820788046302
8.75318110198e-07
7.40371355274e-08
1.08590629568e-14
2.3237350061e-07
4.52409272054e-06
0.000586371732387
1.55582577579e-45
3.6069997158e-06
1.76328842218e-44
2.31758404758e-69
2.30923620284e-45
6.61401245736e-50
4.40054163324e-29
6.83534435832e-26
3.84982685311e-17
1.03791542834e-05
5.1848622493e-39
1.9964098225e-28
6.09903864786e-08
2.30185756983e-11
6.7957902062e-05
1.09095822988e-13
0.0
4.30268789147e-13
1.46457551948e-15
2.93281001533e-05
0.00253554015217
1.32320690751e-37
5.66559207435e-06
4.89083358185e-22
4.63394655379e-07
4.54617552871e-12
2.49605189856e-14
1.06583206907e-20
1.22916772824e-20
0.00253554015217
0.0
5.40462008233e-15
1.89863637441e-36
2.24349815754e-50
0.000744789153126
3.22511024044e-06
0.00278813947472
0.0
8.62137091022e-09
0.00240667309519
2.33651929059e-15
3.11364220425e-36
3.12962430156e-08
1.11576979219e-05