500
0.00080712890625
8.6820171202e-09
0.0
8.10217513829e-10
3.06072483814e-07
2.28063850662e-11
0.00080712890625
0.0
0.00080712890625
0.0
0.0
2.22634443625e-05
2.4928142831e-05
0.0317475694632
0.00080712890625
8.6820171202e-09
1.5190995158e-07
2.29037407417e-12
0.0317475694632
0.0
2.97179984338e-05
0.0
0.0
0.0
0.0
0.0
0.0
0.0
0.0
3.01403351093e-08
0.00080712890625
2.22634443625e-05
4.33211642679e-07
0.0317475694632
2.97179984338e-05
0.000116757066881
0.00080712890625
0.00080712890625
0.00080712890625
0.0
8.6820171202e-09
0.0
3.94562533421e-07
2.16313710918e-05
0.0
2.97179984338e-05
0.0
0.00080712890625
4.14205585795e-06
0.0
0.0
0.0
0.0
0.00080712890625
0.000153836280036
0.0
1.56120125897e-07
0.00080712890625
0.0
0.0
0.0
0.0
0.0
0.000451843538054
0.0
1.53059966747e-14
0.0
0.000153836280036
1.12872789939e-11
2.97179984338e-05
0.0
0.00080712890625
0.000153836280036
0.0
0.0
0.0
0.00080712890625
0.00080712890625
0.0
0.0
0.0
0.0
0.0
4.14205585795e-06
0.00080712890625
0.0
0.0317475694632
0.00080712890625
0.0
0.0
0.0
0.0
0.0
0.00080712890625
0.0
0.0
0.0
4.14205585795e-06
0.0
0.000153836280036
0.0
1.07864893503e-06
0.0
0.0
0.0
0.0
0.0
0.0
0.00080712890625
0.0
0.0
0.0
0.00080712890625
0.0
0.0
4.18095885691e-09
0.0
5.99506393363e-07
0.0
0.0
4.14205585795e-06
0.0
0.00080712890625
0.00656277921573
0.0
0.0
0.0
0.0
0.0
1.51761426774e-10
0.00080712890625
0.0
0.0
0.00080712890625
0.0047452557468
0.0
3.80244316943e-09
0.00080712890625
0.0
3.94562533421e-07
0.00080712890625
0.00080712890625
0.0
0.0
0.0
0.0
8.6820171202e-09
0.0
0.0
0.00080712890625
4.14205585795e-06
2.48583610842e-06
2.17079193451e-09
0.00080712890625
4.96737209622e-10
0.00080712890625
0.0
4.14205585795e-06
4.51644546e-07
0.0
6.67287990212e-11
0.0
0.0
0.00080712890625
0.0
0.00139210510693
0.00080712890625
0.0
4.33211642679e-07
0.0
0.00080712890625
1.67611427552e-10
0.0
0.000153836280036
0.0
0.0
0.0
0.0317475694632
0.0317475694632
0.00080712890625
0.00080712890625
1.47964113248e-23
0.00656277921573
0.0
8.30420817058e-12
0.00080712890625
0.0
0.0
2.86943345096e-12
0.00080712890625
0.00080712890625
0.0
1.30542310074e-10
0.0
1.40734070255e-08
1.69882394764e-05
0.0
9.57743604611e-18
0.0
0.00080712890625
0.0
4.74668443552e-15
0.000100362392376
4.07469335338e-11
0.0317475694632
0.00080712890625
0.00080712890625
2.17079193451e-09
0.0
0.0
0.0
0.0
0.0
0.00080712890625
3.1283920945e-11
0.0
0.0
8.6820171202e-09
0.0
4.14205585795e-06
0.0
0.0
0.0
0.00557256023869
0.0
1.82791811651e-11
0.00080712890625
0.0
0.000153836280036
0.00080712890625
0.000153836280036
2.4928142831e-05
0.00557256023869
0.0
0.0
0.00080712890625
0.0
9.9420336424e-06
0.00080712890625
0.0
9.9420336424e-06
4.62297063017e-17
2.16313710918e-05
0.00080712890625
0.0
0.00080712890625
0.0
0.0
0.0
0.0317475694632
0.000100362392376
0.00080712890625
8.30420817058e-12
1.51761426774e-10
0.0
0.000116757066881
0.0
0.0
0.0
9.27913842413e-12
2.17079193451e-09
0.0317475694632
0.0
0.00656277921573
0.00080712890625
2.22634443625e-05
0.0
0.0
0.0
0.0
9.9420336424e-06
0.0
0.00080712890625
0.00080712890625
0.0
0.0
2.22634443625e-05
0.0
0.0
0.000116757066881
0.00080712890625
0.000153836280036
0.0
0.0
4.74692318751e-15
0.0
2.22634443625e-05
0.0
0.0
0.0
0.0
0.0
0.0
0.0
0.0
0.0
2.30708350387e-16
0.0
0.0
0.0
0.0
1.07864893503e-06
0.0
0.0
0.00080712890625
0.0
0.000153836280036
0.00080712890625
0.0
0.00080712890625
0.0
0.0
0.0
0.00080712890625
7.8738832636e-10
7.19994242401e-09
7.1280204372e-20
5.99506393363e-07
0.0
2.45880466527e-08
0.00080712890625
0.0
0.0
0.00080712890625
0.00080712890625
0.0
0.0047452557468
2.17079193451e-09
0.0
0.0
0.0
9.85678006624e-15
0.0
0.0
2.16313710918e-05
0.0
0.0
2.16313710918e-05
0.000153836280036
0.0
0.0
0.0
0.0
1.25660773365e-09
0.0
0.0317475694632
0.0
0.0317475694632
0.000745154189708
0.0
0.0
0.00080712890625
0.000496105588417
0.0
0.0
2.16313710918e-05
0.0
9.29952719381e-12
0.0047452557468
0.0
4.51644546e-07
0.000153836280036
0.00080712890625
0.0
0.00080712890625
3.14193569004e-10
0.0
0.0
0.0
0.00080712890625
0.0
0.0
4.51644546e-07
0.00080712890625
5.3227583425e-06
0.0
0.0
0.000153836280036
0.0317475694632
0.0
0.00080712890625
0.0
0.0
0.0
0.00080712890625
0.0
0.0317475694632
0.0
0.0
2.56021182173e-05
0.00080712890625
0.0
0.0
0.00080712890625
0.00080712890625
0.00080712890625
0.0
0.0
0.00080712890625
4.14205585795e-06
0.00080712890625
0.0
0.0
0.00080712890625
0.000153836280036
1.07864893503e-06
0.0
0.000116757066881
0.000116757066881
0.00080712890625
0.0
0.0
0.0
0.00080712890625
0.00080712890625
0.00080712890625
0.0
0.0
0.0
0.0
0.00080712890625
0.0
0.0
0.0
0.00080712890625
0.0
9.13076287866e-07
0.0
0.0317475694632
0.0
0.0
0.0
0.000939149298472
4.06229781578e-15
0.0012353318298
0.000153836280036
1.3000090748e-06
0.0
0.0
0.0
0.0
0.0317475694632
0.00080712890625
0.0
0.00080712890625
0.0
0.0
0.0
4.65185268363e-12
0.000153836280036
0.0
0.0
4.33211642679e-07
0.0
0.00080712890625
8.30420817058e-12
0.0
0.0
0.0
0.0
0.0
8.33027547005e-07
0.0317475694632
3.14193569004e-10
0.0
0.0
0.0317475694632
0.0
0.0
0.0
0.0
8.92214437015e-11
0.0
0.00656277921573
0.0
0.0
0.00080712890625
7.47297405379e-10
7.6795707876e-06
0.000153836280036
0.0
0.0
0.00080712890625
6.52235987895e-10
0.0
0.00080712890625
0.0
2.22634443625e-05
0.0
0.0
0.00080712890625
0.0
0.00557256023869
0.0
0.0
2.4928142831e-05
0.00557256023869
0.00080712890625
0.00080712890625
0.000100362392376