500
5.81957470698e-07
5.76712263192e-12
0.340471403813
1.71882219978e-09
0.340471403813
0.340471403813
2.55349965567e-06
0.000675433719555
0.0224321017394
0.00301487447378
0.340471403813
0.0235413814957
0.000388724287857
2.41489723334e-06
8.91398529856e-06
2.37535207211e-09
0.000152913570552
2.68910792105e-05
0.000416667722175
0.0123977718512
0.0370614882726
0.340471403813
0.0224321017394
1.54069833114e-08
1.55590290104e-09
8.50826818234e-15
0.340471403813
2.85498350671e-09
0.00116783462986
0.0370614882726
2.24949873389e-08
0.340471403813
0.340471403813
0.000643606999786
0.0370614882726
3.69487322967e-13
0.00124557267905
0.340471403813
0.340471403813
0.340471403813
5.42892754771e-11
0.00316396167303
0.340471403813
0.0235413814957
0.00349108613697
0.340471403813
0.0235413814957
0.340471403813
0.340471403813
5.09248694754e-11
0.00124557267905
4.86038140581e-05
0.000211190719702
0.340471403813
0.0224321017394
1.38109532658e-12
0.0235413814957
0.000283948585395
0.0235413814957
0.0224321017394
0.0235413814957
4.04132579345e-06
0.340471403813
0.340471403813
8.97914070387e-06
0.340471403813
0.000100242543028
0.0224321017394
0.00316396167303
0.340471403813
0.340471403813
0.340471403813
0.0224321017394
0.000616583322009
0.340471403813
0.0370614882726
0.000850095970015
0.0224321017394
0.0235413814957
0.340471403813
0.340471403813
4.089831887e-14
0.000215510095062
0.000606965316624
6.38731825677e-08
5.98890342545e-10
0.340471403813
0.000210891006064
0.340471403813
0.0224321017394
2.08445871104e-33
0.340471403813
0.340471403813
0.340471403813
0.000468140862684
4.2986209033e-07
0.00019206308647
0.340471403813
3.54096144586e-06
3.1936088603e-09
0.0235413814957
0.0235413814957
5.8080384466e-05
1.39993496535e-07
2.79579969211e-08
0.000468140862684
0.00349108613697
5.13437600774e-05
0.000128083288226
7.98604140646e-07
0.340471403813
0.0123977718512
1.65490558233e-06
0.000318535316877
0.000675433719555
0.000468140862684
0.0123977718512
3.62591699983e-06
0.0018431937474
1.77067335792e-05
5.8721913524e-05
0.340471403813
0.000675433719555
3.39710373981e-05
0.000675433719555
0.340471403813
0.0123977718512
3.06647837647e-05
1.5044596203e-06
0.340471403813
0.340471403813
0.0370614882726
0.000299235335177
0.340471403813
1.54619738151e-10
0.00301487447378
1.30760101129e-08
0.0123977718512
0.0018431937474
0.000283761724128
0.340471403813
8.0214762558e-09
9.2155138064e-05
0.0235413814957
1.58302977125e-23
0.000215510095062
1.32861905164e-08
1.06861963579e-15
9.16682882634e-05
0.000643606999786
1.53464189982e-11
0.340471403813
0.0370614882726
0.000616583322009
0.000675433719555
0.340471403813
0.0370614882726
7.60365849928e-10
0.0018431937474
0.000388724287857
0.340471403813
0.0235413814957
0.340471403813
0.340471403813
4.47327950738e-08
4.62682907435e-13
0.340471403813
2.10182102469e-11
0.340471403813
0.0123977718512
0.0370614882726
0.0370614882726
5.13437600774e-05
0.0235413814957
0.340471403813
0.0224321017394
0.00014570821906
0.340471403813
0.0235413814957
0.0224321017394
5.90047394883e-12
1.07426387486e-09
0.340471403813
0.0224321017394
6.49834280778e-05
0.00349108613697
0.340471403813
3.06996111475e-07
3.21552976168e-08
0.0224321017394
0.000283948585395
9.45166194682e-06
0.0235413814957
6.77784135708e-09
0.00109180813511
0.0123977718512
0.000675433719555
1.43420712985e-07
1.11332723906e-06
0.340471403813
0.340471403813
0.00301487447378
0.0123977718512
0.00254124871804
0.00222753442681
0.340471403813
0.000388724287857
7.61097297828e-06
0.340471403813
0.000340771416253
7.21363739797e-05
0.000318535316877
7.93880261577e-10
0.000128083288226
6.10706037635e-16
5.17186181348e-10
0.0224321017394
0.0235413814957
4.02283398597e-09
7.52652325592e-11
0.0123977718512
0.000156743664458
5.95346162631e-13
0.340471403813
2.38441760955e-07
0.0235413814957
8.97516332374e-30
0.00301487447378
0.00116783462986
5.79835017999e-14
0.0370614882726
0.000283948585395
0.0123977718512
0.000675433719555
0.0224321017394
0.000156743664458
0.340471403813
0.340471403813
1.19428065758e-16
0.340471403813
0.340471403813
0.00349108613697
6.13339223191e-18
0.000152913570552
1.56018406708e-05
0.0370614882726
3.59145423588e-09
1.16145469481e-12
2.80799250255e-06
0.340471403813
0.340471403813
8.95217067943e-08
2.79680267804e-09
1.80100311715e-05
0.340471403813
0.0235413814957
0.340471403813
4.69791364031e-09
0.340471403813
0.340471403813
0.340471403813
0.0005407046428
0.00222753442681
3.60379781459e-19
0.340471403813
0.000388724287857
0.340471403813
5.57917011889e-17
0.340471403813
2.61689425996e-06
0.00496979920047
5.70384635743e-06
4.86471223243e-12
0.00316396167303
0.340471403813
3.80115008648e-12
0.340471403813
0.340471403813
0.0224321017394
0.340471403813
0.340471403813
0.0018431937474
3.49472258826e-07
0.340471403813
0.0123977718512
1.72319260781e-11
0.340471403813
0.340471403813
0.00143794237012
0.0370614882726
0.340471403813
0.340471403813
0.000388724287857
1.43392554075e-09
0.340471403813
0.340471403813
0.340471403813
1.71539905397e-17
0.000606965316624
0.340471403813
5.13329920337e-10
0.0224321017394
5.92759146122e-11
0.340471403813
0.340471403813
0.0370614882726
1.5044596203e-06
0.340471403813
9.18472723298e-07
0.340471403813
6.90329985836e-08
0.340471403813
0.340471403813
0.340471403813
2.4231014088e-11
4.35322001508e-05
0.0370614882726
0.340471403813
0.0235413814957
6.84084813195e-28
5.7792173097e-05
1.29526439412e-06
0.0370614882726
1.50083593096e-05
2.10891947557e-17
0.340471403813
0.000850095970015
3.32336518081e-10
8.37012643641e-10
0.340471403813
0.0370614882726
0.000311972400072
0.00496979920047
0.0370614882726
0.0235413814957
1.01913388225e-09
1.06272725651e-12
0.340471403813
0.00301487447378
2.3373551723e-11
0.0235413814957
0.0235413814957
1.22964604988e-06
0.000388724287857
1.08457393574e-09
1.1557826785e-07
0.340471403813
0.340471403813
1.42656061528e-05
0.340471403813
1.56018406708e-05
0.340471403813
0.340471403813
0.340471403813
0.340471403813
0.000160824840655
0.340471403813
0.340471403813
4.6336549716e-05
0.0235413814957
0.340471403813
2.50747205228e-06
0.340471403813
0.340471403813
0.000388724287857
0.340471403813
4.2215025689e-05
0.00316396167303
0.000675433719555
0.340471403813
0.340471403813
6.27167337231e-10
0.000468140862684
0.00301487447378
0.0370614882726
0.0370614882726
0.0235413814957
0.340471403813
0.340471403813
0.340471403813
0.0224321017394
0.0224321017394
0.340471403813
0.000616583322009
0.340471403813
6.53435168466e-07
5.74809663681e-09
2.77349746151e-08
6.05442625147e-05
3.97598939029e-06
1.03679942848e-11
1.12990850479e-09
4.1054251199e-05
1.05968007452e-09
2.18490325813e-13
0.0370614882726
7.50417965481e-06
2.41723282974e-06
0.340471403813
2.52291748143e-10
0.000283948585395
1.93794739727e-12
0.00116783462986
0.340471403813
0.000675433719555
0.340471403813
0.00143794237012
1.50357773608e-06
0.000610507459499
0.0235413814957
3.93116796709e-14
1.7792130006e-06
0.340471403813
2.19313635926e-10
0.340471403813
5.06192885506e-09
4.06640315539e-06
0.0235413814957
7.68351810318e-06
0.340471403813
0.340471403813
0.00143794237012
0.000616583322009
0.340471403813
0.340471403813
1.64514527661e-08
0.340471403813
0.340471403813
0.0370614882726
0.340471403813
3.39710373981e-05
0.00496979920047
2.44091582235e-09
0.0018431937474
1.36125216938e-08
1.56018406708e-05
0.340471403813
0.340471403813
0.340471403813
0.0235413814957
7.36840352043e-08
1.84112602329e-06
0.340471403813
0.0370614882726
0.0370614882726
0.000388724287857
3.23339314591e-12
5.66200269616e-06
0.00222753442681
0.00301487447378
0.000643606999786
0.340471403813
0.340471403813
0.0224321017394
0.340471403813
0.340471403813
0.0370614882726
0.00496979920047
0.000128561825114
0.340471403813
0.340471403813
0.0370614882726
0.0224321017394
3.03490999042e-08
7.21363739797e-05
3.03626104762e-05
0.0370614882726
0.340471403813
0.340471403813
0.340471403813
1.46521465713e-18
0.340471403813
1.21006085061e-05
2.66276026678e-22
0.0370614882726
0.000675433719555
8.17522933888e-08
0.340471403813
0.00316396167303
0.000241081345448
0.00254124871804
0.00038288793676
0.0235413814957
0.0224321017394
9.34940701243e-06
0.000643606999786
0.0123977718512
8.84154330053e-18
0.340471403813
0.0370614882726
0.0235413814957
0.340471403813
4.58318816073e-06
5.8721913524e-05
0.340471403813
2.520492931e-06
2.60809847571e-09
0.00038288793676
1.65490558233e-06
0.00496979920047