500
0.013135497518
0.000320638653497
3.4710805185e-13
7.31030801691e-05
0.0011242312389
2.45485997502e-07
1.08234201173e-05
1.51132819449e-06
0.00273043990599
0.013135497518
7.35663321672e-13
0.0
0.000289987967137
0.00507356118736
2.19686269372e-08
0.013135497518
0.0
0.013135497518
1.0755108911e-10
0.013135497518
3.03638423749e-18
0.013135497518
7.85302573583e-09
0.0309652734722
0.0610365511559
0.0610365511559
0.00507356118736
0.0153863079324
5.01234399756e-09
3.0308509614e-05
0.000262013826007
1.20101669478e-07
0.000126373078648
3.12353866171e-06
1.66863702866e-05
0.00151884641365
0.000275827870472
0.0
0.0309652734722
0.0610365511559
0.000333929183026
1.95425252217e-05
0.013135497518
1.40711609537e-13
3.45333775343e-06
0.0
0.013135497518
0.00321710321986
0.0
0.013135497518
1.93323667942e-10
0.0610365511559
6.65705612625e-05
0.00145800210001
0.013135497518
0.00321710321986
0.0610365511559
0.0153863079324
2.09433820672e-05
0.00321710321986
0.000230060622449
0.00371860462196
0.0610365511559
0.00151884641365
0.0610365511559
4.02613513409e-06
0.0153863079324
0.00018497114275
0.013135497518
3.41005626795e-11
4.00988585326e-10
0.0112412144449
0.00014280527514
0.000320638653497
0.00514154539783
0.00321710321986
1.00343772796e-05
0.000814066426623
5.45802057461e-06
0.00514154539783
0.013135497518
0.00566264674821
0.00117118513108
0.0
3.26757930279e-15
0.013135497518
0.000275827870472
0.00321710321986
0.0610365511559
4.57708126665e-05
0.013135497518
0.00134415828588
0.0108783550243
0.00240329555891
0.00110308291783
0.0011242312389
0.00138535944474
1.5982779857e-05
0.000502414267634
3.59702960207e-09
0.00321710321986
0.0610365511559
0.013135497518
0.0610365511559
0.000155019848971
0.0610365511559
0.00321710321986
0.013135497518
0.0108783550243
0.000136760380095
0.00319623280756
0.0610365511559
0.00289857410759
0.00321710321986
0.013135497518
0.013135497518
1.05884847432e-07
0.00507356118736
0.0168843347975
0.0610365511559
9.82746328108e-05
0.000124613593804
0.0610365511559
0.00507356118736
4.28904987536e-05
1.2705740476e-06
0.013135497518
0.0610365511559
1.91117260284e-06
2.71273715756e-05
0.0610365511559
3.26000660623e-06
0.0610365511559
0.000605757125286
0.00375444687
0.00321710321986
0.013135497518
0.00107987586333
8.49400398369e-09
0.0168843347975
0.0610365511559
0.013135497518
0.000164920737028
2.34113093319e-09
0.000126382606639
0.0610365511559
5.68524680258e-10
0.0013105264507
0.0309652734722
0.00289857410759
0.000567313753636
1.00245922767e-05
0.00481380227251
0.00240329555891
5.31076202092e-08
1.40886398366e-05
0.00514154539783
0.000134535930206
3.93316101047e-05
1.83543733543e-06
0.0610365511559
0.0
0.00289857410759
0.00240329555891
0.0610365511559
0.0610365511559
0.013135497518
2.17297353066e-12
0.0010874405187
0.0610365511559
2.00209797796e-06
1.33761623954e-06
0.0610365511559
0.00321710321986
1.02744508875e-09
0.013135497518
0.0610365511559
5.74643999172e-06
0.00497787556553
4.59241520743e-09
6.46935063724e-05
1.94771774402e-06
0.00507356118736
6.65950244515e-05
0.013135497518
3.48914117912e-11
5.8107113886e-08
0.0610365511559
8.9623608619e-05
0.0610365511559
0.000164032950741
0.000240721469789
1.03947761252e-16
0.0
0.000713546525434
4.54760860003e-05
0.0049602212333
0.0610365511559
0.00240329555891
3.10726547052e-06
0.000417738205801
0.013135497518
0.000289987967137
7.88724663953e-06
0.00321710321986
0.00289857410759
0.0168843347975
1.03623853176e-08
0.0610365511559
0.00507356118736
1.90587839598e-06
1.62962999718e-06
2.34464329771e-05
0.00528603793782
0.0610365511559
0.00507356118736
0.0153863079324
0.013135497518
0.00507356118736
0.013135497518
1.84943745739e-05
0.0610365511559
4.61507826329e-05
1.24398238914e-10
0.000925653894599
0.00145800210001
0.0610365511559
1.16515649293e-06
0.000465665273822
4.07775522553e-05
0.000605757125286
6.98967772266e-06
0.0153863079324
2.69906997587e-06
1.14742741632e-07
0.00321710321986
0.00321710321986
1.19672406118e-05
0.0610365511559
7.66486052924e-13
0.0153863079324
0.013135497518
0.00321710321986
5.53764801025e-10
0.000289987967137
3.01179031653e-07
0.0610365511559
0.0610365511559
0.013135497518
0.000818606580194
0.00507356118736
7.77790594633e-05
0.00052492629632
0.00115389096958
7.42598042668e-05
0.000200531773575
1.08781184913e-05
0.0
0.000320638653497
0.0168843347975
0.0610365511559
0.0610365511559
0.000249620254246
0.0610365511559
0.000126373078648
0.000549804063455
5.11052808144e-05
8.32498470948e-05
0.013135497518
0.0610365511559
0.000380628043639
0.0309652734722
0.0108783550243
3.57325720031e-06
2.87525902485e-08
0.0108783550243
2.65653330845e-05
0.0610365511559
0.000249620254246
0.0
0.00514154539783
1.66122510634e-07
0.00138535944474
0.013135497518
0.00289857410759
0.0610365511559
0.00102436259398
0.013135497518
0.013135497518
0.00507356118736
0.013135497518
0.00507356118736
0.0
0.0108783550243
0.000935642980998
3.36386988392e-06
0.00528603793782
2.246927644e-06
0.0
1.89099315849e-05
0.00039858741781
6.07316986574e-06
3.57452568976e-10
1.64393015165e-06
0.0610365511559
1.62989432475e-06
5.82255573184e-13
0.00321710321986
0.00289857410759
0.0610365511559
0.0
0.013135497518
0.013135497518
0.0610365511559
3.17239446657e-05
0.0610365511559
0.0108783550243
0.000144343383667
0.00321710321986
2.18578675545e-05
1.82560482395e-05
4.94532876833e-07
9.14244083312e-11
0.0610365511559
0.0168843347975
0.0610365511559
1.37778368016e-06
0.013135497518
3.35387018688e-08
0.00321710321986
0.013135497518
1.80840920319e-13
0.00310203987571
1.8782207378e-05
4.18704694603e-13
0.0108783550243
2.36687417339e-05
0.000549804063455
0.0
0.0610365511559
0.000222758240811
1.26132711936e-12
0.00481380227251
0.0
0.00507356118736
0.0
0.00310203987571
1.28158610808e-07
0.0108783550243
0.00145800210001
0.013135497518
0.000207766910293
2.62675490312e-12
0.00321710321986
0.0153863079324
0.0
2.55218493871e-09
0.000181932882764
0.0
1.18638619622e-06
0.00145800210001
0.0610365511559
0.0610365511559
6.32932324287e-08
7.37571958654e-09
0.0
8.73918363731e-06
0.000237068714491
0.0
0.0610365511559
0.0610365511559
0.0153863079324
2.75543740898e-16
1.03922987776e-05
0.013135497518
4.85740388819e-05
4.5190920142e-05
9.32293440856e-11
0.0075683203125
0.000403392227
6.51975018879e-07
0.0610365511559
0.00289857410759
0.00289857410759
2.21586083296e-10
0.0049602212333
0.0049602212333
0.000187809891502
1.36129969151e-07
0.000260039458885
4.61507826329e-05
4.33441652742e-08
2.33994867226e-09
0.0153863079324
2.63756465791e-06
1.90570841701e-06
0.00514154539783
0.0049602212333
3.40113052335e-05
0.00375444687
0.00321710321986
0.0610365511559
0.000148651220401
0.0610365511559
0.0011242312389
0.0
0.013135497518
0.0153863079324
0.013135497518
8.9623608619e-05
0.00321710321986
0.000291239875167
0.0153863079324
0.0075683203125
5.55721237609e-11
0.00321710321986
2.42548472416e-07
0.00528603793782
0.00321710321986
1.03438928845e-05
0.013135497518
0.000333929183026
2.35025121415e-05
0.0153863079324
3.57941430719e-05
7.63158643643e-06
0.000482388716433
0.00110308291783
0.00528603793782
0.000239786470037
0.000244927216391
0.000249620254246
3.05690365145e-06
0.00138535944474
3.42256874743e-10
0.0168843347975
0.00289857410759
0.0
3.64424096668e-05
0.00240329555891
0.00090304566125
0.0610365511559
0.0610365511559
1.93110778424e-05
7.18618762167e-08
1.94217055057e-15
0.013135497518
0.013135497518
3.57837911866e-05
0.0
0.0610365511559
0.00134415828588
0.0108783550243
0.0
8.96789405982e-07
0.0610365511559
0.0610365511559
0.000609435793841
0.0610365511559
2.75775003974e-07
1.05190903397e-07
3.31860877662e-06
4.96208216355e-11
1.76942319613e-08
0.0610365511559
0.000126373078648
6.96680884478e-09
0.013135497518
1.30598892345e-06
2.03426493471e-05
6.87711975315e-05
0.000245390797557
0.00321710321986
0.000260039458885
0.00020789668135
0.000148760994025
0.013135497518
1.46281715951e-05
0.00514154539783
0.000106304917124
0.0610365511559
0.00497787556553
3.78166915402e-13
5.17210045715e-08
5.17219968409e-06
4.55099506467e-08
4.02389549765e-08
0.000537330588837
1.98978582984e-05
6.53299939223e-08
0.00321710321986
0.0108783550243
2.93414105319e-05
0.0610365511559
0.000155019848971
1.1394592062e-06
0.00289857410759
0.000358801562862
0.00310203987571
3.69279406552e-05