500
3.73302880502e-12
0.000861580333142
0.00275505248242
3.14153532613e-17
1.0434672921e-15
0.00275505248242
4.03409468826e-06
4.9222114471e-07
0.00330573253782
8.32943428607e-05
1.10767454718e-20
2.57384667804e-06
0.00172662806052
4.16319408605e-06
3.11285028707e-06
1.31114417325e-07
1.39371678044e-08
0.00501631509822
7.46654082435e-05
9.94994207989e-10
3.03195815959e-07
0.000111156023184
4.16901463517e-10
6.9693988609e-08
4.23909096957e-05
0.00102116619186
6.80141608246e-07
5.88468865621e-06
0.000168987867738
0.000632483160124
8.53826551396e-12
1.14282840056e-10
6.66797389848e-11
0.00501631509822
0.00311605935942
4.11075355695e-06
1.38584441599e-16
3.19694418467e-05
5.95132038255e-06
2.38445989725e-05
2.55183953844e-08
1.68929188537e-11
5.01714292815e-31
0.00052095780612
0.00275505248242
2.83881489202e-07
5.74341411928e-09
1.11076263958e-07
4.39868959999e-12
5.79710326661e-05
0.000422744449229
7.54409614083e-09
1.17322175849e-05
3.85948014108e-15
8.95001855282e-10
0.0016310717804
4.09304189876e-05
0.00443515664173
1.41914351275e-29
1.05856918723e-07
9.55674382904e-07
3.88599063228e-05
6.0773110664e-05
0.00443515664173
0.000673013625739
2.09226548464e-06
0.00401023291474
7.65195937231e-17
5.30258877365e-05
0.00172662806052
1.17322175849e-05
1.00409604047e-17
0.00311605935942
9.60873134441e-05
1.44800175086e-12
5.29175061096e-08
3.75979203435e-11
0.000861580333142
0.00172662806052
1.62855447725e-08
7.22211619488e-10
5.00214753848e-07
1.82661049631e-06
4.54022434926e-05
0.00401023291474
0.000207861823559
6.87766657709e-05
3.01039014632e-12
4.23610736688e-05
6.98767561447e-12
4.09672696726e-06
0.0023717408327
0.000177464797605
4.72223495024e-05
8.25114610798e-05
6.05815781348e-15
6.90582898895e-11
1.12425689971e-07
7.68126671536e-05
1.83313886134e-06
4.52466116565e-08
0.000124683497837
3.42795422195e-17
0.00330573253782
3.32358670075e-22
0.00501631509822
2.13769937319e-16
1.64524504913e-06
3.02607144807e-09
0.000107912085955
2.48411203539e-05
2.06226047169e-05
0.000278842009326
9.65301424246e-11
1.39438847826e-05
4.5590063346e-05
2.01691349664e-05
4.49550217645e-08
2.61753774672e-13
4.49822071453e-05
1.57134998762e-05
2.42233970224e-09
0.000127362349716
7.52345565566e-16
6.75373470484e-07
0.000627477009495
2.58900940687e-06
8.16505273266e-21
0.00311605935942
3.38051380122e-05
0.000673013625739
7.68126671536e-05
1.25533913862e-08
5.42294467201e-05
1.87355875268e-08
0.000538016905127
1.17605489475e-12
7.68126671536e-05
6.04241832006e-16
4.99595954571e-11
0.000331067324164
0.000430969097063
0.00401023291474
0.00159867393223
4.82912543231e-14
0.00443515664173
1.49051087638e-08
0.00311605935942
2.49089695718e-10
4.34238794166e-05
0.00501631509822
5.32524661991e-08
5.88680070969e-18
0.000177078508317
0.000126157953135
0.00401023291474
1.22485650165e-08
3.85199125827e-07
9.94201990971e-13
2.4388889216e-05
1.87243547444e-11
2.24686290714e-13
1.91799511414e-05
0.00501631509822
0.000673013625739
0.000177464797605
3.48681424106e-08
1.91910841719e-05
8.6963273152e-06
1.38086511756e-05
3.24906938305e-07
3.09367349461e-05
7.77887805959e-05
0.000135577544715
0.00125840682229
0.000374448559743
1.01497355143e-05
0.000288895085942
1.19417255439e-06
1.40139341654e-20
5.90343099979e-08
0.00134163666864
2.87236262508e-06
0.00354563275999
0.000104247171406
6.55086131259e-13
3.25702724864e-09
0.00292275132918
6.50257366623e-11
6.43308875388e-10
0.00055876422028
1.80308721511e-08
0.00268252066594
2.98007421472e-09
4.62433948601e-14
2.92132902515e-10
6.97472660087e-06
1.65880902415e-09
2.88216826928e-06
0.00330573253782
5.2171918035e-15
3.16081921256e-07
0.00055876422028
1.45070222595e-10
1.53125769267e-12
4.21378571485e-07
8.72027294416e-05
2.35902468905e-05
0.000475685678315
0.00115160594789
3.25609636732e-07
0.000920637556972
0.000160431520004
9.71900026015e-05
3.63600512941e-05
3.09839759768e-06
4.19626619915e-15
4.25929454634e-05
7.73599096634e-08
0.000571400548935
4.74358168073e-06
0.000761201618076
2.08728382704e-10
2.50090462288e-08
0.000669471204806
4.30078432464e-20
4.67528773452e-05
1.6229692934e-11
1.37119170224e-11
0.000715360263863
5.66090676882e-05
2.25142754157e-08
6.8932669192e-09
0.00165978254691
0.000151725998197
9.33275764559e-07
0.00330573253782
0.000434993414606
2.10393249183e-13
0.000350462891142
7.41165387711e-07
0.000136980149782
0.00141346170837
8.25238301164e-10
1.07322694063e-08
2.4388889216e-05
0.000121822628285
6.02561714933e-08
2.25434040611e-08
0.000619135808843
6.0147746065e-05
0.00501631509822
1.34106065031e-13
3.41451610923e-05
3.30594837217e-08
3.76431441999e-26
1.77465844899e-24
4.34317957522e-16
0.00165978254691
0.00292275132918
3.63816156161e-10
0.000491066784458
0.00330573253782
9.19819160487e-19
1.30619856873e-07
5.44137617595e-19
0.00354563275999
7.0420961542e-07
4.01305479063e-05
1.25047016814e-08
3.31367759791e-26
1.15916686163e-05
2.95068325645e-08
7.04124947499e-06
0.00275505248242
6.2653335453e-06
5.94740907622e-07
1.43274019827e-10
6.6035699803e-06
0.000591474230262
0.00101818818564
2.10774608782e-08
5.790160793e-15
0.00275505248242
6.70333619102e-05
1.94729611671e-06
0.000336506812869
6.35682752535e-05
1.35035242777e-07
0.00187727129443
0.00501631509822
0.000272103189263
1.64256534562e-06
1.32915207788e-05
0.000164980359436
3.36828893917e-06
6.60577437661e-09
3.51772834125e-06
8.87438875535e-06
0.000632483160124
0.000200718805567
1.35182560916e-08
4.50915110773e-20
1.06584988496e-13
1.11788576135e-08
5.41436790097e-08
1.28329592803e-05
0.00330573253782
2.63129729936e-13
3.87948982066e-05
8.65165395402e-13
8.25852716639e-13
0.00102116619186
4.39447533061e-08
6.84426311273e-15
8.31376104608e-05
0.000264723426575
5.17438246212e-16
2.67086758216e-07
6.54993753507e-07
0.00275505248242
8.78666669377e-06
4.99402984827e-07
2.72912302716e-08
2.14876114287e-05
7.32060406055e-15
8.55903346198e-05
0.00401023291474
3.04021260482e-13
0.00055876422028
0.00115160594789
0.000106061726998
1.04848272682e-05
0.000139711557955
3.71161838988e-16
0.00292275132918
0.00268252066594
0.00292275132918
1.07315394877e-08
0.000163667758154
5.05656734971e-05
1.4422250993e-09
8.25681944392e-05
2.35858862468e-09
0.00118620315216
1.731402678e-06
0.00159867393223
4.50360672238e-22
0.00142330150934
0.00330573253782
1.53216085885e-18
4.11348815676e-11
8.7411637962e-08
2.18404994149e-09
0.00443515664173
1.07551687416e-14
0.000710221625969
0.00292275132918
1.14792165784e-10
4.1544888561e-08
4.70220566371e-12
1.33190917996e-10
1.67411813566e-05
7.4819526209e-07
0.000384597836086
1.81538313607e-10
6.15932674856e-05
8.44491513925e-05
2.96718396209e-08
3.20306767376e-23
8.12944223812e-07
1.05878656972e-08
0.000139711557955
2.67344435288e-12
0.000538016905127
0.00134163666864
2.10990599563e-05
0.000554781502299
0.00159867393223
5.01981751988e-06
2.29703200865e-07
6.00518114988e-07
1.97416363793e-23
3.59747569555e-09
2.64293148006e-10
1.21140198232e-20
8.87438875535e-06
1.68244741392e-05
1.46936679649e-14
2.80050064837e-08
1.6777720166e-05
5.763657587e-07
1.25913508655e-06
1.09235838781e-07
3.43734841649e-09
7.92102591801e-05
1.01799109136e-05
4.50294074624e-06
8.64351012889e-09
1.21001852336e-09
0.00501631509822
1.94731032094e-25
4.33545089374e-08
1.9143860818e-05
9.33433670734e-06
0.000790532349026
4.19316498833e-05
3.61889023082e-10
9.18695157122e-10
1.84447951173e-06
0.00401023291474
1.21212216569e-07
0.000434993414606
0.00187727129443
0.000646273724311
8.59479246861e-05
9.75732389974e-05
0.00311605935942
9.4343742352e-11
0.00115497417562
1.37088397846e-05
5.09677408733e-07
1.80110566588e-05
1.15180160311e-12
0.000700263949311
7.60814281194e-16
2.9091780391e-27
1.4055602487e-06
0.000591474230262
1.24752928232e-06
8.09979361271e-08
8.78761447386e-08
3.49985061475e-12
4.9046491847e-17
2.16983288054e-17
0.000141532168934
6.35356832323e-14
1.22412896236e-05
1.37978556173e-09
0.000126395788198
2.6828879983e-05
7.406721805e-10
1.28068595138e-07
2.34550579061e-06
0.00311605935942
2.66126833789e-06
1.67628907711e-05
1.02178641753e-09
0.000460602938339
0.00443515664173
1.62256171619e-05
0.00311605935942
1.11548365303e-19
0.000700263949311
4.18924087371e-07
0.00311605935942
9.49009337993e-05
2.88395782568e-11
4.63643716741e-10
3.12914118698e-12
4.49822071453e-05
3.23302288281e-11
1.06087190217e-08
0.000673013625739
0.0016310717804
0.00101818818564
0.00330573253782
3.67075226533e-06
0.00029573711513
4.44997136232e-16
0.00443515664173
0.00401023291474
8.61801844072e-06
1.50331683291e-05
4.25685928819e-08
1.00147453106e-07
0.00115160594789
0.000277390751149
1.59870437769e-09
8.08721702448e-18
1.02400696977e-07
8.17035179667e-07
1.56129189473e-07
3.49158150949e-11
6.47713389264e-08
6.21856383889e-14
7.60768081306e-18
0.00330573253782
2.03207416771e-12
4.87653985487e-10
0.0016310717804
6.4537417081e-10
6.5769575394e-13
1.8973327318e-05
0.000129120632992
5.79050855714e-11
0.000186936415663
4.27149743449e-07
0.00311605935942
0.000350462891142