500
0.117836195703
0.00572665896194
0.000403460599627
0.00496626627537
0.0233467158409
0.0502513692194
0.0233467158409
0.00052844854901
0.132621460738
0.00106167920307
0.132621460738
0.117836195703
0.132621460738
0.117836195703
0.0133017188831
0.132621460738
0.132621460738
0.117836195703
0.117836195703
0.0233467158409
0.132621460738
0.117836195703
0.132621460738
0.132621460738
0.00572665896194
0.0369107860213
0.0268902615148
0.0
0.132621460738
9.53015575443e-05
0.000540630056135
0.0176069588893
0.132621460738
0.132621460738
0.0
0.0214208376603
0.00109788317724
0.117836195703
0.000774580272939
0.000289109705346
7.28390563025e-05
0.132621460738
0.132621460738
0.132621460738
0.000899250418013
0.00572665896194
0.00678915913843
0.132621460738
0.00559467478537
0.132621460738
0.0502513692194
0.117836195703
0.132621460738
0.0502513692194
0.117836195703
0.00348207091715
0.132621460738
0.132621460738
9.55751251619e-05
0.00141047145254
0.0268902615148
0.0233467158409
0.0115288214501
0.117836195703
0.0268902615148
0.117836195703
0.132621460738
0.0155951903798
0.0016177044607
0.00743900459121
0.0268902615148
0.117836195703
0.117836195703
0.000184813314629
0.132621460738
0.00018101655502
0.132621460738
0.132621460738
0.00231451681832
9.55751251619e-05
0.117836195703
0.132621460738
9.27840793209e-05
0.132621460738
0.117836195703
0.132621460738
0.132621460738
0.0502513692194
0.0157822288747
5.49286739916e-05
0.00678915913843
0.00415001909151
0.132621460738
0.000709233096225
0.00627031038802
1.75441071134e-06
0.0214208376603
0.0268902615148
0.00348207091715
0.0214208376603
0.132621460738
0.132621460738
0.117836195703
0.0
0.0133017188831
0.117836195703
0.0214208376603
0.117836195703
0.117836195703
0.0133017188831
0.117836195703
0.132621460738
0.117836195703
0.000576492274536
0.0115288214501
0.132621460738
0.117836195703
0.0157822288747
0.132621460738
0.0115288214501
0.132621460738
0.117836195703
0.117836195703
0.132621460738
0.0100199118555
0.0115288214501
0.117836195703
0.117836195703
0.0
0.00279846010922
0.0268902615148
0.132621460738
0.132621460738
0.132621460738
0.117836195703
0.00179216937641
0.132621460738
0.132621460738
0.132621460738
0.132621460738
0.117836195703
0.0176069588893
0.0155951903798
0.0502513692194
0.117836195703
0.0176069588893
0.0369107860213
0.0115288214501
0.132621460738
0.0233467158409
0.117836195703
2.53218564291e-05
0.132621460738
0.132621460738
0.00130691469911
0.000926551878009
0.132621460738
0.117836195703
0.0155951903798
0.0157822288747
0.0150633644985
0.00025259478652
0.0157822288747
0.117836195703
0.0268902615148
0.117836195703
2.36259100949e-06
0.132621460738
9.55751251619e-05
0.0233467158409
0.117836195703
0.117836195703
0.0214208376603
0.0176069588893
0.0100199118555
0.00756976034882
0.0502513692194
0.117836195703
0.0268902615148
0.0233467158409
0.0233467158409
0.0150633644985
0.0115288214501
3.82779583944e-05
0.117836195703
0.0214208376603
0.132621460738
0.132621460738
0.00919866718011
0.132621460738
0.117836195703
0.117836195703
0.132621460738
0.132621460738
0.132621460738
0.000106132445387
0.0155951903798
0.0233467158409
0.117836195703
0.117836195703
0.132621460738
0.117836195703
0.132621460738
0.132621460738
0.0233467158409
0.132621460738
0.117836195703
0.0502513692194
0.0115288214501
0.132621460738
0.0
0.117836195703
0.000261582444684
0.0157822288747
0.117836195703
0.117836195703
0.000443782161365
0.0214208376603
0.117836195703
0.0369107860213
0.0268902615148
0.0100199118555
0.132621460738
0.132621460738
0.117836195703
0.00362641754414
0.132621460738
0.000395063180265
0.117836195703
0.0369107860213
0.0268902615148
0.117836195703
0.0268902615148
0.000708365340009
0.0233467158409
0.117836195703
0.0268902615148
0.0369107860213
0.132621460738
0.132621460738
0.000126974689911
0.000564948796874
0.132621460738
0.0176069588893
0.117836195703
0.00431842953236
0.0115288214501
0.00106801489696
0.132621460738
0.0369107860213
0.132621460738
0.132621460738
0.132621460738
0.00179216937641
0.0
0.00100015619439
0.0013336312156
0.0502513692194
0.0233467158409
0.117836195703
0.117836195703
0.0100199118555
0.132621460738
0.132621460738
0.000108273516386
0.000458979066868
0.0115288214501
0.000336065430178
0.117836195703
0.132621460738
0.0233467158409
0.132621460738
0.0
0.000582316592153
0.0268902615148
0.132621460738
0.000389848410185
0.132621460738
0.0369107860213
0.132621460738
0.0133017188831
0.0369107860213
0.132621460738
0.132621460738
0.0502513692194
0.0502513692194
0.0176069588893
0.117836195703
0.0268902615148
0.132621460738
0.132621460738
0.0369107860213
0.00289474705632
0.0369107860213
0.0133017188831
0.117836195703
0.132621460738
0.0214208376603
0.117836195703
0.132621460738
2.82675497926e-05
0.000619758155291
0.117836195703
0.0502513692194
0.132621460738
0.132621460738
0.132621460738
0.0115288214501
0.132621460738
0.0
0.132621460738
0.132621460738
0.0100199118555
0.117836195703
0.0
0.132621460738
0.117836195703
0.132621460738
0.0502513692194
0.117836195703
2.63409069247e-06
9.64738699665e-05
0.132621460738
0.0016177044607
0.132621460738
0.132621460738
0.132621460738
0.132621460738
0.0233467158409
0.0233467158409
0.000453143068872
0.0214208376603
0.0013336312156
0.132621460738
0.132621460738
0.132621460738
0.117836195703
0.00919866718011
0.0214208376603
0.000650128329217
0.132621460738
0.0268902615148
0.132621460738
0.132621460738
0.0233467158409
0.00496626627537
0.132621460738
0.132621460738
0.0157822288747
0.132621460738
0.132621460738
0.0268902615148
0.117836195703
0.117836195703
0.000222285650083
0.00052844854901
0.0369107860213
0.132621460738
0.117836195703
0.132621460738
3.12980070971e-06
0.132621460738
0.0214208376603
0.00431842953236
0.132621460738
0.132621460738
0.132621460738
0.0214208376603
0.132621460738
0.132621460738
0.000298081313853
0.132621460738
0.0369107860213
0.0268902615148
0.132621460738
0.117836195703
0.117836195703
0.132621460738
0.0502513692194
0.132621460738
0.117836195703
0.132621460738
0.0502513692194
0.0369107860213
0.0115288214501
0.132621460738
0.0214208376603
0.00919866718011
0.117836195703
0.00333898474081
0.0268902615148
0.0369107860213
0.132621460738
0.000709233096225
0.0214208376603
0.132621460738
0.00496626627537
0.0268902615148
0.132621460738
0.132621460738
0.0150633644985
0.132621460738
0.000286067377098
0.117836195703
0.117836195703
0.00627031038802
0.117836195703
0.117836195703
5.34985179717e-05
0.0268902615148
0.000584186062951
0.132621460738
0.0233467158409
0.117836195703
0.132621460738
0.117836195703
0.000326191576609
0.117836195703
0.00120907387619
0.0
0.0502513692194
0.132621460738
0.0214208376603
0.117836195703
0.117836195703
0.132621460738
0.0502513692194
0.0268902615148
0.0214208376603
0.132621460738
0.132621460738
0.0502513692194
0.0176069588893
0.132621460738
0.00326513766295
0.132621460738
0.117836195703
0.0268902615148
0.132621460738
0.117836195703
0.0
0.132621460738
0.132621460738
0.0176069588893
0.132621460738
0.117836195703
0.132621460738
0.132621460738
0.117836195703
0.132621460738
0.0268902615148
0.00121047827102
0.0502513692194
0.0100199118555
0.000141243986843
0.00431842953236
0.117836195703
0.132621460738
0.0176069588893
0.00241483259389
0.132621460738
0.0369107860213
0.132621460738
0.117836195703
0.0502513692194
0.0502513692194
0.0502513692194
0.117836195703
0.117836195703
0.117836195703
0.0
0.0502513692194
0.117836195703
0.132621460738
0.117836195703
0.0502513692194
0.132621460738
0.117836195703
0.132621460738
0.00648140483875
0.132621460738
0.117836195703
0.0502513692194
0.00130691469911
0.0157822288747
0.0233467158409
8.86371736861e-05
0.0155951903798
0.132621460738
0.132621460738
0.00431842953236
0.132621460738
0.132621460738
0.132621460738
0.117836195703
0.0369107860213
0.0100199118555
0.0268902615148
0.0233467158409
0.0