500
1.66773260787e-24
2.92371558725e-36
1.19696674026e-05
7.20452769566e-27
3.00772418273e-30
1.87571981921e-09
0.000199085410912
4.74565257708e-13
5.79112802967e-26
0.000171520035694
2.19229826552e-10
3.42340018897e-23
9.42121950015e-05
2.39290654846e-13
1.65314037931e-19
3.88446744004e-169
1.97410888772e-64
3.05825315295e-22
3.31361788704e-18
9.55474571523e-06
7.34977125896e-14
5.59360512408e-26
3.37118809135e-22
2.33571549631e-47
3.83738707291e-07
2.15322601677e-139
1.07453312255e-41
1.97577928048e-17
3.57037397722e-39
1.11490355668e-20
2.01753971209e-22
2.17526216424e-22
4.41134916543e-55
1.70424215481e-19
5.90672327823e-61
8.37884274022e-92
4.10807632663e-15
2.79774347225e-13
5.41716439762e-11
2.57186353835e-08
0.000237284222315
2.08611824097e-24
4.64083787435e-06
2.26658288585e-06
4.95276245127e-31
8.51348175119e-06
1.99973123198e-87
1.47103490286e-11
9.74945012577e-68
0.00316936450839
2.14702574167e-06
4.70132739346e-41
8.89076026839e-13
4.83129040028e-23
5.57874005869e-13
1.15642906157e-34
2.54201651002e-20
4.4045282566e-17
9.83513349771e-07
1.68341436611e-15
7.20284749524e-21
3.42902136446e-08
1.09209097084e-34
9.44519637418e-35
1.43678521621e-31
2.99336385615e-08
6.9779038982e-11
8.45971084428e-09
1.19696674026e-05
1.63212225248e-06
7.26130252662e-48
1.9899542315e-14
3.30396175299e-06
0.000237284222315
1.10927397342e-08
2.42744391426e-58
2.19076026656e-12
3.64001491435e-45
2.61062120064e-12
5.18155241305e-72
1.12386115073e-69
1.90746907731e-21
2.78660415864e-12
0.000176871988756
6.78679351821e-53
0.000132876661281
1.04456735851e-18
3.56790897772e-08
4.16191030734e-35
9.80405205256e-18
5.9459525914e-10
8.95546930278e-31
1.01684510963e-36
2.00734267788e-16
3.93861013758e-27
3.50147914862e-24
1.16443355638e-32
1.17880024798e-06
6.1667114559e-37
6.18575913061e-13
3.38212884658e-32
1.12927176816e-05
1.30799878414e-28
6.30418565648e-38
3.36523150452e-13
9.19853607091e-07
0.000218877873045
2.73166324066e-12
0.00126347914547
5.28287090612e-07
1.40926815074e-23
1.26162558116e-13
3.84076217764e-08
2.84656931763e-17
5.53450088831e-116
6.68291984843e-06
6.96079886258e-70
4.96151269658e-78
4.79975937107e-17
5.30331409906e-35
2.17996676432e-30
1.75849376048e-09
5.90223658223e-11
1.47120918579e-10
2.6846198773e-16
1.43562525661e-16
1.87233868862e-42
3.42243379663e-07
1.37888148104e-33
3.96526283287e-66
1.58104166871e-05
7.39644069415e-33
4.13614461187e-10
1.5010225206e-15
1.71860176921e-36
1.2325678986e-28
4.23558455906e-48
9.49696719371e-83
1.98507017118e-26
1.53347873797e-11
1.91412561609e-35
0.00372182254196
5.5357715117e-20
1.58408178325e-13
3.89139453997e-11
5.49112312283e-12
4.779022194e-39
2.10352284031e-31
7.56832309442e-36
0.000128163244431
1.64411635707e-18
1.98254468537e-07
4.80806109722e-11
3.77243270912e-19
1.10217003618e-21
4.22261619685e-17
2.77225832035e-08
1.04786600118e-17
1.03161947026e-14
9.6427581326e-09
1.15605112507e-23
3.05252929922e-14
0.00316936450839
2.83288160672e-42
8.23977883763e-18
6.79822206183e-10
5.04599443426e-51
0.000237284222315
5.38774823266e-24
0.000237284222315
5.91415965271e-22
2.61351107044e-200
4.59186099318e-19
6.44058823887e-21
0.000171520035694
6.59759013166e-46
5.29834255274e-44
3.47653464023e-10
1.11441936836e-12
1.03192870327e-55
7.63767844757e-37
7.11773329095e-16
1.63251200888e-08
1.52961467203e-08
8.05129334848e-16
2.51096108883e-08
4.69108741679e-60
2.71387296222e-14
1.83267964146e-09
0.000170150874866
1.68154264648e-38
5.51340669461e-07
4.60731073416e-38
3.88454776088e-83
1.21438625102e-28
9.56413186251e-18
1.5679262555e-18
7.18949379324e-07
1.05788026809e-16
4.15906139952e-26
1.95607217996e-67
3.48224160315e-06
2.35950506669e-67
8.2915127497e-09
1.11352443586e-05
2.00327369182e-25
3.65713983376e-31
4.24358335989e-83
3.04056665215e-41
1.27736483552e-05
3.19228802939e-67
1.97494313765e-10
5.97334187133e-53
3.26929249628e-27
2.68908934848e-57
1.13616882464e-27
1.74115407574e-66
2.00604938335e-16
3.4179678995e-06
1.57397357715e-15
1.67629135497e-08
1.11931430485e-39
3.82620677195e-07
2.90973879961e-33
4.17151342142e-27
3.88494276921e-10
0.000237284222315
2.34442120222e-07
9.67755693448e-07
0.000171520035694
0.000237284222315
3.29309776549e-36
1.40687962223e-20
3.91759127141e-17
6.76274292982e-28
6.64760626952e-10
2.24721331869e-55
0.00372182254196
8.00834792154e-29
5.12608398079e-18
1.28601803323e-19
9.35075202655e-19
7.17035339398e-44
2.93775086835e-32
1.73551429363e-35
1.93638896415e-49
7.80706495273e-58
2.684798696e-19
2.41375141447e-07
5.93316971537e-24
9.05669269517e-14
2.71127665689e-30
1.88797341082e-36
0.000132876661281
2.98102513436e-17
6.1528588828e-12
2.28760190659e-31
1.87334150078e-11
2.00739359533e-15
2.60046190295e-07
6.46183423697e-66
2.9244437514e-16
3.32015092821e-20
0.000209060083114
1.97373276394e-26
1.07938372452e-22
2.98094730679e-46
3.24954227515e-29
4.88628698246e-25
2.43123543997e-12
1.50369115676e-09
1.06261578786e-39
0.00316936450839
9.08748545878e-36
4.52740401105e-28
1.44624746103e-09
0.00372182254196
9.29664306463e-46
1.36139585694e-23
1.51779972108e-20
2.18822154455e-72
1.54136729421e-57
2.99160065414e-51
1.50357771896e-37
9.87121768297e-17
3.60015778625e-18
0.000171520035694
3.0000213446e-07
1.15695666287e-16
1.68473608066e-10
2.55973506419e-36
0.000170150874866
8.70000764246e-06
2.10094165748e-44
9.91149880144e-32
2.01159941737e-17
1.19491263358e-22
1.09728348797e-13
4.23270964692e-26
9.20873452375e-29
9.16630720082e-15
3.54728845556e-32
7.98561157713e-20
1.29131669133e-32
2.31339799222e-21
1.76171348319e-18
3.60571263313e-16
7.43348176804e-25
2.45645697115e-22
2.65234936577e-16
2.32608998552e-54
1.87105032629e-61
2.49583345269e-42
9.23049856301e-10
1.87541885408e-88
5.81201055682e-30
1.53728071035e-62
2.47453160652e-29
8.98966716825e-19
3.03258960863e-07
7.10945691651e-10
5.23860801095e-23
1.22587937724e-06
3.63822491366e-42
2.38552378782e-08
2.05469256825e-48
2.92930972574e-29
2.36069644641e-09
1.89521260653e-08
7.64100345128e-19
8.24096053723e-13
3.29105825959e-32
1.52750060437e-08
1.48239290514e-11
9.85092144496e-15
5.10164024518e-26
4.09629224914e-15
2.73171973174e-33
3.7463926101e-23
2.42404276047e-12
5.10247466903e-06
2.84064861346e-51
7.17859516507e-40
6.10023102156e-07
4.94166863377e-12
2.52344865272e-43
2.56631504227e-28
8.20986603919e-40
9.06280884059e-06
2.51904132264e-18
4.16431812645e-18
2.02195154299e-20
5.81352041e-09
3.0664997338e-08
1.87939892004e-08
2.99482081027e-32
2.31774119187e-11
2.36612722304e-16
4.46114926272e-54
1.97766019785e-05
2.49385582559e-11
1.4766674811e-14
1.85584442867e-09
3.37390815972e-43
1.14250236743e-07
2.34544722968e-07
3.52348119034e-08
0.00126347914547
6.8175257949e-36
1.36911429182e-78
4.30452944401e-52
8.51718870327e-49
0.000132876661281
2.04213123729e-23
1.49104167731e-36
2.56556217305e-39
9.42121950015e-05
1.85395265394e-60
1.26372346403e-24
4.25256341003e-29
6.53217941052e-30
3.19141801828e-27
2.18514506912e-44
3.95846370822e-48
0.00316936450839
0.00316936450839
1.51170858227e-09
8.44012063556e-25
5.57248053899e-26
8.05932568573e-06
1.27462709187e-26
2.98709102315e-25
1.06580184764e-55
0.000172444929008
2.76678582129e-58
2.48323950351e-28
6.94680405969e-18
2.55945677961e-62
1.56388134796e-28
3.88380560447e-11
1.58584561054e-50
5.90401871367e-11
3.56870537955e-88
8.82334920113e-49
5.38281407192e-25
1.23331826087e-55
1.51013005727e-20
7.79081925645e-43
1.16117281456e-59
8.01571056736e-24
2.97860997356e-19
4.01818392781e-15
0.00316936450839
5.89950666053e-25
1.57308984452e-30
1.12076230905e-30
1.74444041694e-08
7.66240360863e-44
1.10858641274e-14
8.90179232096e-24
6.67084790371e-16
4.38255222088e-70
7.26704728613e-42
4.9123336902e-07
2.61229524135e-08
9.79626085772e-06
0.000128163244431
3.93503126776e-25
1.67199525378e-26
1.13463096421e-05
4.67865320731e-24
5.21421374892e-07
1.04417358819e-69
1.93013397978e-28
8.42847439925e-33
6.92486236552e-09
1.16240200032e-05
1.82793747667e-32
9.35889106577e-25
0.000128163244431
2.89346526256e-17
9.55474571523e-06
0.000132876661281
0.00316936450839
8.60550037001e-41
0.00316936450839
3.35574436294e-60
5.19079687077e-24
1.07909275588e-12
9.79626085772e-06
1.95075692167e-27
1.19696674026e-05
1.61517715813e-29
4.53583397282e-19
6.42617796793e-05
3.38332039789e-07
1.20788681525e-14
2.74795897242e-51
9.25581460525e-30
2.4507239523e-53
0.000237284222315
5.67730037588e-45
9.39626280427e-28
6.1189891504e-11
2.97741190838e-28
1.69415888023e-09
1.13573743423e-33
3.85379733802e-25
1.47918026952e-20
1.11643651915e-14
6.07466807227e-42
2.51636361284e-13
9.2993882774e-06
4.14981326917e-23
3.07324066886e-07
2.30845924534e-08
2.06755441612e-17
4.19231999173e-31
1.13361792483e-68
6.75834729378e-65
1.51426171145e-08
3.05024853502e-68
4.0034573117e-31
2.55872330544e-15
2.61579413591e-20
8.37826023644e-06
0.00372182254196
2.83338340342e-06
1.09535796571e-41
0.00398174659986
6.56949038043e-17
9.81549258923e-26
0.00126347914547
0.000237284222315
7.68400743681e-15
0.000132876661281
5.29799112345e-55
3.67515579687e-10
8.33760631142e-94
5.71193726048e-11