500
1.02084434554e-06
6.70484008099e-06
6.42532573546e-08
5.50218659205e-05
1.41386635087e-13
6.82082051378e-21
3.69740408019e-06
1.46032061937e-37
1.30243632503e-08
4.1932909496e-07
1.45363142641e-10
1.53171315206e-05
1.66842511044e-09
2.89112619534e-16
2.12546484842e-05
0.0
4.43563696233e-06
1.78853413271e-08
6.02170694799e-12
0.00994229964239
9.75097599676e-07
4.61568004687e-05
0.0232474359285
3.21081833022e-25
1.04341064658e-08
0.000470026096481
1.03902616538e-17
1.03724289798e-05
2.75333754395e-06
8.16041673869e-16
0.000111999951927
0.000447031376501
5.43494823922e-10
5.09330377489e-24
0.0232474359285
0.0296075834939
0.00925242940063
3.66519515856e-11
0.0
1.71328745758e-10
0.000338151745987
6.41862568747e-07
0.0194459684182
3.34112874126e-18
3.49167909026e-07
1.29267717481e-28
3.35241713653e-10
5.03664446107e-05
0.000379849473348
1.31521027353e-11
0.000127498262579
0.0194459684182
0.000506960133031
5.08845785591e-15
8.34943452423e-14
0.0
8.6535623697e-06
0.00584841155435
0.000409254557983
7.68453902852e-05
4.9329845546e-06
2.6918542598e-07
0.0110388768088
3.84852094605e-07
1.12102172778e-16
0.00241225810771
0.000648258859066
4.15576131081e-11
3.22917678483e-10
7.24599320744e-13
0.00148313769271
7.72005374658e-05
1.50981128584e-06
0.00994229964239
7.01303304384e-06
2.68690903503e-10
6.41505535624e-12
4.87979282266e-08
3.90447808357e-07
1.16425315757e-08
7.33527368933e-17
9.51294815338e-10
0.00153520803302
0.00153520803302
4.7274317411e-05
7.22648987893e-05
4.19140294979e-07
0.000222523028375
2.77921383558e-08
5.32334067797e-05
1.43143791962e-07
1.13336082252e-32
0.00128382190273
0.000338151745987
2.00579495827e-06
2.13912623373e-10
7.47140775985e-05
0.000117944194556
2.19345182951e-16
2.42525663319e-14
1.40613745253e-08
1.65302776586e-10
0.0141445463936
1.45267639895e-14
2.10177610469e-07
0.0296075834939
0.0296075834939
5.8904640758e-17
8.43297925207e-09
2.35975485208e-08
3.52603190721e-06
2.25920962524e-20
0.000274894133238
0.00726487049235
7.90370870555e-06
0.0110388768088
1.71781683156e-06
0.000301279559429
2.94879197361e-08
2.45775621762e-05
7.87227531663e-17
1.92310579367e-14
1.9836885888e-05
9.11713066976e-26
2.15907304186e-10
0.000141398836308
0.0232474359285
9.87302499499e-19
4.8395488286e-07
6.68527751274e-39
8.0428344912e-07
1.36544980716e-07
0.00255869652561
0.00015532271138
0.0296075834939
4.26117612046e-05
2.57969040514e-08
3.84169556925e-06
5.70111568046e-05
0.0
4.09645613173e-11
4.44390783418e-06
1.29965871496e-08
0.000882769943369
0.00482493953234
0.0194459684182
2.02953044191e-13
4.24059972623e-19
6.29833686709e-09
8.04022084911e-08
6.4746627009e-11
9.31758495846e-06
0.00034330243812
2.15094976292e-11
1.30508635759e-18
1.50258548915e-06
3.6627177086e-38
0.000207423882224
0.00018922499756
0.00310698863824
0.000803110396718
0.000283137563754
2.49661767624e-06
1.35052102315e-15
0.00994229964239
0.0296075834939
2.22108503804e-15
1.29183981307e-08
5.33449363367e-08
0.00102384565465
3.49358200448e-09
1.1463024581e-08
0.0110388768088
5.2285683657e-19
0.00726487049235
9.17530355164e-10
1.36908659729e-23
4.03129400314e-17
0.00120938018186
0.0296075834939
0.0232474359285
0.0232474359285
3.13650040036e-25
4.8824112416e-13
1.22525178279e-07
5.92117988443e-12
5.00701701124e-11
9.64031849575e-14
1.00743963839e-06
1.90726952233e-21
0.0110388768088
5.23083195071e-07
0.0296075834939
1.81989128511e-12
0.0232474359285
5.52197781639e-09
2.63454016585e-31
0.00102384565465
1.71979417795e-12
0.000195161239318
5.36264090187e-12
3.41460233841e-05
0.000240464364822
1.87023118938e-09
8.24254973755e-15
4.08102553662e-23
1.02042210556e-14
4.0439798876e-19
1.28590029273e-25
0.0232474359285
0.0194459684182
0.0296075834939
0.00255869652561
1.24538741282e-06
2.096681822e-15
7.35435309828e-19
0.00122278086718
0.00740025108547
0.0003334533681
8.5195927484e-21
0.000843201545994
8.82968907834e-07
0.00994229964239
0.000136773574649
5.16603299719e-06
0.00020422168567
6.17220287546e-08
1.04859738669e-17
2.40582806352e-07
2.13004712842e-14
0.0194459684182
2.12206067102e-05
4.41033270732e-05
0.0296075834939
3.2624176749e-14
3.2289041974e-06
0.0194459684182
1.7599478691e-09
6.21777742392e-06
9.16545398457e-05
2.41886115262e-20
0.00108944840687
0.00397795208972
0.000195161239318
1.98212334134e-08
0.000715538953645
0.00994229964239
4.26846267417e-12
0.0232474359285
3.03297975609e-06
2.21952849919e-06
7.10323111167e-06
5.03410222647e-05
0.00994229964239
1.86867898715e-21
2.14926917711e-31
0.00134406701904
4.20145046122e-11
1.06377510779e-06
1.07310708353e-20
9.40960762636e-07
2.02374255539e-27
5.54425091179e-08
0.0
3.83156626457e-24
0.0194459684182
5.96284459875e-12
2.51405109806e-05
0.000160634187286
4.98704613509e-09
3.62781591669e-06
3.31598642391e-37
6.77319080273e-09
2.2182557989e-08
0.0296075834939
1.56104078094e-06
0.000152659463891
2.71207498254e-16
0.000993004515298
0.000224913850369
0.00178999559826
1.4703238891e-07
0.00482493953234
0.00584841155435
7.49099513589e-09
1.68655411468e-22
9.22113752592e-05
0.000134366961692
2.64325431724e-06
6.89264723584e-18
5.96188073587e-11
2.95836432661e-05
0.000116346364996
0.00158434730037
0.0194459684182
4.22986421889e-21
0.00925242940063
3.59599083856e-35
6.06625170081e-09
4.4823871328e-14
2.40770691112e-15
2.52359240675e-11
7.01127351847e-29
0.0296075834939
3.73846098277e-07
0.0
1.58624528259e-09
3.71157998666e-10
3.87971490377e-14
6.57105744872e-18
6.45095922909e-12
0.00994229964239
9.47050537586e-05
5.32840828763e-18
1.24627869005e-13
6.34764980541e-13
0.00818777617609
1.27901480736e-07
1.07894249626e-23
1.40458899002e-09
2.37660304577e-05
0.00158434730037
1.64108875418e-22
0.0296075834939
1.8029880545e-23
2.31720098205e-22
0.00143171002001
3.97644398375e-16
7.33338557215e-05
0.00133580613383
0.000899385121639
0.0296075834939
0.00336283664375
1.17973325586e-07
1.45111182757e-07
0.000843201545994
0.000665695289532
0.000203930846821
4.26605446285e-06
0.000150908654519
5.07715790441e-11
2.1958095476e-07
9.44629739819e-17
2.43152533994e-05
5.61052715195e-15
0.000283401970101
0.0296075834939
0.00148313769271
0.000256691787074
0.00994229964239
0.0
5.51299513627e-11
1.85688612184e-16
1.06668147224e-05
0.00482493953234
0.0296075834939
2.28884066204e-07
2.36926810871e-07
0.0
3.7215212833e-05
1.80017982406e-07
1.17364473498e-12
1.33680111193e-07
5.86912264147e-25
9.97776100231e-22
2.57933592839e-07
5.26054696703e-05
1.23605481881e-27
2.37968749644e-17
3.4038415639e-49
3.67508625016e-10
8.97421618736e-10
0.0232474359285
5.57444345945e-08
2.2926809173e-05
0.0110388768088
4.72978401727e-06
2.71516927752e-07
5.11110522017e-05
2.65642894772e-13
4.87452222675e-16
3.29692159699e-16
9.49667369897e-07
8.4423778114e-05
5.61568886515e-09
3.32186761404e-13
1.86404694429e-18
1.40250454793e-11
0.0
0.00925242940063
0.000193498450169
0.00994229964239
3.02321298651e-06
0.000209408298379
7.3416881371e-07
0.0296075834939
6.88105482206e-11
1.08679252924e-11
0.0296075834939
8.49376037355e-05
2.41905999792e-07
0.0
0.0141445463936
0.0296075834939
4.55144537519e-08
6.83385892582e-05
2.81947858195e-11
0.00482493953234
0.0110388768088
1.63303399148e-07
0.0
0.00312342904823
1.18654975231e-26
6.62308800736e-06
0.000168365797016
8.10462917454e-06
2.35606787919e-22
4.74674374461e-18
0.000405305534547
0.00607690424832
1.3639723758e-08
2.25328880688e-13
0.000316174130903
0.000810042228761
7.36667213978e-18
9.78036888473e-07
0.0110388768088
2.50327904382e-11
9.39227182811e-06
0.000785768314019
2.74192215464e-05
8.29908034171e-08
3.4054114364e-09
0.000171536173033
1.48396078222e-05
1.68935129834e-34
0.0232474359285
0.0110388768088
0.0141445463936
4.48834249027e-06
0.0232474359285
0.0110388768088
0.00122278086718
0.000787485736088
0.0296075834939
8.65237091382e-11
0.0194459684182
9.63483905451e-17
1.27781995394e-05
2.12718742111e-08
5.89569935073e-23
0.000222523028375
7.51559116126e-13
1.19735291353e-08
2.70913323382e-06
1.05126113839e-10
0.000785169068179
0.000803908439944
4.53358694555e-07
1.0497496536e-30
0.0296075834939
2.72248405315e-18
5.91863095152e-07
0.00482493953234
1.05607893014e-05
4.0341851856e-12
6.1873483435e-10
7.53147669606e-16
5.17554060716e-06
8.24675860169e-15
1.41158879248e-10
0.00312342904823
0.00994229964239
1.32001686658e-09
0.000443443697116
0.000256691787074
1.35752749781e-11
0.0232474359285
1.71109445121e-06
9.27462770249e-07
5.57180386478e-13
0.000665695289532
1.06769570067e-07
1.95786228857e-05
5.87103012038e-21
1.35997516074e-10
0.0
1.61554445024e-09
1.00232137539e-11
5.30882932039e-05
1.38140942682e-06
0.00255869652561
0.0232474359285
0.0296075834939
0.0296075834939
4.2093124151e-07
0.00336283664375
0.00312342904823
6.68473914301e-06
7.32965915783e-07