500
0.00943094682581
0.000437192691593
0.0678562513473
0.00554957055554
1.81856813577e-06
0.0117255415488
0.00943094682581
0.00161695283982
1.69242129173e-07
0.000247070154266
5.3416684189e-07
2.07855474496e-06
0.00067414439641
0.000124162014373
0.00327583182552
0.000241325455868
9.11630076566e-07
8.7355601253e-07
0.00046548614267
8.66145517242e-08
1.26022174282e-05
0.0678562513473
0.0243515001429
0.0254387533661
2.54412122625e-06
0.00117911267074
3.0275381561e-05
0.00046548614267
0.0243515001429
0.00446556807681
0.00133416657633
3.39442602475e-05
8.02773038402e-09
0.0115812875673
0.0243515001429
6.05174780226e-09
0.00433843012655
0.0115812875673
1.67388541437e-13
3.6138916916e-08
3.27124729645e-06
0.000575957227186
0.000223786345192
0.000638364178879
0.00104463103509
0.0678562513473
1.45273579528e-10
9.58086630209e-05
7.716301599e-05
0.00554957055554
2.92176860723e-08
2.13716179896e-08
5.60133686691e-06
0.00446556807681
1.19361948254e-08
3.2544038029e-11
6.84304702304e-10
0.00943094682581
1.43193602414e-06
0.00943094682581
0.0243515001429
0.00080891399972
0.00080891399972
0.00080891399972
0.000844570716272
0.0678562513473
4.25989408412e-06
3.53809569314e-06
0.00107148574942
5.33361140888e-05
0.0117255415488
8.43853030942e-05
0.00104463103509
4.88129732273e-06
5.2495314021e-12
1.73505609842e-06
0.0254387533661
0.00104463103509
0.0678562513473
0.00446556807681
0.0117255415488
0.00446556807681
0.00149212355331
0.0678562513473
0.000526212239488
0.0117255415488
1.39329440241e-06
0.00433843012655
0.00429304054736
0.000219074220197
0.0243515001429
0.000226234687681
0.0115812875673
0.0243515001429
4.02496101906e-11
0.0243515001429
0.0243515001429
6.40273006563e-09
0.00231406882297
0.0243515001429
5.9591068687e-06
7.18632284769e-05
0.0117255415488
7.4212723732e-05
0.0046580699958
2.33052124743e-06
4.43219125081e-16
1.04008331833e-05
2.80468037846e-06
1.74059224145e-06
3.34428967915e-07
3.74987579824e-09
0.0678562513473
0.00161695283982
0.00554957055554
1.42420599565e-12
0.000163018601799
0.00104390348898
2.35111240595e-05
0.0046580699958
3.30533378208e-10
0.000844570716272
0.0678562513473
0.000233620236786
3.31188123397e-10
0.0243515001429
0.000569106729523
9.45201095787e-05
0.0117255415488
1.72907271946e-06
1.50731181826e-08
2.42151183404e-05
0.00133416657633
0.00012265422261
0.00046548614267
1.79110184247e-05
0.0243515001429
3.54540995614e-08
7.7567172178e-07
7.17516165285e-09
0.00943094682581
6.03297670923e-14
1.16132739239e-09
1.58201056185e-05
3.23120675651e-15
6.36917814224e-06
2.51206168366e-08
2.36985622438e-05
3.66600850784e-06
0.00554957055554
6.43079851701e-06
8.640598683e-05
5.83730714552e-07
1.71951622582e-07
1.17045811954e-06
0.0243515001429
0.000137903907223
0.0254387533661
2.29206501465e-08
0.00231406882297
0.00176473690816
0.0243515001429
0.0243515001429
8.43896988442e-10
1.00089925658e-07
0.000569106729523
0.0243515001429
0.0243515001429
0.00554957055554
0.0678562513473
7.0571538771e-07
2.36799988651e-05
0.000445133878672
3.88398627714e-08
1.75514997512e-05
0.000503611353198
0.000165769658028
5.08206964337e-09
0.0117255415488
0.0115812875673
1.91720192087e-07
4.83335813952e-11
0.00943094682581
3.49530827226e-05
0.000232624791584
1.56801750974e-09
6.15363276249e-06
9.63714397572e-06
0.0117255415488
0.0243515001429
0.00104463103509
0.0678562513473
0.00284175279561
0.00903527222075
0.0243515001429
0.0117255415488
2.04057160157e-05
0.0678562513473
0.0117255415488
0.0117255415488
0.0243515001429
0.000378515131186
0.0243515001429
0.0243515001429
0.00429304054736
0.0117255415488
0.000828008536942
2.94683349127e-12
6.02304728985e-10
1.15080406937e-15
9.45201095787e-05
1.2473989191e-12
0.0046580699958
0.00554957055554
8.96883120313e-07
1.93752945071e-06
0.000157587044456
0.0678562513473
0.00943094682581
0.000226234687681
0.00218731191628
0.000975198821984
1.50935553617e-10
8.17448066558e-05
0.0117255415488
2.87378895313e-06
3.17090108466e-07
0.00554957055554
0.00080891399972
0.000232936983517
1.12185191503e-07
2.5379649919e-05
8.62082655348e-09
0.000131957227749
3.46902603795e-08
0.000634639431546
2.82615027663e-12
0.00123475801337
0.0243515001429
0.0117255415488
0.00022218779477
1.8117909651e-13
0.00339110855983
0.00554957055554
7.716301599e-05
5.89037309032e-06
7.7567172178e-07
3.61152307893e-11
3.23411711338e-08
4.84237857956e-06
5.28749193129e-11
9.60550866381e-06
9.58086630209e-05
1.74759057801e-07
0.0243515001429
1.03545334827e-06
1.03508697979e-06
0.00104463103509
0.00208826861644
0.000206198772728
2.18119415809e-07
7.40365482919e-06
0.0243515001429
0.0243515001429
1.32902192108e-05
1.90690565799e-06
0.000247070154266
1.54383943503e-10
9.45201095787e-05
2.46954229994e-06
0.00091994951596
5.35043148824e-08
0.00554957055554
0.000844570716272
5.68215354805e-07
0.0117255415488
9.23364028192e-05
0.0243515001429
0.0046580699958
0.0243515001429
0.0117255415488
2.55230724601e-07
0.00015912262716
0.000312784652345
0.0678562513473
2.31977016912e-06
0.0678562513473
0.000569106729523
0.0243515001429
0.0243515001429
0.0243515001429
0.00943094682581
1.53128379578e-05
0.00943094682581
0.0243515001429
0.0678562513473
0.000897121363787
0.000159879599494
1.30308489936e-05
0.000828008536942
5.14907220754e-12
1.10794872993e-05
0.00161695283982
0.0678562513473
0.00231406882297
1.97083006974e-09
0.000170189253081
0.000212303633377
3.0176126471e-07
0.00091994951596
9.0229142507e-12
0.0243515001429
0.000391792664648
0.0243515001429
0.000282216700612
0.0678562513473
0.0243515001429
3.19631225411e-11
0.00115042436992
6.74070064016e-06
0.0243515001429
7.76810382437e-08
0.0117255415488
4.8832381301e-07
0.00046548614267
0.00115042436992
0.000147994259075
1.54746265717e-07
0.00091994951596
4.42267945095e-05
0.000616768553629
0.00104463103509
5.75962414222e-11
0.0117255415488
0.000241325455868
0.0243515001429
0.0678562513473
7.36917203515e-10
0.00446556807681
0.000575957227186
0.00161695283982
0.00943094682581
0.0678562513473
1.85248609216e-06
0.0254387533661
0.000562112995851
0.0117255415488
0.0117255415488
2.69788434068e-05
2.11527870847e-08
6.44771081519e-12
4.53162148608e-11
0.0243515001429
1.26827154376e-08
0.0678562513473
0.00123475801337
0.000377195655239
7.18709077414e-10
0.00284175279561
8.6595920208e-06
0.00943094682581
0.0117255415488
8.58900258334e-06
0.0117255415488
5.57202135968e-07
0.0117255415488
9.9537162921e-07
0.0243515001429
7.47237730177e-08
5.3821513547e-11
6.38874302449e-07
5.09012400869e-17
6.79406500411e-08
0.0243515001429
2.35009443092e-07
2.24899629761e-10
6.33757660668e-06
8.18250818184e-10
0.00554957055554
0.00554957055554
7.716301599e-05
0.0254387533661
0.000569106729523
0.00123475801337
1.5587939519e-07
3.84348518792e-09
0.0117255415488
0.000111404277832
7.07792721632e-06
0.00208826861644
6.01167250748e-05
0.00903527222075
0.00446556807681
0.000892447937215
1.54414236023e-12
9.24728568278e-09
1.44942351534e-18
9.56959212703e-14
7.36402863114e-12
3.32822210339e-05
2.44488865777e-07
7.83940910684e-07
3.18516993166e-07
4.55090160641e-05
0.0243515001429
3.65945728847e-07
5.43771617189e-14
1.41978572369e-10
0.00943094682581
0.0243515001429
0.0117255415488
0.0115812875673
0.0678562513473
1.6314425355e-11
0.0254387533661
0.000844570716272
0.0243515001429
3.17665102156e-10
5.96191161686e-05
9.23364028192e-05
0.00943094682581
1.92721479043e-06
0.0243515001429
0.00149212355331
0.0678562513473
7.23877617619e-09
0.0117255415488
0.0243515001429
3.17283486383e-10
0.0678562513473
0.000103324137003
2.35460833659e-06
0.00446556807681
0.0243515001429
0.0678562513473
0.000118886269269
7.59821090681e-06
3.30092708349e-06
5.82754604655e-08
9.57568103379e-16
3.07179269641e-08
0.00104463103509
1.52821082546e-09
1.66751920937e-09
0.000226234687681
0.0243515001429
4.37989839744e-08
0.00473922124535
6.82199734824e-08
0.000378515131186
0.000221967313933
0.00473922124535
9.23364028192e-05
1.48213587993e-06
0.00115042436992
0.0243515001429
0.000391792664648
4.86269294541e-07
0.000569106729523
0.00327583182552
1.35762650064e-12
0.000569106729523
1.13186271934e-13
0.00943094682581
0.0243515001429
1.43009245426e-05
0.0243515001429
2.24150550722e-06
0.0117255415488
1.52464615209e-11
0.000252394834592
0.00104390348898
0.00104463103509
1.04289485228e-12
2.91907038107e-06
9.23364028192e-05
0.000118312780149
6.47849289896e-06
3.62404633661e-21
0.00327583182552
4.23920504203e-23
0.000437192691593
3.31716824142e-11
0.00554957055554
4.66020212558e-06
4.02726669057e-09
0.0117255415488
0.000129706953906
0.0243515001429
8.79411821497e-11
0.0243515001429
2.85835571074e-05
0.00080891399972
0.000391792664648
3.01093476256e-07
9.23561044006e-06
4.68710188852e-10
0.00943094682581
4.20726005801e-06
0.000861806958173