500
0.0149891626788
0.0
0.0
0.0
0.0
0.0
0.0
2.28461018771e-08
0.0
6.26348625316e-06
0.0
4.14405997613e-12
9.55975581539e-09
0.0
1.0677236e-06
0.0
7.14766155895e-05
0.0
5.61700700057e-07
0.0
0.0
1.50324708622e-07
1.894239344e-06
0.0
6.20256698963e-09
0.0
4.89149216328e-12
1.894239344e-06
0.0149891626788
0.0
0.00579293698825
0.0011885662567
0.00409841455993
5.28371154824e-05
0.0011885662567
7.04087883209e-13
0.0
0.0
7.32917477554e-20
0.0
5.49415291673e-06
0.0
0.0
0.0
1.02948860362e-05
0.0
0.0
0.0
0.0
0.00409841455993
0.0
0.0
1.86159865696e-07
0.0
0.0
0.0
0.0
0.0
0.0
0.0
0.0
0.0
0.0
0.0
2.28071892446e-10
0.0
0.0
0.0
0.0
0.0
0.0
0.0
0.0
2.80684811624e-06
0.000424424135594
1.50324708622e-07
0.0
1.05487433084e-07
0.0
0.0
0.0
0.0
0.0
0.0
0.0
0.0
0.0
0.0
0.0
0.0
9.4952814226e-07
0.0
0.0
0.0
0.0
0.0
5.35753591907e-05
0.0
0.0
0.00024992071254
0.0
0.0
9.65831713295e-08
1.50324708622e-07
0.0
0.0
0.0
0.0
0.0011885662567
0.0
0.0
0.0
0.0
0.0
1.50324708622e-07
0.0
0.0
2.06398443744e-07
2.21704852336e-06
0.0
0.0
5.35753591907e-05
0.0
0.0
0.0
0.0
9.55975581539e-09
0.0
0.0
0.0
0.0
0.0
0.0
0.0
0.0
0.0
7.570913978e-06
0.0
0.0
0.0
0.000564916256756
0.0
0.0
0.0
0.0011885662567
0.0
0.0
0.0
0.000564916256756
0.0
1.30319017936e-09
0.0
1.50324708622e-07
0.0
0.0
7.14766155895e-05
0.0
0.0
0.0
0.0
0.0
1.50324708622e-07
2.32685964231e-05
3.69376578834e-05
0.0
0.0
0.0
3.19370890724e-05
0.0
0.0011885662567
0.0
0.00179555250692
0.0
7.570913978e-06
9.08725850424e-06
5.76189277039e-07
0.0
0.0
5.45441260189e-11
0.0
0.000420861445532
1.71319834656e-05
0.0
6.46385450204e-11
0.0
2.06398443744e-07
0.0
0.0
0.0
3.66721925795e-11
5.35753591907e-05
0.0
1.2416916722e-12
0.0
2.44859757358e-13
0.0
0.0
0.0
0.0011981868547
7.3522763334e-13
0.0
0.0
8.11180778252e-08
0.0
0.0
0.0
3.57423186261e-07
0.0
0.0
2.83451319469e-06
0.0
0.0
0.0
0.0
0.0
0.0
7.44985226275e-06
0.000881319067871
0.0
1.96153190926e-08
0.0
6.66391303369e-09
0.0
0.0
0.000161016054348
0.0
0.0
0.000564916256756
9.03346220236e-09
0.00024992071254
0.0
0.0
0.0
0.00579293698825
0.0
1.50324708622e-07
0.00024992071254
7.14766155895e-05
7.570913978e-06
0.0
6.42321625479e-08
3.11301668385e-05
2.45619294985e-14
0.0011981868547
0.0
0.0
0.0
7.570913978e-06
1.50324708622e-07
1.71319834656e-05
0.0
0.0
0.0
0.0011885662567
7.35063246254e-06
0.000189108564371
0.0
0.0
0.0
0.0
0.0
0.0
0.0
0.0
0.0
0.0
0.0
8.05061064454e-06
0.0
0.0
0.0
0.0
0.0
7.570913978e-06
0.0149891626788
0.0
0.0
0.0
0.0
0.0
0.0
0.0
0.0
0.0
0.0
0.0
0.0
5.52137740918e-08
0.0
0.0
0.000206001365967
0.0
1.50324708622e-07
0.0
7.14766155895e-05
0.0
0.0
0.0
0.0
3.69376578834e-05
0.0
0.0
0.0
0.0
4.2145634315e-12
1.50324708622e-07
0.0
0.0
0.0
0.0
0.0149891626788
0.0
0.0
0.0
7.570913978e-06
0.000424424135594
0.0
0.0
7.14766155895e-05
1.50324708622e-07
0.0
0.0
0.0
0.0
9.35920655816e-06
0.0
0.0
0.0
0.0011981868547
0.0
0.0
0.0
3.69376578834e-05
0.000424424135594
0.0
8.90635391643e-10
3.11754082852e-09
8.21963136784e-06
9.04916087415e-09
1.81874160088e-16
0.0
0.0
1.4176929145e-06
0.0
0.0
0.0
1.12951093686e-08
0.0
0.0
9.18731078138e-10
0.0
0.0
0.0
0.0
0.0
0.0
0.0
3.23975308817e-09
0.0
0.0
0.0
1.50324708622e-07
0.0
4.07517044856e-09
1.50324708622e-07
0.0
0.0
9.41223907912e-08
0.0
0.0
0.0
0.0
0.0
0.0
0.0
0.0011885662567
2.89947057626e-11
5.49415291673e-06
1.02948860362e-05
0.000564916256756
0.0
1.01871599467e-07
0.000424424135594
7.14766155895e-05
0.0
0.0
0.0
0.000128209290815
0.0011885662567
7.9060546291e-06
0.0
0.0
0.0
0.0
0.0
0.0
1.07397917175e-08
0.0
0.00024992071254
0.0
0.0
0.0
0.0
1.50324708622e-07
0.0
0.0
0.0
0.0
0.0
0.0
0.0
0.0
0.000326830193723
0.0
0.00409841455993
0.0
7.570913978e-06
0.0
0.0
3.11301668385e-05
0.000881319067871
0.0
0.0
0.0149891626788
0.0
0.0
0.0
0.0
7.40100253488e-10
0.0
0.0
0.0
0.0011981868547
0.0
0.0
0.0
8.73284794095e-05
0.0
0.0
1.86159865696e-07
0.0
3.19370890724e-05
7.35063246254e-06
0.0
0.0
0.0
0.0
0.0011981868547
0.00579293698825
1.50324708622e-07
0.0
0.0
0.0
0.0
0.0
0.0
0.0149891626788
0.0011981868547
0.0
1.50324708622e-07
0.0011885662567
0.0
0.0
0.0
0.0
0.0
0.000801746333476
4.88773050892e-09
0.0
0.0
0.0
0.0
0.0
7.570913978e-06
3.11301668385e-05
0.0
0.0
0.0
0.0
0.0
1.02948860362e-05
0.00024992071254
0.0011885662567
7.570913978e-06
7.570913978e-06
0.0
9.35920655816e-06
0.0
0.0
0.0011885662567
0.0
5.52137740918e-08
0.0
0.000564916256756
0.0
0.0011981868547
0.0
0.0
0.0
0.0