500
0.0
0.0
0.0073275832151
0.0
0.0
0.0
0.0
0.0
0.0
0.0
0.0
4.21675088333e-07
0.0
0.0
0.0
0.0
0.00198299908121
0.0
0.0
0.0
0.0
0.0
0.0
0.0
0.0
0.0
0.0
0.0
0.0115884088543
0.0
0.0
0.00143340507249
0.0
1.73255297001e-05
0.0
0.0
0.0
0.0014195856507
0.0
0.000153639232843
0.0
0.0014195856507
0.0
0.00195425267427
0.0
0.0
0.0
2.39995026969e-05
0.000425152332417
0.0
0.0
0.0
0.0
0.000179538955376
0.0
0.000872217652961
0.0
0.0
0.0
0.0
0.0
0.0
0.0
0.0
0.0
0.0
0.0
0.0
0.000425152332417
0.0
0.0
0.0
0.0
0.0
0.0
0.0
0.0
0.0
0.0
0.0
0.0
0.0
0.00786924762601
0.0
0.00143340507249
0.0
0.00236573625529
0.0
0.00195425267427
0.0
0.0039470592842
0.0
0.0
0.00143340507249
0.00018454908539
0.00195425267427
0.0
0.0
0.0
0.0039470592842
0.0
0.0
0.0
0.0
2.38930060038e-06
0.0
0.0
0.0
0.0
0.0115884088543
0.0
0.0
0.00102708572317
0.0
5.9149711374e-05
0.0
0.000327544057581
0.0
0.0
0.00123228773733
0.0
7.42750750957e-09
0.0
0.0
0.00195425267427
0.0
0.0
0.000677896998492
0.0
0.0
0.0
0.0
0.0
0.0014195856507
0.0
0.0
0.000427385837974
0.0
5.95411449725e-05
0.0
0.0
0.0
0.0
0.0
2.01766239247e-05
0.0
0.0
4.4769505439e-08
0.0115884088543
0.0
0.0
0.0
0.00786924762601
4.84574531271e-06
0.00895215027445
5.03495202813e-07
0.0
8.63793818021e-06
1.27231806885e-05
0.0
0.0
0.000514958939189
4.27690890714e-05
0.0
0.000327544057581
0.0
0.0014195856507
0.0
0.00143340507249
0.0
0.0
0.0039470592842
1.08705014338e-06
1.41011668332e-05
0.0
0.00143340507249
0.0
0.0
0.0
0.0014195856507
0.0
0.0
0.0
0.0
0.0
0.0
0.0
0.0
0.0
0.0
0.0
0.0
0.0
0.0
0.0
0.0
0.000514958939189
0.0
0.0
0.0
0.0
0.0
0.0
0.00336378123798
0.00143340507249
0.0
0.0
0.0
0.0
0.0
0.0
0.0
0.00115058940638
0.0
0.0
0.0
0.0
0.00143340507249
0.0
0.0
0.000455779114669
0.000753653137357
0.0
0.0
0.0
0.0
0.0
5.67049545191e-09
0.000963000557618
0.0
0.00195425267427
0.0014195856507
0.00195425267427
8.2232598169e-06
0.000791277109904
0.0
0.0
0.0
0.0
0.0
0.000824213935305
0.0
0.0
0.0
0.0
0.000514958939189
0.0
0.0
0.0
0.0
0.0
0.0
0.00143340507249
0.000872217652961
0.0
0.00236573625529
0.000514958939189
0.0
0.0115884088543
0.00336378123798
0.0
0.0073275832151
0.0
0.0
0.0
0.0
0.0
0.0
0.0
0.0
3.40523451025e-08
0.0
0.0
2.96396338189e-07
0.0
0.0
0.0
5.93123838663e-05
0.0
0.0
0.00895215027445
9.1228563696e-05
0.0
0.0
0.0
0.0
0.0039470592842
0.000272615754828
0.0
0.0
4.9706065116e-05
0.0
0.0
0.00895215027445
0.0
0.0
0.0
0.0
0.0
0.000172027037839
0.0
0.0
0.0
0.0
0.0
0.00143340507249
0.0
0.0039470592842
0.0
0.0
0.0
0.00102708572317
0.0
3.30320558329e-05
0.0
0.0
0.0
0.0
0.0
0.0
0.0
0.0115884088543
0.0
0.0
0.0
0.00895215027445
0.0
0.0
0.0
0.00143340507249
0.0
0.0
0.0
0.0
0.0
0.00143340507249
0.0
0.0
2.92039316844e-05
0.0
0.0
0.000872217652961
1.00922742639e-05
0.0
0.0
2.09924911627e-05
0.0
0.00895215027445
0.0
0.0
0.0
0.0
0.0
4.59607841002e-05
0.0
0.0
0.000166088345683
0.000416515045835
0.00198299908121
0.0
0.00236573625529
0.0
1.35556597599e-08
0.0
0.0
0.0
0.0
0.0
3.53764091775e-07
0.0
0.0
0.0
0.00143340507249
0.0
0.0
0.0
0.000280362360798
0.0
0.000427385837974
0.0014195856507
0.0
0.0
0.0
0.0073275832151
0.0
0.0
0.0
0.0
0.00018454908539
0.0
0.0
0.0014195856507
0.0
0.0
8.86293387806e-05
0.0
0.0
0.0
0.0
0.0
0.0
5.95411449725e-05
5.23981300671e-06
0.0073275832151
0.0
0.0
0.0
0.0
0.0
0.00067489542474
0.00115058940638
0.000427385837974
0.0
0.0
0.0
0.0
0.0
0.000514958939189
0.0
0.000963000557618
0.0
0.00325288735102
0.00143340507249
0.0073275832151
0.0
0.0
0.0
0.0
0.0
0.0115884088543
0.0
0.0
0.0
0.0
0.0
0.0
0.0
0.0
0.000872217652961
1.04180705121e-06
0.0
4.60682758473e-07
0.0
0.0
0.00198299908121
0.0
0.0
9.81492081785e-05
0.0
0.000164774737813
0.0
0.0
0.0
0.0
0.0
0.0
0.0
0.0
0.0
0.0
0.0
0.0
0.0
3.34150065361e-05
0.0014195856507
0.0
0.0
0.0
0.00195425267427
0.00123228773733
3.52453624999e-05
0.0
0.0
0.0
0.0
0.0
0.0
0.0
0.000237546162919
0.0
2.92039316844e-05
0.00198299908121
0.0
0.0
0.0
0.0
0.0
0.0
1.31813467228e-08
0.000805455642211
0.0
0.0
0.0
0.000427385837974
0.0
0.0
1.0711063504e-05
0.0
0.0
0.0