500
0.0
0.0
0.0
0.000158305112224
0.0
0.0
0.0
0.0
0.0
0.000132956026049
0.0
0.0
0.0
0.0
0.0
0.0
0.0
0.0
0.0
0.0
0.0
6.23139870692e-05
0.0
0.0
0.0
0.0
0.0
0.0
0.0
0.0
0.0
0.0
0.0
0.0
0.0
0.0
0.0
0.0
0.0
0.0
0.0
0.0
0.0
0.0
0.0
0.0
0.0
0.0
0.0
0.0
0.0
0.0
0.0
0.0
0.0
0.0
0.0
0.0
0.0
0.0
0.0
0.0
0.0
0.0
0.0
0.0
0.0
1.35382454958e-05
0.0
0.0
0.0
0.0
0.0
0.0
0.0
0.0
0.0
0.0
0.0
0.0
0.0
0.0
0.0
0.0
7.49947329387e-05
0.00150146323089
0.0
0.0
0.0
0.0
0.0
0.0
0.000269446835261
0.0
0.0
0.0
0.0
0.0
2.15106912057e-06
0.0
0.00593826389627
0.0
0.0
0.0
0.0
0.0
0.0
0.0
0.0
0.0
9.47890069124e-06
0.0
0.0
0.0
0.0
8.60806086717e-07
0.0
2.61254551185e-06
0.0
0.0
0.0
0.0
0.0
0.0
0.0
1.05750460912e-05
2.10290830004e-06
0.0
0.0
0.0
0.0
0.0
0.0
5.12120480744e-05
2.77724669965e-09
0.0
0.0
0.0
0.0
0.0
0.0
0.0
2.29682510679e-05
0.0
0.0
0.0
0.0
0.0
0.0
0.0
0.0
0.0
0.0
0.0
0.0
0.0
0.0
0.0
0.0
0.0
0.0
0.0
0.0
0.0
0.0
0.0
0.0
0.0
0.0
0.000129857585653
0.0
0.0
0.0
0.0
0.0
0.0
0.0
0.0
0.0
0.0
0.0
2.8869948903e-06
0.0
0.0
0.0
0.0
0.0
0.0
0.0
0.0
0.0
0.0
0.0
0.0
0.0
0.0
1.07633583416e-05
0.0
0.0
0.0
0.0
0.0
0.0
0.0
0.0
0.0
0.0
0.0
4.73125792161e-05
0.0
0.0
0.0
0.0
0.000166915423788
0.0
0.0
0.0
0.0
2.14340568441e-05
0.000129857585653
0.0
0.0
0.0
0.0
0.0
0.0
4.75090452007e-06
0.0
0.0
0.0
0.0
0.0
0.0
1.20968201437e-06
0.0
0.0
0.0
0.0
0.0
0.0
0.0
0.0
0.0
0.0
0.0
2.64474606014e-06
0.0
4.84652246761e-05
0.0
0.0
0.0
0.0
0.0
0.0
0.0
0.0
0.0
0.0
0.0
0.0
0.0
0.0
0.0
0.0
0.0
0.0
0.0
0.0
0.0
0.0
0.0
0.0
0.0
0.0
0.0
4.56873301387e-05
0.0
0.0
0.0
0.0
0.0
0.0
0.0
4.74531260368e-06
0.0
0.0
0.0
0.0
0.0
0.00405509352748
0.0
0.0
0.0
0.0
0.0
0.0
6.22281897689e-06
0.0
0.0
0.0
0.0
8.79292898157e-06
0.0
0.0
0.0
0.0
0.0
0.0
0.0
0.0
0.0
0.0
0.0
0.0
0.0
0.0
0.0
1.25761816629e-06
0.0
0.0
0.0
0.0
0.0
0.0
0.0
0.0
0.0
0.0
0.0
0.0
0.0
0.0
0.0
0.0
0.000102588383754
0.0
0.0
0.0
0.0
0.0
0.0
0.0
0.0
0.0001518943159
0.0
0.0
0.0
0.0
0.0
0.0
0.0
0.0
0.0
0.0
1.96160753843e-06
0.0
0.0
0.0
0.0
0.0
0.0
0.0
0.0
0.0
0.0
0.0
0.0
0.0
0.0
0.0
0.0
0.0
0.0
0.0
0.0
0.0
0.0
0.0
0.0
0.0
0.0
0.0
0.0
0.0
0.0
0.0
0.0
0.0
0.0
0.0
0.0
0.0
0.0
0.0
0.0
0.0
0.0
0.0
0.0
0.0
0.0
0.0
0.0
0.0
0.0
0.0
7.49947329387e-05
0.0
0.0
0.0
0.0
0.0
0.0
0.0
0.0
0.0
0.0
0.0
0.0
0.0
0.0
0.0
0.0
0.0
0.0
0.0
0.0
0.0
7.12735875418e-06
0.0
0.0
0.0
0.0
0.0
0.0
0.0
0.0
0.0
0.0
0.0
0.0
0.0
0.0
0.0
0.0
0.0
0.0
0.0
0.0
0.0
0.0
0.0
0.0
0.0
0.0
0.0
0.0
0.0
0.0
0.0
0.00405509352748
0.0
0.0
0.0
0.0
0.0
0.0
1.60176630888e-06
0.0
0.0
0.0
0.0
0.0
0.0
0.0
0.0
0.0
0.00150146323089
0.0
0.0
0.0
0.0
0.0
0.00071965886688
0.0
0.0
0.0
0.0
0.0
0.0
0.0
0.0
0.0
0.0
0.0
0.0
2.55240522888e-09
0.0
0.0
1.04372776803e-05