500
0.0
8.17193906922e-05
0.0
0.0
0.0
1.96046130464e-07
1.05952482813e-07
2.16291435187e-05
0.0
0.0
0.0
0.0
0.00322604550553
0.0
0.0
0.0
0.0
0.0
0.0
3.5172243872e-05
0.0
0.0
0.00322604550553
0.0
0.0
0.000714344978911
0.0
0.0
8.04602682597e-05
0.0
0.0
0.0
0.0
0.0
0.0
0.0
0.0
0.0
0.0
0.000714344978911
0.0
0.0
0.0
0.0
0.0
0.0
0.0
0.0
0.0
0.0
0.0
3.23031061773e-05
0.0
3.11227654931e-05
4.91135209928e-06
0.0
0.0
0.0
0.0
0.0
0.0
0.0
0.0
0.0
0.0
0.0
0.0
0.0
0.0
0.0
0.0
0.0
8.04602682597e-05
0.0
0.0
0.000161026878379
0.0
0.000103209076551
0.0
0.0
0.0
0.0
0.0
0.0
0.0
0.0
0.0
0.0
0.0
0.0
0.0
0.0
0.0
0.0
0.0
5.48353971369e-05
0.0
0.0
3.02766085641e-06
0.0
0.0
0.0
0.000479309892281
0.0
0.0
0.0
0.0
0.0
0.0
0.0
0.0
0.0
0.0
2.48673265387e-06
0.0
0.0
0.0
0.0
0.0
0.0
0.0
0.0
0.0
0.0
0.0
0.0
0.000714344978911
0.0
0.0
0.0
0.0
0.0
3.66127934979e-05
0.0
0.0
0.0
0.000161026878379
0.0
0.0
0.0
0.0
0.0
0.0
0.0
3.46434371374e-09
0.0
0.0
0.0
0.0
0.0
0.000103209076551
0.0
0.000335444289991
8.04602682597e-05
0.0
1.08281685876e-06
0.0
0.0
0.0
0.0
0.0
0.0
0.0
0.0
2.01912152422e-05
0.000714344978911
0.0
0.0
0.0
4.82190439986e-07
0.0
0.0
0.0
0.0
0.0
0.0
0.0
0.0
0.000479309892281
0.0
0.0
0.000161026878379
0.0
0.0
0.0
0.0
8.04602682597e-05
0.0
0.0
0.0
0.0
0.0
0.0
0.000335444289991
0.000231240958123
0.0
0.0
0.0
0.0
0.0
0.0
0.0
0.000714344978911
0.0
0.00322604550553
0.000479309892281
0.0
0.0
0.0
6.27730977362e-06
0.0
0.0
3.07000069717e-05
0.0
0.0
0.00211938568917
0.0
0.0
0.0
0.0
0.000714344978911
0.0
5.1515143123e-06
0.0
9.96712217892e-07
0.0
0.0
0.0
0.000714344978911
0.0
0.0
0.0
0.0
0.0
0.000714344978911
0.0
0.0
0.0
0.0
0.0
0.0
3.05796991773e-05
0.000161026878379
0.00211938568917
2.17270740661e-07
0.0
0.0
0.0
1.46712539785e-07
0.00211938568917
0.0
0.0
0.0
0.0
0.0
0.0
0.0
0.0
0.0
0.0
0.0
0.0
0.0
0.0
0.0
0.0
0.0
0.0
0.0
0.0
0.00211938568917
0.0
0.0
0.0
0.0
0.0
0.000103209076551
0.0
0.0
0.0
0.0
0.0
0.0
0.0
0.0
0.0
0.000714344978911
0.0
0.0
0.0
0.0
4.66569276714e-07
0.0
0.0
0.0
0.0
0.0
0.00211938568917
0.0
0.0
0.0
0.0
0.0
0.0
8.04602682597e-05
0.0
0.0
0.0
0.0
0.0
0.0
0.0
0.0
0.0
0.0
0.0
0.0
0.0
2.83531757655e-07
0.0
0.0
0.0
0.0
0.0
0.0
0.0
0.0
0.0
0.0
5.62327136077e-05
0.0
0.0
0.0
8.17193906922e-05
0.0
0.000714344978911
0.0
0.0
0.0
0.0
0.0
0.0
0.0
0.0
0.0
0.0
0.0
0.0
9.12197894592e-06
0.0
0.0
0.0
0.0
0.0
0.0
0.0
0.0
0.0
0.0
0.0
0.0
0.0
0.000479309892281
0.0
0.0
0.0
0.0
0.0
0.0
0.0
0.0
0.0
0.0
0.0
2.3960016698e-05
0.0
0.0
0.0
0.0
0.0
0.0
0.0
0.0
0.0
0.0
0.0
0.0
0.0
0.0
0.0
0.0
0.0
0.0
0.0
0.0
0.0
0.0
0.00476206036719
0.0
0.0
0.0
0.0
0.0
0.0
0.0
0.0
0.000714344978911
1.752624094e-05
0.0
0.0
0.0
0.0
0.000201350310739
0.0
0.0
4.91135209928e-06
0.0
0.0
0.000479309892281
0.0
0.0
0.0
0.0
0.0
0.0
0.0
0.0
0.0
1.05952482813e-07
0.0
0.0
0.0
0.0
0.0
0.0
8.17193906922e-05
0.0
0.0
0.0
0.0
0.000335444289991
8.04602682597e-05
0.0
0.0
0.000714344978911
0.0
0.0
0.0
0.0
0.0
0.0
0.0
0.0
0.0
0.0
0.0
0.0
0.0
0.0
0.0
0.0
0.0
0.0
0.0
0.0
0.0
0.0
0.000714344978911
0.0
0.0
0.0
0.0
0.0
0.0
0.0
5.0961423193e-05
0.0
0.0
0.0
0.0
0.000335444289991
0.0
0.0
2.12421467329e-08
0.0
0.00322604550553
0.0
0.0
2.3960016698e-05
0.0
0.0
0.0
0.0
0.0
0.0
0.000714344978911
0.00322604550553
0.0
0.0
0.0