500
2.30367983702e-07
1.10033761144e-50
0.000254058965156
2.80541382526e-17
2.23445206652e-15
3.90526601763e-48
1.33933800402e-127
9.40586621432e-20
1.28098689778e-206
2.45510083786e-53
3.03025521524e-83
6.92595239343e-130
1.34785503515e-25
1.20677526136e-59
4.07344368249e-08
1.23815088139e-33
6.46700957995e-28
1.85263931387e-05
2.08596404301e-08
4.92394197675e-23
3.92869313694e-29
8.87621616516e-20
1.03967518841e-33
9.23451351234e-163
4.39800211258e-40
0.00242857142857
1.4201287842e-31
5.04276011564e-83
1.21078353483e-30
2.79153566672e-27
1.41952717716e-64
1.90203091166e-50
1.07261450074e-38
3.4583554099e-22
2.11374247962e-95
3.49447405367e-44
0.0180078431372
1.82913668498e-08
2.08643334605e-15
7.47057666473e-06
4.91471805182e-19
2.17546478921e-88
6.89367493311e-179
1.16703060611e-09
0.00678741496598
0.0180078431372
2.20156271657e-59
2.55513084438e-20
4.79290148302e-20
2.41333378439e-52
6.37671455053e-21
6.46752897781e-29
0.00323076923077
1.74701816629e-102
4.27490457992e-124
6.62652358464e-150
1.02379352995e-53
1.61976381467e-74
1.43618944171e-07
3.48561353695e-112
4.24806226543e-130
1.47197152429e-30
0.0
3.53858103386e-58
4.6803710996e-54
1.01059323279e-07
7.6604024669e-21
1.10544066712e-31
6.72734283094e-84
4.72701887535e-40
2.56944448976e-30
2.60597184163e-39
1.37966600471e-08
1.13236805086e-29
0.0
2.47965338049e-91
5.98006814579e-133
3.49342764392e-22
5.40290658624e-17
1.56625640919e-62
1.75822307832e-07
1.17862524116e-92
7.49063031052e-46
2.13344823605e-12
1.91484320875e-189
1.69864322462e-36
5.89006358986e-17
1.85148777358e-25
1.19323105125e-05
9.62262866725e-07
1.78886505229e-36
6.48367786272e-34
5.77413257424e-45
6.80431034703e-06
1.12916510655e-55
1.40294790525e-09
2.88015523143e-09
3.24803774439e-05
5.07162055075e-07
8.96811982017e-07
1.10069957894e-22
5.04920789803e-87
5.89645999314e-15
2.55751329271e-52
2.70671213697e-76
7.60179002183e-11
4.70184964939e-16
4.01621089905e-10
1.72467894312e-19
2.41631549255e-16
4.94920497007e-42
4.0969616926e-41
2.19621422374e-49
9.29324272202e-36
9.66038246362e-12
1.06683741476e-16
2.07384272304e-30
2.23395049633e-09
1.81784872362e-29
6.97074317452e-35
1.08140324048e-11
5.04268448334e-72
0.0
2.14936819033e-12
1.38344174131e-135
3.78276326028e-53
3.58716472087e-46
3.59254426587e-16
2.75828014143e-65
3.67535310336e-26
3.94392083858e-23
6.81015528903e-33
1.38631600042e-28
5.53839310808e-07
1.81114922334e-05
2.59427729759e-43
2.6520239312e-25
2.12016644375e-31
9.09350429519e-13
4.18194678157e-100
1.82057243454e-31
1.16718713308e-36
6.27107343299e-31
5.01303052532e-53
1.01823469729e-11
2.84231040422e-10
3.09194872768e-28
3.94621973573e-33
5.69148144063e-11
1.99436520033e-127
8.81610244903e-05
1.44929741963e-06
3.40926242805e-48
2.62041794542e-15
0.000131297673193
1.15631997823e-15
5.12676670508e-39
4.26223668617e-59
1.04656298741e-54
1.08407877053e-29
1.83710325017e-30
1.90580033449e-11
5.97793549761e-38
3.66134301147e-12
1.66886854248e-26
7.04084088435e-07
2.83177460817e-55
0.00323076923077
1.76346392372e-60
1.59418879857e-99
1.69122759416e-36
5.13835619081e-21
4.68891313414e-104
1.08619127982e-45
2.6451487965e-17
1.6715885627e-08
2.3559632487e-11
1.30488060365e-83
9.25803971346e-25
6.31408038617e-13
1.21368289243e-15
2.40900023428e-15
5.08150081804e-08
3.32266559335e-15
1.29674884564e-155
1.35417272015e-77
2.47615214865e-108
1.27082705594e-35
2.64694688495e-06
4.42212458175e-42
8.72870922512e-19
1.05263565515e-96
4.30282239434e-55
0.0
1.46830524532e-25
1.65997487448e-75
3.12884250487e-40
6.32308183755e-45
3.06950502391e-36
4.24366012629e-62
6.95631303914e-10
1.40841016379e-34
2.16046560546e-28
2.39211405173e-16
7.66119976567e-59
8.46747124491e-13
6.31907826353e-12
1.12965210437e-22
6.16993757283e-61
0.000107268855054
2.80297805597e-38
1.31098413517e-90
1.5849360304e-08
1.96131162607e-08
9.66884264254e-36
9.26719139344e-34
7.3668321187e-09
2.03151574268e-24
3.81889681337e-89
1.03746091428e-06
8.47892982579e-14
8.69301754394e-35
1.51772248357e-16
1.53078903315e-08
1.45631860636e-51
1.0587539936e-07
1.99951527315e-28
0.0180078431372
1.31244737893e-11
2.40740475295e-07
4.4018056257e-21
1.69789478511e-06
1.85754927272e-130
2.25676224612e-13
3.32238440913e-89
6.37488100127e-83
1.40115454276e-18
5.76827678087e-06
1.4946752427e-66
3.61997561034e-43
1.05422492994e-39
1.30907962633e-24
1.2232315656e-05
0.00191379310345
1.81334826632e-15
3.08358197141e-26
1.08928946418e-49
1.63528966911e-09
3.33859094578e-24
2.01846473231e-46
2.34951312359e-43
3.65781263122e-48
1.03267385382e-08
6.42811921578e-40
2.24615077044e-26
1.63561702953e-20
6.09657339507e-15
4.41574238385e-11
9.90224054622e-33
5.15753664225e-20
0.00166609090971
6.41699669672e-36
4.79620202775e-11
6.02131664833e-97
9.70704972677e-66
7.42308464553e-38
8.8784663763e-06
3.31973807919e-63
1.89820685477e-42
5.86302696077e-32
2.50287966946e-14
1.0855486067e-42
4.23306954057e-11
2.54115229908e-33
4.85395137943e-10
1.1110211815e-21
0.000386742358509
1.40326762523e-22
1.18306651519e-34
5.36286854053e-06
1.85542972461e-05
1.11095759813e-144
5.95276242969e-36
1.12265379796e-30
1.71458769871e-15
5.40575672055e-20
0.000153885330458
1.15712276054e-25
0.000190426601933
6.5371832447e-96
2.34626440463e-18
0.0180078431372
1.10500771693e-37
2.67798284236e-20
1.23345118296e-17
6.89396063653e-30
1.37977036021e-61
2.21585444617e-12
1.09763702508e-15
1.65114922351e-33
1.35578668148e-16
5.24809639087e-95
1.75023838945e-43
6.8449616597e-51
2.11904455678e-07
8.49291823922e-11
2.70084866545e-36
2.8565527958e-13
2.42949291031e-05
3.39327928229e-12
2.91598664354e-105
8.37525228882e-32
1.82314516665e-25
1.37442354057e-54
0.0
4.87500075265e-99
0.00678741496598
2.52178322712e-40
1.52692649333e-21
9.56643743956e-11
3.26447049572e-77
1.02141371125e-36
1.75412533675e-19
0.0
1.876540751e-18
4.89119770222e-24
4.4192601886e-95
3.48765095523e-06
2.15589785905e-14
9.55733772208e-17
3.75074380363e-18
7.51230469074e-18
5.4675467751e-106
0.0180078431372
7.66740326052e-40
3.48942122194e-27
1.92992731141e-15
4.64049500313e-14
3.85904532103e-29
0.0180078431372
1.46604021007e-09
1.12761251485e-17
2.15578343396e-07
1.13399651033e-38
6.33981530999e-139
6.39344321719e-69
5.78716380326e-23
6.94248728022e-116
0.0
2.11948952937e-13
1.98567782268e-16
1.50942693839e-29
4.29309314599e-07
0.0180078431372
5.47155519095e-14
1.56078439036e-35
3.51203373947e-06
2.04575265544e-76
5.27081122305e-89
4.55080580067e-14
4.7001970814e-63
2.08687287525e-06
8.78450515472e-25
1.60411347535e-58
4.55980914393e-38
1.82168011474e-30
6.04639389091e-34
2.15414355515e-42
9.6476448199e-76
9.45386957203e-50
2.43201498457e-71
5.30630180112e-37
6.4276874434e-25
1.15140401579e-65
1.47460681096e-13
4.1881572775e-14
7.09536777583e-06
1.873803351e-41
4.8586615603e-89
3.49059752436e-96
5.44462660401e-90
0.000299747483268
3.08237118564e-25
2.29972749068e-29
2.21548590076e-07
3.83268464871e-09
5.13856834973e-10
3.02966209919e-66
7.1656927842e-08
5.93353153035e-83
8.80145115495e-23
3.28891489574e-12
6.06649440896e-08
0.0
3.18619550854e-29
3.37174265712e-28
2.56737248024e-10
2.32037407983e-42
2.93960239843e-61
5.29739738088e-36
4.47278849367e-27
7.86584794566e-21
2.1409215811e-76
2.4792111981e-87
6.68999816433e-08
0.0180078431372
2.96628972769e-06
4.38608625731e-19
3.01915488989e-132
9.82416715089e-14
5.02973776748e-29
6.80016096845e-11
3.45289673906e-05
0.0180078431372
6.10044766472e-70
4.71246931502e-45
6.46844956063e-54
6.31153801119e-12
3.42490255087e-116
0.0
1.15968292494e-07
1.69711850008e-52
7.5572475373e-32
8.61070632515e-68
7.18424176261e-16
6.9400566238e-06
2.33070469683e-163
1.78401634933e-84
0.0180078431372
1.50180184214e-34
5.10658942153e-27
3.19222419772e-21
8.35482134884e-07
0.00184037558685
1.82048509101e-11
7.74515508786e-39
2.56769999444e-13
9.1078879201e-35
2.17294032587e-76
6.70569730328e-34
3.05947216535e-44
3.2874899783e-12
0.000153885330458
4.18217336405e-16
1.5333949174e-23
0.0180078431372
4.09782118449e-36
6.82088617801e-64
4.92819576233e-11
1.33680650286e-47
0.000918388638709
0.0
1.97480100896e-19
2.02423950228e-28
3.96074729811e-15
1.03324002385e-102
6.91595564994e-35
2.71109846888e-29
9.3476723782e-07
0.00678741496598
4.86830409232e-36
8.75255879023e-38
1.22867449195e-71
3.962397358e-10
1.48141820528e-09
3.4867967274e-63
8.21132063138e-10
2.66911770025e-50
7.21144518101e-17
4.25867590765e-69
3.66140632251e-13
5.97824021084e-65
1.18314382575e-24
0.00678741496598
4.86772682437e-26
5.4115147077e-17
8.92744010579e-77
0.0
0.00089477473699
2.79357608871e-05
1.10615947314e-05
1.01740979844e-67
0.0
1.18610472134e-99
9.73521661128e-11
3.38182156362e-07
3.32571086254e-06
6.78587185066e-60
0.000269299328302
3.63535101291e-13
7.9548582533e-74
3.28387547113e-23
1.32347344247e-06
5.12431409624e-13
1.0015465951e-68
3.48430743272e-56
9.53722410015e-49
1.04695342854e-87
3.14230905031e-32
2.60872361178e-55