500
0.000129443693585
0.00463326968367
0.00264514817142
0.0396141074109
0.0396141074109
0.00902579740117
2.11853030281e-10
0.00132642356218
0.077169889113
0.077169889113
0.0513741990602
0.0396141074109
6.6479141155e-14
0.0183795429437
0.0513741990602
0.077169889113
2.48067479631e-07
7.56517242467e-06
0.00264514817142
1.54814341457e-08
0.000422849737952
1.06971078672e-05
8.37862959011e-08
0.0396141074109
3.83035114587e-11
2.39332687008e-07
0.00264514817142
6.77521897272e-07
0.077169889113
0.077169889113
2.28671373499e-09
0.0039132109553
7.4178018296e-06
2.43527210747e-06
3.54836719981e-07
0.077169889113
0.0039132109553
0.000767453451647
2.08650678509e-05
0.000224761457084
0.0396141074109
0.000843761898843
3.69553879702e-14
6.81661083884e-06
0.077169889113
0.00264514817142
0.00192169355782
0.0039132109553
1.13974376055e-05
0.077169889113
0.000270785567657
2.08650678509e-05
3.77318214893e-07
0.000422849737952
5.4239816871e-05
0.000218529418824
3.16989177523e-09
1.7055196753e-13
0.077169889113
0.077169889113
0.077169889113
0.077169889113
0.0396141074109
0.077169889113
0.00902579740117
0.077169889113
0.0396141074109
9.89059074154e-10
0.00871669412105
4.42529519975e-05
0.00463326968367
4.75909703363e-07
0.0396141074109
0.00264514817142
0.00871669412105
0.0396141074109
1.39311115849e-05
1.33694551774e-06
0.0183795429437
2.75600150331e-05
5.38085226233e-16
0.0039132109553
0.000694465581319
0.077169889113
0.077169889113
0.0396141074109
8.05090948115e-11
5.35986119204e-09
0.0396141074109
0.000843761898843
1.61314544813e-07
0.000167871157926
0.0183795429437
0.000767453451647
0.077169889113
0.00463326968367
0.00871669412105
0.00902579740117
0.077169889113
0.077169889113
8.33495570648e-05
0.000251425959731
0.00902579740117
0.0513741990602
0.077169889113
2.7143476674e-08
0.000749023193094
0.077169889113
0.077169889113
0.077169889113
4.78542365761e-05
8.12247589199e-05
4.28778831694e-13
0.0396141074109
0.0396141074109
9.55116723458e-16
6.04597595458e-06
0.077169889113
1.8757048296e-11
0.00152526179476
0.0012989752555
0.0021496730505
0.0396141074109
9.21897156193e-06
0.00151886853639
2.23272497265e-05
0.000281503146626
0.077169889113
3.66065610068e-06
0.0396141074109
7.72667684237e-06
0.00871669412105
0.0396141074109
0.000178394761241
0.00151886853639
0.077169889113
3.46213347276e-06
0.0513741990602
0.0424474034619
0.00871669412105
0.00192169355782
0.000123469869783
0.0060087310957
5.63480483404e-07
0.000541907652719
0.0039132109553
0.077169889113
0.00871669412105
1.64197411965e-14
8.48112196369e-09
3.22717122599e-09
0.0513741990602
0.0424474034619
0.0513741990602
0.077169889113
0.077169889113
7.81288445238e-08
0.0396141074109
5.35314084294e-05
3.3276786741e-06
0.077169889113
0.00902579740117
0.0012989752555
9.11313249663e-06
7.00960301229e-06
1.18579956832e-06
0.0396141074109
0.0396141074109
0.000216407893833
3.18031212826e-05
1.46840247728e-06
0.0424474034619
0.0183795429437
0.077169889113
0.0396141074109
0.0183795429437
3.69476370275e-05
9.4220408866e-05
3.9813160281e-07
0.00215596245466
0.00902579740117
4.25703133946e-05
5.35331436506e-07
0.0183795429437
6.34389402113e-06
0.0039132109553
2.8865008881e-08
0.077169889113
0.00871669412105
0.00264514817142
0.0513741990602
0.0513741990602
9.4220408866e-05
0.077169889113
6.36294612141e-08
2.62199882393e-07
0.000187859613778
0.0396141074109
0.0039132109553
0.0183795429437
0.000864764924733
5.50288841069e-06
1.18296930347e-05
0.000129443693585
3.7833353721e-06
0.077169889113
7.44902502143e-06
5.16926398031e-05
0.0183795429437
0.000513485311121
0.000309376775913
3.4276695157e-16
1.07095501541e-08
9.74472345319e-05
0.077169889113
0.0513741990602
0.000251425959731
1.04554864215e-13
0.000749023193094
0.00038288914826
0.00192169355782
0.077169889113
3.11073372386e-07
0.077169889113
1.66050097449e-05
0.000513485311121
0.0396141074109
0.00264514817142
0.0396141074109
1.05935248596e-08
1.14446141686e-06
5.46317041095e-07
0.000696705894919
0.000682288632127
0.0513741990602
0.077169889113
0.00151886853639
5.48737768795e-12
0.0060087310957
1.51014149024e-07
0.000251425959731
0.000843761898843
0.0396141074109
0.077169889113
0.000864764924733
0.00902579740117
0.0183795429437
0.0396141074109
0.00871669412105
0.000155138623082
0.0021496730505
1.85573864146e-05
0.077169889113
6.43618339835e-07
0.0272264631043
0.00192169355782
0.000310281934761
2.40671642635e-10
3.79369908949e-13
0.0513741990602
0.0183795429437
3.10361908798e-06
0.077169889113
2.66427494767e-10
0.0513741990602
3.89205606926e-07
6.44466620003e-18
1.73540725133e-07
0.077169889113
0.000400054966426
1.95569062923e-06
2.12787310962e-05
0.077169889113
0.0396141074109
0.00151886853639
2.08650678509e-05
0.00902579740117
0.0424474034619
2.80650133091e-08
0.000100710069779
2.11354815953e-07
7.66458020228e-07
0.0396141074109
0.000119241440975
0.0183795429437
1.36312042926e-07
0.00192169355782
0.0396141074109
0.0396141074109
4.47827503581e-05
0.000351172664605
0.077169889113
0.0396141074109
0.0060087310957
8.76058222624e-05
0.000861063524028
0.077169889113
5.88992694852e-07
0.00127932628266
0.000527501276572
0.0396141074109
0.0012989752555
0.00902579740117
1.33694551774e-06
0.077169889113
0.077169889113
4.11911075283e-05
0.077169889113
1.9013090153e-06
1.95896261237e-08
2.02519660524e-07
0.0424474034619
0.0039132109553
0.00098647511206
0.00152526179476
1.60335437837e-06
0.077169889113
0.00151886853639
0.077169889113
0.0513741990602
8.76058222624e-05
0.077169889113
0.0513741990602
4.49712509998e-05
1.09577679205e-06
1.28411100037e-07
0.00871669412105
0.0183795429437
0.077169889113
9.22808961331e-07
0.0513741990602
0.077169889113
2.8722802421e-14
0.0396141074109
2.08650678509e-05
0.0396141074109
6.86627960713e-09
0.0396141074109
0.000666811186165
0.0513741990602
1.86274842509e-07
0.00045902860167
0.00902579740117
0.0183795429437
0.077169889113
0.00463326968367
0.077169889113
0.000309376775913
0.077169889113
0.000251425959731
6.5104576154e-10
0.0424474034619
0.0396141074109
4.61815149497e-08
0.077169889113
9.06369746279e-06
1.80990873304e-07
0.077169889113
1.57424454035e-08
0.00215596245466
0.0396141074109
0.00871669412105
4.31575228024e-06
1.65175578327e-06
1.35068623081e-06
0.0396141074109
6.42742014156e-09
7.8180699869e-05
1.70184636894e-14
0.000527501276572
0.077169889113
1.79584559053e-08
5.35314084294e-05
2.07050210254e-16
0.000149630120893
7.44641352391e-08
0.00264514817142
3.33872759633e-08
0.00192169355782
2.07250044912e-07
7.5237749224e-05
0.00871669412105
0.00098647511206
0.077169889113
0.000351172664605
2.45333472212e-07
0.0396141074109
0.077169889113
0.000111090033294
0.000309376775913
0.0183795429437
3.14346166557e-07
0.00463326968367
0.0272264631043
2.72726237396e-13
0.077169889113
0.00902579740117
0.077169889113
0.0272264631043
1.36273896585e-11
0.077169889113
0.000767453451647
0.00215596245466
0.0183795429437
2.40155616044e-10
0.000376879849005
0.0183795429437
2.41476206058e-07
1.06958080106e-10
1.42694778437e-10
1.23116296272e-05
0.077169889113
0.00264514817142
0.000252161569026
0.000309376775913
0.0513741990602
1.6113356316e-07
3.81627424584e-07
0.077169889113
0.00264514817142
3.07466106371e-06
0.0060087310957
0.00268951897839
0.00902579740117
1.05669526419e-06
1.527176613e-07
8.72386153614e-05
0.077169889113
0.000177647005147
5.49129981587e-10
0.00902579740117
0.0513741990602
2.84828097014e-05
0.077169889113
4.5691718029e-06
0.00902579740117
0.00110673384703
4.49712509998e-05
9.11313249663e-06
0.00871669412105
3.95517019383e-09
0.0396141074109
6.78357554074e-07
7.25353324945e-09
1.86292853112e-05
0.000457689516942
1.5249693082e-08
0.077169889113
0.077169889113
0.0396141074109
7.4178018296e-06
0.000496556015176
1.90293277574e-05
0.00902579740117
1.14307836492e-05
0.000384843598609
0.077169889113
2.6288120905e-05
2.96184626054e-08
0.077169889113
6.46078118197e-06
2.11197885964e-10
3.51433608962e-18
1.5987862121e-05
0.077169889113
1.78508059688e-07
0.0012989752555
0.0012989752555
0.000310281934761
0.0183795429437
0.00101950535434
6.05371317723e-06
2.45471589506e-05
0.00264514817142
1.21943241554e-06
0.000749023193094
0.00101950535434
0.0039132109553
0.00902579740117
0.077169889113
0.00463326968367
0.077169889113
0.0396141074109
5.66052549236e-14
0.00871669412105
0.000115378220768
1.1312922938e-08
0.000666811186165
0.0060087310957
2.20347086286e-07
0.0396141074109
2.89188259768e-06
0.0513741990602
0.00038288914826
0.00215596245466
0.077169889113
2.99027336378e-06
0.0396141074109
0.0396141074109
0.0396141074109