500
-0.00169796726175
0.0177960738204
-0.000905677345909
-0.0173135543019
-0.0163313089306
-0.0173135543019
0.000444216368496
-0.0173135543019
0.0177960738204
-0.0173135543019
-0.0173135543019
-0.000878502288176
-0.0105213229304
-0.00993186530396
-0.0163313089306
-0.0163313089306
-0.0105213229304
-0.00993186530396
-0.0163313089306
0.0281859709127
-0.00993186530396
0.00159044736063
0.0281859709127
-0.00993186530396
-0.0105213229304
-0.00106810846936
-0.00993186530396
-0.0173135543019
-0.0163313089306
-0.00993186530396
0.0281859709127
-0.0173135543019
-0.0163313089306
-0.0163313089306
-0.00993186530396
0.0281859709127
-0.0163313089306
-0.0173135543019
0.0133872483533
0.000999054892699
-0.00276239418741
0.0281859709127
-0.0173135543019
-0.00993186530396
-0.000200924220195
1.59493145169e-05
-0.0163313089306
-0.000831350766168
0.0281859709127
-0.0163313089306
0.00153067910892
-0.0173135543019
0.0177960738204
-0.0173135543019
-0.00133655407856
5.30766306725e-08
-0.0173135543019
2.17651892244e-06
-0.0163313089306
-0.00133655407856
-0.0173135543019
-0.0173135543019
-0.00993186530396
-0.0163313089306
0.0169302365569
-0.000104219668557
-0.0163313089306
1.98511752284e-05
-0.00993186530396
-0.0163313089306
-0.0163313089306
-0.0105213229304
0.0177960738204
-0.0163313089306
-0.000905677345909
0.0133872483533
-0.0173135543019
0.0281859709127
-0.00993186530396
-0.0163313089306
-0.0173135543019
-0.000210742901041
-2.62486735173e-05
0.00159044736063
-4.54264499257e-05
-0.0163313089306
-0.00276239418741
1.25646405586e-06
-0.000831350766168
-0.0029409108609
-0.0105213229304
0.0281859709127
0.000381714345288
0.00236687351371
-0.0173135543019
-0.0105213229304
-0.000163488200189
-0.0105213229304
-0.0173135543019
-0.0163313089306
-0.00180743572472
-0.00993186530396
-0.0163313089306
-0.00993186530396
0.00257620062864
-0.000203457450393
-0.000783564414035
-0.0105213229304
-0.00993186530396
0.0177960738204
-0.0105213229304
-2.63156302851e-06
-0.0173135543019
0.0083408074284
-0.0173135543019
-0.000857017991727
-0.00993186530396
-0.0163313089306
-6.32730100182e-09
-0.0173135543019
0.0177960738204
-0.0163313089306
2.98139029058e-05
-0.00993186530396
0.00257620062864
0.000757675768531
2.37376313001e-05
0.0177960738204
-0.0173135543019
0.0169302365569
0.0268479376928
0.00798958462667
0.0169302365569
-0.00100585062596
-0.00278189060475
-0.000321942547212
-0.0173135543019
0.0268479376928
0.0268479376928
-0.00993186530396
-0.0017362433667
-0.0105213229304
-1.70521994776e-05
0.000162957770695
0.0268479376928
-0.0173135543019
0.00257620062864
-0.0173135543019
-0.0173135543019
0.0177960738204
0.0268479376928
-0.000195052556394
-0.0163313089306
0.0281859709127
-0.0163313089306
0.000306827996233
-0.00169796726175
-0.00154691679801
-0.000340164358068
-0.0163313089306
0.0177960738204
0.0169302365569
-0.00138476101335
0.0281859709127
0.000473178671222
-0.000119813684323
0.0268479376928
0.0177960738204
-0.000951784239327
-0.0173135543019
-0.0163313089306
0.00495486089597
-0.000100704219772
-0.0163313089306
-0.00139272042855
-0.0173135543019
-0.0173135543019
-0.0105213229304
0.00195883748446
-0.0173135543019
0.0281859709127
-0.0173135543019
-1.52612548199e-05
-0.0173135543019
6.62975194238e-05
-0.0173135543019
-0.00993186530396
-0.0163313089306
-0.000198282048376
-0.0163313089306
0.00303267891663
-0.0105213229304
-0.000822493297609
-0.0163313089306
-0.0163313089306
-0.00147189038091
-0.0173135543019
0.0012060229888
-0.0163313089306
0.0177960738204
0.0026183180115
-0.0173135543019
-0.0173135543019
0.0169302365569
-0.0105213229304
0.0169302365569
-2.52376367418e-05
-0.0173135543019
-1.28236615975e-06
-0.0173135543019
0.0177960738204
0.0268479376928
-0.0105213229304
-0.00154691679801
-0.000212290842605
-0.00993186530396
0.0133872483533
0.00235747869283
-0.0173135543019
-0.00169796726175
0.0127075121527
-0.00993186530396
0.000115264822977
-0.000126840555985
-0.0105213229304
0.00791264255931
0.00085183103159
0.00303267891663
-0.000113596842998
0.00469605103273
-0.0173135543019
-0.0173135543019
-0.00147189038091
0.0268479376928
-0.0105213229304
-0.00993186530396
-0.00180743572472
-0.00154691679801
-0.0163313089306
0.00303267891663
-0.0105213229304
0.00154291166063
-0.0163313089306
-0.0105213229304
-0.00993186530396
0.000402701553653
-3.84113043851e-05
0.0281859709127
-0.000857017991727
0.0268479376928
-0.0163313089306
-0.0105213229304
-0.0173135543019
0.0169302365569
0.0281859709127
-0.000905677345909
-0.00993186530396
-0.00993186530396
-0.0173135543019
-0.00993186530396
-0.0105213229304
0.00247958633802
0.00495486089597
-0.0163313089306
0.00798958462667
0.0281859709127
0.0169302365569
-0.0163313089306
-0.0029409108609
-0.00138476101335
-0.0173135543019
-0.0173135543019
-0.0163313089306
-0.0173135543019
-0.00139272042855
0.0127075121527
-0.0173135543019
0.0026183180115
0.00757491779117
-0.00993186530396
-0.0163313089306
0.00517434597009
-0.0173135543019
-0.0163313089306
-0.0163313089306
-0.0105213229304
-0.00993186530396
0.000527268415411
-0.00993186530396
0.00320135355657
-0.0105213229304
0.00257620062864
-0.0173135543019
0.0268479376928
-0.0173135543019
0.0169302365569
-0.00993186530396
-0.000200924220195
0.0268479376928
0.0177960738204
-7.60054491692e-05
-0.0105213229304
0.0268479376928
-0.0163313089306
-0.000822493297609
0.00798958462667
-0.000340022032469
-0.00993186530396
-0.0173135543019
-0.00278189060475
0.0281859709127
-0.000226009274839
0.0177960738204
-0.0105213229304
-0.0173135543019
-0.000878502288176
-0.0163313089306
-0.000540817449044
-0.00133655407856
0.000189156236926
0.00131683915873
-0.0173135543019
-0.0163313089306
-2.62486735173e-05
-0.00993186530396
-0.0173135543019
0.0177960738204
-0.0105213229304
-0.0163313089306
-0.0173135543019
0.0268479376928
-0.0163313089306
-0.0173135543019
0.0169302365569
0.0083408074284
-0.0173135543019
-0.0173135543019
0.00320135355657
-0.0163313089306
0.00791264255931
0.0281859709127
-0.0173135543019
-0.0163313089306
-0.000852125638442
-0.0173135543019
-0.0163313089306
0.0268479376928
0.0268479376928
0.00257620062864
-0.00993186530396
-0.0173135543019
-0.000340022032469
-0.0029409108609
-0.00993186530396
-0.0105213229304
-0.0163313089306
-0.0173135543019
-0.00133655407856
-0.0173135543019
-0.0105213229304
-0.00147189038091
-0.0173135543019
-0.00993186530396
-0.0163313089306
-0.0173135543019
0.0281859709127
-0.00993186530396
-0.0173135543019
-0.0173135543019
-0.0163313089306
-0.00278189060475
0.0268479376928
0.0127075121527
-0.0173135543019
-0.0173135543019
-0.0173135543019
-0.00993186530396
0.0177960738204
-0.0163313089306
-0.00013927435339
-0.0173135543019
-0.00993186530396
-0.000831350766168
0.00757491779117
-0.0163313089306
0.000273761164682
-0.0173135543019
-0.00993186530396
-0.00993186530396
-0.0105213229304
-0.00138476101335
-0.0163313089306
3.08778865733e-05
-0.0173135543019
-0.0163313089306
-0.0173135543019
0.0177960738204
0.0169302365569
-0.0163313089306
0.0169302365569
-0.000852125638442
-0.00180743572472
-7.872267596e-05
-0.0173135543019
-0.0105213229304
-0.0105213229304
-0.0173135543019
-0.0105213229304
0.000253674187007
-0.0163313089306
-0.00154691679801
-0.0105213229304
-0.00993186530396
-0.000151467339417
-0.0163313089306
-0.0163313089306
-0.0163313089306
-0.0173135543019
0.00257620062864
0.0268479376928
-0.00993186530396
-0.00993186530396
-6.94573247288e-05
0.000443018562982
0.0177960738204
-2.03227085219e-05
-0.0105213229304
-0.00993186530396
-0.0173135543019
-0.0163313089306
-0.0173135543019
-0.00138476101335
-0.0173135543019
2.63061493193e-08
0.0133872483533
-0.0173135543019
-0.00169796726175
-0.0173135543019
-0.0163313089306
-0.0163313089306
-0.0173135543019
-0.0173135543019
-0.00993186530396
0.0268479376928
-0.0173135543019
0.0169302365569
0.0268479376928
0.000709894573438
-0.0105213229304
0.000244877042754
0.0177960738204
0.0281859709127
-0.000206628953516
0.0281859709127
-0.0173135543019
-0.000320731650972
-0.00993186530396
-0.0163313089306
-0.00993186530396
7.92710165746e-05
-0.0163313089306
-0.0173135543019
-0.0016349067484
-0.0105213229304
-0.0163313089306
-0.0173135543019
-0.0105213229304
-0.00138476101335
-0.000160913778905
-0.00154691679801
-0.00278189060475
0.0281859709127
0.0177960738204
-0.00993186530396
-0.0173135543019
0.0281859709127
-0.00993186530396
0.00381471481151
-0.00993186530396
0.00320135355657
-0.0173135543019
-0.0163313089306
0.0169302365569
0.00490283000443
-0.0163313089306
-0.0163313089306
-0.000130364954556
0.0268479376928
0.0133872483533
-0.0173135543019
-0.00147189038091
-0.0017362433667
-0.0105213229304
-0.0163313089306
-0.0163313089306
-0.000417239407157
0.0268479376928
-0.0173135543019
-0.0173135543019
0.0268479376928