500
3.7727792559e-05
0.00639139924908
2.67096124612e-05
0.000218304487626
5.76733092697e-07
2.85945167837e-09
1.00629741764e-06
0.00579773293427
0.00138530078914
2.92823070907e-05
0.0407771135782
0.0383219470538
0.000184440222257
0.0073160532203
0.00720275456458
3.20233337572e-09
0.00581366751821
4.45787677451e-09
2.08612188129e-08
0.000222161457372
0.0483561058924
0.0476088812981
1.38867091501e-14
0.00854177941428
4.66242219537e-20
1.85200559988e-09
1.42874123984e-13
1.07389754696e-09
0.00678198475874
3.74604574295e-06
1.68619297958e-09
0.00805813163276
1.03622897111e-06
0.0483561058924
0.0476088812981
1.50928495694e-05
0.000966955720449
2.65346125605e-08
0.00731580228196
4.78563494823e-06
0.0483561058924
0.00731580228196
0.0476088812981
6.32826151955e-10
0.0483561058924
2.26602194796e-09
0.000981306300046
4.99326172438e-11
0.000865959313326
0.00818460455077
1.19603713037e-08
1.07197537575e-23
0.00110684675402
0.00136125042821
3.66172467267e-09
0.00106005457257
0.000155230869046
2.98826697557e-05
0.0483561058924
1.15203595239e-08
0.0476088812981
1.51214389864e-07
2.3680974734e-05
4.95623250567e-06
0.00579773293427
7.18505571461e-11
7.10424183757e-10
1.93172210918e-20
0.00572383159629
3.85725521258e-17
1.64282224322e-12
0.0476088812981
0.000879580772342
6.44691010626e-10
2.36604709092e-09
0.00116697721002
6.3855580916e-11
0.00648625393758
7.75331803693e-20
0.00689470984112
6.69540010443e-08
5.34182422703e-12
9.41610390638e-10
1.16777069764e-07
8.74514317705e-16
0.0407771135782
0.00791823351413
4.20005622757e-23
0.0476088812981
9.18693883043e-08
0.0383219470538
7.09316890895e-07
0.0384286934245
2.9362787062e-05
0.0476088812981
0.0407771135782
0.00678198475874
0.00018408899398
0.0476088812981
6.9186294415e-06
2.78508506297e-05
0.000160375810207
0.0407771135782
2.25233376604e-05
0.0011681785904
0.000130059236192
0.0384286934245
0.00854177941428
2.33346652149e-05
0.00579773293427
0.00791823351413
0.00144575509908
2.14981508613e-17
0.00805813163276
0.00136389437518
0.0476088812981
0.00791823351413
0.000187335023951
9.76676299429e-11
4.38573651849e-11
3.63785764971e-05
5.59029312336e-06
0.0483561058924
0.000766278721815
1.63487901344e-13
0.0483561058924
0.0483561058924
0.0476088812981
0.00818460455077
0.00731580228196
0.00129228704789
8.12758801397e-21
0.000170799876176
2.26602194796e-09
0.0483561058924
0.000173817541832
0.00690180781102
7.30199981083e-06
7.57925244774e-12
2.25233376604e-05
1.23351799428e-06
3.46888653379e-06
0.00867584321674
1.41563223392e-16
0.00616917543424
0.0476088812981
0.0476088812981
1.03079521948e-10
0.0476088812981
0.00023628111362
0.00104020414841
0.0407771135782
2.27468376895e-08
0.00123358283305
0.0407771135782
2.17895597555e-05
0.00720275456458
0.0383219470538
0.000173817541832
0.00087958314399
2.26902636137e-21
1.51296350531e-08
0.0476088812981
0.000968797988718
0.0407771135782
0.0483561058924
0.0407771135782
0.000182591542207
0.00572383159629
1.21883301127e-19
0.00131256958003
0.0476088812981
0.00616917543424
5.18220434131e-06
5.78060284064e-07
6.58598167586e-07
0.0384286934245
1.944851036e-15
2.21892993462e-10
0.00572383159629
0.00112796893237
1.89199576911e-08
0.0384286934245
0.0483561058924
0.0483561058924
1.96220232822e-05
0.0407771135782
8.88304805205e-08
0.0483561058924
0.0073160532203
0.00805813163276
2.20708883712e-05
0.00637364536227
0.0483561058924
6.15719865266e-11
0.00687555786934
0.00023550363048
4.133755497e-05
4.28571914714e-09
0.00648625393758
7.51889978096e-07
6.89798898984e-11
1.68932149221e-19
0.000553917783766
0.00690180781102
0.00720275456458
7.74026468041e-06
3.98592470876e-05
1.75195387932e-28
0.0407771135782
0.000173005101672
0.000182591542207
3.34823941223e-08
7.88484309169e-14
2.89090574606e-05
0.00121679435056
0.0384286934245
7.48282189124e-08
0.0010441755059
7.36277875142e-12
0.00114353186349
0.0476088812981
1.76058513622e-07
0.0407771135782
0.0476088812981
0.0483561058924
0.00136125042821
2.41369872963e-08
0.000146285459186
4.56341151684e-11
3.68101022657e-06
6.44355888225e-11
0.00818460455077
5.26363234905e-09
0.0476088812981
0.00616917543424
0.0407771135782
0.0483561058924
0.000148870007935
0.00572383159629
4.82112234107e-22
1.0010732381e-07
1.21778648251e-09
1.90781799693e-06
0.00136389437518
0.0483561058924
0.0383219470538
6.88804663956e-14
3.64778110651e-10
0.00805813163276
0.00110684675402
2.98721550824e-09
1.67133341748e-07
0.0483561058924
0.00791823351413
0.00460729942392
0.000131989443938
0.0407771135782
0.0476088812981
0.0383219470538
0.0476088812981
0.00114671718901
4.951099294e-07
0.0383219470538
1.58463933173e-12
1.50352122457e-08
0.0013126146023
5.70976680542e-11
2.16348656144e-08
6.40344483745e-08
0.0407771135782
0.0476088812981
0.0383219470538
0.0407771135782
0.0476088812981
2.36797300302e-08
1.8373537736e-07
9.68760407167e-12
7.49829135447e-07
0.000240455691599
0.00687555786934
1.67133341748e-07
9.42596974221e-07
1.51450446014e-10
0.00791823351413
0.0483561058924
1.10565928633e-12
0.000163657872209
6.71162694883e-13
2.16471352575e-20
1.59979526452e-07
0.0483561058924
0.00791823351413
0.0407771135782
0.000194089795909
4.28309033503e-23
2.43772211249e-05
1.23351799428e-06
5.25917095461e-10
4.36517704879e-06
1.01486681653e-10
2.85500253146e-06
0.0476088812981
0.0383219470538
0.00146844632261
2.87324606703e-08
0.000173005101672
5.34652643342e-06
1.58106259492e-11
2.66117625716e-21
0.00119795069811
0.00110090128938
0.00123829248397
0.0483561058924
4.15322499845e-10
0.0407771135782
0.0483561058924
3.8562012884e-05
6.48591301138e-06
2.75660844969e-15
0.000815371787558
6.52688673565e-06
0.0483561058924
4.44245269294e-06
0.00854177941428
4.9184912573e-10
1.77807979348e-08
3.82152176513e-09
0.000173005101672
3.15880881085e-06
0.0407771135782
2.46664992056e-05
0.0383219470538
4.43012449166e-06
0.00106300737082
3.49369021848e-10
2.17895597555e-05
2.87739337037e-05
3.35774247186e-05
0.00678198475874
0.0476088812981
5.50372012056e-06
0.0483561058924
6.14559970999e-06
0.0407771135782
1.47972477816e-11
2.25546627505e-05
1.01912499912e-07
0.0407771135782
0.0407771135782
0.000199241257249
0.00572383159629
0.0384286934245
2.47606725335e-05
0.00579773293427
3.32924211379e-10
1.61006792232e-16
0.0476088812981
3.7977136167e-07
2.0416327312e-17
9.31542602811e-07
0.00581388260818
0.0483561058924
7.09341221077e-07
0.000966919947026
5.02889594674e-10
1.03820124645e-07
6.86231905621e-07
6.12755370556e-07
0.0483561058924
6.60050511406e-06
0.00123701899693
0.00121679435056
0.0483561058924
3.63785764971e-05
9.99132629944e-08
0.0407771135782
3.03420412883e-09
9.78386826785e-13
0.00689470984112
3.01432387399e-05
0.0483561058924
0.00791823351413
1.71617180677e-11
2.33264545569e-09
1.06499132442e-11
0.0476088812981
0.000205950838993
0.0476088812981
1.27954587135e-07
0.000193550657587
0.000964269732337
0.00616917543424
1.02407652396e-06
0.0476088812981
2.66595846516e-06
0.00854177941428
0.0407771135782
0.0476088812981
0.000193550657587
5.58433733843e-06
9.58259710854e-08
0.0483561058924
0.00687555786934
0.00637364536227
4.58556125799e-10
0.0476088812981
0.0407771135782
0.000163209305088
0.0476088812981
0.000182591542207
4.80810851684e-06
0.00720275456458
0.000933335447234
0.0065043214973
2.97996623397e-05
5.05784802886e-06
1.28066527418e-07
2.70130441559e-09
0.00648625393758
0.000865959313326
0.0407771135782
4.95623250567e-06
0.000879550602997
6.31632600415e-07
6.1977216458e-10
0.00114353186349
0.0383219470538
0.00818460455077
6.9073409186e-11
0.0383219470538
5.24538009182e-14
0.000173480591721
0.000132357102556
0.000157811000545
0.0384286934245
0.00689470984112
3.06173890663e-05
0.0483561058924
1.04014947389e-06
5.76720905681e-18
0.0476088812981
0.0407771135782
3.21130351151e-06
1.86269573933e-08
0.0407771135782
0.0407771135782
4.78563494823e-06
0.0384286934245
3.40392868084e-06
2.84702765138e-09
8.59781977238e-07
6.40344483745e-08
4.42555652207e-06
2.5097336324e-14
6.42421839275e-19
1.24581799952e-07
0.0407771135782
2.8988910762e-10
0.0476088812981
0.00804251072175
3.42181894412e-05
0.0476088812981
0.000114452701303
4.7393256494e-08
0.00791823351413
0.00102694509022
3.56905546701e-07
0.00637364536227
5.5186579215e-13
0.00648625393758
0.00144295246284
4.51466544485e-06
0.0483561058924
0.0483561058924
4.36606909842e-09
5.74466339364e-08
3.36108391445e-05
0.00731580228196
1.95470370194e-08
4.2060231597e-11
0.0407771135782
4.59442985201e-06
0.000194289607585
0.000105744965954
0.00114789771209
0.00114789771209
2.43307997465e-05
0.00791823351413
1.52085902452e-07
0.0476088812981
2.00937950274e-08
0.00114789771209
1.21445700982e-06
0.00805813163276
8.01877063031e-14
4.10672747683e-06
4.97778331973e-09
0.00616917543424
3.1632165742e-05