500
1.93744998159e-10
2.8007583089e-28
1.01489788925e-12
7.48719306654e-27
2.46996952865e-08
2.10132019097e-27
1.24465099274e-25
9.91145565336e-09
2.14477810277e-47
2.31086371486e-09
2.78840239422e-05
5.64078713307e-13
4.63305414852e-11
0.00125116053633
0.000415720599132
4.60458682724e-08
1.53119508395e-09
7.02490729188e-21
4.67015884093e-22
0.000157575234349
3.38707430134e-07
2.5362618772e-16
2.98920753024e-05
7.23041415119e-35
6.94477689926e-07
5.6020830179e-23
1.44823524415e-19
1.65052128405e-61
8.8022383215e-13
3.12541002741e-16
3.05748032091e-10
1.31345954396e-15
0.00273206900087
4.56369289172e-18
2.57563842561e-07
5.59076893896e-16
9.35919835877e-21
1.25678803758e-37
4.51630650859e-05
7.34834498136e-24
0.000490167631418
3.06899003153e-07
3.20420965208e-17
5.4179765187e-05
1.25927588459e-15
8.53309942377e-12
1.9479189046e-23
3.03146339263e-19
2.40187120042e-08
8.13744197029e-06
1.1786755723e-07
2.33458395251e-26
1.44155564678e-18
6.17396721331e-11
8.54605388473e-24
3.51584328768e-05
6.30172892628e-14
3.80014098534e-80
1.03341717988e-31
0.00482469627178
4.73602551127e-11
0.000246751052551
2.26472023146e-16
0.000100911530267
1.24143613208e-51
2.55352567124e-06
1.03225639757e-09
2.76899719276e-13
0.000313577199695
9.50744341279e-13
9.52056870709e-31
0.00096416115181
1.6977860827e-24
3.83499103832e-61
1.25466966683e-09
3.67185771989e-22
4.15578317139e-44
2.42683388116e-88
2.32714641324e-06
8.93722867562e-09
0.000328237170774
6.19297014404e-32
3.78665238091e-34
3.95695042017e-35
4.99067282882e-06
3.51502008368e-13
2.68566536335e-63
1.92365548123e-15
3.9524311713e-05
6.79655420455e-07
5.33268034604e-23
2.68618975628e-05
9.4660939774e-15
1.82298791895e-21
1.31577488425e-09
1.03557665259e-16
1.58746149227e-15
4.51994140971e-08
1.27789316856e-60
4.54434469434e-19
2.30721086496e-14
0.000490167631418
1.57251052324e-11
1.1713166931e-16
1.47236865187e-15
4.11471877763e-29
4.63638987519e-05
1.33646810124e-35
7.42172019853e-39
1.25768279754e-16
1.77389095674e-19
0.000571049398565
2.43490068424e-20
7.08570936583e-17
3.24016198814e-24
4.83888058387e-19
1.3997625698e-10
2.16448213789e-10
2.43308797656e-57
1.26699996465e-15
4.04816634935e-21
2.56677745303e-52
6.78440327855e-20
1.08306235394e-08
3.2007465425e-25
2.74360934667e-11
9.64088874348e-11
1.20761645519e-55
1.25793114105e-52
0.000875024962858
1.05414387625e-38
5.67868250581e-07
7.66036847217e-05
4.67186446971e-07
3.87655410307e-19
1.14528343875e-60
7.46002135081e-32
2.02070610955e-21
0.000326034236742
2.16501250739e-11
2.44987296343e-26
1.06205066579e-15
2.61458926356e-20
1.52832202149e-09
1.44309828119e-08
1.44901371341e-19
1.19312496699e-52
1.5262701291e-14
3.41217427817e-33
1.49028555949e-25
5.87790458258e-18
1.10661179162e-09
1.38750194115e-41
2.39333332708e-24
1.16146626199e-11
2.39717314118e-05
7.14375962484e-05
5.46663725935e-08
2.77004350251e-35
7.53934054053e-31
2.79883619464e-07
9.19062867717e-13
7.44714971306e-16
4.06908077152e-37
2.65175164008e-19
0.000480467627463
4.88655131713e-07
1.69731812653e-07
1.56179290769e-39
5.67587403232e-15
5.90601965498e-24
2.35630285619e-29
0.000248418289392
2.46863327864e-08
1.56467099022e-08
4.39525579318e-21
1.70113577093e-85
9.2211655012e-12
4.08249755133e-49
2.28514657944e-11
8.48648847966e-05
5.86889434997e-15
3.85670335706e-21
1.35278013171e-29
1.26486408741e-29
1.00681843694e-05
1.05246324081e-12
2.6116658687e-66
4.17521306256e-10
2.6439554482e-48
6.87210180187e-16
6.99743195573e-32
1.17699462566e-05
3.81110439832e-39
1.42541414186e-30
1.86568564286e-09
2.84431130321e-18
6.27965271216e-23
0.00482469627178
2.90604871607e-11
0.000132438354679
4.32884138128e-15
5.56012568868e-12
5.73975027038e-34
5.76608396532e-21
4.05538409106e-17
1.58613621427e-12
2.66666429224e-09
3.51069178469e-19
2.68990139582e-18
1.00025478346e-14
1.52908262796e-30
1.11891568539e-35
2.88379297417e-08
2.01619827991e-29
1.79022639631e-07
1.57644853612e-22
1.83296529523e-18
9.4302728393e-06
4.09255420331e-16
2.7487314061e-32
1.17204023826e-14
9.71293059248e-36
0.00058591125999
2.26334853657e-19
2.0165345904e-23
1.61765205752e-25
6.25118812839e-05
1.18377232189e-13
6.99628134986e-26
5.92878454712e-05
2.45003963317e-37
2.90885996475e-15
5.78248926464e-07
8.99339813953e-11
1.60303552684e-17
1.81326889993e-08
4.80309274961e-40
0.00482469627178
8.1087094578e-08
0.000313577199695
0.00613948090082
0.00920922135123
4.2757582569e-06
3.15395727025e-09
6.86054779263e-65
5.18208424967e-06
7.03833456116e-05
4.25935462051e-06
2.55279426139e-58
7.80997465223e-05
7.03341341452e-76
3.64035814156e-33
1.64146796587e-08
2.90495558085e-15
3.06585169897e-10
7.79737092881e-15
0.000160741307721
3.65506101385e-05
1.52698842755e-10
3.56747309268e-11
8.12851340452e-12
4.80737823849e-12
1.02474536103e-19
1.75954916416e-22
2.78177871713e-05
2.98535044116e-07
2.59567204549e-40
4.32099915404e-59
1.30969174097e-42
5.28264011149e-12
1.65055117207e-13
0.000248418289392
1.98233369755e-57
3.53043376226e-36
2.98903093221e-07
7.57189605431e-09
3.10282013116e-23
3.37650132131e-24
0.00920922135123
2.46075211641e-39
1.25048795696e-07
1.94229945035e-22
4.12623382061e-08
1.45768921738e-09
7.32343292021e-07
1.1222105067e-22
9.9092896243e-06
6.57517608079e-11
3.95201590451e-16
2.64981827679e-07
0.000230078684135
8.38670653607e-39
0.000277147066088
7.62117122821e-20
4.85412872751e-12
8.5149130421e-06
2.83506658119e-12
1.939187207e-21
2.29034293493e-13
3.14979516435e-62
2.88628554628e-15
2.34369384973e-05
2.81191023482e-08
2.03239433698e-11
2.49111018728e-18
9.93220019439e-15
6.73459834209e-15
2.96678410733e-12
0.00920922135123
1.20342327731e-09
2.04474610995e-07
0.00482469627178
1.40751456867e-10
7.29658737354e-75
2.96241596876e-32
1.44787235622e-08
1.95481587605e-62
1.28883944682e-07
7.88113217071e-76
3.65203253185e-15
5.03035852352e-27
4.68933640207e-17
7.07419276269e-05
4.06707181144e-16
3.55598363004e-22
2.47325616751e-06
8.17782031811e-05
2.95382339217e-29
0.000105575018417
2.51925078852e-22
0.00613948090082
1.13258825668e-19
1.57166595779e-70
1.47996631755e-12
3.70391710138e-23
3.35865807869e-36
1.51166886784e-12
2.82796276269e-14
3.28845120507e-06
0.00031147265473
3.1957478677e-83
8.97770277436e-21
4.18399249513e-07
1.59385021684e-08
4.36547381703e-13
3.91750424795e-06
4.05026171947e-06
6.83238752684e-16
5.17213736803e-40
2.4629603792e-18
9.20637112485e-29
1.79555693537e-20
2.95094304932e-27
3.58526684863e-07
2.94775291766e-08
1.2360266074e-30
3.05351628105e-31
2.75300842463e-24
2.56656763522e-12
1.54232439322e-39
5.90183945767e-17
0.000571049398565
2.48930134481e-14
8.58815829453e-35
0.00446851064098
1.55717927435e-08
5.07348059939e-36
5.68628104527e-48
4.95876232423e-07
0.00069053393941
9.27219966223e-44
6.07225133811e-47
8.94711979236e-05
9.26337912201e-30
2.36638842667e-37
8.07146637552e-11
0.000313577199695
0.000571049398565
2.39242414664e-45
4.48930982545e-10
1.27216026575e-11
1.15899467227e-51
7.35603763051e-06
3.19110184729e-14
3.58952426017e-23
2.06671226593e-10
0.00920922135123
0.00920922135123
4.45592927092e-33
4.96235349923e-05
4.17620984458e-12
2.07500067944e-34
5.60682998459e-05
1.23928393294e-22
0.000109383537799
2.45023611706e-17
4.58816188184e-25
0.00920922135123
1.29238949505e-09
0.00144624172772
9.06863725376e-13
1.1814584459e-21
8.24284747828e-47
2.36918475089e-14
1.29635991101e-06
7.51921509308e-21
6.12866789697e-09
5.26894148735e-08
1.28785224121e-22
9.78342219844e-16
1.6819702712e-08
9.61001465359e-13
2.67597096089e-15
9.44845562767e-16
1.38957259163e-42
4.44623970246e-05
1.31231276995e-26
1.70745983464e-07
1.08719124828e-20
0.000174112532272
7.88225676403e-11
0.00920922135123
0.00482469627178
5.29776658837e-47
2.58367095585e-20
4.06488842093e-14
1.82212910336e-10
4.11550433558e-08
6.2597205471e-31
2.05205688315e-05
5.10617210325e-07
1.63756863078e-07
1.12305164346e-28
0.00482469627178
4.64540051218e-05
8.33995380407e-05
1.82331717084e-13
4.11698224164e-30
5.26703498262e-18
4.06218029863e-32
2.5511165304e-05
1.26321097783e-19
1.35240047215e-14
1.01696120925e-68
2.19190344797e-11
5.17241545503e-18
1.07351550741e-15
2.20655811476e-14
1.12715755938e-14
1.64967866185e-12
2.08933250562e-16
1.25670741851e-29
0.000328237170774
1.7179469901e-19
1.24275956133e-18
4.61981769617e-07
6.35805574303e-32
5.8454997595e-18
1.31461778098e-26
2.93793096819e-14
1.29638578957e-08
3.93201672019e-23
6.98752886287e-05
2.96759163249e-10
7.7266492548e-40
1.36756295872e-11
1.33052864598e-24
1.46376794672e-21
5.17876053722e-14
1.702858875e-07
2.8736073603e-19
1.74775094899e-25
9.59643867332e-08
1.40865325048e-35
1.93840461481e-74
4.71676578442e-55
4.23803886154e-08
1.87495600051e-13
4.77807284321e-21
2.5757591688e-26
2.04852522647e-59
4.47238237223e-21
1.79537160221e-09
0.00125116053633
0.000260730510695
4.11185636507e-09
2.73779808565e-28
2.28837340552e-06
1.01839131434e-39
9.59070394534e-82
5.92502771129e-17
3.81062649569e-07
3.48464373198e-05
3.69917241753e-21
2.76148207157e-28
1.79600929138e-08
1.11744535769e-15
6.4901232553e-21
9.5154028385e-14