500
3.21410350149e-06
0.000706645909545
0.000195722872229
3.71244016165e-14
5.57574522601e-05
3.5644389009e-07
0.000163375219104
4.44566225982e-07
5.24655809523e-21
6.81044006477e-05
0.000109537296199
2.50845137173e-13
1.97727941967e-07
0.0881286792455
0.000150924395697
5.48383324676e-07
0.0881286792455
4.9254419337e-09
0.0231600928074
5.06238299389e-06
1.17248916463e-06
4.58195499904e-12
0.0881286792455
0.0881286792455
1.12092028714e-37
4.42206075578e-09
0.0881286792455
2.54195848223e-07
6.92432668079e-07
0.0189265274555
7.95558884225e-19
0.000501334893979
8.62396577919e-06
0.0881286792455
1.00588455375e-05
0.00150406288215
0.000189953486518
1.05512224811e-06
6.15934627462e-05
9.6139688931e-07
0.000882801680571
1.00588455375e-05
0.000580601396722
0.0881286792455
2.13271538146e-16
5.43208121166e-28
1.64941708439e-10
0.0881286792455
0.0323011320755
9.81610951896e-10
3.36998115422e-16
0.00115500887949
1.203679464e-05
1.21766108978e-11
1.02662412486e-08
0.0390411320755
0.000762277337657
8.41978795777e-08
0.0881286792455
2.10521805038e-05
4.14686853731e-10
7.14931542537e-05
0.0881286792455
5.05064768958e-10
7.10563297302e-05
6.53936185911e-06
0.000627451713207
2.74724447722e-06
3.86414357211e-07
0.00129942581763
3.90599450573e-14
5.89701709022e-15
0.0189265274555
0.000302822497174
3.42552535363e-05
5.43759515202e-08
0.000860341394873
0.051885283019
0.00445996474181
0.00221298009212
0.0881286792455
0.000195722872229
5.24079844489e-16
9.81830542387e-07
0.0881286792455
6.22422796744e-08
1.7364360567e-05
1.35326238868e-05
0.0231600928074
0.000882801680571
0.00170440266774
4.18655940119e-10
3.10192354855e-05
1.02334856776e-06
0.0323011320755
4.66938365678e-09
6.9574063675e-18
4.63311789131e-07
2.79739918643e-06
0.000365192158794
0.000237450840404
0.00054064362449
0.005214554736
0.00128635231211
7.75807095298e-06
4.11025755158e-06
0.00116494860891
0.000580601396722
0.0881286792455
0.0231600928074
0.051885283019
0.00378554793893
6.65553338221e-07
0.000185135110155
1.54943717678e-15
0.00304835812575
1.04506148137e-10
0.0390411320755
0.0390411320755
0.00051607391477
0.000762277337657
0.0881286792455
0.00355470817947
1.19782208349e-23
0.0323011320755
6.05764773731e-05
1.45881001973e-18
0.000860341394873
0.000564898555939
0.0881286792455
4.16997697949e-08
9.18430029066e-05
0.000151467635128
9.23904358666e-05
0.051885283019
1.93099010671e-09
0.000866460942941
0.00172071073289
1.02469788472e-05
3.60295015861e-07
0.0881286792455
6.14932729261e-05
6.06292829881e-07
4.50332645494e-08
2.06132674802e-06
7.0878934869e-10
1.6944208511e-16
0.00339990435936
1.45866307897e-05
0.00141331477034
0.000207114607313
8.0511706541e-09
0.0881286792455
6.9426602401e-05
7.97590190426e-05
2.31235969109e-06
7.48680597877e-05
7.73973749379e-06
0.000564898555939
4.74419593709e-08
0.000115367880126
0.0881286792455
0.0390411320755
0.0390411320755
1.35424658438e-07
1.42982848372e-12
3.47445625059e-06
6.64021607514e-06
0.0881286792455
1.56138074189e-05
4.05902620765e-13
2.16940136461e-06
1.89072058403e-18
0.00120470008692
0.0006289250728
0.000150701219801
7.94269532732e-07
4.6146386487e-09
1.76335767612e-07
0.051885283019
0.00172071073289
0.00117323480675
0.000762277337657
0.000496583484021
0.0881286792455
0.000239784490636
5.38714883088e-08
6.6976877518e-06
0.0881286792455
3.24514950367e-05
0.000128325244226
1.40197304386e-14
0.0881286792455
0.005214554736
0.00010566562398
2.63996935543e-07
0.0390411320755
3.10791507054e-06
6.46759561415e-13
0.00051607391477
0.00231005527266
2.85717466125e-05
3.88454772244e-07
0.00129942581763
2.7918848869e-07
1.15454154629e-20
0.0390411320755
5.55381730261e-06
2.15707653129e-12
2.08343055554e-06
7.79710657468e-05
0.000755052841265
2.67391419336e-13
0.0881286792455
0.00172071073289
1.70224375905e-09
0.0323011320755
1.04293828881e-06
0.00199277382617
1.4240781594e-05
0.0390411320755
0.0390411320755
0.00120879621826
1.83518942159e-10
0.0323011320755
3.70191321995e-07
7.58853411649e-05
1.08717846527e-08
6.33595219168e-06
6.80168634659e-09
4.34563764822e-08
0.0189265274555
0.0881286792455
5.52279680932e-14
2.68223483265e-11
0.000115367880126
0.051885283019
0.00141331477034
0.005214554736
9.10108115076e-05
0.00211660712568
7.24963635355e-18
1.72088644461e-09
4.44415322429e-08
0.0390411320755
7.01542776968e-05
0.0323011320755
0.0231600928074
0.00031304515762
2.99047145695e-05
0.00051607391477
0.0390411320755
1.1347060853e-10
0.051885283019
3.73614556358e-07
1.45562926335e-07
0.00120879621826
0.0390411320755
2.2072911329e-07
0.0881286792455
0.00141331477034
5.46032311646e-07
1.07931554802e-11
0.000130126762488
2.11990152587e-07
0.000195161308926
8.88359438049e-05
0.000159486661058
0.0390411320755
0.0881286792455
0.051885283019
3.75215585441e-05
0.0323011320755
0.0881286792455
0.0881286792455
0.0881286792455
1.12674119904e-38
8.51005880342e-05
0.051885283019
0.00172071073289
7.18362326686e-23
0.0881286792455
0.0881286792455
0.0881286792455
1.10719255907e-12
0.00116494860891
9.05508643959e-05
6.26725055387e-07
0.0323011320755
6.94735840068e-15
2.12524789884e-12
8.51111165873e-05
2.12070966384e-07
0.051885283019
1.99383896746e-07
0.0390411320755
9.76758831443e-05
0.00117323480675
0.0323011320755
1.42435963872e-05
0.0881286792455
0.0390411320755
0.051885283019
0.000335792753416
1.06686590288e-14
4.5818114626e-07
7.57587650211e-14
0.000159486661058
0.00039597233695
0.000416033955403
9.22557698265e-08
0.0881286792455
9.71329320276e-21
1.2357008821e-06
2.27238318971e-05
0.0323011320755
0.00135042704849
0.0881286792455
0.000537914317125
0.0189265274555
8.23750960719e-06
0.000996370732459
0.000506521340704
0.00024242973797
0.0881286792455
4.20998362177e-05
0.000118920430202
4.42970334482e-12
0.0881286792455
0.051885283019
5.14353547492e-23
0.0881286792455
1.68642797729e-05
0.0881286792455
0.0881286792455
0.0881286792455
0.00100590420663
0.0881286792455
2.08181971486e-23
6.27096800605e-05
1.15186548681e-08
0.0390411320755
1.10167097724e-05
5.82155765878e-09
0.00147170939573
1.27899672786e-05
0.0881286792455
0.000685857189662
6.27360670753e-08
7.56097194147e-12
0.00199277382617
7.30133739807e-06
0.00116494860891
0.00170440266774
8.51919463264e-05
0.000251693692189
0.00116494860891
0.0323011320755
0.0881286792455
0.0881286792455
9.43954754152e-11
0.00231005527266
0.00020157887825
2.02741740241e-05
0.051885283019
0.051885283019
6.20402868482e-11
0.0231600928074
0.000265097906567
8.59614478922e-12
3.32224223149e-05
8.16964428097e-08
0.0881286792455
0.00260723502764
9.05042331234e-25
0.00577483755156
6.42498728056e-06
0.000156723156305
3.78744468814e-05
0.005214554736
4.84217884256e-08
6.02436372709e-07
0.00065582301145
2.92143146023e-05
0.0881286792455
0.000441393672244
4.37952385029e-19
0.0881286792455
2.86068416423e-08
4.3889668891e-15
0.000480254283454
1.41324481956e-05
3.62172765313e-07
9.09725592894e-05
0.00199277382617
1.27572235075e-26
6.09776528038e-19
0.0390411320755
0.000165337993384
0.00260723502764
2.15821538773e-08
5.24420985216e-09
2.46814012393e-06
3.91836716906e-05
0.000996722547485
0.0881286792455
0.0881286792455
6.07447893989e-09
9.97341905199e-11
1.39332157323e-08
0.00267474365465
0.00147170939573
0.000706645909545
6.55459777642e-12
4.29821258335e-15
0.00100590420663
9.76517543614e-09
0.0881286792455
1.90708159312e-08
5.82346258938e-19
0.0390411320755
0.000286356482177
0.051885283019
0.000161409431803
2.76498919564e-06
0.00267474365465
1.86572983451e-08
3.70040480698e-06
0.0881286792455
0.0323011320755
0.000882801680571
6.04156326345e-19
2.75127860856e-07
0.0189265274555
0.0390411320755
0.051885283019
5.30928890573e-06
0.000115255681322
1.05128494936e-09
0.0189265274555
0.0390411320755
0.051885283019
3.00676323313e-05
3.14110951093e-08
3.81955918957e-12
8.06221556108e-10
0.0189265274555
6.53691149024e-15
0.000428787511913
0.0881286792455
0.000168590829334
0.000651969385988
0.0881286792455
0.0010007568793
5.42505027798e-10
0.0390411320755
8.48392169777e-05
3.76729185086e-06
2.72090616234e-08
3.58506260032e-05
1.07475474935e-09
0.051885283019
0.00141331477034
0.000106880297731
9.96143436227e-05
2.30614588341e-11
4.99715511126e-12
2.17099994268e-05
1.01222463464e-20
0.0189265274555
8.89677367837e-09
0.0390411320755
6.62764611142e-11
0.00039597233695
0.00117323480675
0.0881286792455
9.47776004927e-08
8.84633370269e-07
0.000286356482177
2.6276411545e-12
0.000255472966185
0.00267474365465
0.000109537296199
9.22797651104e-22
3.37375950473e-07
0.000706645909545
4.88201511813e-10
1.17282886628e-05
2.61843863812e-05
8.96884802396e-06
8.30544618814e-05
5.84742921247e-05
5.23401249427e-21
8.20735445821e-17
0.000882801680571
0.051885283019
0.00339990435936
0.051885283019
0.0881286792455
0.00141331477034