500
7.91115691758e-11
3.34279614606e-28
8.00807055994e-13
5.03300740766e-27
1.40990695886e-08
1.82537387645e-27
3.99074572723e-26
4.21092628192e-09
0.0
2.03281705856e-09
3.7888073362e-05
3.5905305725e-13
4.74981987686e-11
0.000838450523334
0.000416460195788
2.64217703576e-08
2.08961966679e-09
2.33103369786e-21
5.43170758408e-22
0.000224171880683
2.88885684693e-07
1.27729540723e-16
3.52919368012e-05
2.34046100678e-35
1.04183883874e-06
1.95717282349e-23
5.94728746459e-20
3.3670953944e-62
7.83372912475e-13
2.48447528682e-16
3.18370872944e-10
1.23179910132e-15
0.0033078617496
6.1382488203e-18
3.31783188737e-07
2.44620608448e-16
0.0
2.99769911819e-38
3.25200488784e-05
6.64952736822e-24
0.000386564556837
2.97826601229e-07
3.7653831111e-17
3.4281219898e-05
6.52834767001e-16
4.08011156427e-12
1.75154614191e-23
2.81934696249e-19
1.52738152721e-08
5.15568698972e-06
1.37212991209e-07
1.47792742465e-26
1.01391627721e-18
6.27784965038e-11
3.42871781193e-24
2.92111461115e-05
0.0
3.4454713474e-80
1.62934248098e-31
0.00471674791024
3.83813921722e-11
0.000208150145989
6.92598866912e-17
6.75861581269e-05
6.55262748191e-52
3.07369723971e-06
1.5622640524e-09
1.43956301715e-13
0.000288748575107
9.30275527567e-13
7.94142929703e-31
0.000654288631355
1.51021843879e-24
0.0
1.73918299832e-09
1.45504797226e-22
1.24892550733e-43
4.43070013926e-89
1.87889734525e-06
1.20414453542e-08
0.000288048373351
1.4651897549e-31
7.0427454604e-35
2.41686439909e-35
3.59585849858e-06
4.13145350104e-13
3.10297314109e-63
1.67203591912e-15
5.16542627689e-05
4.1471567913e-07
4.04286891561e-23
2.45319876809e-05
8.66735480004e-15
8.62405436955e-22
1.59121613832e-09
1.97220481869e-16
1.13764253405e-15
3.84057114348e-08
9.17627752142e-61
5.76003293832e-19
2.43434713105e-14
0.000386564556837
1.05050117793e-11
6.76871569823e-17
6.07815255079e-16
3.55961261773e-29
3.90584772877e-05
1.9444999722e-35
0.0
1.26809492569e-16
1.51399984046e-19
0.000514925956203
1.79817857195e-20
5.97966884829e-17
1.75916701001e-24
3.35364426799e-19
7.83689638934e-11
1.20813167644e-10
2.14733523836e-57
1.5566763926e-15
3.06674931212e-21
2.76002648594e-52
4.76222118651e-20
1.36248608932e-08
1.7062471354e-25
1.33792329431e-11
7.70952415011e-11
0.0
6.13837006375e-52
0.000491548197511
1.76734288597e-38
4.21586083101e-07
4.53000865369e-05
4.07355870712e-07
4.13697053907e-19
0.0
1.05793949083e-31
1.65695004085e-21
0.0002571170044
1.17310022318e-11
2.64483510533e-26
6.85392319879e-16
7.00449073336e-21
1.23297410751e-09
1.19409895594e-08
1.54855565784e-19
0.0
1.28852965755e-14
1.13598758185e-33
4.2238361832e-26
4.05008100146e-18
1.05063114347e-09
5.87286977304e-42
8.6841170931e-25
7.48599058241e-12
2.25186019361e-05
3.86168244434e-05
3.78689741309e-08
3.71637972212e-35
3.02429238619e-31
2.9584283652e-07
9.12212026789e-13
4.56217080871e-16
2.52562018472e-37
1.71071445649e-19
0.000397333013778
2.99105171731e-07
1.3747483791e-07
1.44056458489e-39
4.19168827417e-15
3.97485064839e-24
7.85044987799e-30
0.000233190765055
2.82390117823e-08
1.25195829295e-08
4.70359807607e-21
1.0116692749e-84
4.89120594943e-12
1.60215357172e-49
1.70355979419e-11
5.56350377873e-05
4.86367032205e-15
1.76767828557e-21
1.02204820914e-29
4.46822499288e-29
7.28267147453e-06
7.47830094879e-13
5.80958330586e-67
2.09736965745e-10
1.84500683219e-48
8.87890926698e-16
1.51320187952e-31
7.25131407469e-06
5.8332029591e-39
3.78869714001e-31
6.21447908251e-10
1.55979833551e-18
4.53585260361e-23
0.00471674791024
2.5873384804e-11
7.87622637627e-05
4.75413348922e-15
3.87013687212e-12
1.01249145144e-33
7.46231322151e-22
2.98883821002e-17
6.92593978146e-13
2.16549353786e-09
0.0
2.23824027653e-18
6.92051336834e-15
1.66949799245e-30
1.3623226725e-35
2.70913394023e-08
0.0
1.05453342902e-07
6.93877689278e-23
8.93544609646e-19
4.34024489085e-06
3.38074530617e-16
2.72775959875e-32
3.78288440491e-15
1.34407332353e-35
0.000371939650841
1.32973630329e-19
1.4417186657e-23
1.74439030975e-25
4.03687289769e-05
7.47410261169e-14
2.75531898646e-26
3.71163989421e-05
3.16866013942e-37
3.04825444234e-15
4.02382169668e-07
6.49297102645e-11
1.23723100591e-17
8.73387139263e-09
2.50835113181e-40
0.00471674791024
4.32902814252e-08
0.000288748575107
0.00520742592264
0.00707423898924
2.22327787001e-06
1.49675903715e-09
1.86178397811e-65
4.35279092647e-06
4.66568565197e-05
3.66964692339e-06
4.1709716422e-58
4.91176020301e-05
3.25933170647e-76
2.30082862063e-33
1.28778417672e-08
1.80156698026e-15
1.71700518779e-10
4.12264432857e-15
0.000182432842898
2.94569763039e-05
1.85820275815e-10
2.98186870225e-11
8.79620250147e-12
8.45567989644e-12
5.3220601554e-20
1.00946412958e-22
2.56430290985e-05
4.07363874533e-07
3.91779067907e-40
8.02749417391e-60
4.71461886708e-42
7.20761596806e-12
7.69352776195e-14
0.000233190765055
7.51007917553e-58
1.997429784e-36
4.23519884355e-07
6.21300256041e-09
0.0
1.75614631664e-24
0.00707423898924
6.26125911101e-39
1.72334913508e-07
1.61103047786e-22
2.5105349727e-08
8.29775840746e-10
1.12734725137e-06
4.15090056125e-22
5.05230469242e-06
2.83504429701e-11
5.11357266294e-16
2.56418950228e-07
0.000283283722786
7.3336844631e-38
0.000306560977455
7.30816631254e-20
5.89910646999e-12
1.49060953018e-05
8.13876625741e-13
1.76922596559e-21
2.09495021951e-13
0.0
1.00967284821e-15
1.9849342666e-05
1.88396317277e-08
1.16653425369e-11
4.15136697495e-18
2.67045769734e-14
1.6662615227e-15
3.18918063767e-12
0.00707423898924
7.66010119105e-10
1.80119876814e-07
0.00471674791024
0.0
4.23407453995e-75
1.07840913726e-32
1.34806764214e-08
7.49717297922e-63
1.16977463811e-07
0.0
1.26027798337e-15
7.63698270375e-27
5.73979442271e-17
5.27768833519e-05
2.6525775993e-16
0.0
2.62530051435e-06
4.96258689211e-05
3.41734883649e-29
6.3382899423e-05
8.59543542505e-23
0.00520742592264
8.69467202261e-20
5.21616500218e-71
8.88381260261e-13
3.91944089851e-23
3.82041319976e-36
1.05676688477e-12
2.53637856269e-14
2.07992352449e-06
0.000257742016706
7.32772102931e-83
6.04791821231e-21
2.36595762698e-07
2.08235234314e-08
8.87616285362e-13
2.41151528169e-06
2.48481006044e-06
7.83142000311e-16
5.64887554764e-40
1.31961505823e-18
0.0
1.11046076576e-20
2.71338868226e-27
2.42069184561e-07
1.85553776799e-08
3.11185881789e-30
1.48656518725e-31
1.15021246484e-24
2.58881947884e-12
4.00321490254e-40
3.51938782433e-17
0.000514925956203
3.70365929179e-14
7.88036587309e-35
0.00504367039048
1.5765575176e-08
4.03742946215e-36
2.82912588853e-48
2.58998176185e-07
0.000599999416723
0.0
9.55311441561e-47
6.05037955937e-05
3.46431626758e-30
0.0
1.49643706026e-10
0.000288748575107
0.000514925956203
1.55052092179e-45
4.77551475226e-10
1.88150547774e-11
4.72921824886e-52
4.69856804051e-06
3.50344951305e-14
2.72078739959e-23
1.3707494406e-10
0.00707423898924
0.00707423898924
2.09314811034e-33
4.03253135252e-05
1.92469694959e-12
2.30217444974e-34
4.58639550644e-05
0.0
6.87331162504e-05
2.89378145782e-17
1.44482811754e-25
0.00707423898924
7.2981381199e-10
0.000888844933162
6.73421482709e-13
1.876913699e-21
6.68511386087e-47
1.80527874451e-14
2.60497894322e-06
8.70415534059e-21
1.42881010335e-08
3.29063593702e-08
6.46535897145e-23
3.35150065883e-16
1.18949970955e-08
8.2218656671e-13
2.85728565438e-15
9.16705512186e-16
1.81910250873e-42
4.41430842602e-05
2.24337515666e-26
1.1170330861e-07
8.47170492471e-21
0.000277852431173
5.14967453632e-11
0.00707423898924
0.00471674791024
3.74244408308e-47
7.76765836621e-21
1.42420319765e-14
1.17938738311e-10
2.72570092011e-08
4.63726697912e-31
2.06357949116e-05
3.55914403713e-07
2.2651301419e-07
1.60597345781e-28
0.00471674791024
2.81016602209e-05
4.87098396585e-05
1.25672012588e-13
4.10581580393e-30
3.08846496779e-18
4.10012232227e-32
2.18329492648e-05
8.55671309761e-20
5.65166152552e-15
5.51591291044e-69
1.95337468289e-11
1.86489767834e-18
4.445548041e-16
1.37883325928e-14
1.42741599938e-14
1.02220187717e-12
2.73925755295e-16
1.35762354201e-29
0.000288048373351
5.65477106781e-20
1.41685638979e-18
3.22951404518e-07
1.00025205343e-32
5.14051202871e-18
1.28790219114e-26
3.25145767675e-14
7.33220974735e-09
2.08692933603e-23
6.33594154957e-05
2.70297924308e-10
1.09819971405e-39
9.00188070063e-12
1.51521586665e-24
8.99228293972e-22
3.49888185301e-14
1.53899148494e-07
3.05361060613e-19
9.94106291011e-26
1.03991128234e-07
1.04308902934e-35
1.56346857569e-74
4.82373283759e-55
4.4449339023e-08
1.61855237533e-13
3.26493076022e-21
1.93121973747e-26
1.11650904136e-59
1.83510938902e-21
1.39964926163e-09
0.000838450523334
0.000236263551792
3.80854345165e-09
1.88999372497e-28
1.70028801123e-06
2.59314216501e-39
0.0
6.51907129904e-17
2.96714617739e-07
3.03299934696e-05
5.60751928098e-21
3.14227740548e-28
2.68748294103e-08
1.58843803604e-15
3.21843204704e-21
6.7586692255e-14