500
0.0
0.00149807351289
0.0
0.0
0.0
0.0
0.0
0.0
2.48701221e-06
0.0
0.0
0.0
0.0
0.0
0.0
0.0
0.0
0.0
7.05738274308e-10
0.0
0.0
0.0
0.0
0.0
0.0
2.79153261888e-05
0.0
0.0
0.0
0.0
0.0
0.0
0.000219136831465
0.0
0.0
0.0
2.73719923263e-09
0.0
0.0
0.0
0.0
0.00149807351289
0.0
1.10964343666e-05
2.28506101261e-05
0.0
0.00149807351289
0.0
0.0
0.0
0.0
0.0
0.0
0.0
0.0
0.0
0.0
0.0
0.0
0.0
0.0
0.0
0.0
0.0
0.0
0.0
0.0
0.0
1.95884618165e-05
0.0
0.00149807351289
0.0
0.0
8.59438564389e-06
0.00149807351289
0.0
0.0
0.0
0.0
0.000124183870817
5.11098095413e-05
7.64930929117e-09
1.0767395786e-05
0.0
0.0
0.0
0.0
0.0
4.47010708207e-07
0.0
0.0
1.29560466403e-05
0.0
1.29560466403e-05
0.0
0.0
3.05909221199e-06
0.0
0.0
0.0
0.0
0.0
0.0
0.0
0.00149807351289
0.0
1.08390549664e-09
4.58441420581e-06
5.11098095413e-05
0.0
0.0
0.0
0.0
0.0
0.0
0.0
0.0
0.0
0.0
0.000124183870817
0.0
1.91249719997e-09
0.0
0.0
0.0
0.0
0.0
4.58441420581e-06
0.0
5.73131988792e-05
0.00149807351289
0.0
0.0
0.0
2.24793857382e-05
0.0
3.28210459041e-10
0.0
0.0
0.0
0.0
0.0
0.0
0.0
0.0
0.0
0.0
0.0
0.0
0.0
0.0
0.0
0.0
0.0
0.0
5.73131988792e-05
0.0
0.0
0.0
0.0
0.0
0.0
0.0
0.0
0.0
0.0
0.0
0.0
0.0
0.0
0.0
8.61853479489e-10
0.0
0.000124183870817
0.0
0.0
0.0
0.000124183870817
0.0
0.0
0.0
0.0
0.0
0.0
0.0
0.0
0.0
0.0
0.0
0.0
0.0
0.0
0.00149807351289
6.46572496177e-07
0.000107335254465
0.0
2.28506101261e-05
0.0
0.0
0.0
0.0
0.0
0.0
9.70212062829e-08
0.0
0.0
0.0
0.0
0.0
0.0
0.0
0.0
0.0
0.0
0.0
0.000106705629163
0.0
0.0
1.23742043467e-07
0.00149807351289
7.66242245896e-06
0.0
0.0
9.59027612004e-06
0.0
0.0
0.0
0.0
1.63837141288e-06
0.0
7.74236550226e-08
0.000381424367484
6.40180955775e-09
0.0
0.0
0.0
0.0
0.0
2.20011980759e-10
0.0
0.0
0.0
0.0
0.0
0.0
0.0
0.00149807351289
0.0
0.0
0.0
0.0
0.0
0.0
0.0
0.0
0.0
0.000106705629163
0.0
0.0
0.0
0.0
4.10878700095e-05
0.0
0.0
0.0
0.0
0.00149807351289
0.0
0.0
0.0
0.0
0.0
0.0
0.0
0.0
5.73131988792e-05
0.0
0.0
0.0
0.0
6.43665723788e-09
7.66242245896e-06
0.0
0.0
3.22402534082e-06
0.0
0.0
0.0
0.0
0.0
2.49694103683e-05
0.0
0.0
0.0
0.0
0.0
5.60533903042e-07
0.0
0.0
0.00149807351289
0.0
0.00149807351289
1.95884618165e-05
0.0
0.0
7.95524288451e-09
0.0
0.0
0.0
0.0
2.25651392919e-06
0.0
0.0
0.000124183870817
0.0
0.0
5.91806056435e-06
0.0
0.0
0.0
0.0
0.000124183870817
0.0
0.0
0.0
0.0
3.9476429833e-07
0.0
0.0
0.0
0.0
2.82086676609e-06
0.0
0.0
8.11858963699e-06
0.0
0.0
0.0
0.0
3.76604762712e-07
0.0
0.0
0.000134618947323
0.0
0.0
0.0
0.000124183870817
0.0
0.0
0.0
0.0
0.0
0.0
1.4957637276e-10
0.0
0.0
0.0
2.28506101261e-05
0.0
0.0
0.0
0.0
4.83951138574e-10
0.0
0.0
0.0
5.77665819991e-06
0.0
0.00149807351289
0.0
0.0
0.0
0.00149807351289
0.0
0.0
0.0
0.0
0.0
3.33239582179e-07
5.73131988792e-05
0.0
0.0
0.0
0.00149807351289
0.0
0.0
0.0
0.0
0.0
0.0
0.0
0.0
0.0
0.00149807351289
0.0
0.0
0.0
0.0
0.0
0.0
9.74243069783e-07
0.0
0.0
0.0
0.00149807351289
0.0
0.0
0.0
0.0
0.0
0.0
0.0
0.000107335254465
2.28506101261e-05
0.0
0.0
0.0
0.0
0.0
0.0
0.0
0.0
0.0
0.0
0.0
0.0
0.0
0.000106705629163
0.0
0.0
0.0
0.0
0.00149807351289
0.0
0.0
0.000107335254465
0.0
3.44265224556e-05
0.0
0.0
2.28506101261e-05
0.0
0.0
0.0
0.0
6.0625498871e-05
0.0
0.0
0.0
0.0
0.0
0.0
0.0
0.0
0.0
0.0
0.0
0.0
0.0
0.0
0.000124183870817
0.0
0.0
0.0
0.000124183870817
0.0
3.72739090578e-07
0.0
0.0
0.0
0.0
0.0
0.0
0.0
0.0
0.0
0.00149807351289
0.0
0.000107335254465
0.0
0.0
0.0
0.0
0.0
0.0
0.0
0.0
0.0
0.0
0.000134618947323
0.0
0.0
0.0
0.0
0.0
0.0
0.00149807351289
0.0
0.0
0.0