500
2.59217471172e-06
0.000137068472172
0.0
6.10031881994e-06
0.0
0.0
0.0
0.0
0.0
0.000196514347599
0.0
0.0
0.0
0.0
0.0
0.0
0.0
0.0
1.03511994692e-06
0.00103193190349
0.0
2.46050626533e-07
0.0011735852424
0.00258706024276
0.0
0.0
0.0192141227616
0.0011735852424
0.0
0.00926514980752
0.00107207981015
4.1010040776e-05
0.0
0.00258706024276
0.0
0.0
0.00012033786591
0.0011735852424
0.00522532389831
0.00055458986821
0.0
0.00811873957903
6.88459253474e-08
0.000688804746084
7.51282598722e-07
0.0
0.00522532389831
0.0
7.41163186181e-06
0.0011735852424
0.0
0.0
0.00363809826105
0.0
0.0
0.00135069903978
0.000932851079184
2.9999949831e-12
0.000144925935453
0.000255416214077
0.0
0.0
0.0
6.80343950155e-06
0.0
0.0
0.0
0.00065248974907
0.0
2.45805939261e-05
0.0
0.000688804746084
0.000255416214077
0.0
0.00363809826105
0.0
3.06071956531e-06
0.0
0.00055458986821
0.0
0.0
0.0
0.00546709613482
0.0
0.0
0.0
0.00522532389831
0.000526311079399
0.0
0.00247568719489
3.17556528908e-05
0.0
0.0
0.00926514980752
0.0
4.20447224256e-05
0.0116147644197
0.0
1.03928993346e-05
3.32290154938e-05
0.0
3.58109517576e-05
0.0
0.00363809826105
0.0
0.00212527888199
0.0
0.000932851079184
0.0
0.00522532389831
8.27686491871e-05
0.0
0.0
0.0
0.0
0.00363809826105
0.000333835617338
0.0
0.00022130210196
2.4890188836e-05
5.8930462041e-05
0.00546709613482
0.0
0.0
0.0
0.0
0.0
0.0
0.000932851079184
0.000136978751741
0.0
5.26053738826e-05
0.0
0.0
0.0
0.0
0.0
0.0
0.0
0.0
0.000100906740685
0.0
0.0
0.0
5.30540512234e-07
1.35108228848e-05
0.0
7.82237101656e-05
0.0
3.55168423107e-07
0.0
0.0
0.0
0.0
7.56708037823e-06
0.0
0.0
0.0
0.0
0.00055458986821
0.0
0.000315848585466
0.00012033786591
0.0
0.0
1.07461595374e-07
1.22690450041e-05
0.0
0.0
0.000170335088136
0.000932851079184
3.69240581167e-06
0.0
0.0
0.000196514347599
0.0
0.0
0.0
9.72233992676e-09
0.0
0.0011735852424
0.00811873957903
0.0
0.0
0.000974346612595
0.0
0.0
0.0
1.72137201127e-05
0.0
2.20227484039e-05
0.0
0.0
0.000147478497128
5.91038247723e-06
0.0
0.0
2.99331332401e-06
0.0
0.00247568719489
0.0
0.0
0.000196514347599
0.0
0.0
0.00212527888199
2.45237235191e-05
0.0
0.000147478497128
0.0
0.0
0.00811873957903
0.0
0.0
0.00811873957903
3.94642585906e-07
0.000932851079184
0.0
0.00522532389831
0.0
1.8069386473e-05
0.0
0.00811873957903
0.0
0.0116147644197
6.61705784376e-06
0.00212527888199
3.8189745187e-07
0.0
0.0011735852424
0.0
5.59312501263e-06
0.00546709613482
0.0
0.0
0.000257961459639
0.0
0.00363809826105
0.00522532389831
0.000170335088136
0.0
0.0
0.0
0.000444014409666
0.00103193190349
0.00142394728572
0.000836449709684
0.0
0.0
0.0
0.0
0.00135505667893
0.000182617816223
3.40282637768e-06
0.000193732281361
0.0
0.00135069903978
0.0
0.0
0.0
0.0
0.0
0.00074616133651
0.0
0.0
0.0
0.0
0.0
2.45237235191e-05
0.0
0.000444014409666
0.0
0.000974346612595
0.00135069903978
0.000458932342128
0.0
0.00029570911936
0.0
2.19915504759e-05
0.0
0.0
0.00149479616055
0.0
0.00212527888199
0.0
0.0
0.0
0.00608686588725
0.0
0.00522532389831
0.0
0.0
0.0
0.00522532389831
0.0
0.0
0.0
0.0
2.73882995243e-05
0.0116147644197
0.0
0.0
0.0
0.0
0.0
0.0
0.0011735852424
0.0
0.0
0.0
0.0
0.0
0.00142394728572
0.0011735852424
2.23016189628e-06
1.10700740994e-05
0.0
0.0
0.0
0.0
0.00363809826105
0.0
0.00135069903978
0.0
0.0
0.00247568719489
0.0
4.52629939003e-05
0.000137068472172
0.0
0.0
0.0
0.0
0.00811873957903
0.0
0.000160003917408
0.0
5.40238684733e-09
0.0
0.0
0.0
0.0
0.0
0.0
0.0
0.00135069903978
0.0
7.56708037823e-06
1.69549805682e-05
0.00103193190349
0.00522532389831
0.00522532389831
3.32004715459e-05
0.0
0.0
0.0
0.00363809826105
0.0
5.15081342716e-05
0.0
3.19738944715e-06
0.00522532389831
0.000143795102637
0.00926514980752
0.0
9.32767284456e-05
0.0
0.0
0.0
0.0
0.0
0.000526311079399
1.39351169032e-07
0.0
0.0
1.89764664038e-07
0.00212527888199
4.26119637121e-10
0.0116147644197
7.10870079236e-07
0.0
0.0
0.0
0.0
0.00811873957903
3.62854075367e-05
1.49262832329e-10
0.0
0.0
9.87263229088e-05
0.0
0.0
0.0
0.00811873957903
0.000359098542304
0.000371415530047
0.000932851079184
0.00522532389831
0.0
1.6927816836e-06
0.0
0.0
0.0
0.0014799369953
0.0
7.40673630703e-06
0.0
1.86514154911e-06
0.0
0.0
0.0
0.0
4.32604542089e-05
0.00212527888199
0.0
0.0
0.0
0.0
0.0
0.0
0.00546709613482
0.00811873957903
0.000932851079184
0.000143795102637
0.0
0.000565734852682
9.54738698134e-05
0.0
0.00363809826105
0.0
0.0
0.0
0.000182617816223
4.26214237251e-06
0.0
0.0
0.0
0.000418485836472
0.0
1.25718765847e-05
0.0
0.0
0.0
0.0
0.0
2.34909953175e-05
0.0
0.0
0.0
2.66687627116e-08
2.32950940855e-06
0.0
0.0
0.0
0.000932851079184
2.36228004445e-09
0.0
0.00811873957903
0.000167212530423
0.0
0.0
1.87319701283e-08
0.0
0.0
0.000359098542304
0.0
0.0
0.00107207981015
0.0
0.0
3.22767866064e-06
0.0
0.000110462396086
0.0
0.0
0.000425137459309
7.25598510218e-06
0.0
0.00065248974907
0.0
0.0
0.0
0.0
0.0
0.000932851079184
1.16239779326e-05
0.000104599085677
0.0
0.00363809826105
0.0
0.0
0.000106740020009
4.2634427424e-06
0.0116147644197
0.00448099249273
5.30445518389e-07
0.0
1.38515856518e-05
0.0
0.0