500
8.84193591451e-05
1.99814496956e-19
7.95878938609e-12
8.88432970508e-06
0.0171756756757
5.27070787291e-15
1.70714548626e-18
0.00460093896714
2.13536050552e-09
9.15813261992e-09
0.0171756756757
8.09728159547e-16
1.01353641773e-17
3.96044763229e-09
3.4966066247e-06
1.90005101685e-22
5.75600683546e-15
5.46370088765e-09
0.000201615883738
0.00157027494126
8.37836588324e-18
0.000459745535246
3.89019612448e-23
1.45371777365e-22
3.09413468344e-36
5.11364244984e-16
2.68748548728e-23
3.16459244296e-07
9.80109167948e-11
0.0171756756757
3.62925036602e-12
2.09094818655e-19
3.26213248729e-21
2.5213689026e-09
1.09984630841e-10
0.0171756756757
3.63060500868e-12
9.28392049244e-54
0.0171756756757
1.50409331686e-10
1.9034615789e-28
3.00709008707e-07
5.84541035354e-05
1.23308523887e-11
1.42589835079e-07
6.39699485293e-16
1.37269689962e-16
0.00176565520155
1.32215308549e-35
1.01181381334e-17
9.1128030536e-11
1.01509400979e-20
2.28379824339e-08
4.70001197349e-10
1.4852194231e-13
7.95542003867e-07
4.40448889744e-09
7.14037686327e-12
1.34188192357e-22
1.05691389941e-24
1.411636388e-13
5.2223072391e-07
0.000458407138899
2.26991728209e-72
1.51087922513e-51
2.83077774779e-07
1.67930152418e-11
1.21329000536e-39
2.05494861527e-23
3.21503991908e-06
0.0171756756757
8.06491258671e-11
2.98869495324e-19
6.60271046524e-05
0.000177462693317
0.00305616037029
9.24088049737e-21
0.0
2.39977581772e-65
1.43870402199e-07
1.90201727662e-30
4.41624477044e-11
9.97070068015e-46
3.49832185763e-09
2.52954232064e-32
6.93804241747e-15
2.66158459819e-05
7.67255987912e-15
4.28349689705e-15
4.20832330516e-11
1.44181712588e-32
1.56562905817e-24
4.99513957361e-07
6.82217348973e-53
0.00693066910227
1.5450518917e-08
8.91626436758e-08
3.24725542827e-30
4.28857512087e-36
3.84699603931e-06
9.56660879546e-40
8.52432986486e-21
1.7391531932e-14
0.0171756756757
3.41185080983e-40
0.000436606492019
2.82845222671e-07
2.59574606015e-36
0.000991672152819
3.81649399351e-22
0.000458407138899
7.29837766644e-07
0.000294629239063
3.31701509176e-23
1.82612851048e-06
2.80171684152e-05
1.15556978688e-05
0.0029677445062
1.62769445276e-23
7.39909156963e-16
3.11892656969e-08
1.44144379663e-05
1.61396713026e-07
4.0331225404e-14
0.000210513887025
7.95832147538e-09
2.70882135662e-07
2.63296974304e-14
1.49278099158e-30
1.15572036979e-06
7.57995601686e-07
7.75600067368e-05
4.44043108617e-09
2.81420179315e-09
2.94625559832e-17
1.38852441741e-14
1.95851096066e-14
1.50227725611e-23
0.0077383966245
0.0088975609756
1.71433074604e-15
0.00356129340744
3.33701749082e-07
0.0171756756757
4.98092530123e-05
9.17330413251e-34
1.61651695994e-12
1.88235528069e-09
3.63357715358e-09
4.96292572667e-37
1.84610837229e-08
3.50166602766e-21
7.74738096907e-11
0.00693066910227
0.0171756756757
7.86637960905e-10
7.97331526735e-13
1.22434232625e-16
1.36514953978e-13
1.6652919818e-16
0.000805605327031
1.71523793669e-10
1.08951240697e-12
2.62791953669e-17
7.91277823746e-16
2.14474693292e-33
3.10782794097e-40
8.68310925671e-08
0.00460093896714
1.04055489238e-08
0.0077383966245
4.91583328441e-24
0.0171756756757
1.52329266308e-29
9.16355048717e-28
1.27544769395e-18
5.17066711579e-05
1.87878290575e-24
1.87146450321e-12
0.00356129340744
1.98377869649e-19
1.03314831367e-07
0.0
0.000388364447954
1.15317937848e-14
9.41225641677e-10
0.00693066910227
2.90946691443e-07
1.08377860724e-09
2.7000084514e-12
2.31532380505e-17
3.38023596578e-09
4.60314686873e-14
3.41217021206e-14
8.89613967311e-21
4.2827806524e-34
2.12514131245e-13
0.000243402020655
9.52508600943e-08
5.09613453178e-11
0.0171756756757
1.38313541242e-57
3.80863266587e-07
1.39613544347e-43
2.48734883625e-25
6.03314485505e-05
5.8807328072e-17
1.12860882773e-52
3.11975205437e-07
8.64163265489e-13
7.56419651742e-41
1.2229891834e-11
5.85046174541e-25
1.74468934586e-17
3.95360003183e-07
2.07269900265e-37
0.000158765997097
3.61304886862e-09
1.15674381188e-07
0.000158765997097
2.77125948094e-05
9.65690855546e-23
3.43054415517e-31
2.49848226341e-38
5.08441232184e-27
3.39067191163e-58
5.52163527406e-44
5.21004932207e-26
0.0057296272939
6.78168130628e-11
4.55131460806e-12
1.05312138508e-21
0.0171756756757
4.1178779672e-09
3.95037138108e-29
6.6601347791e-17
0.0171756756757
1.45956788855e-86
8.29331938078e-12
4.56657212416e-05
1.97838967148e-11
4.89016276169e-14
1.40688213474e-09
5.42607258462e-70
7.09964142025e-07
0.000158765997097
8.77965429511e-22
3.73514689017e-10
0.00404920971159
4.38800494572e-07
1.06070823221e-14
5.88407901955e-36
7.39806930634e-07
0.00305616037029
3.60303773441e-30
3.02874277437e-42
1.97430290203e-08
5.41168268068e-15
1.59466411199e-07
2.07050369772e-12
5.4547320411e-23
2.25894837421e-09
2.23120507374e-07
2.34958198021e-05
1.03670940878e-10
4.4824137654e-21
0.000164278121175
1.30768528722e-22
2.76900082361e-11
0.000476382681549
8.91389314884e-18
0.0171756756757
3.5235675948e-10
6.81231742409e-05
1.41686467995e-47
4.47309098133e-20
0.000436606492019
2.99797716633e-15
1.20476452279e-12
1.2785233971e-12
2.91821013804e-10
0.00356129340744
0.000138682380499
1.59400343544e-06
0.0088975609756
0.00104684996084
9.46231414028e-07
8.64992925317e-14
8.15139278202e-11
8.83213679511e-28
6.04081606453e-17
9.05432869901e-20
0.0171756756757
1.17734705688e-14
1.10311665934e-20
5.08916399317e-20
1.38617511623e-12
1.84840261408e-08
1.02998452704e-23
0.000444775503884
2.89009145444e-11
4.46006695911e-09
1.64686597048e-52
2.29748715582e-15
9.86188783647e-28
1.4871626527e-07
1.40197392401e-11
2.97029639294e-11
7.35626024612e-11
1.21620440109e-18
3.54639801978e-18
8.31235469486e-30
0.00404920971159
0.0029677445062
0.0
1.95124756786e-11
0.0171756756757
8.9407453607e-34
2.45857319681e-36
5.91937875898e-05
5.81109436914e-12
1.90687312e-15
1.07725305887e-16
3.265619362e-11
7.2881163181e-18
1.23324067626e-12
2.24790076196e-37
1.70531607264e-10
7.77658128145e-39
0.000444775503884
8.50414912366e-16
4.03312775912e-14
0.00197849633747
3.14133554802e-24
6.4733286956e-52
9.87353511858e-08
5.03702724822e-11
3.03089223061e-07
0.0029677445062
0.00176565520155
1.16413362571e-17
7.13918308209e-11
3.63334866798e-16
1.81948818453e-08
1.94215104595e-13
0.000204303081128
0.0077383966245
6.5439267441e-19
5.94738450262e-08
2.43717405149e-09
7.52622389118e-34
7.70246692624e-14
7.97587459665e-06
6.83185119295e-14
5.1691694695e-06
9.21360610333e-32
1.19275065586e-08
4.28657132527e-06
6.95812293856e-05
7.63089264414e-06
1.76429977771e-18
0.00693066910227
4.40242355146e-25
0.00305616037029
9.00844680376e-46
2.34688571001e-05
8.46249970161e-26
4.57961858228e-21
6.95538643831e-23
0.00197849633747
4.13674115052e-46
6.061231937e-08
0.000805605327031
0.00392510022184
1.06832035173e-06
3.37375278085e-08
2.61938716371e-44
2.58285506658e-46
1.79587295067e-14
2.38418177144e-28
6.44000593426e-21
2.53944556612e-57
0.00693066910227
2.24726705565e-62
5.61399842555e-08
5.72922873287e-09
0.0057296272939
5.87542226944e-09
1.71920017664e-07
8.73010888948e-37
0.00305616037029
1.53277772227e-10
2.71600833192e-30
1.16620877516e-15
3.194019316e-11
1.28250067749e-34
3.03600461925e-08
1.29658751447e-23
3.79048668519e-18
8.51589516348e-48
1.56754318402e-30
3.53606137791e-07
1.2753968849e-10
0.0088975609756
3.89171158804e-20
3.44915813454e-17
4.5210450128e-07
1.42368867335e-10
0.0
1.85241853741e-07
4.19771237978e-28
9.36523005761e-08
3.91226076604e-08
3.90527163161e-27
3.55752220324e-10
4.2866600158e-25
1.5709624359e-16
0.0088975609756
3.03175078738e-13
3.80613718255e-22
2.62544106354e-13
1.35645425081e-13
9.19113243632e-16
1.05698833041e-14
1.08745902321e-06
9.74258355342e-15
1.75812619219e-09
2.76114725711e-13
7.11284241247e-43
3.22693939896e-13
1.42228023542e-19
2.60756389456e-08
4.89531395415e-39
1.51405841901e-05
0.00237419560496
0.00693066910227
9.52046387754e-24
0.0171756756757
0.000395603974073
9.61437131001e-11
8.38311758421e-32
0.00104684996084
1.06768614693e-09
4.59537519176e-70
3.18732916002e-09
1.27319409572e-05
7.19712854529e-08
0.00392510022184
2.49458487734e-07
1.10512105437e-10
0.000610475371533
1.32989723048e-48
0.000388364447954
3.05746734595e-35
1.3651285547e-14
1.8820927904e-26
0.00399589355351
2.77383136025e-07
3.24790381341e-29
1.99143929283e-08
2.36014178577e-06
0.000388364447954
8.65905696358e-09
2.15323642678e-19
0.0088975609756
1.21737849167e-15
1.89044688726e-08
6.14153069262e-05
8.49039575136e-08
1.96630746688e-19
2.51688843727e-18
7.1946919951e-37
0.000340649303633
3.63090432e-15
8.19151267125e-16
6.39447919639e-18
6.37666470055e-42
8.28003695415e-10
1.52065181049e-13
5.38264114084e-11
5.44540783209e-15
7.17217218933e-11
4.23505240101e-07
5.04778752591e-10
2.25389307353e-14
4.23245195201e-10
0.00356129340744
0.0171756756757
6.16047505197e-14
3.22855632461e-28
6.10806259711e-08
1.67824918749e-25
7.74397028046e-21
3.14628529747e-18
6.85472188507e-09
8.80467913026e-11
1.03892782444e-16
0.000458407138899
9.41860183511e-20
4.12743667809e-36