500
0.0
0.000520861749449
0.00132705883453
5.92919239222e-16
0.0
0.00132705883453
1.5922331758e-05
1.42168605879e-06
0.00190441599744
7.11255957015e-05
1.88679491401e-19
1.31850332406e-06
0.000819945610357
0.0
2.69115167857e-06
1.98644239382e-07
2.00938139938e-08
0.00275127378222
5.55833286083e-05
1.75092373551e-10
0.0
9.42963683186e-05
0.0
7.48599607857e-08
2.44845684715e-05
0.000569999581187
1.01098680713e-06
7.79298454657e-06
0.000739731833718
0.000407672669188
0.0
0.0
1.16872151687e-08
0.00275127378222
0.0015188111054
4.14442244341e-06
0.0
0.000105580877737
7.10757338197e-06
1.65320514955e-05
4.33341097905e-08
4.20991933041e-11
0.0
0.000385950215221
0.00132705883453
2.78631780998e-07
5.11224119342e-07
4.21526627391e-07
0.0
4.11409534146e-05
0.000293449750416
2.58719828922e-08
5.71403451687e-05
9.34287668923e-14
0.0
0.00031768661407
6.43622962398e-05
0.00240477906427
0.0
0.0
0.0
6.18637792756e-05
5.31618443512e-05
0.00240477906427
0.000454335801906
5.66750559962e-06
0.00181785163392
0.0
3.71572865438e-05
0.000819945610357
5.71403451687e-05
1.48497731249e-16
0.0015188111054
5.90867065445e-05
0.0
5.05986095907e-08
0.0
0.000520861749449
0.000819945610357
3.30859622927e-08
1.52069331167e-09
8.13743328727e-07
5.29682249974e-07
2.73772360092e-05
0.00181785163392
0.00017963087584
8.37643023386e-05
0.0
0.0
8.75363597051e-11
2.19265663416e-05
0.00126517526194
0.000147206839045
4.44166058865e-05
6.4681770019e-05
0.0
8.79941672031e-11
1.42046154069e-07
0.000333657521098
2.23249523301e-06
4.13238114504e-08
9.36099709227e-05
1.01718484252e-16
0.00190441599744
0.0
0.00275127378222
0.0
0.0
1.18503756616e-10
8.36296511434e-05
8.82125948191e-05
1.67691172681e-05
0.00022236129656
4.73682804502e-09
1.01500248841e-05
5.08783653215e-05
2.88101550459e-05
1.66883869324e-08
0.0
5.43777412782e-05
1.14122158562e-05
1.92206475139e-09
0.000147105995009
2.2811889631e-14
7.61381519747e-07
0.000437834810169
1.49415705654e-06
0.0
0.0015188111054
2.5365861889e-05
0.000454335801906
0.000333657521098
3.58116168206e-09
4.222133061e-05
9.34658233453e-08
0.000326631932974
0.0
0.000333657521098
2.62235401636e-14
0.0
0.00010743679781
0.000364188171905
0.00181785163392
0.000917091260741
0.0
0.00240477906427
3.60901242307e-08
0.0015188111054
2.91764768573e-10
2.94181840436e-05
0.00275127378222
2.81846523042e-08
7.98726692451e-16
0.000141061310812
9.98306269369e-05
0.00181785163392
8.32755020395e-09
4.39250829593e-07
8.06229755908e-13
1.09082478144e-05
1.05177963531e-10
0.0
1.54962166917e-05
0.00275127378222
0.000454335801906
0.000147206839045
1.94608815545e-07
2.26822319981e-05
9.95882169654e-06
1.0074625747e-05
6.55563680068e-07
2.4496523823e-05
7.66135907796e-05
0.000204858127771
0.000749673362213
0.0
1.05120727094e-06
0.000229050954457
4.89983775903e-07
2.7595202809e-19
0.0
0.00068506278268
0.0
0.00158834502993
5.5652538368e-05
2.98350995703e-12
2.08761553788e-09
0.00166398050755
1.41539570191e-10
0.0
0.000319392106283
2.5759094109e-08
0.00144798571707
6.80240651572e-09
1.34691013518e-12
2.808327381e-10
8.4705078597e-06
2.80957041285e-09
3.04527975431e-06
0.00190441599744
0.0
8.35841115097e-07
0.000319392106283
1.77362937121e-10
5.67878836448e-12
0.0
8.73251916934e-05
0.00011142455762
0.000260224793835
0.000852612703418
3.04338945723e-07
0.000562269862087
0.00064633953599
6.63335223165e-05
2.87126846122e-05
5.60394175393e-06
3.29805402975e-14
0.00017006806676
7.23986167578e-08
0.000362509140566
8.05114733776e-06
0.000417933227888
1.06606440539e-10
2.98508163529e-08
0.000435178864259
0.0
3.95686694428e-05
0.0
0.0
0.000469775252739
9.63337581008e-05
5.68598235372e-08
9.68834991285e-09
0.00128225557816
0.0
0.0
0.00190441599744
0.000228775953412
0.0
0.000218639547436
7.00542654133e-07
0.000124020223549
0.000801593021425
8.14453154983e-10
9.03189059162e-09
1.09082478144e-05
9.44551339137e-05
5.25400626889e-08
4.3988126586e-08
0.000359975289481
3.09276265182e-05
0.00275127378222
0.0
3.66117586746e-05
8.74426192036e-07
0.0
0.0
0.0
0.00128225557816
0.00166398050755
2.69647040138e-10
0.000307803270817
0.00190441599744
0.0
3.01322069949e-07
2.686470414e-19
0.00158834502993
8.30013528524e-07
2.4205053677e-05
2.68582730151e-08
0.0
2.28545238848e-05
4.51586148035e-07
0.0
0.00132705883453
2.2946532542e-05
8.91566977522e-07
0.0
9.89187432376e-06
0.000349182307283
0.000739982221881
5.21424234988e-09
3.99027559136e-13
0.00132705883453
4.60440500489e-05
1.21359757781e-06
0.000156440709371
3.78392539877e-05
9.1256483065e-08
0.001179966678
0.00275127378222
0.00016498277359
0.0
1.7331177611e-05
0.000111269766218
3.67872924107e-06
0.0
5.58416981637e-06
1.53391929636e-05
0.000407672669188
0.000170009300987
6.93844694819e-08
0.0
0.0
2.00771609318e-07
5.30651518645e-08
1.46078918915e-05
0.00190441599744
0.0
0.000228802454702
8.95094520766e-12
0.0
0.000569999581187
3.6183070378e-08
0.0
6.89194606894e-05
0.000177093276073
9.45200481457e-16
2.05558917144e-07
0.0
0.00132705883453
1.23260423e-05
8.80976118867e-08
2.65877576281e-08
2.86394445898e-05
0.0
6.00734562778e-05
0.00181785163392
0.0
0.000319392106283
0.000852612703418
9.19854608909e-05
1.2824436078e-05
0.000132531489698
3.60319195986e-17
0.00166398050755
0.00144798571707
0.00166398050755
7.82337857709e-09
0.000110435547089
0.00012642338258
0.0
5.22630744425e-05
8.10789609652e-09
0.000597879995484
1.81676368978e-06
0.000917091260741
0.0
0.000858990639422
0.00190441599744
0.0
2.37971205979e-09
1.57862106078e-07
0.0
0.00240477906427
0.0
0.000545664689899
0.00166398050755
3.1860914926e-09
4.41378163113e-08
0.0
0.0
1.39627059716e-05
1.35280642916e-06
0.000198244892031
2.2975794145e-09
3.58122659368e-05
6.4205669368e-05
0.0
0.0
3.93441752961e-06
4.04987045188e-08
0.000132531489698
2.85237624335e-11
0.000326631932974
0.00068506278268
2.15274131356e-05
0.000475970840092
0.000917091260741
0.0
2.87967538227e-06
5.56259381102e-07
0.0
4.48463485714e-09
3.27276788099e-10
0.0
1.53391929636e-05
1.44921440987e-05
0.0
3.55281624221e-08
7.85124947269e-06
9.28360212444e-07
2.09921541095e-06
2.64984621525e-09
5.23349652679e-09
6.96951581513e-05
4.32123729099e-05
1.06105891058e-06
7.04084553363e-08
0.0
0.00275127378222
0.0
5.56465658741e-08
1.89673648376e-05
7.49985402748e-06
0.000558804476272
2.78335114047e-05
0.0
4.51510006624e-09
1.61720066985e-06
0.00181785163392
1.38288337536e-06
0.000228775953412
0.001179966678
0.000415604980722
5.1724436315e-05
6.3662675993e-05
0.0015188111054
0.0
0.000653116849809
1.07440798634e-05
5.32016957082e-07
1.30216727964e-05
5.20698720043e-13
0.000415391569987
1.69102959229e-14
0.0
1.49763129245e-06
0.000349182307283
1.43619937573e-06
1.12403934424e-07
4.30843126374e-07
1.5751524496e-10
0.0
0.0
0.000135004043973
0.0
1.59373101368e-05
3.53552996241e-09
0.000103025921303
8.37927369665e-06
0.0
9.03259614923e-08
4.68706256717e-06
0.0015188111054
1.42607739201e-06
2.57657045281e-05
9.2577998472e-09
0.000334601254202
0.00240477906427
2.13177377984e-05
0.0015188111054
6.59965466534e-18
0.000415391569987
1.74631226403e-05
0.0015188111054
7.72731056109e-05
4.6025542013e-11
0.0
4.66816123672e-12
5.43777412782e-05
1.4145220975e-09
1.57068204907e-08
0.000454335801906
0.00031768661407
0.000739982221881
0.00190441599744
6.63671600037e-06
0.000120208181437
9.53469687261e-16
0.00240477906427
0.00181785163392
7.89436610842e-06
2.00231416243e-05
0.0
6.80039024531e-08
0.000852612703418
0.000163890266961
4.06525756248e-10
2.01701272236e-14
2.10727695817e-06
7.13494604124e-07
1.01632358998e-07
0.0
0.0
9.40893663697e-12
0.0
0.00190441599744
1.22862561456e-10
0.0
0.00031768661407
1.05168899533e-09
6.91928812976e-12
1.65641355979e-05
9.8908690682e-05
3.0307877674e-09
0.000119475054354
1.75611312616e-06
0.0015188111054
0.000218639547436