500
0.000364302046179
1.2460068432e-08
0.000414077450111
0.000826585363656
0.00640605436485
0.010006698309
0.000127076919015
3.54371794443e-05
0.000275500781114
8.28582930313e-05
3.45390726996e-10
2.50895512732e-17
0.000509481058903
0.0027158682485
1.3750686245e-06
6.0734769439e-05
0.010006698309
1.11561733653e-05
0.0194124834103
0.00201340772621
0.00224153999087
0.00101294852845
4.75934648394e-07
0.0194124834103
1.31135448231e-16
5.91754213716e-06
0.00529643602911
3.34966006393e-10
1.15873240979e-13
1.82406499693e-05
2.09001717992e-20
0.000509481058903
9.98659410417e-10
2.59698171009e-12
0.000525682627289
1.86283589613e-15
0.000509481058903
6.83672446784e-06
2.01899911238e-07
2.51746824665e-09
0.000194762155971
8.44106780236e-06
2.59627503122e-39
6.05241830425e-14
0.00224153999087
4.44984179746e-16
0.010006698309
2.92185960627e-07
6.29611897295e-08
8.87495775319e-06
1.42641454496e-05
0.000826585363656
1.13465709782e-12
4.47255750802e-08
0.000686002798238
1.37875188797e-05
0.00271218532404
2.12196323272e-08
0.00140379848087
2.93310492598e-10
4.35562384468e-05
5.83265858874e-06
0.0194124834103
1.77015910446e-07
0.00149478287117
9.09824689507e-07
1.03272707575e-13
1.94776403267e-05
0.00773296922072
9.94163803145e-10
0.00271218532404
2.31920501434e-14
1.66641674249e-07
9.00956673515e-11
5.81412822707e-09
3.52207031883e-05
4.37318163384e-09
3.23348533525e-06
8.9538623097e-05
0.000414077450111
1.94083868394e-05
0.000509481058903
2.59402619715e-07
8.50093047069e-05
0.0194124834103
5.05328772872e-09
0.00529643602911
7.92374992899e-08
6.40002661282e-05
1.89358242875e-11
0.00224153999087
7.9437346397e-07
0.00224153999087
8.40838159915e-15
6.58194006983e-05
0.00126543078931
0.00145514580137
4.56188272895e-08
9.74151423851e-05
0.000275500781114
7.24676293259e-09
9.47503691849e-07
0.00149478287117
0.00224153999087
0.0126135848541
0.00224153999087
1.78903854612e-10
0.00308391086291
0.000406100736564
0.000304111645365
8.19471027137e-07
2.29240635807e-06
8.24402972868e-07
1.57449373169e-10
4.42691573128e-05
4.12982978811e-15
0.000177761141484
0.0
3.61789451927e-05
0.00224153999087
0.00141821865862
0.0194124834103
0.00224153999087
1.54963538287e-06
0.00224153999087
0.00836978836201
0.000406100736564
0.000650014607613
6.58167284991e-07
0.0027158682485
2.96736180877e-17
9.40319670322e-09
5.66908291906e-06
1.12460431335e-07
0.00836978836201
0.000509481058903
2.32146228211e-06
0.000365179978831
0.00224153999087
7.45660132601e-18
0.00773296922072
3.866026097e-06
0.00224153999087
2.77964482645e-08
9.11261073766e-06
6.20632670939e-05
0.00836978836201
9.53792256517e-05
9.2727858718e-09
0.000509481058903
0.00274107635255
7.65137037402e-10
6.50345006719e-06
1.00213097686e-05
3.07757202726e-06
0.00832501129512
8.44106780236e-06
0.00773296922072
0.00145514580137
0.00529643602911
1.42641454496e-05
3.92329049674e-14
0.0194124834103
7.8700358694e-08
1.0928987037e-06
2.76978094867e-06
3.96182929614e-06
0.00271218532404
5.37122727586e-07
1.89807929588e-06
1.90707470908e-23
1.01273623008e-15
0.000525682627289
5.18399177333e-07
9.84153814672e-09
0.0
0.000509481058903
3.59356718595e-05
8.93244203954e-09
0.00224153999087
9.73926003952e-06
0.00271218532404
0.00149478287117
1.55920353246e-06
3.76322202846e-09
2.75962610126e-08
2.07288529854e-13
6.9762359812e-05
4.04764092794e-07
0.00201340772621
0.000272563013385
1.17409337123e-06
0.00126543078931
7.89181124628e-21
9.29350810462e-08
1.83852946086e-06
0.0194124834103
0.000194762155971
1.60300800206e-05
9.60439752712e-05
0.00529643602911
0.000203616531972
1.37317357849e-09
4.47874906277e-11
0.000365179978831
9.87828310078e-05
0.00203193325537
1.51347925478e-17
0.0194124834103
2.2010530458e-05
1.39895391223e-11
3.23994288104e-05
3.27347562375e-21
0.000209342134862
3.67881970375e-09
0.00529643602911
2.3411907478e-12
5.17441656916e-07
1.29093356565e-05
0.00201340772621
3.52403609557e-05
0.0194124834103
0.0194124834103
4.52093450863e-11
3.7923363268e-05
5.77229942866e-08
3.77566824129e-11
0.010006698309
0.000177876543274
0.00224153999087
0.00224153999087
0.00145514580137
7.92669135724e-13
0.00131878128675
2.28729238744e-09
0.000370590361878
3.47701899871e-05
2.51957006692e-06
0.00149478287117
4.08042943352e-29
7.44799507363e-08
4.15055245998e-08
0.00140379848087
2.36688943433e-07
0.010006698309
1.17085954616e-06
0.00773296922072
0.00773296922072
0.0126135848541
1.53166761942e-07
8.36863035704e-05
0.00836978836201
0.00836978836201
3.55623802311e-10
0.00145514580137
0.000999848862435
1.00436565395e-08
4.58644230836e-08
0.00141821865862
0.010006698309
9.58318071705e-07
4.69801906179e-05
3.09561967645e-06
8.71016135042e-07
8.2664953582e-07
5.75796072284e-13
0.00149478287117
0.00836978836201
2.57280640858e-07
0.00773296922072
7.80727500094e-07
6.25411066805e-11
0.000100166140191
7.59245354854e-05
2.83049360948e-15
1.00543682029e-24
0.00529643602911
4.61548548831e-09
1.01967701602e-09
2.21894666124e-09
4.65787899297e-08
0.00271218532404
0.0126135848541
6.20632670939e-05
9.16692962978e-08
0.000999848862435
2.34591997513e-17
0.00224153999087
6.96673361638e-09
4.5216662999e-05
0.000304111645365
0.00224153999087
1.51663728809e-05
8.65962086717e-11
3.27150971536e-12
1.54294892716e-09
8.94927697838e-07
0.00131878128675
0.00201340772621
0.000826585363656
1.17140171764e-09
1.12546058104e-05
0.00793258431414
0.00773296922072
2.40120742784e-07
0.00836978836201
6.22978295477e-07
0.00836978836201
0.000390485353703
0.000305987071614
0.00836978836201
1.80628311325e-06
0.00141821865862
0.00149478287117
0.00145514580137
0.000177761141484
1.09680923827e-06
0.000919139070773
0.0126135848541
0.00224153999087
8.35399387602e-05
1.35562937841e-09
6.10904422782e-11
1.23588924665e-06
0.00224153999087
1.33355863819e-07
1.43838345557e-05
2.19944466014e-07
0.0194124834103
0.00529643602911
2.05841520365e-17
4.86361633189e-05
5.57880557038e-10
0.00529643602911
0.0
0.010006698309
0.00529643602911
0.0194124834103
0.0
0.00773296922072
1.30196202651e-07
0.000999848862435
1.03009352447e-09
6.20632670939e-05
1.27773960465e-07
3.59969406926e-08
3.47701899871e-05
0.000650014607613
1.22117049629e-09
1.68338211164e-11
0.00224153999087
5.26365552317e-29
7.06758364092e-08
0.00224153999087
0.00529643602911
5.86283079417e-05
0.00793258431414
0.00529643602911
0.000102596484982
9.40011503772e-06
1.59542637215e-06
0.00145514580137
0.0
0.00224153999087
0.000364302046179
1.79843140687e-05
0.0027158682485
1.91500819822e-05
1.38877679109e-22
1.28818478057e-07
9.84928842492e-11
5.24441526467e-06
4.19198644533e-10
0.00271218532404
0.00145514580137
8.06163461351e-09
0.00836978836201
0.00836978836201
7.09736936249e-09
0.000166425363049
1.06253367627e-11
9.24631119256e-20
0.000162267208474
2.25356838072e-05
9.5186466912e-05
3.00443956595e-05
8.48503007887e-06
1.01641081983e-10
3.0758968797e-05
0.000241418776595
0.00836978836201
0.0194124834103
1.05011570912e-08
5.3435098771e-08
6.15794103883e-13
0.00836978836201
0.00224153999087
2.06293424193e-09
0.00224153999087
5.79717468405e-16
1.19084224076e-05
0.00308391086291
0.000778878553294
3.76513751307e-09
0.00224153999087
1.3227917072e-07
9.95083931218e-07
0.000525682627289
2.40463968893e-08
0.00640605436485
2.89131959308e-06
0.000305987071614
1.49233040141e-05
1.08195044396e-05
0.00529643602911
4.23519842679e-06
5.15343864737e-08
0.010006698309
0.00224153999087
0.00793258431414
0.00529643602911
6.97171652241e-07
0.00224153999087
0.000525682627289
0.010006698309
1.08866323859e-10
8.28582930313e-05
0.0194124834103
0.000799658784028
0.000370590361878
2.94981621856e-08
7.78103581887e-08
1.40455633417e-25
3.84434128429e-11
1.29206943135e-13
8.09609691471e-17
0.00529643602911
5.70915205284e-08
4.0982291095e-06
0.0126135848541
0.00145514580137
1.2372121324e-08
4.22793217401e-08
9.5186466912e-05
1.00121280738e-06
0.000509481058903
0.00773296922072
0.00149478287117
6.3775957256e-14
0.000509481058903
0.000158247107342
9.40313304801e-08
0.000308912244732
5.49778775606e-05
0.000203616531972
0.010006698309
0.000125165049017
1.66959911516e-06
2.63179499174e-10
4.96922195245e-05
0.00836978836201
2.34227188837e-08
0.00246630147811
0.000686002798238
3.32852764145e-06
0.000826585363656
5.14231010812e-13
0.00140379848087
0.00224153999087
1.15393679775e-17
0.0027158682485
0.0027158682485
1.12936311779e-10
9.95504989541e-10
0.0027158682485
6.75841139461e-10
0.00145514580137
0.0126135848541
1.37286233037e-07
8.47152046146e-12
8.28582930313e-05
3.10397459321e-10
4.21725737121e-08
5.52033748595e-06
9.73926003952e-06
9.73248361838e-06
0.0027158682485
9.08549670898e-05
0.000525682627289
0.000846119122474
0.00149478287117
0.00101294852845
1.07165707505e-06
3.96058611301e-07
0.00141821865862
0.00773296922072
0.010006698309
1.93743726306e-07
0.000390485353703
0.00224153999087