500
7.8035543955e-05
2.20220523272e-09
0.0
0.0
0.000342935648982
1.91283931077e-10
1.61128237277e-07
0.000921271257476
5.55672434739e-08
9.72339175579e-06
0.0
1.93126386772e-10
7.94745837522e-18
0.0
2.10266678429e-06
0.0
1.56015434122e-09
1.9014324495e-05
0.00195320572906
0.0
1.39435958176e-05
0.0
5.07810528118e-07
0.0
0.0
5.43241680218e-07
0.0
0.000180658751863
5.48512349023e-06
7.80823330124e-05
0.00715311909263
0.0
4.66006352678e-12
8.00045620427e-10
0.000631440308134
0.0146805293006
0.0
6.38863581812e-08
0.0
1.64182423923e-06
1.67957905916e-08
6.71569567127e-12
0.0
3.95568876902e-05
1.62725423278e-06
9.88647030156e-05
0.0
0.000606434189773
0.0
0.0
0.000657091146736
0.000290996869203
1.60957533191e-05
6.6229981407e-08
0.00275300760876
0.0
1.13381702795e-06
0.0
5.65170084521e-05
1.973475174e-14
8.44351787865e-08
0.0
0.00084914463134
8.97043069571e-11
3.41646890353e-06
1.23326810475e-07
3.36649335458e-09
1.30313138178e-12
0.0
3.10885842035e-10
0.00692438563328
0.0
1.27194567608e-05
0.000762021376541
4.85214795408e-09
0.000283869153017
0.0
0.0
1.56743466106e-10
0.0
1.62792414489e-14
0.000595401915674
0.0
4.35775034332e-05
2.87777402093e-08
0.00033090139127
0.00340707534077
7.71425960596e-05
3.59169924089e-06
1.57330215494e-06
4.55379535881e-10
1.1331339362e-05
0.0
0.0
3.35184140361e-06
6.09238599362e-10
0.0
4.36120809489e-10
4.92615942459e-07
6.32856007697e-05
0.0
1.60265758681e-06
0.000283869153017
0.0
1.67283803741e-07
0.0
0.00357742402387
0.0
2.32574496794e-05
6.15726003317e-06
0.000615069846822
0.0
1.05718349346e-16
0.00226242042152
7.52405823109e-05
0.0
0.0
6.06745039552e-08
7.54023756937e-06
0.0
0.00019517997724
0.0
1.59756641307e-07
0.0
2.90805100541e-05
1.23605865877e-05
0.00195320572906
0.0
0.0146805293006
0.0
0.0146805293006
0.0
6.88440379798e-05
7.72741759139e-11
7.39241720912e-05
0.0
2.71761310046e-05
4.38567493611e-06
0.00692438563328
0.0
1.95663769783e-06
2.11820022581e-14
0.0
2.76448171881e-05
9.63893186854e-05
0.0
0.00329812816417
0.000705477989959
1.10381861808e-05
1.54039057722e-05
0.0
0.0
0.0
0.000177009513316
8.73804374768e-12
6.2526749605e-08
4.67507125103e-12
5.43650660483e-07
2.56779245774e-13
0.0146805293006
0.00084914463134
0.0
0.0146805293006
1.54984936253e-06
0.000631440308134
1.07306385341e-05
1.4585838766e-07
1.94591759065e-06
0.0
0.0
0.00715311909263
9.00113297632e-07
0.0
2.1981329487e-18
0.0
0.000762021376541
0.000204977359764
9.50951188541e-06
1.27989681316e-07
1.31179427549e-12
2.85252922858e-05
2.54254883671e-12
2.04795840293e-08
0.0
1.54064040386e-09
4.08430385321e-07
0.00126232358098
0.00019867649922
0.0
0.0001453330671
1.04679688952e-12
0.0
0.000561436672968
0.0
0.000307670631725
0.0
0.0
0.000207082406152
1.47138998911e-15
0.00715311909263
0.0
2.93284239698e-09
0.00546880907373
1.3942745343e-07
0.0
7.05177863741e-08
0.0
3.52152864378e-09
0.0
2.4487388542e-05
1.00309429152e-09
2.39053522882e-07
1.36381612002e-06
0.0
2.60560488498e-07
0.0
1.54392067655e-07
8.15155494662e-10
0.0
0.0
0.0
0.00023136646363
0.0
0.000951703641356
0.0
1.2470975933e-09
6.82069268931e-06
0.0069924278796
0.000130488657937
0.0
0.0
6.95368186437e-08
0.0
2.39330616536e-09
4.62161947997e-06
8.470204028e-13
5.08687055655e-06
0.0
6.36985201824e-05
0.000921271257476
2.77025687239e-08
0.0
1.33431768746e-07
1.66984539979e-18
5.82776995097e-09
0.000616948317289
1.65384345977e-05
0.0
0.0
2.16238739487e-20
0.0
7.57108167546e-06
9.58367234428e-08
0.0
1.46115007626e-05
1.07976432671e-05
0.000109103726415
5.29214870852e-06
0.00042068027905
0.0
1.84629873773e-07
3.36099964712e-12
3.87036703102e-05
2.30965744001e-08
0.0
5.6019186674e-22
0.000369520567674
0.000929389592655
0.0
0.0
0.0
0.0146805293006
4.23459159837e-06
0.0146805293006
7.64851289216e-11
8.79904398408e-06
0.0
0.00530245746692
0.0
6.31047050585e-08
2.28780913068e-08
0.0
0.0
0.0012446004011
0.00692438563328
2.62895951685e-13
1.24778580103e-07
1.20885388602e-05
0.000100901342374
1.49115764423e-09
1.15228961496e-07
4.09615812181e-10
1.05692251136e-05
0.00017767693094
0.00692438563328
0.0
1.36134256551e-13
0.0
0.0
0.0
0.0
0.0
0.000142853177381
1.41855114817e-05
2.33224821519e-06
1.01611694914e-06
0.0
4.17544204299e-05
0.000133283707738
1.34601092004e-06
0.0
2.17194852695e-06
0.0
0.00022283544038
3.98061375381e-06
3.76869729801e-07
0.00715311909263
2.70104844685e-09
2.37633403741e-05
1.94475869796e-06
9.31806776597e-08
1.02764744591e-05
9.44504375564e-09
0.0
0.0
0.00195320572906
0.0
0.0
0.0
4.11302350297e-07
6.69729847798e-06
3.62753784976e-07
6.32102249148e-05
0.0
0.0
2.03164238494e-05
0.0
0.000300609378396
0.000727064769314
6.49427697759e-05
0.00015680546529
0.00023522493065
2.02783441919e-05
0.0146805293006
7.8700802915e-13
0.0
2.56824655386e-09
3.76495715105e-05
0.0146805293006
0.0
0.000415178033953
0.0
1.31004829704e-08
0.0
0.000110394651409
0.0
1.88355589725e-07
1.17799090771e-05
1.23453039161e-15
0.0
0.0
7.70430102127e-10
1.06090357513e-05
0.0
2.2897078914e-13
0.00174310745639
0.0
0.0
0.0
0.000268729939652
2.09563280428e-08
3.68902563224e-06
2.41525881885e-09
0.0
3.31613853843e-17
6.98989912248e-25
0.00692438563328
0.000133283707738
0.0
0.000373118916855
0.0
2.27178252072e-05
0.0
8.05444434606e-05
0.0
2.32075706776e-05
0.00174310745639
8.36593564403e-07
0.0
2.34834337454e-09
5.66264361786e-06
0.0
6.37048174156e-12
1.93566453718e-16
0.000105319955188
0.00692438563328
4.50298851273e-08
6.76179043798e-05
0.0
8.35357496339e-07
1.74257659104e-13
3.13069257788e-10
0.0
3.7921528385e-05
0.00220656083912
0.0
1.28121900698e-15
0.0
4.60017637153e-11
3.55713680977e-12
1.17821037167e-25
0.00074401308782
1.10223308794e-16
2.30516858353e-05
0.0
0.0
4.6108380393e-05
0.00133266645649
0.000122790196689
7.84754851705e-06
0.0
0.000262608379851
0.000176102500804
8.81557563159e-15
4.06339131177e-10
0.00106584063105
0.000502726529944
0.0
3.80951427874e-07
0.0
6.32856007697e-05
1.10627737833e-06
0.0
0.0
0.0
4.98782602373e-08
4.38240489067e-10
0.0
0.0
0.0
0.0
0.0
0.000502726529944
0.00173248410657
4.22946316968e-15
2.30010943068e-11
2.27178252072e-05
0.000448442799254
0.00168736855517
0.0
0.000102335020175
0.0
0.000358280398315
0.00530245746692
7.70966995241e-08
0.00692438563328
0.0
0.00133346647764
1.48284788255e-06
0.0
6.22637422096e-15
2.52749690515e-06
0.00692438563328
2.53371946897e-07
3.04475562939e-11
0.000167054470543
1.44259728544e-16
8.23727483649e-06
0.0
0.0
0.0
0.0
0.0
0.00027435623198
0.0
0.0
5.78789062598e-17
0.0
5.04107379949e-05
0.0
0.0
0.0
2.372276741e-07
0.00074401308782
6.24138678975e-14
0.0
1.84478608709e-09
0.0
7.64293390946e-07
0.000195263159698
0.0
0.0069924278796
7.69552268477e-07
9.03986777805e-05
0.00329812816417
7.47082974967e-05
9.65502684349e-06
0.000236298899775
0.0
0.0