500
0.00647203973722
9.98751236798e-16
0.00261327251114
9.53902028032e-10
5.80661223052e-06
3.47569460665e-05
0.0031190160925
6.46599214302e-29
6.49244778313e-08
1.1708345915e-08
4.46932869885e-16
1.22970143729e-15
0.00266151499278
1.56757882559e-07
1.28060366365e-07
0.000306481881494
5.55346742579e-16
0.00261327251114
0.0
5.14327257335e-13
0.00140247584525
0.018525579921
1.32911443488e-12
8.54878635127e-08
2.4509680308e-07
4.10589888172e-14
1.62036918434e-18
0.00962879685863
0.00157986427426
0.0182440361532
5.42805872159e-08
0.0209142765582
7.21639184081e-07
0.00039853368909
5.27660792573e-14
8.57724958588e-12
1.49135478285e-18
4.64976312053e-05
0.0
8.84969321155e-12
7.85327300786e-12
1.00467875763e-07
6.57571048221e-11
7.20508436081e-06
4.86983619421e-07
3.47230956486e-06
0.00228781203854
4.71992291248e-06
0.0
4.98791978149e-15
0.0157664509966
7.84675732148e-07
6.46825930427e-07
2.19998147505e-06
4.23815110552e-05
4.55962366611e-08
3.03867442078e-09
0.0124442345366
6.02205528527e-10
0.0209142765582
0.0
0.000108458055074
8.11368406774e-05
1.40068848118e-07
6.66225607498e-05
0.0182440361532
1.80319506853e-11
0.0
4.71694484584e-06
2.44223050726e-08
0.0016624936058
8.62145327059e-07
0.0
0.000225266114973
4.42545939043e-05
1.27665611283e-07
5.32212561882e-05
2.74687443376e-11
1.58855921418e-09
0.018525579921
3.85025733306e-05
2.47597426088e-05
1.81052766311e-05
2.96517232904e-12
2.00208516359e-06
0.0209142765582
0.00249020013137
6.47430475656e-12
1.13235275811e-13
3.26229967711e-08
2.87380512068e-11
1.29065972719e-07
2.81798055587e-05
0.018525579921
0.0157664509966
2.21560212275e-08
2.00179602991e-10
2.82788939e-05
9.60052706612e-11
5.93539960914e-06
4.29246111087e-07
0.00195102927952
0.000397373808442
5.65310356176e-06
0.0157664509966
5.06710436474e-07
4.5707288792e-09
3.94817203469e-06
3.77823213536e-13
2.69918222965e-09
0.0130639320622
4.13617111548e-25
4.3526548808e-14
4.27135294904e-06
3.75474307614e-32
4.40808135703e-06
0.0124442345366
0.018525579921
5.56200195769e-08
0.000329128855409
4.66204985373e-06
2.01543761282e-05
4.1867547126e-10
3.99016277367e-11
0.0124442345366
9.65433151191e-08
1.54710635489e-22
8.61968207382e-10
2.32327727337e-10
5.34233808625e-13
9.40628595669e-05
0.018525579921
1.76096846742e-11
1.60357922444e-08
4.98911101263e-07
0.00261327251114
0.0157664509966
9.16680942386e-13
0.0182440361532
2.78275834187e-12
0.0157664509966
0.00249020013137
3.39708278935e-06
2.92583537037e-06
0.0124442345366
1.97585378999e-07
8.82138895992e-07
8.62919411475e-06
2.61712754411e-06
2.70167331008e-05
2.20761648545e-27
2.80370320052e-06
8.40818979364e-07
1.14260341956e-35
0.00962879685863
1.28020114507e-09
3.60538427963e-16
0.000352623389447
1.11354195824e-09
9.53535737666e-14
0.0
0.0
4.24238674959e-17
0.0157664509966
5.97019633751e-09
0.00120745635367
3.79076485647e-34
2.29245320605e-05
4.48170129005e-06
2.0313038815e-17
0.00018802249964
5.27038251405e-07
0.0
1.74422764173e-10
1.27968511052e-11
0.00962879685863
0.00962879685863
4.26493183648e-05
7.55993046991e-09
0.000905866838575
5.19179386763e-08
0.00962879685863
3.56469521827e-07
7.87771265632e-17
0.0209142765582
0.00185966117928
6.54150273591e-05
0.000347481432654
2.14731413761e-26
2.3517684804e-06
0.00962879685863
5.68208957795e-05
3.28957281143e-08
3.19056257701e-11
5.83891822745e-08
0.0012491948955
0.000444113528423
7.59973096811e-07
2.16627936874e-11
2.95936449761e-05
0.018525579921
0.0
0.0182440361532
5.30127525363e-20
4.69323443618e-07
7.39535103753e-10
1.56714143253e-12
0.0130639320622
0.000275968821092
8.1808223145e-13
0.0182440361532
3.19026385828e-21
0.0209142765582
2.48081131154e-05
1.57323537777e-07
2.72704485362e-14
7.32504685416e-08
9.181457371e-07
4.21851517255e-05
3.60545048431e-06
0.00159596285502
1.3528705368e-09
2.62314258368e-05
0.0209142765582
0.00157986427426
1.82685119699e-10
1.1335349992e-08
0.00158269036534
2.33865027793e-10
3.07063481751e-24
1.23287222091e-14
2.94252628526e-06
9.65976775083e-14
4.74294536237e-07
0.0182440361532
0.018525579921
0.0
0.0
2.04750326264e-16
8.24379054509e-22
8.59860523791e-07
0.0031190160925
1.06884341661e-13
5.78240291615e-14
4.62616903379e-05
0.0124442345366
1.42842487868e-05
0.00252862914574
2.94953600953e-18
4.01382837406e-38
0.00293122663634
0.0016624936058
5.68829662419e-16
3.3218691978e-05
7.28132111188e-05
1.45888639874e-10
8.79991581233e-08
0.00117074018319
0.000201441635607
0.00018802249964
3.00921871213e-30
0.000311211540159
6.38698829176e-09
4.97164823093e-13
3.75552142134e-24
0.000299575041862
1.06312767801e-08
5.28193097354e-06
2.37953064022e-13
2.09958985059e-12
1.12237810631e-11
0.0031190160925
6.22993530878e-06
0.0124442345366
4.24628638955e-15
0.0182440361532
8.5004774932e-05
4.38184942088e-05
1.43363149653e-19
0.00025396195951
0.0182440361532
9.95126329433e-23
1.2561909327e-05
2.0574756073e-07
2.73585201047e-06
7.26987359899e-28
3.16489125769e-06
2.06567322029e-17
0.0
0.0124442345366
0.00206261866058
0.00962879685863
0.000298720038629
0.018525579921
3.92319050321e-05
1.43741633568e-07
4.8199648671e-11
0.00135601449648
2.3829092443e-05
5.42138122384e-21
4.42613489595e-07
1.92331757412e-05
3.75748722363e-15
1.43151643762e-08
0.00293122663634
4.60977868761e-17
7.38282594098e-08
5.81928166973e-08
4.45498061617e-11
0.0157664509966
0.018525579921
1.5131565387e-08
2.45077064447e-08
4.04846566541e-11
3.78139777921e-11
0.000271120451861
7.79102636517e-10
4.69890384192e-06
7.33974474035e-09
0.000236465339208
2.00827222421e-13
7.66611032478e-08
6.77503636914e-05
0.000282342673166
1.709104558e-24
1.930507257e-11
0.00198113775605
3.6861485696e-05
4.63826798337e-09
2.95329027328e-14
2.68526106229e-06
0.00962879685863
0.00171637927309
4.58466164546e-05
1.11984083242e-13
7.59155029353e-11
2.97112939947e-10
0.0157664509966
0.0182440361532
0.0
9.06616799541e-16
3.97342023832e-05
2.8277686661e-10
3.4126882709e-06
1.90982479245e-10
2.11422191031e-11
1.32444967322e-09
0.0
3.29051813447e-11
8.64296880584e-19
3.01732198841e-11
0.00962879685863
0.00258691226195
6.17303453791e-12
0.0
2.3499686742e-05
2.5495366851e-09
0.0182440361532
2.79258756737e-14
3.38545102323e-05
5.8890826646e-07
3.24234596082e-05
1.30071328995e-15
1.20958992808e-10
0.018525579921
4.48411381687e-11
0.0124442345366
2.86922005171e-12
6.96108059525e-05
2.79641181268e-13
6.21438341845e-16
5.30776542818e-16
0.00266151499278
7.55790320611e-10
2.7721865364e-11
3.13500763021e-05
4.6621124461e-09
7.25744393599e-06
2.23982706373e-05
3.46688881668e-06
2.04239318601e-09
4.88204437476e-45
0.0
1.11927577755e-09
1.89570186351e-19
3.01201822825e-05
7.6967627842e-06
8.02643745885e-09
8.5720485987e-08
2.66890693442e-09
0.000176209756025
0.000329664515267
1.52567872929e-10
3.97342023832e-05
1.8078011656e-21
0.00252862914574
0.0209142765582
5.84709532882e-11
0.0
1.71107186916e-05
3.28048519207e-06
0.00206261866058
2.00609369077e-05
5.22112568466e-09
4.97169294506e-21
3.06374744554e-11
0.0
0.00217995192781
4.79396806398e-09
5.84399324604e-06
1.07344703694e-13
2.51830449323e-05
6.16025057167e-12
6.0807535075e-06
4.51710365565e-20
5.34361247529e-07
0.018525579921
4.85118034766e-07
3.0752242682e-06
4.41820096525e-06
0.000170036912221
3.56092631991e-06
1.53048589516e-09
1.93649584566e-11
0.0019482679317
1.42342141907e-10
0.000329845953041
3.58756454795e-16
6.6424518522e-05
0.000225177537234
0.00252862914574
8.94763203482e-16
0.00962879685863
3.12401707686e-05
7.26198542673e-26
8.45497568169e-09
4.99799331614e-05
0.0
3.50793091456e-14
0.0019482679317
0.00148329072983
2.10151438372e-14
0.00195102927952
3.58905355007e-07
4.44173512843e-05
0.0124442345366
1.40781258905e-05
9.37660155961e-07
3.38980950463e-24
5.56157890185e-07
6.24148450831e-07
0.018525579921
0.00962879685863
3.09609679243e-13
0.0182440361532
4.79692540785e-07
0.00647203973722
5.37408554717e-06
0.000245576293154
5.93810871589e-11
6.3994403948e-09
0.00185966117928
0.00293122663634
2.83376226859e-08
0.00215202480489
0.000219371469777
3.43943679136e-05
9.88703173559e-13
0.0
6.91539160403e-19
0.0157664509966
5.11014677139e-05
0.00047537549766
1.16907861501e-08
0.018525579921
1.07343579646e-08
0.0124442345366
7.48645620205e-11
2.99803437832e-14
0.00146434460804
0.001244521049
5.56868630814e-07
1.3810483282e-26
0.0157664509966
5.13590290732e-08
2.8013964456e-12
2.24599532899e-06
0.00224524802749
2.2268062393e-05
0.0
0.0
2.22395914369e-11
0.0031190160925
0.00113304492297
8.5792094754e-06
4.10547750406e-05
0.000207617159326
0.00158269036534
4.35904784572e-06
1.22662459488e-09