500
0.0
0.0
0.0455060019813
4.56176006913e-07
0.0455060019813
0.0455060019813
0.0
0.00148496976991
0.00641262546473
0.00231773701611
0.0455060019813
0.00661224962926
7.5437455795e-05
0.0
3.73992263271e-05
0.0
0.000479563286626
7.92598300253e-07
5.51389953367e-05
0.00124156576201
0.00912854183461
0.0455060019813
0.00641262546473
0.0
1.46912091405e-07
0.0
0.0455060019813
0.0
0.000267400023542
0.00912854183461
9.82166962044e-07
0.0455060019813
0.0455060019813
0.0014392797355
0.00912854183461
0.0
0.000275067302256
0.0455060019813
0.0455060019813
0.0455060019813
8.79441139878e-10
0.00239106945758
0.0455060019813
0.00661224962926
0.00241331413827
0.0455060019813
0.00661224962926
0.0455060019813
0.0455060019813
0.0
0.000275067302256
0.0
0.0
0.0455060019813
0.00641262546473
0.0
0.00661224962926
0.000214600328486
0.00661224962926
0.00641262546473
0.00661224962926
7.72346216275e-06
0.0455060019813
0.0455060019813
0.0
0.0455060019813
7.13762138482e-05
0.00641262546473
0.00239106945758
0.0455060019813
0.0455060019813
0.0455060019813
0.00641262546473
7.93903330548e-05
0.0455060019813
0.00912854183461
0.000105799416139
0.00641262546473
0.00661224962926
0.0455060019813
0.0455060019813
0.0
0.000170148373458
0.000569913587451
2.67418168961e-06
0.0
0.0455060019813
0.000102276707007
0.0455060019813
0.00641262546473
0.0
0.0455060019813
0.0455060019813
0.0455060019813
0.000101851491079
1.64127807176e-07
0.0
0.0455060019813
3.93179351928e-06
0.0
0.00661224962926
0.00661224962926
1.72967179318e-05
0.0
5.65229793614e-08
0.000101851491079
0.00241331413827
0.0
0.0
2.08348530241e-07
0.0455060019813
0.00124156576201
0.0
0.000887265074689
0.00148496976991
0.000101851491079
0.00124156576201
0.0
0.000337821778435
7.73312060288e-06
0.000154391939845
0.0455060019813
0.00148496976991
8.90943605307e-06
0.00148496976991
0.0455060019813
0.00124156576201
5.14678389193e-06
8.63557942587e-06
0.0455060019813
0.0455060019813
0.00912854183461
7.49649232437e-05
0.0455060019813
0.0
0.00231773701611
0.0
0.00124156576201
0.000337821778435
0.0
0.0455060019813
1.17927418598e-07
3.76444018491e-05
0.00661224962926
0.0
0.000170148373458
2.761299074e-09
0.0
2.13537514208e-05
0.0014392797355
0.0
0.0455060019813
0.00912854183461
7.93903330548e-05
0.00148496976991
0.0455060019813
0.00912854183461
0.0
0.000337821778435
7.5437455795e-05
0.0455060019813
0.00661224962926
0.0455060019813
0.0455060019813
0.0
0.0
0.0455060019813
0.0
0.0455060019813
0.00124156576201
0.00912854183461
0.00912854183461
0.0
0.00661224962926
0.0455060019813
0.00641262546473
0.000464755958542
0.0455060019813
0.00661224962926
0.00641262546473
0.0
1.33080942347e-07
0.0455060019813
0.00641262546473
2.30654033936e-05
0.00241331413827
0.0455060019813
0.0
1.21265665581e-07
0.00641262546473
0.000214600328486
0.0
0.00661224962926
6.16377695192e-07
0.000477914335856
0.00124156576201
0.00148496976991
6.76247779702e-07
0.0
0.0455060019813
0.0455060019813
0.00231773701611
0.00124156576201
0.000537554831793
0.00118568808513
0.0455060019813
7.5437455795e-05
3.41181701033e-05
0.0455060019813
2.27184884744e-05
0.000109110608041
0.000887265074689
1.07880171737e-07
0.0
0.0
0.0
0.00641262546473
0.00661224962926
0.0
0.0
0.00124156576201
2.36060651974e-05
6.21873117775e-13
0.0455060019813
0.0
0.00661224962926
0.0
0.00231773701611
0.000267400023542
0.0
0.00912854183461
0.000214600328486
0.00124156576201
0.00148496976991
0.00641262546473
2.36060651974e-05
0.0455060019813
0.0455060019813
0.0
0.0455060019813
0.0455060019813
0.00241331413827
0.0
0.000479563286626
3.18849935735e-05
0.00912854183461
0.0
0.0
1.94059360569e-07
0.0455060019813
0.0455060019813
6.67005121e-08
0.0
2.79560963366e-06
0.0455060019813
0.00661224962926
0.0455060019813
0.0
0.0455060019813
0.0455060019813
0.0455060019813
1.25981493318e-05
0.00118568808513
0.0
0.0455060019813
7.5437455795e-05
0.0455060019813
0.0
0.0455060019813
0.0
0.000383328900081
0.0
0.0
0.00239106945758
0.0455060019813
1.26253333969e-10
0.0455060019813
0.0455060019813
0.00641262546473
0.0455060019813
0.0455060019813
0.000337821778435
0.0
0.0455060019813
0.00124156576201
0.0
0.0455060019813
0.0455060019813
0.00135398801134
0.00912854183461
0.0455060019813
0.0455060019813
7.5437455795e-05
0.0
0.0455060019813
0.0455060019813
0.0455060019813
0.0
0.000569913587451
0.0455060019813
0.0
0.00641262546473
0.0
0.0455060019813
0.0455060019813
0.00912854183461
8.63557942587e-06
0.0455060019813
1.81818915195e-05
0.0455060019813
0.0
0.0455060019813
0.0455060019813
0.0455060019813
0.0
0.0
0.00912854183461
0.0455060019813
0.00661224962926
0.0
2.63535848753e-05
1.06708034336e-06
0.00912854183461
0.0
0.0
0.0455060019813
0.000105799416139
4.03578511385e-11
0.0
0.0455060019813
0.00912854183461
0.000254151717523
0.000383328900081
0.00912854183461
0.00661224962926
0.0
0.0
0.0455060019813
0.00231773701611
0.0
0.00661224962926
0.00661224962926
0.0
7.5437455795e-05
0.0
0.0
0.0455060019813
0.0455060019813
0.0
0.0455060019813
3.18849935735e-05
0.0455060019813
0.0455060019813
0.0455060019813
0.0455060019813
0.000228945619848
0.0455060019813
0.0455060019813
0.0
0.00661224962926
0.0455060019813
0.0
0.0455060019813
0.0455060019813
7.5437455795e-05
0.0455060019813
3.13617937957e-05
0.00239106945758
0.00148496976991
0.0455060019813
0.0455060019813
5.82159869932e-07
0.000101851491079
0.00231773701611
0.00912854183461
0.00912854183461
0.00661224962926
0.0455060019813
0.0455060019813
0.0455060019813
0.00641262546473
0.00641262546473
0.0455060019813
7.93903330548e-05
0.0455060019813
0.0
0.0
0.0
0.0
1.0200867265e-07
0.0
0.0
0.000174834274138
0.0
0.0
0.00912854183461
0.0
0.0
0.0455060019813
6.39688443515e-09
0.000214600328486
0.0
0.000267400023542
0.0455060019813
0.00148496976991
0.0455060019813
0.00135398801134
4.2394364891e-06
0.000143033083739
0.00661224962926
0.0
5.97283702077e-07
0.0455060019813
0.0
0.0455060019813
0.0
0.0
0.00661224962926
5.53318983005e-06
0.0455060019813
0.0455060019813
0.00135398801134
7.93903330548e-05
0.0455060019813
0.0455060019813
0.0
0.0455060019813
0.0455060019813
0.00912854183461
0.0455060019813
8.90943605307e-06
0.000383328900081
0.0
0.000337821778435
0.0
3.18849935735e-05
0.0455060019813
0.0455060019813
0.0455060019813
0.00661224962926
1.68209279589e-08
1.98278555894e-06
0.0455060019813
0.00912854183461
0.00912854183461
7.5437455795e-05
6.3834072379e-09
6.05961005713e-06
0.00118568808513
0.00231773701611
0.0014392797355
0.0455060019813
0.0455060019813
0.00641262546473
0.0455060019813
0.0455060019813
0.00912854183461
0.000383328900081
1.78984117365e-05
0.0455060019813
0.0455060019813
0.00912854183461
0.00641262546473
0.0
0.000109110608041
7.77830053834e-06
0.00912854183461
0.0455060019813
0.0455060019813
0.0455060019813
0.0
0.0455060019813
1.52764520912e-05
0.0
0.00912854183461
0.00148496976991
0.0
0.0455060019813
0.00239106945758
5.88513144493e-05
0.000537554831793
0.0
0.00661224962926
0.00641262546473
4.42080696079e-05
0.0014392797355
0.00124156576201
0.0
0.0455060019813
0.00912854183461
0.00661224962926
0.0455060019813
2.06140839821e-06
0.000154391939845
0.0455060019813
6.97484369799e-07
0.0
0.0
0.0
0.000383328900081