500
0.00780717487826
0.000278440684536
2.06742834446e-06
0.00265716818875
0.0451003561072
7.50248582278e-06
0.0
0.000282707524678
0.00780717487826
5.01657937921e-06
1.11903093335e-10
9.36202752642e-05
4.87543992722e-05
2.95629582637e-08
0.000906494193471
0.00780717487826
0.0
0.000906494193471
2.12602737499e-13
0.0
0.0
2.83605167659e-09
2.69697310065e-09
7.26080967667e-07
1.63527598323e-11
6.84914471108e-08
3.30833235545e-06
0.000121081048498
0.00020875524754
0.0451003561072
0.00780717487826
0.000836487140736
0.0451003561072
9.02721321801e-06
0.00264924923951
3.63744102855e-06
1.42054449346e-05
0.0451003561072
0.0001383683799
0.00780717487826
0.0
0.00686072852183
0.000189328792175
0.000129347395252
7.49137538868e-14
0.0
0.0
0.000633124676881
0.000137816191912
0.0107540764852
1.59588163632e-05
0.0451003561072
0.0
0.000844995813116
6.35963125435e-06
0.0
6.3691087071e-07
0.000133569356254
4.13529878759e-09
0.0
8.39771745886e-05
4.87261382671e-09
0.0
0.00157772136863
0.000227802867907
1.37717478976e-05
2.3629484788e-05
2.24778937589e-08
0.0
0.000836487140736
7.40010228253e-06
0.000227802867907
1.55920620902e-09
0.0147112885378
9.97069721172e-07
8.28616054987e-05
0.000108680052335
0.000175873353862
0.0
0.0
2.62712354382e-07
9.16771080884e-06
0.0451003561072
0.000329600529323
6.64067385091e-06
0.0015258863691
7.97996067975e-08
1.23874996988e-05
1.26530470556e-09
0.0
0.00264924923951
1.01452059343e-05
3.58356036193e-16
2.94727237107e-06
1.84456836367e-05
0.0451003561072
1.91130299983e-06
9.09395346736e-10
0.0451003561072
0.00183555097466
6.82314560412e-09
0.0015258863691
0.0
0.0
6.43261126017e-05
8.29611311888e-09
0.000279502870789
5.03287169008e-07
0.0
0.0
0.0
0.000189328792175
0.0
0.0147112885378
0.00189629930198
0.000136341431009
0.0
0.0
1.39559643597e-09
0.0
2.3629484788e-05
0.000844995813116
0.0451003561072
4.67681360215e-08
5.01632456613e-05
0.0
0.000524198608195
5.96174531199e-06
0.000115305100531
8.28616054987e-05
0.000716612337303
7.98825019749e-09
5.19617671099e-06
0.00264924923951
0.000729467426981
0.00514253887441
1.03527108271e-20
6.19162455245e-10
3.03143441454e-06
0.0109479710455
0.0
6.17953520494e-12
0.0
0.000117287741695
0.0109479710455
0.00128483364031
0.0451003561072
0.00780717487826
1.82655050215e-18
3.53091628508e-14
5.65283345933e-05
0.00780717487826
5.17764397328e-05
3.8016456696e-10
4.28786935755e-06
0.0
0.0107540764852
7.19502993548e-10
4.2402482641e-05
0.0147112885378
0.0451003561072
1.7796914058e-05
0.0
7.27373478311e-08
0.0451003561072
2.27788531883e-07
0.000244962809083
2.13695584279e-07
0.0
1.65500305175e-07
0.00264924923951
0.000156944719728
0.00780717487826
0.0
9.82237274742e-05
0.000104726408689
7.380739694e-06
0.0
1.10096685324e-06
0.0451003561072
0.00780717487826
0.000906494193471
0.0
0.0
6.36907388656e-10
2.02532788838e-06
0.000436749282656
9.0556590844e-06
0.000844995813116
0.0451003561072
0.00780717487826
0.00020875524754
3.93774911331e-16
2.25327710106e-13
0.0
0.0
7.21474202928e-09
3.73327530582e-10
5.37622282896e-15
0.000524198608195
6.51175582553e-05
0.0451003561072
0.0
0.000151006062576
0.0451003561072
5.06895886229e-05
8.0391906447e-19
0.00171684375282
0.0
1.72185815304e-11
7.41588797281e-06
0.0
6.2786924656e-07
0.000282707524678
6.9481915027e-10
2.11686431938e-15
1.11425095057e-10
0.0451003561072
0.00265716818875
1.29091938845e-07
4.19309373146e-10
0.00780717487826
0.0
0.0
1.57234693491e-06
2.82659807368e-08
2.83993309436e-05
2.01498912031e-05
0.000383430788561
0.0015258863691
1.27892280461e-08
0.0
0.0
0.0
2.5831472744e-05
0.000189328792175
0.0107540764852
9.82237274742e-05
9.89571293688e-06
0.000529530709553
1.81923357251e-05
0.000729467426981
0.00780717487826
0.000370708994675
0.00189629930198
1.56239231404e-08
0.0
0.0
0.0
5.25658093959e-07
0.000344757057977
6.41624233317e-10
0.0
0.0
9.28721378086e-05
1.11391365022e-12
2.98536802839e-06
0.0
0.000597083107119
5.78931393393e-15
0.0451003561072
0.0
2.0257470644e-07
3.16080231675e-08
1.78106318589e-07
0.00780717487826
1.59581307559e-11
0.00174987449136
0.00106905102951
0.0001383683799
0.0
6.54992513912e-06
0.00780717487826
5.66632705993e-18
0.0
1.3258344851e-08
0.0
0.000665539652174
0.0451003561072
0.000370708994675
3.4888919688e-05
3.43385615273e-05
5.8960947432e-06
4.54599520339e-10
0.00264924923951
7.31403356322e-06
1.54839386683e-05
0.000716612337303
2.15188318904e-05
0.0015258863691
3.82652830454e-10
0.000354324066733
0.000576034003701
5.15453007065e-07
0.0451003561072
6.79306879426e-05
0.00780717487826
1.59987950117e-12
0.000105948269349
0.00780717487826
5.86487025903e-07
0.0
2.12213623241e-08
0.0
5.32393667762e-05
0.0
0.0
0.00128483364031
1.38383891317e-10
0.0
0.0
6.01002083427e-12
8.17533630454e-06
0.0
0.0
5.01632456613e-05
5.65283345933e-05
0.000507770361203
0.0
5.92946643869e-13
0.0451003561072
3.26692103236e-05
6.10718863002e-07
1.1501531851e-05
0.000906494193471
2.8764482163e-07
0.0147112885378
0.0
1.70009575037e-09
0.0
0.0
0.0147112885378
0.000132225966221
0.00780717487826
3.0563871749e-05
3.26459163836e-09
9.73281464892e-12
0.0
0.0
0.00117176827997
0.00780717487826
0.0
0.000716612337303
4.57246404564e-07
0.000836487140736
0.000225649107161
0.00514253887441
0.00189363204683
0.00748468434367
9.41720462031e-08
0.000729467426981
0.0
1.03329988982e-06
3.59998615458e-07
0.0
0.000716612337303
4.76124872687e-09
0.00780717487826
7.80896320524e-07
0.0
3.80228997255e-05
0.00514253887441
1.99529994107e-05
0.00780717487826
0.00780717487826
0.0
6.12984900597e-13
6.02569443757e-06
0.00780717487826
0.0451003561072
0.0
0.0107540764852
7.86808189845e-16
0.0451003561072
3.88965004041e-06
0.0451003561072
0.0451003561072
0.00780717487826
0.00117176827997
0.0451003561072
0.000906494193471
6.15201875248e-07
0.00019808388083
0.000529530709553
0.00044432024128
4.73272860625e-05
0.0
1.08144074613e-09
0.000810271852983
1.76950140049e-05
0.000903800034952
0.0451003561072
0.0
2.10662376768e-05
0.00495625712468
5.65283345933e-05
0.0
0.00011372355744
1.43287698781e-05
0.00019808388083
0.0451003561072
0.000844995813116
4.1943484113e-08
0.000716612337303
4.74877437342e-13
1.93551318069e-05
3.34830728889e-08
3.92878732934e-07
0.0109479710455
0.0
1.21534811057e-05
0.0
0.0
0.0
4.49427440084e-06
0.0
0.0
2.52202209863e-06
0.0015258863691
0.0451003561072
0.00214720588636
0.00780717487826
0.000279502870789
0.000175873353862
2.31824632146e-08
2.90055917663e-06
2.38670575277e-07
5.32393667762e-05
1.77178662443e-05
7.03490430206e-10
0.0
0.00264924923951
0.0147112885378
3.31131765944e-06
1.31148737474e-15
0.0451003561072
0.0451003561072
1.8787838721e-08
0.00264924923951
4.39403283054e-06
0.000333120075861
0.00265716818875
0.000370708994675
5.6743872643e-12
0.000726610141434
0.000213199394185
0.0109479710455
0.0451003561072
0.000175873353862
0.000154334289374
0.0451003561072
0.0
0.000227802867907
0.000529530709553
0.00189629930198
0.000133569356254
0.0451003561072
5.41750196834e-09
0.0
7.89884125347e-05
0.0147112885378
6.26790020947e-08
4.69446435515e-06
2.84930836231e-05
8.0533694489e-08
0.0
0.000180784973288
7.47972455311e-07
2.75273990988e-06
0.000370708994675
0.0
1.25291220511e-09
0.000344757057977
0.0451003561072
0.0
2.91987785729e-05
4.62865472461e-05
1.84936449132e-10
1.79949141683e-05
3.29040463609e-15
0.00780717487826
2.19192647385e-09
0.000716612337303
1.96940671881e-12
0.0
1.75293988788e-12
0.0
0.00780717487826
1.05715198553e-05
0.0451003561072
5.7889998905e-17
0.0
0.0
0.000189328792175
2.14221942112e-10
0.000952792192212
0.0147112885378
0.0
5.8330758677e-05
2.22687455675e-05