500
9.56430101149e-05
0.0310525888588
4.96617391403e-05
4.38041971019e-07
0.0310525888588
0.0310525888588
0.0
3.85876487819e-09
3.27942610366e-05
1.52943878873e-07
0.0527492003133
0.000923992789276
3.71828828076e-05
0.000372354845412
0.00017396665935
0.0183937364934
9.93170725962e-05
0.0310525888588
2.46327470186e-05
0.000630707687129
0.000213619288163
0.000515019798201
0.0527492003133
0.0527492003133
1.25145132179e-06
0.000347324814682
6.12757191428e-07
0.0527492003133
0.0183937364934
0.0527492003133
1.98912045248e-05
0.0183937364934
0.00177435398252
0.0
1.03007476825e-08
6.0846142315e-09
0.0310525888588
0.0527492003133
0.0
0.0527492003133
0.000161149933051
0.0527492003133
0.0310525888588
0.0
0.000755858149722
0.0183937364934
1.3339127136e-05
0.0111695758799
0.000382417052963
0.00663004568226
0.0310525888588
0.0527492003133
0.000338297239702
1.65009789979e-11
0.0527492003133
0.0310525888588
0.0527492003133
9.55649141236e-05
0.0183937364934
0.00290935882592
0.000164718028151
0.00272246238185
1.49523698432e-07
3.89609107323e-06
0.0183937364934
0.0183937364934
0.00119804714975
0.00383530009614
2.5442841086e-06
0.000277080352419
0.000111379174998
0.000923992789276
0.000152147498761
0.0527492003133
2.7110171055e-13
1.86338782511e-05
0.0310525888588
5.34681831512e-09
5.48790148824e-10
0.0310525888588
1.51439090272e-05
0.00134102445211
0.00043843525054
2.4434069084e-07
0.0310525888588
0.0
1.19641749439e-05
0.0
0.0527492003133
0.000157923404928
3.95955629823e-05
1.67022879019e-10
0.0527492003133
0.000576062268936
0.0310525888588
0.0527492003133
0.00185174602178
0.00435445823055
0.00057097105526
0.0183937364934
9.82760340467e-06
2.95587942399e-06
0.0527492003133
5.71931784232e-07
1.71849202791e-12
6.10074286065e-09
0.0527492003133
2.41860191901e-14
0.000161149933051
4.54367320649e-05
2.37047868495e-05
0.0527492003133
3.07518392294e-13
0.0527492003133
0.000617201954053
0.000533544890918
0.0111695758799
1.31549599843e-08
5.58257721054e-07
0.0
0.00663004568226
0.00158564332828
0.0310525888588
7.19747932545e-05
0.0183937364934
5.45302592348e-06
0.0527492003133
0.0310525888588
7.06026815151e-06
0.0310525888588
0.00988882959263
3.27420212051e-12
0.00177435398252
0.000723496862226
0.000123701457597
0.0310525888588
0.000105106144292
0.0527492003133
0.000338297239702
0.00120282534406
7.65351278008e-06
0.0
0.0527492003133
3.1761528718e-13
6.20484722772e-11
0.0527492003133
5.16648125098e-05
0.0014896434096
0.0310525888588
3.71747133086e-05
9.85915726506e-06
0.0
0.0
0.00104242056632
4.79554461426e-05
0.0527492003133
0.0183937364934
0.0527492003133
5.30581235756e-11
0.000376571549226
0.000118629324516
9.38145914204e-08
0.0527492003133
1.87973439903e-13
0.0527492003133
0.0183937364934
8.37407157489e-13
0.000140421084317
0.000332140907054
0.00435445823055
0.0183937364934
0.0183937364934
1.06328299138e-05
3.56582641995e-07
2.07774762315e-09
0.0183937364934
0.000168531717853
0.000105106144292
0.0527492003133
0.0310525888588
0.0527492003133
0.0
0.0527492003133
0.0
0.000617201954053
0.000372354845412
4.7769935534e-06
0.00177435398252
0.0
0.0527492003133
0.00620747406935
9.17090177631e-08
0.00663004568226
0.0183937364934
0.0527492003133
1.31549599843e-08
0.000302751264997
0.0
2.44343343767e-10
0.000347324814682
0.0527492003133
0.0527492003133
1.31039782141e-06
0.000923992789276
1.0847583706e-10
1.77242777003e-05
0.0
0.000533544890918
1.9259572073e-05
0.0527492003133
0.0527492003133
7.28638498211e-07
0.0527492003133
4.68297830178e-09
0.00383530009614
0.0183937364934
0.0111695758799
0.0527492003133
0.00134102445211
2.62777128588e-06
2.33939506932e-05
0.000168531717853
0.0183937364934
0.0310525888588
0.000108155240253
0.00134102445211
0.0183937364934
0.0310525888588
0.000407656413034
3.25713151091e-07
6.07066585112e-07
0.0527492003133
0.0527492003133
0.0310525888588
0.00460126361395
9.08250200868e-07
8.35944377415e-06
1.99486008033e-11
2.67291940373e-05
0.000212619696595
0.0310525888588
0.0310525888588
0.0527492003133
0.000592180227897
0.0527492003133
0.00041987017272
0.0183937364934
0.000226901275605
0.0527492003133
1.46246631266e-07
0.000407656413034
0.0527492003133
5.67152462135e-08
0.0310525888588
5.65796241653e-05
2.87412634969e-05
7.7960178528e-08
0.000503875582674
0.00435445823055
0.0527492003133
0.0527492003133
0.0527492003133
0.00383530009614
1.03840311751e-09
0.000477821812941
7.24260255105e-05
0.0
0.0310525888588
0.0183937364934
4.99788541477e-12
1.38022380988e-06
4.07258011488e-21
0.00663004568226
0.0111695758799
3.19792615283e-05
0.000630707687129
0.0310525888588
0.0527492003133
2.80953425506e-14
0.0527492003133
0.0183937364934
1.31246153119e-07
0.0527492003133
0.000226901275605
0.000113692773547
0.000134893392415
0.000630707687129
0.0527492003133
3.71828828076e-05
0.000407656413034
1.57532987845e-08
1.01662132502e-05
4.66592675578e-06
3.607940015e-11
0.0527492003133
0.0527492003133
3.91496236041e-05
0.0527492003133
0.0527492003133
2.46327470186e-05
0.0527492003133
0.000407656413034
0.00235361908341
3.91496236041e-05
0.0310525888588
0.00097752193286
1.80997695037e-14
0.0527492003133
4.31485786082e-09
0.00663004568226
0.0527492003133
0.0527492003133
0.0310525888588
0.000338297239702
0.00119804714975
2.74375907042e-05
0.000923992789276
0.0
0.000592180227897
4.50594736194e-06
0.000577285467143
0.0527492003133
0.0310525888588
9.28410685135e-06
4.41956850633e-10
0.00383530009614
0.0527492003133
3.33885649263e-10
0.00178876813751
0.0527492003133
0.0310525888588
0.0310525888588
8.04824880334e-06
5.02987322043e-21
0.0527492003133
0.000888217510898
0.00460126361395
0.0
4.83830184602e-06
0.0183937364934
5.95627246974e-16
0.0527492003133
0.000168531717853
0.0527492003133
0.00460126361395
0.0111695758799
0.00017396665935
8.1237315108e-05
2.89707837957e-08
2.63077930436e-06
1.21900217871e-09
0.0310525888588
0.0310525888588
0.0527492003133
0.0527492003133
0.00106029714095
0.0527492003133
0.00017396665935
8.9068471068e-05
0.0183937364934
2.83775711389e-06
0.0310525888588
1.18260165826e-06
0.00435445823055
0.000755858149722
0.0527492003133
0.000463484022524
7.69641244512e-08
5.16648125098e-05
1.7644012059e-06
0.000157923404928
0.0310525888588
0.0
3.23379285678e-11
0.0
0.0527492003133
2.95659582529e-08
0.0183937364934
2.99939546148e-10
0.00185022682789
7.35841356641e-05
2.24076675398e-09
1.02975473351e-07
1.96528887488e-09
0.0
0.0310525888588
0.0527492003133
2.40372454266e-07
0.000161149933051
0.000118915940711
0.0527492003133
0.0527492003133
3.2916680263e-09
0.0014896434096
1.19074757538e-07
0.00119804714975
0.000116326150736
0.0
0.0527492003133
0.0183937364934
0.0
1.32761243631e-09
0.0527492003133
0.000140421084317
6.2359593088e-05
0.000338297239702
0.00109906191174
0.0527492003133
0.0
0.000407656413034
0.000617201954053
0.0310525888588
0.0310525888588
1.13668429968e-05
0.0310525888588
4.82092356602e-06
0.0527492003133
0.0111695758799
0.00040106284834
0.00663004568226
0.00185174602178
1.08626834971e-07
3.072151191e-08
1.00294541634e-07
0.00153140169192
0.00134102445211
2.63342381652e-10
0.0
0.0527492003133
3.94047034433e-07
0.00120282534406
6.3372334412e-09
0.000208511626216
0.0310525888588
0.00134102445211
0.0310525888588
2.34115149245e-05
0.000630707687129
0.00663004568226
6.25288859899e-06
0.0111695758799
0.00383530009614
5.43540073595e-05
3.4608768375e-06
0.0527492003133
4.39425049646e-11
0.0
0.0527492003133
4.33885850757e-05
3.44219861547e-08
0.0527492003133
0.00460126361395
0.0527492003133
0.00460126361395
1.91884558755e-05
0.0014896434096
0.000630707687129
0.000755858149722
0.0527492003133
0.0014896434096
0.000416134255327
0.000484458988339
6.77371601717e-05
1.44638858963e-05
0.0183937364934
2.90682874329e-07
0.000617201954053
0.0527492003133
3.42894584251e-05
2.0564391854e-08
0.0310525888588
9.2036373685e-08
0.0527492003133
0.000382417052963
0.000923992789276
0.0527492003133
1.45744717307e-09
0.00134102445211
0.0310525888588
2.57373918361e-07
0.0310525888588
0.00106029714095
0.00826299003901
4.08973736969e-10
0.00104242056632
0.0
7.39544324781e-06
0.0310525888588
0.0
1.75304793135e-07
0.0527492003133
0.00158564332828
0.0527492003133
0.000226901275605
0.0527492003133
0.000105106144292
0.0310525888588
0.00097752193286
0.000312305469968
0.0527492003133