500
0.00300620832922
0.00016236768692
5.94107902327e-07
0.000614819491347
0.0476833122631
5.09195049797e-07
3.73749639735e-21
0.000189665747722
0.00300620832922
5.2987265983e-06
1.37580234509e-12
0.00011097009968
4.00105859848e-05
7.22520725011e-09
0.000494243593983
0.00300620832922
1.50060025962e-08
0.000494243593983
7.93127321933e-16
1.29243422444e-06
1.59754449139e-12
4.13114313225e-10
2.84910539788e-11
1.59162141187e-07
2.76108868251e-14
6.8362310847e-10
3.93162718582e-07
6.14200977752e-05
0.000144459621947
0.0476833122631
0.00300620832922
0.000549847990882
0.0476833122631
3.10194261807e-07
0.00130907610879
1.18289747504e-06
3.57056175169e-06
0.0476833122631
3.3838718587e-05
0.00300620832922
1.34225262292e-11
0.00997933884298
0.000316318304038
7.24786538455e-05
2.60717328988e-18
5.65040743365e-09
5.03701106063e-10
0.000292778684665
0.000476414861753
0.0160010482181
3.33260581022e-06
0.0476833122631
1.48770559543e-22
0.00040410986973
1.79524937651e-06
1.0053497777e-15
3.76111770065e-08
5.72361283752e-05
8.70361901903e-11
2.14196693706e-18
4.29043631526e-05
1.81126250551e-11
1.983386634e-13
0.00168448065966
9.78357482964e-05
6.82979953586e-06
1.18793845041e-05
1.32217008941e-09
1.30699565581e-12
0.000549847990882
1.06014867773e-06
9.78357482964e-05
1.28381604637e-12
0.0158853724576
5.16596071081e-09
5.15367508852e-05
2.79879361437e-05
0.000134348728093
8.62149719453e-09
7.80753800276e-07
1.10417265848e-07
1.4253222355e-06
0.0476833122631
0.00040141344978
3.62276236614e-06
0.000759512766228
7.22217773077e-08
2.64060499531e-06
7.27559303514e-10
1.00682555176e-19
0.00130907610879
3.06984831618e-06
3.18404464035e-19
4.54821173852e-07
1.53656577413e-06
0.0476833122631
8.81450330792e-08
1.21154825218e-11
0.0476833122631
0.00240037464236
1.25672439738e-09
0.000759512766228
3.32817219684e-15
1.86665600315e-16
2.74071491783e-05
2.74109195121e-10
6.18752067832e-05
3.7327241739e-08
7.44759338674e-15
2.16793218122e-09
9.17268068414e-14
0.000316318304038
3.67561919055e-14
0.0158853724576
0.00100534398241
5.55348612611e-05
3.25044671276e-08
6.85225169388e-11
8.84554900888e-11
2.86094021408e-07
1.18793845041e-05
0.00040410986973
0.0476833122631
2.53310511358e-10
3.99224465285e-05
1.74841995826e-17
0.000363869993966
1.06006517291e-06
3.35555349856e-05
5.15367508852e-05
0.000148848938145
1.51916505066e-08
1.7460904674e-06
0.00130907610879
0.000902317080652
0.0043139138845
7.1236668474e-25
4.11810286918e-10
2.12735312121e-06
0.0150798898072
1.29249895758e-15
4.13968448028e-16
4.20043094592e-31
7.91172077069e-05
0.0150798898072
0.000396370563143
0.0476833122631
0.00300620832922
4.20408573651e-21
8.4476572099e-16
1.5632652271e-05
0.00300620832922
4.80493751495e-05
3.48510187812e-12
2.83175488699e-07
3.44889333024e-09
0.0160010482181
4.11591556627e-11
4.28208550899e-06
0.0158853724576
0.0476833122631
5.11130113046e-06
4.763621975e-06
3.8309780394e-08
0.0476833122631
1.2716119904e-07
0.000112359349678
2.1818764568e-08
1.82509534575e-10
3.80287056628e-08
0.00130907610879
3.5899016022e-06
0.00300620832922
3.09450673291e-14
6.11621416026e-05
2.9942839924e-05
1.15137434757e-06
8.19742549319e-26
2.83626758512e-06
0.0476833122631
0.00300620832922
0.000494243593983
1.69511450829e-20
1.72979414924e-13
1.91094962207e-13
3.17649089239e-06
0.000100338720408
9.55768472297e-06
0.00040410986973
0.0476833122631
0.00300620832922
0.000144459621947
1.64788464125e-18
1.53455406811e-16
8.56401449974e-25
3.42063842561e-10
1.8782535812e-10
1.164978487e-11
1.17693657822e-17
0.000363869993966
5.32142529571e-05
0.0476833122631
5.28817479726e-09
7.11884391255e-05
0.0476833122631
0.000381026316276
2.4942437095e-28
0.00106734261008
4.17799124676e-08
1.70826651141e-13
1.51843508921e-05
4.65119637135e-06
1.83919241485e-07
0.000189665747722
1.90179894331e-10
2.69407126649e-21
1.04444562483e-12
0.0476833122631
0.000614819491347
1.4243493391e-08
1.10096007727e-10
0.00300620832922
3.57452251716e-15
9.2494951222e-08
7.0441144596e-08
1.23954389514e-09
6.71079390678e-06
3.22496831542e-06
0.000333403967174
0.000759512766228
1.8849085964e-09
2.49658452271e-11
1.74116294745e-14
6.01924816051e-09
6.52030237017e-06
0.000316318304038
0.0160010482181
6.11621416026e-05
3.96525791547e-06
0.000267425649086
4.35862960667e-06
0.000902317080652
0.00300620832922
0.000113935460791
0.00100534398241
1.25942038171e-08
4.24336505811e-13
6.11151694345e-12
2.12222133259e-06
1.27638186601e-07
0.000128293853771
3.6220285741e-10
4.71569559656e-09
1.11577697067e-08
5.64838394934e-05
9.08970016333e-16
1.39935965482e-05
3.73911351136e-11
0.000770481179878
2.62204129392e-16
0.0476833122631
3.99782588225e-21
1.20646474045e-08
6.68207960879e-11
1.00626677957e-08
0.00300620832922
3.9983421341e-13
0.00152307474459
0.00141342432319
3.3838718587e-05
1.29447724048e-13
1.91730579651e-06
0.00300620832922
3.65474425414e-20
3.88284148431e-11
1.56665550841e-11
7.03178748446e-24
0.000919109729514
0.0476833122631
0.000113935460791
1.20163821256e-05
9.60594645659e-05
3.26408438652e-08
8.49897472908e-12
0.00130907610879
2.26647003218e-06
2.19194452294e-06
0.000148848938145
6.35687633157e-05
0.000759512766228
1.09565147406e-09
0.000108636137034
0.000369092904557
6.73389941929e-08
0.0476833122631
2.06924670508e-05
0.00300620832922
2.67731174424e-16
4.02438861724e-05
0.00300620832922
3.85429099908e-09
1.97521422785e-11
1.22323849418e-08
1.6174437648e-24
2.07333483389e-05
3.840998957e-19
3.63813303466e-31
0.000396370563143
1.20759766315e-11
7.19313542205e-09
5.31530432255e-06
3.267549606e-13
2.8814983425e-06
3.38134586959e-08
7.17353446801e-09
3.99224465285e-05
1.5632652271e-05
0.000468712667901
7.53438995997e-22
2.35972514033e-14
0.0476833122631
5.22770016105e-05
1.00409043069e-07
8.75634903068e-08
0.000494243593983
2.07076491694e-09
0.0158853724576
7.10265584431e-26
1.74893236017e-10
8.0148745249e-15
6.12180681577e-14
0.0158853724576
7.78777568932e-05
0.00300620832922
1.35669665842e-05
3.2512795138e-11
1.22819283185e-12
1.84297151646e-07
2.46511736017e-09
0.0016876961323
0.00300620832922
7.0991871267e-16
0.000148848938145
8.79094640608e-08
0.000549847990882
0.000181333146661
0.0043139138845
0.0013004492971
0.00755670802949
1.41063607897e-08
0.000902317080652
4.18630067703e-10
1.60369942292e-08
4.25021757689e-08
1.06198062278e-19
0.000148848938145
9.4533599006e-12
0.00300620832922
5.2648501153e-07
2.97752308727e-09
8.79291499098e-05
0.0043139138845
2.76116903098e-06
0.00300620832922
0.00300620832922
5.95601023005e-08
1.43275333033e-14
1.96872107246e-06
0.00300620832922
0.0476833122631
3.98266119791e-13
0.0160010482181
3.19859639776e-17
0.0476833122631
2.28596189036e-06
0.0476833122631
0.0476833122631
0.00300620832922
0.0016876961323
0.0476833122631
0.000494243593983
1.20440771137e-08
0.00033174846521
0.000267425649086
0.00024535561579
2.55433223895e-05
1.33902283667e-09
4.28513676482e-11
0.000708276920383
3.43782809306e-06
0.000373546204771
0.0476833122631
3.02987843607e-16
5.91647254199e-06
0.00453290725653
1.5632652271e-05
3.26492954583e-09
3.0735711286e-05
2.96117869741e-06
0.00033174846521
0.0476833122631
0.00040410986973
4.56843023029e-09
0.000148848938145
8.03267787025e-16
4.28208550899e-06
1.19547983198e-07
1.76669924934e-07
0.0150798898072
2.76209709179e-10
1.35111626351e-05
3.80271024029e-10
6.21593159562e-10
8.39297995966e-29
9.5048374296e-07
4.31560900677e-12
2.89334721231e-10
1.75731547702e-07
0.000759512766228
0.0476833122631
0.00250692089542
0.00300620832922
6.18752067832e-05
0.000134348728093
4.86601006708e-12
6.73189202517e-06
6.57190985257e-07
2.38629103524e-05
4.82345487388e-06
2.43611049769e-11
3.06061147914e-13
0.00130907610879
0.0158853724576
1.36208944439e-06
5.26987296782e-23
0.0476833122631
0.0476833122631
4.12517150796e-10
0.00130907610879
6.60478274229e-07
0.000218294539831
0.000614819491347
0.000113935460791
1.59987046356e-16
0.000217274310992
5.75984154749e-05
0.0150798898072
0.0476833122631
0.000134348728093
9.58982480088e-05
0.0476833122631
6.81647681795e-14
9.78357482964e-05
0.000267425649086
0.00100534398241
5.72361283752e-05
0.0476833122631
1.05286044636e-09
2.11737504643e-08
4.72566781623e-05
0.0158853724576
3.02734560263e-09
1.73506272468e-06
2.73544848213e-05
5.59689295816e-08
1.76070393091e-13
7.92930109667e-05
2.29819699863e-07
2.79808701122e-07
0.000113935460791
9.28511470196e-07
8.13199579418e-12
0.000128293853771
0.0476833122631
5.06585419107e-08
1.80072193902e-05
1.70837060296e-05
6.19587382815e-15
4.35325451972e-06
2.45167410295e-19
0.00300620832922
8.10715791324e-11
0.000148848938145
1.68955684077e-20
9.65465778091e-13
5.45283607994e-14
1.78995347259e-23
0.00300620832922
7.08520429875e-06
0.0476833122631
1.71545330782e-21
1.03408826598e-11
1.70635298899e-11
0.000316318304038
7.75521242538e-11
0.00116428267182
0.0158853724576
2.41708352094e-13
6.34084548909e-06
1.71073953662e-07