500
0.0
0.0
0.0
0.0
0.0
0.0
3.58596549397e-11
0.0
0.0
5.75670799396e-15
0.0
0.0
0.0
1.46269153262e-05
2.04764554392e-06
0.0
6.58070630546e-07
0.0
3.49556179563e-13
0.0
2.13669428124e-05
0.0
0.0
2.95109093828e-08
0.0
0.0
5.61307824399e-07
7.10603457608e-08
0.0
4.70746647442e-05
0.0
1.51196104359e-05
0.0
0.0
0.0
0.0
0.0
0.0
0.0
0.0
4.70746647442e-05
0.0
1.72753013353e-05
1.65712405256e-06
1.66975577143e-06
0.0
0.0
2.19325655389e-05
1.01372484576e-09
4.7358842145e-05
0.0
0.0
0.0
4.02904421514e-06
7.43014534514e-08
0.0
0.0
0.0
7.06732477473e-09
0.0
0.0
0.000480900860567
1.44203862234e-07
0.0
0.0
8.67206840728e-05
9.89529504502e-06
0.0
0.0
0.0
0.0
0.0
0.0
8.23955418266e-06
0.0
0.000480900860567
0.0
0.0
0.0
3.89845072109e-10
1.86079958442e-10
0.000480900860567
7.91314842731e-10
0.0
0.0
1.21876738952e-05
5.54735902828e-05
1.19057610622e-05
1.01733439646e-06
1.75229502039e-05
0.0
0.0
0.0
5.23203078092e-05
0.0
0.0
0.0
5.2468716812e-05
0.0
0.000240137244749
0.0
0.0
0.0
0.0
0.0
1.5298284607e-05
0.0
0.0
2.97413425758e-05
9.42339613442e-06
5.64324615437e-08
7.00916461335e-06
0.0
0.0
1.13646462348e-08
2.95466854128e-05
0.000247967176182
1.04956024413e-06
1.26689196635e-07
0.0
0.0
0.0
0.0
0.0
0.000292778110101
0.0
1.1335431207e-06
4.22558975065e-06
3.377662513e-07
3.91839788849e-05
4.89361721118e-05
0.0
0.0
0.0
9.98752287394e-07
5.67242613525e-06
0.0
0.0
0.0
0.0
0.000110892072261
1.60229128482e-11
0.0
0.0
0.0
0.0
0.0
2.34176719422e-10
0.0
3.55060918868e-08
0.0
0.0
0.0
0.0
4.74030309609e-05
0.0
3.19713423868e-06
7.9632446088e-08
0.0
0.0
0.0
0.0
0.0
6.49781064356e-05
0.0
3.50356248256e-07
0.0
0.0
0.0
0.0
0.0
0.000290776747042
9.80895844032e-05
0.0
4.24285384308e-11
0.0
0.0
0.0
0.0
7.26227084431e-07
0.0
8.11633269548e-05
0.0
0.0
2.63472629542e-07
0.0
0.0
0.0
1.18935975945e-05
0.0
0.0
0.000162346306309
0.0
0.0
4.02904421514e-06
3.06227020528e-06
0.000480900860567
0.0
0.0
3.59687557435e-09
6.20685497194e-08
0.0
7.85455228852e-05
0.0
1.76947235246e-05
0.0
0.0
1.75229502039e-05
2.69409278939e-05
0.0
0.0
0.0
9.55591913379e-05
0.000290776747042
0.0
0.0
6.88316606168e-07
0.0
0.0
0.0
4.91598638981e-09
0.0
0.0
0.0
3.5371475702e-05
1.25951083122e-05
0.0
0.000247967176182
0.0
6.27908281126e-09
0.0
5.46723222443e-05
0.0
0.0
2.8781703099e-07
5.25820036656e-08
0.000162346306309
0.000292778110101
0.0
6.24428580374e-05
0.0
2.20557009081e-07
4.90969246841e-05
0.0
0.0
0.0
0.0
0.0
8.04975272395e-06
2.2563384223e-10
9.87936905091e-05
0.000247967176182
0.0
3.10948596605e-05
0.0
0.0
1.47430909193e-06
1.58688021681e-05
0.0
3.63146775297e-12
0.0
0.0
0.0
0.0
0.0
1.16463171762e-07
0.0
0.0
1.74634816777e-08
2.64905772743e-05
1.74587421578e-06
0.0
0.0
5.26218296519e-06
2.40056256344e-12
0.0
0.0
0.0
2.44912694701e-05
0.0
0.000496562342177
0.0
2.71162020859e-10
0.0
0.0
0.0
0.0
0.0
8.83794694998e-06
0.0
0.0
0.0
1.5298284607e-05
0.0
0.0
0.0
8.44489510405e-07
2.24506559976e-06
1.30494006003e-09
0.0
0.0
0.0
0.0
4.23152634675e-22
0.0
5.78630295032e-10
0.0
0.000290776747042
0.0
0.0
1.15213070507e-06
0.0
5.4474352335e-12
5.74776730283e-08
0.0
0.0
0.0
0.0
0.0
0.0
0.0
2.16408646647e-12
9.30979569643e-06
0.0
0.0
0.0
7.06515414425e-10
0.0
0.000292778110101
0.0
5.03434926061e-08
0.0
4.05354444553e-09
0.0
4.26153115758e-10
0.0
3.86332925221e-06
0.0
0.0
0.0
3.5322439834e-06
0.0
4.94357165126e-08
0.0
3.95190734983e-05
0.0
0.0
3.5371475702e-05
0.0
0.0
2.96775690943e-05
0.0
0.0
0.0
0.0
0.0
2.1553631412e-10
7.01524472877e-07
5.16625272417e-07
6.49781064356e-05
8.09788638558e-13
5.07674416941e-07
0.0
0.0
0.000290776747042
0.0
0.0
4.81893231095e-06
1.9044167682e-08
0.0
8.36116762856e-07
5.26816339389e-05
0.0
5.9324257608e-06
2.2883325859e-05
0.0
0.0
0.0
0.0
0.0
5.54735902828e-05
3.55825779115e-05
0.0
0.0
0.000167639781081
0.0
0.0
0.0
0.0
8.47395681093e-12
0.0
0.0
0.0
0.0
1.81406298948e-05
0.0
0.0
0.0
0.0
0.0
0.000167639781081
0.00024462326086
2.01095540498e-05
0.0
0.0
0.0
0.0
1.94418399899e-07
1.17742211053e-08
0.0
0.0
7.05812085903e-06
8.09725813688e-07
0.0
1.11476859446e-11
0.0
1.24886660058e-05
1.40986030765e-05
8.87781517795e-09
0.0
0.0
0.0
0.00024462326086
0.0
0.0
0.0
0.0
0.0
0.0
0.0
0.0
6.90472269737e-06
0.0
0.0
0.0
0.0
1.59512566639e-07
0.0
7.09036438289e-06
0.0
1.51700221013e-05
6.27223696968e-09
0.0
0.0
0.0
0.0
0.0
1.75229502039e-05
0.000107399874928
1.16535802473e-07
0.0
0.000110892072261
8.08834648684e-06
0.0
0.00024462326086
0.000125154921392
7.98616115574e-16
1.14505742671e-07
2.63755378347e-06
7.49550222582e-06
0.0
0.0
0.000107399874928
4.69353831332e-06
0.0
0.000496562342177
0.000480900860567
0.0
8.11633269548e-05
0.0
0.0
0.000240137244749
0.0
8.31724005445e-08
0.0
0.0
1.78922189524e-05
0.000290776747042
3.32930636939e-07
0.000480900860567
0.000145132713788
0.0
0.0
8.34385984981e-07
5.10845036807e-08
0.0
0.0
1.00465946701e-07
8.11633269548e-05
5.80139186197e-10
2.4304112148e-09
0.000167639781081
0.0
0.000496562342177
0.0
0.0
0.000480900860567
1.47696591555e-09
0.0
5.00696027469e-08