500
4.00375513299e-06
0.011484153072
2.44185686403e-14
0.0
1.60978793968e-05
0.00010159919965
0.00476002098367
0.0
0.00476002098367
2.60254064975e-06
7.05468926343e-08
3.23300359794e-05
4.43076163094e-19
1.56696050089e-05
2.07811471344e-09
2.10214475505e-05
6.47498194456e-07
0.0
0.000233988403758
1.76264947031e-06
0.000384144724244
0.000384144724244
2.60916069685e-17
0.000113653915686
1.26046720047e-05
0.00042913488486
0.00557408090437
0.0
6.83058766209e-09
4.00375513299e-06
5.19199158538e-10
0.0
0.0
2.60254064975e-06
4.00375513299e-06
8.29141120074e-06
0.00239330597354
0.0
0.00128579864019
2.60254064975e-06
0.011484153072
0.0
0.000431480037834
1.00515823847e-13
5.17196202856e-08
0.0
0.0
0.000101114604163
0.0
2.60254064975e-06
0.000986595954815
1.0123061877e-06
0.0
0.00476002098367
0.0
1.50371686306e-08
0.0
0.0192147743687
0.0
0.0
1.5101403534e-15
0.0
0.0
0.0
2.80637033098e-37
0.00476002098367
0.00476002098367
0.0192147743687
0.0192147743687
3.44486305652e-07
0.0
0.00128579864019
1.56696050089e-05
5.08756610828e-10
0.0
6.11983146612e-07
0.000233988403758
5.83304454828e-14
0.00476002098367
6.83438450553e-13
2.7915460245e-13
1.26046720047e-05
0.00128579864019
0.0
3.72083497833e-07
0.0
2.33302393983e-08
1.91092456828e-06
7.71313736065e-07
0.0
1.56696050089e-05
2.16329806532e-07
0.000431480037834
0.00239330597354
0.00476002098367
0.00010159919965
4.92248623386e-07
2.60254064975e-06
1.959980529e-07
5.20386842357e-06
0.0
1.26046720047e-05
0.00476002098367
0.00476002098367
0.0
0.000431480037834
0.00476002098367
0.00128579864019
2.60254064975e-06
5.5559751514e-09
0.0
1.87787869966e-06
0.00173244092824
2.60254064975e-06
3.29414689296e-05
7.76697072033e-12
0.0
2.16329806532e-07
1.37277301179e-08
0.00239330597354
0.0
0.0
1.26046720047e-05
6.98909156466e-15
5.29725821232e-10
1.91092456828e-06
6.81457198813e-15
0.00476002098367
9.83754338832e-30
0.00476002098367
2.16329806532e-07
0.0
0.0
0.0
3.2355455552e-06
1.72452618688e-06
7.3134275781e-10
0.0
8.05800322925e-08
3.2355455552e-06
0.0
7.53163893444e-07
0.011484153072
0.0
6.79006254243e-09
2.06688802006e-11
6.01317892786e-16
2.26516045166e-09
0.00128579864019
0.0192147743687
3.12603077173e-10
2.59952868584e-07
0.000194056285045
0.000167949354463
4.19126495346e-10
5.17600903652e-09
0.0
2.47339275341e-08
2.16329806532e-07
0.00239330597354
2.15430778336e-07
0.000328366997868
2.16329806532e-07
2.13774099313e-14
3.71099984217e-06
1.23496674882e-16
2.11342162147e-10
1.58851055211e-09
0.0
3.4894290243e-08
0.0192147743687
0.000328366997868
7.46863434474e-19
8.52469988019e-13
0.00476002098367
0.0
0.000986595954815
0.00128579864019
1.18520545047e-06
0.00276286527239
0.000431480037834
0.000109019269188
3.20904615215e-08
0.00173244092824
0.000167949354463
3.63710043106e-11
3.8513346438e-05
0.0
0.00173244092824
0.00010159919965
3.75608156692e-22
0.0
2.56048338723e-12
6.40826081971e-11
1.2055668006e-05
0.00476002098367
0.0
2.10214475505e-05
0.00239330597354
1.26046720047e-05
0.000214357447603
2.60254064975e-06
9.24981451605e-05
0.0
2.17433590052e-09
8.39124495164e-14
0.00476002098367
3.23300359794e-05
0.0
8.24714398312e-05
3.72227786931e-12
6.05753212781e-07
9.11098001599e-07
9.90144571063e-10
0.0
1.26046720047e-05
0.0
3.527044819e-06
0.0
3.8060764453e-11
0.0
0.00476002098367
2.38949339415e-13
2.16329806532e-07
6.56021380766e-08
0.0192147743687
0.0
0.00128579864019
0.0
3.2355455552e-06
0.011484153072
0.0
0.0
0.0
1.26046720047e-05
5.67148946785e-07
6.43896093359e-06
2.10214475505e-05
2.59341787556e-07
0.0192147743687
0.0
1.91092456828e-06
2.03877382496e-11
1.3591437288e-16
1.58200507023e-15
6.2275542289e-10
0.00112899667559
0.0
1.26046720047e-05
1.94202333205e-08
1.56696050089e-05
1.74095601778e-06
2.60254064975e-06
0.0
0.00476002098367
0.00128579864019
0.0
0.00476002098367
0.00476002098367
5.5559751514e-09
1.26046720047e-05
7.08596669646e-08
0.00128579864019
0.000986595954815
4.09240552032e-13
0.00128579864019
1.07597132798e-08
0.000188307988982
0.000214357447603
2.70417476014e-18
3.35883759424e-10
2.60254064975e-06
0.0
1.6716185788e-09
3.30264086281e-09
2.16329806532e-07
0.0
0.0
0.00128579864019
0.0
9.57038696133e-08
0.00451958623652
0.00128579864019
4.84946836585e-09
0.000559454219495
2.33183121635e-12
0.0
1.26046720047e-05
0.0
0.0
5.92993451986e-09
5.61175831884e-09
2.4174521952e-12
0.0
0.000328366997868
0.00476002098367
0.0
1.10353111213e-13
1.26046720047e-05
2.09006358515e-07
0.0
0.00276286527239
0.000384144724244
0.00010159919965
0.0
1.26046720047e-05
0.00128579864019
0.000214357447603
1.40351539614e-09
0.0
1.23048468522e-13
1.28992351891e-21
0.0
0.000986595954815
5.66720969313e-08
0.0
7.13396938163e-06
0.000214357447603
5.56875951309e-08
0.00010159919965
0.0192147743687
2.97337169463e-05
0.0
2.60254064975e-06
1.01368750174e-17
3.09481910421e-07
0.0192147743687
8.04437072551e-23
1.6013773178e-08
7.50778316444e-07
0.0
1.26046720047e-05
2.47339275341e-08
0.000986595954815
3.71814093462e-13
0.000113653915686
0.000206801646381
0.000384144724244
0.0
0.0
4.00375513299e-06
0.00476002098367
2.46630108408e-06
0.0
4.6257914769e-12
0.00476002098367
7.10579920134e-06
5.53607482231e-08
0.0
0.000328366997868
0.00476002098367
1.09535938578e-11
1.50521766447e-11
0.00476002098367
1.69620677523e-19
3.4211902794e-11
0.00112899667559
1.26046720047e-05
1.59509861053e-18
3.3573687154e-25
0.0
1.48822319655e-07
8.29141120074e-06
2.95587484632e-06
0.000986595954815
0.00476002098367
1.26046720047e-05
6.45019817905e-12
0.00128579864019
1.60978793968e-05
1.26046720047e-05
8.29141120074e-06
8.24714398312e-05
2.69066714756e-07
4.00375513299e-06
0.00476002098367
5.22483659858e-09
0.0
0.0192147743687
4.88783117613e-11
0.0
5.86171649469e-13
3.07626493473e-05
0.000328366997868
0.0256712580349
2.8918973165e-06
0.00276286527239
0.0
0.0
2.59427969694e-08
0.0
0.0
8.0545327874e-09
0.0
2.19802517709e-09
7.64283372264e-06
2.16329806532e-07
4.54210444436e-18
1.26046720047e-05
0.0
1.53140314201e-05
0.00239330597354
0.0
0.0
1.30658499417e-05
0.000384144724244
1.26046720047e-05
1.36800015657e-18
1.26046720047e-05
2.60254064975e-06
0.0
0.000113653915686
1.69480165077e-07
0.00010159919965
4.00375513299e-06
0.000711061569748
0.000328366997868
3.48410129475e-06
1.26046720047e-05
0.0
2.10214475505e-05
2.60254064975e-06
0.0
2.60254064975e-06
1.87322924655e-12
0.0
8.51405230777e-10
0.0
0.0
3.527044819e-06
0.00128579864019
0.0
0.0
0.0
1.06799233197e-05
2.04955227871e-14
0.0
0.000384144724244
0.0
1.26046720047e-05
9.24981451605e-05
6.07136964568e-08
2.41495100397e-18
0.0
1.26046720047e-05
1.38184928279e-17
0.000431480037834
0.000328366997868
7.299062736e-08
4.46057393825e-15
0.0
2.10214475505e-05
0.0
1.26046720047e-05
0.00476002098367
2.81822512529e-07
0.00476002098367
0.0
1.26600404613e-12
6.35688106528e-11
0.00239330597354
0.0
2.69066714756e-07
4.92248623386e-07
0.0
0.000431480037834
6.9406369141e-07
0.00010159919965
1.97010149305e-07
4.62931834294e-10
0.0
0.0
0.00287200830151
0.000711061569748
1.26046720047e-05
1.27641733789e-08
1.44538563228e-14
2.16329806532e-07
0.00239330597354
3.85575779125e-11
0.0
3.28890304436e-07
1.07597132798e-08
0.000384144724244
3.3598850764e-06
0.0
0.000431480037834
8.29141120074e-06
2.46084808047e-24
1.49707875793e-14
0.0192147743687
5.20386842357e-06
0.0192147743687
3.527044819e-06
0.00010159919965
1.26046720047e-05
9.24994192821e-15
1.74892148194e-18
0.000233988403758
2.16329806532e-07