500
0.00357986483691
0.00436060389161
2.49151690375e-17
0.00436060389161
4.4454465409e-07
0.0
5.76673799244e-12
0.00958417186739
5.19458791515e-09
3.7813170461e-07
0.00436060389161
0.00122044864773
3.85707510772e-08
0.00198941637327
1.33953617139e-05
2.0523690869e-06
0.000280927882741
1.88505043723e-05
6.52131560622e-06
0.000210838600758
0.0
0.00106549639189
0.00436060389161
6.20138213958e-15
4.43455972397e-05
1.51840587019e-20
4.31598072433e-18
0.00122044864773
0.00493932762613
6.26072230271e-05
0.00436060389161
0.0291744124907
0.0
0.00436060389161
3.6418318535e-05
0.0
0.00122044864773
0.0
0.0
4.73405675742e-08
1.1011747848e-08
6.30712651228e-05
0.00958417186739
0.00247604226011
1.18230723062e-18
6.84671828719e-07
1.84025292454e-08
7.79580495881e-16
0.00168111032547
1.70181253133e-05
2.1793148055e-08
0.00420301698823
0.0
6.29792821456e-10
5.3803189127e-09
0.00436060389161
0.000532772123525
1.03755872713e-19
4.54796088279e-10
0.00049537469282
0.00102926334389
3.34644817904e-07
7.13209775965e-14
8.56556532457e-07
6.20707306416e-05
0.0
6.86615952774e-08
0.0291744124907
1.39249250976e-16
6.85019707969e-17
3.64230222024e-08
1.13345178715e-08
1.13646291948e-06
3.57264254624e-17
5.34666850494e-13
4.17624900934e-19
0.0
2.79275588509e-06
5.58653327938e-15
2.7705596684e-16
8.37262220831e-21
1.73129891023e-06
0.00958417186739
2.17161936017e-08
1.96624702796e-05
5.61451760261e-17
1.1217575272e-06
7.40461953052e-12
0.000471954249008
9.71001198026e-07
0.0
1.86362328991e-05
1.88505043723e-05
1.86841879582e-09
0.000126448983677
4.6568783488e-07
9.81101000701e-15
6.50136970984e-12
7.55972210078e-11
0.000246840437957
1.63362404257e-06
9.52217810151e-09
2.34304550962e-06
1.75661105884e-09
9.13098262716e-05
9.2769627056e-06
5.11103753802e-09
0.00122044864773
1.86475213441e-09
0.000517028259256
0.000153039376695
0.000197300043128
8.96682726649e-06
0.00958417186739
5.72569788357e-09
0.00122044864773
0.00198941637327
9.87414772602e-24
1.92526646891e-05
3.8648514333e-10
4.03907773965e-11
0.0
6.45668215661e-06
6.92337070793e-09
2.92614025586e-10
2.88337215903e-23
0.00122044864773
1.27731997757e-08
0.00436060389161
5.22025353008e-10
1.20850839397e-10
0.0128184693775
0.000218464282692
0.000222143396263
4.30217432664e-05
0.000242783466229
8.55177470383e-07
4.27974095809e-09
2.65144340644e-08
0.000517028259256
1.38840379689e-14
0.00124146047399
4.55998161599e-05
0.00106549639189
1.77607876999e-07
1.7011214442e-08
9.13928986142e-05
1.43189060153e-05
2.69529255416e-27
0.0
1.36320286912e-13
4.35277053281e-14
5.28758193124e-05
1.8552299861e-10
0.00958417186739
0.00102926334389
0.00122044864773
0.00122044864773
0.000813718267808
0.00958417186739
0.00247604226011
2.72018553536e-11
0.00247604226011
8.38935517774e-11
1.36495350216e-10
3.83065807752e-15
2.0983938697e-51
9.63066111741e-13
0.00196817786271
0.000343854262488
1.90356689431e-33
2.23635051159e-15
0.0
4.87684851565e-12
9.49154370155e-15
0.0
1.5489773107e-05
0.00196817786271
1.12137221071e-28
2.94116024176e-17
0.000483962965915
3.99021510775e-09
1.21133591779e-16
4.0140545891e-17
1.53367985038e-18
1.41060133352e-12
8.44269402564e-06
3.94201131404e-11
0.0
5.24697157784e-07
1.44629624415e-05
1.95048469652e-08
8.25766231555e-07
0.0291744124907
0.000453864722096
1.32258244438e-06
8.45013821919e-15
0.00030471297764
0.00229912452137
0.000153039376695
8.13466098773e-08
0.000110669678616
0.0
4.67207600497e-05
1.0641430455e-06
0.000785049093092
0.0005033517863
8.18164069816e-07
3.38618043167e-15
0.0
0.0
7.0915629527e-17
0.00102926334389
1.43783956315e-07
2.38350311592e-06
0.0081593525976
0.000323329372893
1.43874076356e-07
4.42846423666e-11
2.74493256708e-07
2.50432879774e-08
7.39432690019e-10
1.85321200829e-07
0.00958417186739
0.00436060389161
0.000153039376695
0.000153039376695
0.00247604226011
1.75846883464e-11
1.15875223993e-16
0.000151455469683
8.83575288799e-24
3.04111167352e-28
3.17681522958e-05
2.80108590341e-09
0.000483962965915
0.000576604518453
1.15360460641e-12
3.92554384525e-11
5.09631859488e-11
8.92548580176e-05
7.15441128589e-10
0.000215871563278
0.000367880895866
0.00436060389161
4.72371346914e-13
5.82017482757e-05
2.70928603854e-10
0.00493932762613
2.6226118985e-21
1.22963813193e-12
2.56880320499e-20
0.000233362414705
0.00157285630407
1.00182034597e-05
0.000813718267808
3.7722565837e-07
0.00436060389161
1.33723432653e-05
1.5429121662e-07
0.0
0.00122044864773
8.89320425413e-18
0.0
5.52418983669e-09
2.42985070599e-06
6.86069269907e-07
0.000813718267808
0.00958417186739
0.000109080639502
1.50914547744e-09
0.000127795578416
0.00436060389161
0.0
3.04788489871e-05
0.00010882901861
0.0
0.0
5.1132839325e-22
1.44456623454e-06
1.48102517991e-12
0.000248442824877
0.0
2.84152167053e-11
2.07045384086e-05
9.95153615103e-37
5.14864296667e-08
0.00229912452137
1.17289806708e-05
5.97893636028e-07
4.09051214655e-08
0.00122044864773
0.00198941637327
0.00122044864773
0.0245653863489
0.00122044864773
0.00125234980452
2.22787068969e-07
0.00958417186739
1.18880314975e-07
3.21262363193e-20
1.78335923305e-09
1.5899667593e-14
0.00102926334389
4.88142988349e-11
9.30539858762e-06
0.0
1.21046668836e-08
0.0291744124907
1.12202033725e-07
0.0245653863489
0.000381598237792
0.0128184693775
0.00198941637327
6.35821026391e-09
1.94265097088e-15
7.42671642133e-07
0.0
0.00436060389161
4.15528838397e-08
1.08204189589e-07
5.83237646764e-17
7.00728846583e-16
1.32437358007e-05
9.4685331608e-12
7.73376232292e-12
2.87258846854e-07
4.72482357993e-13
0.000107581281245
1.46171890886e-10
6.29446969189e-06
6.16217986194e-08
0.000189595247528
0.0
0.000785049093092
1.27892386251e-05
0.0245653863489
1.52040209178e-07
2.41629946895e-08
0.00106549639189
1.41943076548e-14
0.0
4.77421914699e-13
3.22901545326e-11
9.14213185435e-07
1.94410237631e-09
1.65622298774e-16
8.31696508649e-07
0.00102926334389
4.10905475652e-08
0.00958417186739
1.57942715215e-12
0.00229912452137
0.00436060389161
9.80186353687e-11
1.66293101371e-06
3.03980444776e-19
5.26738148706e-25
7.77457204886e-16
2.57688067682e-11
0.00493932762613
1.80822831453e-08
3.46018489541e-18
1.24922631119e-14
8.56506229845e-10
3.00277843404e-10
3.48612603319e-20
0.0
0.00436060389161
1.29314100739e-06
1.79287633939e-10
0.00198941637327
0.0128184693775
6.84760564107e-05
0.0
0.0
0.0
0.00226056454001
4.85341216177e-09
0.000117133048117
0.000785049093092
1.15596144398e-39
0.0011815090088
0.00958417186739
1.18794313189e-07
2.07874296111e-05
2.29862978823e-10
2.36114229262e-17
3.9967343257e-06
1.21156494295e-12
0.000650123779032
0.00102926334389
0.0
7.9120808666e-15
1.55658834307e-06
7.45207592302e-18
0.000532129765719
7.03325973529e-18
1.20133923609e-12
1.79961334057e-06
6.74922479805e-23
2.82137248176e-07
2.30209066168e-05
0.0
6.21760347317e-06
3.86867310935e-14
0.00102926334389
8.66819809057e-06
2.6673782638e-23
0.0245653863489
6.65766952408e-09
6.29224912274e-08
1.19994816604e-06
5.88494596134e-06
3.54394859304e-07
8.01307305147e-15
0.000162088656569
0.0
2.67977590526e-16
3.69461274391e-12
0.00958417186739
1.65397295198e-07
0.000726172199317
0.00102926334389
0.00493932762613
5.96193683565e-14
7.96017333613e-11
2.55365829738e-06
0.0130396488271
0.00229912452137
0.00436060389161
0.000517028259256
0.00102926334389
0.000845275549649
0.0
1.05751465857e-08
0.0291744124907
9.76433658942e-17
0.00247604226011
0.00157285630407
1.30096796055e-15
0.000242783466229
0.00436060389161
1.13986217072e-09
2.84868795606e-05
0.000785049093092
0.0
1.01950322014e-05
3.55839657201e-06
7.15862960196e-16
4.25189771845e-21
0.0
1.04475884826e-09
0.00106549639189
0.0
1.71175681187e-14
2.30209066168e-05
5.89380140555e-05
0.000845275549649
5.96561583907e-10
1.19158299276e-05
0.00157285630407
0.00420301698823
3.93748140906e-05
0.0
2.96877077335e-23
1.80257079173e-09
3.00632583482e-07
0.00198941637327
0.0
6.48688056821e-20
3.66236647252e-07
0.000234089123268
0.0
0.000520774690126
0.000119609805569
5.92121639013e-08
4.92831111179e-16
0.00247604226011
0.00493932762613
8.05018309332e-05
6.21760347317e-06
1.44368615482e-05
0.000248442824877
6.41294935407e-07
0.00247604226011
0.000520774690126
0.00198941637327
0.00013100320803
2.88263081285e-08
0.00436060389161
0.00229912452137
0.0245653863489
0.00122044864773
0.00297084226516
0.00168111032547
3.99373810641e-10
4.96089023694e-25
4.81880320003e-09
0.000845275549649