500
0.00396345520917
0.00460615137867
1.22936923815e-17
0.00460615137867
1.26181556664e-06
6.29401532787e-28
1.02852271651e-12
0.00912373730806
7.09564570087e-09
1.65848505994e-06
0.00460615137867
0.00231416073339
2.12583325397e-08
0.00238886431795
2.75725498159e-05
1.10960386023e-06
0.000215666286405
3.5884020543e-05
9.89549935915e-06
0.000112550764683
0.0
0.00106567610292
0.00460615137867
2.85110344882e-15
5.02985064116e-05
1.34173455074e-20
1.63078937129e-18
0.00231416073339
0.00788863805285
0.000148160507869
0.00460615137867
0.0306072651966
0.0
0.00460615137867
5.85871104659e-05
6.87524091212e-13
0.00231416073339
1.39458667316e-07
0.0
4.90143445192e-08
8.00813362653e-08
6.28412310606e-05
0.00912373730806
0.00225573818341
2.64872575746e-18
2.37848957347e-06
1.93012903036e-08
2.30646777338e-15
0.00143861550181
2.19840004274e-05
3.66399397879e-08
0.00481651837187
0.0
2.15392368874e-10
7.84471564909e-09
0.00460615137867
0.000508022609961
3.25449412367e-20
0.0
0.00071505979611
0.00146030327749
6.25101739759e-08
3.71196374955e-14
0.0
0.000163560269206
2.61424001468e-16
6.67230368528e-08
0.0306072651966
3.91733389689e-17
1.48734682231e-17
8.40440128646e-08
1.33660776832e-08
6.33260760963e-07
4.11119221514e-18
9.66088737687e-13
0.0
0.0
3.23661944156e-06
1.33573475744e-14
3.53738211808e-16
2.57507574163e-19
1.39765745116e-06
0.00912373730806
3.42120194696e-08
2.50514681652e-05
1.10449469196e-15
3.02753109073e-07
8.25814430993e-12
0.000745801779994
5.85481791192e-07
9.93178361349e-14
2.43992201005e-05
3.5884020543e-05
1.9816709113e-10
0.000205282294077
4.53280329365e-07
3.24877883284e-15
2.36925532985e-11
5.99277978381e-10
3.67761713592e-05
2.07170243574e-06
2.33057568832e-08
2.52340750819e-06
4.24637497759e-09
0.000228752427824
9.47807979552e-06
1.0372592341e-09
0.00231416073339
1.26319544414e-09
0.000544190295911
0.00037793092184
0.000268472923067
3.63114098604e-05
0.00912373730806
8.74279424635e-10
0.00231416073339
0.00238886431795
0.0
4.90400629591e-05
1.06052925e-09
3.10082998416e-11
2.66601395537e-23
3.08388638253e-06
1.18056895233e-08
2.78869758744e-10
7.65277200774e-23
0.00231416073339
8.76651623573e-10
0.00460615137867
7.80176255681e-10
1.20470622296e-10
0.0110945318962
0.000284160321188
0.00035492657571
0.000105323940937
0.000725213007323
1.19590375506e-06
6.39344933483e-09
1.24603368306e-07
0.000544190295911
2.23069882867e-13
0.000758951290529
4.79258922644e-05
0.00106567610292
2.17806703065e-07
6.14363494412e-08
0.000108802528992
1.51676086656e-05
1.08604956994e-24
1.34568406044e-07
0.0
1.43802759578e-13
0.000104681345628
8.3717417672e-11
0.00912373730806
0.00146030327749
0.00231416073339
0.00231416073339
0.000963034214798
0.00912373730806
0.00225573818341
4.51505699759e-11
0.00225573818341
2.43826248204e-10
2.32926235125e-10
0.0
0.0
2.83061129148e-13
0.00165077661518
0.000269029601297
1.30287385142e-31
7.44172841699e-16
5.24273975003e-06
3.24850345093e-11
1.90755387018e-14
2.41146090712e-10
4.29645734519e-05
0.00165077661518
9.62735745001e-29
0.0
0.00107727005851
3.30619214382e-08
0.0
1.81249905825e-18
6.54459174609e-18
0.0
1.57467380012e-05
2.34721401029e-11
2.85781009352e-07
4.09923779606e-07
2.57675674196e-05
4.69729176183e-08
1.23218983994e-06
0.0306072651966
0.000478259300206
9.64476350681e-07
6.96062627671e-14
0.000377495144563
0.00243858280603
0.00037793092184
5.77745755181e-08
0.000129300035777
4.51504302544e-34
4.22698483344e-05
1.46399372521e-06
0.00119154337248
0.000498708312153
1.30806290611e-06
1.23527341406e-16
0.0
4.94809421756e-21
2.79523084405e-16
0.00146030327749
5.19813541012e-07
8.71757548443e-06
0.0109858371209
0.000263189973961
1.21427299341e-07
9.19438618758e-11
1.15122487555e-06
3.65331098245e-09
4.57544768913e-10
6.57993356273e-07
0.00912373730806
0.00460615137867
0.00037793092184
0.00037793092184
0.00225573818341
1.07750020519e-11
0.0
0.000213000668365
6.77750699113e-25
2.90512138173e-26
2.55816559751e-05
1.41790973796e-09
0.00107727005851
0.000546861043794
1.69203213115e-12
5.02340288499e-10
8.92481397417e-12
0.000183383267494
8.11308003096e-10
0.000648811089504
0.000614124342431
0.00460615137867
3.21357828819e-11
8.38328638141e-05
5.19936659161e-10
0.00788863805285
4.15122547081e-20
6.34121136175e-13
0.0
0.000176015245948
0.000812558475493
2.14461465807e-05
0.000963034214798
4.00191744094e-07
0.00460615137867
2.35330318511e-05
1.28218504222e-07
0.0
0.00231416073339
0.0
5.70907400888e-08
9.3945920173e-09
0.0
6.81955085674e-07
0.000963034214798
0.00912373730806
9.14015436304e-05
5.04145927742e-09
0.000327805906828
0.00460615137867
5.40457154984e-15
6.84007951866e-05
9.95353012732e-05
0.0
5.86556075584e-28
6.59562986447e-23
1.2699470041e-06
1.71537136149e-12
0.000243791474251
1.19528730879e-08
1.18902520094e-11
1.44263553325e-05
2.3110540254e-35
3.08979361964e-07
0.00243858280603
1.12771567017e-05
1.29763925444e-07
1.88206712311e-08
0.00231416073339
0.00238886431795
0.00231416073339
0.025909294664
0.00231416073339
0.0018482330664
1.53392234407e-07
0.00912373730806
1.69989031753e-07
8.4460165923e-20
4.66229613365e-09
1.8161632086e-14
0.00146030327749
1.95797744063e-10
3.24085256275e-05
0.0
5.11782795816e-09
0.0306072651966
9.25046078878e-08
0.025909294664
0.000642960560901
0.0110945318962
0.00238886431795
1.00348405103e-08
2.24959074964e-18
0.0
2.81866804738e-17
0.00460615137867
6.44079400833e-08
7.71648763545e-07
0.0
5.63735824424e-15
2.62022700102e-05
9.25082033398e-11
0.0
6.31342098418e-07
0.0
0.000227910427472
8.09654096706e-10
0.0
2.09332465634e-08
0.000173756511974
2.66792693555e-13
0.00119154337248
2.53044821108e-05
0.025909294664
3.31523952108e-07
6.91338506487e-08
0.00106567610292
7.34271389657e-15
1.44641286427e-24
3.51732167835e-12
3.69186113371e-11
2.29479969183e-06
5.82790907555e-09
8.09425272661e-17
9.41239191801e-07
0.00146030327749
7.92003729616e-08
0.00912373730806
1.02742830814e-12
0.00243858280603
0.00460615137867
4.66225003669e-10
1.82065422962e-06
1.93441034967e-18
5.59839904193e-24
2.84031210519e-15
8.11864568677e-11
0.00788863805285
7.84754249142e-07
0.0
6.23736649177e-14
0.0
2.68392006947e-10
2.38183773187e-20
2.03497835901e-15
0.00460615137867
2.29529012277e-07
2.85969827984e-09
0.00238886431795
0.0110945318962
0.000170988246462
2.60165284144e-21
1.6342792223e-10
4.28604845035e-21
0.00105835900397
2.6654673609e-10
0.000409422045525
0.00119154337248
1.59751296351e-40
0.000937918243482
0.00912373730806
1.04116501667e-07
2.63758127652e-05
3.20753332758e-10
5.69896704411e-18
1.45838289355e-05
6.19517867302e-13
0.000673190777929
0.00146030327749
2.04761034999e-08
0.0
6.19216458755e-06
0.0
0.00037686295179
8.16787761144e-17
1.140900763e-12
1.84192826334e-06
3.89158910766e-23
4.19977711966e-07
2.11813191242e-05
2.8791352081e-23
1.43849618924e-05
2.54639822318e-14
0.00146030327749
5.26540945241e-06
0.0
0.025909294664
2.59921919571e-08
2.59856118561e-07
1.19397799296e-06
2.51966221385e-06
0.0
6.22360129353e-14
0.000360483006537
1.50103052303e-06
4.40875955897e-15
4.86798479773e-12
0.00912373730806
8.62487838242e-07
0.000778173125369
0.00146030327749
0.00788863805285
1.30063263213e-12
4.77519328836e-10
2.67445551478e-06
0.013750646366
0.00243858280603
0.00460615137867
0.000544190295911
0.00146030327749
0.00110270719576
0.0
2.2185796552e-09
0.0306072651966
1.83336110623e-16
0.00225573818341
0.000812558475493
2.33851607266e-15
0.000725213007323
0.00460615137867
1.79302052605e-09
1.46390695558e-05
0.00119154337248
4.89737076223e-12
1.84356762907e-05
6.74138581557e-06
2.08862053146e-16
2.38228246671e-20
0.0
0.0
0.00106567610292
0.0
8.64516618828e-14
2.11813191242e-05
0.000123120415018
0.00110270719576
1.29228817203e-09
0.0
0.000812558475493
0.00481651837187
2.27365050067e-05
1.92170315834e-10
0.0
8.70229827793e-09
4.206208852e-07
0.00238886431795
1.27448805541e-12
3.02392960965e-19
3.30200569861e-07
7.87773339292e-05
0.0
0.000662696808888
0.000144161897385
5.48647918902e-08
1.67816272736e-14
0.00225573818341
0.00788863805285
0.000123770408288
1.43849618924e-05
2.30382354916e-05
0.000243791474251
8.54869893409e-07
0.00225573818341
0.000662696808888
0.00238886431795
0.000153807946616
5.0301075499e-08
0.00460615137867
0.00243858280603
0.025909294664
0.00231416073339
0.00311669227614
0.00143861550181
0.0
1.86307908361e-24
4.75723031768e-09
0.00110270719576