500
0.000286016581438
0.0836621253406
0.000107016105434
7.03694055947e-07
0.0836621253406
0.0836621253406
3.21849903674e-18
3.99352820377e-09
3.61223955482e-05
8.69219146207e-08
0.231434561626
0.00151020473404
1.38843758531e-05
0.000172770535065
0.000220484662261
0.0181578947368
5.42418555039e-05
0.0836621253406
4.82081321128e-05
0.000612770686534
0.000408110444549
0.000596423619572
0.231434561626
0.231434561626
8.95534968355e-06
0.000464789348618
3.06523140925e-06
0.231434561626
0.0181578947368
0.231434561626
7.88343256982e-07
0.0181578947368
0.00152780456538
1.03042821528e-10
1.34355452178e-10
8.55305126672e-10
0.0836621253406
0.231434561626
6.16813774461e-06
0.231434561626
3.26702537017e-05
0.231434561626
0.0836621253406
2.56349464436e-05
0.00103349313305
0.0181578947368
1.42110040683e-05
0.0089053057368
0.000676711414514
0.0207816588787
0.0836621253406
0.231434561626
0.0012822799427
8.49425112247e-14
0.231434561626
0.0836621253406
0.231434561626
7.2224138349e-05
0.0181578947368
0.000856869284709
6.63974982836e-05
0.000766516018117
9.96962859703e-08
4.58926475425e-06
0.0181578947368
0.0181578947368
0.00289659058786
0.00749533470552
3.75675082476e-06
0.000302534839317
7.92936632104e-05
0.00151020473404
1.90712730676e-05
0.231434561626
5.87089688357e-13
2.74679974931e-05
0.0836621253406
5.78917507899e-08
4.55134180485e-11
0.0836621253406
5.2765780514e-06
0.00221155493863
0.000513074816786
2.37141935648e-07
0.0836621253406
1.72243316431e-05
2.24081354172e-05
2.42515020973e-06
0.231434561626
0.000276486766778
5.30581935925e-06
2.36046124714e-10
0.231434561626
0.000647213396944
0.0836621253406
0.231434561626
0.00463541449192
0.00330827088486
0.00104652583808
0.0181578947368
5.48386336521e-05
1.40040153616e-07
0.231434561626
9.38240220985e-07
2.29690422531e-17
9.16113879017e-08
0.231434561626
1.12606947538e-15
3.26702537017e-05
7.76459851782e-05
1.91852602129e-05
0.231434561626
2.01058768314e-11
0.231434561626
0.00136771394673
0.000998277426701
0.0089053057368
1.10109103172e-09
2.82895444417e-06
1.34094443005e-05
0.0207816588787
0.000656377634554
0.0836621253406
0.000105358619326
0.0181578947368
1.39412613732e-05
0.231434561626
0.0836621253406
3.35870532032e-06
0.0836621253406
0.0101014659818
1.92970391775e-15
0.00152780456538
0.000196190830573
1.9695997023e-05
0.0836621253406
0.00022594328161
0.231434561626
0.0012822799427
0.000106769349315
3.23928793235e-05
4.13890218992e-17
0.231434561626
7.11809071261e-17
1.92384286556e-13
0.231434561626
8.78860503217e-05
0.0051621608224
0.0836621253406
3.60874033671e-05
2.27614314085e-05
4.01177270879e-07
1.07407028969e-13
0.00192807923413
6.21200538526e-06
0.231434561626
0.0181578947368
0.231434561626
1.40456469106e-13
0.000367723852847
3.67178504931e-06
3.48023195711e-09
0.231434561626
4.18295157077e-15
0.231434561626
0.0181578947368
9.98359751081e-18
0.000339739930931
0.000365343924062
0.00330827088486
0.0181578947368
0.0181578947368
1.90075615255e-05
3.59221854131e-07
1.04895877817e-10
0.0181578947368
0.000190634798122
0.00022594328161
0.231434561626
0.0836621253406
0.231434561626
7.90404455879e-13
0.231434561626
4.16982804309e-06
0.00136771394673
0.000172770535065
3.48086694505e-05
0.00152780456538
1.59853555973e-09
0.231434561626
0.00578926531607
3.27849400408e-07
0.0207816588787
0.0181578947368
0.231434561626
1.10109103172e-09
0.00022156876228
3.07202541581e-08
8.78569711931e-11
0.000464789348618
0.231434561626
0.231434561626
7.34400786671e-06
0.00151020473404
5.44924908541e-15
9.46862141695e-06
3.67556417356e-16
0.000998277426701
5.77289912042e-05
0.231434561626
0.231434561626
1.80142678516e-08
0.231434561626
1.23412333936e-09
0.00749533470552
0.0181578947368
0.0089053057368
0.231434561626
0.00221155493863
1.78862222382e-07
0.000213183103028
0.000190634798122
0.0181578947368
0.0836621253406
0.000194074727854
0.00221155493863
0.0181578947368
0.0836621253406
0.000568894294897
1.67127150355e-09
1.56201751804e-06
0.231434561626
0.231434561626
0.0836621253406
0.00587256948571
1.13567312355e-07
2.01583575639e-06
2.37909818071e-13
0.000141984602372
0.000157895093148
0.0836621253406
0.0836621253406
0.231434561626
0.000438359490637
0.231434561626
0.000290757583426
0.0181578947368
0.000353808798451
0.231434561626
3.17267725821e-07
0.000568894294897
0.231434561626
4.00413876692e-09
0.0836621253406
0.000104554045686
3.14924418075e-05
2.91803189895e-08
0.000646093657223
0.00330827088486
0.231434561626
0.231434561626
0.231434561626
0.00749533470552
1.37838276369e-10
0.00082930650225
0.000111846869366
1.24682918324e-18
0.0836621253406
0.0181578947368
3.67967584639e-14
2.6390292804e-06
1.79547834883e-24
0.0207816588787
0.0089053057368
8.43913458251e-05
0.000612770686534
0.0836621253406
0.231434561626
1.13891580128e-19
0.231434561626
0.0181578947368
6.52073940485e-08
0.231434561626
0.000353808798451
9.4605618118e-05
0.000192032079806
0.000612770686534
0.231434561626
1.38843758531e-05
0.000568894294897
1.79389385838e-09
1.16161775191e-05
1.20635161163e-06
5.52684689882e-14
0.231434561626
0.231434561626
6.37690919267e-05
0.231434561626
0.231434561626
4.82081321128e-05
0.231434561626
0.000568894294897
0.004018832745
6.37690919267e-05
0.0836621253406
0.00134747530259
4.65853054088e-18
0.231434561626
2.22812746602e-08
0.0207816588787
0.231434561626
0.231434561626
0.0836621253406
0.0012822799427
0.00289659058786
8.97279741711e-06
0.00151020473404
1.78723982064e-09
0.000438359490637
4.28707385893e-05
0.000453560388352
0.231434561626
0.0836621253406
1.62503834289e-05
1.28143721547e-11
0.00749533470552
0.231434561626
1.6130904094e-10
0.00248469535019
0.231434561626
0.0836621253406
0.0836621253406
2.34277925634e-05
1.19480441795e-24
0.231434561626
0.00117755058607
0.00587256948571
9.05075226483e-13
3.12884107469e-06
0.0181578947368
5.60911248144e-17
0.231434561626
0.000190634798122
0.231434561626
0.00587256948571
0.0089053057368
0.000220484662261
0.000142511259295
1.74553512006e-07
3.32490486554e-07
3.11987482511e-09
0.0836621253406
0.0836621253406
0.231434561626
0.231434561626
0.00140479063393
0.231434561626
0.000220484662261
9.32470781998e-05
0.0181578947368
8.62112205122e-06
0.0836621253406
5.96358341321e-06
0.00330827088486
0.00103349313305
0.231434561626
0.000719512649997
8.56289254794e-09
8.78860503217e-05
5.54939263243e-06
0.000276486766778
0.0836621253406
5.07037405057e-09
9.33373661314e-11
6.86575191687e-19
0.231434561626
1.49458429522e-07
0.0181578947368
1.25995800161e-10
0.00117052240778
0.000149894293516
2.23741372395e-11
2.66745351069e-07
2.0599898038e-09
2.07442529465e-10
0.0836621253406
0.231434561626
4.70177664566e-08
3.26702537017e-05
3.70774078006e-05
0.231434561626
0.231434561626
2.05980130419e-08
0.0051621608224
1.71998296326e-07
0.00289659058786
1.99379638595e-05
2.92273334129e-08
0.231434561626
0.0181578947368
1.1299527826e-15
2.32522788617e-09
0.231434561626
0.000339739930931
2.55541341702e-05
0.0012822799427
0.00138111063705
0.231434561626
4.90681483356e-09
0.000568894294897
0.00136771394673
0.0836621253406
0.0836621253406
2.22782777876e-05
0.0836621253406
3.53806397837e-06
0.231434561626
0.0089053057368
0.000805844675945
0.0207816588787
0.00463541449192
4.56424420528e-07
6.03106948142e-08
1.71474454098e-08
0.00197670776706
0.00221155493863
3.46002910987e-11
4.16982804309e-06
0.231434561626
2.5811924545e-07
0.000106769349315
1.31534081772e-09
0.000140636143323
0.0836621253406
0.00221155493863
0.0836621253406
4.83753313825e-05
0.000612770686534
0.0207816588787
1.58375903634e-05
0.0089053057368
0.00749533470552
1.69543461482e-05
1.08299108121e-05
0.231434561626
3.56369536058e-13
5.22243255913e-09
0.231434561626
2.19446422002e-05
4.49314910833e-10
0.231434561626
0.00587256948571
0.231434561626
0.00587256948571
3.26403688296e-05
0.0051621608224
0.000612770686534
0.00103349313305
0.231434561626
0.0051621608224
0.000678750283861
9.49392579153e-05
2.78808752926e-05
4.46359337033e-06
0.0181578947368
5.8219353536e-09
0.00136771394673
0.231434561626
8.85243220549e-05
3.80403058572e-08
0.0836621253406
2.03499836241e-08
0.231434561626
0.000676711414514
0.00151020473404
0.231434561626
9.70079907496e-11
0.00221155493863
0.0836621253406
1.40526475483e-06
0.0836621253406
0.00140479063393
0.00471225097885
1.25978783102e-09
0.00192807923413
3.46055476691e-09
5.38740239444e-06
0.0836621253406
3.85860104675e-08
2.61083185984e-07
0.231434561626
0.000656377634554
0.231434561626
0.000353808798451
0.231434561626
0.00022594328161
0.0836621253406
0.00134747530259
0.000399546243213
0.231434561626