500
4.21261136849e-08
6.37327045412e-51
0.000161362141986
8.75939104565e-17
3.03690325849e-16
1.87342985583e-48
8.81177882121e-128
4.33754126794e-20
7.74643496541e-207
1.0052602107e-52
7.55636790219e-84
1.29555225797e-129
0.0
1.50348540268e-59
1.80759263683e-08
2.59439708226e-34
2.46403436224e-26
1.15840621956e-05
1.44958754411e-08
1.80053853686e-24
1.51869375098e-30
6.5351446845e-20
4.57003707747e-34
1.5748654518e-163
2.85524324101e-40
0.00154017857143
1.08301846828e-31
3.82121030885e-83
5.35447569753e-31
3.72132975254e-27
5.23535085693e-65
2.01520820046e-50
7.11826934107e-39
5.00087991025e-23
1.27780233526e-95
2.78789171729e-44
0.011052631579
1.18953754566e-08
2.34243438327e-16
7.23310777015e-07
1.69801539134e-19
7.88460232095e-89
4.65064224314e-179
1.70609213454e-10
0.00494623655914
0.011052631579
1.92317399348e-60
1.24332891698e-20
3.44176789346e-20
9.61372774092e-53
2.96203041863e-21
5.34916469936e-29
0.00234408602151
4.34564415779e-102
5.9807622883e-124
2.32797642648e-150
2.53163191262e-54
3.22917088336e-75
6.83205207681e-08
4.29122291998e-112
3.54991642763e-130
2.53752762579e-31
3.85036522837e-19
6.12184595085e-59
8.79216883423e-54
1.57011066719e-07
3.36729992507e-21
4.49637571699e-32
3.17750884023e-84
6.69737581892e-41
3.8090018837e-30
1.22129617523e-39
5.71561974921e-09
1.08912282357e-29
8.66543106922e-37
6.82181994827e-91
7.85926609185e-133
1.35994785046e-22
6.35421547621e-17
3.46432469391e-63
8.40008552799e-07
1.31839352199e-92
5.91042878066e-46
7.64504877384e-13
3.38775847152e-190
7.2244117754e-37
5.19839484491e-17
8.86461005336e-26
1.78490755577e-06
4.19716931335e-07
5.05235565131e-37
6.54193635854e-34
4.22667365718e-45
2.53158771955e-06
1.07459392735e-55
1.08485762815e-10
3.86989418035e-09
8.10283990742e-05
1.03213625498e-07
5.551584188e-07
4.01821703445e-22
6.0631193007e-87
4.59185301964e-15
1.27996368229e-52
2.00390729379e-76
1.48981458434e-11
5.45253618508e-16
1.63484852084e-10
1.38861596435e-19
1.34218388205e-16
4.14477097896e-42
3.32297926185e-40
1.4663123464e-49
3.58238929817e-36
5.75372425773e-12
1.47604086347e-17
2.21307708409e-30
4.44491061409e-10
1.50997443186e-29
1.61318888359e-35
1.0801379715e-11
5.68852835313e-72
3.37555104388e-20
1.37264792005e-12
8.20019150814e-136
1.79839363254e-53
1.7445826704e-46
4.4748011985e-15
6.7404749975e-65
1.15643138079e-25
3.16321560187e-23
5.10485002107e-33
6.02608017783e-29
6.28842152902e-07
1.99130546471e-05
8.33138732607e-44
2.07630239013e-25
5.940476866e-32
9.4712060687e-13
2.9772637151e-100
6.91657983619e-32
7.76250119792e-37
1.20956052573e-30
2.26565103548e-53
3.07270628047e-11
2.45276184804e-09
2.24948922548e-28
5.84627638346e-34
5.47920386084e-12
2.02218174953e-129
8.01440052585e-05
2.88621669068e-07
1.43183757113e-48
7.37551714536e-15
2.90374033193e-05
5.26558824763e-16
2.55265412074e-39
1.77691382703e-59
2.08253494153e-54
1.93209980191e-30
1.16968183678e-30
1.46710010055e-11
9.15536711525e-38
3.02416419563e-12
1.5954752274e-26
2.51215466531e-07
1.87872330024e-56
0.00234408602151
2.84888531717e-61
1.89813358457e-99
9.42120220193e-37
4.62698624943e-21
3.6422186532e-104
9.0473368853e-46
1.09222437823e-17
1.85774579665e-08
1.01560138699e-11
0.0
1.8979613461e-25
4.2008309389e-13
5.60688882102e-16
1.09184078297e-15
5.69956811896e-07
5.55251356526e-15
1.40810077657e-155
4.06667299974e-78
1.6118874294e-108
2.35093342883e-35
7.10945323785e-06
6.47498247623e-42
1.10690456702e-17
9.66733414158e-98
1.16856154989e-54
9.33861257561e-166
5.77568462212e-26
1.00922120261e-75
4.8905524121e-40
9.79837490498e-46
2.07931525436e-36
1.4617120093e-62
2.73797620465e-10
2.30328672705e-34
6.5123419135e-29
9.71752998469e-17
1.1750521584e-59
1.14145377262e-13
4.91751163392e-12
9.52948325268e-25
2.78353973309e-61
6.4022620629e-05
1.10689359729e-38
8.11227267663e-91
3.57217398031e-08
1.42189523862e-09
8.64252800903e-36
2.09382050398e-34
4.21838322737e-09
3.15708495398e-24
1.76648329278e-88
5.06884613159e-07
2.85051141488e-14
1.52357679453e-34
5.31470194872e-19
8.44413088888e-09
1.27499368629e-52
1.01312372663e-07
8.87957828117e-29
0.011052631579
1.14895413714e-11
5.7121383631e-08
1.48868128321e-21
5.5243848329e-06
8.82422167489e-131
6.04560273084e-14
6.78051392845e-90
3.50144692115e-83
6.27605263816e-19
4.01793909185e-07
8.16265991059e-67
1.27174648273e-43
4.06058310075e-40
5.79255080391e-25
7.94486452336e-06
0.000311721643113
7.76292398215e-16
1.94156300285e-26
1.11569692364e-49
2.14476181682e-09
1.24310941428e-24
1.28154233238e-46
1.22335046169e-43
1.53298357123e-48
2.69312342845e-09
1.58258737097e-40
4.68185055311e-27
7.06776446288e-21
2.51565059695e-15
3.3873624879e-11
3.08904384488e-33
2.14861364888e-20
0.000279937888276
1.1161355024e-36
3.878186161e-11
6.35963076665e-97
6.28403729785e-66
6.15593351179e-38
1.09292296652e-05
2.33912509695e-63
8.16582164301e-43
7.12305207905e-32
1.02252319627e-14
4.36553973811e-43
3.66533363711e-11
5.8798806067e-34
8.41720744251e-11
1.47752132633e-22
0.000542734386894
1.36124875803e-22
2.38076086721e-34
4.01178081932e-06
1.12915269134e-05
5.02258093256e-145
1.02535561108e-36
1.456052123e-31
3.99263240105e-16
2.94212768763e-20
0.000134949376527
1.99139572146e-25
0.000139019485467
1.72095729749e-95
2.38159120425e-18
0.011052631579
2.64024837933e-39
4.09896721075e-21
1.26320735104e-17
1.24238753318e-30
4.93494299075e-62
5.54287157054e-14
4.84226232268e-16
1.30262128878e-34
1.00309076151e-17
6.16750745646e-96
2.72007364619e-44
5.91888359836e-51
1.00099768084e-06
1.75440929467e-10
2.46866561386e-36
1.92120894938e-13
4.11551695809e-05
3.10329133397e-12
2.17535811337e-105
3.56992995183e-32
7.22079201277e-28
7.3552756444e-56
6.00534953166e-86
3.8458572018e-99
0.00494623655914
1.79893180773e-41
2.03441421302e-21
2.86532531231e-11
2.28829752765e-76
1.57638755096e-37
4.65367168577e-20
6.00009815132e-31
7.03577631216e-19
1.64639608809e-24
2.3053308019e-95
4.67273802807e-06
9.80792975416e-15
8.62764504913e-17
1.38088706369e-18
4.32108842119e-18
6.92873764859e-106
0.011052631579
3.72153239548e-40
1.19669650414e-27
1.15637004785e-15
1.89540600592e-14
9.09432846796e-30
0.011052631579
4.21266182405e-10
5.48868607003e-18
8.97487312737e-08
1.47600396259e-38
1.62015862046e-138
1.24346963844e-69
5.24706310993e-23
7.14178532827e-116
2.42078442618e-44
8.4012259127e-14
5.36073011619e-16
1.91732560981e-29
7.68439725687e-08
0.011052631579
1.12205991007e-15
3.53577639709e-35
9.7763319891e-07
0.0
3.96754371576e-89
4.52160526636e-14
1.4614450569e-62
2.05192674248e-06
1.01810561387e-24
1.30969330274e-58
2.02068295345e-38
2.89136093448e-31
5.42360817901e-34
5.48734713444e-43
4.54192931823e-76
1.42933998019e-49
1.2389048275e-71
3.67705677361e-37
0.0
1.05861364799e-65
1.25221831429e-14
2.59893261119e-14
3.17115951111e-06
3.93616361761e-41
6.83492165567e-89
3.2465095657e-96
2.14086709637e-90
0.000256460816827
1.43094406926e-25
1.70648106905e-29
7.0095259406e-08
4.77818458547e-09
3.20023498225e-10
4.21275026243e-66
1.33687782729e-08
1.48674337228e-82
8.87293721014e-23
4.11483711461e-12
5.93915689569e-08
2.18396484134e-13
3.13117925205e-29
1.42149290595e-28
2.59381018842e-10
1.60165827643e-42
5.16118146022e-62
7.8347494285e-36
1.89702130199e-27
1.6245204645e-20
5.49294451397e-77
1.31918475926e-87
2.11985444807e-08
0.011052631579
5.33328721777e-07
2.68574808527e-20
2.58736838364e-132
5.95195530307e-14
1.99349998815e-29
8.39266870474e-11
8.6846136872e-06
0.011052631579
1.95136811724e-70
3.2057723795e-45
1.18911870733e-54
2.5390161944e-12
7.65953912765e-116
3.92301524492e-06
3.1996561438e-07
6.71669121858e-53
1.15928312227e-32
1.43146890204e-68
2.96048910962e-16
3.02398685114e-06
1.11892678232e-163
2.99833137666e-85
0.011052631579
1.29411126281e-34
4.29910191901e-27
8.03693562158e-23
5.36849644708e-07
0.000383768662777
1.23495374923e-11
1.16745051276e-38
1.48312615282e-13
8.10920492077e-35
1.978651323e-76
3.15013821081e-34
1.71410304231e-44
1.73718865571e-12
0.000134949376527
3.15572665718e-16
9.87994996489e-24
0.011052631579
1.43735881764e-36
5.02963120143e-64
9.38834062896e-12
6.62270681143e-48
0.000138888020391
8.76503399339e-36
3.58565652432e-19
1.52819236883e-28
6.5342199688e-15
3.08659353716e-103
3.23460537523e-35
1.09077542782e-29
4.18134919694e-07
0.00494623655914
2.14199301089e-36
2.09443984455e-36
2.21524688256e-73
6.26837935462e-10
1.9619761805e-10
5.50064257092e-63
5.32978759576e-10
1.17259864776e-50
1.86117120359e-16
1.25652828204e-69
2.30639941744e-13
8.8096831104e-66
1.28177550268e-24
0.00494623655914
2.02058652042e-26
4.59270180634e-17
1.88296273341e-76
2.8532309267e-20
0.000269898753053
9.91469327347e-06
7.17375896351e-06
9.853656061e-68
0.0
7.31851019831e-100
9.63916609567e-11
1.75571109498e-07
5.12032037248e-07
2.64651754846e-60
0.00021206330597
1.73973269924e-12
3.28125640365e-74
8.71815195193e-23
3.21851885896e-06
1.76289135149e-13
6.96713305313e-69
1.75493414173e-56
2.31455764839e-49
1.55378343417e-87
4.86963948965e-32
4.42261589443e-56