500
0.000314497312768
2.7528396392e-12
1.52300017063e-16
0.000289459169687
2.43679547879e-11
2.31259460801e-09
9.76080428912e-08
6.51918084701e-11
0.00149742137176
2.20552759034e-46
2.19937428066e-05
1.52370998199e-05
4.19985618013e-05
3.70604586825e-15
0.000265019662254
7.36691875978e-25
7.65785662012e-05
2.3181179941e-07
0.0245384615384
1.73703899374e-05
1.1861584669e-11
4.13775375055e-11
6.91462223555e-26
0.000452671803959
0.00582858807258
8.9431112235e-20
9.99161362649e-11
3.9640995129e-15
5.20499877298e-33
0.00383127630016
1.32318002523e-07
0.000265019662254
6.93375195265e-08
4.42756628672e-16
2.56380470916e-21
7.8810903394e-19
5.35067909992e-20
6.52181196505e-06
1.80851611924e-15
6.37206208325e-13
0.00530560916839
5.08808399823e-10
1.15218426313e-05
0.000736145234452
1.82945039636e-05
0.00133463222957
0.00530560916839
5.4808736389e-11
0.00149742137176
1.63942828891e-15
0.000406502371163
3.76183291717e-08
6.74971450729e-07
2.43794667806e-20
1.15181907436e-11
0.00360478461438
5.01720360384e-12
6.22515608313e-20
0.00133627441688
5.94007662852e-06
1.75142654022e-08
0.00530560916839
2.420877889e-05
1.05820027976e-05
5.00967068108e-13
1.44499277379e-14
0.00026169841087
1.09875000559e-17
9.43550624238e-18
9.21332394293e-07
0.00837988338194
0.00209280109496
8.81712194488e-14
3.4458021906e-05
1.15403961797e-19
7.12213760211e-06
0.00530560916839
3.01650187166e-16
3.26354226514e-05
4.46943506498e-06
3.66026096619e-08
1.50452093436e-11
4.62573038409e-11
0.00383127630016
7.64465279126e-09
4.05014220007e-05
5.64501354829e-18
9.25971653507e-10
4.36781439488e-05
0.000265019662254
0.00203289779117
1.38970886486e-11
0.000265019662254
1.06821996424e-05
6.5909158655e-05
2.36499635427e-12
7.28123060535e-19
0.00360478461438
8.42636760641e-07
0.00231700776575
3.81689231236e-10
2.17686997023e-12
4.23945771948e-05
0.00305129068638
0.00582858807258
2.11994616378e-06
5.01497370991e-10
6.94381622025e-24
0.000156957114137
0.00582858807258
5.40422444628e-06
7.73689138671e-21
0.0010247433821
4.87901085942e-07
3.65891641597e-07
0.00231700776575
0.000452671803959
0.000195220981202
2.87489545429e-08
0.00383127630016
3.46702052357e-11
1.49759264474e-17
0.000382471369454
0.00164665107141
4.90172414366e-09
0.00188982430108
3.29786285888e-07
3.53052827253e-05
0.00231700776575
5.26382441164e-14
5.16999511533e-14
4.43788368192e-05
2.61597013178e-05
2.85863904542e-09
9.0948981338e-13
3.43419794288e-44
0.00144849842318
1.96105735388e-05
1.22149861511e-37
0.00383127630016
3.35037918642e-05
1.21055766266e-09
6.66735107577e-05
6.71217610966e-26
0.0240262390671
1.74549129481e-18
3.41350701348e-08
0.000251484335533
5.8979128956e-19
4.32836738852e-05
0.00582858807258
1.31963573549e-05
1.61623396026e-06
0.00383127630016
0.0240262390671
0.00262771761941
3.27940293994e-14
0.000151693243114
0.000606651013439
4.69214315068e-12
7.68171206355e-12
6.40271876928e-08
2.02320736033e-05
0.000586826011311
0.0169948293691
1.59796256841e-05
0.0240262390671
2.35560447052e-47
2.48068583089e-07
9.59009807611e-07
3.94150899415e-09
0.00173026336853
9.57418321351e-08
3.15302573933e-11
0.00273530250583
7.25092201929e-12
0.00582858807258
0.00012730095497
1.19702491814e-13
0.000406502371163
1.03003419292e-29
1.36114132536e-21
4.13600130444e-06
7.65785662012e-05
2.75745295727e-08
2.44620404435e-05
4.44369693687e-06
5.92284198467e-07
3.88615271521e-07
3.05406749761e-10
4.53701140542e-05
0.00254920877163
2.83728680096e-24
0.00582858807258
2.20410403161e-05
5.40377972138e-08
0.000399465383146
1.01104563944e-14
2.19937428066e-05
2.55891352779e-10
0.00144849842318
1.14143544174e-14
2.00472000175e-09
0.00837988338194
8.98639740636e-15
2.3701888488e-14
0.00582858807258
3.85191612315e-05
3.46313365799e-07
0.00133463222957
8.58560143221e-06
8.02294151986e-15
2.80047143263e-07
1.09409200522e-28
1.16775570428e-10
0.000280062100934
9.57428374463e-30
1.12057760016e-11
1.48246679423e-06
6.07341853689e-23
2.48090733321e-12
0.000429345017595
2.420877889e-05
4.18612777229e-05
0.000122974292941
1.07269006937e-06
2.56601744114e-11
0.00109098464609
5.49146252705e-05
0.00218704500071
2.34373598415e-06
0.0010247433821
1.09950276087e-05
0.000522271356494
4.61390362432e-46
0.00224244525764
0.00224244525764
1.44366359493e-05
3.5837655791e-07
0.00273530250583
1.07142529225e-09
9.64771261033e-13
3.62320916949e-07
4.92669144586e-05
4.32934521236e-28
6.34600968265e-17
1.71874374952e-05
6.50573510257e-05
1.59294637854e-18
7.08804787214e-11
0.0010247433821
2.29845784003e-20
2.11795073359e-07
0.00337140243937
0.000618419212402
2.47544695237e-17
2.27573358539e-10
0.0240262390671
5.76281140177e-12
4.99409456324e-11
0.000382471369454
6.80780234087e-18
9.01070356024e-26
9.77976956011e-12
4.73373634074e-09
1.92579083981e-14
0.0169948293691
0.00582858807258
4.01593208318e-07
0.00383127630016
1.72264137351e-15
1.84415656692e-10
1.10695651103e-05
0.00530560916839
9.61695732649e-16
5.15071417209e-05
0.00530560916839
0.00582858807258
0.0169948293691
1.22497920496e-13
0.00262771761941
0.00530560916839
9.05396316735e-08
2.51199886804e-22
0.00582858807258
2.42044171465e-07
1.36154346364e-06
0.000586826011311
6.82124898449e-12
8.86109529963e-09
3.69089843943e-08
3.72982613382e-07
2.33298234896e-05
7.23401355323e-19
0.00078648334933
0.00231700776575
1.96842448088e-06
0.00383127630016
2.30098116615e-22
0.000661798958228
0.00188982430108
6.98164762149e-08
2.84583757828e-09
0.00173026336853
0.00582858807258
5.04713250726e-09
4.39216731313e-08
0.000299814288877
0.00582858807258
0.00383127630016
1.83216168602e-16
3.73087793056e-24
3.31585772749e-07
3.19202243723e-07
2.59242295035e-20
1.54122046283e-12
6.19738295232e-25
1.1734813052e-05
0.00383127630016
0.000606651013439
0.00530560916839
0.0041328377331
1.5761041748e-06
0.00041166558824
2.28653414611e-05
3.53438036001e-12
0.00383127630016
5.94344491582e-09
7.92245406974e-12
6.12222229175e-21
7.64796739164e-15
9.4546619335e-08
7.37865553403e-14
0.00383127630016
1.86931531669e-05
0.0240262390671
1.1762962449e-07
3.94663427252e-17
5.63582841474e-22
0.000386265809019
2.4676617561e-08
6.54079906399e-24
4.62881453824e-06
1.14108810041e-09
0.00383127630016
1.66295667873e-08
6.03182756152e-14
0.00530560916839
8.4264306373e-12
6.60398466856e-09
7.57747825161e-09
5.07094048036e-08
1.2027287837e-06
7.55979516761e-13
0.00582858807258
5.42649959714e-19
2.76758749783e-20
8.75108333996e-06
6.72865717461e-07
0.000178897141145
1.86288590089e-08
0.000247055830539
1.89155872044e-09
0.000196895211457
0.0240262390671
2.14497477545e-08
0.00530560916839
3.62336654126e-05
4.45560239689e-07
8.79389659082e-16
2.01888232018e-10
6.60997258151e-05
4.84813492203e-08
0.00582858807258
0.00582858807258
1.56280306474e-09
1.28917483323e-35
9.67273138169e-20
9.2847255113e-12
0.0010247433821
1.59925636704e-07
0.00582858807258
0.000406502371163
0.00231700776575
6.83426526234e-13
3.44749812346e-12
1.51227848228e-06
0.00582858807258
6.50034010781e-06
2.7810139164e-21
0.00133463222957
5.42907908566e-12
1.3787224326e-11
0.0169948293691
2.76939590983e-10
1.86931531669e-05
1.29322670385e-20
6.12753165429e-13
0.00582858807258
2.50992426883e-28
9.60375966929e-12
0.00582858807258
1.73918795555e-11
1.1656786334e-14
0.0240262390671
5.57305840863e-18
3.55347593611e-10
9.22487573912e-09
5.36480495267e-17
1.09611193302e-06
6.86165248116e-16
0.00383127630016
2.47794494628e-06
2.20410403161e-05
0.00530560916839
0.000610023872131
0.00530560916839
2.77441494293e-13
2.05156870279e-09
1.29092475422e-10
3.92168066049e-06
8.9882519707e-05
0.00125727853623
2.67786536747e-10
0.0240262390671
0.00231700776575
1.7414081825e-11
0.00530560916839
0.00260305108541
0.000385106034084
0.000618419212402
3.90785290801e-10
3.24706299944e-07
7.64753685118e-05
3.14741922144e-10
8.55523028584e-10
2.40406877553e-05
1.70494381352e-13
2.81198281037e-07
0.00383127630016
0.00305129068638
1.2636537691e-13
9.0603765752e-07
3.05512905074e-06
0.00582858807258
3.08366519259e-08
0.00149742137176
0.00582858807258
2.61597013178e-05
6.57834963663e-05
7.43112252214e-07
0.000196895211457
7.81772479371e-08
8.41017404518e-06
2.99590878665e-05
4.77590738579e-10
0.00530560916839
9.32512890276e-09
5.5601708005e-26
2.8823522192e-07
1.65112735964e-06
0.00530560916839
1.84045562585e-07
3.4864178143e-21
8.90527783235e-16
3.31029561733e-09
0.00305129068638
0.0240262390671
0.00582858807258
2.44016936577e-07
9.73647426373e-09
1.75625560036e-05
8.20439336922e-08
2.22811232651e-06
1.71401267918e-11
3.52877952118e-15
0.000661798958228
4.73388934408e-10
0.00262771761941
7.25427721889e-26
7.12213760211e-06
0.0010247433821
3.58731391238e-12
6.23428844406e-09
0.000661798958228
0.00383127630016
5.53758795234e-05
0.0240262390671
0.000661798958228
0.0005352228207
5.28298871262e-06
1.74024818407e-08
0.00383127630016
0.00530560916839
0.00218704500071
1.86496293778e-10
3.63502566508e-06
4.24936114249e-13
7.58583304191e-10
0.000471796395356