500
2.27237700226e-08
2.44407638264e-31
0.00705616021948
4.94802672128e-25
0.0
2.1771131801e-09
7.20447258463e-14
7.89543031018e-10
1.139454602e-11
4.43187247595e-17
2.83976478132e-18
5.29604622789e-08
2.8731238515e-07
1.27905775872e-10
7.14039127181e-14
4.39484717532e-12
0.000978374316885
2.66234177753e-14
0.0
1.68855750207e-28
9.96183878792e-11
1.91108158065e-08
3.31410797906e-20
2.40900043629e-15
2.58993009122e-06
5.00994627311e-27
0.0
4.10030251971e-23
0.0100935177148
1.74919741058e-31
9.42281990119e-23
0.000765736987547
2.7734901495e-34
3.62890753626e-06
8.77963487554e-12
7.42449688061e-21
2.25570646464e-09
0.00130896158277
1.15835191387e-08
0.000130831512192
0.0
0.00130896158277
1.14452623177e-22
0.00133739920326
3.96031552197e-05
1.5374116499e-07
6.96144760424e-13
1.75458666979e-05
6.02049155304e-05
3.40954472839e-29
5.41788439194e-14
1.93703247517e-19
3.8930682681e-16
6.08682325747e-05
0.000280276047241
0.000840209587456
9.15030472075e-13
2.48327474361e-17
0.0
0.0
1.2934840588e-10
0.0
2.72054448739e-05
2.30705368249e-08
1.34118547586e-07
2.57645894457e-07
1.75469050261e-09
2.41769229737e-15
6.02049155304e-05
0.0
1.55163608798e-17
3.08158605072e-15
7.04578129432e-09
1.26399170739e-12
2.90800046305e-26
8.48329450823e-37
2.72054448739e-05
0.0
3.77987204077e-09
3.71971907125e-14
0.0
1.64423615827e-14
0.00748252247324
1.62401483022e-37
0.000765736987547
4.17594119027e-21
0.00322934460848
2.41026672638e-21
0.00133739920326
3.88756896445e-17
0.00495935064873
3.64245924591e-13
5.63167066885e-15
0.000765736987547
7.765849693e-05
0.00133739920326
0.0
0.0
1.42574180263e-11
0.00495935064873
5.29199877197e-15
0.0
1.88691794708e-39
5.8667406901e-16
2.94371223091e-07
7.13978475333e-12
3.27203114414e-14
3.9234899685e-29
2.03257987232e-27
0.0100935177148
8.79037602898e-11
4.53259980108e-12
0.000467655267769
1.47908412447e-12
5.57931089542e-05
1.92716234404e-06
0.000105744589904
0.0
0.0
0.00069011539903
2.40538108225e-06
1.06268855361e-09
6.97793246698e-13
4.76883952682e-33
0.00133739920326
0.0
7.62515845806e-32
0.000590467982895
2.96947251828e-07
7.98846034152e-18
4.33083633909e-09
1.74189968453e-10
2.64758944721e-13
0.00130896158277
5.20986485029e-09
5.49424417488e-10
0.000169443845819
8.47098019951e-13
6.83270830794e-06
1.55086597814e-21
2.76082728528e-08
3.33435656921e-18
8.41674012649e-09
1.71071237787e-26
3.10187651419e-06
2.24753062886e-26
3.85197120576e-19
1.04565341651e-08
0.0100935177148
4.8731677022e-06
5.52876458113e-14
3.27804166052e-12
0.00748252247324
5.88609714942e-07
0.00815250559186
6.08743403257e-08
8.42438942273e-19
3.17222086212e-06
2.66134337165e-06
2.58658053633e-15
2.36861821517e-33
0.000601536704141
3.8242108105e-05
9.41609541426e-24
0.000105744589904
6.14511885864e-17
0.00130896158277
2.67730760852e-24
0.000765736987547
7.52531719752e-34
6.09859881461e-20
0.00495935064873
6.54110346599e-07
2.91229190082e-06
1.75736419275e-32
0.000765736987547
3.10114138989e-22
8.75567683309e-09
3.98891188575e-32
0.00130896158277
2.18520082988e-12
2.17504683161e-17
2.2503383827e-16
3.37527801054e-16
3.70157204487e-38
1.33541870612e-09
1.92890662984e-08
5.5615084126e-29
1.08013307564e-24
4.05840953064e-09
6.18824431089e-19
1.65429815147e-51
6.71001792379e-06
6.87641728105e-26
2.98117293462e-10
3.64579397899e-20
0.000601536704141
3.55012130274e-18
4.13854743738e-08
1.1697375539e-17
0.000299277797126
7.26858644298e-17
0.0
0.00426734823263
0.000765736987547
1.42329767679e-39
4.21854585969e-24
1.15709035805e-10
2.01553479727e-07
1.09555129861e-12
8.15537038835e-28
2.39812596193e-09
0.00090066262263
3.02655581036e-12
1.58219559353e-15
6.06177590259e-17
0.0
0.000765736987547
9.65068684416e-20
2.3245159024e-23
0.000397963497915
0.000377904853641
8.28527282784e-22
5.43525965194e-10
7.80163607611e-15
2.14164686506e-46
2.08160771438e-18
2.22855062227e-08
0.000538805705217
4.91576190024e-15
0.00133739920326
0.00130896158277
0.00133739920326
1.37592022073e-06
0.000651236683302
4.00690824116e-17
1.37684702104e-09
2.09920419399e-06
6.32540242449e-26
0.0
0.000478866299977
2.48902769623e-24
3.18089338365e-37
7.62013630082e-15
3.04046122809e-12
0.000601536704141
2.7220773918e-19
0.0
0.000280276047241
4.07553157451e-05
1.01134040235e-52
4.01000773855e-24
0.000765736987547
0.00104362606133
1.04256116705e-15
0.00322934460848
0.000601536704141
1.62161807773e-16
0.0100935177148
0.00426734823263
3.73202741577e-40
0.00705616021948
3.6290214808e-18
1.16954870986e-35
2.2808039333e-13
7.33892042769e-20
2.14255000708e-06
9.90751904828e-12
9.12654000732e-15
5.27697914275e-07
1.5102534787e-09
1.39208787073e-13
2.93381488557e-05
3.74536969058e-07
1.421882617e-09
8.35936323568e-13
6.27353452737e-09
4.3966668588e-05
1.22347094261e-09
4.52022071864e-26
0.00815250559186
4.05405787499e-05
9.41098997675e-08
1.8394322382e-19
9.51206694813e-22
3.46912939896e-33
0.00495935064873
0.000127821908028
3.14466180745e-17
0.0
1.73749089524e-05
6.59712332279e-21
0.0
0.00815250559186
2.63191706884e-25
1.04709284451e-36
8.55493747061e-57
6.16837230342e-26
1.06902075002e-25
9.03513096593e-05
3.96156103615e-15
1.42835374407e-41
6.00192499982e-07
3.40226999188e-32
1.23266051831e-14
0.000765736987547
8.53238221919e-09
0.00495935064873
1.11023797994e-09
1.49817292087e-26
1.87737889688e-21
0.000467655267769
1.62346755898e-10
8.51021522364e-06
1.76772069835e-37
1.13896966847e-33
5.15626187603e-05
4.26999738904e-23
0.0
2.38813889459e-05
5.51501278515e-11
0.0100935177148
3.33060460301e-18
9.44738105458e-05
3.51057812862e-09
0.00815250559186
2.59981286804e-16
5.26597228946e-18
5.85779945863e-36
0.000765736987547
8.9267393453e-13
4.98228782289e-38
4.46717626686e-14
5.17346004687e-09
1.3456989912e-10
0.000765736987547
8.39402786459e-13
1.10822891144e-09
1.41494616511e-05
2.25850167004e-41
4.72634419808e-12
0.00104362606133
1.62364916587e-06
0.000299277797126
0.0
9.79084290186e-06
2.84928993463e-05
0.00815250559186
5.11318071269e-27
7.16634137827e-12
3.10711674996e-08
3.69035529175e-07
1.65312292613e-17
1.27918401751e-05
9.6493123276e-13
0.0
5.37623250357e-05
0.000425949794149
0.000978374316885
3.48366124733e-14
0.00322934460848
9.01072112156e-15
3.19009097604e-08
0.000760151598223
6.4811370087e-31
9.42769213099e-11
3.86874565852e-17
0.0
2.42648073654e-08
6.87205318887e-38
2.67140586281e-05
1.42846068667e-08
0.000765736987547
1.87435934305e-07
2.46568803203e-09
4.42122180261e-08
8.60836492187e-05
6.14699715484e-16
0.000169443845819
0.00130896158277
2.01038589529e-09
2.25361465543e-12
0.0
0.00705616021948
6.84790296168e-12
2.0290224965e-18
1.09428652758e-19
6.04760489924e-68
7.765849693e-05
7.53362334743e-14
8.37105885621e-16
0.00130896158277
1.04560687487e-10
2.34792739562e-13
6.8632018593e-05
1.48637989427e-16
6.97836686387e-12
0.0
3.00932622845e-14
2.74768770028e-15
0.0
6.83270830794e-06
2.86353089609e-06
0.00705616021948
1.71160032225e-13
0.0
3.34791837542e-31
2.10496524007e-21
0.0
0.000397461267523
0.00090066262263
0.000169443845819
2.00850823704e-36
1.41052149275e-14
3.35138907439e-09
3.28933605499e-14
1.53466797486e-16
0.000601536704141
4.48236873756e-09
0.000538805705217
6.92354202735e-10
0.00477475345168
0.000765736987547
0.00705616021948
9.76890542348e-06
1.09215346108e-08
1.13310131814e-38
3.78827610712e-45
6.02632235073e-13
0.0100935177148
2.09550322754e-08
8.19942259078e-25
3.23759387222e-20
1.672233391e-65
1.42453525096e-50
1.22638436731e-10
2.00121614234e-09
1.64494881209e-23
0.00104362606133
2.15620947699e-07
2.49372100203e-12
3.35596436169e-07
1.10016092011e-07
2.03741041471e-13
0.000978374316885
8.25844227417e-31
2.34744393033e-08
2.86877812893e-05
1.17684664291e-09
0.000251750612119
2.89657257022e-06
1.23597481068e-07
3.68857896673e-21
6.68624303615e-27
1.64215608081e-06
5.23270945957e-11
0.000299277797126
2.79010524213e-27
1.85910445956e-12
6.84218184875e-21
9.2490137216e-14
2.72374318417e-18
5.96387308419e-12
5.12283272983e-06
0.00130896158277
4.09934462228e-05
6.49312477791e-14
0.000608323011177
0.00133739920326
0.00069011539903
2.21305426056e-05
5.02742013194e-14
2.60834756814e-08
4.71523972167e-20
1.81043701609e-08
5.00028925004e-18
3.5953111593e-16
6.24205237541e-26
0.000178876117753
4.01693962159e-06
1.41494616511e-05
0.000978374316885
1.73598411644e-07
6.12779359092e-11
7.39612954297e-19
1.13976819594e-07
1.71270048407e-11
1.41933539537e-10
1.37122422423e-08
0.000547791799416
0.0
3.80188854496e-08
1.36614223131e-40
0.000169443845819
4.31310288148e-11
9.99971046641e-06
5.98730417554e-07
6.09673217802e-05
5.10831493308e-23
8.93699661351e-17