500
0.0
0.0
0.000910173608747
0.0
0.0
2.43569748364e-05
0.0
0.0
0.0
0.0
6.35888601477e-07
0.00456378032352
2.40103694769e-07
0.0
5.66441742648e-05
3.75149624256e-06
0.00103187715657
5.27077886032e-07
0.0002694898437
0.0
0.0
0.000114727793629
0.0
0.0
0.000155365599885
0.0254632064371
0.0
0.0
0.0
0.0
0.0203696163121
0.0
0.000530381944444
0.0
0.0
2.01999936543e-05
1.35724340912e-05
0.00755885763709
0.0
4.6589114954e-06
0.0
0.0
6.41173556524e-05
0.0
0.0
0.0
0.0
0.0
0.000232344954594
0.000101507908885
0.000498221922584
0.000130592402068
3.68368119819e-05
0.0
0.0
0.0
0.0
6.93089287811e-06
3.44899436963e-05
0.0
0.0
0.00226890802442
0.0
0.0
0.0
0.0
0.0
0.0
0.0
0.0
0.0
0.0
0.0
0.000420488369829
0.0
2.84641464931e-12
0.0
0.000214430525933
0.0
0.0
0.0254632064371
0.000618545237274
0.0
0.0
0.0
0.0
0.0
6.33491233789e-05
1.23071363993e-05
0.0203696163121
0.0
0.0
4.22075788636e-05
0.0
0.0
0.0203696163121
3.04516971412e-05
0.0
0.0
0.0
0.0
0.0
0.0
0.0
6.30911633585e-05
0.0254632064371
0.0
0.0
0.0
0.0
3.22199122512e-07
0.00755885763709
0.0
0.000431658595833
0.0
9.62831855851e-06
0.0
0.00138379025238
0.0
2.23441837485e-07
0.0
0.0
0.0
0.0
0.0
0.0
0.0
0.0
0.0
0.0
0.0
0.0
0.0
0.0
0.0
0.0
0.0203696163121
0.0
0.0
0.0
0.0
0.0
0.00755885763709
0.0
0.0
0.000144144155083
0.0
0.0
0.0
0.0
0.0
0.00010678956818
0.0
0.0203696163121
0.0
0.0
0.0
0.0
0.0
0.0
0.0203696163121
0.0
0.0
0.0
0.0
0.0254632064371
0.0
0.0
0.0
0.0254632064371
0.00184236415681
0.0254632064371
0.0
0.0
0.000182795246709
0.0
0.0
0.00574946104718
0.0
0.0
1.95603415986e-08
0.0
0.0
0.00156840115862
2.06607909735e-05
0.0
0.0
0.0254632064371
4.78910492512e-08
0.0
1.53948899525e-05
0.0
0.00574946104718
0.0
0.0
0.0203696163121
0.0
0.0
0.0
0.00156227268396
0.0
0.0
0.0
0.0
0.0
0.0
2.2474395522e-05
0.000391037379811
0.0
0.0
0.0
2.11115774196e-14
0.0
0.0
0.0
0.0203696163121
0.0
0.0
0.0
0.0
0.000503948076566
0.0
0.000423687713628
3.21003564712e-06
0.0
0.000498221922584
0.0
0.0
0.00550400588987
0.0
0.0254632064371
0.0
0.0030486609356
0.0
1.07595226979e-05
0.0
0.0
0.0
1.9115193205e-05
0.0203696163121
0.0
0.0
0.0
0.0
0.0
0.00146355184218
0.0
0.0
0.0
0.0
1.44358485776e-07
0.0
0.0
4.95420378618e-05
0.00708674391106
0.00550400588987
0.0
0.0
0.00456378032352
0.0
0.0
0.0
0.0
0.00156227268396
0.0
0.00103187715657
0.0
0.0
0.0
0.0
0.0
7.70512764526e-10
0.000770245646971
0.0
1.78678768662e-05
0.0
0.0
0.0
1.51712265475e-05
0.0
0.0
0.0
0.0
0.0
0.0
0.0
0.00708674391106
0.0
0.0
0.0
0.0
0.0
0.0
3.30444665933e-05
0.0
0.0
9.18491228676e-05
0.0
0.0203696163121
0.0
0.0
0.0
0.0254632064371
0.0021575564344
0.0
5.59893299868e-07
0.0
0.0
0.0
0.0
0.0
0.0
0.0
0.0
0.0203696163121
0.000530381944444
0.0
0.0030486609356
0.0
6.72504359686e-08
0.0
0.0
0.0
0.0
0.000426267093301
0.0
0.0
0.0
0.0
7.88619493016e-06
8.64411371582e-05
0.0
0.0
0.0
9.83639147377e-07
0.0
0.0
0.0
0.0
0.0
3.21462232323e-06
0.0030486609356
0.0
0.0
0.00167179465431
0.0
4.43373533282e-05
0.0
0.0
0.0
0.0
0.0
0.0
0.0
0.0
0.0
2.48905820806e-05
1.09659372883e-07
0.0
0.0
0.0
0.0
0.0
0.000104889790921
0.0
0.0
0.0
0.0
0.0
0.0
0.0
0.0
0.0
0.0254632064371
0.000530381944444
0.0
1.70793083673e-05
0.0
0.0
0.0
0.0
0.0
0.0
0.00574946104718
0.0030486609356
0.0
0.000185647529124
0.0
0.0
0.0
0.0
0.0
0.00550400588987
5.20341075387e-08
0.0
0.0
0.0
0.0
7.15948567488e-05
0.0203696163121
0.0
0.0
4.58008678007e-07
0.0
0.0
0.0
0.0
0.0
0.0
0.000117893096012
2.34854864793e-06
8.43764098489e-08
0.0
0.000128495361455
0.0
0.0
0.0
0.0
0.0
5.6562137e-05
0.0203696163121
0.00113498009053
0.0
0.0
0.0
0.00226890802442
0.0
0.0
0.0
5.49388801061e-05
1.49720961515e-06
3.36336882839e-05
0.0
0.0
0.00138379025238
0.0254632064371
0.0
0.0
0.0
0.0
8.60601778031e-07
0.0
0.0
0.0
0.000316220398871
0.0
0.0
0.0
0.0
0.0
0.000262058950631
0.0
4.1397254849e-09
0.0
0.0
0.0
0.0
0.000431830029382
0.00165402296721
0.0
0.0
0.0
0.0
0.0
0.000431658595833
0.0
0.0
0.0
0.0
0.0
0.0
3.51541054733e-06
0.000515804185574
0.0
0.0
0.0
0.00137101341225
7.10127254067e-06
7.70495397249e-05
6.10347739431e-06
9.18491228676e-05
0.0
0.0030486609356
4.50126174917e-05
0.000164323265103
0.0
0.0
0.0
6.33261254437e-08
0.000426267093301
0.0
6.67138379716e-05
0.0
0.0203696163121
0.0
0.0
0.0
0.00574946104718
0.0
0.0