500
1.04803089689e-08
1.22040867022e-06
5.95724199454e-06
3.333354087e-10
2.25410651618e-17
1.02204175902e-11
3.03192609951e-06
0.00558248709091
0.0174396547194
3.60673474182e-10
1.27142274364e-06
2.47199336998e-05
4.08422865625e-05
1.3148413737e-11
1.73959273e-25
1.22682556994e-05
0.0174396547194
4.98084368549e-21
6.26652671415e-08
5.76240207158e-08
1.44678481391e-13
3.29463397333e-06
0.0
1.3208166227e-21
0.0275488958991
4.37481681608e-09
6.43921657279e-05
5.9267809142e-09
1.37706250723e-09
6.37804840421e-15
0.0112907187089
1.11429888553e-05
0.0174396547194
0.0305326477762
1.19312195213e-11
0.000498842738164
1.0925771311e-06
6.79509412694e-11
3.0227565347e-13
3.56061655447e-13
0.0
3.89539328859e-06
3.39354296191e-06
3.18067129322e-11
0.00276733826059
0.0131460011259
7.99386576693e-16
1.87938663149e-10
1.3349518709e-10
4.079115071e-20
0.000621489716192
0.00405719843565
2.51935451043e-09
7.84633904337e-06
0.0
2.17636566453e-12
2.17273906793e-14
2.02507343446e-10
0.0305326477762
0.000266649748017
0.00023345931311
0.00281697212805
0.0275488958991
7.42630634593e-07
1.00713557284e-31
9.3319437496e-06
0.0098595008444
4.46018990582e-09
7.87162577096e-09
2.01272272343e-17
1.59464835096e-06
0.0275488958991
1.05528141973e-05
1.00891009201e-12
9.11429893682e-18
0.0275488958991
0.0131460011259
3.78934273504e-20
7.17246714545e-06
3.7585222451e-08
2.24199789535e-05
0.00062487033762
0.00110188848674
9.25365674244e-27
1.04441257038e-58
6.55946759439e-13
4.18733446137e-12
4.23728237305e-12
0.00126962814047
0.000311611197535
8.56526009754e-06
5.02643697073e-13
0.000575734740727
5.04300711349e-14
1.56052574643e-13
2.07063706503e-06
4.4627394081e-08
0.0174396547194
4.33609292942e-23
3.45979380418e-10
0.0305326477762
0.00256177472255
0.0174396547194
4.3377015616e-10
1.2091263993e-10
0.0305326477762
1.86473068494e-05
0.0112907187089
3.7026046693e-05
2.20847611648e-10
2.36667710994e-08
0.0098595008444
4.8510029828e-12
0.0112907187089
0.0275488958991
9.00451020323e-07
3.65133712317e-12
6.23630613664e-05
4.28846336051e-06
0.0043476716465
1.76115291513e-08
5.13446265304e-12
5.03058680874e-25
4.57456874828e-13
1.66336384601e-06
1.96970027368e-27
9.08414627751e-12
5.23773781476e-07
3.5994247308e-10
0.00029958624278
1.41739527582e-10
0.0112907187089
3.91817222714e-05
1.24267832109e-06
0.00206435720549
1.93131398216e-10
3.21727209249e-28
8.49988518997e-19
1.15985579456e-08
6.11916897205e-11
2.61122338012e-06
0.0
0.00156451342392
1.71503423355e-16
8.64755142489e-09
0.000696300723037
1.55517675567e-07
1.1951878799e-14
3.55893398094e-06
0.0305326477762
1.9653808442e-11
4.59114627076e-16
0.000152719992017
1.84290544084e-09
2.73682935401e-07
5.13215320561e-17
3.19993859495e-08
2.13319862808e-12
7.13920688947e-17
0.0305326477762
7.21209808942e-06
0.000758170286655
2.89674263823e-05
1.06256219308e-08
0.0174396547194
8.64199395306e-09
0.0174396547194
0.0305326477762
1.43427478636e-13
4.2933897952e-11
2.49758461493e-15
0.000114561757967
2.8623092782e-06
2.92595077393e-13
1.89390455837e-06
2.05564406362e-15
0.0275488958991
1.57745398534e-07
0.0305326477762
7.41504820659e-05
0.0305326477762
0.00694405704633
5.36733023697e-05
1.41047343033e-19
2.85204642218e-07
3.34072908142e-23
5.6026778852e-06
4.03491609569e-24
7.61907471839e-06
1.96062904764e-16
0.00010577631218
6.24925145879e-13
0.0
0.0174396547194
0.000214520191686
1.80794976893e-11
0.000112097064244
4.59462636024e-07
2.20907166118e-06
6.92299359768e-29
3.49263168182e-10
0.0305326477762
7.36461048357e-05
0.0098595008444
1.32774222206e-06
1.32855145284e-06
1.42329020261e-05
0.00168928012148
1.91840331211e-05
9.95393380288e-09
1.2892669212e-05
8.71174828656e-06
1.71366079823e-05
4.03129884972e-07
2.27533093671e-11
1.44149734721e-17
2.99088962246e-09
4.40563463087e-39
2.36099481044e-28
7.19532396955e-06
6.31577293998e-06
2.16023474562e-18
0.0
0.000397434975302
6.49258028632e-11
1.27358053436e-08
1.01444825326e-06
3.15587985145e-06
3.0976399367e-10
1.36285886003e-06
0.0
0.0
5.17682899073e-05
8.95004187477e-08
0.0030915075516
7.8222546092e-19
6.19362142232e-05
6.13660474893e-09
1.31268847395e-06
3.9761603764e-09
1.41256172959e-05
1.74827969439e-05
6.15445699949e-05
1.27438320071e-08
1.38800666843e-12
0.0275488958991
7.71698944742e-31
3.20451138508e-06
1.29167803665e-06
3.55579485116e-22
0.00126537024462
0.0305326477762
1.03362336233e-05
0.0131460011259
5.35637106914e-10
3.55959741227e-10
5.04670984177e-11
1.01913960058e-12
2.23093611494e-10
2.12523764586e-16
2.1752988861e-15
7.63594153016e-05
5.74812053497e-16
9.50728177419e-09
6.93753027727e-08
4.72922145899e-22
4.40218423737e-21
1.27247104503e-22
1.40303872414e-10
0.0305326477762
8.08247567171e-12
8.61315474045e-08
2.75267468289e-10
2.11402787471e-09
4.98383164527e-05
3.1237828118e-13
2.58399445393e-05
3.24114252144e-09
0.00276733826059
2.41291215653e-09
0.000252491513114
4.60663659738e-08
0.00126480455609
3.82880993204e-15
8.94690471235e-07
0.000114661305888
1.77727190862e-21
8.1079149247e-05
6.4058385901e-10
5.5353354029e-08
1.85827616698e-08
0.000214520191686
1.77489030622e-08
9.81391504111e-12
5.23822230718e-05
0.0174396547194
8.51160430998e-21
3.22982403356e-08
3.29207216542e-06
0.0043476716465
1.35268703375e-18
0.0
4.67042732073e-27
1.56758678529e-24
2.71868977068e-05
0.00175204233178
4.07288815e-14
1.89863457241e-24
2.16435061728e-05
0.0305326477762
1.93617412721e-10
4.99298116797e-06
0.00126480455609
0.00160773274428
5.33072493887e-05
0.00206435720549
2.29888356289e-20
2.07920320649e-15
0.00558248709091
0.000228996254575
6.01935827356e-08
2.10943595889e-10
2.40469730723e-06
0.00318860807797
3.41088144714e-15
7.13959257355e-06
1.30000895225e-48
6.57176909192e-09
0.0275488958991
0.000252491513114
2.41787945106e-09
0.000104734682228
3.44551392705e-12
2.69753132101e-05
0.0275488958991
6.25179041928e-08
9.32473548578e-05
1.6434848804e-05
0.0275488958991
3.03275179641e-07
0.001288877476
0.0275488958991
9.40529774954e-06
0.0112907187089
0.000333041523065
1.45326457763e-17
0.0275488958991
0.000163467149827
0.00156451342392
0.0112907187089
0.0275488958991
0.0275488958991
1.79602123511e-06
1.48028705955e-19
0.0305326477762
5.46326729553e-15
0.0112907187089
2.53373952624e-10
0.0305326477762
5.58813408599e-20
1.97819430939e-05
9.75704603176e-14
2.59818593932e-10
1.39745399094e-05
2.78049241407e-16
2.03992920751e-06
9.55386304624e-06
7.04027706621e-05
0.000143149504905
2.09047387511e-40
8.47682074829e-05
1.13374668032e-09
1.45189524236e-07
0.0305326477762
0.0305326477762
3.42556398761e-07
0.000770528014872
0.0305326477762
3.50435634789e-17
0.0112907187089
3.82810009271e-06
1.5933962253e-10
9.0815576255e-13
3.21896010536e-16
5.46123563544e-13
1.40668333794e-05
2.44431487064e-06
3.98404525749e-09
2.58812081285e-21
0.00558248709091
0.0174396547194
3.14092106625e-05
1.29097201434e-21
0.0275488958991
0.00140393563585
0.00015648936713
3.04001634369e-28
9.83433859009e-14
4.97172485083e-17
1.87182415082e-07
6.36608531752e-11
2.64298534346e-11
0.0131460011259
1.12094996442e-08
0.00126537024462
3.10635363881e-10
8.18238586018e-17
8.86205263504e-19
0.00405719843565
2.02753596058e-07
0.00694405704633
3.73758949812e-09
2.35087353708e-14
4.15200942478e-06
5.0223996709e-16
5.8567236929e-07
0.0305326477762
1.16630691789e-18
2.066551774e-05
0.0275488958991
0.00195361830495
1.64948807876e-13
0.0275488958991
2.50840071153e-14
0.0275488958991
3.63809859801e-07
0.0112907187089
0.0305326477762
4.8907145458e-05
0.000108799834909
5.5843766645e-10
0.0131460011259
2.30104304398e-05
1.31026842895e-06
3.7980652349e-11
0.00484494479666
3.43674640689e-05
1.45825334605e-05
0.0
1.71900540528e-13
6.60894584205e-17
0.0112907187089
8.23874117114e-12
3.28067640805e-11
0.000228996254575
0.00318860807797
0.00558248709091
0.00558248709091
2.10155140989e-15
6.40068444089e-05
3.41988827516e-08
0.0305326477762
0.0275488958991
3.51781611376e-11
0.0
9.98456427209e-10
0.00126537024462
1.1386987406e-10
0.0098595008444
8.86428312902e-16
2.73529798538e-16
2.34626092973e-13
1.4821763243e-05
9.97756173841e-17
0.000998299313538
0.000268447478813
0.0098595008444
1.12488507965e-06
4.84700462598e-05
3.3081106705e-14
4.1734370947e-27
0.0131460011259
0.000163467149827
7.68509023621e-15
1.75404984443e-08
6.3993546464e-23
8.84711923594e-05
9.12715581116e-06
0.000257305926259
4.89279627621e-11
0.00399136250632
2.36499722352e-07
0.0112907187089
0.0275488958991
0.00156451342392
0.0275488958991
6.56552049764e-07
1.42379051713e-12
0.0112907187089
2.53673897221e-06
0.0
2.38988834348e-07
0.00342031654605
1.07566616361e-15
2.43151949739e-06
0.00102650812482
0.0
0.0131460011259
0.0
2.01077200285e-10