500
1.94678483379e-05
0.000235321102824
0.0010697541227
2.18083494952e-07
8.86229470456e-22
3.6041941046e-26
1.23848508488e-40
6.57208748071e-05
1.22056501157e-18
2.14843931384e-25
9.72481075682e-40
5.01639113262e-14
1.05361296293e-17
0.000208276986772
2.00465920748e-08
4.48488723986e-13
3.03198903604e-17
1.08782879369e-25
7.50635194159e-16
2.15125358539e-10
0.00154929907424
2.25733579756e-15
4.34930305505e-09
2.44267022781e-09
1.14014313193e-08
4.75749083632e-25
3.25988445069e-18
6.87994864904e-10
0.00259589164527
5.09152280798e-49
1.75148330357e-09
5.23698083235e-08
0.0140061482821
1.02189018403e-30
9.16362167838e-19
0.000115984812882
8.69172690336e-22
6.66323059507e-07
2.68457816555e-16
2.48805643318e-18
1.66604345114e-07
1.19010894454e-06
3.69200127219e-26
3.85268143609e-13
5.39769784466e-09
1.23065258469e-08
0.00675866666667
0.00912666666667
1.46442844906e-10
9.92471505801e-46
5.93271796238e-07
0.00148372027746
4.45384795602e-22
9.50727060496e-21
2.20606011461e-26
0.000112757397647
6.50321635778e-08
2.50301087065e-16
1.31326837271e-15
0.000575990225458
2.81392275569e-11
1.72629077787e-43
4.26990827328e-11
1.76881267291e-05
9.3717237405e-06
2.94094063177e-13
5.17877847654e-29
0.000245722035544
0.017349005425
1.03023544878e-05
1.0000747094e-11
9.42629610163e-44
1.1401860883e-17
0.000235321102824
1.76825318776e-07
4.28091032322e-12
2.25990001273e-06
1.18702991301e-13
8.24026569859e-36
1.93264692262e-05
1.46578614247e-10
1.11404255585e-36
5.2581640219e-08
2.7175103415e-37
2.53053345086e-08
4.12899028514e-09
2.56725569118e-12
2.47262617167e-40
2.44474352518e-14
1.89638626845e-10
2.89411658252e-05
1.58248582824e-30
1.99043576529e-44
2.38133886156e-09
1.6891082307e-05
3.27031149645e-08
6.28516578885e-06
1.00046046087e-22
5.0081082202e-09
1.66253339883e-25
2.27672543483e-06
0.00105107214805
1.67862098679e-28
3.46141955216e-28
2.65028500477e-10
0.00080301123768
8.65115279768e-18
2.31022674506e-08
4.19333051526e-19
6.78194251143e-06
0.000399633012216
1.55872525555e-11
0.000182174165073
4.47101329269e-08
2.12278125423e-12
3.58406662675e-09
0.0103106666667
1.48983937168e-09
5.81328591595e-17
2.51030828324e-21
6.81049795956e-15
3.1286974899e-06
9.94204204099e-05
1.14432783892e-07
9.8977988042e-08
1.51662336181e-06
3.88263780605e-15
1.83373201923e-27
3.30763024557e-05
2.42657078222e-11
1.11068830057e-06
3.9892368297e-14
4.3045685207e-28
1.72968083261e-05
7.48008931512e-13
1.14696139799e-25
0.000995257937814
7.5892662172e-35
2.16140089413e-34
1.64059623729e-06
2.49709769958e-10
0.0112980108499
9.95943726442e-09
0.00155200386371
1.11997034344e-08
5.04008214088e-08
1.11629425258e-12
1.26965050282e-06
1.98531528581e-05
2.98890965663e-11
2.01200367933e-05
1.84716514337e-09
1.20005037909e-18
3.66464166317e-18
2.05443562546e-06
0.00237907348479
2.11385680541e-08
1.69398476974e-23
1.64111198907e-16
0.00169201585182
4.21541913271e-68
9.27335737398e-15
0.00012057986142
0.00183936858367
9.10192868667e-05
0.000205435250149
0.000147020499744
4.08850450907e-10
1.01735006073e-05
1.44534389046e-31
0.000110074107859
4.49131388801e-13
2.6609516532e-08
7.42169643337e-19
0.00132812414349
2.61946162814e-28
1.31748541326e-05
3.05108359516e-11
7.1476209124e-19
1.70360116706e-14
1.04129249911e-07
1.60045770755e-31
6.52202444383e-25
1.38797002298e-19
0.000145967151421
3.6443151858e-06
4.20328424014e-35
0.000303967966821
0.0140061482821
2.90784601526e-07
0.000182755066389
9.20746712046e-07
5.15393926245e-10
1.03623518476e-39
6.23363170264e-40
0.000118691209094
0.000127585632715
1.29863768597e-07
6.28017339388e-09
3.58258941077e-05
2.70514046271e-23
2.17441427018e-15
6.80427219782e-14
0.000303967966821
1.64644545772e-37
0.000114746839443
1.69123078154e-08
1.21448656979e-06
2.52015557349e-05
3.00798098869e-27
2.51704707001e-33
2.59508329793e-33
1.19957169612e-07
1.03177175799e-08
0.00227837196164
1.20696433146e-07
1.37623671709e-07
1.2074911652e-08
7.7475646074e-05
2.9428607036e-07
3.24952233747e-07
4.22707102426e-15
2.77361329267e-05
3.68055402277e-11
1.44875164864e-29
8.45640831579e-20
1.34766866604e-37
0.000974222223713
1.43153025433e-38
2.06165181497e-16
8.77780399373e-15
6.51592554542e-18
4.47629075117e-07
2.73891826565e-12
1.03709530075e-06
4.76886203755e-15
0.00012057986142
2.45663568138e-24
2.3697906558e-18
1.45391452672e-44
1.79092483673e-09
4.88847763968e-22
4.80953507187e-13
0.00080301123768
5.26269430172e-15
5.17267882016e-11
6.65786136791e-16
0.0112980108499
3.7626971235e-16
3.13836792184e-10
3.91445723674e-08
2.11500365731e-05
3.42879168501e-05
0.0103106666667
2.98963820318e-06
2.08838932e-17
4.17674214725e-12
4.94061996319e-05
7.34701614799e-13
3.91806806088e-10
0.00209585045089
1.02838490035e-05
0.000182755066389
5.23391958759e-12
2.11518043955e-54
6.77657280045e-21
1.33655800833e-06
0.00259589164527
3.62094010979e-17
1.05738598606e-22
0.000127615394044
5.7183471898e-13
5.21839293996e-14
1.65633983376e-20
0.0112980108499
2.63836561048e-07
1.26111382669e-12
1.58528072814e-12
1.47241045037e-27
2.6938010414e-59
2.89244990066e-20
2.75003936164e-21
7.81440748896e-06
0.00237907348479
0.017349005425
4.30611011776e-08
1.77063879754e-17
3.60878302296e-19
2.45852919049e-09
6.75936372368e-11
0.00020516873395
9.81935007247e-07
0.000224810739292
9.7057469115e-07
0.00685772972973
2.71217900581e-10
7.34892243424e-05
0.000227909101834
0.00105107214805
2.13124212398e-05
0.0112980108499
1.56052241713e-08
1.3334587605e-08
7.0308311412e-05
2.29097695397e-24
1.11948208035e-13
0.0140061482821
2.99643703644e-10
0.0112980108499
0.0103106666667
6.16731012789e-09
1.23317218814e-13
1.0968496449e-41
0.00164269359665
3.12598725236e-12
1.04778182768e-12
1.11798768135e-11
1.64033925405e-15
2.14611853716e-15
5.7387109376e-10
1.80543841328e-28
5.8198165701e-58
1.99873466516e-05
7.58192675004e-32
4.87115116457e-31
1.28461955683e-06
0.000205435250149
1.03436217311e-06
0.00164269359665
1.65043098601e-08
0.0140061482821
4.51415676102e-39
6.49292035457e-11
4.26300586805e-05
1.08225394056e-09
1.85970983888e-30
7.40499451688e-09
1.32965954599e-09
2.9067303504e-07
0.00028885400568
6.98742932764e-14
0.000174632902746
1.0881695185e-10
1.62265658198e-13
7.25560670828e-16
2.227100462e-08
5.14436342847e-34
2.61448699835e-11
3.00131854942e-09
5.05500214732e-06
6.41996689628e-15
1.47955893049e-07
1.3482111347e-11
0.00912666666667
6.95473923409e-06
0.000118635370913
0.0112980108499
0.0103106666667
1.01968929519e-25
5.44532185377e-13
1.49877215173e-12
0.0010697541227
1.63250785435e-11
1.78054772968e-18
1.98804067294e-11
4.32926852352e-26
8.31056346582e-05
0.00685772972973
1.43063409591e-11
0.000304075093373
9.67881435576e-11
8.48938331959e-08
2.04708069711e-05
1.83334486809e-05
7.81358773811e-07
0.000327851051485
1.15643867345e-17
0.000612698154594
2.94164577068e-06
7.91822639791e-08
5.18141077225e-08
3.43816487911e-07
0.000303967966821
1.20094427098e-14
2.09154837194e-20
1.15855000051e-08
0.0112980108499
3.37469927782e-10
6.18484987164e-05
8.72451977495e-10
0.000134947252383
0.000878700416939
4.78043728287e-17
2.59996287153e-12
2.04598852857e-11
5.01371063333e-14
7.94893338214e-30
0.000199446813447
4.47673534599e-15
1.51574673109e-11
2.13431546251e-05
0.00132617458656
3.02919566155e-05
1.60333466346e-35
2.97118484142e-09
2.35221222784e-07
3.7023303203e-21
1.08291023567e-10
4.29954905989e-09
0.000777797019779
4.85500830397e-06
2.14565179336e-18
2.24416677694e-16
1.24889485173e-25
2.9500199286e-55
4.59163680565e-39
5.18686200835e-14
0.00132812414349
1.22435271084e-24
0.000205238372457
7.47705073024e-13
0.000263920671252
1.381227743e-05
0.00169201585182
1.35335759337e-07
3.23313240064e-18
2.94718756445e-19
1.26973471616e-12
8.31060072862e-18
5.27121773275e-16
0.0140061482821
0.00194634763498
1.15116421627e-07
0.000376740097304
0.00136485870826
5.35650846688e-12
4.21298615436e-24
2.48281371199e-12
3.26752692395e-11
6.63255623074e-18
0.000575990225458
5.00317887237e-06
2.51686149541e-06
0.0010697541227
4.21376409147e-28
1.01835770975e-19
1.52840161005e-09
2.33820753239e-07
2.57745193725e-39
2.00396411255e-09
6.47393464604e-27
0.000136145429644
0.000282403817232
1.64741325509e-16
0.00169201585182
2.21661511214e-09
0.00259589164527
1.18995215797e-36
3.87015434676e-07
2.76975527059e-10
1.71098684022e-27
2.21424869035e-05
5.37749072025e-08
0.0112980108499
2.80657515001e-07
1.70495043198e-20
1.02537769244e-15
3.12862475619e-15
4.44164552515e-06
2.33518592858e-08
3.10258387011e-15
2.98501607048e-65
2.88988330114e-05
2.36568104042e-20
0.00194634763498
5.83780408986e-05
9.3725788502e-05
3.49865028982e-22
0.00155522238882
5.88262047622e-09
3.90086484212e-35
0.000219192503936
0.000201632883454
3.79178424397e-06
3.11724038439e-23
0.0140061482821
8.7231462283e-08
2.11902474307e-13
0.000134088987571
5.76481064023e-13
5.20553596154e-06
5.4301088219e-16
2.20625607034e-20
1.49858731124e-13
4.0819739361e-12
0.000101798204284
1.14708136441e-22
1.0838681391e-28
2.29790750102e-22
1.7720139868e-08