500
0.0
0.00149432605757
0.00654846217226
1.43079893285e-14
0.0
0.00654846217226
3.55405221646e-05
2.3063520097e-06
0.00465911504122
0.000308626387621
2.77240653621e-17
1.44995991237e-05
0.00281338079852
6.92205859565e-06
1.12049321996e-05
1.0708975301e-06
2.52945870844e-07
0.00862933369503
0.000461238197353
3.14864374893e-08
2.9709540032e-06
0.000310443023995
2.4924178637e-07
4.52298803881e-07
0.000177355381324
0.000869397254483
3.35021916855e-06
2.46733654365e-05
0.000978958024226
0.00231971629644
4.22045969127e-07
1.59835784383e-08
8.15142090802e-10
0.00862933369503
0.00703399469259
8.5250501744e-06
3.28954488341e-11
0.000286202479442
4.44874102131e-05
0.000110094255255
4.15769031572e-07
9.75911888312e-10
2.38412537463e-19
0.000978186210856
0.00654846217226
3.88786188931e-06
4.77085955948e-07
1.02017896762e-06
4.95355213369e-08
0.000284834698207
0.000529057911708
2.30328285327e-07
6.13126278309e-05
6.314776974e-12
8.82681704075e-09
0.00167425871046
0.000253406484541
0.0080336803969
0.0
6.61269328765e-06
7.08460315616e-05
0.000220945007347
0.000267095183561
0.0080336803969
0.00136563559333
1.66318698746e-05
0.0075778602616
3.85430067996e-12
0.000201964501221
0.00281338079852
6.13126278309e-05
9.14283675732e-15
0.00703399469259
0.000145792257779
2.51184317161e-09
4.52300712417e-07
7.7258142475e-08
0.00149432605757
0.00281338079852
3.89321895511e-07
2.78586959973e-08
5.63019749478e-06
7.00576288078e-06
0.000246423840962
0.0075778602616
0.00106309985195
0.000356620956507
0.0
7.57816589961e-05
9.76453159615e-10
9.65106178819e-05
0.00234596969573
0.000831570662233
0.000247925672779
0.000322547159864
2.61274056798e-12
2.6490922455e-09
1.55927092183e-06
0.000363451107942
1.40084276151e-05
2.9119065897e-07
0.000733969723706
2.51836832375e-14
0.00465911504122
2.51618725131e-16
0.00862933369503
0.0
4.0727219723e-06
6.2552475267e-08
0.000445959720862
0.000265661631635
9.0975374069e-05
0.000829175638389
6.0625735885e-09
7.35064377655e-05
0.000172516958141
0.000154034633744
2.33645082185e-07
0.0
0.000205273151163
5.94416462197e-05
4.1873298048e-08
0.000291802691714
1.65920909099e-12
2.2509313164e-06
0.00090395900964
1.53441307676e-05
1.33849863781e-17
0.00703399469259
0.000169032449044
0.00136563559333
0.000363451107942
6.08097269504e-08
0.000239439708952
3.28055243352e-07
0.00154095244554
0.0
0.000363451107942
3.32587168697e-12
0.0
0.000540459460139
0.00112328637904
0.0075778602616
0.00203043145765
2.61546713494e-12
0.0080336803969
9.30904669455e-08
0.00703399469259
7.82392836515e-09
0.000179290229146
0.00862933369503
4.06990900102e-07
0.0
0.000256053346644
0.000562806631844
0.0075778602616
1.91171168403e-07
3.17329034672e-06
5.98504408536e-11
5.47436030593e-05
3.14589905625e-09
3.67648993346e-13
9.4575866759e-05
0.00862933369503
0.00136563559333
0.000831570662233
6.77630534544e-07
5.97017952886e-05
4.67839538842e-05
2.3159820038e-05
5.94911932176e-06
0.00011873919211
0.000386181225325
0.0
0.00160744672232
0.000584477584485
3.36927953558e-05
0.000560902275529
5.84109129159e-06
6.65210812678e-17
3.97323907053e-07
0.00261146351633
0.000154944804483
0.00705478656703
0.000225837431962
8.02880565413e-11
5.81333607931e-08
0.00433751231513
2.63411061925e-09
0.0
0.0014705592784
2.47875860551e-07
0.00251991046977
1.13969060745e-07
0.0
1.89167761009e-08
4.53745867184e-05
1.92553776615e-08
8.28780449817e-06
0.00465911504122
1.74594025332e-12
3.84709750731e-06
0.0014705592784
4.84115635113e-09
3.86140345597e-10
1.84510309322e-06
0.000379014263394
0.000193167404947
0.00143458578516
0.00307511293857
3.06528582205e-06
0.0027004143032
0.000911383910573
0.000234421695612
0.000181251616299
2.88593776916e-05
6.76151473994e-13
0.000189936912531
4.39440861024e-07
0.000876844553976
2.15265955078e-05
0.001470252397
1.1123409832e-09
2.66650268079e-07
0.00138707777592
8.66246242236e-17
0.00013137722676
3.1280384148e-10
6.37151552907e-07
0.00250660466421
0.000388059141399
2.05638933369e-07
9.30532318946e-08
0.00297721649736
0.000178606003221
7.67336827427e-05
0.00465911504122
0.00138794357628
2.99268547298e-10
0.000912284634908
4.07298460115e-06
0.000573984583933
0.00189027774045
9.82540303178e-09
1.07724605805e-07
5.47436030593e-05
0.000475670112246
6.72662924997e-07
2.50879812258e-07
0.00157369259226
0.000120053592661
0.00862933369503
3.66824759701e-10
0.000157204946942
9.01919590039e-07
2.16818045201e-17
0.0
3.55618216595e-12
0.00297721649736
0.00433751231513
5.31169204848e-09
0.00147679474635
0.00465911504122
0.0
5.09874924602e-07
1.68783115386e-16
0.00705478656703
5.36832083681e-06
0.0
1.14948428067e-07
0.0
4.91730364398e-05
2.21923471086e-06
1.91570379653e-05
0.00654846217226
0.000102590068573
1.93737013608e-06
3.71922859338e-08
3.11677681946e-05
0.00136473189004
0.00284583751831
1.98376874214e-07
0.0
0.00654846217226
0.000363513385913
5.22517335381e-06
0.00061897793747
5.74767764838e-05
7.6170989142e-07
0.00320375421075
0.00862933369503
0.000579123432356
5.93962605127e-06
4.99744952107e-05
0.000300074850345
2.87728823755e-05
5.96235041266e-08
1.84284971792e-05
2.47170080996e-05
0.00231971629644
0.000900437083721
4.62924848183e-07
0.0
1.81718277086e-11
4.37995963478e-07
5.46717514732e-07
6.23901712752e-05
0.00465911504122
1.68068907787e-11
0.000348857350174
3.15639003894e-11
0.0
0.000869397254483
3.86535416461e-07
9.29809809457e-12
0.000303868286521
0.00077000215034
4.60142905639e-14
1.09923463784e-06
5.86527211601e-06
0.00654846217226
5.27907890784e-05
1.81591350642e-06
7.06016558583e-07
0.0
0.0
0.000419990489409
0.0075778602616
0.0
0.0014705592784
0.00307511293857
0.000278128758032
3.77371038966e-05
0.000244439902176
1.16025022528e-13
0.00433751231513
0.00251991046977
0.00433751231513
2.03561953558e-07
0.000500017169189
0.000572098966205
2.11845798807e-08
0.000262529318665
7.07537102988e-08
0.00242680672474
1.66176312033e-05
0.00203043145765
2.12310707411e-18
0.00172975805076
0.00465911504122
3.02146737338e-14
7.75871588599e-09
1.31169440057e-06
1.40125391909e-07
0.0080336803969
2.02469159452e-09
0.000918760279413
0.00433751231513
2.72652724014e-08
2.69304651001e-07
0.0
2.61956011309e-07
7.91970514906e-05
2.10075409994e-06
0.0012827578273
5.77111227815e-08
0.000127166931797
0.000499568499667
3.52892316958e-07
1.62871139859e-15
1.51458231271e-05
2.51601485362e-07
0.000244439902176
2.39317816695e-10
0.00154095244554
0.00261146351633
5.85898364076e-05
0.000839637194943
0.00203043145765
6.50142736787e-05
1.26140515926e-05
3.51129670467e-06
0.0
6.48508037253e-08
7.45338626529e-09
0.0
2.47170080996e-05
9.36301858769e-05
0.0
2.36350698927e-07
3.30366819379e-05
2.11290844335e-06
1.15281564163e-05
1.46629192599e-06
7.04195641339e-08
0.000305510867834
6.49425475496e-05
2.64391356916e-05
2.43281565871e-07
0.0
0.00862933369503
0.0
1.06824304299e-06
9.31149671368e-05
0.0
0.0018117378847
0.00015149598425
1.20517930226e-07
1.01845907777e-08
3.49041187171e-06
0.0075778602616
9.51617360914e-06
0.00138794357628
0.00320375421075
0.0009442287174
9.6699948701e-05
0.000424215589825
0.00703399469259
0.0
0.000935550074148
4.28685835983e-05
5.05232904905e-06
0.000129660138115
3.05242183592e-11
0.00170273490286
0.0
1.57453354954e-19
1.43347184898e-05
0.00136473189004
6.82734968534e-06
1.48799118689e-06
8.813317652e-07
3.16137490798e-11
0.0
8.43533765232e-14
9.7760732817e-05
2.46257693329e-09
8.05916833316e-05
3.09363834974e-08
0.000571619301586
6.0719205434e-05
2.97119041284e-08
1.83679338093e-06
1.95649845458e-05
0.00703399469259
8.05747744606e-06
8.13210332122e-05
6.83702758999e-08
0.000904147690309
0.0080336803969
7.75621443428e-05
0.00703399469259
3.17260857271e-15
0.00170273490286
1.6326196519e-05
0.00703399469259
0.000242832609349
7.02130152495e-10
0.0
2.4781388328e-10
0.000205273151163
1.65893650804e-08
1.17815322597e-07
0.00136563559333
0.00167425871046
0.00284583751831
0.00465911504122
1.84257267383e-05
0.000618742225443
8.61040512097e-14
0.0080336803969
0.0075778602616
4.63858453488e-05
5.41465375609e-05
3.69528000281e-07
2.97602795172e-07
0.00307511293857
0.000380567774952
2.40681714129e-08
1.41343936006e-12
8.24637392757e-06
5.26247135561e-06
8.50553187609e-08
7.74908906786e-10
5.50084963329e-07
0.0
1.07006959149e-12
0.00465911504122
2.97653012229e-10
6.25011267936e-07
0.00167425871046
1.36241234765e-08
2.3270917153e-10
6.92125803926e-05
0.000866560383526
2.42643393937e-07
0.000496684718614
1.84511820571e-06
0.00703399469259
0.000912284634908