500
0.0
0.0
0.0757298520125
2.76501221154e-06
0.0757298520125
0.0757298520125
0.0
0.00053003034767
0.0123660508436
0.00243830855275
0.0757298520125
0.0116519498838
0.000276657641885
0.0
0.0
0.0
0.000642192151469
1.48949573487e-05
0.000305156175039
0.00355325481977
0.0144616015272
0.0757298520125
0.0123660508436
0.0
2.64946170004e-07
0.0
0.0757298520125
0.0
0.000545749297256
0.0144616015272
0.0
0.0757298520125
0.0757298520125
0.0014976614628
0.0144616015272
0.0
0.000341115642002
0.0757298520125
0.0757298520125
0.0757298520125
7.41743655826e-09
0.0040582395733
0.0757298520125
0.0116519498838
0.00352017372365
0.0757298520125
0.0116519498838
0.0757298520125
0.0757298520125
0.0
0.000341115642002
0.0
0.0
0.0757298520125
0.0123660508436
0.0
0.0116519498838
0.000244222067308
0.0116519498838
0.0123660508436
0.0116519498838
0.0
0.0757298520125
0.0757298520125
7.20112586016e-06
0.0757298520125
0.0
0.0123660508436
0.0040582395733
0.0757298520125
0.0757298520125
0.0757298520125
0.0123660508436
0.000431014660131
0.0757298520125
0.0144616015272
0.000678285772806
0.0123660508436
0.0116519498838
0.0757298520125
0.0757298520125
0.0
0.00153333483874
0.0008233319422
0.0
0.0
0.0757298520125
8.64525946879e-05
0.0757298520125
0.0123660508436
0.0
0.0757298520125
0.0757298520125
0.0757298520125
0.000230287084626
2.54422547668e-06
0.0
0.0757298520125
9.40443352298e-06
0.0
0.0116519498838
0.0116519498838
6.78120085997e-05
0.0
0.0
0.000230287084626
0.00352017372365
0.0
0.0
2.37031520661e-07
0.0757298520125
0.00355325481977
9.21168441933e-05
0.000626766130946
0.00053003034767
0.000230287084626
0.00355325481977
0.0
0.000429949701236
4.31643647863e-06
6.06930212688e-05
0.0757298520125
0.00053003034767
0.000104291636799
0.00053003034767
0.0757298520125
0.00355325481977
5.36050203073e-05
6.15825109142e-05
0.0757298520125
0.0757298520125
0.0144616015272
4.32509635336e-05
0.0757298520125
0.0
0.00243830855275
0.0
0.00355325481977
0.000429949701236
6.13227638569e-05
0.0757298520125
0.0
8.00056521899e-05
0.0116519498838
0.0
0.00153333483874
0.0
1.43799117217e-12
4.89700547167e-05
0.0014976614628
0.0
0.0757298520125
0.0144616015272
0.000431014660131
0.00053003034767
0.0757298520125
0.0144616015272
0.0
0.000429949701236
0.000276657641885
0.0757298520125
0.0116519498838
0.0757298520125
0.0757298520125
0.0
0.0
0.0757298520125
0.0
0.0757298520125
0.00355325481977
0.0144616015272
0.0144616015272
0.0
0.0116519498838
0.0757298520125
0.0123660508436
0.000357135027674
0.0757298520125
0.0116519498838
0.0123660508436
0.0
0.0
0.0757298520125
0.0123660508436
3.89968093059e-05
0.00352017372365
0.0757298520125
0.0
0.0
0.0123660508436
0.000244222067308
0.0
0.0116519498838
0.0
0.000771800423714
0.00355325481977
0.00053003034767
0.0
0.0
0.0757298520125
0.0757298520125
0.00243830855275
0.00355325481977
0.000957095918069
0.00134769294399
0.0757298520125
0.000276657641885
2.8110298007e-05
0.0757298520125
0.000286615678871
2.61505195131e-05
0.000626766130946
0.0
0.0
0.0
2.13674537625e-09
0.0123660508436
0.0116519498838
0.0
0.0
0.00355325481977
0.000169914063397
4.88181815631e-11
0.0757298520125
4.95018107143e-07
0.0116519498838
0.0
0.00243830855275
0.000545749297256
0.0
0.0144616015272
0.000244222067308
0.00355325481977
0.00053003034767
0.0123660508436
0.000169914063397
0.0757298520125
0.0757298520125
1.04798098513e-13
0.0757298520125
0.0757298520125
0.00352017372365
0.0
0.000642192151469
0.0
0.0144616015272
0.0
0.0
0.0
0.0757298520125
0.0757298520125
0.0
0.0
3.16064647841e-05
0.0757298520125
0.0116519498838
0.0757298520125
3.28290076112e-07
0.0757298520125
0.0757298520125
0.0757298520125
0.000122009812
0.00134769294399
0.0
0.0757298520125
0.000276657641885
0.0757298520125
0.0
0.0757298520125
0.0
0.0015504873456
0.0
2.97943222267e-10
0.0040582395733
0.0757298520125
0.0
0.0757298520125
0.0757298520125
0.0123660508436
0.0757298520125
0.0757298520125
0.000429949701236
0.0
0.0757298520125
0.00355325481977
0.0
0.0757298520125
0.0757298520125
0.00203054153114
0.0144616015272
0.0757298520125
0.0757298520125
0.000276657641885
0.0
0.0757298520125
0.0757298520125
0.0757298520125
0.0
0.0008233319422
0.0757298520125
0.0
0.0123660508436
0.0
0.0757298520125
0.0757298520125
0.0144616015272
6.15825109142e-05
0.0757298520125
3.96503953318e-05
0.0757298520125
0.0
0.0757298520125
0.0757298520125
0.0757298520125
0.0
0.0
0.0144616015272
0.0757298520125
0.0116519498838
0.0
1.71182074505e-05
2.81357679002e-06
0.0144616015272
5.16088784295e-05
0.0
0.0757298520125
0.000678285772806
2.30734081615e-09
0.0
0.0757298520125
0.0144616015272
0.000239876602579
0.0015504873456
0.0144616015272
0.0116519498838
0.0
0.0
0.0757298520125
0.00243830855275
5.18622345514e-10
0.0116519498838
0.0116519498838
5.85788371188e-06
0.000276657641885
0.0
0.0
0.0757298520125
0.0757298520125
7.15338736248e-07
0.0757298520125
0.0
0.0757298520125
0.0757298520125
0.0757298520125
0.0757298520125
0.000431042320355
0.0757298520125
0.0757298520125
0.0
0.0116519498838
0.0757298520125
0.0
0.0757298520125
0.0757298520125
0.000276657641885
0.0757298520125
6.90896996796e-05
0.0040582395733
0.00053003034767
0.0757298520125
0.0757298520125
4.29559328179e-06
0.000230287084626
0.00243830855275
0.0144616015272
0.0144616015272
0.0116519498838
0.0757298520125
0.0757298520125
0.0757298520125
0.0123660508436
0.0123660508436
0.0757298520125
0.000431014660131
0.0757298520125
0.0
0.0
0.0
0.0
1.5731206702e-06
0.0
0.0
0.000131277512843
0.0
0.0
0.0144616015272
0.0
0.0
0.0757298520125
1.96662163393e-07
0.000244222067308
0.0
0.000545749297256
0.0757298520125
0.00053003034767
0.0757298520125
0.00203054153114
0.0
0.00012147966425
0.0116519498838
0.0
2.70768337546e-06
0.0757298520125
0.0
0.0757298520125
0.0
9.44895507988e-06
0.0116519498838
1.39272944303e-06
0.0757298520125
0.0757298520125
0.00203054153114
0.000431014660131
0.0757298520125
0.0757298520125
0.0
0.0757298520125
0.0757298520125
0.0144616015272
0.0757298520125
0.000104291636799
0.0015504873456
0.0
0.000429949701236
0.0
0.0
0.0757298520125
0.0757298520125
0.0757298520125
0.0116519498838
3.32585334718e-07
1.83642145545e-06
0.0757298520125
0.0144616015272
0.0144616015272
0.000276657641885
0.0
3.02449618405e-06
0.00134769294399
0.00243830855275
0.0014976614628
0.0757298520125
0.0757298520125
0.0123660508436
0.0757298520125
0.0757298520125
0.0144616015272
0.0015504873456
6.12740420934e-05
0.0757298520125
0.0757298520125
0.0144616015272
0.0123660508436
0.0
2.61505195131e-05
1.51499591894e-05
0.0144616015272
0.0757298520125
0.0757298520125
0.0757298520125
0.0
0.0757298520125
4.28717892973e-05
0.0
0.0144616015272
0.00053003034767
0.0
0.0757298520125
0.0040582395733
0.000244045661912
0.000957095918069
0.0
0.0116519498838
0.0123660508436
6.89738302459e-05
0.0014976614628
0.00355325481977
0.0
0.0757298520125
0.0144616015272
0.0116519498838
0.0757298520125
8.70313514972e-06
6.06930212688e-05
0.0757298520125
2.08020894042e-06
0.0
0.0
9.21168441933e-05
0.0015504873456