500
0.179903394374
0.000805477086127
1.6397300421e-05
0.00189711819908
0.0279101340465
0.0450327623198
0.0279101340465
5.2969591751e-05
0.219775491718
0.000895162002642
0.219775491718
0.179903394374
0.219775491718
0.179903394374
0.00321783640221
0.219775491718
0.219775491718
0.179903394374
0.179903394374
0.0279101340465
0.219775491718
0.179903394374
0.219775491718
0.219775491718
0.000805477086127
0.0187059438054
0.030277215392
3.44728131943e-07
0.219775491718
3.04288671635e-06
1.3704868985e-05
0.00509189220914
0.219775491718
0.219775491718
2.87274381612e-05
0.0112724370166
0.000422124934662
0.179903394374
3.68106088831e-05
8.49392110891e-06
1.49861939174e-06
0.219775491718
0.219775491718
0.219775491718
2.09644120945e-05
0.000805477086127
0.00117208223956
0.219775491718
0.00036295955705
0.219775491718
0.0450327623198
0.179903394374
0.219775491718
0.0450327623198
0.179903394374
0.000541552460335
0.219775491718
0.219775491718
6.82418681524e-05
7.9863233735e-05
0.030277215392
0.0279101340465
0.00757888226176
0.179903394374
0.030277215392
0.179903394374
0.219775491718
0.00349074374503
0.00149393775247
0.000873790258024
0.030277215392
0.179903394374
0.179903394374
8.93228878758e-05
0.219775491718
4.94366694011e-06
0.219775491718
0.219775491718
9.10759697653e-05
6.82418681524e-05
0.179903394374
0.219775491718
4.84583297562e-06
0.219775491718
0.179903394374
0.219775491718
0.219775491718
0.0450327623198
0.00468240371056
1.33974184632e-05
0.00117208223956
0.000587481968388
0.219775491718
0.000536377777221
0.000805477086127
6.39919053474e-09
0.0112724370166
0.030277215392
0.000541552460335
0.0112724370166
0.219775491718
0.219775491718
0.179903394374
5.01134972106e-09
0.00321783640221
0.179903394374
0.0112724370166
0.179903394374
0.179903394374
0.00321783640221
0.179903394374
0.219775491718
0.179903394374
3.12798732771e-05
0.00757888226176
0.219775491718
0.179903394374
0.00468240371056
0.219775491718
0.00757888226176
0.219775491718
0.179903394374
0.179903394374
0.219775491718
0.00698636308226
0.00757888226176
0.179903394374
0.179903394374
1.55773988435e-17
0.000201624089972
0.030277215392
0.219775491718
0.219775491718
0.219775491718
0.179903394374
0.000147056346222
0.219775491718
0.219775491718
0.219775491718
0.219775491718
0.179903394374
0.00509189220914
0.00349074374503
0.0450327623198
0.179903394374
0.00509189220914
0.0187059438054
0.00757888226176
0.219775491718
0.0279101340465
0.179903394374
8.06975631595e-07
0.219775491718
0.219775491718
0.00115642393192
0.00011887016077
0.219775491718
0.179903394374
0.00349074374503
0.00468240371056
0.00469380662215
2.63031870909e-06
0.00468240371056
0.179903394374
0.030277215392
0.179903394374
9.05371602297e-08
0.219775491718
6.82418681524e-05
0.0279101340465
0.179903394374
0.179903394374
0.0112724370166
0.00509189220914
0.00698636308226
0.00127458390883
0.0450327623198
0.179903394374
0.030277215392
0.0279101340465
0.0279101340465
0.00469380662215
0.00757888226176
5.77108449326e-07
0.179903394374
0.0112724370166
0.219775491718
0.219775491718
0.00282167537027
0.219775491718
0.179903394374
0.179903394374
0.219775491718
0.219775491718
0.219775491718
4.76051710158e-06
0.00349074374503
0.0279101340465
0.179903394374
0.179903394374
0.219775491718
0.179903394374
0.219775491718
0.219775491718
0.0279101340465
0.219775491718
0.179903394374
0.0450327623198
0.00757888226176
0.219775491718
9.17228540458e-11
0.179903394374
2.89875234597e-05
0.00468240371056
0.179903394374
0.179903394374
5.70666349281e-06
0.0112724370166
0.179903394374
0.0187059438054
0.030277215392
0.00698636308226
0.219775491718
0.219775491718
0.179903394374
0.000541552460335
0.219775491718
0.000248785166023
0.179903394374
0.0187059438054
0.030277215392
0.179903394374
0.030277215392
0.000233965184711
0.0279101340465
0.179903394374
0.030277215392
0.0187059438054
0.219775491718
0.219775491718
1.71528424911e-06
0.000289471825967
0.219775491718
0.00509189220914
0.179903394374
0.00174880095653
0.00757888226176
5.04698077169e-05
0.219775491718
0.0187059438054
0.219775491718
0.219775491718
0.219775491718
0.000147056346222
7.19094767096e-06
2.27978049762e-05
0.000124961363422
0.0450327623198
0.0279101340465
0.179903394374
0.179903394374
0.00698636308226
0.219775491718
0.219775491718
1.36679029328e-05
0.000224073691566
0.00757888226176
1.16255845755e-05
0.179903394374
0.219775491718
0.0279101340465
0.219775491718
4.30102545305e-10
0.000415198087808
0.030277215392
0.219775491718
3.9121998413e-06
0.219775491718
0.0187059438054
0.219775491718
0.00321783640221
0.0187059438054
0.219775491718
0.219775491718
0.0450327623198
0.0450327623198
0.00509189220914
0.179903394374
0.030277215392
0.219775491718
0.219775491718
0.0187059438054
0.000218723994308
0.0187059438054
0.00321783640221
0.179903394374
0.219775491718
0.0112724370166
0.179903394374
0.219775491718
7.96416399794e-08
6.27368567717e-05
0.179903394374
0.0450327623198
0.219775491718
0.219775491718
0.219775491718
0.00757888226176
0.219775491718
1.75271961723e-12
0.219775491718
0.219775491718
0.00698636308226
0.179903394374
4.96013000105e-06
0.219775491718
0.179903394374
0.219775491718
0.0450327623198
0.179903394374
1.7652117315e-05
1.51752375593e-05
0.219775491718
0.00149393775247
0.219775491718
0.219775491718
0.219775491718
0.219775491718
0.0279101340465
0.0279101340465
0.000117722357439
0.0112724370166
0.000124961363422
0.219775491718
0.219775491718
0.219775491718
0.179903394374
0.00282167537027
0.0112724370166
3.39327449688e-05
0.219775491718
0.030277215392
0.219775491718
0.219775491718
0.0279101340465
0.00189711819908
0.219775491718
0.219775491718
0.00468240371056
0.219775491718
0.219775491718
0.030277215392
0.179903394374
0.179903394374
7.60547002658e-06
5.2969591751e-05
0.0187059438054
0.219775491718
0.179903394374
0.219775491718
5.25123905036e-10
0.219775491718
0.0112724370166
0.00174880095653
0.219775491718
0.219775491718
0.219775491718
0.0112724370166
0.219775491718
0.219775491718
8.49392110891e-06
0.219775491718
0.0187059438054
0.030277215392
0.219775491718
0.179903394374
0.179903394374
0.219775491718
0.0450327623198
0.219775491718
0.179903394374
0.219775491718
0.0450327623198
0.0187059438054
0.00757888226176
0.219775491718
0.0112724370166
0.00282167537027
0.179903394374
0.000218723994308
0.030277215392
0.0187059438054
0.219775491718
0.000536377777221
0.0112724370166
0.219775491718
0.00189711819908
0.030277215392
0.219775491718
0.219775491718
0.00469380662215
0.219775491718
8.49392110891e-06
0.179903394374
0.179903394374
0.000805477086127
0.179903394374
0.179903394374
7.41493880396e-07
0.030277215392
1.05079777405e-05
0.219775491718
0.0279101340465
0.179903394374
0.219775491718
0.179903394374
0.00019257905453
0.179903394374
5.04698077169e-05
2.87274381612e-05
0.0450327623198
0.219775491718
0.0112724370166
0.179903394374
0.179903394374
0.219775491718
0.0450327623198
0.030277215392
0.0112724370166
0.219775491718
0.219775491718
0.0450327623198
0.00509189220914
0.219775491718
0.000319049200948
0.219775491718
0.179903394374
0.030277215392
0.219775491718
0.179903394374
1.69370146236e-13
0.219775491718
0.219775491718
0.00509189220914
0.219775491718
0.179903394374
0.219775491718
0.219775491718
0.179903394374
0.219775491718
0.030277215392
2.47313055028e-05
0.0450327623198
0.00698636308226
5.0782800528e-06
0.00174880095653
0.179903394374
0.219775491718
0.00509189220914
9.08547141161e-05
0.219775491718
0.0187059438054
0.219775491718
0.179903394374
0.0450327623198
0.0450327623198
0.0450327623198
0.179903394374
0.179903394374
0.179903394374
4.96013000105e-06
0.0450327623198
0.179903394374
0.219775491718
0.179903394374
0.0450327623198
0.219775491718
0.179903394374
0.219775491718
0.00117493657486
0.219775491718
0.179903394374
0.0450327623198
0.00115642393192
0.00468240371056
0.0279101340465
3.56701048423e-07
0.00349074374503
0.219775491718
0.219775491718
0.00174880095653
0.219775491718
0.219775491718
0.219775491718
0.179903394374
0.0187059438054
0.00698636308226
0.030277215392
0.0279101340465
1.45989814751e-08