500
0.0
0.0
0.0593060151746
0.0
0.0593060151746
0.0593060151746
1.76909515497e-05
0.00553320162814
0.031185620822
0.0133172945691
0.0593060151746
0.0345676083135
0.000950450501116
7.78852056647e-05
3.67287158401e-05
0.0
0.00119628027176
6.76780034213e-05
0.000723151836846
0.00715905533659
0.0207585628232
0.0593060151746
0.031185620822
0.0
0.0
0.0
0.0593060151746
0.0
0.0024678973133
0.0207585628232
5.53355797929e-06
0.0593060151746
0.0593060151746
0.00494934637241
0.0207585628232
0.0
0.00190800681267
0.0593060151746
0.0593060151746
0.0593060151746
0.0
0.0148515603843
0.0593060151746
0.0345676083135
0.00666671229003
0.0593060151746
0.0345676083135
0.0593060151746
0.0593060151746
0.0
0.00190800681267
0.000465402213527
0.000513415031747
0.0593060151746
0.031185620822
0.0
0.0345676083135
0.000373356093944
0.0345676083135
0.031185620822
0.0345676083135
0.0
0.0593060151746
0.0593060151746
0.0
0.0593060151746
0.000800780074388
0.031185620822
0.0148515603843
0.0593060151746
0.0593060151746
0.0593060151746
0.031185620822
0.00109043246592
0.0593060151746
0.0207585628232
0.00111553090778
0.031185620822
0.0345676083135
0.0593060151746
0.0593060151746
0.0
0.00292902296706
0.000849292031197
6.01034867577e-05
0.0
0.0593060151746
4.75489302016e-05
0.0593060151746
0.031185620822
0.0
0.0593060151746
0.0593060151746
0.0593060151746
0.000868780673664
2.48495928178e-05
0.000344598227173
0.0593060151746
7.61406110298e-05
0.0
0.0345676083135
0.0345676083135
0.000385110317205
0.0
0.0
0.000868780673664
0.00666671229003
0.000112314076482
0.000323928484624
0.0
0.0593060151746
0.00715905533659
3.47089031504e-05
0.000367901791234
0.00553320162814
0.000868780673664
0.00715905533659
0.0
0.00289106975679
3.02401647711e-05
0.00154943090851
0.0593060151746
0.00553320162814
1.33383897027e-05
0.00553320162814
0.0593060151746
0.00715905533659
0.000171389916831
0.0
0.0593060151746
0.0593060151746
0.0207585628232
0.000812860386371
0.0593060151746
0.0
0.0133172945691
0.0
0.00715905533659
0.00289106975679
0.000190006246598
0.0593060151746
0.0
0.000460183174253
0.0345676083135
0.0
0.00292902296706
0.0
0.0
0.000448961704225
0.00494934637241
0.0
0.0593060151746
0.0207585628232
0.00109043246592
0.00553320162814
0.0593060151746
0.0207585628232
0.0
0.00289106975679
0.000950450501116
0.0593060151746
0.0345676083135
0.0593060151746
0.0593060151746
0.0
0.0
0.0593060151746
0.0
0.0593060151746
0.00715905533659
0.0207585628232
0.0207585628232
0.000112314076482
0.0345676083135
0.0593060151746
0.031185620822
0.00106889747617
0.0593060151746
0.0345676083135
0.031185620822
1.25085676007e-07
0.0
0.0593060151746
0.031185620822
0.000366552797263
0.00666671229003
0.0593060151746
0.0
0.0
0.031185620822
0.000373356093944
5.27413246408e-05
0.0345676083135
2.04757198027e-05
0.000652378136635
0.00715905533659
0.00553320162814
0.0
0.0
0.0593060151746
0.0593060151746
0.0133172945691
0.00715905533659
0.00295860097116
0.00192895471281
0.0593060151746
0.000950450501116
0.000312627638285
0.0593060151746
0.000388926323489
0.000193069296218
0.000367901791234
0.0
0.000323928484624
1.06961636737e-07
9.0628442119e-09
0.031185620822
0.0345676083135
0.0
0.0
0.00715905533659
0.000510066033652
3.67869354052e-09
0.0593060151746
9.2198871409e-07
0.0345676083135
0.0
0.0133172945691
0.0024678973133
0.0
0.0207585628232
0.000373356093944
0.00715905533659
0.00553320162814
0.031185620822
0.000510066033652
0.0593060151746
0.0593060151746
0.0
0.0593060151746
0.0593060151746
0.00666671229003
0.0
0.00119628027176
0.0
0.0207585628232
0.0
0.0
0.0
0.0593060151746
0.0593060151746
0.0
0.0
0.000122261725542
0.0593060151746
0.0345676083135
0.0593060151746
3.10018608096e-06
0.0593060151746
0.0593060151746
0.0593060151746
0.000439661291725
0.00192895471281
0.0
0.0593060151746
0.000950450501116
0.0593060151746
0.0
0.0593060151746
0.0
0.00261254654014
0.0
0.0
0.0148515603843
0.0593060151746
0.0
0.0593060151746
0.0593060151746
0.031185620822
0.0593060151746
0.0593060151746
0.00289106975679
0.0
0.0593060151746
0.00715905533659
0.0
0.0593060151746
0.0593060151746
0.00096097045197
0.0207585628232
0.0593060151746
0.0593060151746
0.000950450501116
0.0
0.0593060151746
0.0593060151746
0.0593060151746
3.60878684024e-09
0.000849292031197
0.0593060151746
0.0
0.031185620822
0.0
0.0593060151746
0.0593060151746
0.0207585628232
0.0
0.0593060151746
0.0
0.0593060151746
0.0
0.0593060151746
0.0593060151746
0.0593060151746
0.0
0.0
0.0207585628232
0.0593060151746
0.0345676083135
0.0
0.000391503761607
0.0
0.0207585628232
0.000229398504399
0.0
0.0593060151746
0.00111553090778
7.30990644146e-08
0.0
0.0593060151746
0.0207585628232
0.000466948835739
0.00261254654014
0.0207585628232
0.0345676083135
0.0
0.0
0.0593060151746
0.0133172945691
0.0
0.0345676083135
0.0345676083135
2.91322552222e-05
0.000950450501116
0.0
2.44624642378e-05
0.0593060151746
0.0593060151746
0.0
0.0593060151746
0.0
0.0593060151746
0.0593060151746
0.0593060151746
0.0593060151746
0.000503343396929
0.0593060151746
0.0593060151746
0.0
0.0345676083135
0.0593060151746
0.0
0.0593060151746
0.0593060151746
0.000950450501116
0.0593060151746
0.000154077136825
0.0148515603843
0.00553320162814
0.0593060151746
0.0593060151746
0.0
0.000868780673664
0.0133172945691
0.0207585628232
0.0207585628232
0.0345676083135
0.0593060151746
0.0593060151746
0.0593060151746
0.031185620822
0.031185620822
0.0593060151746
0.00109043246592
0.0593060151746
0.0
0.0
0.0
0.000161556421434
8.03999127853e-06
0.0
0.0
0.00105178248098
0.0
0.0
0.0207585628232
0.0
7.33598884574e-05
0.0593060151746
0.0
0.000373356093944
0.0
0.0024678973133
0.0593060151746
0.00553320162814
0.0593060151746
0.00096097045197
7.19693579823e-05
0.00124175921312
0.0345676083135
0.0
3.34211594054e-05
0.0593060151746
0.0
0.0593060151746
0.0
0.0
0.0345676083135
4.42352694802e-05
0.0593060151746
0.0593060151746
0.00096097045197
0.00109043246592
0.0593060151746
0.0593060151746
5.36461151536e-07
0.0593060151746
0.0593060151746
0.0207585628232
0.0593060151746
1.33383897027e-05
0.00261254654014
0.0
0.00289106975679
0.0
0.0
0.0593060151746
0.0593060151746
0.0593060151746
0.0345676083135
1.31105179308e-07
9.5856276657e-06
0.0593060151746
0.0207585628232
0.0207585628232
0.000950450501116
0.0
8.63901231237e-06
0.00192895471281
0.0133172945691
0.00494934637241
0.0593060151746
0.0593060151746
0.031185620822
0.0593060151746
0.0593060151746
0.0207585628232
0.00261254654014
0.0
0.0593060151746
0.0593060151746
0.0207585628232
0.031185620822
0.0
0.000193069296218
0.000194801185461
0.0207585628232
0.0593060151746
0.0593060151746
0.0593060151746
0.0
0.0593060151746
4.62814574067e-05
0.0
0.0207585628232
0.00553320162814
0.0
0.0593060151746
0.0148515603843
0.000539285970501
0.00295860097116
0.000850222275573
0.0345676083135
0.031185620822
0.0
0.00494934637241
0.00715905533659
0.0
0.0593060151746
0.0207585628232
0.0345676083135
0.0593060151746
7.25395599006e-05
0.00154943090851
0.0593060151746
2.43747445391e-05
0.0
0.000850222275573
3.47089031504e-05
0.00261254654014