500
0.0
0.0
0.0094504185401
0.0
0.0
5.02400421329e-08
0.0
0.0
0.0
0.0
0.0
2.47628070031e-06
0.0
0.0
0.0
0.0
0.00345830988121
0.0
0.0
0.0
0.0
0.0
0.0
0.0
0.0
0.0
0.0
0.0
0.00538411786332
0.0
0.0
0.00723065872168
0.0
2.89480003649e-05
0.0
0.0
0.0
0.00400902582458
0.0
0.000407819360951
0.0
0.00400902582458
0.0
0.00487981177522
0.000216900526187
0.0
0.0
1.45747918642e-05
0.00131618428727
0.0
0.0
0.0
0.0
0.000136191062614
0.000400276532831
0.000699977815423
0.0
0.0
0.0
0.0
0.0
0.0
0.0
0.0
0.0
0.0
0.0
0.0
0.00131618428727
0.0
0.0
0.0
0.0
0.0
0.0
0.0
0.0
0.0
0.0
0.0
0.0
0.0
0.00417935727788
0.0
0.00723065872168
0.0
0.0011277
0.0
0.00487981177522
0.0
0.0073592013889
0.0
0.0
0.00723065872168
0.000556103571385
0.00487981177522
0.0
0.0
0.0
0.0073592013889
0.0
0.0
0.0
0.0
3.2007126649e-07
0.0
0.0
0.0
0.0
0.00538411786332
0.0
0.0
0.00389219549342
0.0
0.000167097940533
8.90915633443e-06
0.000980269393606
0.0
0.0
0.00419990326493
0.0
0.0
0.0
0.0
0.00487981177522
0.0
0.0
0.000935865362838
0.0
0.0
0.0
0.0
0.0
0.00400902582458
0.0
0.0
0.00175621526604
0.0
0.000163634286668
0.0
0.0
0.0
0.0
0.0
0.00015007333707
0.0
0.0
1.67941802369e-07
0.00538411786332
6.0297540637e-05
0.0
0.0
0.00417935727788
1.3978214931e-05
0.0074582312319
0.0
0.0
0.0
0.0
0.0
0.0
0.00367422973182
4.29556534998e-05
0.0
0.000980269393606
0.0
0.00400902582458
0.0
0.00723065872168
0.0
0.0
0.0073592013889
0.0
0.0
0.0
0.00723065872168
0.0
0.0
0.0
0.00400902582458
0.0
0.0
0.0
0.0
0.0
0.0
0.0
0.0
0.0
0.0
0.0
0.0
0.0
0.0
0.0
0.0
0.00367422973182
0.0
0.0
0.0
0.000450321808518
0.0
0.0
0.00145688835413
0.00723065872168
0.0
0.0
0.0
0.0
0.0
0.0
0.0
0.00404944965596
0.0
0.0
0.0
0.0
0.00723065872168
0.0
0.0
0.000967223758492
0.00139656199716
0.0
0.0
0.0
0.0
0.0
0.0
0.00384798214896
0.0
0.00487981177522
0.00400902582458
0.00487981177522
5.61907552154e-05
0.00101752150698
0.0
0.0
0.0
0.0
0.0
0.000360131643932
0.0
0.0
0.0
0.0
0.00367422973182
0.0
0.0
0.000400276532831
5.00998288681e-05
0.0
0.0
0.00723065872168
0.00110593493232
0.0
0.0011277
0.00367422973182
0.0
0.00538411786332
0.00145688835413
0.0
0.0094504185401
0.0
0.0
0.0
0.0
0.0
0.0
0.0
0.0
0.0
0.0
8.26358362346e-05
0.0
0.0
0.0
0.0
0.0
0.0
0.0
0.0074582312319
0.000266274186402
0.0
0.0
0.0
0.0
0.0073592013889
0.000600106086137
0.0
0.0
0.000196978020426
0.0
0.0
0.0074582312319
0.0
0.0
0.0
0.0
0.0
8.66555290641e-05
0.0
0.0
0.0
0.0
0.0
0.00723065872168
0.0
0.0073592013889
0.0
0.0
0.0
0.00389219549342
0.0
0.000235673448613
0.0
0.0
8.52328212462e-05
0.0
0.0
0.0
0.0
0.00538411786332
0.0
0.000173290604369
0.0
0.0074582312319
0.0
0.0
0.0
0.00723065872168
0.0
0.0
0.0
0.0
0.0
0.00723065872168
0.0
0.0
0.000245684042764
0.0
0.0
0.00110593493232
5.89879232639e-05
0.000450321808518
0.0
2.29960433964e-05
0.000133197679199
0.0074582312319
0.0
0.0
0.0
2.57982924445e-06
0.0
0.000161903767001
0.0
0.0
0.000345319677429
0.000415769685518
0.00345830988121
0.0
0.0011277
0.0
0.0
0.00197656868534
0.0
0.0
0.0
0.0
0.0
0.0
2.14476562445e-05
0.0
0.00723065872168
0.0
0.0
0.0
0.000753568444007
0.0
0.00175621526604
0.00400902582458
0.0
0.0
0.0
0.0094504185401
0.0
0.0
0.0
0.0
0.000556103571385
0.0
0.0
0.00400902582458
0.0
0.0
0.000128853843264
0.0
0.0
0.0
0.0
0.0
0.0
0.000163634286668
1.1489255473e-05
0.0094504185401
0.0
0.0
0.0
0.0
0.0
0.000638030328922
0.00404944965596
0.00175621526604
0.0
0.0
0.0
0.0
0.0
0.00367422973182
0.0
0.00384798214896
0.0
0.000728544001307
0.00723065872168
0.0094504185401
0.0
0.0
0.0
0.0
0.0
0.00538411786332
0.0
0.0
0.0
0.0
0.0
0.0
0.0
0.0
0.00110593493232
1.54659547093e-05
0.0
0.0
3.76046266365e-07
0.0
0.00345830988121
0.0
0.0
0.000164893948613
0.0
0.0
0.0
0.0
0.0
0.0
0.0
0.0
0.000450321808518
0.0
0.0
0.0
0.0
0.0
0.0
5.00465715568e-05
0.00400902582458
0.0
0.0
0.000312025300399
0.00487981177522
0.00419990326493
1.4581070831e-05
0.0
0.0
0.0
0.0
0.0
0.0
0.0
0.000323644055169
0.0
0.000245684042764
0.00345830988121
0.0
0.0
0.0
1.17308798658e-05
0.0
0.0
0.0
0.000932572207449
0.0
0.0
0.0
0.00175621526604
0.0
0.0
3.25900263287e-05
8.69076556584e-06
0.0
0.0