500
7.57051353791e-11
8.2042564468e-53
6.65846211191e-05
9.32680206232e-16
4.14306514214e-16
5.52306474915e-49
0.0
9.76892799573e-21
0.0
1.29119332945e-53
1.66609670404e-85
0.0
0.0
3.50167271407e-63
6.68498721417e-09
1.01602611035e-33
1.07872004924e-28
2.71051036524e-06
3.60662788918e-09
2.85312599221e-25
2.65548867071e-31
3.36285378368e-20
4.44367413858e-35
0.0
1.09981779199e-41
0.00144390399408
0.0
0.0
2.33706700435e-32
0.0
0.0
0.0
9.30492573052e-40
0.0
0.0
4.25755163922e-46
0.00122257653061
1.32394143999e-08
2.72470547836e-18
1.08197824415e-08
3.41764592158e-20
0.0
0.0
8.27247300906e-15
0.00151530612245
0.00122257653061
0.0
3.91959737542e-22
2.06308738069e-20
2.22352222275e-54
7.74141854058e-22
3.7753132174e-30
0.00212578268872
2.87256611303e-105
0.0
0.0
0.0
4.22471397928e-77
3.34834047048e-07
0.0
8.79036144464e-136
5.96591638539e-32
1.84053830977e-21
0.0
3.66685726025e-56
8.30825800979e-08
1.60777232074e-21
2.50431880906e-34
0.0
2.03037964832e-41
0.0
1.68287789802e-40
1.16095873875e-08
9.31403099491e-31
2.54392899055e-38
7.90591271379e-90
1.23536958637e-135
9.91048233645e-23
7.19577081015e-17
7.22706180137e-67
1.06175907644e-07
4.54365281326e-96
1.63226165688e-47
7.45289015395e-13
0.0
4.31850253804e-38
1.70300452293e-17
8.89244109835e-27
2.68244879436e-07
3.71146393709e-07
0.0
0.0
0.0
3.79444666969e-09
0.0
4.21898453911e-12
1.17031830197e-09
0.000164526203655
8.71044318608e-08
1.3739341117e-07
2.65077217357e-24
0.0
3.90077052994e-16
0.0
0.0
2.16060262828e-11
3.3116730662e-17
8.45003479479e-10
0.0
1.19208632133e-17
0.0
3.34723643692e-42
4.78701169207e-52
0.0
1.55109733763e-11
7.55698017372e-19
0.0
0.0
8.23472711988e-30
2.09763963599e-37
2.53430276855e-11
0.0
3.90703017777e-21
4.689617036e-12
0.0
2.27851779966e-54
8.108508466e-47
2.00327392382e-15
0.0
8.26658921534e-28
2.65203705929e-23
1.49847728119e-36
7.81800979695e-30
9.41618410005e-08
6.91745643794e-06
8.79378656266e-46
6.45285744993e-26
5.50790068997e-31
2.1704251582e-13
0.0
4.64596001995e-34
0.0
1.29947370951e-31
1.01186052612e-54
2.23407269374e-12
0.0
0.0
2.75020603566e-34
6.36667455368e-13
0.0
6.09611390315e-05
4.06283063993e-07
6.89846294702e-51
2.31806254043e-15
1.02661874813e-07
8.16068997843e-16
8.00688970897e-42
0.0
0.0
5.7937530262e-32
1.09512295604e-31
9.65661385966e-12
0.0
0.0
8.10448550265e-28
2.40422124832e-09
0.0
0.00212578268872
0.0
0.0
8.31146680069e-39
2.23696095355e-21
0.0
0.0
8.02832209376e-19
3.73716475947e-09
1.74746271285e-11
3.65431968692e-85
6.70875911755e-27
4.26075009328e-13
7.33230798965e-18
1.65192327714e-15
4.5139765804e-07
7.23663756254e-16
0.0
0.0
0.0
4.1408959699e-37
3.27024028187e-06
2.53370053526e-46
0.0
0.0
0.0
0.0
0.0
0.0
1.83487442053e-41
4.08047156967e-50
0.0
0.0
2.50962251134e-10
0.0
4.19242248386e-30
2.93718497803e-17
0.0
9.90653823237e-14
0.0
4.33510169278e-26
1.24692456712e-63
7.56849025393e-06
1.3480568187e-39
0.0
2.79141260538e-08
1.83743417533e-10
0.0
2.70531819224e-38
9.42725559129e-10
1.90232410028e-24
9.70247668257e-91
1.2852545938e-07
6.51121926592e-14
0.0
1.48297802519e-18
6.83528025126e-10
3.07602095909e-54
1.11674992255e-07
3.05247767068e-29
0.00122257653061
7.32394392181e-12
3.41066475254e-08
1.54173727688e-21
7.23456400962e-06
0.0
4.05608469762e-16
0.0
1.81570314615e-85
1.87767309313e-19
6.04554303057e-07
0.0
4.6832991985e-44
0.0
6.21030096547e-28
2.16873129483e-06
0.000174983580894
3.98534338002e-17
1.69435740473e-26
1.65049105982e-49
4.56207946238e-10
6.28453004392e-26
1.75659367097e-48
0.0
0.0
3.51864042554e-10
0.0
4.67458869377e-28
1.12183270156e-21
0.0
1.72381716499e-11
0.0
4.74832821902e-20
8.58459295284e-05
2.15445650969e-38
1.12981658541e-12
0.0
2.72000289605e-65
0.0
5.09297898266e-06
1.16229960617e-61
0.0
9.13390090741e-35
2.84893066449e-15
0.0
2.54108181828e-11
0.0
3.37749738689e-11
0.0
6.99387445257e-05
2.05380427742e-22
0.0
4.45969633392e-06
8.10801813508e-06
0.0
2.06771258338e-37
0.0
1.83432548938e-17
1.07289111155e-19
6.92620567786e-05
0.0
2.77627032267e-06
0.0
1.17893266537e-19
0.00122257653061
8.50811173816e-40
1.78279089282e-21
5.39261737241e-20
3.17627692344e-33
0.0
1.62439422282e-15
6.2550402911e-15
2.90635145593e-37
7.53868447932e-19
0.0
3.70524930059e-45
0.0
1.530946875e-06
0.0
8.05696186757e-36
8.80914985735e-15
4.14724511305e-05
8.34265992657e-12
0.0
3.14314385811e-32
0.0
1.31759240891e-54
0.0
0.0
0.00151530612245
1.5569066786e-42
0.0
9.70281600484e-12
0.0
1.48893907695e-40
2.1845651455e-22
2.7271339446e-29
0.0
3.7655979371e-26
0.0
1.87517374222e-06
6.72023762309e-15
3.61382068175e-18
0.0
1.99902334679e-19
0.0
0.00122257653061
0.0
0.0
1.89044655483e-18
9.68457176884e-15
0.0
0.00122257653061
7.68459463688e-12
0.0
8.43915209175e-09
4.72412888974e-36
0.0
0.0
2.11229236111e-23
0.0
0.0
5.05069191615e-14
3.76465331047e-16
2.36942620021e-30
2.04764430794e-08
0.00122257653061
3.66259922074e-16
2.49694311951e-36
2.30226230468e-09
0.0
0.0
1.9058141109e-15
0.0
1.97183346703e-06
1.73871315689e-22
4.60106638112e-60
4.85692698217e-39
9.78783814709e-32
3.02024903799e-33
7.51419237521e-43
0.0
3.86833628653e-50
0.0
2.2994879187e-38
2.37743366487e-28
0.0
1.97126287272e-16
2.42163835708e-15
1.61196214509e-06
1.59983408639e-41
2.75920169839e-92
0.0
0.0
9.98459452026e-05
4.98628456457e-26
1.99957801237e-29
9.37056970029e-08
7.14409855831e-09
4.10082793481e-10
0.0
5.10352393731e-08
0.0
3.88439832388e-24
2.53482708537e-11
1.32685868485e-07
1.05647568744e-13
9.60736291306e-30
2.16390543578e-30
6.92133833704e-11
3.13860019293e-44
0.0
2.42098306029e-38
3.10264347796e-30
1.34420520049e-21
0.0
0.0
6.72264142626e-09
0.00122257653061
8.4652167671e-09
1.49465576952e-19
0.0
6.4003136558e-14
2.36180612645e-30
8.59608235271e-12
4.4863605914e-06
0.00122257653061
0.0
1.08924123742e-46
0.0
6.1069106808e-13
0.0
1.54412617677e-07
4.62196192585e-07
9.6041634506e-55
1.9324320746e-33
1.5829484951e-65
4.47189087991e-16
4.96267281714e-07
0.0
0.0
0.00122257653061
8.1627026906e-36
0.0
2.22662197814e-23
3.6748730095e-07
7.02895469465e-05
4.45125135876e-13
0.0
2.33088645735e-15
2.30232117849e-36
0.0
0.0
0.0
3.41206832784e-13
6.92620567786e-05
3.75746224534e-17
4.52183577003e-25
0.00122257653061
1.86618190286e-38
1.10469954855e-65
2.53309042687e-13
6.67377285215e-49
4.02894669522e-06
5.56285618762e-36
0.0
3.89348572344e-29
2.84355381641e-15
0.0
1.18881869616e-36
2.96066191954e-32
3.52483239879e-07
0.00151530612245
4.55021565673e-37
8.27915234984e-37
0.0
4.72235505785e-10
9.83025477152e-12
0.0
4.57575040338e-11
1.00900547684e-50
9.91578527862e-17
0.0
4.2247875206e-15
0.0
9.55504396015e-26
0.00151530612245
5.54618772462e-28
5.82098957489e-17
0.0
0.0
5.64278506969e-05
2.00209548239e-06
7.99862146301e-09
0.0
5.18248857495e-09
0.0
8.42223709482e-12
1.23101442626e-08
2.17966518273e-07
2.80737726748e-63
4.58982255375e-05
1.55149271959e-13
0.0
7.56173551774e-23
2.84584275766e-06
0.0
0.0
7.51412684295e-60
1.0748760865e-51
0.0
0.0
0.0