500
0.0
0.0
0.0565143952546
2.0767292426e-06
0.0565143952546
0.0565143952546
2.06153836267e-06
0.00169492190291
0.00610470938104
0.00154789023051
0.0565143952546
0.00818580870431
0.000298070176554
3.96520896846e-06
0.0
0.0
0.000543868876124
3.72169491337e-06
7.85433911985e-05
0.00161426019457
0.0111947291104
0.0565143952546
0.00610470938104
0.0
8.73370871525e-08
0.0
0.0565143952546
0.0
0.000373269782159
0.0111947291104
1.02180552844e-06
0.0565143952546
0.0565143952546
0.00125579571283
0.0111947291104
0.0
0.000230230863303
0.0565143952546
0.0565143952546
0.0565143952546
8.86207402475e-10
0.00208836498421
0.0565143952546
0.00818580870431
0.00294502198929
0.0565143952546
0.00818580870431
0.0565143952546
0.0565143952546
0.0
0.000230230863303
6.83033556821e-05
6.83858473059e-05
0.0565143952546
0.00610470938104
0.0
0.00818580870431
8.58263152953e-05
0.00818580870431
0.00610470938104
0.00818580870431
0.0
0.0565143952546
0.0565143952546
0.0
0.0565143952546
0.0
0.00610470938104
0.00208836498421
0.0565143952546
0.0565143952546
0.0565143952546
0.00610470938104
0.000131546942308
0.0565143952546
0.0111947291104
0.000189878576454
0.00610470938104
0.00818580870431
0.0565143952546
0.0565143952546
0.0
0.000118245819966
0.000797434811142
4.78973634273e-07
0.0
0.0565143952546
0.0
0.0565143952546
0.00610470938104
0.0
0.0565143952546
0.0565143952546
0.0565143952546
0.000180686915154
0.0
6.34532840347e-05
0.0565143952546
2.85150925533e-05
0.0
0.00818580870431
0.00818580870431
3.08249453451e-05
0.0
0.0
0.000180686915154
0.00294502198929
2.13867534962e-05
0.000124265933534
0.0
0.0565143952546
0.00161426019457
0.0
0.000699172954113
0.00169492190291
0.000180686915154
0.00161426019457
0.0
0.000438924861926
4.08227831585e-06
6.15539499372e-05
0.0565143952546
0.00169492190291
1.92286917298e-05
0.00169492190291
0.0565143952546
0.00161426019457
1.0891441536e-05
0.0
0.0565143952546
0.0565143952546
0.0111947291104
3.72086723117e-05
0.0565143952546
0.0
0.00154789023051
0.0
0.00161426019457
0.000438924861926
0.0
0.0565143952546
1.32247211974e-07
4.85872452281e-05
0.00818580870431
0.0
0.000118245819966
0.0
0.0
3.54856569596e-05
0.00125579571283
0.0
0.0565143952546
0.0111947291104
0.000131546942308
0.00169492190291
0.0565143952546
0.0111947291104
0.0
0.000438924861926
0.000298070176554
0.0565143952546
0.00818580870431
0.0565143952546
0.0565143952546
0.0
0.0
0.0565143952546
0.0
0.0565143952546
0.00161426019457
0.0111947291104
0.0111947291104
2.13867534962e-05
0.00818580870431
0.0565143952546
0.00610470938104
0.000402519995043
0.0565143952546
0.00818580870431
0.00610470938104
0.0
0.0
0.0565143952546
0.00610470938104
6.15527154975e-05
0.00294502198929
0.0565143952546
0.0
3.68407110102e-07
0.00610470938104
8.58263152953e-05
0.0
0.00818580870431
6.05112744802e-07
0.000409862232703
0.00161426019457
0.00169492190291
0.0
0.0
0.0565143952546
0.0565143952546
0.00154789023051
0.00161426019457
0.000577989572698
0.00174951498166
0.0565143952546
0.000298070176554
4.06321140508e-05
0.0565143952546
3.55310505999e-05
3.45204327353e-05
0.000699172954113
4.1977399327e-07
0.000124265933534
0.0
0.0
0.00610470938104
0.00818580870431
0.0
0.0
0.00161426019457
0.0
2.03533698313e-11
0.0565143952546
0.0
0.00818580870431
0.0
0.00154789023051
0.000373269782159
0.0
0.0111947291104
8.58263152953e-05
0.00161426019457
0.00169492190291
0.00610470938104
0.0
0.0565143952546
0.0565143952546
0.0
0.0565143952546
0.0565143952546
0.00294502198929
0.0
0.000543868876124
2.71555417029e-05
0.0111947291104
0.0
0.0
0.0
0.0565143952546
0.0565143952546
0.0
0.0
0.0
0.0565143952546
0.00818580870431
0.0565143952546
3.73073497369e-07
0.0565143952546
0.0565143952546
0.0565143952546
4.55512108937e-05
0.00174951498166
0.0
0.0565143952546
0.000298070176554
0.0565143952546
0.0
0.0565143952546
3.51627622114e-05
0.000682144876757
0.0
0.0
0.00208836498421
0.0565143952546
0.0
0.0565143952546
0.0565143952546
0.00610470938104
0.0565143952546
0.0565143952546
0.000438924861926
0.0
0.0565143952546
0.00161426019457
0.0
0.0565143952546
0.0565143952546
0.00197712459361
0.0111947291104
0.0565143952546
0.0565143952546
0.000298070176554
0.0
0.0565143952546
0.0565143952546
0.0565143952546
0.0
0.000797434811142
0.0565143952546
0.0
0.00610470938104
0.0
0.0565143952546
0.0565143952546
0.0111947291104
0.0
0.0565143952546
0.0
0.0565143952546
0.0
0.0565143952546
0.0565143952546
0.0565143952546
0.0
0.0
0.0111947291104
0.0565143952546
0.00818580870431
0.0
1.87954590539e-05
3.94632020565e-06
0.0111947291104
5.64645412095e-05
0.0
0.0565143952546
0.000189878576454
3.41218726052e-10
0.0
0.0565143952546
0.0111947291104
0.000114144353937
0.000682144876757
0.0111947291104
0.00818580870431
0.0
6.08305151649e-10
0.0565143952546
0.00154789023051
3.0674302346e-10
0.00818580870431
0.00818580870431
0.0
0.000298070176554
0.0
0.0
0.0565143952546
0.0565143952546
0.0
0.0565143952546
2.71555417029e-05
0.0565143952546
0.0565143952546
0.0565143952546
0.0565143952546
0.000330737324299
0.0565143952546
0.0565143952546
0.0
0.00818580870431
0.0565143952546
0.0
0.0565143952546
0.0565143952546
0.000298070176554
0.0565143952546
5.68644507888e-05
0.00208836498421
0.00169492190291
0.0565143952546
0.0565143952546
1.05098886873e-06
0.000180686915154
0.00154789023051
0.0111947291104
0.0111947291104
0.00818580870431
0.0565143952546
0.0565143952546
0.0565143952546
0.00610470938104
0.00610470938104
0.0565143952546
0.000131546942308
0.0565143952546
0.0
0.0
4.12656543669e-07
0.0
9.64374222316e-07
0.0
0.0
4.32212168382e-05
0.0
0.0
0.0111947291104
0.0
6.62968530854e-06
0.0565143952546
1.64488720867e-08
8.58263152953e-05
0.0
0.000373269782159
0.0565143952546
0.00169492190291
0.0565143952546
0.00197712459361
3.43773669132e-06
9.24180138996e-05
0.00818580870431
0.0
4.48766639233e-07
0.0565143952546
0.0
0.0565143952546
1.5694257805e-08
0.0
0.00818580870431
5.17075051387e-06
0.0565143952546
0.0565143952546
0.00197712459361
0.000131546942308
0.0565143952546
0.0565143952546
0.0
0.0565143952546
0.0565143952546
0.0111947291104
0.0565143952546
1.92286917298e-05
0.000682144876757
0.0
0.000438924861926
0.0
2.71555417029e-05
0.0565143952546
0.0565143952546
0.0565143952546
0.00818580870431
6.51821229857e-08
8.34011212198e-07
0.0565143952546
0.0111947291104
0.0111947291104
0.000298070176554
8.19853150987e-09
5.50900098102e-06
0.00174951498166
0.00154789023051
0.00125579571283
0.0565143952546
0.0565143952546
0.00610470938104
0.0565143952546
0.0565143952546
0.0111947291104
0.000682144876757
4.824696508e-06
0.0565143952546
0.0565143952546
0.0111947291104
0.00610470938104
8.47731195519e-07
3.45204327353e-05
8.62379387922e-06
0.0111947291104
0.0565143952546
0.0565143952546
0.0565143952546
0.0
0.0565143952546
1.60704715287e-05
0.0
0.0111947291104
0.00169492190291
0.0
0.0565143952546
0.00208836498421
0.000180647187158
0.000577989572698
0.000347835793235
0.00818580870431
0.00610470938104
2.98500141462e-05
0.00125579571283
0.00161426019457
0.0
0.0565143952546
0.0111947291104
0.00818580870431
0.0565143952546
4.55397215661e-06
6.15539499372e-05
0.0565143952546
2.89336694247e-06
0.0
0.000347835793235
0.0
0.000682144876757